-45
55
-87
86
12
-98
23
72
6
-125
130
-104
49
66
-138
115
-68
26
-31
35
42
-117
93
-36
50
-69
8
89
-98
26
-53
12
99
-102
-28
153
-84
-79
32
89
-12
-70
3
-13
158
-184
-4
166
-130
32
-48
128
-27
-75
-23
50
67
-126
97
-96
141
-134
-31
160
-146
109
-71
-43
70
101
-176
62
125
-154
106
-92
49
100
-149
36
42
-21
54
-144
146
-2
-133
102
-57
83
-26
-94
52
39
52
-80
-1
18
59
-110
-8
102
-61
78
-237
234
12
-170
88
-16
149
-209
119
-7
-27
101
-242
162
102
-176
102
-52
46
-38
-76
73
7
-6
-73
76
-6
-38
-40
-5
58
-26
-20
25
40
-84
61
-50
-41
211
-201
35
139
-180
129
-121
-5
130
-115
-1
87
-28
-80
-1
50
47
-63
-45
52
128
-135
5
26
73
-23
-115
117
43
-104
-102
89
145
-78
-134
149
75
-90
-102
-2
184
-2
-262
190
125
-89
-147
30
188
-54
-143
35
177
-36
-181
67
26
45
32
-231
268
-89
-108
32
-139
240
-46
-129
130
34
-41
-11
-136
222
-92
-102
135
15
4
-31
-121
183
-64
-54
150
-72
14
-70
81
-8
-45
39
-121
245
-106
-106
188
-209
91
-64
-6
216
-145
-68
85
-87
107
-47
-220
328
-249
206
4
-252
349
-245
71
-13
30
96
-66
-150
188
2
-234
122
47
17
-82
-11
69
77
-261
74
155
-117
110
-84
74
117
-273
66
43
64
45
-186
83
98
-26
-151
28
193
-229
125
-27
21
90
-284
141
43
-7
-43
48
-28
139
-170
-46
201
-150
39
-72
79
56
-151
16
85
-51
-52
-32
86
39
-81
-53
109
69
-224
194
-139
98
39
-265
340
-124
-30
-46
49
134
-218
-26
166
-4
-11
-15
-7
110
-127
-6
80
15
2
-55
46
62
-7
-199
34
199
-86
-158
80
205
-132
-218
112
207
-171
-69
103
72
87
-292
80
216
-178
-17
132
-26
20
-26
-108
187
-147
-37
82
-45
128
-194
113
-33
-94
68
-151
263
-125
-31
42
-115
111
4
-24
-114
137
-17
-21
30
-74
148
-181
37
172
-138
64
-22
-36
118
-53
-26
22
-39
31
17
16
11
13
-86
4
59
35
12
-99
93
48
-96
38
-80
97
51
-112
125
8
-151
75
-46
82
-4
-94
165
-85
13
-53
23
-1
-112
83
38
39
-88
-55
76
-45
-34
68
-25
-32
116
-96
-62
102
-25
-32
-61
116
30
-134
79
-7
5
-15
-57
66
52
-91
-44
125
-22
-100
53
61
8
7
-113
103
103
-167
67
-23
42
-105
-122
231
-6
-154
61
-25
74
45
-220
132
-15
-108
97
65
6
-83
-84
84
26
-95
97
-115
51
123
-170
80
-77
9
7
-57
135
-10
-144
67
28
-21
-38
-4
108
-11
-2
-38
2
13
-63
35
98
-45
4
-10
43
22
-102
76
-2
16
58
-2
84
-102
-75
120
7
-6
73
-24
50
2
-127
149
-92
43
-2
-39
152
-72
-53
-15
18
26
-44
63
73
-59
-57
-14
82
42
-104
-30
42
71
-100
-57
90
-57
8
-68
99
71
-173
-7
67
10
9
-75
60
22
-75
-5
-47
50
-22
-25
19
50
-33
-103
2
11
56
9
-12
83
-31
-39
-4
-14
0
25
-3
9
72
-66
-91
4
27
23
-37
50
8
-82
15
-31
-58
38
-13
31
27
-32
-58
-41
15
-22
-41
-5
75
4
-45
-13
-2
-34
-35
0
104
5
-36
26
-13
2
-29
-17
29
22
0
6
30
-64
-4
-37
-12
71
-35
51
-22
-8
72
-20
9
-3
30
90
16
-10
47
29
44
32
35
25
30
-2
1
73
21
20
-3
-15
65
30
-42
13
31
48
-32
-28
51
21
-38
11
38
-1
-24
-51
1
32
-3
-30
-4
27
-13
-35
-7
-35
-23
-36
-28
-10
0
-30
-55
-17
-24
-6
-56
-61
21
-12
-71
8
2
-56
-42
-13
-1
-29
-21
-34
-14
8
-13
-49
41
-3
-36
-7
-19
10
-13
-67
33
67
-8
-19
-4
33
-14
-41
5
89
0
-24
22
46
-1
-53
13
64
31
15
29
33
12
-24
19
33
41
20
27
34
14
-8
-12
-2
16
14
16
30
16
-5
-17
0
15
26
17
27
45
10
-22
-2
3
1
16
32
13
-32
-33
-17
-13
-8
-7
26
15
19
7
4
26
8
2
43
71
46
34
27
33
15
9
26
42
16
3
24
46
27
14
-4
-3
-11
-35
25
-5
-23
-9
-28
-24
-67
-73
-30
-70
-79
-32
-10
-40
-91
-86
-100
-83
-101
-98
-58
-70
-89
-100
-115
-108
-114
-130
-75
-64
-81
-67
-58
-53
-64
-84
-70
-47
-37
-37
-45
-37
-40
-60
-57
-58
-56
-49
-50
-48
-19
-21
-25
6
5
33
26
67
91
105
136
132
156
200
192
198
229
228
250
249
270
292
287
293
321
318
306
340
318
312
281
264
272
261
227
183
159
135
114
82
80
65
62
49
9
-10
-14
-48
-30
-18
36
109
80
56
15
-12
-55
-105
-9
5
-64
-138
-230
-230
-289
-344
-317
-263
-215
-236
-246
-224
-247
-280
-337
-301
-219
-313
-561
-949
-1293
-1505
-1735
-1907
-1953
-1968
-2035
-2124
-2147
-2041
-1891
-1718
-1422
-939
-361
196
723
1204
1630
1961
2275
2617
2928
3192
3302
3265
3199
3053
2804
2454
1990
1472
950
451
-2
-427
-847
-1313
-1711
-1996
-2198
-2302
-2330
-2237
-2093
-1863
-1519
-1065
-629
-255
95
442
853
1308
1706
1965
2176
2299
2316
2261
2159
2066
1907
1670
1475
1308
1113
859
538
177
-128
-354
-505
-603
-715
-821
-942
-971
-886
-778
-682
-582
-430
-171
59
199
343
444
520
587
660
715
625
367
94
-176
-383
-598
-860
-1114
-1360
-1602
-1772
-1847
-1872
-1913
-2061
-2082
-2005
-2000
-2063
-2111
-2027
-1899
-1900
-1875
-1902
-2329
-3266
-4165
-4379
-4186
-4125
-4116
-3763
-3221
-2963
-2952
-2625
-1886
-1104
-401
530
1881
3286
4194
4583
4857
5128
5357
5509
5699
5954
6077
5865
5313
4746
4237
3528
2571
1676
1144
844
534
172
-265
-793
-1269
-1531
-1516
-1355
-1135
-820
-409
-1
450
992
1397
1648
1800
2068
2492
2808
2909
2780
2528
2196
1799
1361
912
429
-135
-748
-1269
-1686
-2229
-2925
-3621
-4139
-4310
-4124
-3832
-3579
-3272
-2874
-2450
-2007
-1403
-652
-14
414
875
1474
1917
1986
1786
1573
1356
1058
778
598
337
-180
-837
-1367
-1652
-1858
-2072
-2189
-2155
-1960
-1671
-1331
-1014
-798
-650
-442
-43
448
902
1268
1503
1591
1548
1440
1186
751
216
-368
-882
-1241
-1414
-1512
-1725
-2103
-2896
-4308
-5967
-7034
-7097
-6799
-6731
-6449
-5462
-4224
-3616
-3469
-2830
-1511
-112
1085
2684
4991
7095
8033
7957
7775
7973
8068
7674
7213
7222
7366
6791
5441
4107
3073
1757
-69
-1630
-2189
-2208
-2506
-3180
-3737
-3944
-4125
-4255
-3979
-3162
-2035
-980
-50
925
1957
2833
3279
3404
3705
4379
5092
5392
5320
5067
4604
3758
2627
1595
746
-125
-1139
-2101
-2793
-3380
-4190
-5168
-5918
-6151
-5985
-5665
-5189
-4493
-3703
-3060
-2484
-1738
-759
236
1036
1792
2643
3422
3807
3777
3579
3353
3042
2656
2267
1904
1353
494
-452
-1210
-1725
-2191
-2558
-2658
-2475
-2140
-1743
-1380
-1075
-827
-622
-265
228
690
1042
1407
1791
1920
1655
1201
749
88
-880
-1777
-2167
-2166
-2312
-2775
-3116
-3251
-4057
-6048
-8148
-8723
-7801
-7058
-7038
-6421
-4639
-3097
-3016
-3321
-2214
-55
1539
2527
4327
7142
9261
9398
8450
8054
8237
7885
6827
6117
6325
6384
5118
3084
1581
664
-696
-2661
-3998
-3915
-3231
-3117
-3579
-3822
-3542
-3184
-2987
-2453
-1099
778
2321
3221
4039
5168
6113
6216
5778
5703
6216
6602
6326
5549
4720
3786
2382
646
-865
-1866
-2656
-3626
-4702
-5385
-5678
-6084
-6748
-7208
-6945
-6151
-5362
-4559
-3459
-2218
-1260
-621
158
1269
2304
2929
3362
3856
4246
4144
3499
2711
2025
1266
367
-386
-795
-1121
-1842
-2786
-3402
-3516
-3342
-3139
-2771
-2020
-978
45
786
1299
1749
2089
2262
2388
2724
3143
3250
3069
2859
2592
1915
751
-451
-1366
-2175
-3029
-3640
-3841
-4145
-4966
-5809
-5820
-5511
-6403
-8360
-9465
-8507
-6729
-5961
-5633
-4124
-1861
-636
-777
-319
1853
4137
4933
5141
6635
9117
10259
9081
7322
6715
6621
5623
4048
3422
3763
3197
1014
-1135
-1818
-1896
-3006
-4701
-5126
-3959
-2706
-2352
-2242
-1529
-558
-15
446
1650
3578
5237
5909
6063
6474
7070
7115
6301
5262
4635
4268
3641
2686
1716
727
-567
-2202
-3649
-4451
-4781
-5071
-5502
-5816
-5770
-5530
-5342
-5228
-4929
-4266
-3313
-2223
-1036
179
1229
1885
2255
2682
3131
3394
3413
3336
3179
2778
1953
821
-338
-1357
-2209
-2866
-3222
-3308
-3348
-3547
-3722
-3583
-3150
-2508
-1639
-490
742
1802
2729
3504
3963
4078
4042
4021
3926
3692
3365
2877
2157
1392
763
93
-908
-2169
-3299
-4190
-5020
-5715
-6027
-6099
-6360
-6705
-6393
-5470
-5309
-6680
-8190
-7890
-6006
-4486
-3875
-2711
-426
1402
1574
1309
2365
4252
5148
4965
5495
7486
9202
8730
6667
5104
4628
3990
2540
1468
1682
2043
989
-976
-2013
-1899
-2183
-3508
-4386
-3508
-1623
-283
187
629
1408
1971
2120
2520
3703
5209
6093
6146
5975
5991
5873
5110
3795
2649
2114
1888
1468
710
-253
-1367
-2655
-3911
-4745
-4898
-4514
-4087
-3962
-3959
-3701
-3250
-3017
-3053
-2816
-1930
-725
304
1180
2050
2568
2354
1797
1653
2014
2311
2163
1731
1241
592
-421
-1647
-2681
-3370
-3861
-4162
-4053
-3552
-3054
-2833
-2711
-2333
-1557
-500
646
1749
2724
3467
3904
4100
4146
3987
3581
3067
2606
2129
1502
766
89
-544
-1257
-1942
-2472
-2945
-3602
-4360
-4915
-5161
-5182
-5198
-5353
-5374
-4768
-3811
-3905
-5547
-7092
-6756
-5097
-4128
-3893
-2761
-511
1073
893
433
1380
3073
3881
3815
4541
6603
8313
7944
5995
4511
4186
3845
2742
1940
2498
3288
2527
547
-682
-613
-842
-2151
-3034
-2057
-83
1087
1089
996
1377
1646
1467
1471
2382
3880
4871
4843
4396
4323
4444
3962
2720
1619
1423
1718
1580
817
-12
-662
-1543
-2755
-3562
-3437
-2800
-2546
-2864
-3092
-2833
-2465
-2526
-2940
-2951
-2100
-916
-86
462
1058
1429
1103
451
395
989
1438
1364
1133
1053
797
-59
-1337
-2509
-3245
-3601
-3712
-3474
-2895
-2334
-2202
-2363
-2210
-1450
-300
885
2009
3105
3977
4447
4533
4404
4122
3565
2789
2079
1708
1518
964
-41
-1030
-1620
-1980
-2537
-3258
-3807
-4205
-4693
-5134
-5321
-5444
-5828
-6065
-5334
-4116
-4157
-5862
-7445
-7202
-5753
-4975
-4713
-3302
-764
960
860
535
1751
3591
4136
3716
4455
6920
8913
8379
6316
5081
5002
4550
3109
2126
2699
3367
2328
321
-589
-179
-360
-1922
-3041
-2164
-263
792
663
571
1093
1453
1253
1249
2206
3770
4749
4682
4392
4641
5041
4658
3406
2322
2083
2170
1868
1164
546
34
-902
-2208
-3144
-3175
-2663
-2547
-3082
-3475
-3224
-2864
-3117
-3682
-3562
-2658
-1733
-1065
-320
598
1165
967
572
705
1330
1810
1733
1434
1235
842
-168
-1509
-2597
-3212
-3614
-3907
-3770
-3139
-2506
-2276
-2276
-1968
-1130
-80
952
1978
2983
3780
4165
4187
4021
3658
3069
2261
1427
870
518
37
-689
-1386
-1825
-2183
-2805
-3512
-4068
-4616
-5197
-5557
-5543
-5436
-5365
-4805
-3717
-3414
-4890
-6964
-7493
-6183
-4841
-4392
-3501
-1259
981
1443
668
831
2434
3761
3871
4151
6112
8664
9263
7537
5598
4916
4649
3550
2337
2535
3577
3426
1620
-71
-401
-486
-1720
-3281
-3251
-1580
12
432
419
878
1408
1384
1148
1655
3119
4550
5051
4860
4734
4891
4736
3841
2761
2286
2385
2419
2050
1526
998
106
-1314
-2750
-3544
-3523
-3149
-3057
-3366
-3690
-3807
-3948
-4302
-4455
-3881
-2837
-1898
-1089
-173
707
1061
824
609
841
1260
1485
1430
1203
837
211
-674
-1609
-2332
-2726
-2906
-2951
-2706
-2146
-1600
-1365
-1325
-1105
-497
372
1225
1914
2500
2990
3213
3042
2663
2298
1956
1513
1078
862
725
374
-290
-1003
-1553
-2159
-3033
-3941
-4524
-4795
-5070
-5462
-5677
-5332
-4440
-3843
-4689
-6757
-8206
-7750
-6289
-5381
-4774
-3087
-575
929
795
541
1590
3198
3869
3949
5120
7684
9682
9265
7234
5729
5203
4454
3065
2351
3152
3969
3001
871
-432
-477
-939
-2698
-4035
-3292
-1276
64
240
415
1104
1423
1009
903
2072
4031
5358
5616
5619
5891
5994
5344
4177
3318
2992
2754
2360
1971
1671
1043
-336
-2123
-3610
-4409
-4506
-4235
-4007
-4096
-4425
-4692
-4843
-4936
-4767
-4074
-2958
-1727
-454
847
1810
2095
1885
1634
1562
1664
1932
2199
2060
1279
145
-952
-1910
-2708
-3283
-3566
-3584
-3380
-2931
-2438
-2187
-2033
-1643
-953
-80
844
1784
2614
3060
3136
3012
2743
2381
1969
1606
1391
1160
787
367
-97
-821
-1989
-3356
-4376
-4865
-5108
-5366
-5634
-5648
-5106
-4248
-4208
-5825
-8131
-9084
-8001
-6359
-5409
-4332
-2161
128
946
550
771
2329
3912
4504
5029
6792
9355
10617
9494
7353
5947
5252
4144
2690
2367
3434
3905
2335
-25
-1108
-1127
-1995
-3921
-4845
-3513
-1283
-154
-124
209
1054
1286
673
636
2278
4665
6000
6022
5925
6373
6593
5639
4050
3173
3254
3265
2611
1839
1500
933
-746
-2973
-4399
-4580
-4289
-4254
-4274
-4241
-4619
-5515
-6191
-5871
-4733
-3548
-2514
-1277
228
1580
2314
2456
2386
2361
2337
2335
2536
2927
2819
1635
-161
-1596
-2403
-2912
-3285
-3347
-3123
-3086
-3256
-3207
-2747
-2233
-2005
-1782
-1009
338
1671
2432
2619
2539
2302
1973
1831
2031
2329
2385
2085
1486
609
-467
-1552
-2597
-3611
-4394
-4725
-4776
-4939
-5187
-5054
-4664
-5098
-7000
-9235
-9890
-8632
-7042
-6139
-5001
-2751
-414
458
212
704
2560
4397
5114
5633
7490
10189
11379
10012
7840
6830
6487
5163
3188
2556
3557
3940
2226
-141
-1084
-1089
-2230
-4554
-5737
-4511
-2413
-1420
-1358
-785
415
987
530
330
1672
4034
5722
6151
6353
7068
7475
6522
4752
3670
3572
3428
2711
2018
1808
1440
60
-2085
-3914
-4771
-4863
-4773
-4791
-4910
-5226
-5836
-6421
-6406
-5568
-4326
-3167
-2015
-609
963
2289
3025
3201
3088
2917
2844
2951
3196
3251
2597
1171
-425
-1615
-2336
-2829
-3163
-3251
-3203
-3176
-3106
-2875
-2445
-1969
-1607
-1185
-396
771
1900
2464
2378
1963
1580
1540
1871
2323
2616
2479
1809
761
-381
-1384
-2317
-3281
-4035
-4328
-4404
-4600
-4768
-4539
-4263
-5107
-7420
-9776
-10335
-9033
-7560
-6827
-5846
-3811
-1681
-823
-873
-151
1794
3631
4468
5237
7272
10044
11371
10324
8479
7571
7268
6210
4576
4019
4760
4903
3235
946
-193
-474
-1664
-3956
-5434
-4812
-3129
-2174
-2057
-1533
-416
150
-237
-400
831
2936
4437
4963
5455
6512
7401
7056
5760
4806
4610
4393
3652
2974
2928
2907
1879
-137
-2123
-3323
-3970
-4624
-5280
-5620
-5797
-6369
-7222
-7536
-6860
-5846
-5079
-4206
-2769
-915
703
1764
2378
2781
3071
3286
3575
4049
4488
4400
3473
2045
747
-218
-999
-1633
-2022
-2257
-2591
-2986
-3077
-2811
-2565
-2594
-2664
-2297
-1365
-222
697
1182
1299
1218
1111
1222
1692
2312
2551
2112
1272
443
-348
-1272
-2202
-2826
-3179
-3608
-4165
-4402
-4024
-3687
-4636
-7180
-9818
-10653
-9641
-8391
-7687
-6596
-4533
-2653
-2123
-2139
-1071
1105
2910
3739
4803
7261
10252
11702
10892
9308
8510
8131
7014
5507
5108
5858
5844
3963
1617
613
430
-830
-3334
-5059
-4680
-3382
-2929
-3152
-2666
-1404
-754
-1262
-1571
-305
1929
3468
3943
4503
5883
7222
7267
6257
5449
5271
5004
4198
3541
3676
3939
3197
1380
-558
-1894
-2842
-3844
-4808
-5626
-6437
-7285
-7870
-7797
-7200
-6566
-6063
-5442
-4426
-2978
-1350
167
1452
2380
2943
3280
3652
4190
4561
4383
3744
2958
2197
1474
829
288
-421
-1448
-2424
-2908
-2838
-2530
-2396
-2574
-2767
-2701
-2280
-1714
-1185
-667
-317
-197
52
731
1599
2129
2001
1447
839
376
59
-328
-911
-1554
-2136
-2680
-3191
-3434
-3275
-3363
-4687
-7176
-9385
-9963
-9232
-8489
-7980
-6883
-5034
-3483
-2951
-2633
-1381
578
2087
2905
4186
6807
9718
11037
10424
9383
9059
8774
7641
6400
6361
7102
6793
4888
2907
2138
1719
90
-2480
-4184
-4198
-3659
-3718
-3907
-3283
-2254
-2043
-2700
-2896
-1722
180
1574
2263
3138
4702
6183
6580
6129
5799
5825
5544
4746
4237
4561
5029
4539
3006
1289
37
-932
-2028
-3303
-4564
-5728
-6805
-7607
-7854
-7521
-6974
-6520
-6198
-5628
-4483
-2888
-1278
-32
915
1827
2725
3572
4367
4890
4916
4445
3769
3262
2944
2676
2284
1509
383
-788
-1626
-1982
-2110
-2352
-2772
-3203
-3458
-3506
-3405
-3179
-2909
-2693
-2438
-1870
-940
-65
305
199
-42
-192
-339
-530
-627
-667
-867
-1351
-1901
-2078
-1856
-2071
-3680
-6377
-8480
-8943
-8624
-8585
-8375
-7132
-5302
-4306
-4365
-4033
-2508
-574
609
1314
2896
5720
8449
9690
9658
9576
9791
9505
8448
7696
8117
8895
8522
6863
5295
4541
3729
1929
-315
-1714
-2043
-2262
-2901
-3331
-2959
-2341
-2489
-3327
-3705
-2937
-1617
-623
0
920
2384
3748
4343
4331
4390
4665
4657
4208
3940
4355
4995
4953
4026
2812
1780
781
-412
-1634
-2709
-3788
-4968
-5925
-6307
-6249
-6198
-6403
-6712
-6762
-6308
-5380
-4157
-2797
-1492
-431
399
1222
2132
2989
3453
3450
3331
3358
3555
3680
3596
3268
2586
1522
437
-211
-445
-667
-1111
-1622
-1988
-2216
-2418
-2563
-2577
-2545
-2615
-2639
-2246
-1443
-725
-480
-629
-911
-1265
-1711
-2005
-1857
-1425
-1190
-1339
-1509
-1427
-1653
-3039
-5461
-7614
-8421
-8272
-8085
-7718
-6461
-4718
-3858
-4255
-4561
-3580
-1849
-563
304
1886
4576
7193
8460
8581
8660
8981
8767
7750
7005
7542
8734
9062
8075
6803
6019
5076
3158
814
-647
-949
-1138
-1826
-2390
-2111
-1531
-1769
-2841
-3685
-3456
-2456
-1457
-672
337
1756
2991
3468
3441
3598
4040
4218
3938
3807
4320
5027
5115
4430
3488
2578
1443
-12
-1382
-2347
-3053
-3762
-4410
-4761
-4844
-4909
-5143
-5515
-5770
-5634
-5043
-4183
-3226
-2225
-1298
-656
-283
106
677
1238
1544
1732
2037
2427
2696
2679
2440
2076
1530
810
99
-353
-468
-552
-830
-1169
-1415
-1572
-1787
-2073
-2185
-2050
-1812
-1603
-1424
-1119
-730
-657
-1065
-1684
-2043
-2038
-1988
-2042
-2084
-1958
-1691
-1681
-2534
-4338
-6402
-7772
-8204
-8236
-8038
-7151
-5509
-3986
-3476
-3675
-3405
-2272
-999
-115
918
2963
5689
7752
8489
8540
8748
8953
8391
7310
6961
7776
8691
8506
7433
6538
5884
4539
2245
17
-1069
-1262
-1559
-2077
-2150
-1669
-1415
-2014
-2961
-3309
-2875
-2197
-1603
-756
674
2231
3174
3411
3480
3763
4029
3929
3690
3852
4489
5009
4876
4252
3540
2663
1279
-507
-2006
-2819
-3373
-4215
-5123
-5525
-5387
-5284
-5552
-5754
-5498
-4938
-4354
-3678
-2596
-1145
132
811
1091
1468
2050
2421
2357
2227
2420
2775
2857
2613
2378
2202
1688
712
-257
-778
-1033
-1466
-2059
-2405
-2369
-2327
-2589
-2913
-2890
-2518
-2166
-2021
-1831
-1399
-1006
-999
-1304
-1481
-1363
-1323
-1617
-1963
-1939
-1614
-1767
-3082
-5208
-7054
-7957
-8283
-8592
-8528
-7457
-5774
-4572
-4234
-3966
-2998
-1677
-724
14
1409
3843
6446
8014
8496
8772
9237
9292
8484
7600
7676
8418
8606
7800
6853
6433
5828
4052
1513
-419
-1205
-1615
-2304
-2771
-2440
-1861
-2068
-3087
-3833
-3560
-2729
-2117
-1601
-437
1477
3217
4003
4171
4489
4987
5058
4625
4433
4957
5648
5662
4910
3918
2899
1494
-400
-2232
-3422
-4046
-4562
-5076
-5266
-5039
-4817
-4970
-5283
-5245
-4747
-4119
-3501
-2649
-1455
-290
428
764
1080
1482
1751
1778
1804
2076
2494
2696
2488
2055
1635
1186
567
-130
-618
-843
-1122
-1651
-2168
-2348
-2245
-2203
-2348
-2413
-2214
-1859
-1518
-1259
-1062
-955
-1008
-1176
-1354
-1450
-1428
-1419
-1528
-1665
-1602
-1362
-1639
-3185
-5712
-7973
-8984
-9006
-8821
-8388
-7202
-5501
-4265
-3977
-3834
-2843
-1271
-75
707
2175
4987
8003
9542
9550
9303
9429
9232
8189
7298
7654
8571
8453
7063
5780
5351
4655
2573
-105
-1758
-2088
-2206
-2767
-3116
-2667
-2089
-2412
-3489
-4055
-3389
-2167
-1300
-567
806
2769
4359
5014
5193
5522
5876
5742
5241
5134
5700
6234
5926
4763
3331
1821
65
-1810
-3450
-4801
-6031
-7020
-7425
-7209
-6764
-6416
-6167
-5846
-5272
-4409
-3340
-2074
-627
793
1876
2573
3204
3906
4281
4021
3422
3006
2915
2827
2519
2105
1602
817
-290
-1380
-2021
-2317
-2738
-3350
-3786
-3839
-3694
-3560
-3357
-2928
-2368
-1881
-1527
-1182
-727
-322
-240
-429
-501
-317
-262
-605
-1044
-1119
-962
-1441
-3247
-5927
-8171
-9127
-9274
-9511
-9564
-8554
-6747
-5436
-5118
-4718
-3220
-1267
11
928
2773
5858
8800
10147
10193
10215
10516
10296
9231
8338
8500
8891
8129
6352
4962
4393
3386
1009
-1655
-2969
-3049
-3326
-4206
-4595
-3914
-3230
-3608
-4320
-3903
-2282
-766
-19
815
2584
4663
5842
6054
6312
7029
7444
7026
6460
6577
6962
6449
4757
2838
1412
87
-1750
-3807
-5230
-5955
-6712
-7715
-8271
-7948
-7272
-6890
-6508
-5413
-3681
-2040
-855
194
1409
2538
3229
3680
4315
5047
5314
4845
4078
3545
3109
2361
1245
238
-457
-1162
-2016
-2782
-3156
-3317
-3700
-4331
-4654
-4322
-3682
-3172
-2698
-1944
-961
-96
469
828
982
795
293
-209
-337
-125
-21
-331
-894
-1327
-1500
-1948
-3439
-6054
-8821
-10515
-10932
-10837
-10542
-9589
-7970
-6570
-6040
-5679
-4298
-2006
62
1521
3280
6135
9286
11149
11440
11237
11285
11092
10084
9004
8897
9226
8449
6242
3989
2757
1694
-419
-3004
-4432
-4447
-4393
-4989
-5253
-4403
-3450
-3628
-4269
-3587
-1289
1092
2497
3600
5299
7103
7858
7526
7266
7720
8128
7653
6840
6689
6906
6185
4026
1431
-520
-2041
-3747
-5424
-6521
-7147
-7934
-8949
-9397
-8817
-7781
-6952
-6146
-4688
-2525
-468
990
2178
3391
4379
4846
5060
5552
6161
6152
5279
4039
3026
2221
1223
21
-1055
-1898
-2696
-3563
-4260
-4611
-4890
-5369
-5780
-5572
-4628
-3523
-2741
-2066
-1141
-96
649
1079
1620
2280
2536
2132
1459
1082
974
601
-272
-1216
-1644
-1707
-2539
-4911
-8047
-10279
-11058
-11285
-11621
-11292
-9475
-7190
-6011
-5797
-4859
-2572
-204
1285
2784
5582
9197
11699
12219
11928
11996
12035
11012
9273
8419
8729
8403
6203
3366
1752
1057
-769
-3960
-6244
-6303
-5600
-5956
-6756
-6158
-4493
-3793
-4322
-4059
-1719
1326
3177
4110
5639
7857
9253
9022
8308
8391
8811
8329
7025
6308
6580
6212
3818
392
-2014
-3155
-4525
-6580
-7997
-8072
-7986
-8776
-9522
-8852
-7196
-6018
-5456
-4174
-1590
1068
2606
3392
4342
5454
5930
5730
5715
6266
6568
5659
3937
2537
1745
715
-967
-2496
-3133
-3374
-4043
-4926
-5213
-4914
-4996
-5673
-5861
-4770
-3065
-1918
-1285
-135
1607
2801
2882
2571
2568
2488
1720
753
375
342
-128
-1176
-2168
-2624
-2783
-3291
-4801
-7433
-10150
-11581
-11606
-11214
-10819
-9672
-7598
-5773
-4975
-4312
-2594
-157
1794
3210
5198
8195
11207
12760
12555
11639
10895
10219
9126
7895
7428
7479
6505
3955
1241
-215
-1146
-3248
-6061
-7396
-6685
-5665
-5587
-5509
-4357
-3107
-3034
-3250
-1906
1060
3831
5347
6424
8013
9625
10038
9129
8101
7743
7524
6623
5418
4932
4776
3378
445
-2468
-4139
-5283
-6967
-8548
-8893
-8373
-8312
-8806
-8608
-7267
-5785
-4904
-3848
-1682
1077
3154
4215
4950
5771
6260
6077
5689
5694
5828
5204
3684
2185
1228
252
-1312
-2923
-3674
-3736
-3955
-4456
-4655
-4344
-4146
-4446
-4556
-3652
-2065
-872
-317
447
1825
2995
3315
3114
2946
2662
1854
825
233
-25
-496
-1516
-2692
-3454
-3750
-3937
-4861
-7026
-9738
-11597
-12000
-11566
-11016
-9978
-7996
-5827
-4471
-3665
-2296
-92
1974
3357
4866
7357
10374
12399
12603
11712
10840
10108
8914
7373
6446
6348
5761
3606
859
-777
-1490
-3052
-5754
-7610
-7289
-6001
-5423
-5142
-3948
-2357
-1663
-1660
-763
1692
4448
6179
7138
8323
9754
10415
9770
8596
7820
7258
6241
4903
4039
3671
2576
29
-2917
-4825
-5781
-6877
-8227
-8900
-8606
-8292
-8413
-8094
-6763
-5159
-4175
-3257
-1413
1157
3290
4335
4968
5716
6267
6162
5708
5524
5351
4497
2871
1280
252
-563
-1829
-3312
-4149
-4156
-4052
-4307
-4471
-4115
-3604
-3565
-3626
-2904
-1382
46
790
1343
2305
3342
3769
3568
3201
2839
2108
961
-90
-743
-1172
-1785
-2724
-3561
-3871
-3757
-4116
-6033
-9155
-11679
-12348
-11728
-11068
-10221
-8191
-5501
-3753
-3209
-2415
-360
1947
3266
4480
7045
10606
13054
13042
11655
10553
9762
8384
6449
5282
5408
5206
3182
277
-1573
-2223
-3712
-6707
-8755
-8094
-6089
-5031
-4869
-3894
-2059
-1170
-1446
-877
1765
5051
6926
7654
8749
10309
10949
9887
8176
7137
6591
5655
4343
3454
3068
1927
-776
-3864
-5697
-6204
-6683
-7657
-8198
-7916
-7633
-7760
-7494
-6147
-4348
-3086
-2030
-118
2509
4548
5228
5235
5412
5653
5562
5366
5402
5242
4242
2456
643
-571
-1519
-2656
-3754
-4316
-4274
-4134
-4162
-3974
-3528
-3219
-3084
-2844
-2019
-641
639
1416
1824
2274
2900
3303
3546
3729
3466
2611
1300
-44
-1134
-2077
-2909
-3669
-4487
-5047
-5053
-4743
-4827
-6247
-8985
-11529
-12346
-11405
-10040
-8846
-6932
-4202
-2090
-1366
-924
683
2944
4339
5269
7328
10539
13011
13019
11210
9417
8095
6706
5038
3826
3749
3647
2011
-556
-2233
-2709
-3760
-6242
-8094
-7353
-5115
-3634
-3162
-2250
-696
46
-187
489
3144
6215
7716
7962
8656
9955
10305
8930
6957
5720
5070
4186
3067
2383
2000
746
-1924
-4754
-6247
-6498
-6701
-7285
-7564
-7137
-6695
-6686
-6365
-5208
-3686
-2449
-1156
965
3464
5053
5397
5263
5378
5575
5354
4937
4711
4360
3277
1490
-225
-1347
-2291
-3467
-4475
-4664
-4157
-3666
-3424
-3200
-2952
-2795
-2604
-1961
-742
540
1442
2087
2741
3392
3706
3530
3229
2927
2391
1537
477
-523
-1522
-2784
-4028
-4867
-5310
-5527
-5543
-5092
-4685
-5865
-8827
-11498
-11887
-10514
-9427
-8738
-6714
-3454
-1125
-691
-530
1078
3201
4184
4806
6950
10432
12843
12446
10411
8843
7901
6476
4452
3170
3353
3356
1508
-1167
-2538
-2691
-3892
-6576
-7976
-6336
-3656
-2469
-2361
-1437
103
506
63
971
3817
6631
7731
7934
8848
10054
9797
7767
5583
4601
4253
3407
2271
1693
1292
-259
-3065
-5464
-6146
-5953
-6324
-6957
-6632
-5479
-5028
-5798
-6290
-5375
-3851
-2632
-1149
1340
3930
5015
4754
4623
5093
5393
5060
4686
4740
4635
3645
1885
82
-1321
-2547
-3680
-4244
-3941
-3187
-2833
-3013
-3138
-2902
-2491
-2102
-1554
-490
783
1645
2101
2476
2932
3056
2654
2424
2699
2831
2237
1027
-184
-1296
-2717
-4050
-4736
-4929
-4954
-4911
-4542
-4378
-5975
-9279
-12008
-12421
-11149
-9993
-8877
-6379
-3212
-1422
-1261
-1026
617
2675
3841
5151
7922
11358
13221
12306
10124
8496
7346
5892
4236
3550
4128
4034
1858
-967
-2478
-3113
-4892
-7440
-7904
-5604
-3081
-2218
-2078
-1148
-141
-269
-449
1179
4368
7006
8024
8550
9519
10040
8995
6763
4918
4283
4141
3546
2605
1885
934
-1254
-4278
-6306
-6604
-6345
-6659
-7004
-6485
-5630
-5382
-5490
-5053
-3866
-2576
-1430
224
2526
4437
5022
4709
4581
4914
5040
4639
4103
3615
2931
1805
361
-927
-1850
-2675
-3547
-4070
-3825
-3156
-2818
-2945
-2948
-2578
-2067
-1468
-693
214
1053
1616
1979
2411
2891
3077
2876
2729
2869
2676
1627
237
-931
-2110
-3563
-4774
-5096
-4834
-4705
-4541
-3836
-3302
-4549
-7802
-10859
-11494
-10183
-8905
-7985
-6112
-3245
-1386
-1568
-2042
-827
1441
2925
3927
6341
10134
12598
11910
9565
7958
7227
6019
4418
3951
4728
4697
2513
-331
-1689
-2035
-3453
-5786
-6437
-4350
-1886
-1295
-1684
-1270
-393
-371
-672
645
3717
6340
7121
7130
7753
8376
7444
5247
3661
3542
3907
3609
2791
2124
1223
-759
-3368
-5216
-5749
-5790
-5994
-5924
-5256
-4609
-4654
-5211
-5474
-4942
-3820
-2347
-510
1498
3097
3748
3640
3563
3814
4021
3922
3751
3753
3586
2740
1410
29
-1259
-2428
-3200
-3324
-2969
-2522
-2366
-2555
-2799
-2698
-2291
-1796
-1120
-200
708
1362
1797
2199
2493
2458
2175
2027
2297
2765
2743
1931
645
-833
-2354
-3709
-4617
-4868
-4721
-4595
-4471
-4109
-3627
-4038
-6330
-9540
-11290
-10545
-8629
-7211
-5956
-3901
-2017
-1713
-2126
-1276
960
2806
3750
5531
8766
11448
11672
9883
7994
6833
5835
4916
4609
4817
4568
2980
608
-1136
-1935
-2783
-4236
-5192
-4307
-2342
-1237
-1260
-1245
-880
-829
-766
700
3506
5760
6456
6515
6891
7138
6390
4997
4062
3929
3999
3775
3465
3098
1958
-353
-2919
-4367
-4557
-4520
-4740
-4637
-4021
-3697
-4331
-5329
-5771
-5719
-5515
-4609
-2411
311
2088
2538
2614
2973
3311
3518
3941
4662
5236
5208
4582
3537
2096
386
-1282
-2486
-2768
-2268
-1740
-1792
-2397
-3010
-3310
-3426
-3200
-2428
-1423
-597
55
797
1562
1891
1677
1340
1230
1501
1947
2213
2093
1481
386
-934
-1989
-2660
-3300
-4062
-4569
-4589
-4450
-4130
-3677
-4209
-6737
-10017
-11237
-9817
-8135
-7681
-7001
-4854
-2669
-1995
-1798
-371
1780
3108
3951
6034
9302
11522
11101
8965
7206
6570
6111
5100
4075
3687
3304
1829
-331
-1624
-1863
-2584
-4217
-4797
-3068
-802
-188
-672
-402
588
1193
1762
3332
5453
6632
6576
6397
6648
6634
5700
4171
2884
2337
2263
2000
1167
-155
-1662
-3243
-4650
-5230
-4876
-4555
-4843
-4917
-4061
-3047
-2967
-3418
-3244
-2416
-1475
-170
1664
3120
3372
2990
2903
3035
2759
2187
1967
1997
1732
1115
420
-428
-1641
-2820
-3241
-2937
-2355
-1673
-1108
-976
-1099
-979
-528
-168
19
548
1475
2233
2581
2682
2556
2044
1306
809
600
368
142
85
-97
-769
-1716
-2520
-3318
-4311
-5025
-4976
-4454
-4027
-3726
-3213
-2432
-1862
-2379
-4479
-7046
-8023
-6983
-5712
-5476
-5118
-3472
-1849
-1797
-2271
-1450
225
1158
1685
3450
6123
7511
6782
5312
4463
4082
3476
2780
2544
2710
2623
1899
953
503
405
-80
-773
-582
885
2507
3182
3248
3530
3920
3963
3986
4488
5094
5180
4945
4915
4867
4150
2797
1480
607
155
5
-47
-341
-1078
-2080
-2936
-3382
-3414
-3212
-3028
-2819
-2346
-1721
-1416
-1663
-2154
-2442
-2211
-1396
-182
843
1159
900
521
284
138
57
145
379
524
445
261
-50
-668
-1478
-1882
-1536
-877
-451
-239
45
193
-39
-314
-100
539
1050
1275
1521
1895
1973
1540
938
532
378
303
206
153
74
-207
-655
-1095
-1375
-1545
-1945
-2555
-2958
-3030
-3039
-3254
-3429
-3256
-2968
-2609
-1964
-1863
-3519
-6295
-7938
-7465
-6527
-6432
-6038
-4356
-2700
-2446
-2716
-1995
-654
106
849
2910
5791
7561
7375
6176
5146
4494
3861
3193
2879
3168
3523
3082
1925
961
429
-282
-1028
-659
1099
2868
3531
3616
3827
3853
3480
3353
4047
5098
5726
5888
5837
5471
4482
2940
1437
581
489
633
312
-543
-1510
-2440
-3448
-4430
-4876
-4534
-3947
-3514
-2913
-1976
-1268
-1436
-2137
-2430
-2045
-1476
-931
-214
557
931
699
284
83
54
85
242
571
945
1161
1059
590
-168
-888
-1336
-1532
-1555
-1226
-559
-166
-304
-486
-253
160
454
840
1448
2002
2283
2367
2322
2172
1922
1543
1143
890
775
618
187
-520
-1315
-1901
-2251
-2726
-3280
-3573
-3665
-3992
-4444
-4475
-4173
-4111
-4150
-3571
-2370
-1680
-2636
-4685
-6057
-5821
-5030
-4942
-4987
-4074
-2646
-2171
-2543
-2257
-886
320
705
1510
3629
5793
6114
4896
3909
3640
3207
2452
2378
3278
3950
3477
2477
2009
2072
1860
1363
1484
2611
3907
4446
4391
4402
4453
4096
3613
3740
4454
4958
4815
4394
4003
3294
2044
687
-164
-455
-706
-1234
-1791
-2172
-2612
-3218
-3705
-3709
-3344
-2973
-2463
-1571
-625
-224
-382
-564
-598
-703
-803
-518
7
157
-102
-314
-387
-619
-1055
-1327
-1264
-995
-659
-352
-320
-620
-993
-1244
-1345
-1181
-682
-114
207
331
553
817
913
864
928
1294
1866
2295
2368
2151
1740
1215
639
244
94
-146
-627
-1045
-1152
-1264
-1737
-2341
-2590
-2569
-2678
-2850
-2842
-2705
-2761
-3072
-3371
-3342
-2850
-2111
-1516
-1112
-518
-278
-1463
-3763
-5240
-4936
-4474
-4971
-5143
-3890
-2703
-3184
-4097
-3587
-2182
-1420
-807
1001
3507
5047
5090
4604
4333
4238
4171
4238
4692
5558
6187
5812
4715
3852
3400
2614
1651
1747
2921
3724
3451
3085
3154
2903
2036
1490
2001
2813
3228
3397
3468
3118
2157
1171
571
310
336
567
724
497
-57
-764
-1604
-2408
-2672
-2253
-1642
-1264
-1015
-782
-904
-1510
-2266
-2739
-2812
-2604
-2242
-1949
-1774
-1729
-1871
-2208
-2473
-2279
-1675
-989
-424
78
448
464
142
-142
-97
85
131
160
449
825
845
454
64
-14
124
369
753
1278
1668
1633
1305
1072
991
838
601
501
583
525
202
-216
-646
-1096
-1487
-1708
-1795
-1863
-1941
-1988
-2111
-2293
-2451
-2650
-2895
-3015
-2763
-2299
-2017
-1832
-1490
-1449
-2426
-4032
-4967
-4871
-4841
-5319
-5327
-4368
-3448
-3504
-3799
-3251
-2169
-1412
-771
525
2276
3453
3756
3891
4269
4597
4557
4474
4746
5284
5627
5419
4916
4534
4290
3848
3252
3041
3339
3519
3301
3149
3324
3284
2640
2016
1948
2159
2251
2455
2967
3304
3095
2677
2456
2284
1970
1655
1497
1374
1228
1088
791
179
-558
-1150
-1645
-2120
-2437
-2490
-2627
-3090
-3598
-3875
-3998
-4145
-4147
-3832
-3369
-2981
-2665
-2412
-2294
-2294
-2143
-1692
-1162
-747
-448
-171
-34
-160
-422
-640
-772
-827
-726
-397
-26
66
-119
-308
-333
-249
-119
106
454
815
1084
1249
1307
1261
1142
1030
996
1053
1154
1228
1189
981
677
446
311
170
27
-7
70
53
-219
-614
-985
-1354
-1743
-2055
-2178
-2158
-2149
-2206
-2299
-2444
-2646
-2830
-2943
-3079
-3288
-3454
-3444
-3320
-3266
-3272
-3245
-3188
-3087
-2856
-2467
-2002
-1645
-1478
-1348
-1016
-409
221
609
894
1356
1971
2502
2892
3251
3553
3680
3805
4230
4918
5472
5641
5584
5532
5594
5724
5812
5807
5749
5670
5543
5373
5218
5027
4671
4222
3868
3603
3274
2834
2358
1819
1165
517
108
-67
-281
-667
-1066
-1326
-1581
-1947
-2299
-2511
-2684
-2953
-3208
-3321
-3363
-3526
-3860
-4201
-4398
-4462
-4537
-4634
-4639
-4515
-4405
-4404
-4384
-4162
-3862
-3659
-3411
-2957
-2366
-1924
-1640
-1232
-683
-277
-96
118
531
949
1171
1239
1311
1408
1434
1417
1473
1638
1761
1739
1696
1784
1961
2016
1887
1731
1705
1767
1785
1739
1701
1602
1323
939
700
673
588
240
-209
-481
-572
-720
-1027
-1402
-1726
-1942
-2063
-2088
-2075
-2138
-2399
-2878
-3393
-3747
-3930
-4062
-4230
-4331
-4261
-4052
-3780
-3515
-3277
-3080
-2857
-2468
-1862
-1102
-335
317
789
1120
1487
2008
2635
3253
3746
4117
4446
4798
5165
5405
5462
5425
5436
5536
5703
5892
5934
5710
5333
5022
4875
4797
4705
4552
4285
3937
3626
3390
3100
2645
2131
1687
1324
1030
776
523
190
-231
-611
-894
-1135
-1437
-1875
-2407
-2927
-3382
-3800
-4219
-4585
-4877
-5150
-5414
-5602
-5659
-5674
-5715
-5685
-5503
-5205
-4847
-4445
-3997
-3560
-3197
-2872
-2513
-2109
-1691
-1335
-1066
-797
-485
-177
80
306
541
722
801
887
1091
1333
1464
1507
1622
1816
1972
2049
2096
2155
2173
2150
2160
2271
2413
2450
2348
2179
2032
1873
1665
1422
1159
906
675
478
296
14
-407
-900
-1369
-1689
-1830
-1866
-1891
-1989
-2158
-2345
-2484
-2576
-2744
-3036
-3299
-3292
-3027
-2758
-2674
-2727
-2777
-2743
-2591
-2276
-1827
-1380
-1036
-735
-334
158
555
759
931
1284
1809
2353
2828
3236
3503
3601
3681
3923
4302
4611
4771
4884
5037
5173
5170
5006
4781
4616
4552
4567
4608
4620
4519
4296
3991
3646
3263
2810
2322
1893
1573
1276
888
361
-236
-803
-1323
-1814
-2265
-2643
-2980
-3342
-3688
-3929
-4100
-4320
-4611
-4827
-4874
-4788
-4669
-4555
-4453
-4402
-4390
-4372
-4277
-4091
-3894
-3765
-3681
-3531
-3263
-2949
-2686
-2471
-2218
-1917
-1556
-1099
-584
-127
157
321
502
716
972
1244
1503
1711
1856
1997
2147
2266
2318
2316
2311
2351
2433
2510
2532
2472
2321
2085
1814
1584
1436
1359
1266
1119
923
703
469
226
-7
-237
-426
-538
-606
-688
-775
-885
-999
-1125
-1222
-1202
-1128
-1099
-1152
-1282
-1503
-1828
-2191
-2505
-2744
-2895
-2942
-2873
-2753
-2622
-2471
-2286
-2064
-1790
-1407
-890
-301
293
865
1378
1797
2127
2433
2762
3110
3465
3814
4140
4385
4534
4609
4629
4608
4531
4442
4414
4428
4396
4244
4024
3811
3595
3371
3158
2949
2694
2367
2027
1712
1389
1017
605
215
-120
-405
-693
-1043
-1435
-1815
-2163
-2493
-2814
-3096
-3347
-3603
-3870
-4107
-4301
-4477
-4628
-4711
-4703
-4631
-4545
-4468
-4401
-4310
-4159
-3933
-3643
-3313
-2992
-2680
-2369
-2062
-1764
-1472
-1178
-905
-629
-313
35
352
577
719
824
952
1139
1365
1588
1776
1915
2006
2060
2103
2180
2262
2333
2397
2457
2501
2490
2433
2350
2257
2163
2091
2060
2046
1994
1844
1579
1245
920
631
384
186
21
-173
-429
-742
-1085
-1444
-1783
-2030
-2151
-2168
-2137
-2113
-2139
-2202
-2268
-2326
-2364
-2397
-2433
-2406
-2310
-2201
-2143
-2152
-2174
-2146
-2014
-1743
-1380
-1018
-716
-461
-188
158
550
951
1332
1690
2033
2391
2782
3149
3415
3577
3721
3934
4198
4434
4590
4637
4583
4475
4357
4235
4093
3927
3749
3561
3376
3197
2987
2695
2350
2003
1690
1392
1075
733
376
-19
-435
-846
-1261
-1685
-2097
-2450
-2730
-2993
-3266
-3522
-3740
-3948
-4162
-4329
-4428
-4502
-4563
-4591
-4560
-4478
-4385
-4271
-4131
-3960
-3760
-3531
-3255
-2933
-2604
-2325
-2094
-1869
-1575
-1219
-872
-547
-207
150
463
705
923
1129
1300
1433
1581
1790
2036
2252
2397
2491
2580
2670
2734
2787
2871
2977
3044
3049
3004
2914
2764
2559
2353
2168
1980
1766
1525
1256
956
633
319
19
-248
-462
-645
-825
-1008
-1163
-1302
-1460
-1611
-1712
-1737
-1710
-1659
-1601
-1589
-1645
-1728
-1778
-1792
-1852
-2008
-2219
-2386
-2467
-2499
-2509
-2508
-2496
-2437
-2280
-1988
-1613
-1250
-924
-607
-226
242
739
1194
1561
1879
2187
2487
2772
3041
3283
3447
3544
3655
3795
3887
3863
3784
3705
3606
3480
3369
3305
3199
2998
2765
2568
2382
2168
1934
1727
1534
1309
1028
707
378
40
-309
-647
-926
-1155
-1398
-1673
-1968
-2259
-2537
-2814
-3073
-3281
-3427
-3531
-3604
-3650
-3663
-3673
-3670
-3617
-3489
-3298
-3068
-2835
-2638
-2447
-2223
-1974
-1727
-1482
-1242
-1012
-791
-564
-317
-97
66
199
337
482
628
775
904
991
1037
1078
1159
1257
1345
1416
1492
1573
1657
1750
1851
1929
1977
2002
2013
2009
1973
1899
1792
1667
1524
1383
1236
1063
861
638
393
115
-181
-477
-760
-1025
-1250
-1404
-1518
-1637
-1772
-1884
-1925
-1908
-1861
-1770
-1625
-1464
-1309
-1147
-973
-822
-764
-805
-887
-956
-1007
-1072
-1159
-1246
-1310
-1341
-1296
-1150
-948
-744
-563
-352
-66
297
674
1022
1319
1585
1847
2101
2341
2550
2723
2844
2935
3021
3127
3201
3169
3069
2979
2914
2819
2702
2577
2422
2191
1899
1613
1370
1153
943
757
600
453
293
116
-70
-271
-484
-685
-860
-982
-1060
-1146
-1281
-1454
-1630
-1802
-1981
-2156
-2286
-2372
-2448
-2526
-2580
-2598
-2617
-2655
-2659
-2577
-2454
-2341
-2237
-2116
-1970
-1809
-1646
-1470
-1277
-1055
-821
-576
-325
-87
109
245
361
485
629
772
886
985
1071
1148
1217
1279
1343
1393
1416
1424
1436
1458
1472
1455
1424
1393
1350
1285
1198
1114
1014
878
718
573
444
301
158
22
-110
-254
-411
-554
-659
-721
-764
-819
-889
-964
-1040
-1102
-1129
-1124
-1121
-1120
-1117
-1103
-1079
-1049
-1025
-998
-963
-893
-767
-627
-527
-464
-419
-407
-431
-461
-483
-500
-504
-501
-494
-462
-402
-328
-236
-114
27
184
341
501
681
872
1044
1164
1270
1407
1562
1699
1805
1884
1935
1955
1976
2016
2057
2086
2089
2081
2069
2051
2007
1937
1844
1738
1631
1511
1390
1252
1096
924
738
562
402
247
95
-59
-210
-344
-465
-591
-724
-873
-1024
-1167
-1277
-1358
-1448
-1547
-1648
-1732
-1788
-1819
-1833
-1838
-1845
-1826
-1746
-1654
-1578
-1525
-1469
-1404
-1328
-1231
-1111
-986
-904
-839
-738
-601
-466
-365
-292
-213
-126
-55
-8
29
63
89
120
177
261
321
340
348
358
385
418
448
475
493
497
489
454
397
336
288
252
221
192
152
93
9
-78
-144
-203
-267
-320
-346
-357
-378
-428
-508
-590
-634
-633
-595
-546
-506
-461
-399
-309
-222
-162
-138
-129
-90
-5
88
134
128
87
36
-21
-70
-121
-174
-222
-243
-219
-152
-81
-27
28
119
241
380
534
682
825
958
1077
1180
1270
1346
1410
1467
1517
1553
1573
1571
1550
1523
1499
1472
1431
1416
1429
1457
1480
1491
1489
1463
1407
1331
1252
1166
1063
940
815
701
572
403
215
20
-167
-341
-487
-602
-703
-824
-973
-1133
-1281
-1399
-1504
-1594
-1651
-1675
-1678
-1676
-1673
-1667
-1657
-1639
-1598
-1517
-1398
-1277
-1190
-1134
-1083
-1028
-980
-950
-933
-912
-877
-844
-816
-794
-777
-771
-771
-738
-677
-616
-563
-515
-456
-380
-299
-237
-206
-186
-152
-91
-25
40
101
148
181
206
236
268
298
329
368
424
474
496
483
451
426
426
449
486
527
562
580
593
596
587
570
552
541
554
593
628
631
589
532
491
465
452
434
420
400
362
308
245
175
74
-46
-150
-225
-281
-338
-413
-496
-571
-618
-638
-619
-573
-514
-454
-392
-318
-240
-163
-100
-38
39
145
268
383
477
551
619
684
753
810
856
900
945
1001
1063
1123
1172
1201
1225
1249
1281
1315
1322
1308
1282
1262
1235
1188
1112
1009
897
780
660
538
425
308
176
36
-98
-221
-348
-474
-588
-688
-776
-868
-968
-1065
-1159
-1236
-1313
-1378
-1424
-1442
-1442
-1441
-1446
-1449
-1449
-1447
-1439
-1411
-1365
-1325
-1295
-1277
-1249
-1203
-1164
-1130
-1099
-1064
-1018
-965
-893
-813
-736
-663
-584
-496
-385
-260
-139
-26
70
159
239
312
371
414
449
485
536
587
640
671
680
674
663
655
667
688
709
720
710
683
644
592
545
505
482
475
458
431
394
358
318
280
252
228
211
208
205
179
128
39
-75
-181
-268
-323
-374
-435
-510
-583
-642
-679
-691
-683
-654
-601
-517
-402
-286
-195
-129
-71
0
99
225
359
485
587
673
760
843
924
997
1058
1128
1193
1248
1295
1312
1305
1281
1263
1258
1269
1281
1277
1264
1236
1189
1132
1065
1000
936
868
797
712
618
511
384
241
106
-20
-137
-244
-346
-457
-589
-726
-857
-984
-1100
-1208
-1304
-1380
-1440
-1490
-1534
-1565
-1588
-1595
-1576
-1539
-1487
-1449
-1430
-1421
-1416
-1406
-1383
-1347
-1296
-1231
-1154
-1074
-996
-925
-870
-815
-746
-660
-548
