-12
-18
29
-31
24
-22
2
25
-31
20
-8
18
-6
-13
10
-2
12
-24
20
-8
2
0
-15
40
-14
-18
5
23
-21
-31
43
-6
-12
2
7
11
3
-12
5
30
-12
-55
31
41
-60
17
12
38
-34
-26
44
-7
-11
-26
19
35
-52
1
10
7
-15
-48
78
-28
-19
15
-8
17
-28
8
11
-2
-8
-13
24
-7
-5
-1
28
37
-71
41
10
-44
-13
20
-5
-9
16
-34
34
-25
19
-40
58
28
-75
32
6
6
-79
60
36
-75
37
45
-34
-26
5
15
-19
-10
27
-5
-14
58
-27
-14
62
-51
10
-9
43
-20
-7
75
-52
54
-75
54
-12
-35
17
-25
60
-60
5
29
-20
-39
-17
72
-61
-22
50
-29
21
-56
24
-8
-5
34
-18
9
11
-29
-19
32
-19
12
3
17
14
-30
14
-18
35
-21
-72
90
-20
-42
30
4
38
-46
20
33
-23
11
-55
50
31
-102
71
28
-45
23
-25
7
4
-4
-14
38
10
-49
28
17
1
-60
50
12
-72
11
-9
52
-50
35
8
2
-2
-9
-1
-22
-7
-12
-5
16
-33
-22
63
-30
-19
40
-4
30
-53
-19
64
-12
-42
41
70
-82
40
0
-2
-28
54
-2
-36
117
-92
-20
83
-74
-15
54
37
-70
19
37
-26
1
-20
35
5
13
-47
47
34
-81
-5
91
-20
-62
65
-30
-12
-51
-22
33
29
-16
-44
92
18
-120
19
116
-115
53
30
10
-30
-48
80
-117
70
-41
-30
55
13
-54
-12
75
-103
23
40
12
-16
19
16
-47
66
-59
28
48
-46
29
22
15
-58
41
-28
-65
30
-12
-5
-26
28
-29
25
30
-61
2
34
-20
-14
-12
16
29
-26
23
-15
22
-35
-61
48
-68
87
-48
4
23
0
-3
-69
76
-11
-3
-78
81
-32
-33
37
-18
39
-3
47
-27
-16
60
-53
-39
20
80
-67
12
63
-19
-15
-8
66
6
12
-20
-29
87
-1
-88
95
46
-57
-40
69
-1
-65
37
-18
56
6
-1
-53
66
0
-101
75
53
-48
-57
59
-9
-40
-30
31
1
-28
2
38
77
-77
-46
82
-83
-26
5
-11
19
-35
4
-10
13
-14
-36
11
17
-33
-15
48
-30
-28
18
38
-2
-13
24
-57
-20
-42
5
26
3
4
-5
55
28
-58
17
32
-49
-39
6
47
-33
-24
8
28
63
-5
-39
13
7
-33
-25
74
33
-17
-13
16
5
-50
-39
44
41
-36
6
46
4
-26
-24
28
39
-43
18
18
-62
-30
-27
-13
59
24
24
36
43
-74
-32
29
-15
15
4
37
-16
2
-5
-13
-2
-24
6
17
36
7
-64
29
33
-65
10
18
5
-31
-7
-27
13
10
-15
50
61
13
-25
69
3
-38
-16
12
29
19
1
-18
51
8
-71
-4
53
-52
-90
68
20
-7
-27
-14
50
-13
-66
-13
48
9
-43
-29
45
23
-49
-21
26
17
-47
-45
25
-10
-89
-55
44
-28
-19
-1
27
52
-5
-20
-4
54
-47
-8
61
7
-18
-1
16
-9
-28
14
49
18
9
10
22
0
-21
11
19
-8
-4
-2
25
-5
-23
9
36
-8
-31
42
52
-37
-24
38
12
26
6
18
30
-20
-25
4
-17
-42
-17
18
19
-17
-4
-25
-30
-53
-73
-7
-29
-13
-7
32
20
-42
-18
-1
-27
-57
20
20
6
-34
-27
-10
0
3
0
13
4
11
-13
15
-12
-28
24
38
19
11
28
-12
-26
20
19
11
42
54
11
8
10
12
14
26
18
1
16
13
18
11
15
10
3
11
3
10
-9
6
19
16
16
15
31
-5
-16
7
27
30
5
19
26
2
-11
-9
5
-10
-15
-12
-5
18
15
-10
-31
-26
-36
-19
-9
-9
20
1
-10
-8
0
-3
-28
-25
20
37
17
38
14
-13
-6
-3
7
20
-1
-29
-19
-21
-27
-23
-5
-47
-79
-28
-12
-62
-56
-28
-45
-70
-37
-13
-33
-39
-64
-31
12
-23
-32
6
18
-24
-38
13
21
-18
-37
-26
-20
-36
-37
-10
11
-13
-23
-3
-5
-50
-80
-77
-64
-86
-88
-47
-32
-67
-86
-51
-26
-6
37
78
115
159
184
201
225
273
283
291
343
337
287
284
212
133
116
80
38
-8
-28
-64
-98
-144
-167
-159
-162
-167
-133
-66
7
53
59
104
163
197
223
283
348
369
377
368
349
307
262
212
100
45
10
-65
-135
-193
-285
-391
-489
-600
-679
-734
-780
-784
-760
-761
-785
-830
-814
-766
-709
-600
-444
-316
-327
-397
-478
-584
-643
-710
-708
-654
-666
-737
-851
-888
-852
-795
-690
-481
-213
-2
160
387
685
969
1153
1413
1797
2094
2256
2384
2622
2806
2850
2959
3093
3085
2968
2721
2492
2260
1982
1752
1482
1114
765
485
175
-170
-460
-694
-888
-983
-1007
-1024
-1123
-1174
-1119
-985
-832
-612
-300
-99
-52
-87
-261
-477
-626
-775
-887
-1039
-1169
-1551
-2620
-4105
-5169
-5584
-5893
-6241
-6218
-5915
-6010
-6623
-6892
-6335
-5656
-5213
-4301
-2610
-959
55
905
2033
2954
3429
4202
5713
7190
7855
8021
8217
8300
7936
7404
7150
6935
6389
5649
5026
4263
3051
1590
172
-964
-1805
-2386
-2888
-3634
-4549
-5293
-5879
-6256
-6159
-5625
-4955
-4439
-3693
-2568
-1659
-1261
-822
172
1379
2442
3612
5023
5862
5753
5573
5974
6454
6232
5771
5685
5473
4582
3446
2627
1850
680
-504
-1032
-1271
-1887
-2794
-3475
-3799
-3924
-3783
-3389
-3023
-2849
-2700
-2396
-1797
-1030
-280
301
623
864
1041
1091
1099
1062
846
471
153
-602
-2750
-5851
-8260
-9294
-9889
-10592
-10703
-10268
-10701
-12347
-13153
-11906
-10269
-9375
-7912
-4855
-1607
129
1211
3129
5210
6306
7401
9904
12857
14346
14287
14201
14506
14165
13079
12203
11715
10771
9052
7258
5747
3971
1504
-1136
-3148
-4463
-5544
-6732
-7990
-9025
-9874
-10577
-10750
-9992
-8538
-7190
-6141
-4670
-2485
-382
1012
2290
4000
5643
6677
7674
9213
10357
10138
9269
8943
8853
8033
6566
5411
4601
3320
1525
69
-846
-2126
-3978
-5438
-5962
-6096
-6443
-6824
-6694
-6172
-5658
-5143
-4441
-3581
-2826
-2227
-1402
-218
943
1675
1919
1926
1836
1695
1476
1168
842
531
170
-309
-841
-1558
-3243
-6329
-9499
-11198
-11695
-12170
-12719
-12546
-12155
-12945
-14307
-13937
-11664
-9593
-8193
-5737
-1899
1180
2422
3589
5916
8021
9129
10734
13612
15968
16119
15138
14810
14728
13755
12302
11368
10656
9115
6812
4606
2642
378
-2286
-4595
-6016
-6893
-7926
-9236
-10346
-10834
-10876
-10663
-9676
-7604
-5239
-3548
-2258
-341
2213
4319
5680
7328
9592
11031
10873
10600
11264
11432
9825
7938
7424
6878
4465
1407
14
-414
-2093
-4571
-5786
-6051
-7329
-9325
-9996
-9044
-8235
-8302
-7776
-5971
-4222
-3483
-2833
-1328
529
1932
3028
4311
5424
5705
5269
4601
4098
3564
2812
1984
1159
483
-104
-679
-1194
-1735
-2199
-2576
-3115
-4577
-7413
-10528
-12472
-13334
-14067
-14417
-13688
-12634
-12750
-13584
-12780
-10097
-7732
-6088
-3454
490
3681
5105
6370
8531
10333
10990
11960
14069
15866
15793
14492
13641
13116
11967
10314
8958
7927
6339
4057
1826
59
-1807
-4120
-6284
-7674
-8289
-8664
-9135
-9462
-9355
-8864
-8037
-6561
-4391
-2065
-212
1200
3003
5263
7172
8410
9455
10549
11163
10822
10027
9336
8221
6235
4081
2654
1582
-315
-2944
-4955
-6007
-7009
-8294
-9064
-8948
-8866
-9310
-9311
-8030
-6168
-4866
-3963
-2478
-405
1381
2572
3656
4977
6176
6895
7412
7822
7675
6631
5057
3609
2453
1385
173
-1199
-2499
-3545
-4190
-4407
-4422
-4463
-4555
-4560
-4651
-5711
-8217
-10954
-12395
-12724
-13002
-12944
-11703
-10401
-10769
-11826
-10859
-7909
-5555
-4172
-1612
2286
5029
5740
6561
8627
10200
10404
11026
13061
14689
14157
12476
11506
11005
9803
8247
7349
6749
5278
2951
880
-566
-2112
-4115
-5850
-6640
-6744
-6793
-7086
-7337
-7144
-6520
-5570
-4092
-2003
174
1590
2324
3458
5376
7061
7855
8455
9500
10297
9802
8582
7675
6594
4414
1862
528
34
-1552
-4288
-6230
-6770
-7453
-8889
-9409
-8313
-7391
-7681
-7633
-5890
-3748
-2840
-2376
-775
1570
3096
3787
4849
6418
7308
7117
6966
7339
7251
5927
4082
2823
1886
551
-1140
-2582
-3535
-4248
-4840
-5205
-5144
-4622
-4032
-3728
-3526
-3211
-3680
-5958
-8989
-10672
-10843
-11211
-11906
-11369
-10091
-10341
-11843
-11566
-8866
-6533
-5569
-3609
195
3167
3764
4177
6206
8339
8997
9615
11660
13597
13410
11895
11185
11247
10626
9391
8636
8222
6971
4763
2689
1211
-209
-1751
-3001
-3725
-4239
-4915
-5774
-6550
-6839
-6407
-5465
-4329
-2976
-1405
-46
793
1665
3210
4958
6189
7171
8265
9073
9029
8575
8331
7640
5812
3619
2013
619
-1354
-3451
-4672
-5329
-6537
-8154
-9002
-8854
-8616
-8589
-7925
-6217
-4573
-3928
-3491
-2134
-253
1078
1955
3308
5123
6236
6327
6265
6483
6418
5650
4709
4195
3728
2594
902
-484
-1335
-2183
-3089
-3584
-3381
-3007
-2949
-2898
-2623
-2384
-2390
-2833
-4018
-6112
-8452
-10010
-10843
-11527
-11719
-11071
-10597
-11273
-12008
-11058
-8956
-7314
-5764
-3058
148
2087
2890
4356
6617
8145
8914
10269
12209
13237
12797
12132
12079
11907
11124
10227
9507
8428
6613
4572
2794
1125
-542
-1923
-2948
-3917
-4975
-5849
-6487
-6996
-7061
-6451
-5418
-4418
-3535
-2456
-1194
-46
1216
2865
4630
6069
7100
8051
8823
9052
9018
9018
8510
6973
4911
3097
1263
-1124
-3334
-4321
-4801
-6210
-7999
-8695
-8461
-8662
-9129
-8282
-6187
-4737
-4510
-3891
-2080
-399
248
1078
3098
5107
5657
5408
5846
6728
6847
6189
5830
5840
5110
3412
1750
773
-11
-1114
-2151
-2604
-2756
-3211
-3713
-3658
-3142
-2820
-2831
-2755
-3057
-4815
-7715
-9941
-10667
-10989
-11546
-11468
-10575
-10441
-11658
-12222
-10732
-8490
-6867
-4981
-1830
1241
2618
3201
4720
6876
8317
9329
10979
12835
13417
12577
11750
11586
11338
10570
9751
9081
8049
6280
4110
2058
388
-848
-1810
-2760
-3721
-4508
-5259
-6215
-7077
-7044
-6085
-5061
-4360
-3429
-2024
-867
-123
1051
2926
4726
5878
6768
7746
8355
8334
8157
8163
7927
6844
4989
2869
816
-1154
-2883
-4048
-4928
-6119
-7722
-8982
-9340
-9245
-9026
-8281
-6810
-5332
-4464
-3551
-1879
49
1347
2339
3881
5606
6579
6793
7120
7713
7748
7049
6233
5570
4598
3119
1646
486
-587
-1864
-3128
-4025
-4445
-4428
-4289
-4186
-3910
-3414
-3031
-3049
-3309
-3930
-5519
-7940
-9852
-10427
-10541
-10959
-11147
-10783
-10749
-11470
-11450
-9631
-7283
-5739
-4214
-1623
1059
2506
3379
5030
7160
8569
9530
10987
12510
12920
12260
11827
12070
12159
11544
10557
9529
8195
6393
4490
2917
1719
598
-674
-2104
-3422
-4365
-5130
-5975
-6573
-6394
-5693
-5266
-5143
-4617
-3527
-2454
-1534
-181
1672
3259
4159
4866
5807
6660
7070
7269
7491
7406
6591
5114
3282
1298
-598
-2119
-3264
-4322
-5414
-6425
-7302
-7971
-8182
-7708
-6732
-5646
-4649
-3735
-2685
-1352
190
1685
3045
4369
5493
6103
6242
6311
6421
6220
5594
4887
4244
3313
1842
311
-732
-1469
-2335
-3217
-3695
-3910
-4200
-4420
-4228
-3655
-3079
-2693
-2434
-2272
-2339
-3162
-5089
-7356
-8687
-9010
-9368
-9909
-9897
-9572
-10198
-11513
-11410
-9361
-7301
-6263
-4821
-2142
159
941
1688
3896
6436
7792
8758
10533
12317
12671
12055
11988
12504
12521
11816
11026
10191
8805
6941
5180
3863
2814
1693
347
-1169
-2538
-3561
-4495
-5572
-6309
-6223
-5766
-5630
-5619
-5085
-4217
-3646
-3007
-1571
261
1598
2426
3402
4529
5318
5813
6397
6842
6504
5486
4387
3288
2006
741
-92
-655
-1504
-2623
-3483
-3977
-4442
-4808
-4649
-3936
-3214
-2847
-2442
-1574
-557
87
595
1402
2382
2986
3080
3241
3637
3767
3318
2610
2056
1496
543
-571
-1294
-1608
-2100
-2890
-3409
-3365
-3154
-3185
-3191
-2743
-2034
-1604
-1499
-1355
-1188
-1673
-3342
-5596
-7191
-7931
-8672
-9604
-9927
-9578
-9909
-11411
-12229
-11011
-9082
-7880
-6601
-4083
-1423
-262
346
2289
5111
7082
8265
10002
12109
13084
12752
12507
12918
13133
12676
12042
11482
10550
8933
6968
5215
3858
2720
1494
47
-1392
-2620
-3890
-5345
-6444
-6702
-6556
-6745
-7153
-7011
-6343
-5864
-5435
-4343
-2648
-1124
-58
1059
2427
3483
4142
5005
6072
6587
6340
5892
5461
4717
3761
3235
3058
2423
1230
230
-328
-992
-1942
-2562
-2517
-2376
-2590
-2681
-2197
-1612
-1546
-1666
-1268
-468
-18
-97
42
542
719
303
-100
-75
-91
-619
-1276
-1473
-1416
-1648
-2085
-2129
-1787
-1616
-1703
-1585
-1081
-602
-403
-185
255
571
139
-1290
-3351
-5359
-6803
-7744
-8471
-8957
-9204
-9781
-11073
-12206
-11937
-10518
-9202
-8058
-6195
-3843
-2261
-1427
73
2567
4822
6329
8011
10136
11573
11792
11813
12499
13305
13474
13205
12882
12218
10828
9056
7573
6514
5511
4237
2693
1036
-654
-2387
-4094
-5431
-6140
-6496
-7047
-7840
-8380
-8453
-8377
-8195
-7440
-6056
-4693
-3706
-2649
-1179
309
1492
2657
4022
5177
5759
6030
6300
6433
6264
5993
5779
5417
4753
4011
3296
2451
1450
569
9
-437
-1048
-1719
-2222
-2599
-2974
-3371
-3576
-3423
-3146
-2966
-2802
-2527
-2312
-2365
-2448
-2204
-1762
-1587
-1629
-1495
-1182
-1013
-965
-716
-268
23
61
171
470
769
951
1048
1073
952
441
-866
-2968
-5036
-6281
-6970
-7741
-8450
-8741
-9263
-10705
-12089
-11909
-10537
-9461
-8682
-7088
-4921
-3541
-2824
-1191
1481
3736
5168
6844
8994
10475
10874
11265
12277
13176
13397
13272
13127
12698
11691
10393
9225
8247
7254
5969
4315
2609
1117
-327
-1908
-3338
-4268
-5053
-6255
-7531
-8109
-8142
-8351
-8616
-8202
-7202
-6424
-5935
-4966
-3451
-2143
-1177
22
1455
2440
2891
3541
4574
5289
5430
5537
5861
5969
5707
5542
5574
5196
4201
3251
2801
2434
1695
850
195
-525
-1529
-2405
-2719
-2758
-3018
-3389
-3533
-3487
-3590
-3866
-4004
-3893
-3716
-3663
-3525
-3178
-2834
-2644
-2425
-2039
-1675
-1450
-1203
-833
-479
-180
156
464
556
242
-676
-2200
-3810
-4838
-5344
-5882
-6427
-6716
-7255
-8599
-9916
-9910
-8907
-8198
-7715
-6512
-4986
-4280
-3948
-2604
-447
1145
2132
3577
5381
6492
6982
7887
9276
10259
10662
11081
11540
11526
11053
10593
10231
9756
9203
8611
7714
6442
5163
4062
2934
1764
797
-78
-1214
-2463
-3351
-3928
-4613
-5326
-5670
-5747
-5884
-5912
-5525
-5001
-4746
-4522
-3939
-3223
-2792
-2422
-1711
-925
-505
-161
638
1606
2089
2255
2783
3563
3867
3704
3786
4190
4248
3834
3535
3450
3049
2285
1764
1673
1465
880
237
-304
-940
-1638
-2085
-2290
-2627
-3174
-3670
-4046
-4414
-4676
-4627
-4415
-4369
-4405
-4176
-3700
-3259
-2859
-2278
-1601
-1138
-834
-401
114
413
380
62
-596
-1503
-2251
-2649
-2949
-3324
-3703
-4222
-5141
-6144
-6558
-6367
-6098
-5823
-5221
-4467
-4058
-3850
-3227
-2175
-1172
-256
867
2070
2919
3510
4306
5323
6210
6896
7513
7992
8179
8224
8386
8605
8662
8506
8191
7724
7121
6491
5928
5398
4859
4263
3540
2712
1901
1165
480
-88
-436
-724
-1227
-1837
-2215
-2384
-2619
-2856
-2825
-2686
-2811
-3047
-3008
-2819
-2863
-3006
-2853
-2490
-2261
-2099
-1777
-1452
-1328
-1209
-840
-343
118
600
1079
1376
1545
1841
2208
2360
2320
2303
2214
1836
1344
1018
700
106
-604
-1100
-1446
-1874
-2295
-2511
-2617
-2818
-3028
-3050
-2938
-2835
-2694
-2394
-1989
-1655
-1444
-1266
-1057
-840
-628
-404
-167
16
107
160
241
288
116
-353
-950
-1464
-1846
-2153
-2416
-2639
-2929
-3374
-3818
-4021
-3942
-3730
-3455
-3085
-2669
-2309
-2012
-1678
-1261
-781
-242
318
778
1091
1317
1528
1753
2038
2415
2765
2933
2963
3051
3231
3414
3607
3863
4092
4156
4124
4166
4275
4336
4362
4408
4439
4391
4287
4147
3919
3635
3416
3272
3059
2725
2378
2047
1646
1199
830
541
219
-155
-439
-604
-788
-1073
-1388
-1631
-1798
-1929
-2010
-2032
-2051
-2134
-2252
-2319
-2312
-2278
-2262
-2260
-2263
-2259
-2219
-2142
-2086
-2069
-2046
-1980
-1911
-1840
-1707
-1518
-1385
-1337
-1233
-992
-719
-501
-272
8
217
271
281
348
392
349
290
251
126
-124
-371
-541
-716
-935
-1097
-1170
-1268
-1400
-1411
-1252
-1069
-952
-826
-661
-559
-533
-455
-274
-133
-119
-151
-138
-143
-243
-390
-517
-651
-833
-997
-1081
-1116
-1184
-1286
-1362
-1394
-1420
-1451
-1444
-1378
-1260
-1095
-889
-675
-504
-377
-243
-38
259
632
1041
1426
1753
2037
2306
2591
2918
3297
3698
4052
4309
4494
4644
4743
4784
4817
4907
5029
5081
5037
4944
4795
4532
4154
3736
3331
2916
2467
2000
1488
887
210
-481
-1142
-1742
-2244
-2635
-3001
-3401
-3763
-4007
-4179
-4333
-4392
-4256
-3975
-3691
-3413
-3067
-2692
-2382
-2085
-1661
-1102
-576
-198
68
277
385
359
308
292
280
188
-10
-277
-599
-986
-1413
-1805
-2077
-2237
-2372
-2547
-2717
-2804
-2808
-2786
-2724
-2514
-2137
-1714
-1336
-959
-531
-134
165
458
875
1355
1725
1926
2032
2061
1959
1757
1598
1525
1400
1134
800
472
102
-325
-695
-935
-1112
-1297
-1459
-1569
-1685
-1842
-1971
-1986
-1886
-1707
-1461
-1172
-910
-688
-435
-81
330
738
1150
1585
2013
2402
2759
3102
3410
3669
3914
4176
4426
4604
4665
4622
4516
4373
4217
4033
3799
3486
3086
2621
2127
1638
1164
678
161
-351
-817
-1241
-1644
-1981
-2213
-2396
-2592
-2754
-2772
-2652
-2484
-2295
-2049
-1764
-1526
-1335
-1084
-745
-409
-146
62
223
277
207
97
5
-103
-271
-482
-723
-1025
-1388
-1757
-2074
-2328
-2543
-2726
-2873
-2997
-3088
-3118
-3071
-2945
-2749
-2493
-2194
-1890
-1581
-1231
-840
-451
-92
246
581
897
1165
1384
1550
1644
1674
1682
1696
1704
1683
1612
1476
1296
1105
936
780
619
465
304
100
-135
-347
-512
-654
-766
-794
-745
-713
-749
-779
-717
-579
-411
-193
82
342
520
666
893
1207
1511
1766
2018
2288
2518
2661
2762
2879
2985
3013
2966
2887
2778
2585
2290
1946
1617
1298
944
543
129
-267
-661
-1070
-1449
-1729
-1929
-2119
-2298
-2404
-2420
-2405
-2371
-2232
-1952
-1639
-1381
-1133
-836
-536
-294
-63
211
455
578
627
689
724
650
503
381
278
116
-92
-267
-430
-649
-901
-1098
-1237
-1372
-1503
-1575
-1595
-1624
-1656
-1630
-1519
-1376
-1228
-1052
-836
-638
-493
-354
-177
24
220
399
560
688
759
782
813
887
969
1016
1020
1006
983
931
865
823
821
814
749
646
550
443
315
214
186
184
115
-34
-191
-311
-401
-462
-459
-394
-338
-339
-360
-303
-168
-17
126
291
483
654
782
897
1038
1179
1260
1292
1315
1327
1283
1159
1002
842
661
445
201
-49
-307
-584
-874
-1136
-1354
-1544
-1711
-1838
-1906
-1928
-1913
-1843
-1693
-1496
-1289
-1090
-885
-657
-403
-112
214
526
774
947
1061
1130
1169
1201
1240
1269
1249
1182
1076
928
745
564
429
339
249
130
10
-107
-245
-387
-477
-486
-465
-496
-549
-558
-529
-518
-530
-504
-422
-353
-318
-250
-125
-29
-27
-43
35
189
313
394
486
591
649
655
689
782
866
876
845
817
775
675
529
405
330
252
120
-51
-220
-387
-566
-733
-837
-884
-935
-1018
-1087
-1099
-1072
-1040
-984
-865
-710
-571
-454
-317
-153
9
148
291
439
561
632
671
695
698
670
612
531
413
265
115
-29
-173
-311
-430
-526
-618
-705
-768
-791
-791
-783
-761
-708
-640
-580
-524
-449
-344
-222
-97
21
134
228
291
361
463
596
703
748
757
758
739
692
653
655
669
633
545
455
379
286
174
95
60
21
-63
-171
-255
-329
-415
-495
-527
-514
-512
-532
-539
-514
-481
-454
-402
-308
-192
-83
29
155
283
391
477
577
713
845
945
1009
1042
1036
1000
955
912
855
774
659
517
370
226
82
-59
-185
-303
-419
-538
-652
-749
-821
-852
-841
-798
-739
-694
-659
-596
-502
-372
-222
-80
34
107
162
224
295
362
416
443
433
377
296
209
130
47
-37
-95
-147
-236
-364
-486
-573
-640
-679
-673
-643
-626
-657
-679
-649
-582
-507
-436
-347
-266
-217
-173
-96
6
109
200
280
349
392
416
423
433
463
503
524
515
483
443
392
327
268
237
201
127
37
-33
-90
-149
-207
-250
-284
-321
-355
-369
-370
-378
-384
-376
-345
-302
-250
-181
-114
-64
-14
57
147
250
367
487
589
664
712
744
768
785
797
802
780
726
638
536
434
336
252
171
82
-19
-132
-239
-324
-380
-406
-413
-413
-407
-391
-369
-336
-282
-201
-98
-10
48
94
133
164
183
202
217
207
166
108
57
11
-44
-94
-134
-177
-243
-336
-422
-494
-553
-596
-610
-604
-608
-635
-651
-629
-581
-530
-465
-390
-328
-295
-266
-208
-138
-84
-31
31
91
121
129
154
191
224
256
302
343
356
342
323
317
315
316
325
339
332
316
287
249
206
164
130
95
54
7
-44
-100
-155
-199
-225
-236
-236
-227
-213
-191
-165
-128
-81
-16
77
179
261
322
372
436
495
537
575
608
607
568
510
464
423
358
261
165
83
-4
-87
-160
-213
-260
-299
-310
-293
-263
-237
-217
-183
-121
-48
25
89
124
125
126
132
139
137
122
87
22
-52
-114
-153
-186
-226
-264
-290
-318
-353
-389
-411
-425
-432
-412
-367
-322
-293
-269
-243
-213
-177
-123
-57
-9
8
3
-10
-25
-38
-45
-34
-32
-52
-74
-84
-84
-84
-87
-86
-74
-54
-34
-9
14
35
51
79
118
156
186
197
199
185
176
171
165
157
135
108
79
51
30
7
-13
-27
-33
-27
-22
-16
-10
-3
5
20
42
75
107
138
162
176
183
188
199
205
202
189
172
147
113
74
55
53
44
21
5
1
-3
-5
1
23
47
63
69
86
114
135
147
159
170
171
159
149
135
112
85
59
33
5
-40
-83
-120
-143
-153
-161
-160
-166
-177
-184
-179
-157
-139
-127
-116
-103
-85
-69
-52
-34
-23
-25
-30
-21
-24
-46
-79
-104
-115
-133
-159
-186
-210
-234
-255
-261
-235
-205
-184
-166
-142
-112
-76
-36
8
50
81
110
135
157
173
176
172
161
144
116
83
49
16
-13
-38
-63
-81
-89
-94
-97
-95
-89
-81
-75
-63
-43
-28
-22
-23
-19
-15
-5
5
23
40
36
35
39
48
47
39
36
39
40
38
47
57
65
60
63
85
114
133
144
146
153
160
173
188
201
198
181
159
142
129
108
82
55
33
10
-7
-21
-33
-42
-48
-51
-46
-34
-22
-12
0
13
20
25
29
33
35
32
27
25
23
21
16
12
6
-6
-17
-31
-46
-65
-88
-110
-118
-123
-125
-126
-132
-140
-147
-151
-144
-125
-112
-98
-82
-68
-51
-36
-26
-15
-6
-3
-2
-5
-14
-26
-37
-46
-52
-56
-57
-60
-65
-66
-63
-61
-51
-42
-34
-24
-19
-10
-1
10
24
34
44
50
52
52
50
46
40
35
28
20
12
4
-2
-6
-12
-11
-8
-4
6
23
43
61
73
81
95
109
118
128
137
144
143
139
131
119
100
81
55
24
-6
-27
-48
-65
-81
-97
-102
-97
-96
-89
-70
-52
-37
-24
-5
18
31
35
44
55
64
63
61
63
54
39
35
34
29
16
-1
-15
-26
-39
-54
-61
-65
-66
-69
-65
-52
-40
-31
-22
-14
-10
2
10
11
8
1
-12
-26
-37
-49
-56
-64
-67
-69
-72
-76
-76
-69
-61
-52
-43
-28
-14
-1
14
35
52
63
67
72
76
71
66
59
49
41
33
24
19
6
-12
-21
-24
-26
-27
-29
-29
-25
-21
-14
-5
7
16
25
35
45
52
56
61
61
60
61
61
53
43
29
13
-1
-13
-20
-29
-39
-47
-53
-58
-64
-67
-63
-53
-43
-35
-20
-9
0
6
14
26
38
42
44
46
42
37
25
14
7
-3
-15
-22
-25
-33
-34
-33
-28
-17
-8
3
15
25
31
35
37
44
45
45
43
42
41
37
27
13
-4
-23
-38
-46
-52
-59
-70
-78
-79
-79
-71
-64
-54
-37
-23
-11
-4
3
16
22
33
42
46
46
44
38
32
29
27
26
20
12
6
1
-10
-17
-24
-26
-26
-34
-30
-25
-17
-12
-8
1
9
14
11
13
14
11
2
-5
-7
-9
-12
-18
-18
-20
-24
-27
-29
-28
-26
-24
-19
-14
-12
-8
-3
6
16
30
41
48
47
38
28
18
15
12
12
10
10
1
-11
-15
-18
-17
-16
-14
-12
-8
-7
-5
6
18
31
37
46
53
55
55
51
54
55
51
45
34
22
12
-2
-8
-7
-4
-1
-1
-4
-14
-21
-26
-28
-29
-31
-26
-21
-15
-14
-19
-23
-27
-33
-37
-38
-38
-39
-44
-42
-34
-23
-9
1
8
14
12
7
8
18
35
51
60
61
49
32
11
1
0
2
-5
-12
-23
-44
-62
-68
-61
-56
-55
-80
-110
-129
-122
-90
-27
60
119
137
122
88
50
31
50
80
102
96
68
22
-23
-55
-58
-41
-25
-15
-24
-40
-56
-45
-40
-31
-15
-15
-49
-85
-88
-89
-73
-11
64
110
122
98
39
-26
-62
-70
-46
5
58
78
63
36
8
3
28
75
121
153
149
115
80
59
56
75
79
49
-3
-63
-128
-159
-127
-73
-8
18
21
-20
-79
-107
-106
-58
-12
20
-1
-66
-133
-172
-150
-84
5
60
77
38
1
5
66
154
237
297
277
174
29
-78
-109
-79
7
105
134
66
-40
-143
-199
-179
-84
15
44
3
-84
-176
-234
-219
-120
-19
35
25
-28
-107
-171
-137
-23
92
153
164
110
-9
-96
-91
-20
70
161
223
201
112
28
-7
5
38
76
88
42
-53
-139
-155
-121
-48
27
61
20
-73
-143
-168
-146
-81
8
60
41
-19
-52
-52
-52
7
106
154
131
108
86
27
9
36
65
73
65
30
-27
-44
-35
1
76
148
163
148
97
19
-46
-74
-61
-46
-7
32
12
-48
-96
-108
-129
-113
-18
45
27
0
-18
-82
-129
-76
16
66
96
94
45
-19
-47
-20
29
76
114
110
51
-23
-49
-35
-15
31
80
79
7
-58
-89
-95
-52
24
68
56
9
-69
-149
-167
-122
-65
-1
33
12
-66
-129
-146
-118
-34
73
157
170
135
75
21
-2
6
57
87
40
-14
-59
-107
-112
-30
50
77
60
3
-66
-110
-81
15
102
130
99
21
-92
-173
-136
-58
35
119
130
25
-99
-125
-148
-102
26
119
62
-23
-51
-105
-90
55
221
233
168
90
-21
-155
-151
22
110
114
84
34
-116
-196
-102
0
98
124
80
-24
-77
-114
-111
25
70
-19
-41
-49
-143
-124
69
131
74
107
61
-65
-88
-14
36
96
129
48
53
49
-28
34
176
150
24
65
46
-63
-65
-6
-10
-59
-113
-156
-111
-80
-113
-20
71
-40
-79
29
-7
-113
-14
63
-33
-20
46
5
-35
34
29
-17
16
-14
-9
71
120
78
97
101
-52
-81
12
23
23
119
78
-35
9
-23
-64
3
65
-62
-67
-8
-103
-98
1
-18
-98
-38
-101
-149
-40
2
-38
45
83
-78
-47
55
21
92
214
141
53
73
-82
-141
16
108
67
142
135
-36
-94
-99
-69
4
109
68
45
-28
-161
-166
-85
-16
20
142
73
-86
-134
-77
-54
-34
134
169
63
-83
-99
-103
-139
-18
153
137
60
125
50
-129
-50
138
76
5
143
96
-146
-196
-30
-57
-78
97
143
-22
-118
-101
-227
-209
-35
25
81
132
26
-56
-52
-119
-63
119
138
46
85
109
-30
-48
8
41
-26
30
51
42
132
95
15
19
-16
-117
-100
45
6
44
89
-33
-79
-136
-150
-59
91
48
18
152
-62
-260
-170
3
-36
22
232
97
-47
-85
-69
-116
51
202
133
117
111
11
-120
-14
20
33
143
23
-15
-76
-43
-85
-102
94
93
103
-60
3
15
-156
-44
-30
44
57
28
-57
-79
45
-151
-50
117
40
-40
1
68
-164
-17
74
-54
20
68
30
-84
54
-24
-112
107
62
-47
98
111
-157
-85
79
-102
-97
137
27
-82
81
11
-51
96
-10
-55
85
6
-127
76
101
-119
38
76
-42
-73
38
-16
-89
58
-30
0
57
20
-17
-17
38
-31
-49
30
43
38
25
65
-22
-33
53
-60
33
42
-2
0
50
-58
-116
97
-60
-66
77
-4
-91
-41
-61
-92
77
-55
-34
157
-62
-102
73
2
-78
112
146
-26
36
33
-139
-6
25
-7
141
72
36
57
-109
-89
34
38
-85
197
190
-235
-22
96
-244
-141
211
-17
-143
