0
0
0
0
1
-1
0
0
0
0
0
-1
-1
0
0
0
0
0
0
0
0
-1
0
0
0
0
0
0
0
1
1
0
0
0
0
1
-1
0
0
-1
0
0
1
-1
0
0
0
-1
0
0
0
-1
-1
0
0
1
0
1
0
1
0
-1
0
0
-1
-1
0
0
0
0
-1
0
0
0
0
0
-1
0
0
0
0
0
1
1
0
0
0
-1
1
0
0
0
0
0
0
1
1
0
-1
0
0
-2
0
-1
-1
0
0
0
0
-1
0
0
1
0
0
0
-1
0
-1
0
0
-1
-1
0
0
-1
1
-1
0
0
1
0
-1
0
0
-1
-1
0
0
0
-1
0
-1
0
0
-1
1
0
0
0
0
0
0
0
0
0
0
1
0
-1
0
-1
1
1
0
-1
0
1
0
0
0
0
0
1
0
0
0
0
0
0
-1
0
0
-1
0
0
1
0
0
1
0
0
0
1
0
0
0
0
0
0
0
-1
0
0
0
1
0
-1
0
0
1
0
1
-1
0
0
0
0
2
0
0
1
0
1
0
1
0
0
0
0
-1
1
1
0
0
-1
0
0
0
0
0
0
0
0
-1
-1
0
0
-1
0
-1
0
0
0
1
0
0
0
0
0
0
0
1
0
0
0
0
1
0
0
0
1
1
0
0
0
0
0
0
0
-1
-1
0
0
1
0
0
0
-1
1
-1
1
1
0
0
0
0
-1
0
0
0
-1
-1
0
0
0
1
1
0
0
-1
0
1
0
-1
0
0
0
0
0
-1
1
-1
0
0
0
0
0
0
0
1
0
0
0
1
0
0
0
-1
1
1
0
0
1
0
0
-1
0
1
0
0
0
0
1
0
-1
0
-1
-1
1
0
1
0
0
0
0
1
0
1
0
0
0
0
0
0
0
0
1
-1
-1
0
0
0
-1
0
0
-1
0
0
-1
0
0
0
0
0
0
0
1
1
0
-1
0
0
0
0
0
-1
0
0
0
0
1
0
0
-1
0
1
0
0
0
0
0
2
-1
0
0
-1
0
-1
0
1
0
1
1
0
0
0
0
1
0
1
0
0
0
-1
-1
0
0
0
0
1
0
0
0
0
0
-1
1
0
0
0
0
0
0
1
1
0
0
0
0
0
-1
0
0
1
0
1
0
0
0
0
0
0
0
0
0
0
0
1
0
0
-1
1
-1
0
0
0
0
-1
0
0
0
-1
0
0
0
0
0
0
0
0
-1
1
-1
0
0
0
0
-1
-1
0
-1
1
1
0
-1
1
0
0
0
0
0
0
0
0
0
0
-1
0
0
0
0
0
0
0
0
0
0
0
0
0
0
0
0
0
0
-1
0
0
-1
-1
0
-1
-1
0
1
1
0
-1
0
0
1
0
-1
-1
0
-1
1
0
-1
0
0
-1
0
0
-1
1
-1
0
1
0
1
0
0
0
0
0
-1
-1
0
0
0
0
0
0
0
0
1
0
0
0
0
-1
-1
0
0
-2
0
1
-1
0
0
0
0
0
-1
0
1
0
1
0
0
0
0
0
0
1
0
-1
-1
0
0
0
0
-1
1
0
0
0
0
0
0
0
1
1
1
0
-1
0
1
0
1
0
0
-1
-1
0
0
1
0
0
0
0
0
0
-1
0
0
-1
0
-1
0
0
0
0
0
1
1
1
0
1
1
-1
0
0
-1
0
1
0
0
0
0
0
0
0
-1
0
0
0
0
0
0
1
0
0
-1
0
0
-1
0
-1
0
0
1
1
0
0
1
-1
0
1
0
-1
0
1
0
0
0
-1
0
-1
0
0
-1
1
1
0
-1
0
0
0
-1
0
0
1
0
0
0
0
0
0
0
0
0
1
-1
0
0
0
0
0
1
-1
1
0
0
0
0
0
0
1
-1
0
-1
1
-1
1
0
0
0
0
-1
-1
0
0
0
-1
1
0
0
0
1
0
-1
0
0
1
0
-1
-1
0
1
0
-1
0
0
0
-1
0
0
0
0
0
0
0
0
-1
0
0
0
0
0
0
0
0
-1
0
-1
-1
-1
0
1
1
0
0
0
0
0
0
1
0
1
-1
1
1
1
0
0
0
0
0
1
0
0
-1
0
0
0
1
0
-1
0
0
1
0
0
0
0
0
0
1
0
1
1
0
0
0
0
0
-1
-1
0
0
0
0
-1
1
1
0
0
-1
0
-1
0
0
1
0
0
1
0
1
-1
0
0
0
1
0
0
0
1
0
0
0
0
0
-1
0
0
0
1
-1
0
0
0
0
0
0
0
1
0
0
0
0
0
1
0
1
0
-1
1
0
-1
0
0
0
-1
0
-1
0
0
-1
-1
1
-1
1
0
-1
0
1
0
1
0
0
0
0
0
0
1
-1
0
0
0
0
0
1
0
0
-1
0
0
0
0
0
0
0
0
0
0
-1
0
0
0
0
0
-1
0
1
-1
0
0
1
0
0
-1
0
1
0
-1
0
0
1
0
0
0
1
0
0
0
0
-1
1
1
0
0
0
1
1
0
0
0
0
0
0
1
2
0
0
0
0
0
0
0
0
0
0
1
0
0
0
1
0
0
0
-1
0
-1
1
-1
0
1
0
0
0
0
0
-1
0
-1
0
0
1
0
0
0
-1
1
-1
0
0
0
0
1
0
0
0
0
1
0
0
1
1
0
0
1
0
0
1
0
0
0
0
0
0
0
0
1
0
0
-1
0
0
1
2
0
0
0
1
1
0
0
1
1
-1
1
-1
0
0
0
1
0
0
0
1
-1
0
1
0
1
0
0
-1
1
0
-1
1
0
-1
0
0
0
0
0
-1
0
0
0
-1
0
-1
0
0
0
-1
0
0
0
0
0
0
0
0
-1
0
0
1
0
0
0
-1
0
1
0
-1
0
0
1
0
0
0
0
0
0
0
0
0
1
0
0
0
-1
0
0
0
0
-1
0
1
-1
0
0
0
-1
0
1
1
0
0
0
1
0
0
0
0
0
0
0
0
0
0
0
-1
0
0
0
-1
-1
0
0
0
0
0
-1
0
0
0
0
0
1
0
0
1
0
-1
0
0
-1
0
0
0
0
0
0
0
-1
1
1
0
0
1
0
0
0
0
0
1
0
0
0
0
0
0
0
0
0
0
0
-1
1
0
0
0
0
-1
0
-1
0
0
0
0
0
0
0
0
0
0
0
0
0
-1
-1
0
0
1
0
1
0
0
0
0
0
0
0
0
1
0
1
0
0
0
1
0
1
0
0
0
1
0
0
0
0
0
0
-1
-1
0
-1
0
1
-1
0
1
0
-1
0
-1
0
1
0
0
0
0
0
-1
0
0
0
0
0
0
0
0
0
0
0
1
0
0
0
0
-1
0
0
0
0
0
0
-1
0
1
0
0
-1
0
0
0
-1
0
0
0
0
0
0
-1
1
-1
0
-1
0
0
0
0
0
0
-1
1
1
0
0
0
0
0
0
1
0
0
0
0
0
1
-1
-1
0
0
0
-1
-1
0
0
1
0
0
1
0
0
1
0
0
0
0
0
1
-1
1
0
1
0
0
0
0
0
0
0
0
0
-1
0
1
0
0
0
1
0
0
0
0
0
0
1
0
1
0
0
0
0
0
0
-1
0
0
0
0
0
0
0
0
0
0
0
0
0
0
-1
0
0
1
0
1
0
-1
0
0
0
1
0
0
0
1
-1
1
-1
0
0
0
0
0
0
-1
0
1
0
1
1
1
0
-1
0
0
-1
1
0
0
0
1
1
0
0
0
0
0
0
0
-1
0
0
0
-1
1
0
-1
0
0
0
0
-1
0
1
0
0
0
0
0
0
0
-1
1
0
0
0
0
0
0
0
0
-1
-1
0
0
-1
0
0
0
0
0
0
0
0
0
-1
0
0
0
0
1
-1
0
0
0
0
0
0
0
0
0
0
0
0
0
-1
0
-1
-1
0
0
0
0
1
0
0
0
1
-1
0
0
-1
0
0
0
0
0
1
1
1
0
1
1
1
0
1
1
0
0
1
0
0
0
0
0
0
1
-1
0
-2
0
-1
0
0
0
0
-1
0
0
0
0
0
0
-1
0
0
0
0
0
-1
0
-1
0
-1
0
0
0
0
0
0
0
-1
-1
0
0
0
0
1
0
0
-1
1
-1
0
1
0
0
1
0
0
0
0
0
0
0
0
0
-1
0
-1
1
0
0
-1
0
0
1
0
1
-1
0
0
0
0
0
1
0
0
0
0
0
-1
0
-1
1
0
0
0
0
0
-1
0
0
0
0
-1
1
-1
-1
-1
0
0
0
0
1
0
0
0
0
1
1
0
0
1
0
0
0
1
0
0
1
1
1
0
0
1
1
0
1
0
0
0
1
1
0
-1
0
0
1
0
-1
-1
0
-1
-1
0
-1
-1
-1
0
-1
1
-1
-1
-1
-1
-1
0
0
-1
0
-1
0
0
0
0
-1
0
1
0
0
0
0
0
-1
1
0
0
0
0
0
1
0
0
0
-1
1
1
-1
0
0
0
0
-1
0
0
0
0
0
0
1
2
0
1
1
1
0
0
0
0
1
1
0
1
-1
-1
-1
0
0
0
-1
0
0
0
0
-1
0
0
0
-1
0
0
0
0
0
0
1
0
0
1
-1
0
0
0
0
0
0
1
1
0
1
0
1
0
0
0
0
0
0
0
0
0
1
0
1
0
-1
0
1
0
-1
0
0
0
0
0
-1
0
0
0
0
0
0
0
1
0
0
0
1
0
1
1
0
2
1
1
2
0
1
0
1
1
0
0
0
0
0
0
0
-1
-2
-2
-2
-2
-3
-3
-2
-3
-2
-3
-2
-3
-4
-4
-3
-5
-4
-3
-4
-4
-3
-2
-3
-3
-2
-2
-2
-1
-1
0
-1
0
0
1
1
2
2
3
4
4
4
5
5
6
6
7
7
7
7
8
9
9
9
9
8
9
8
9
9
7
7
6
5
5
3
3
3
2
1
-1
-1
-1
-2
-4
-4
-6
-7
-7
-8
-9
-10
-11
-12
-12
-12
-13
-14
-15
-14
-14
-15
-15
-14
-13
-13
-13
-12
-11
-10
-10
-8
-7
-6
-5
-3
-2
0
1
2
4
6
8
9
10
12
14
14
15
17
17
19
19
19
19
21
21
20
20
20
19
18
17
15
15
13
12
10
7
5
4
2
-1
-3
-5
-7
-9
-11
-13
-15
-18
-19
-19
-22
-22
-23
-24
-24
-25
-25
-26
-24
-23
-23
-22
-21
-20
-19
-16
-15
-14
-10
-8
-6
-3
0
3
5
8
12
14
18
22
26
30
33
36
40
41
44
47
48
50
50
51
51
50
49
47
45
42
39
34
30
25
19
13
7
0
-8
-15
-24
-31
-38
-46
-54
-61
-69
-74
-82
-88
-96
-103
-108
-114
-119
-123
-126
-129
-130
-130
-129
-128
-124
-119
-112
-104
-98
-89
-80
-70
-56
-44
-29
-12
4
21
39
55
72
92
108
124
141
156
170
186
200
213
226
237
246
254
259
264
266
265
264
262
259
255
248
239
233
225
213
199
182
166
146
125
103
81
59
38
16
-7
-30
-52
-74
-97
-119
-141
-161
-181
-200
-216
-233
-249
-262
-277
-287
-297
-306
-312
-319
-325
-332
-336
-343
-346
-350
-351
-352
-353
-355
-356
-356
-361
-363
-369
-373
-381
-391
-403
-420
-432
-440
-448
-451
-447
-439
-423
-398
-364
-324
-273
-217
-155
-83
-4
80
168
260
351
442
532
620
704
782
853
918
979
1032
1076
1111
1133
1149
1152
1149
1135
1116
1089
1053
1010
961
904
847
781
710
637
558
479
397
312
225
135
43
-50
-145
-240
-336
-431
-524
-615
-698
-780
-855
-922
-982
-1037
-1087
-1125
-1155
-1177
-1189
-1188
-1175
-1151
-1117
-1074
-1022
-960
-888
-806
-716
-621
-519
-415
-304
-190
-82
26
134
234
332
430
519
603
682
749
808
859
901
931
952
963
960
953
933
908
869
823
772
708
638
562
477
387
286
185
77
-33
-147
-263
-379
-497
-617
-736
-853
-968
-1080
-1189
-1286
-1382
-1469
-1548
-1615
-1671
-1718
-1752
-1779
-1785
-1777
-1749
-1700
-1634
-1546
-1441
-1317
-1173
-1019
-850
-667
-472
-269
-62
153
368
578
783
981
1172
1353
1522
1679
1826
1964
2093
2208
2313
2404
2480
2542
2589
2621
2644
2649
2640
2619
2582
2531
2461
2379
2277
2164
2035
1891
1738
1574
1403
1219
1022
818
602
378
148
-90
-330
-569
-806
-1039
-1259
-1478
-1689
-1889
-2081
-2260
-2426
-2577
-2712
-2829
-2920
-2982
-3018
-3025
-3011
-2976
-2912
-2818
-2702
-2556
-2388
-2200
-1991
-1766
-1523
-1270
-1013
-758
-500
-245
8
263
513
755
986
1205
1410
1597
1766
1910
2036
2140
2222
2286
2332
2353
2351
2328
2282
2213
2120
2009
1880
1731
1569
1398
1207
1008
797
575
343
106
-137
-382
-627
-869
-1107
-1339
-1562
-1781
-1986
-2177
-2365
-2543
-2706
-2856
-2984
-3095
-3187
-3261
-3310
-3327
-3310
-3256
-3169
-3049
-2900
-2713
-2490
-2235
-1949
-1637
-1306
-957
-593
-210
181
573
958
1330
1694
2049
2392
2715
3016
3289
3542
3769
3970
4138
4270
4373
4434
4464
4463
4438
4386
4305
4200
4070
3915
3739
3538
3316
3070
2807
2530
2241
1943
1635
1315
986
646
297
-58
-412
-765
-1112
-1446
-1770
-2077
-2367
-2643
-2896
-3136
-3356
-3552
-3723
-3861
-3973
-4051
-4090
-4098
-4075
-4024
-3943
-3843
-3722
-3572
-3396
-3194
-2968
-2722
-2464
-2195
-1912
-1618
-1318
-1014
-716
-415
-111
201
514
821
1112
1386
1639
1873
2090
2279
2448
2589
2711
2813
2898
2961
2993
2993
2963
2907
2829
2721
2590
2434
2259
2064
1842
1607
1350
1077
789
494
194
-106
-398
-676
-943
-1200
-1454
-1707
-1953
-2188
-2414
-2625
-2822
-3007
-3179
-3330
-3451
-3557
-3649
-3724
-3781
-3799
-3772
-3699
-3575
-3421
-3232
-2997
-2708
-2377
-2014
-1637
-1245
-832
-394
70
543
1013
1467
1906
2326
2735
3119
3462
3770
4037
4272
4490
4685
4838
4946
5006
5024
5005
4961
4886
4783
4649
4489
4311
4120
3911
3679
3414
3124
2813
2485
2150
1811
1466
1110
747
384
18
-349
-723
-1098
-1472
-1836
-2182
-2514
-2824
-3117
-3395
-3654
-3891
-4105
-4294
-4459
-4593
-4694
-4751
-4764
-4738
-4670
-4566
-4424
-4244
-4025
-3777
-3501
-3204
-2882
-2534
-2167
-1787
-1404
-1023
-642
-267
101
455
788
1102
1393
1660
1911
2141
2344
2524
2676
2802
2912
2995
3052
3078
3074
3046
3002
2936
2854
2754
2625
2473
2299
2108
1895
1657
1394
1114
831
548
262
-24
-314
-603
-890
-1167
-1438
-1711
-1984
-2242
-2476
-2675
-2852
-3019
-3178
-3335
-3476
-3597
-3704
-3799
-3881
-3925
-3889
-3769
-3579
-3333
-3059
-2759
-2418
-2027
-1593
-1148
-708
-255
226
743
1287
1802
2249
2618
2920
3190
3440
3653
3820
3942
4052
4172
4307
4437
4519
4529
4479
4406
4336
4274
4204
4109
4003
3895
3787
3674
3520
3301
3013
2675
2329
1992
1663
1337
1001
666
331
8
-318
-670
-1055
-1462
-1861
-2231
-2561
-2856
-3125
-3375
-3606
-3802
-3975
-4147
-4313
-4468
-4598
-4662
-4636
-4522
-4333
-4097
-3819
-3505
-3160
-2804
-2457
-2140
-1834
-1511
-1163
-770
-363
24
373
665
898
1086
1220
1316
1388
1486
1645
1831
2075
2320
2519
2667
2739
2780
2787
2750
2712
2667
2636
2615
2572
2479
2288
1990
1623
1214
801
387
-10
-380
-708
-988
-1244
-1509
-1832
-2219
-2636
-3043
-3393
-3681
-3902
-4090
-4263
-4359
-4452
-4553
-4645
-4817
-4952
-4988
-4916
-4635
-4197
-3604
-2924
-2211
-1469
-794
-113
538
1149
1787
2389
2995
3580
4095
4555
4857
4980
4951
4789
4606
4444
4320
4253
4207
4179
4176
4195
4214
4205
4150
4064
4005
4000
4087
4246
4364
4389
4270
3993
3617
3146
2610
2006
1336
686
78
-469
-998
-1574
-2176
-2799
-3351
-3770
-4021
-4075
-4031
-3892
-3696
-3512
-3299
-3148
-3065
-3013
-2988
-2918
-2844
-2755
-2697
-2712
-2836
-3090
-3364
-3619
-3751
-3710
-3483
-3024
-2440
-1790
-1130
-533
3
454
856
1263
1662
2049
2385
2616
2715
2658
2469
2146
1771
1467
1266
1203
1248
1340
1443
1523
1561
1577
1574
1552
1521
1483
1494
1526
1497
1380
1109
721
273
-228
-690
-1094
-1440
-1781
-2149
-2424
-2590
-2697
-2816
-2970
-3044
-3063
-3029
-2979
-2877
-2702
-2610
-2585
-2642
-2731
-2879
-3249
-3762
-4280
-4568
-4556
-4351
-3906
-3219
-2362
-1475
-662
171
1006
1806
2606
3390
4194
4952
5565
5968
6120
6011
5624
5022
4341
3654
3084
2705
2433
2323
2271
2252
2336
2446
2624
2808
3033
3327
3707
4155
4583
4886
4829
4487
3930
3258
2561
1824
1130
380
-299
-915
-1515
-2023
-2603
-3141
-3604
-3914
-3893
-3643
-3187
-2688
-2197
-1784
-1564
-1501
-1662
-1918
-2173
-2443
-2611
-2743
-2819
-2903
-3116
-3397
-3810
-4222
-4529
-4547
-4110
-3385
-2436
-1344
-289
576
1140
1530
1743
1832
1893
1946
2046
2057
1917
1589
1091
514
-92
-574
-815
-743
-366
142
749
1363
1892
2342
2653
2871
3026
3125
3110
2901
2546
2061
1447
672
-170
-898
-1434
-1810
-2105
-2331
-2533
-2836
-3196
-3424
-3450
-3387
-3285
-3013
-2519
-2016
-1566
-1229
-1085
-1220
-1655
-2132
-2678
-3563
-4845
-6079
-6592
-6433
-5959
-5245
-4169
-2719
-1367
-300
707
1927
3247
4354
5284
6158
6968
7470
7438
6859
5898
4734
3510
2353
1404
844
662
657
725
1018
1640
2490
3319
3971
4532
5089
5588
5980
6241
6380
6241
5648
4683
3561
2386
1198
25
-1067
-2014
-2845
-3411
-3688
-3786
-3822
-3833
-3710
-3414
-2834
-2006
-1108
-348
90
178
13
-420
-1058
-1784
-2530
-3125
-3629
-4057
-4354
-4600
-4935
-5498
-6133
-6449
-6169
-5237
-3795
-1974
45
1875
3186
3880
4121
3979
3500
2910
2412
2026
1584
996
233
-603
-1413
-2026
-2264
-2094
-1384
-261
1040
2258
3140
3802
4231
4475
4520
4313
4039
3562
2881
2007
1070
267
-609
-1484
-2231
-2673
-2835
-3006
-3131
-3161
-3054
-2862
-2637
-2367
-2206
-2208
-2264
-2242
-2133
-1971
-1735
-1460
-1347
-1560
-2032
-2841
-4205
-6085
-7835
-8609
-8315
-7310
-5871
-3957
-1740
168
1489
2468
3468
4486
5330
6084
6831
7534
7961
7812
6968
5436
3564
1765
232
-958
-1651
-1613
-919
69
1188
2507
4002
5263
5948
6279
6637
7042
7261
7323
7349
7127
6268
4746
2913
1095
-634
-2183
-3357
-4030
-4190
-3895
-3239
-2515
-2014
-1812
-1690
-1437
-1053
-504
157
812
1129
920
294
-635
-1755
-3041
-4333
-5356
-5981
-6272
-6261
-5928
-5437
-5284
-5698
-6101
-5844
-4767
-3153
-1135
1251
3430
4841
5308
5066
4250
2923
1468
356
-409
-900
-1192
-1338
-1423
-1638
-1829
-1828
-1444
-679
401
1839
3339
4530
5213
5549
5674
5378
4636
3614
2597
1583
447
-607
-1375
-1829
-2206
-2545
-2615
-2471
-2305
-2236
-2062
-1768
-1607
-1597
-1610
-1457
-1301
-1356
-1590
-1853
-1895
-1799
-1660
-1589
-1652
-2066
-3381
-5693
-8339
-10088
-10336
-9446
-7861
-5639
-2777
98
2211
3416
4200
4974
5633
6025
6249
6586
7102
7387
6982
5666
3733
1658
-289
-1929
-2993
-3082
-2153
-551
1307
3289
5391
7224
8279
8447
8123
7715
7320
6919
6519
6178
5628
4586
2979
1021
-990
-2854
-4237
-5003
-5054
-4377
-3092
-1500
-153
666
937
865
648
412
377
553
771
741
251
-646
-1828
-3232
-4792
-6189
-7075
-7402
-7198
-6513
-5445
-4439
-3867
-3499
-3071
-2508
-1830
-799
705
2274
3389
3921
3960
3388
2233
803
-456
-1358
-2014
-2376
-2359
-1999
-1470
-931
-395
102
498
926
1592
2453
3231
3806
4239
4455
4267
3679
2961
2183
1251
227
-600
-1047
-1231
-1313
-1383
-1346
-1318
-1477
-1763
-1893
-1676
-1377
-1323
-1396
-1387
-1423
-1653
-2041
-2331
-2520
-2641
-2509
-2119
-1715
-1571
-1674
-2294
-3989
-6685
-9160
-10091
-9460
-8030
-6102
-3407
-184
2551
4181
5044
5731
6224
6268
6002
5869
6091
6443
6546
5949
4465
2336
123
-1651
-2860
-3303
-2684
-1039
1136
3269
5319
7248
8589
8836
8109
7181
6538
6092
5625
5202
4839
4129
2683
687
-1276
-2869
-4085
-4832
-4821
-3981
-2549
-882
643
1746
2195
2048
1573
1006
512
162
-67
-382
-1011
-1914
-2948
-4080
-5314
-6502
-7228
-7240
-6732
-6031
-5256
-4434
-3773
-3504
-3360
-2881
-1826
-345
1345
3078
4367
4812
4311
3187
1782
331
-890
-1753
-2162
-2240
-2071
-1760
-1343
-859
-410
46
569
1261
2070
2931
3731
4296
4481
4302
3887
3277
2459
1508
640
-68
-596
-1007
-1281
-1429
-1532
-1636
-1712
-1668
-1565
-1432
-1264
-1001
-730
-685
-969
-1492
-2083
-2622
-2952
-2932
-2540
-1896
-1193
-655
-688
-1939
-4635
-8002
-10511
-11205
-10315
-8441
-5787
-2402
917
3265
4474
5110
5593
5841
5878
5860
5996
6299
6607
6567
5645
3720
1334
-806
-2419
-3482
-3639
-2506
-304
2189
4456
6531
8292
9269
9089
8131
7105
6304
5691
5247
5001
4615
3575
1820
-276
-2225
-3783
-4717
-4772
-3991
-2592
-896
868
2330
3070
3025
2429
1608
793
176
-132
-339
-747
-1638
-2872
-4153
-5333
-6409
-7392
-8016
-8049
-7531
-6802
-5911
-4658
-3157
-1767
-723
222
1330
2454
3267
3561
3367
2665
1565
360
-747
-1678
-2423
-2854
-2947
-2831
-2515
-1908
-941
184
1219
2049
2716
3292
3654
3787
3762
3593
3201
2514
1731
1062
569
221
-47
-184
-97
60
80
-106
-284
-404
-649
-975
-1188
-1080
-923
-968
-1280
-1783
-2416
-3168
-3633
-3537
-2832
-1900
-1022
-276
194
8
-1581
-4688
-8299
-10691
-11016
-9770
-7683
-5020
-1859
1075
3004
3825
4192
4705
5304
5714
5964
6397
7019
7395
6974
5474
3104
478
-1803
-3448
-4299
-4059
-2582
-279
2166
4363
6371
8060
8973
8868
8186
7590
7225
6864
6391
5847
5004
3464
1238
-1167
-3124
-4415
-5030
-4901
-3937
-2379
-700
774
1838
2390
2423
2183
1903
1692
1479
1201
695
-187
-1528
-3225
-4860
-6132
-6907
-7327
-7247
-6546
-5628
-5365
-5939
-6415
-6039
-4869
-3432
-1473
1133
3717
5303
5546
4888
3502
1700
-84
-1280
-1826
-2029
-1971
-1752
-1572
-1713
-2138
-2284
-1816
-844
428
1838
3162
4129
4639
4765
4617
4066
3112
2031
1120
493
1
-360
-561
-719
-914
-1172
-1270
-1150
-892
-732
-775
-869
-885
-833
-913
-1144
-1528
-1986
-2464
-2689
-2518
-1937
-1084
-193
145
-1225
-4560
-8628
-11250
-11631
-10464
-8554
-5981
-2726
237
2127
3000
3715
4684
5617
6290
6794
7479
8272
8606
7758
5468
2388
-458
-2440
-3610
-4136
-3733
-2340
-382
1401
2923
4628
6491
7952
8540
8727
8985
9162
8824
7898
6704
5270
3371
1064
-1074
-2520
-3231
-3485
-3485
-3192
-2551
-1681
-774
51
789
1481
2090
2492
2643
2622
2372
1555
17
-1898
-3585
-4757
-5618
-6342
-6678
-6333
-5705
-5807
-6971
-8187
-8280
-7025
-4981
-2437
460
3202
5098
5700
5185
3877
2242
669
-546
-1211
-1404
-1340
-1467
-2043
-3097
-4242
-4690
-3990
-2162
269
2700
4560
5435
5412
4860
4064
3197
2347
1731
1415
1196
867
347
-220
-870
-1657
-2424
-2733
-2125
-907
337
1023
1012
622
-90
-852
-1561
-2104
-2404
-2473
-2098
-1527
-913
-379
90
74
-1604
-5180
-9394
-11893
-11653
-9662
-7137
-4661
-2125
-121
765
835
1059
2305
4220
6136
7609
8820
9834
10033
8673
5501
1591
-1549
-3112
-3425
-3106
-2249
-955
152
543
734
1670
3436
5269
6719
7980
9241
10124
10193
9386
7913
5876
3318
689
-1289
-2166
-2246
-2159
-2322
-2694
-3020
-3080
-2837
-2336
-1444
-112
1416
2662
3530
4137
4314
3619
1857
-385
-2275
-3438
-4245
-5166
-6193
-7074
-7814
-8563
-9082
-8759
-7367
-5192
-2709
-319
1765
3301
4261
4553
4197
3417
2495
1732
1040
321
-471
-1294
-2088
-2936
-3728
-4155
-3853
-2795
-1192
716
2641
4064
4628
4424
3790
3093
2368
1784
1259
813
394
-35
-551
-1187
-1617
-1812
-1836
-1872
-1661
-1083
-488
-361
-771
-1268
-1523
-1510
-1429
-1330
-1258
-1308
-1472
-1629
-1444
-797
-12
-172
-2446
-6502
-10360
-11794
-10795
-8729
-6572
-4234
-1810
-229
274
535
1798
3952
6040
7423
8286
9125
9682
9307
7518
4616
1620
-524
-1470
-1627
-1351
-780
-368
-525
-1000
-602
1281
3871
5994
7388
8609
9647
10026
9574
8715
7655
6024
3787
1593
146
-641
-1329
-2297
-3405
-4317
-4796
-4624
-3844
-2655
-1282
59
1232
2118
2778
3212
3250
2726
1606
299
-850
-1754
-2630
-3689
-5042
-6688
-8502
-10022
-10517
-9536
-7163
-4180
-1418
540
1671
2336
2826
3203
3382
3435
3369
3034
2347
1312
-53
-1581
-3085
-4188
-4595
-4104
-2915
-1428
-66
845
1374
1740
2208
2819
3544
4273
4750
4530
3499
1930
354
-948
-1806
-2187
-2154
-1776
-1226
-750
-755
-1255
-1954
-2378
-2597
-2668
-2391
-1618
-676
-209
-144
-202
-46
282
630
162
-2278
-6481
-10387
-11637
-10331
-8116
-6164
-4417
-2935
-2375
-2569
-2288
-302
2962
6178
8414
9533
9908
9667
8748
6918
4323
1824
204
-430
-563
-458
-162
-201
-1029
-2150
-2041
46
3123
5765
7469
8735
9496
9366
8546
7752
7319
6665
5398
3866
2567
1527
330
-1207
-2913
-4456
-5352
-5371
-4519
-3137
-1633
-414
198
379
621
1269
1943
2124
1826
1319
565
-644
-2151
-3515
-4779
-6249
-7695
-8493
-8217
-7064
-5374
-3559
-2051
-1045
-372
461
1568
2551
3090
3100
2676
1956
1098
207
-720
-1611
-2162
-2249
-2115
-1943
-1620
-891
26
757
1027
1051
1175
1393
1686
1837
1897
1818
1570
1148
743
570
364
130
-382
-1053
-1878
-2463
-2528
-2250
-2001
-2276
-2725
-3226
-3296
-2908
-2158
-1160
-260
634
1359
1837
1103
-1690
-5890
-9357
-10115
-8701
-6687
-5072
-3713
-2785
-2965
-3825
-3889
-1814
1894
5604
8114
9294
9620
9197
7889
5889
4015
3067
2853
2576
1789
891
248
-618
-2021
-3125
-2504
65
3190
5634
7246
8295
8501
7589
6479
6288
7136
7841
7446
6050
4230
2426
474
-1515
-3129
-3995
-4169
-4163
-4101
-3784
-3059
-2250
-1895
-1797
-1196
190
1699
2472
2558
2323
1749
582
-839
-1772
-2558
-4120
-6639
-8911
-9656
-8728
-6711
-4487
-2729
-1773
-1270
-577
549
1969
3290
4200
4490
4121
3310
2253
1029
-262
-1389
-2098
-2415
-2464
-2232
-1770
-1180
-806
-633
-357
240
1209
2115
2729
2996
2939
2569
1994
1640
1527
1418
877
-144
-1211
-2127
-2635
-3017
-3412
-3738
-3890
-3767
-3701
-3597
-3370
-2834
-2019
-1075
-281
-881
-3459
-7021
-9329
-9084
-7310
-5469
-4228
-3297
-2815
-2996
-3192
-2316
197
3346
5831
7026
7315
7377
7193
6527
5477
4746
4683
4801
4245
2777
1057
-425
-1607
-2279
-1727
434
3304
5328
5944
5750
5412
5111
5036
5728
7196
8542
8699
7607
5950
4305
2870
1648
703
59
-428
-980
-1719
-2636
-3459
-4043
-4287
-4100
-3277
-1890
-641
-135
-395
-757
-812
-645
-384
-109
-24
-746
-2405
-4411
-5891
-6308
-5765
-4538
-3259
-2527
-2482
-2706
-2478
-1671
-535
539
1351
1907
2043
1720
1044
434
195
242
400
521
549
371
-140
-852
-1478
-1707
-1226
-254
797
1452
1639
1517
1004
380
34
330
1014
1587
1782
1343
193
-1382
-2691
-3191
-3089
-2962
-3216
-3711
-4101
-4134
-3847
-3331
-2412
-1130
-100
-848
-3805
-7508
-9341
-8359
-6228
-4668
-3993
-3468
-3429
-4274
-5113
-4178
-915
3112
6068
7457
7928
7932
7254
5975
5025
5276
6541
7387
6733
4647
2139
-41
-1742
-2494
-1493
1191
3893
4941
4507
3956
3907
4016
4246
5360
7333
8946
8919
7430
5681
4306
3252
2419
2054
2048
1777
645
-1285
-3350
-4837
-5390
-5033
-4072
-2862
-1900
-1775
-2521
-3461
-3660
-2964
-1779
-544
330
384
-783
-2726
-4506
-5277
-4867
-3627
-2125
-1165
-1239
-2239
-3319
-3629
-2942
-1603
-240
750
1187
1121
715
159
-71
299
1196
2017
2293
2069
1506
756
-34
-484
-317
176
504
476
220
-8
-304
-482
-345
200
1021
1599
1760
1251
239
-899
-1752
-2074
-2053
-1958
-2203
-2942
-3755
-4061
-3667
-2738
-1690
-884
-1438
-4153
-7983
-10292
-9366
-6748
-4803
-4320
-4353
-4406
-4957
-5404
-4339
-1134
2766
5313
6096
5978
5987
6099
5993
5852
6139
7031
7584
6864
4840
2527
764
-529
-1137
-352
1958
4204
4573
3348
2331
2583
3577
4716
6326
8296
9305
8333
6156
4630
4398
4750
4991
4997
4752
3658
1545
-1024
-3048
-3893
-3865
-3539
-3349
-3204
-3245
-3742
-4689
-5344
-4807
-3291
-1620
-415
195
-55
-1449
-3344
-4424
-3893
-2411
-1121
-538
-828
-1834
-3240
-4084
-3528
-1821
-120
501
22
-890
-1596
-1835
-1653
-1005
79
1194
1693
1276
541
193
347
667
1069
1622
2032
1751
771
-210
-599
-362
83
534
778
710
394
-89
-689
-1469
-1983
-1822
-1232
-888
-1348
-2281
-3239
-3889
-4001
-3452
-2019
-303
529
-992
-4873
-8832
-10156
-8244
-5416
-3905
-3950
-4651
-5672
-6951
-7208
-4989
-734
3127
4628
4300
3807
4074
4710
5324
6238
7636
8881
8755
7031
4699
2900
1789
1126
1146
2260
3840
4310
3067
1388
946
1882
3281
4662
6288
7769
7889
6295
4411
3920
4894
6061
6565
6389
5618
3948
1487
-711
-1657
-1280
-680
-799
-1764
-3073
-4115
-4918
-5455
-5607
-4986
-3647
-2528
-2364
-3355
-4467
-4859
-4383
-3353
-2196
-964
-249
-419
-1224
-1782
-1520
-780
-25
519
702
361
-475
-1320
-1722
-1550
-958
-345
-21
-159
-522
-862
-866
-443
388
1259
1673
1517
880
340
49
79
284
608
1015
1115
930
637
443
103
-408
-686
-756
-1030
-1885
-2781
-3261
-3518
-3900
-4265
-3833
-2621
-1621
-2514
-5582
-8779
-9565
-7514
-5131
-4390
-4954
-5563
-6042
-6745
-6466
-3825
348
3323
3511
2385
2112
3130
4382
5209
6223
7733
8789
8135
5890
3749
2826
2687
2431
2222
2824
3711
3594
2174
962
1460
3146
4537
5067
5490
6176
6329
5577
4842
5145
6116
6620
6337
5764
5121
4169
2859
1702
1038
617
7
-1085
-2445
-3661
-4422
-4642
-4482
-4080
-3782
-3798
-4170
-4730
-4979
-4560
-3413
-2246
-1720
-1776
-1984
-1864
-1434
-770
-133
153
184
176
134
-209
-774
-1023
-767
-382
-283
-514
-820
-1059
-1105
-781
-199
376
582
485
376
325
370
383
597
983
1246
1161
773
449
136
-100
-194
-169
-186
-380
-487
-673
-1143
-1909
-2664
-3139
-3464
-3595
-3632
-3533
-3152
-2574
-2699
-4698
-7852
-9574
-8096
-5129
-3773
-4594
-5707
-5894
-5870
-5862
-4536
-1268
2090
3193
2270
1518
2297
3840
4865
5391
6222
7320
7493
6068
4136
3360
3840
4149
3633
3297
3838
4125
2968
1508
1875
3961
5449
5114
4193
4121
4502
4431
4396
5298
6661
7053
6021
4648
3951
3745
3423
2828
2295
1920
1317
112
-1441
-2633
-3213
-3440
-3769
-4168
-4414
-4774
-5440
-5955
-5722
-4788
-3824
-3331
-3135
-2939
-2608
-2097
-1343
-551
-38
107
134
432
760
706
166
-505
-848
-749
-414
-178
-158
-329
-526
-570
-342
136
659
1060
1257
1328
1250
963
591
529
770
930
844
673
494
101
-283
-321
-6
113
-242
-738
-1094
-1369
-1649
-1804
-1935
-2265
-2806
-3039
-2567
-1868
-2219
-4519
-7753
-9575
-8597
-6319
-5395
-6437
-7828
-8243
-8054
-7472
-5576
-2178
890
1737
983
907
2423
4360
5517
6209
7105
7798
7393
5928
4667
4477
4816
4680
4065
3714
3618
2956
1551
747
1699
3668
4865
4687
4109
4050
4278
4332
4689
5681
6699
6747
5948
5254
4956
4604
3796
3014
2620
2337
1746
751
-383
-1545
-2632
-3402
-3707
-3780
-4035
-4570
-5124
-5406
-5407
-5284
-4983
-4471
-3875
-3492
-3364
-3051
-2276
-1279
-575
-182
243
881
1434
1477
1100
657
470
494
458
214
-308
-931
-1412
-1448
-1033
-549
-280
-191
27
328
541
626
746
1056
1379
1607
1683
1691
1584
1107
492
181
323
386
-61
-697
-1213
-1562
-1928
-2194
-2302
-2607
-3130
-3516
-3271
-2559
-2138
-2926
-5295
-7813
-8406
-6643
-4921
-5517
-7561
-8806
-8597
-7987
-7034
-4877
-2141
-619
-774
-790
689
2923
4513
5173
5870
6882
7568
7332
6463
5907
5868
5821
5199
4381
4072
4018
3395
2213
1851
2912
4129
4124
3425
3541
4436
4894
4704
4870
5658
6110
5643
5011
5016
5255
4925
4064
3291
2827
2361
1632
738
-255
-1175
-1938
-2585
-3278
-4081
-4634
-4957
-5317
-5827
-6156
-5991
-5578
-5176
-4776
-4247
-3661
-3102
-2456
-1753
-1167
-642
-39
621
964
864
641
674
895
986
786
361
-101
-477
-540
-371
-178
-164
-198
-188
-200
-174
-50
272
585
755
950
1328
1769
1864
1578
1245
1198
1361
1465
1373
949
185
-700
-1231
-1366
-1449
-1940
-2696
-3266
-3496
-3239
-2677
-2399
-3572
-6073
-7965
-7630
-5840
-5163
-6361
-7974
-8571
-8253
-7613
-6262
-4189
-2468
-2035
-2268
-1543
471
2702
4010
4375
4721
5434
6222
6481
6365
6418
6438
5839
4588
3832
4097
4452
4000
3294
3470
4085
3953
3101
2906
3879
4817
4838
4585
4863
5361
5373
5082
5085
5270
5158
4598
3973
3443
2907
2316
1689
1054
342
-395
-1131
-1836
-2491
-3101
-3715
-4406
-5054
-5440
-5513
-5363
-5113
-4871
-4839
-5037
-4985
-4289
-3155
-2303
-1894
-1442
-694
74
481
688
952
1193
1248
1102
906
634
240
-52
-93
18
-73
-421
-721
-731
-481
-257
-115
-21
68
259
572
987
1292
1374
1318
1308
1563
1990
2226
1889
1072
333
-103
-359
-710
-1190
-1749
-2528
-3307
-3678
-3350
-2609
-2267
-3160
-5347
-7359
-7548
-6072
-5035
-5872
-7557
-8425
-8185
-7573
-6572
-4837
-3164
-2614
-2827
-2184
-143
2065
3292
3722
4199
4857
5336
5572
5912
6532
6874
6339
5112
4158
4092
4284
3974
3441
3559
4151
4079
3175
2611
3210
4198
4524
4422
4621
4968
4823
4501
4831
5610
5856
5183
4253
3643
3255
2923
2520
1948
1103
178
-482
-1015
-1722
-2626
-3374
-3851
-4344
-4904
-5297
-5271
-5081
-5022
-5052
-4980
-4615
-4096
-3551
-3010
-2456
-1825
-1211
-668
-292
-23
271
534
695
721
744
746
570
293
133
162
83
-165
-254
-73
89
-81
-265
-180
8
55
114
510
890
845
611
724
1258
1594
1621
1524
1334
945
349
-4
-169
-395
-905
-1647
-2271
-2740
-2855
-2723
-2717
-3346
-4919
-6499
-6957
-6062
-5212
-5806
-7253
-8219
-8030
-7261
-6265
-4845
-3554
-2962
-2919
-2247
-488
1357
2496
2899
3320
4037
4753
5333
5721
6199
6513
6167
5225
4368
4324
4575
4400
3886
3636
3721
3455
2900
2826
3465
4088
4026
3732
3892
4307
4461
4444
4658
4975
4889
4367
3837
3544
3309
3009
2633
2056
1218
359
-227
-638
-1118
-1708
-2364
-3148
-4025
-4626
-4806
-4773
-4760
-4851
-4948
-4987
-4775
-4182
-3501
-3030
-2727
-2271
-1618
-1012
-489
-30
318
449
545
870
1217
1237
910
559
447
507
493
406
277
225
193
93
10
-41
1
25
102
212
275
276
180
277
611
1067
1374
1307
1066
851
700
459
189
-41
-438
-1143
-1848
-2206
-2246
-2294
-2458
-2812
-3926
-5610
-6760
-6489
-5562
-5667
-6915
-8079
-8157
-7509
-6750
-5716
-4487
-3511
-3133
-2739
-1518
210
1654
2431
2942
3629
4374
5062
5579
6016
6206
5894
5240
4608
4513
4732
4643
4185
3763
3755
3785
3451
3183
3400
3870
3985
3755
3737
3946
4106
4182
4514
5040
5095
4581
4012
3838
3875
3628
3140
2504
1772
962
177
-467
-1027
-1548
-2193
-2945
-3747
-4430
-4744
-4755
-4636
-4579
-4672
-4860
-5010
-4835
-4191
-3336
-2655
-2311
-2058
-1673
-1135
-492
89
500
682
741
841
925
930
896
866
799
572
338
258
320
290
111
-97
-229
-251
-201
-85
72
226
291
267
274
448
727
929
1034
1079
976
735
473
402
292
-102
-723
-1323
-1721
-1992
-2184
-2288
-2465
-2791
-3538
-4714
-5869
-6270
-5781
-5524
-6278
-7424
-7729
-7070
-6345
-5732
-4807
-3660
-2939
-2660
-1844
-254
1288
2052
2336
2854
3644
4438
5121
5650
5874
5573
4918
4340
4248
4606
4877
4661
4096
3754
3783
3788
3627
3603
3913
4148
3976
3713
3757
4040
4158
4210
4425
4629
4531
4064
3640
3355
3036
2686
2292
1816
1179
480
-102
-686
-1337
-2032
-2573
-2993
-3531
-3968
-4094
-4070
-4217
-4517
-4633
-4520
-4330
-3977
-3332
-2609
-2182
-2100
-2008
-1647
-1014
-353
89
272
287
236
233
319
472
668
776
678
488
384
403
470
456
409
382
338
298
214
200
343
437
415
346
434
625
676
638
606
602
411
122
6
-32
-245
-783
-1418
-1913
-2188
-2171
-2040
-2087
-2484
-3167
-4131
-5278
-6022
-5760
-5100
-5375
-6674
-7532
-7066
-6137
-5614
-5061
-4077
-3198
-2848
-2292
-976
393
1044
1380
2122
3186
4007
4586
5077
5291
5144
4844
4693
4688
4817
5037
4932
4440
4051
4196
4439
4219
3967
4128
4377
4150
3756
3925
4388
4429
4049
4006
4376
4476
4042
3545
3375
3186
2739
2235
1875
1445
757
42
-553
-1159
-1857
-2491
-2913
-3307
-3761
-4148
-4394
-4555
-4648
-4577
-4418
-4363
-4247
-3794
-3077
-2561
-2385
-2151
-1640
-1065
-671
-362
-12
197
147
27
77
300
511
618
595
462
327
245
194
135
152
275
344
280
196
283
489
627
690
764
863
866
772
745
844
934
830
602
423
244
-99
-637
-1121
-1374
-1500
-1628
-1729
-1819
-2126
-2804
-3744
-4592
-5064
-5122
-5087
-5408
-6112
-6708
-6724
-6296
-5782
-5182
-4335
-3432
-2905
-2602
-1957
-850
258
1061
1806
2579
3088
3246
3403
3815
4209
4294
4160
4067
4137
4306
4468
4559
4574
4610
4684
4722
4680
4603
4543
4432
4267
4210
4345
4515
4480
4251
4019
3805
3535
3216
2943
2712
2388
1961
1533
1162
822
427
-13
-458
-918
-1383
-1806
-2130
-2405
-2699
-2943
-3057
-3116
-3229
-3374
-3420
-3363
-3279
-3186
-3038
-2808
-2538
-2231
-1903
-1613
-1400
-1301
-1277
-1208
-995
-641
-339
-212
-251
-346
-397
-352
-174
72
255
277
184
122
168
289
427
532
603
596
513
395
328
328
372
395
410
387
333
246
125
9
-133
-281
-398
-457
-463
-515
-678
-963
-1281
-1482
-1589
-1773
-2239
-2905
-3575
-4130
-4535
-4698
-4607
-4503
-4633
-4875
-4892
-4580
-4113
-3646
-3190
-2723
-2282
-1814
-1218
-514
170
676
1066
1450
1888
2312
2668
3016
3366
3720
4065
4403
4752
5060
5272
5307
5191
5091
5106
5197
5239
5221
5163
5040
4814
4590
4475
4411
4202
3836
3502
3300
3115
2801
2416
2063
1730
1411
1155
954
677
203
-401
-969
-1357
-1555
-1702
-1956
-2346
-2748
-3056
-3306
-3520
-3644
-3652
-3618
-3619
-3591
-3480
-3362
-3300
-3254
-3074
-2753
-2400
-2110
-1891
-1672
-1445
-1201
-930
-654
-419
-300
-249
-167
-12
168
300
354
376
391
398
389
383
372
348
318
295
317
353
334
242
138
128
182
227
236
216
165
55
-68
-132
-132
-146
-290
-597
-1074
-1692
-2322
-2841
-3198
-3431
-3630
-3865
-4164
-4448
-4513
-4313
-3970
-3638
-3382
-3166
-2935
-2581
-2040
-1401
-833
-434
-95
342
889
1462
1953
2348
2682
3013
3421
3855
4212
4452
4571
4581
4521
4488
4572
4686
4699
4600
4486
4435
4422
4429
4446
4427
4289
4028
3799
3680
3616
3471
3164
2736
2268
1860
1563
1300
929
385
-256
-793
-1098
-1257
-1467
-1791
-2155
-2474
-2712
-2869
-2936
-2984
-3108
-3271
-3321
-3185
-2984
-2891
-2929
-2962
-2870
-2651
-2367
-2098
-1895
-1757
-1624
-1405
-1080
-765
-596
-581
-608
-547
-338
-26
239
322
239
129
105
161
250
323
322
217
72
6
57
151
214
219
180
103
6
-62
-91
-129
-221
-342
-449
-527
-600
-713
-926
-1292
-1775
-2258
-2653
-2964
-3203
-3402
-3593
-3802
-4020
-4126
-4007
-3700
-3358
-3079
-2837
-2549
-2150
-1634
-1066
-518
-53
336
708
1122
1625
2139
2558
2827
3049
3376
3788
4161
4396
4516
4598
4642
4642
4636
4667
4709
4663
4524
4392
4330
4301
4244
4157
4015
3781
3502
3283
3165
3022
2750
2354
1941
1556
1200
878
565
206
-254
-701
-1017
-1217
-1421
-1716
-2033
-2315
-2520
-2661
-2787
-2926
-3081
-3177
-3154
-3031
-2886
-2816
-2841
-2871
-2798
-2557
-2214
-1967
-1854
-1798
-1683
-1461
-1165
-886
-717
-701
-751
-661
-373
-27
196
270
275
293
331
375
393
359
291
227
187
147
82
1
-60
-84
-62
-6
21
-31
-140
-224
-251
-255
-303
-377
-431
-498
-639
-873
-1201
-1605
-2040
-2446
-2790
-3071
-3296
-3467
-3610
-3748
-3854
-3867
-3737
-3487
-3182
-2856
-2482
-2065
-1619
-1137
-619
-93
408
876
1348
1823
2233
2558
2841
3129
3439
3752
4022
4210
4293
4310
4303
4305
4315
4309
4260
4166
4067
4005
3997
3989
3907
3748
3566
3396
3262
3172
3074
2871
2519
2080
1688
1408
1216
1026
750
360
-52
-377
-579
-727
-911
-1162
-1458
-1761
-2024
-2204
-2310
-2409
-2545
-2660
-2669
-2567
-2427
-2337
-2310
-2283
-2185
-2030
-1873
-1756
-1682
-1614
-1497
-1319
-1123
-966
-895
-890
-862
-732
-531
-383
-345
-374
-377
-322
-240
-172
-160
-255
-419
-537
-547
-501
-496
-550
-584
-550
-482
-417
-398
-420
-487
-541
-530
-475
-408
-381
-426
-536
-677
-837
-1035
-1310
-1653
-2009
-2319
-2567
-2757
-2882
-2959
-3030
-3094
-3102
-3002
-2787
-2508
-2184
-1839
-1510
-1188
-803
-324
198
661
1036
1388
1757
2134
2502
2859
3184
3474
3742
4000
4216
4337
4352
4311
4273
4264
4265
4228
4127
3989
3864
3800
3770
3678
3483
3207
2925
2692
2507
2349
2177
1932
1627
1337
1116
929
695
390
68
-227
-476
-678
-854
-1054
-1309
-1565
-1781
-1950
-2106
-2274
-2426
-2554
-2637
-2639
-2570
-2474
-2381
-2287
-2160
-2014
-1890
-1791
-1703
-1615
-1490
-1334
-1183
-1084
-1068
-1072
-1023
-903
-762
-658
-617
-609
-582
-505
-385
-285
-266
-327
-409
-438
-380
-272
-209
-230
-283
-289
-213
-109
-54
-57
-101
-153
-183
-174
-147
-164
-258
-383
-487
-603
-777
-1031
-1328
-1622
-1898
-2169
-2405
-2594
-2739
-2832
-2851
-2782
-2647
-2493
-2330
-2129
-1873
-1562
-1212
-847
-453
-37
357
703
1025
1363
1721
2060
2359
2636
2895
3136
3347
3533
3693
3796
3833
3848
3883
3930
3940
3887
3790
3681
3596
3536
3470
3357
3173
2931
2690
2502
2380
2281
2146
1931
1654
1401
1206
1033
835
603
345
64
-219
-458
-657
-869
-1146
-1450
-1704
-1890
-2037
-2181
-2315
-2439
-2550
-2599
-2563
-2473
-2390
-2342
-2318
-2277
-2199
-2068
-1914
-1772
-1666
-1591
-1509
-1407
-1288
-1161
-1051
-989
-971
-931
-833
-722
-639
-581
-531
-493
-466
-430
-381
-336
-321
-346
-371
-361
-309
-236
-175
-150
-174
-197
-181
-137
-92
-71
-81
-111
-154
-195
-244
-333
-475
-679
-905
-1124
-1347
-1563
-1755
-1915
-2069
-2200
-2269
-2262
-2184
-2056
-1887
-1668
-1402
-1107
-789
-437
-70
278
602
918
1235
1534
1800
2017
2194
2364
2534
2680
2792
2873
2941
3001
3053
3095
3131
3153
3146
3111
3084
3080
3060
2989
2883
2775
2688
2623
2558
2488
2409
2312
2181
2033
1880
1716
1528
1309
1067
829
600
358
92
-183
-444
-704
-974
-1234
-1451
-1633
-1811
-1981
-2123
-2209
-2262
-2303
-2324
-2319
-2304
-2294
-2273
-2214
-2099
-1953
-1825
-1747
-1709
-1663
-1566
-1458
-1355
-1277
-1242
-1241
-1256
-1234
-1146
-1020
-931
-896
-897
-895
-866
-814
-747
-686
-661
-655
-642
-596
-500
-403
-348
-341
-334
-308
-252
-199
-163
-144
-148
-152
-140
-111
-83
-94
-155
-233
-320
-409
-504
-602
-686
-761
-847
-925
-993
-1049
-1060
-1017
-924
-802
-674
-527
-339
-129
83
286
478
646
804
968
1137
1293
1411
1515
1631
1775
1921
2031
2103
2143
2172
2215
2276
2337
2372
2384
2390
2403
2426
2439
2424
2382
2333
2292
2251
2213
2140
2021
1884
1753
1649
1545
1406
1219
995
770
570
386
219
44
-148
-357
-573
-764
-919
-1042
-1150
-1263
-1373
-1462
-1530
-1573
-1589
-1586
-1586
-1601
-1620
-1622
-1591
-1534
-1510
-1505
-1500
-1493
-1471
-1428
-1383
-1356
-1345
-1348
-1332
-1282
-1214
-1144
-1089
-1040
-990
-947
-904
-853
-797
-760
-749
-749
-747
-722
-679
-640
-601
-579
-561
-539
-507
-458
-421
-393
-360
-329
-306
-298
-298
-295
-303
-316
-342
-372
-404
-432
-446
-458
-476
-499
-521
-525
-511
-461
-397
-351
-312
-258
-164
-33
91
191
258
314
387
490
623
749
840
911
992
1106
1243
1385
1514
1610
1685
1758
1851
1957
2057
2127
2168
2188
2204
2223
2236
2233
2215
2169
2115
2056
1983
1915
1841
1748
1641
1523
1392
1268
1145
1023
900
768
638
506
372
240
101
-35
-166
-293
-411
-523
-628
-733
-832
-919
-992
-1047
-1098
-1166
-1248
-1338
-1416
-1470
-1502
-1522
-1537
-1552
-1571
-1596
-1621
-1616
-1593
-1578
-1574
-1571
-1563
-1533
-1491
-1442
-1387
-1337
-1289
-1253
-1216
-1175
-1143
-1117
-1103
-1090
-1060
-1011
-942
-878
-813
-749
-677
-587
-491
-401
-324
-272
-236
-197
-152
-108
-80
-78
-97
-112
-108
-66
-16
6
10
4
8
39
81
124
150
159
166
197
262
352
439
498
537
570
617
689
772
830
871
898
926
974
1045
1116
1171
1210
1233
1262
1305
1358
1406
1435
1451
1457
1465
1484
1518
1537
1536
1510
1473
1431
1395
1372
1351
1316
1258
1177
1083
1005
943
878
798
699
587
477
384
298
219
139
38
-57
-138
-205
-266
-336
-412
-493
-572
-644
-700
-757
-823
-897
-961
-1003
-1036
-1065
-1097
-1127
-1168
-1199
-1221
-1234
-1253
-1278
-1308
-1336
-1353
-1361
-1345
-1324
-1298
-1280
-1282
-1268
-1229
-1188
-1153
-1133
-1127
-1116
-1092
-1047
-993
-949
-922
-900
-864
-804
-729
-657
-618
-602
-580
-532
-448
-368
-300
-261
-242
-207
-143
-53
34
92
126
150
190
253
317
368
385
391
391
414
475
535
578
606
626
655
696
752
804
838
855
867
884
904
929
945
961
978
995
1021
1053
1074
1092
1109
1133
1155
1177
1198
1219
1233
1240
1243
1234
1227
1215
1200
1177
1140
1081
1001
929
858
791
724
656
586
514
448
396
342
286
230
162
97
21
-48
-110
-176
-241
-310
-361
-412
-469
-526
-588
-635
-687
-740
-786
-839
-897
-945
-984
-1010
-1037
-1066
-1095
-1122
-1151
-1170
-1170
-1170
-1173
-1184
-1197
-1208
-1208
-1192
-1175
-1158
-1147
-1134
-1116
-1080
-1029
-977
-935
-893
-869
-841
-798
-752
-699
-652
-612
-572
-528
-478
-416
-358
-304
-268
-236
-195
-138
-73
-12
33
56
84
124
177
236
292
325
345
369
403
445
482
495
495
490
503
526
565
596
612
617
638
683
731
776
798
797
793
808
831
854
864
863
861
865
883
911
933
948
951
948
959
984
1007
1013
1004
985
967
955
942
921
886
842
794
749
713
672
630
588
538
479
433
390
342
291
238
186
134
81
20
-41
-108
-168
-227
-293
-354
-409
-469
-529
-589
-650
-696
-740
-783
-826
-875
-931
-986
-1030
-1063
-1085
-1109
-1142
-1188
-1237
-1262
-1266
-1264
-1265
-1275
-1292
-1299
-1280
-1234
-1172
-1119
-1086
-1064
-1026
-971
-903
-840
-788
-748
-713
-665
-609
-545
-477
-423
-381
-335
-272
-202
-125
-49
14
76
139
199
262
325
375
412
436
461
492
526
563
588
596
602
615
639
667
701
720
732
734
736
746
766
780
777
762
740
731
732
740
745
736
730
728
726
727
727
722
696
665
643
634
619
600
580
555
544
546
542
533
518
487
473
474
468
462
444
417
390
366
350
338
317
284
245
208
173
148
116
84
50
4
-37
-73
-110
-151
-190
-238
-296
-351
-396
-437
-492
-549
-603
-655
-700
-732
-756
-782
-810
-850
-885
-903
-916
-931
-955
-979
-1006
-1022
-1035
-1039
-1034
-1033
-1025
-1012
-992
-962
-925
-891
-857
-819
-777
-721
-672
-623
-577
-528
-482
-430
-370
-310
-258
-209
-157
-116
-63
-8
45
89
124
151
185
230
282
328
362
390
415
443
473
504
523
536
539
535
549
570
601
624
635
631
631
648
666
684
687
685
671
660
653
654
657
650
632
612
602
599
603
604
591
570
556
549
540
524
500
470
436
413
397
389
385
370
352
331
310
292
269
242
212
173
135
111
98
79
59
38
10
-14
-39
-68
-95
-129
-161
-187
-214
-248
-282
-325
-356
-383
-404
-416
-439
-471
-498
-526
-546
-559
-576
-597
-618
-637
-654
-674
-686
-689
-697
-702
-704
-706
-705
-697
-685
-670
-653
-639
-627
-604
-585
-559
-530
-505
-479
-459
-435
-407
-377
-349
-317
-292
-263
-225
-194
-164
-134
-104
-80
-55
-24
5
36
65
88
109
132
159
190
225
253
273
296
321
352
384
410
430
443
453
464
481
507
529
549
565
576
589
604
615
625
622
612
605
602
595
585
572
558
544
536
533
526
516
500
479
461
445
433
418
392
359
334
315
291
267
238
205
171
142
118
93
69
39
6
-23
-45
-66
-89
-111
-140
-172
-196
-212
-234
-260
-289
-324
-352
-371
-386
-398
-411
-423
-439
-445
-449
-454
-455
-466
-478
-491
-498
-500
-505
-506
-507
-509
-508
-506
-502
-495
-484
-474
-461
-447
-427
-415
-400
-384
-369
-351
-335
-302
-279
-253
-228
-203
-175
-149
-117
-88
-62
-38
-16
-1
15
30
45
68
82
95
102
114
123
136
158
175
196
208
219
228
233
246
256
264
271
277
281
292
303
310
320
324
321
316
325
331
332
329
326
320
314
310
305
305
299
294
283
272
270
262
258
257
252
249
241
232
222
210
192
180
170
158
141
125
112
99
90
82
80
68
59
53
47
41
31
25
18
9
-1
-10
-19
-24
-35
-44
-55
-64
-78
-92
-108
-129
-145
-159
-176
-193
-206
-219
-231
-238
-245
-251
-257
-263
-274
-279
-289
-300
-310
-319
-321
-328
-330
-323
-324
-325
-323
-320
-313
-307
-305
-295
-292
-292
-290
-287
-281
-276
-262
-246
-232
-223
-209
-196
-179
-160
-137
-116
-100
-82
-65
-48
-25
-5
11
32
51
67
86
103
119
132
147
162
175
189
197
209
222
235
260
279
290
299
311
321
327
336
338
341
340
337
338
339
337
331
333
327
323
317
309
302
294
288
284
271
259
247
236
224
215
197
180
164
145
129
115
98
74
53
34
22
12
2
-12
-25
-40
-56
-72
-87
-102
-122
-134
-139
-150
-160
-172
-186
-196
-204
-213
-224
-236
-247
-253
-257
-260
-270
-275
-283
-286
-296
-298
-290
-291
-282
-277
-273
-269
-268
-262
-260
-262
-257
-250
-239
-233
-222
-210
-199
-190
-183
-174
-163
-149
-135
-116
-103
-94
-82
-71
-61
-48
-28
-13
1
12
27
37
50
63
75
86
99
113
126
146
159
168
178
186
191
196
200
202
204
204
207
208
210
215
216
218
222
231
243
252
254
260
253
254
252
246
245
239
236
235
232
224
216
206
192
180
169
156
149
143
132
118
103
89
75
63
53
38
28
14
2
-11
-26
-40
-55
-69
-84
-95
-111
-124
-134
-140
-142
-148
-154
-160
-165
-165
-172
-177
-180
-186
-196
-205
-212
-219
-219
-219
-216
-212
-206
-202
-194
-192
-192
-190
-190
-189
-188
-185
-185
-182
-175
-166
-165
-155
-144
-136
-124
-116
-104
-94
-87
-80
-75
-67
-64
-57
-53
-47
-44
-41
-27
-23
-18
-8
-3
4
11
10
15
20
27
31
37
46
55
66
75
83
92
99
106
115
120
127
141
148
155
162
172
181
193
200
204
210
211
219
226
227
225
225
227
226
225
221
216
212
208
208
202
191
184
172
162
157
147
140
130
121
114
105
99
92
82
72
64
52
39
28
13
2
-10
-24
-34
-44
-55
-68
-80
-97
-110
-122
-133
-143
-157
-168
-176
-186
-199
-206
-215
-220
-224
-226
-227
-229
-224
-220
-218
-215
-216
-214
-215
-215
-220
-213
-209
-208
-201
-195
-189
-181
-173
-165
-159
-158
-151
-141
-133
-126
-117
-106
-96
-86
-77
-66
-51
-44
-32
-22
-11
1
9
21
32
40
47
58
66
76
89
100
111
121
124
130
142
150
159
169
171
173
177
175
178
178
178
175
176
172
170
171
172
178
173
173
181
182
181
173
168
163
161
157
152
150
146
140
132
124
115
107
97
92
83
75
67
58
48
48
41
32
24
13
3
-8
-16
-27
-33
-32
-35
-40
-42
-46
-50
-55
-61
-69
-75
-80
-91
-103
-110
-120
-125
-134
-140
-147
-153
-158
-164
-169
-179
-181
-188
-195
-190
-192
-193
-195
-192
-190
-183
-179
-172
-165
-161
-157
-157
-154
-150
-144
-137
-131
-128
-119
-103
-94
-83
-70
-56
-47
-32
-17
-5
2
9
20
26
31
41
49
59
67
75
79
85
93
94
102
108
111
113
115
119
124
126
130
130
130
132
130
128
129
126
125
131
131
131
135
140
143
142
143
138
141
140
135
130
122
120
114
105
104
95
88
87
81
75
66
61
57
51
46
38
30
20
11
2
-4
-7
-13
-19
-19
-29
-37
-35
-42
-46
-47
-51
-50
-54
-58
-61
-62
-67
-72
-74
-78
-83
-85
-88
-93
-102
-107
-110
-114
-117
-118
-121
-124
-125
-123
-123
-124
-122
-119
-113
-109
-100
-93
-89
-82
-81
-76
-70
-69
-63
-62
-59
-58
-54
-49
-42
-41
-40
-37
-39
-38
-38
-38
-36
-31
-33
-29
-23
-23
-16
-7
-1
6
9
16
25
31
39
47
53
62
71
78
81
87
85
86
90
91
90
86
87
87
90
93
94
99
101
101
102
104
101
97
101
101
95
95
94
93
93
98
100
95
91
85
81
77
72
68
59
52
48
43
41
36
28
23
16
12
7
-4
-11
-16
-24
-31
-34
-40
-43
-48
-51
-56
-61
-64
-64
-69
-77
-80
-83
-89
-90
-94
-94
-97
-97
-95
-96
-93
-94
-94
-92
-91
-88
-86
-86
-82
-85
-85
-81
-81
-81
-81
-81
-79
-79
-75
-69
-66
-65
-60
-58
-56
-53
-49
-46
-43
-39
-32
-20
-15
-7
-4
1
9
13
18
21
24
30
38
43
49
54
59
64
67
69
71
73
72
73
75
77
81
81
85
94
99
100
104
107
108
108
111
109
108
105
101
98
95
94
94
92
87
85
84
78
76
