0
0
1
1
1
0
0
0
0
1
0
-1
0
0
0
0
-1
0
1
0
0
0
0
-1
-1
0
0
-1
1
0
0
0
0
-1
1
1
0
1
-1
0
1
0
0
0
-1
0
0
-1
-1
-1
0
1
0
0
1
0
0
0
0
0
-1
0
0
-1
-1
0
0
0
0
0
0
0
1
0
0
0
1
1
-1
1
-1
-1
-1
0
0
-1
0
1
0
0
0
-1
1
0
-1
-1
-1
0
-1
-1
1
0
0
0
1
-1
0
-2
0
0
0
-1
0
1
1
1
1
0
0
1
0
0
-1
1
0
0
-1
1
0
-1
0
1
0
0
-1
0
0
0
0
1
0
1
0
-1
0
0
1
-1
0
0
0
0
0
-1
0
0
0
1
0
0
0
0
0
0
2
0
0
0
0
1
0
1
0
0
-1
0
-1
1
0
0
1
0
1
0
0
0
0
-1
0
0
-2
0
1
1
-1
0
-1
0
0
-1
1
0
0
0
0
-1
0
-2
-1
-1
-2
0
-1
1
-1
0
1
1
1
2
1
1
1
0
0
0
0
0
0
-1
0
0
0
-1
0
1
0
1
1
1
1
2
1
1
1
1
2
1
1
1
1
1
1
1
1
1
0
0
1
1
0
0
0
2
1
1
0
2
1
2
1
1
2
1
1
1
0
-1
-1
-1
0
-1
-1
-1
-1
-1
0
0
-1
-1
-2
-1
-2
-2
-2
-2
-1
-3
-3
-2
-2
-3
-4
-4
-4
-3
-4
-3
-3
-4
-4
-4
-4
-5
-4
-4
-3
-3
-4
-3
-2
-2
-2
-2
-2
-3
-2
-2
-2
-2
-2
-1
-2
0
0
0
1
0
1
1
2
2
3
4
4
3
4
4
4
5
6
5
4
6
5
5
5
6
6
5
6
7
7
7
7
6
7
7
8
5
5
5
5
6
5
5
5
5
4
5
3
3
3
3
3
1
2
1
1
0
0
0
-1
-1
-1
-2
-2
-2
-3
-4
-2
-3
-4
-4
-5
-5
-5
-6
-6
-5
-5
-5
-6
-7
-7
-7
-7
-8
-8
-8
-7
-7
-7
-7
-7
-7
-7
-7
-7
-7
-7
-6
-7
-7
-6
-7
-7
-7
-6
-6
-5
-5
-5
-5
-5
-4
-4
-5
-5
-5
-3
-3
-3
-4
-2
-2
-2
-2
-1
0
0
0
1
2
2
2
2
3
3
4
5
4
6
5
6
7
7
8
8
9
10
10
10
10
11
12
11
11
12
13
12
13
13
12
13
13
13
13
13
12
11
12
10
11
10
10
9
9
9
8
8
8
6
4
5
3
3
3
2
0
0
-1
-2
-3
-4
-5
-5
-5
-5
-5
-7
-7
-6
-8
-9
-9
-10
-9
-10
-11
-11
-12
-13
-15
-15
-15
-17
-18
-19
-20
-20
-21
-22
-22
-24
-23
-23
-23
-24
-23
-21
-21
-21
-19
-17
-17
-16
-14
-12
-11
-11
-10
-9
-7
-7
-5
-5
-2
-1
-1
2
5
7
8
11
14
17
18
22
25
27
30
32
34
35
38
39
40
41
43
42
44
43
43
44
45
43
43
43
42
41
39
40
39
37
36
34
32
28
26
24
20
17
14
11
7
4
1
-2
-5
-10
-12
-14
-18
-20
-23
-25
-28
-32
-34
-36
-40
-42
-45
-48
-51
-54
-58
-61
-64
-67
-70
-73
-75
-78
-80
-82
-83
-83
-86
-86
-87
-87
-86
-86
-85
-83
-81
-79
-75
-73
-71
-68
-64
-61
-57
-52
-48
-44
-38
-32
-25
-21
-14
-9
-1
5
13
20
26
35
42
48
54
61
67
73
79
84
89
95
100
106
110
113
119
122
125
129
133
138
140
142
145
148
152
154
156
156
158
156
156
154
151
147
146
144
142
141
139
142
143
144
143
144
146
143
136
129
124
116
96
72
52
30
-9
-65
-122
-163
-200
-249
-304
-343
-362
-392
-438
-464
-442
-405
-387
-371
-322
-244
-188
-157
-104
-3
96
142
160
200
247
253
222
214
241
236
171
96
47
3
-87
-196
-260
-300
-382
-522
-649
-701
-718
-769
-834
-827
-734
-660
-654
-624
-473
-253
-81
49
241
493
702
819
926
1094
1262
1346
1373
1409
1442
1398
1277
1181
1139
1072
903
699
603
615
573
394
199
152
196
138
18
-4
28
-150
-585
-919
-966
-1060
-1553
-2166
-2336
-2225
-2639
-3681
-4437
-4265
-3788
-3928
-4363
-4104
-3278
-2940
-3240
-3016
-1621
-119
364
460
1409
2954
3710
3463
3660
5052
6374
6326
5550
5491
6052
5836
4636
3853
4132
4203
2864
987
165
207
-396
-1905
-2881
-2634
-2440
-3406
-4614
-4643
-3788
-3450
-3762
-3490
-2342
-1483
-1553
-1589
-562
929
1608
1559
1855
2746
3367
3224
3026
3443
3932
3682
2901
2434
2429
2099
1243
499
294
161
-557
-1617
-2245
-2285
-2315
-2634
-2914
-2817
-2596
-2589
-2619
-2263
-1540
-925
-676
-474
51
736
1152
1212
1305
1683
2078
2087
1684
1234
956
669
117
-622
-1225
-1654
-2301
-3376
-4460
-5056
-5397
-6162
-7347
-8068
-7836
-7373
-7506
-7845
-7393
-6161
-5138
-4627
-3745
-1949
-40
1063
1805
3215
5126
6385
6719
7207
8504
9676
9625
8812
8514
8816
8579
7374
6172
5702
5211
3734
1771
573
162
-684
-2382
-3805
-4152
-4213
-5064
-6250
-6472
-5650
-4976
-4945
-4712
-3624
-2334
-1601
-1017
236
1957
3167
3726
4421
5650
6778
7111
6967
7027
7286
7230
6611
5834
5151
4319
3122
1742
581
-374
-1411
-2598
-3462
-3865
-4160
-4670
-5255
-5368
-4958
-4417
-3878
-3210
-2363
-1594
-1153
-642
236
1195
1667
1539
1480
1643
1397
386
-771
-1127
-947
-1522
-3292
-5279
-6573
-7485
-8839
-10315
-10652
-9962
-9756
-10631
-11399
-10684
-8977
-7753
-6880
-5074
-2261
74
1028
1711
3634
6351
8285
9174
10151
11604
12385
11726
10726
10804
11473
11195
9600
7947
6964
5852
3834
1633
498
128
-895
-2931
-4854
-5672
-6072
-7012
-7880
-7668
-6662
-6100
-6258
-6023
-4708
-3108
-1919
-833
722
2471
3716
4538
5599
6975
8088
8587
8741
8925
8947
8508
7697
6918
6294
5345
3819
2079
554
-682
-1926
-3213
-4138
-4719
-5397
-6250
-6921
-6858
-6222
-5619
-5065
-4385
-3414
-2404
-1795
-1231
-273
878
1791
1979
1834
1875
1453
597
-18
17
229
-886
-3352
-5359
-6164
-6852
-8536
-10477
-10700
-9583
-9616
-11276
-12452
-11440
-9314
-8369
-8015
-6056
-2834
-650
-307
294
3089
6547
8287
8678
9739
11849
13017
12249
11318
11946
13165
12737
10625
8973
8511
7600
5102
2479
1657
1686
73
-3048
-5226
-5571
-5859
-7569
-9227
-8890
-7581
-7280
-7887
-7656
-5844
-3984
-3126
-2326
-664
1556
3252
4296
5644
7467
9023
9617
9576
9822
10259
10186
9435
8460
7623
6416
4338
2082
536
-593
-1932
-3548
-4743
-5239
-5805
-6762
-7505
-7396
-6598
-5948
-5576
-5016
-4167
-3282
-2553
-1563
-231
601
497
20
113
706
755
285
85
319
94
-1701
-4121
-5474
-6044
-7201
-9334
-10818
-10248
-9451
-10591
-12439
-12445
-10241
-8229
-7978
-7347
-4544
-1345
63
303
1914
5479
8289
8839
9064
10764
12854
13065
11673
11323
12707
13420
11776
9352
8413
8251
6679
3837
1990
1978
1559
-1080
-4135
-5279
-5191
-6071
-8192
-9201
-7993
-6825
-7339
-8151
-7313
-5099
-3479
-2942
-1835
441
2603
3782
4663
6368
8511
9676
9670
9619
10126
10425
9781
8586
7670
6969
5510
3197
1084
-239
-1298
-2726
-4194
-4960
-5274
-6101
-7376
-7914
-7366
-6413
-5817
-5505
-4742
-3799
-3173
-2531
-1582
-473
207
120
-81
8
-26
-188
-257
2
376
-435
-2635
-4936
-6661
-7830
-8975
-9976
-9837
-9431
-10333
-12061
-12887
-11782
-9832
-8677
-7558
-5199
-2520
-1002
-456
863
3921
7137
8853
9666
10726
11939
12226
11626
11708
13000
14030
13181
11020
9393
8485
7140
5059
3366
2881
2329
170
-2841
-4912
-5787
-6499
-7647
-8403
-7959
-7464
-8012
-8724
-8299
-6512
-4516
-3268
-2063
-238
1588
2872
4049
5729
7841
9476
10064
10304
10649
10639
10138
9371
8709
8144
6888
4717
2459
626
-808
-2170
-3504
-4369
-4944
-5956
-7331
-8253
-8229
-7482
-6761
-6218
-5408
-4473
-3828
-3331
-2703
-1651
-454
-174
-568
-785
-766
-405
-69
145
777
704
-1004
-3391
-5788
-7645
-8834
-9866
-9971
-9449
-10188
-11861
-12994
-12758
-11233
-9854
-8529
-6080
-3464
-1899
-1127
32
2699
5979
8295
9720
10915
11930
12191
11725
11757
12892
14157
14022
12396
10767
9640
8248
6300
4516
3758
3253
1294
-1759
-4097
-5348
-6321
-7657
-8626
-8283
-7748
-8334
-9185
-8868
-7265
-5562
-4493
-3163
-997
1122
2340
3152
4642
6802
8627
9483
9824
10364
10692
10232
9436
8828
8293
7261
5252
2933
1066
-538
-2155
-3594
-4485
-4865
-5504
-6699
-7782
-8225
-7872
-7251
-6536
-5661
-4794
-4114
-3355
-2495
-1594
-725
-257
1
80
62
254
555
913
1237
1331
940
-403
-2409
-4506
-6503
-8251
-9544
-9918
-9756
-10382
-11988
-13217
-13051
-11979
-10914
-9629
-7262
-4394
-2635
-1736
-349
2101
5106
7382
9006
10635
11930
12464
12300
12314
13212
14350
14430
13142
11506
10194
8798
6887
5043
4005
3237
1493
-1270
-3682
-5089
-6254
-7672
-8808
-8915
-8463
-8789
-9564
-9338
-8003
-6474
-5272
-3941
-1780
611
2127
3058
4222
5968
7872
9130
9743
10256
10638
10384
9609
8816
8272
7669
6326
4260
2232
409
-1468
-3209
-4424
-4968
-5499
-6539
-7679
-8336
-8314
-7850
-7072
-5990
-4867
-3990
-3468
-3024
-2093
-718
490
1112
1046
701
507
389
518
1048
1573
1827
1116
-771
-2989
-5275
-7434
-8996
-9899
-9908
-9685
-10687
-12418
-13393
-13065
-11736
-10360
-8778
-6161
-3556
-2167
-1461
-116
2606
5824
8229
9974
11454
12309
12288
11903
12227
13470
14477
14184
12745
11119
9716
8066
6205
4766
3947
2982
903
-1867
-4010
-5279
-6382
-7559
-8277
-8195
-8098
-8701
-9327
-8879
-7369
-5719
-4453
-3162
-1332
692
2345
3601
4918
6465
7838
8743
9273
9733
10074
9918
9278
8561
7867
6856
5161
2998
937
-852
-2481
-3975
-5150
-5898
-6507
-7186
-7850
-8174
-8002
-7503
-6659
-5534
-4374
-3261
-2385
-1722
-728
408
1262
1772
1654
1192
860
417
263
766
1126
845
34
-1021
-1925
-3172
-5434
-7960
-9746
-10516
-10479
-10589
-11443
-12271
-12531
-12328
-11750
-10647
-8537
-5520
-2979
-1718
-626
1299
3799
6197
8206
10238
12215
13081
12703
12309
12707
13696
14256
13698
12485
11092
9347
7204
5190
3790
2814
1487
-587
-2734
-4230
-5420
-6775
-7963
-8343
-7868
-7458
-7796
-8176
-7646
-6405
-5126
-3914
-2366
-311
1751
3247
4363
5675
7021
8005
8601
9099
9755
10182
9736
8682
7697
6787
5681
4132
2242
435
-1249
-2941
-4379
-5365
-5957
-6397
-6948
-7512
-7687
-7404
-7062
-6644
-5842
-4627
-3186
-2159
-1547
-651
707
1955
2460
2096
1449
1147
971
749
778
994
822
-120
-1407
-2395
-3165
-4588
-6955
-9405
-11022
-11616
-11554
-11581
-12029
-12216
-11892
-11317
-10593
-9396
-6963
-3682
-1209
103
1516
3642
6001
7983
9696
11670
13283
13508
12840
12515
12928
13551
13513
12524
11008
9368
7499
5440
3658
2441
1467
130
-1746
-3437
-4563
-5645
-6802
-7524
-7625
-7324
-7105
-7146
-6784
-5910
-4883
-3701
-2225
-343
1720
3209
4049
4906
5912
6890
7443
7971
8866
9479
9061
7825
6620
5683
4717
3543
2217
765
-884
-2686
-4219
-5085
-5442
-5657
-5975
-6342
-6489
-6426
-6247
-5860
-5053
-3786
-2464
-1521
-916
-382
439
1476
2232
2581
2541
1913
794
-303
-750
-396
-81
-522
-1257
-1628
-1909
-2780
-4377
-6403
-8438
-10172
-11353
-11443
-10807
-10718
-11170
-11414
-11274
-10593
-9315
-7254
-4303
-1562
117
1334
2739
4608
6930
9184
11070
12431
12862
12503
12004
11973
12526
12932
12359
10928
9342
7753
5878
3978
2665
1887
902
-758
-2488
-3543
-4356
-5494
-6501
-6685
-6103
-5724
-6075
-6328
-5704
-4536
-3429
-2445
-1114
571
1934
2718
3408
4494
5835
6837
7287
7561
7742
7507
6612
5459
4841
4658
4121
2904
1246
-404
-1868
-3162
-3936
-4108
-4237
-4752
-5559
-6062
-5839
-5276
-4791
-4252
-3493
-2629
-1898
-1503
-1067
-292
570
1257
1637
1730
1699
1401
792
226
-293
-794
-1284
-1733
-1837
-1743
-1815
-2022
-2585
-3774
-5679
-8116
-10055
-10632
-10084
-9327
-9307
-10007
-10466
-10349
-9851
-8744
-6613
-3560
-896
261
706
1894
4048
6340
8265
10083
11720
12278
11517
10563
10571
11396
11866
11413
10512
9513
8195
6316
4382
3242
2780
2017
518
-1163
-2356
-3274
-4482
-5523
-5663
-5138
-4888
-5212
-5436
-4995
-4252
-3648
-2864
-1521
85
1283
1930
2545
3539
4573
5112
5134
5057
5090
5020
4696
4416
4504
4536
3871
2616
1361
446
-338
-1180
-1830
-2207
-2669
-3512
-4450
-4932
-4748
-4180
-3782
-3614
-3593
-3519
-3382
-3106
-2390
-1176
206
1161
1452
1303
1101
1012
1067
1132
933
235
-1027
-2472
-3322
-3149
-2349
-1660
-1480
-1658
-1995
-2816
-4673
-7387
-9535
-9816
-8570
-7641
-8278
-9399
-9614
-9474
-9948
-10051
-7811
-3615
-513
-168
-487
845
3114
4766
6152
8581
11296
11888
10118
8652
9320
11097
11997
11659
11212
10835
9461
6841
4558
4093
4640
4067
1962
-85
-1137
-2111
-3843
-5238
-5029
-4157
-4344
-5472
-6025
-5354
-4426
-4085
-3618
-2329
-742
424
1121
1819
2697
3170
3076
3370
4597
6092
6705
5997
5029
4691
4499
3963
3456
3358
3217
1993
-149
-1633
-1880
-1814
-2284
-3309
-4395
-5190
-5794
-6228
-6028
-5051
-3868
-3151
-3170
-3317
-2767
-1687
-647
277
1053
1570
1702
1599
1801
2169
1745
447
-869
-1519
-1558
-1488
-1363
-1163
-1156
-1530
-2047
-2370
-2881
-4459
-6965
-9134
-9911
-9375
-8861
-9247
-9815
-9969
-10111
-10367
-9867
-7442
-3696
-1084
-463
-156
1271
3424
5313
7163
9658
11875
12097
10648
9723
10382
11567
11898
11413
10824
9948
8134
5852
4400
4106
3867
2608
649
-928
-1831
-2812
-4137
-5155
-5460
-5436
-5785
-6305
-6186
-5432
-4838
-4498
-3761
-2351
-817
188
952
2123
3611
4722
5202
5503
6130
6893
7059
6454
5753
5348
4908
4194
3342
2515
1478
1
-1439
-2220
-2572
-3077
-3953
-4965
-5818
-6356
-6436
-6062
-5527
-5038
-4598
-4115
-3469
-2591
-1362
39
1131
1818
2314
2589
2692
2875
3312
3710
3289
2023
733
-304
-1290
-2017
-2041
-1502
-1294
-1841
-2210
-1947
-2021
-3343
-5805
-8367
-9904
-10155
-9531
-8998
-9362
-10094
-10511
-10641
-10305
-8702
-5419
-1810
-59
60
646
2486
4677
6551
8656
11060
12253
11399
9904
9554
10444
11203
11158
10630
9791
8527
6819
5101
4028
3556
2976
1770
48
-1357
-2256
-3398
-4927
-5946
-5827
-5247
-5163
-5362
-4990
-4269
-4025
-3977
-3113
-1354
432
1676
2521
3272
3754
4020
4668
5589
6001
5671
4969
4373
3871
3355
2963
2636
1895
613
-759
-1864
-2459
-2648
-2738
-2980
-3642
-4523
-5072
-5077
-4717
-4184
-3496
-2851
-2511
-2285
-1716
-777
225
1182
2066
2665
2741
2599
2838
3265
3321
2964
2382
1604
353
-1278
-2504
-2893
-2853
-2760
-2646
-2590
-2722
-3135
-3727
-4631
-6411
-8810
-10414
-10157
-8761
-8161
-8929
-9797
-9875
-9617
-9388
-8267
-5302
-1780
-33
-170
-50
1683
4135
5957
7483
9515
11189
11134
9820
9230
10222
11445
11412
10454
9685
9037
7717
5831
4529
4229
3931
2714
1038
-74
-716
-1835
-3477
-4541
-4440
-3921
-3939
-4323
-4365
-4129
-4093
-4142
-3683
-2474
-909
511
1525
2063
2372
2933
3825
4640
5036
5134
5102
4675
3857
3216
3016
2898
2381
1436
428
-482
-1233
-1659
-1959
-2422
-3024
-3524
-3915
-4357
-4726
-4716
-4369
-4106
-3858
-3233
-2325
-1604
-1099
-431
469
1167
1490
1850
2420
2850
2936
2833
2590
1970
968
13
-730
-1544
-2487
-3074
-2954
-2562
-2510
-2666
-2666
-2376
-2301
-3376
-5891
-8779
-10206
-9432
-7940
-7675
-8533
-9089
-9105
-9543
-10054
-8595
-4673
-952
95
-465
96
2117
3923
5198
7204
9997
11553
10699
9177
9144
10333
11139
11040
10706
10450
9568
7719
5762
4690
4434
4179
3405
2287
1169
-164
-1968
-3686
-4373
-3998
-3543
-3764
-4295
-4595
-4872
-5302
-5251
-4102
-2418
-1227
-614
90
1010
1647
2075
2966
4401
5496
5384
4193
2762
1841
1693
2012
2204
2011
1457
354
-1269
-2591
-2537
-1289
-268
-503
-1533
-2419
-3034
-3530
-3577
-2758
-1460
-702
-870
-1342
-1421
-927
-52
905
1655
2145
2348
2204
1805
1443
1324
1259
859
138
-541
-1345
-2645
-4094
-4797
-4443
-3758
-3306
-2856
-2449
-2759
-4067
-5909
-7691
-9222
-9951
-9168
-7624
-7264
-8612
-9945
-9705
-8507
-7547
-6158
-3337
-341
749
266
601
2815
5393
6954
8118
9635
10725
10433
9434
9325
10348
11285
11267
10581
9829
8952
7562
5904
4724
4254
3922
3049
1708
382
-887
-2333
-3607
-4057
-3784
-3587
-3912
-4341
-4482
-4569
-4703
-4368
-3279
-2023
-1218
-733
-161
552
1141
1695
2432
3113
3385
3385
3520
3650
3429
2913
2502
2349
2161
1787
1364
940
466
22
-234
-404
-760
-1269
-1714
-2105
-2542
-2836
-2760
-2465
-2290
-2221
-1949
-1467
-1164
-1122
-955
-497
-37
82
-15
73
274
202
-225
-733
-1050
-1312
-1864
-2684
-3430
-3818
-3811
-3572
-3240
-2868
-2540
-2351
-2275
-2323
-2785
-3981
-5719
-7027
-7037
-6034
-5148
-5129
-5744
-6482
-7233
-7767
-7235
-5157
-2380
-447
91
142
700
1817
3172
4804
6779
8477
9026
8451
7715
7619
8109
8752
9349
9802
9762
8906
7564
6433
5809
5390
4836
4259
3783
3075
1834
361
-800
-1525
-2039
-2363
-2340
-2205
-2524
-3388
-4266
-4708
-4674
-4217
-3273
-2075
-1302
-1366
-1841
-1978
-1513
-632
510
1787
2752
2861
2142
1383
1352
2100
3124
3897
4171
3937
3318
2566
1988
1740
1738
1770
1579
1063
247
-589
-1195
-1524
-1627
-1608
-1574
-1732
-2176
-2717
-3091
-3262
-3342
-3345
-3169
-2943
-3014
-3434
-3807
-3858
-3716
-3561
-3373
-3130
-2990
-3064
-3074
-2579
-1564
-429
459
959
1098
925
411
-441
-1511
-2601
-3397
-3637
-3482
-3451
-3915
-4807
-5727
-6316
-6411
-5864
-4664
-3290
-2423
-2224
-2213
-1819
-991
-53
876
1916
2978
3812
4369
4883
5584
6402
7117
7663
8066
8225
8070
7746
7474
7272
6944
6440
5999
5775
5527
4960
4112
3209
2340
1461
684
223
19
-291
-900
-1636
-2242
-2641
-2861
-2885
-2737
-2589
-2572
-2568
-2393
-2039
-1690
-1464
-1300
-1098
-806
-401
74
523
832
971
1065
1308
1758
2286
2636
2635
2323
1890
1536
1325
1152
813
201
-542
-1185
-1653
-1982
-2183
-2229
-2172
-2193
-2363
-2519
-2508
-2388
-2369
-2522
-2721
-2835
-2798
-2597
-2263
-1899
-1681
-1642
-1606
-1422
-1118
-778
-446
-152
17
-28
-202
-298
-163
159
507
744
782
565
48
-699
-1508
-2143
-2518
-2767
-2996
-3191
-3293
-3392
-3600
-3814
-3741
-3248
-2553
-1995
-1676
-1453
-1197
-868
-449
99
683
1073
1166
1100
1095
1300
1700
2159
2570
2826
2877
2774
2677
2769
3123
3527
3725
3665
3453
3223
3064
3020
3124
3339
3522
3583
3526
3430
3324
3238
3208
3256
3338
3342
3185
2903
2573
2223
1933
1768
1731
1722
1600
1293
885
509
248
118
59
-1
-106
-338
-773
-1307
-1755
-2019
-2149
-2242
-2341
-2483
-2690
-2909
-3026
-3006
-2943
-2902
-2882
-2866
-2879
-2939
-2959
-2922
-2877
-2807
-2630
-2322
-1990
-1738
-1556
-1405
-1313
-1244
-1099
-824
-505
-263
-116
-22
39
89
166
269
322
258
107
-90
-291
-457
-538
-540
-543
-596
-651
-665
-682
-759
-877
-982
-1094
-1277
-1513
-1706
-1794
-1790
-1748
-1718
-1727
-1774
-1794
-1714
-1540
-1314
-1061
-818
-654
-603
-588
-467
-204
79
261
372
488
625
758
921
1189
1514
1748
1856
1996
2280
2632
2929
3153
3387
3608
3750
3856
4048
4365
4667
4767
4673
4548
4510
4522
4496
4436
4376
4279
4052
3705
3347
2996
2606
2179
1796
1461
1044
515
2
-396
-701
-991
-1258
-1473
-1695
-1993
-2367
-2710
-2914
-2970
-2936
-2922
-2982
-3106
-3256
-3408
-3515
-3469
-3247
-2964
-2737
-2592
-2475
-2347
-2236
-2112
-1885
-1512
-1126
-921
-938
-1050
-1120
-1114
-1023
-825
-560
-372
-388
-569
-747
-810
-724
-501
-218
-25
-18
-170
-337
-386
-310
-164
-12
98
133
93
63
139
264
276
120
-105
-283
-453
-724
-1063
-1336
-1527
-1739
-2024
-2270
-2363
-2351
-2341
-2323
-2236
-2074
-1892
-1737
-1583
-1337
-986
-615
-246
113
465
776
1019
1227
1453
1719
2001
2250
2468
2713
2992
3264
3490
3668
3819
3973
4108
4166
4124
4021
3888
3774
3693
3614
3500
3316
3082
2827
2587
2416
2318
2244
2124
1886
1551
1228
997
862
769
649
447
151
-207
-567
-833
-988
-1083
-1197
-1344
-1503
-1650
-1791
-1919
-2009
-2052
-2073
-2117
-2185
-2234
-2269
-2322
-2387
-2415
-2343
-2186
-2010
-1899
-1878
-1921
-1968
-1964
-1862
-1651
-1408
-1266
-1273
-1328
-1307
-1142
-852
-519
-221
-20
59
41
14
87
262
453
571
554
435
321
247
196
155
109
39
-86
-286
-515
-677
-720
-690
-679
-735
-853
-1028
-1242
-1414
-1466
-1404
-1342
-1399
-1561
-1732
-1836
-1857
-1800
-1660
-1509
-1422
-1429
-1438
-1331
-1108
-821
-535
-271
-17
199
379
574
806
1061
1320
1567
1807
2052
2250
2348
2329
2284
2318
2447
2602
2695
2680
2570
2405
2240
2171
2249
2413
2536
2538
2470
2425
2435
2469
2492
2503
2506
2464
2367
2276
2272
2330
2344
2248
2088
1960
1885
1798
1636
1407
1126
783
421
111
-134
-405
-797
-1288
-1776
-2188
-2532
-2825
-3052
-3240
-3451
-3689
-3856
-3872
-3753
-3558
-3343
-3136
-2931
-2713
-2444
-2121
-1759
-1416
-1168
-1010
-862
-642
-357
-82
120
257
351
386
385
423
523
619
640
584
488
368
234
119
56
25
-41
-179
-374
-606
-836
-1018
-1101
-1095
-1048
-998
-974
-1002
-1024
-967
-827
-670
-536
-408
-271
-142
-61
-9
11
-39
-143
-236
-252
-224
-254
-368
-530
-701
-843
-939
-991
-1012
-1051
-1151
-1291
-1397
-1421
-1366
-1274
-1193
-1101
-989
-840
-654
-446
-190
104
409
743
1114
1512
1886
2200
2498
2833
3202
3540
3799
3982
4079
4094
4082
4110
4176
4182
4071
3847
3566
3290
3045
2826
2606
2341
2025
1671
1318
1007
764
602
449
255
7
-259
-497
-692
-805
-840
-837
-878
-970
-1095
-1207
-1280
-1284
-1222
-1159
-1160
-1262
-1418
-1562
-1642
-1661
-1622
-1593
-1636
-1755
-1916
-2032
-2051
-1978
-1891
-1863
-1908
-1966
-1980
-1932
-1820
-1669
-1499
-1366
-1305
-1280
-1201
-1047
-845
-628
-435
-295
-209
-146
-54
98
289
482
641
744
785
792
794
806
813
778
694
558
374
177
-14
-201
-385
-565
-749
-947
-1147
-1312
-1433
-1534
-1635
-1722
-1753
-1721
-1667
-1632
-1596
-1547
-1491
-1407
-1264
-1085
-914
-795
-728
-658
-536
-353
-141
71
269
432
553
656
779
921
1077
1211
1292
1347
1410
1482
1544
1583
1597
1610
1635
1697
1811
1958
2084
2148
2171
2223
2330
2478
2643
2793
2888
2922
2906
2861
2829
2819
2785
2686
2525
2343
2184
2040
1890
1728
1556
1368
1162
954
765
587
385
163
-69
-295
-510
-716
-915
-1121
-1337
-1561
-1760
-1909
-2030
-2151
-2272
-2377
-2440
-2466
-2442
-2377
-2311
-2258
-2213
-2148
-2053
-1911
-1746
-1583
-1443
-1338
-1257
-1182
-1097
-1003
-904
-827
-783
-791
-808
-810
-815
-827
-854
-877
-878
-868
-861
-868
-895
-908
-905
-884
-845
-787
-718
-647
-592
-561
-523
-485
-426
-343
-227
-109
-11
46
63
72
76
103
155
218
264
268
233
169
86
4
-47
-61
-70
-95
-138
-188
-226
-252
-258
-245
-202
-122
-15
101
204
277
329
386
476
602
758
919
1051
1147
1214
1262
1319
1416
1554
1696
1837
1966
2075
2151
2204
2264
2347
2432
2501
2536
2552
2534
2439
2301
2172
2091
2035
1970
1861
1704
1506
1275
1059
891
783
685
550
367
163
-49
-224
-355
-456
-547
-650
-762
-873
-969
-1048
-1125
-1218
-1310
-1383
-1434
-1470
-1505
-1559
-1623
-1697
-1770
-1785
-1765
-1754
-1795
-1879
-1948
-1957
-1918
-1852
-1793
-1772
-1777
-1788
-1762
-1680
-1553
-1441
-1361
-1322
-1296
-1248
-1168
-1040
-893
-766
-693
-672
-669
-649
-589
-497
-395
-311
-253
-222
-207
-179
-129
-81
-39
8
53
76
66
45
40
55
72
78
92
119
137
137
140
162
188
203
222
262
328
407
482
549
620
701
795
900
1023
1143
1237
1301
1354
1422
1511
1609
1695
1754
1781
1778
1765
1775
1814
1842
1836
1793
1733
1676
1644
1626
1600
1534
1422
1299
1197
1132
1081
1020
927
791
630
489
405
367
340
290
197
91
-1
-71
-121
-162
-216
-294
-392
-491
-574
-657
-749
-846
-935
-1007
-1076
-1162
-1259
-1352
-1428
-1482
-1505
-1512
-1519
-1542
-1581
-1629
-1661
-1659
-1623
-1568
-1520
-1509
-1530
-1546
-1529
-1471
-1374
-1264
-1179
-1131
-1118
-1102
-1055
-974
-864
-758
-670
-613
-593
-583
-558
-504
-427
-347
-290
-263
-258
-271
-267
-233
-166
-88
-10
62
122
158
192
237
296
368
442
505
546
574
589
614
673
768
854
905
923
923
922
928
947
1003
1082
1145
1170
1150
1118
1104
1112
1141
1177
1186
1168
1120
1063
1022
1018
1026
1018
1000
968
932
894
851
806
774
756
739
714
678
645
610
574
539
520
517
514
495
454
395
314
239
182
148
123
86
21
-63
-161
-241
-289
-328
-366
-426
-519
-627
-731
-810
-864
-885
-901
-929
-991
-1078
-1166
-1218
-1216
-1183
-1153
-1137
-1148
-1187
-1225
-1235
-1194
-1132
-1068
-1024
-1010
-1008
-1021
-1021
-982
-903
-809
-729
-682
-678
-688
-669
-613
-539
-459
-400
-371
-361
-346
-316
-271
-222
-171
-122
-76
-24
21
63
101
138
180
234
306
373
428
471
491
499
510
538
582
628
655
656
635
617
615
622
642
663
664
649
613
568
527
498
483
486
492
483
460
431
402
402
423
459
495
511
504
476
442
435
459
492
529
560
573
577
576
572
566
565
551
528
493
444
393
333
266
203
150
128
129
118
85
26
-34
-82
-98
-83
-57
-59
-97
-163
-226
-261
-254
-229
-214
-217
-260
-310
-349
-373
-381
-385
-392
-407
-421
-439
-448
-451
-477
-506
-546
-593
-634
-669
-691
-714
-744
-769
-783
-773
-748
-715
-677
-647
-628
-612
-583
-538
-483
-426
-374
-324
-281
-246
-224
-211
-203
-178
-136
-93
-63
-48
-44
-46
-38
-27
-3
17
23
21
22
33
65
101
133
159
171
181
204
227
263
299
330
359
395
424
446
464
475
488
502
515
539
566
582
579
552
517
491
471
453
435
408
366
319
272
243
239
237
229
205
179
156
144
146
153
157
162
170
168
170
168
160
155
140
123
114
113
118
118
107
88
66
45
26
21
10
-2
-18
-55
-93
-121
-146
-161
-186
-226
-266
-304
-336
-348
-346
-352
-356
-356
-351
-327
-294
-256
-223
-208
-204
-211
-207
-192
-173
-157
-146
