0
0
1
0
-1
-1
0
0
-1
0
-1
1
0
1
1
0
0
1
-1
0
1
0
0
0
0
0
0
0
-1
0
0
0
0
-1
0
0
0
0
-1
0
0
-1
0
1
0
0
1
0
0
1
0
1
0
-1
0
0
0
0
0
0
0
0
0
1
0
0
0
0
-1
0
0
-1
0
-1
1
0
0
0
0
-1
0
0
0
0
0
-1
-1
0
0
-1
0
0
0
-1
0
1
1
0
-1
0
-1
0
1
0
-1
0
0
-1
0
1
0
0
1
0
1
0
-1
1
1
1
0
1
1
1
0
0
0
-1
0
0
0
1
1
1
1
0
0
0
1
1
0
1
-1
1
0
1
0
0
0
0
0
0
0
0
0
0
0
0
0
0
-1
0
0
0
0
-1
0
0
0
0
0
-1
0
-1
-1
-1
0
0
-1
0
-1
0
0
0
0
0
0
0
0
-1
-1
0
-1
-1
-1
0
-1
-1
0
0
0
0
1
0
1
1
0
0
0
1
0
0
0
0
0
-1
0
0
0
2
0
0
0
1
1
0
1
0
0
1
0
1
0
0
1
0
1
0
-1
1
0
-1
0
0
-1
-1
-1
-1
0
0
0
0
1
-1
1
1
-1
0
0
0
1
1
0
0
0
1
0
-1
0
0
-1
-1
0
-1
0
0
0
-1
0
0
1
0
0
0
-1
0
0
0
-1
-1
0
1
0
0
-1
1
0
0
1
0
1
0
0
-1
0
1
0
0
-1
0
1
0
-1
0
0
0
-1
0
0
0
1
0
1
0
1
1
1
0
0
0
0
1
1
1
1
0
0
0
0
0
-1
0
0
1
1
0
0
0
1
-1
-1
0
0
-1
0
-1
0
-1
0
2
-1
0
0
0
1
-1
0
-1
0
0
0
1
-1
0
0
0
0
0
0
-1
0
1
2
0
0
0
1
1
0
0
1
0
0
0
-1
1
1
1
0
0
-1
0
-1
1
1
1
-1
0
-1
0
0
0
1
0
0
0
1
1
0
0
1
1
0
1
-1
0
0
0
0
1
0
0
0
-1
0
0
-1
0
-1
-1
-1
1
0
0
0
0
0
0
0
0
0
1
-1
0
0
1
0
1
0
-1
1
0
0
0
0
1
1
0
0
1
0
0
0
0
0
0
0
-1
-1
0
0
0
0
0
0
1
1
1
1
0
0
0
0
0
-1
1
0
0
1
-1
1
0
0
0
-1
0
1
0
-1
1
0
-1
0
1
1
-1
0
0
0
0
-1
-1
0
-1
0
0
0
0
0
0
-1
0
0
0
-1
-1
0
0
0
0
0
0
0
0
-1
1
0
0
0
0
0
0
0
0
0
-1
0
0
1
-1
0
0
1
-1
0
1
0
0
1
0
0
-1
-1
0
1
0
0
0
-1
0
0
0
0
0
0
0
1
1
0
1
1
0
-1
-1
-1
0
0
0
-1
0
0
0
0
0
0
0
0
0
-1
0
0
0
1
1
2
1
0
0
0
-1
0
0
0
1
0
1
0
0
0
1
0
1
0
0
0
0
0
-1
0
0
0
0
-1
0
0
-1
0
0
0
0
1
1
0
1
0
1
1
0
0
0
0
0
-1
0
0
0
0
-1
-1
0
-1
-1
0
0
0
-1
0
0
0
0
-1
0
-1
-2
0
-1
0
0
0
0
0
-1
0
0
0
0
1
-1
0
0
0
0
-1
0
0
0
0
0
0
0
0
-1
0
-1
0
1
0
0
0
-1
0
0
1
0
1
0
0
0
0
-1
-1
0
0
0
0
0
0
0
0
0
1
1
0
1
0
1
1
0
0
0
1
0
1
0
0
0
-1
0
-1
0
0
0
1
0
0
0
1
-1
1
1
0
0
1
0
0
0
0
1
0
0
0
1
1
1
0
0
0
0
0
0
0
0
0
0
0
0
0
0
0
0
0
-1
-1
0
0
-1
0
0
0
-1
-1
0
0
0
0
-1
0
0
1
-1
0
0
0
0
0
0
-1
0
1
0
0
0
1
0
-1
0
0
-1
1
1
1
0
1
1
0
0
0
0
0
-1
0
0
0
0
0
0
0
1
0
0
0
0
0
-1
0
1
0
0
1
0
0
-1
1
-1
0
0
1
0
0
0
0
1
0
0
0
0
0
-1
0
0
0
0
-1
-1
-1
0
0
-1
0
0
0
0
1
0
0
1
1
0
0
-1
0
-1
0
0
0
0
0
0
1
0
0
1
0
0
1
0
0
1
0
0
-1
0
0
-1
0
0
-1
1
0
1
0
1
0
1
0
1
0
0
0
0
0
0
0
-1
-1
-1
-1
0
-1
-1
0
-2
0
-1
0
0
0
0
-1
0
1
0
0
1
0
1
0
0
1
0
0
0
0
0
1
0
0
0
1
0
0
0
0
0
0
-1
0
0
-1
0
0
0
-1
0
-1
1
1
0
0
1
0
0
-1
0
0
0
0
0
0
-1
1
0
1
-1
0
0
-1
0
0
0
1
-1
0
0
-1
-1
0
0
0
0
0
0
0
0
-1
-1
1
0
0
1
0
0
0
0
0
1
0
0
0
-1
0
0
0
-1
0
0
1
0
0
0
0
0
0
0
0
1
0
0
0
1
0
0
1
0
1
0
-1
0
1
0
0
-1
0
0
1
1
-1
-1
0
0
0
1
0
-1
0
0
-1
0
0
0
-1
0
0
1
0
-1
0
0
-1
0
1
0
0
0
0
0
0
0
0
1
1
1
0
0
0
0
0
1
0
0
0
-1
0
1
0
0
0
-1
0
1
0
-1
0
1
0
1
0
0
0
0
0
0
0
1
0
0
0
0
0
0
0
-1
0
0
0
0
-1
0
0
0
0
0
0
0
0
0
0
0
0
0
0
0
0
0
0
0
0
0
0
0
-1
0
0
0
0
0
0
-1
0
0
1
0
0
0
0
-1
0
0
0
1
0
0
0
-1
0
1
1
0
0
1
0
-1
0
0
0
0
0
0
0
0
-1
0
0
0
1
0
0
-1
0
0
0
0
0
0
0
2
0
1
0
0
0
-1
0
0
0
0
0
0
1
0
1
1
-1
-1
-1
-1
0
-1
0
0
0
-1
0
0
-1
-1
0
-1
0
0
1
-1
0
0
0
0
0
0
0
1
0
0
0
0
0
0
0
0
-1
0
1
0
0
0
0
0
0
0
0
0
-1
0
0
1
0
1
0
1
0
1
1
0
0
0
-1
0
-2
0
0
0
0
-1
1
1
0
0
1
0
1
0
1
1
0
0
0
1
1
0
0
-1
-1
0
0
0
0
0
0
0
1
1
1
-1
0
0
0
0
0
0
0
1
0
0
0
1
0
0
1
0
0
0
1
0
1
0
-1
-1
1
1
0
0
0
1
0
0
-1
1
0
0
0
-1
0
0
1
-1
0
0
0
0
0
0
0
-1
-1
0
0
0
0
-1
1
0
0
-1
0
1
0
0
0
0
0
1
-1
-1
1
0
0
0
1
1
-1
0
1
0
1
0
0
0
1
0
0
-1
0
-1
0
0
0
0
0
0
0
0
0
0
0
0
0
0
0
0
0
0
-1
0
1
0
0
0
-1
0
-1
1
0
1
1
0
1
0
0
0
0
0
1
-1
0
-1
0
0
0
1
0
0
-1
-1
0
0
-1
1
0
1
1
0
-1
0
0
0
0
0
0
0
0
0
0
1
-1
0
0
0
0
0
0
1
0
1
0
-1
0
1
0
0
-1
0
0
0
0
0
-1
0
0
0
0
-1
0
0
0
0
0
0
0
0
0
1
1
0
-1
-1
0
0
1
0
0
0
0
0
0
0
1
1
0
0
1
0
0
0
0
0
0
1
0
0
0
0
0
1
0
0
0
0
0
0
0
-1
0
0
0
0
0
0
0
0
0
0
0
-1
-1
0
0
0
1
-1
0
0
0
0
1
0
-1
-1
-1
-2
0
1
0
0
0
0
0
0
0
0
0
0
0
0
0
0
0
0
1
0
0
0
1
-1
0
0
0
0
0
-1
0
-1
-1
0
0
0
0
0
0
0
0
0
0
0
0
-1
0
1
0
1
0
0
1
0
-1
0
0
0
0
1
0
0
0
0
0
0
0
0
-1
0
0
0
-1
0
-1
0
0
1
-1
0
0
0
0
0
0
0
0
-1
0
0
0
0
0
-1
0
0
-2
-1
0
0
0
0
1
1
0
0
1
0
0
-1
0
0
0
1
0
0
-1
1
0
0
1
1
1
0
1
0
1
0
0
0
-1
0
0
1
0
-1
0
-1
0
1
0
-1
0
0
-1
0
0
0
0
0
0
0
0
1
0
0
0
-1
-1
0
0
-1
1
0
0
0
1
1
0
0
0
0
0
-1
0
0
-1
1
1
0
0
0
0
0
0
1
0
0
-1
0
1
0
-1
0
0
0
1
0
0
0
0
0
0
1
0
0
-1
0
0
0
1
0
1
0
1
0
0
0
1
1
-1
0
0
0
0
0
0
-1
0
1
-1
-1
0
0
0
0
-1
0
0
0
0
0
0
0
0
0
0
-1
0
0
-1
0
0
0
0
0
0
0
0
0
0
0
0
1
0
0
1
0
0
0
0
0
0
0
1
-1
0
0
0
-1
0
0
0
1
1
-1
0
0
0
0
0
0
0
0
0
0
0
-1
0
0
0
0
0
0
0
1
0
0
0
-1
0
0
-1
1
0
0
-1
-1
0
0
0
0
0
0
-1
0
0
0
-1
0
0
0
0
0
0
0
0
0
1
0
-1
0
1
-1
-1
0
-1
1
0
0
1
1
-1
0
-1
0
0
1
0
0
0
0
1
0
0
0
1
0
-1
1
0
0
1
0
0
0
0
0
1
1
0
-1
1
0
-1
-1
1
-1
0
0
0
-1
0
1
0
0
1
0
0
0
0
0
0
1
0
0
1
-1
0
0
0
0
0
0
0
0
0
-1
1
0
0
-1
0
0
1
1
0
0
0
0
0
0
0
0
0
0
0
1
0
0
0
0
0
-1
0
1
-1
0
0
0
0
-1
1
0
0
-1
-1
0
0
0
-1
-1
0
-1
0
0
0
0
-1
1
0
0
0
0
1
0
-1
1
1
0
1
1
1
-1
0
0
1
0
0
1
1
1
0
0
0
-1
-1
0
0
0
-1
-1
0
1
0
1
0
-1
0
0
0
1
0
-1
0
0
0
0
-1
0
0
-1
0
0
1
0
0
0
-1
0
0
-1
0
-1
0
-1
0
-1
0
0
0
0
0
-1
0
0
0
0
0
1
0
0
0
-1
0
0
0
0
1
2
0
0
1
0
0
0
1
0
0
0
0
0
-1
0
-1
0
1
0
0
0
0
-1
0
-1
-1
0
0
0
0
0
-1
0
0
0
0
0
0
0
0
-1
0
0
-1
0
0
0
-1
0
0
-1
0
-1
0
0
0
0
0
0
-1
0
1
0
0
-1
0
0
0
-1
0
0
0
0
0
1
-1
-1
1
0
0
0
0
1
1
1
1
2
1
2
2
1
1
3
2
2
2
2
2
2
2
2
1
1
1
0
1
0
-1
-1
-1
-1
-2
-2
-2
-1
-4
-4
-2
-4
-3
-3
-4
-3
-4
-5
-4
-4
-4
-4
-4
-4
-5
-5
-5
-3
-4
-2
-3
-1
-2
-1
-1
0
1
0
2
2
3
2
4
4
6
6
6
6
7
8
7
9
8
9
9
9
10
10
9
9
9
9
9
8
8
7
6
6
5
4
3
2
2
1
0
0
-2
-4
-4
-4
-5
-6
-8
-8
-8
-10
-10
-11
-11
-12
-12
-13
-14
-13
-14
-13
-14
-12
-13
-12
-11
-11
-11
-9
-9
-8
-6
-5
-4
-3
-1
-1
1
1
4
5
6
7
8
9
10
11
12
13
13
14
13
14
14
14
13
13
14
12
12
12
11
9
8
7
6
5
3
2
1
-1
-3
-5
-5
-8
-9
-10
-12
-13
-13
-14
-15
-17
-17
-17
-18
-17
-17
-18
-17
-16
-15
-15
-13
-12
-10
-9
-6
-4
-4
-2
1
3
6
8
11
13
15
18
19
20
23
25
27
28
28
30
31
32
32
33
33
33
33
32
31
30
28
27
24
23
20
17
14
10
8
4
1
-3
-7
-11
-15
-19
-23
-26
-30
-35
-38
-42
-44
-47
-50
-53
-55
-58
-59
-62
-62
-63
-65
-66
-68
-70
-71
-71
-71
-71
-70
-68
-64
-61
-56
-51
-45
-39
-31
-23
-15
-6
4
15
25
36
47
56
65
74
83
91
99
107
115
122
129
135
143
150
156
162
166
169
170
170
168
164
159
153
144
135
124
113
100
87
72
56
40
25
9
-6
-21
-36
-51
-66
-80
-95
-109
-120
-134
-145
-156
-168
-179
-189
-198
-205
-209
-211
-211
-210
-210
-209
-207
-204
-204
-204
-205
-206
-208
-211
-217
-226
-238
-251
-266
-283
-298
-313
-324
-329
-328
-317
-297
-267
-226
-176
-117
-51
20
96
175
253
329
404
473
536
597
648
692
725
747
759
758
746
720
681
633
575
512
445
375
307
239
171
109
52
2
-44
-85
-121
-156
-184
-210
-232
-248
-261
-267
-267
-264
-256
-245
-230
-214
-200
-189
-184
-181
-185
-194
-207
-222
-239
-256
-272
-278
-277
-271
-254
-234
-209
-181
-146
-112
-74
-36
0
35
66
95
124
150
174
193
205
213
215
212
203
192
176
160
145
134
127
121
121
124
129
137
144
154
159
164
167
166
163
155
142
123
97
67
32
-7
-52
-99
-148
-201
-257
-311
-363
-414
-461
-504
-543
-577
-603
-624
-638
-653
-671
-694
-724
-768
-831
-915
-1015
-1122
-1240
-1359
-1472
-1562
-1624
-1648
-1626
-1545
-1405
-1210
-963
-672
-346
6
370
735
1095
1441
1766
2064
2335
2574
2776
2934
3038
3087
3083
3017
2893
2708
2471
2188
1868
1521
1164
812
474
155
-130
-375
-578
-740
-862
-948
-1006
-1033
-1035
-1016
-974
-906
-811
-693
-561
-420
-270
-122
11
119
198
248
257
224
146
30
-120
-290
-476
-663
-844
-1013
-1161
-1287
-1384
-1450
-1486
-1486
-1453
-1388
-1287
-1155
-992
-799
-581
-346
-107
125
348
551
722
852
939
981
977
932
857
766
673
579
495
432
391
372
371
384
405
428
445
457
460
449
432
404
362
316
267
218
163
103
39
-35
-124
-231
-354
-492
-645
-811
-986
-1160
-1329
-1488
-1630
-1745
-1832
-1902
-1957
-2003
-2042
-2081
-2132
-2210
-2304
-2398
-2482
-2556
-2610
-2614
-2544
-2395
-2158
-1823
-1384
-853
-266
350
980
1611
2218
2765
3239
3651
4005
4289
4500
4649
4748
4788
4745
4599
4357
4026
3592
3043
2397
1695
971
245
-451
-1064
-1550
-1891
-2103
-2196
-2160
-2008
-1767
-1478
-1163
-814
-440
-55
333
736
1161
1594
1983
2295
2528
2673
2692
2553
2261
1839
1302
658
-55
-787
-1484
-2134
-2746
-3300
-3747
-4080
-4322
-4482
-4550
-4500
-4339
-4079
-3721
-3230
-2613
-1908
-1152
-371
429
1208
1896
2438
2838
3100
3211
3165
2996
2753
2458
2118
1753
1403
1097
832
586
357
168
26
-89
-182
-230
-213
-153
-81
11
147
312
460
561
638
702
718
659
538
383
178
-116
-505
-947
-1403
-1873
-2376
-2882
-3317
-3638
-3878
-4053
-4132
-4084
-3980
-3936
-3982
-4036
-4048
-4073
-4139
-4149
-3970
-3580
-3029
-2323
-1395
-241
1015
2207
3279
4273
5148
5776
6096
6192
6176
6052
5797
5448
5105
4816
4482
4011
3427
2816
2156
1360
446
-469
-1262
-1917
-2436
-2738
-2720
-2383
-1843
-1202
-460
370
1194
1895
2426
2831
3140
3333
3386
3358
3332
3297
3177
2930
2598
2194
1666
954
85
-841
-1745
-2628
-3458
-4131
-4567
-4785
-4842
-4764
-4550
-4227
-3874
-3556
-3261
-2941
-2589
-2219
-1818
-1339
-757
-109
517
1075
1570
1963
2149
2086
1851
1522
1107
625
163
-174
-365
-467
-516
-464
-294
-93
49
155
295
489
702
933
1228
1598
1951
2183
2275
2296
2252
2045
1623
1092
617
215
-176
-531
-724
-743
-782
-1015
-1395
-1739
-2046
-2522
-3236
-3920
-4290
-4426
-4553
-4558
-4127
-3348
-2782
-2755
-2949
-2991
-3082
-3620
-4426
-4871
-4714
-4317
-3868
-2965
-1273
802
2547
3817
5027
6278
7076
7065
6600
6252
6025
5539
4823
4417
4557
4759
4473
3814
3238
2726
1808
366
-1103
-2153
-2898
-3583
-3993
-3695
-2703
-1517
-493
488
1604
2672
3319
3495
3514
3600
3647
3513
3349
3430
3714
3837
3575
3074
2521
1789
650
-813
-2240
-3415
-4412
-5261
-5752
-5699
-5250
-4723
-4215
-3609
-2912
-2359
-2112
-2020
-1856
-1612
-1400
-1183
-769
-107
589
1105
1460
1770
1952
1772
1197
497
-93
-612
-1152
-1562
-1625
-1392
-1125
-904
-573
-63
424
693
823
1043
1392
1727
2007
2353
2796
3126
3163
2979
2725
2370
1791
1018
238
-416
-936
-1309
-1462
-1376
-1239
-1295
-1555
-1838
-2068
-2476
-3209
-3990
-4483
-4770
-5063
-5128
-4560
-3603
-3083
-3292
-3639
-3701
-3928
-4783
-5794
-6145
-5807
-5318
-4633
-3099
-606
2012
3950
5328
6671
7891
8369
7925
7177
6723
6387
5738
5028
4931
5417
5603
4936
3925
3156
2288
726
-1240
-2769
-3622
-4229
-4649
-4345
-3116
-1485
-45
1114
2202
3231
3966
4250
4173
4030
4053
4159
4192
4240
4470
4711
4518
3725
2657
1537
183
-1532
-3320
-4756
-5742
-6394
-6653
-6350
-5593
-4707
-3959
-3326
-2738
-2252
-1955
-1844
-1796
-1633
-1243
-678
-7
751
1524
2112
2296
2065
1620
1046
241
-781
-1764
-2414
-2728
-2837
-2693
-2211
-1553
-990
-538
-39
527
997
1323
1660
2086
2595
3118
3524
3736
3741
3601
3253
2552
1624
714
-92
-861
-1593
-2021
-2011
-1810
-1710
-1737
-1725
-1695
-1882
-2330
-2832
-3268
-3613
-3807
-3805
-3523
-2879
-1974
-1354
-1623
-2525
-3351
-4124
-5401
-7074
-8113
-8012
-7381
-6588
-5065
-2381
740
3192
4756
6119
7477
8262
8130
7548
7242
7260
7129
6783
6697
7058
7281
6584
5045
3415
1990
290
-1925
-3873
-4791
-4955
-4959
-4594
-3312
-1435
130
1044
1726
2518
3181
3463
3571
3851
4353
4911
5438
5910
6236
6274
5776
4560
2835
1030
-733
-2610
-4453
-5803
-6458
-6647
-6537
-6027
-5155
-4313
-3843
-3622
-3357
-3036
-2767
-2447
-1907
-1161
-284
727
1766
2582
3010
2987
2462
1502
368
-720
-1716
-2604
-3253
-3496
-3342
-2983
-2559
-2037
-1546
-1209
-1011
-684
-103
512
1097
1836
2766
3643
4332
4822
5000
4739
4122
3309
2368
1384
487
-303
-1007
-1576
-1957
-2130
-2101
-2048
-2189
-2441
-2541
-2457
-2356
-2294
-2300
-2437
-2591
-2628
-2608
-2460
-1882
-1254
-1709
-3307
-4693
-5296
-6061
-7513
-8610
-8351
-7341
-6428
-5157
-2748
424
3013
4300
5179
6480
7639
7906
7577
7500
7833
8001
7779
7559
7617
7635
6749
4700
2463
840
-611
-2441
-4090
-4692
-4435
-4014
-3431
-2252
-628
720
1411
1760
2224
2875
3506
4060
4652
5338
6084
6769
7077
6838
6185
5130
3499
1372
-664
-2230
-3560
-4792
-5643
-5972
-5955
-5791
-5517
-5119
-4675
-4321
-4145
-4009
-3523
-2609
-1630
-800
24
947
1879
2517
2660
2426
1937
1174
147
-893
-1601
-2030
-2484
-2978
-3246
-3154
-2927
-2713
-2450
-2107
-1674
-1148
-465
490
1579
2535
3317
3939
4358
4499
4324
3970
3351
2423
1545
914
384
-89
-355
-498
-909
-1558
-2044
-2445
-2937
-3219
-3108
-2856
-2742
-2693
-2420
-2218
-2436
-2818
-2875
-2259
-1774
-2684
-4354
-5286
-5548
-6196
-7479
-7988
-7069
-6026
-5354
-4089
-1678
1246
3337
4276
5137
6366
7290
7345
6994
7174
7683
7583
6971
6618
6671
6419
5143
3218
1559
352
-958
-2438
-3229
-3138
-2851
-2544
-1775
-437
789
1491
2054
2596
2961
3291
3843
4643
5397
5818
6005
6144
5972
5197
4042
2787
1417
-100
-1574
-2727
-3505
-3934
-4168
-4386
-4563
-4531
-4297
-4164
-4101
-3925
-3633
-3204
-2608
-1924
-1183
-399
302
765
950
892
551
33
-423
-759
-1102
-1375
-1455
-1576
-1851
-2097
-2232
-2341
-2440
-2365
-2101
-1690
-1049
-231
730
1747
2563
3089
3427
3543
3306
2919
2675
2381
1878
1390
1100
868
442
-64
-328
-464
-895
-1739
-2637
-3086
-3110
-3206
-3362
-3359
-3357
-3431
-3553
-3642
-3447
-2610
-1566
-1831
-3609
-5081
-5440
-5831
-7009
-7727
-6751
-5263
-4417
-3273
-844
2121
4010
4486
4956
6079
6777
6586
6352
6702
7177
7008
6446
6172
6055
5466
3972
1925
254
-784
-1700
-2630
-2796
-1997
-1222
-925
-416
739
1789
1981
1855
2311
3114
3611
4037
4993
6257
6835
6460
5887
5354
4343
2649
841
-546
-1597
-2447
-2979
-3048
-2819
-2677
-2864
-3277
-3587
-3627
-3629
-3682
-3476
-3000
-2441
-1817
-1197
-594
-106
69
-65
-266
-275
-299
-623
-934
-927
-863
-1032
-1224
-1354
-1600
-2027
-2506
-2746
-2628
-2215
-1577
-807
9
812
1531
2159
2583
2738
2861
2986
2738
2334
2147
2056
1821
1122
363
34
-302
-862
-1349
-1549
-1667
-2262
-3021
-3157
-3181
-3542
-3841
-4091
-4257
-4293
-4257
-3891
-3009
-1526
-704
-2080
-4161
-5082
-5489
-6563
-7904
-7650
-5709
-4108
-3071
-1141
1891
4525
5248
4886
5412
6332
6192
5540
5721
6841
7401
6866
6371
6199
5664
4096
1688
-333
-1330
-1871
-2573
-2861
-1868
-421
209
345
929
1780
2006
1616
1654
2559
3626
4363
5195
6437
7247
6845
5858
5067
4135
2579
828
-300
-891
-1417
-1794
-2016
-2190
-2452
-3084
-3827
-4233
-4228
-3890
-3446
-2884
-2039
-1236
-646
-264
-381
-877
-1332
-1674
-1731
-1313
-594
46
261
179
33
-464
-1312
-2146
-2883
-3513
-3787
-3476
-2788
-1900
-1005
-124
709
1168
1290
1377
1641
1909
2020
2284
2812
3300
3364
3181
2849
1966
743
-354
-1084
-1555
-2074
-2248
-1891
-1718
-2023
-2439
-2778
-3110
-3792
-4577
-4758
-4697
-4699
-4370
-3371
-1874
-1654
-3460
-5232
-6016
-6670
-7864
-8572
-7171
-4706
-3021
-1484
906
3566
5166
5117
4858
5646
6529
6514
6262
6924
8187
8444
7461
6339
5432
4010
1642
-656
-1681
-1696
-1851
-2359
-2096
-801
-12
-333
-470
163
694
642
952
2529
4557
5781
6394
7114
7674
7332
6106
4889
4009
2964
1591
486
117
-2
-465
-1308
-2271
-3145
-4104
-5108
-5596
-5294
-4501
-3647
-2678
-1510
-639
-404
-567
-865
-1295
-1736
-1780
-1243
-277
813
1611
1874
1754
1215
124
-1155
-2193
-2925
-3473
-3674
-3294
-2610
-2057
-1740
-1578
-1456
-1277
-988
-559
85
1033
2010
2865
3615
4130
4154
3569
2793
2033
1260
710
485
295
0
-274
-551
-1140
-2205
-3231
-3834
-4325
-4895
-5368
-5468
-5114
-4760
-4640
-4043
-2756
-2558
-4683
-7144
-7664
-7119
-7509
-7997
-6432
-3526
-1592
-619
996
3235
4497
4139
3756
5026
6925
7543
7276
7693
8593
8268
6500
4890
4043
2918
915
-907
-1217
-376
-69
-833
-1262
-559
-148
-1100
-1827
-795
689
1092
1394
3155
5608
6697
6445
6427
6795
6299
4787
3699
3728
3826
3035
2031
1674
1356
153
-1615
-2981
-3705
-4333
-5058
-5219
-4369
-3171
-2461
-1972
-1360
-1196
-1726
-2449
-2749
-2627
-2289
-1523
-497
606
1660
2107
1820
1356
1000
323
-617
-1125
-1107
-1031
-1042
-1010
-1170
-1678
-2374
-2923
-2964
-2537
-1905
-1201
-217
933
1701
2058
2366
2557
2202
1621
1275
1030
847
779
852
884
578
-118
-1044
-1805
-2307
-2731
-3064
-3115
-3143
-3619
-4189
-4606
-5156
-5717
-5397
-3996
-3539
-5097
-6652
-6568
-6030
-6712
-7331
-5688
-2767
-1198
-619
1230
3886
5054
4230
3753
5220
6746
6598
5883
6142
6648
5747
3725
2135
1478
642
-910
-2020
-1544
-47
654
328
641
2152
3090
2529
2423
3915
5322
5286
5080
6267
7624
7198
5732
5110
5072
3877
1696
420
245
-358
-1740
-2592
-2433
-2284
-2722
-3107
-2861
-2189
-1682
-1404
-804
278
1258
1662
1699
1541
1012
-3
-1169
-2094
-2707
-3229
-3755
-3919
-3585
-3241
-3285
-3550
-3515
-3256
-3026
-2617
-1828
-830
-30
618
1142
1496
1504
1159
875
933
1172
1337
1630
2083
2147
1739
1223
859
476
-146
-507
-475
-457
-630
-814
-857
-802
-845
-828
-598
-566
-928
-1266
-1381
-1528
-2049
-2689
-2872
-3001
-3324
-3315
-2629
-1667
-2154
-4599
-6825
-7358
-7431
-8413
-8850
-7003
-4202
-2749
-2047
-328
1662
2100
1215
1388
3589
5596
5940
5852
6768
7596
6410
4132
2804
2497
1477
-200
-610
714
2022
1840
1190
1543
2322
2217
1629
2305
4117
5251
5396
5870
7074
7455
6333
5076
4694
4409
3295
2040
1796
1959
1229
-243
-1170
-1512
-2255
-3388
-3855
-3227
-2495
-2225
-1874
-941
10
249
44
36
-17
-708
-1700
-2212
-2213
-2520
-3286
-3775
-3648
-3404
-3509
-3521
-3114
-2646
-2443
-2312
-1680
-761
-199
-4
328
932
1243
1076
933
1037
1145
987
1050
1560
1969
2024
2003
2123
2036
1658
1167
810
715
637
519
469
283
-62
-414
-640
-883
-1330
-1908
-2471
-2641
-2424
-2334
-2694
-3153
-3247
-3268
-3606
-3749
-2899
-2306
-3872
-6169
-6914
-6558
-7069
-8125
-7452
-5294
-3913
-3768
-2758
-644
316
-82
297
2415
4518
5105
5250
6060
6783
6109
4582
3835
3744
3305
2297
1890
2589
3235
2894
1988
1791
2239
2361
2190
2599
4130
5411
5398
5336
5943
6251
5221
4104
4306
4795
4224
3235
3137
3278
2318
684
-385
-907
-1856
-2928
-3121
-2528
-1992
-2024
-2041
-1645
-1270
-1326
-1454
-1144
-791
-925
-1418
-1772
-1807
-1992
-2656
-3257
-3351
-3248
-3284
-3197
-2757
-2382
-2347
-2386
-2110
-1581
-1203
-863
-325
313
641
625
535
552
673
661
893
1477
1904
2134
2379
2578
2487
2148
1967
1909
1737
1415
1215
1141
837
215
-418
-883
-1167
-1569
-2130
-2166
-1856
-1704
-1862
-2086
-2269
-2890
-3660
-4001
-3799
-3352
-2772
-2496
-3468
-4926
-5694
-6129
-7107
-8111
-7486
-5813
-4757
-4310
-3204
-1570
-1146
-1366
-558
1195
2612
3259
4314
5674
6213
5882
5551
5569
5190
4407
3975
4072
4249
4114
3831
3451
3048
2690
2269
2179
2569
3259
3766
3934
4258
4733
4863
4558
4404
4706
4769
4327
4048
4135
3891
2802
1614
908
216
-777
-1594
-1786
-1832
-2191
-2576
-2593
-2474
-2666
-2976
-3001
-2833
-2726
-2670
-2428
-2116
-2023
-2170
-2349
-2417
-2421
-2376
-2225
-1996
-1846
-1748
-1562
-1277
-1130
-1148
-1057
-885
-821
-844
-828
-707
-671
-787
-742
-480
-96
275
609
1017
1344
1441
1542
1747
1916
1938
1857
1804
1668
1344
991
683
325
-57
-419
-707
-945
-1228
-1519
-1754
-1869
-1900
-1899
-1910
-1913
-1875
-1794
-1682
-1532
-1331
-1043
-707
-563
-557
-708
-1047
-1589
-2248
-2663
-2918
-3273
-3727
-3970
-3865
-3698
-3633
-3530
-3302
-3181
-3180
-2958
-2255
-1392
-776
-191
619
1572
2209
2544
2928
3286
3444
3533
3849
4308
4563
4612
4584
4561
4551
4449
4323
4210
4182
4320
4490
4639
4745
4725
4535
4242
4030
3962
3812
3470
3194
3074
2903
2621
2376
2165
1788
1269
806
416
-17
-514
-926
-1233
-1505
-1766
-2081
-2454
-2908
-3305
-3486
-3532
-3543
-3613
-3676
-3659
-3613
-3525
-3427
-3332
-3288
-3281
-3181
-3000
-2821
-2766
-2831
-2826
-2670
-2354
-1966
-1636
-1309
-952
-629
-364
-36
433
838
1043
1207
1497
1770
1763
1630
1733
1936
2011
2025
2162
2374
2295
1983
1722
1521
1268
926
637
409
113
-206
-503
-797
-1067
-1291
-1499
-1717
-1893
-1881
-1868
-2193
-2660
-3046
-3439
-3920
-4429
-4743
-5017
-5412
-5574
-5351
-4998
-4830
-4757
-4401
-3929
-3541
-3023
-2283
-1474
-845
-341
315
1041
1631
2029
2391
2909
3483
3997
4413
4808
5261
5618
5857
6117
6417
6607
6542
6398
6385
6393
6241
5943
5704
5566
5344
4992
4550
4152
3728
3236
2858
2631
2424
2038
1537
1109
750
336
-125
-490
-702
-882
-1069
-1221
-1438
-1893
-2590
-3270
-3765
-4134
-4472
-4783
-4917
-4955
-5014
-4999
-4954
-4984
-5086
-5153
-5032
-4742
-4407
-4078
-3711
-3250
-2760
-2307
-1932
-1628
-1319
-979
-543
-21
463
839
1082
1294
1511
1675
1763
1802
1924
2167
2437
2689
2876
2938
2877
2788
2722
2655
2552
2373
2138
1865
1593
1292
856
344
-135
-519
-828
-1089
-1226
-1351
-1612
-1959
-2375
-2894
-3508
-4083
-4464
-4735
-4982
-5185
-5315
-5374
-5411
-5427
-5361
-5205
-5003
-4669
-4099
-3296
-2455
-1820
-1258
-588
54
510
831
1235
1681
2040
2475
3112
3783
4217
4462
4771
5141
5398
5549
5727
5977
6212
6389
6556
6666
6594
6315
5930
5514
5112
4677
4196
3799
3558
3407
3154
2781
2371
1917
1423
951
629
425
188
-83
-301
-483
-744
-1178
-1746
-2327
-2884
-3376
-3765
-4057
-4301
-4529
-4733
-4895
-4969
-5009
-5091
-5170
-5149
-4967
-4697
-4382
-3983
-3554
-3103
-2644
-2223
-1897
-1654
-1389
-1073
-702
-264
147
447
635
801
1016
1213
1337
1430
1581
1762
1986
2293
2593
2768
2795
2804
2847
2854
2721
2418
2101
1859
1622
1362
1061
696
247
-231
-584
-877
-1228
-1587
-1886
-2140
-2361
-2571
-2909
-3468
-4062
-4440
-4646
-4843
-5023
-5128
-5155
-5071
-4837
-4490
-4176
-3933
-3621
-3202
-2706
-2157
-1685
-1340
-1021
-615
-86
454
950
1415
1859
2372
2960
3527
3976
4281
4545
4848
5166
5495
5783
5965
6045
6093
6152
6178
6089
5866
5608
5410
5265
5144
4999
4771
4466
4103
3707
3295
2875
2448
2006
1613
1326
1066
709
253
-196
-611
-1048
-1521
-2054
-2626
-3178
-3632
-3940
-4154
-4313
-4509
-4774
-4987
-5092
-5149
-5226
-5292
-5238
-5026
-4661
-4190
-3746
-3422
-3252
-3133
-2962
-2738
-2462
-2176
-1847
-1434
-980
-494
-60
277
547
766
981
1240
1554
1902
2240
2585
2874
3020
3034
2988
2896
2685
2432
2216
2029
1858
1730
1641
1509
1225
829
429
67
-254
-573
-899
-1196
-1443
-1636
-1795
-2039
-2493
-3079
-3576
-3859
-4015
-4160
-4304
-4452
-4588
-4576
-4388
-4170
-4085
-4111
-4045
-3809
-3411
-2886
-2371
-1921
-1470
-920
-281
289
788
1253
1646
2072
2659
3355
3957
4367
4744
5157
5493
5690
5774
5803
5795
5775
5812
5925
5999
5928
5785
5678
5597
5438
5164
4832
4460
4086
3760
3437
3080
2664
2241
1865
1499
1104
664
194
-292
-733
-1095
-1443
-1876
-2372
-2847
-3271
-3643
-3969
-4289
-4651
-5024
-5298
-5408
-5421
-5401
-5346
-5243
-5072
-4827
-4518
-4214
-3986
-3800
-3506
-3077
-2613
-2180
-1777
-1403
-1051
-686
-308
40
332
601
892
1216
1576
1933
2219
2416
2577
2738
2845
2837
2726
2630
2586
2549
2477
2353
2153
1896
1628
1374
1099
744
336
-65
-405
-651
-856
-1128
-1455
-1751
-1999
-2219
-2459
-2793
-3241
-3679
-3925
-4004
-4100
-4245
-4388
-4537
-4637
-4601
-4464
-4386
-4384
-4254
-3849
-3257
-2615
-2014
-1517
-1065
-531
103
739
1296
1791
2254
2735
3288
3892
4420
4720
4890
5078
5294
5480
5603
5729
5842
5892
5927
5995
6003
5864
5626
5409
5254
5050
4794
4555
4314
4015
3640
3252
2843
2348
1816
1356
966
571
118
-335
-723
-1092
-1481
-1918
-2373
-2815
-3253
-3630
-3942
-4193
-4371
-4538
-4706
-4809
-4823
-4820
-4887
-4937
-4876
-4737
-4564
-4318
-3979
-3644
-3399
-3196
-2930
-2646
-2336
-2007
-1670
-1307
-958
-565
-119
292
657
968
1224
1438
1680
1954
2166
2340
2539
2747
2869
2928
2967
2953
2849
2702
2567
2389
2133
1850
1635
1425
1113
745
404
92
-229
-512
-764
-1098
-1507
-1849
-2056
-2194
-2331
-2505
-2793
-3176
-3506
-3716
-3930
-4211
-4455
-4602
-4677
-4633
-4409
-4129
-3966
-3846
-3577
-3155
-2725
-2321
-1889
-1423
-915
-314
340
904
1336
1731
2164
2630
3120
3614
4042
4398
4765
5174
5524
5736
5858
5930
5955
5976
6044
6091
6016
5842
5670
5513
5307
5034
4728
4372
3958
3544
3176
2824
2417
1961
1541
1185
850
479
57
-351
-724
-1103
-1494
-1870
-2216
-2568
-2930
-3221
-3439
-3680
-4008
-4362
-4642
-4838
-5005
-5155
-5192
-5110
-4971
-4821
-4650
-4439
-4269
-4114
-3889
-3587
-3238
-2894
-2541
-2146
-1720
-1301
-945
-611
-269
67
399
726
1087
1434
1724
1982
2228
2474
2647
2700
2720
2756
2781
2778
2732
2651
2513
2330
2133
1913
1666
1401
1106
821
529
221
-104
-446
-765
-1075
-1380
-1667
-1923
-2135
-2327
-2502
-2700
-2967
-3287
-3562
-3722
-3839
-3979
-4102
-4149
-4138
-4077
-3942
-3779
-3649
-3516
-3261
-2839
-2312
-1758
-1274
-862
-388
208
843
1399
1880
2339
2767
3222
3753
4262
4607
4784
4977
5284
5616
5872
6036
6114
6091
6019
5984
5949
5802
5534
5239
4977
4744
4507
4203
3827
3437
3083
2710
2279
1852
1456
1051
627
221
-162
-580
-1071
-1532
-1888
-2192
-2526
-2885
-3202
-3452
-3670
-3898
-4139
-4377
-4611
-4851
-5042
-5145
-5212
-5288
-5333
-5243
-5042
-4813
-4565
-4293
-3984
-3640
-3263
-2868
-2466
-2063
-1659
-1253
-812
-353
46
368
662
967
1269
1564
1856
2128
2359
2555
2732
2896
3032
3120
3149
3135
3079
2968
2831
2698
2557
2379
2160
1908
1604
1262
926
609
273
-103
-484
-835
-1143
-1413
-1647
-1865
-2085
-2307
-2509
-2697
-2880
-3085
-3343
-3646
-3891
-4004
-4096
-4222
-4323
-4361
-4360
-4315
-4165
-3935
-3690
-3394
-2976
-2432
-1831
-1246
-706
-183
390
997
1564
2083
2600
3113
3600
4098
4600
5005
5260
5440
5659
5887
6042
6125
6163
6169
6136
6080
6019
5884
5645
5361
5076
4813
4542
4231
3868
3454
3065
2686
2249
1774
1306
861
414
-24
-403
-772
-1185
-1610
-1995
-2325
-2667
-3054
-3421
-3733
-4001
-4256
-4503
-4723
-4926
-5115
-5279
-5383
-5429
-5448
-5448
-5383
-5239
-5047
-4828
-4605
-4319
-3991
-3617
-3206
-2789
-2384
-1973
-1550
-1124
-669
-222
185
572
951
1324
1660
1942
2194
2424
2651
2852
3023
3191
3309
3352
3358
3336
3267
3136
2978
2821
2657
2467
2244
1990
1717
1416
1077
738
447
175
-100
-366
-634
-933
-1255
-1539
-1776
-2041
-2314
-2545
-2747
-2930
-3086
-3234
-3421
-3666
-3899
-4074
-4194
-4244
-4250
-4264
-4253
-4136
-3905
-3638
-3345
-2974
-2534
-2070
-1530
-889
-228
361
894
1445
2029
2614
3175
3721
4212
4641
5017
5363
5675
5932
6105
6195
6236
6274
6282
6216
6076
5896
5690
5431
5135
4852
4563
4214
3830
3479
3158
2795
2384
1984
1598
1198
777
366
-36
-458
-902
-1340
-1767
-2180
-2561
-2908
-3237
-3544
-3828
-4123
-4433
-4696
-4889
-5080
-5281
-5418
-5464
-5493
-5527
-5490
-5370
-5233
-5092
-4881
-4582
-4243
-3887
-3487
-3038
-2576
-2135
-1709
-1273
-822
-375
60
488
885
1224
1519
1798
2068
2319
2529
2706
2862
2986
3088
3142
3156
3145
3084
2970
2841
2729
2608
2452
2275
2098
1898
1645
1372
1113
854
539
181
-151
-439
-722
-1005
-1258
-1497
-1762
-1999
-2148
-2245
-2365
-2522
-2655
-2750
-2816
-2860
-2948
-3137
-3374
-3537
-3575
-3537
-3458
-3371
-3307
-3201
-2947
-2580
-2232
-1939
-1602
-1163
-618
15
666
1238
1716
2187
2705
3238
3728
4142
4469
4784
5134
5473
5704
5793
5794
5749
5707
5698
5671
5563
5362
5129
4904
4689
4448
4150
3797
3427
3098
2790
2455
2065
1624
1143
667
250
-137
-531
-933
-1328
-1707
-2074
-2418
-2763
-3129
-3478
-3782
-4042
-4287
-4522
-4739
-4961
-5163
-5297
-5388
-5461
-5485
-5444
-5356
-5235
-5053
-4822
-4568
-4281
-3952
-3590
-3205
-2802
-2393
-1970
-1541
-1120
-712
-302
129
567
977
1335
1652
1923
2158
2396
2636
2839
2972
3050
3133
3227
3298
3323
3296
3205
3076
2951
2844
2725
2540
2288
2026
1794
1581
1346
1071
784
500
235
23
-175
-405
-679
-945
-1155
-1319
-1462
-1608
-1764
-1926
-2060
-2166
-2260
-2345
-2416
-2461
-2441
-2357
-2250
-2158
-2106
-2099
-2104
-2086
-2047
-1987
-1915
-1819
-1689
-1524
-1317
-1083
-842
-598
-334
-16
359
775
1199
1617
2018
2367
2674
2972
3266
3535
3776
4009
4214
4365
4470
4525
4526
4466
4359
4240
4109
3948
3740
3494
3218
2905
2575
2255
1959
1676
1411
1182
968
748
497
206
-110
-426
-721
-999
-1266
-1531
-1815
-2100
-2362
-2593
-2814
-3041
-3246
-3417
-3559
-3663
-3730
-3778
-3826
-3870
-3875
-3850
-3802
-3718
-3595
-3440
-3250
-3006
-2740
-2479
-2217
-1938
-1643
-1338
-1021
-708
-429
-178
72
319
538
719
877
1027
1172
1317
1465
1603
1708
1782
1849
1916
1969
1994
1990
1971
1951
1921
1866
1796
1713
1610
1493
1367
1235
1084
913
749
597
437
255
56
-158
-381
-599
-798
-961
-1092
-1203
-1289
-1339
-1369
-1398
-1431
-1449
-1448
-1428
-1378
-1325
-1305
-1346
-1426
-1519
-1625
-1737
-1830
-1888
-1900
-1849
-1726
-1565
-1405
-1241
-1033
-777
-474
-131
239
623
1005
1386
1763
2101
2380
2616
2846
3087
3337
3568
3753
3893
3979
4012
3988
3919
3813
3669
3517
3367
3202
2997
2752
2489
2221
1953
1682
1408
1134
882
657
450
224
-28
-301
-570
-823
-1050
-1263
-1483
-1707
-1912
-2096
-2265
-2433
-2605
-2780
-2948
-3077
-3178
-3259
-3310
-3324
-3304
-3245
-3160
-3060
-2973
-2896
-2783
-2630
-2437
-2220
-2000
-1785
-1578
-1362
-1142
-923
-717
-517
-314
-94
124
326
508
659
780
889
999
1118
1233
1341
1451
1554
1630
1669
1679
1676
1670
1659
1647
1631
1586
1505
1406
1290
1164
1026
892
757
617
482
351
215
71
-97
-278
-443
-576
-680
-756
-816
-870
-916
-939
-942
-925
-893
-851
-788
-712
-663
-675
-744
-865
-1014
-1148
-1257
-1366
-1477
-1554
-1575
-1561
-1516
-1431
-1330
-1202
-991
-695
-359
-30
286
589
883
1170
1447
1684
1875
2065
2254
2430
2593
2726
2815
2859
2881
2904
2898
2854
2784
2705
2626
2535
2420
2262
2078
1872
1670
1475
1284
1094
916
754
608
465
311
149
-14
-172
-329
-497
-671
-854
-1036
-1214
-1390
-1579
-1780
-1981
-2168
-2326
-2448
-2526
-2577
-2602
-2602
-2576
-2519
-2447
-2391
-2325
-2235
-2126
-1996
-1847
-1684
-1537
-1402
-1257
-1097
-934
-776
-618
-462
-303
-136
32
195
346
479
600
724
847
942
1025
1088
1136
1178
1217
1264
1294
1295
1270
1241
1203
1134
1055
975
885
783
674
569
441
291
136
-30
-187
-323
-432
-518
-582
-634
-679
-709
-707
-686
-666
-650
-625
-596
-559
-531
-535
-605
-738
-896
-1045
-1173
-1292
-1409
-1521
-1606
-1634
-1606
-1552
-1479
-1392
-1261
-1075
-836
-566
-306
-55
197
466
741
1003
1242
1460
1677
1913
2154
2370
2543
2666
2745
2800
2853
2885
2886
2860
2813
2758
2689
2608
2514
2393
2257
2114
1964
1811
1651
1482
1301
1103
891
681
461
243
23
-199
-405
-587
-736
-867
-987
-1101
-1219
-1346
-1487
-1626
-1765
-1902
-2023
-2122
-2184
-2228
-2252
-2262
-2269
-2268
-2248
-2204
-2132
-2044
-1942
-1829
-1717
-1605
-1513
-1433
-1361
-1282
-1189
-1082
-954
-814
-667
-517
-369
-223
-88
44
190
342
495
648
785
896
973
1026
1064
1088
1119
1146
1168
1171
1164
1149
1115
1070
1017
958
888
809
738
671
589
491
377
250
105
-34
-157
-272
-377
-464
-528
-582
-627
-658
-679
-681
-679
-658
-630
-609
-591
-593
-628
-698
-793
-906
-1024
-1120
-1189
-1240
-1269
-1283
-1273
-1246
-1188
-1097
-975
-825
-636
-424
-217
-11
176
350
514
680
850
1018
1176
1336
1509
1694
1865
2017
2148
2248
2328
2385
2427
2450
2454
2446
2423
2389
2329
2248
2155
2050
1939
1815
1673
1531
1384
1239
1085
910
718
518
317
116
-77
-271
-463
-643
-799
-940
-1064
-1191
-1324
-1456
-1572
-1669
-1753
-1836
-1912
-1972
-2012
-2030
-2037
-2031
-2019
-2003
-1968
-1917
-1859
-1787
-1706
-1615
-1514
-1411
-1300
-1194
-1089
-977
-862
-737
-604
-482
-368
-253
-133
-23
84
187
284
379
482
598
706
792
860
922
967
999
1023
1040
1038
1023
1004
976
933
878
803
722
632
545
465
377
287
195
109
17
-79
-168
-247
-319
-376
-425
-469
-510
-543
-566
-592
-627
-661
-695
-730
-750
-776
-817
-868
-915
-957
-988
-1013
-1041
-1065
-1071
-1040
-974
-890
-799
-706
-606
-489
-352
-201
-52
95
238
401
572
740
896
1036
1168
1303
1442
1568
1683
1785
1872
1952
2027
2094
2139
2164
2176
2182
2178
2164
2140
2098
2041
1971
1887
1782
1663
1524
1371
1223
1065
912
757
593
420
249
78
-93
-261
-420
-560
-695
-814
-926
-1043
-1169
-1300
-1423
-1537
-1639
-1723
-1786
-1835
-1873
-1897
-1915
-1931
-1952
-1975
-1976
-1954
-1908
-1846
-1768
-1692
-1615
-1530
-1445
-1360
-1268
-1168
-1050
-918
-773
-623
-481
-338
-203
-79
32
138
239
337
437
531
608
668
715
758
787
805
807
797
790
789
796
796
775
739
701
663
626
585
530
467
406
353
309
263
209
148
83
27
-25
-81
-138
-191
-245
-291
-316
-337
-368
-395
-424
-457
-492
-528
-557
-581
-607
-628
-642
-651
-658
-665
-671
-677
-655
-610
-543
-456
-360
-262
-158
-52
59
171
276
378
484
594
704
809
905
987
1059
1126
1186
1242
1290
1341
1385
1425
1465
1495
1514
1519
1516
1505
1483
1457
1427
1392
1352
1304
1246
1179
1107
1020
927
832
728
619
511
409
303
195
81
-37
-159
-282
-409
-538
-663
-786
-903
-1017
-1122
-1220
-1309
-1376
-1438
-1482
-1510
-1522
-1514
-1494
-1466
-1432
-1395
-1354
-1309
-1263
-1219
-1183
-1148
-1115
-1075
-1036
-989
-933
-865
-790
-714
-640
-576
-507
-436
-352
-269
-188
-115
-58
-4
50
101
148
176
195
225
257
292
326
351
359
365
376
387
396
395
385
370
350
338
320
298
272
245
224
211
203
186
157
121
84
54
37
29
15
-2
-22
-32
-31
-36
-56
-88
-118
-140
-147
-142
-140
-142
-147
-142
-137
-134
-132
-130
-127
-110
-74
-26
19
61
103
145
194
241
282
327
380
435
497
565
631
682
724
765
806
840
877
913
943
976
1002
1018
1023
1022
1012
1000
990
973
948
916
883
841
795
739
672
604
539
476
413
352
285
218
152
91
21
-52
-126
-210
-291
-373
-458
-536
-608
-677
-740
-793
-839
-881
-918
-951
-977
-995
-1008
-1018
-1029
-1032
-1027
-1022
-1012
-998
-986
-974
-953
-926
-889
-854
-814
-771
-728
-684
-638
-593
-551
-508
-469
-425
-378
-336
-297
-255
-214
-177
-146
-126
-102
-76
-43
-7
36
70
96
123
148
165
168
175
191
206
223
241
248
243
231
216
198
180
166
157
160
170
181
183
173
159
150
144
138
134
122
108
97
89
79
62
41
29
30
43
63
77
89
98
111
128
138
154
165
171
185
202
218
232
246
260
271
291
318
344
366
389
413
435
456
478
494
510
532
543
559
572
578
588
597
608
621
626
635
639
641
645
646
643
635
618
590
563
539
505
465
424
382
335
282
233
187
141
97
51
4
-42
-82
-118
-152
-191
-247
-302
-348
-396
-442
-488
-536
-585
-629
-663
-694
-727
-759
-787
-814
-829
-837
-847
-858
-867
-871
-869
-856
-847
-839
-827
-813
-792
-766
-744
-724
-711
-690
-663
-635
-603
-575
-549
-521
-486
-450
-410
-372
-340
-305
-265
-229
-197
-169
-148
-122
-93
-57
-26
-1
22
46
76
105
136
158
180
203
228
248
267
279
287
298
311
330
343
356
364
371
375
381
385
387
382
380
378
374
371
372
377
380
388
399
395
386
379
370
367
366
363
351
339
330
318
302
288
270
256
246
247
252
256
269
278
278
278
277
272
269
276
280
285
290
298
303
304
307
310
311
316
323
331
340
347
354
354
357
352
342
333
322
312
299
287
273
261
250
236
218
198
178
153
134
107
76
41
-1
-50
-102
-155
-210
-260
-310
-357
-409
-454
-501
-546
-588
-623
-661
-697
-727
-763
-792
-823
-852
-877
-898
-913
-924
-928
-929
-931
-934
-930
-918
-905
-887
-855
-823
-781
-740
-699
-652
-603
-552
-501
-447
-392
-342
-290
-239
-187
-140
-90
-31
25
81
136
192
241
286
338
390
438
485
529
557
581
608
629
645
646
644
644
641
637
623
606
589
576
557
537
511
483
454
427
399
363
321
274
234
191
140
88
41
-3
-45
-82
-114
-146
-178
-209
-229
-244
-254
-264
-275
-280
-285
-281
-280
-281
-282
-273
-256
-233
-209
-180
-144
-98
-43
10
60
115
170
229
292
356
422
486
549
610
665
715
763
807
848
891
928
952
964
971
969
953
936
908
877
842
801
759
708
656
598
535
474
399
317
233
151
65
-24
-117
-217
-318
-422
-527
-626
-718
-803
-883
-957
-1022
-1080
-1129
-1168
-1207
-1243
-1276
-1305
-1330
-1350
-1362
-1367
-1368
-1366
-1353
-1327
-1293
-1256
-1207
-1142
-1075
-999
-921
-836
-751
-666
-573
-480
-393
-306
-211
-117
-25
70
161
245
327
404
490
574
646
708
761
813
852
884
907
922
933
935
933
924
904
880
851
819
785
746
703
656
606
552
498
450
400
346
290
236
183
125
72
20
-34
-83
-131
-174
-216
-253
-285
-308
-326
-340
-348
-352
-350
-343
-335
-322
-309
-294
-280
-264
-247
-223
-200
-179
-153
-126
-97
-65
-33
-5
29
72
116
162
207
244
278
310
341
369
400
431
463
496
521
543
560
576
586
590
592
595
593
592
593
585
569
550
526
500
471
436
400
363
325
288
246
198
147
85
26
-36
-101
-166
-226
-286
-343
-401
-457
-509
-560
-605
-651
-698
-742
-785
-821
-859
-895
-930
-955
-977
-993
-1004
-1011
-1011
-999
-974
-944
-908
-864
-812
-757
-701
-643
-585
-526
-463
-395
-331
-268
-204
-140
-73
-5
60
118
176
233
294
354
412
464
511
552
585
615
638
657
664
668
672
666
657
644
622
599
578
552
521
490
461
429
397
363
329
294
256
221
179
138
103
62
23
-20
-52
-86
-119
-144
-174
-201
-228
-246
-261
-274
-285
-291
-294
-296
-298
-296
-286
-273
-258
-240
-221
-198
-172
-145
-114
-82
-49
-16
14
42
72
100
132
162
183
209
234
259
285
308
331
352
369
384
394
402
405
405
402
398
394
391
388
383
372
361
351
341
332
320
306
288
269
250
226
196
158
124
91
58
19
-20
-57
-92
-127
-159
-187
-219
-242
-266
-286
-305
-326
-343
-362
-377
-392
-409
-422
-436
-447
-452
-452
-452
-456
-451
-443
-432
-426
-418
-408
-397
-383
-371
-361
-353
-339
-324
-307
-290
-270
-249
-233
-216
-202
-186
-167
-153
-139
-128
-121
-111
-102
-94
-81
-68
-56
-45
-33
-20
-8
2
15
22
24
30
41
49
63
79
90
103
114
126
139
155
175
194
208
221
229
237
241
247
248
251
256
261
266
267
273
278
282
285
289
293
294
295
294
292
286
277
270
263
246
237
232
221
209
199
189
180
169
159
149
139
127
115
98
87
75
58
41
24
3
-13
-28
-42
-51
-55
-56
-53
-54
-55
-52
-55
-54
-58
-64
-64
-66
-66
-70
-70
-75
-77
-73
-71
-65
-59
-49
-39
-33
-29
-27
-25
-22
-20
-17
-14
-14
-16
-12
-10
-15
-17
-18
-22
-30
-40
-52
-63
-76
-88
-104
-117
-130
-147
-160
-175
-188
-203
-214
-223
-239
-250
-260
-269
-277
-278
-277
-277
-273
-271
-267
-261
-256
-248
-234
-219
-202
-184
-166
-145
-127
-104
-79
-57
-36
-16
7
27
47
65
85
107
129
149
171
187
200
217
233
248
254
253
256
254
252
249
241
223
208
191
172
155
139
123
105
84
62
41
23
5
-17
-28
-37
-47
-58
-71
-82
-92
-98
-102
-106
-108
-114
-116
-120
-122
-117
-112
-109
-104
-100
-92
-82
-72
-59
-43
-23
-6
15
38
62
82
107
129
150
170
189
211
233
251
265
283
296
303
313
324
330
330
327
318
309
301
288
272
257
234
210
183
158
127
94
65
34
2
-32
-64
-93
-117
-142
-168
-191
-212
-234
-259
-281
-304
-321
-337
-348
-351
-357
-357
-350
-345
-339
-335
-325
-313
-296
-276
-257
-238
-219
-197
-176
-155
-131
-100
-73
-45
-23
-1
18
33
48
60
74
83
94
103
111
119
123
129
130
131
132
130
124
120
115
116
110
105
99
89
78
69
61
49
37
25
13
0
-13
-25
-33
-37
-40
-41
-44
-51
-58
-61
-64
-65
-64
-61
-58
-54
-48
-41
-33
-26
-18
-6
3
15
27
37
49
62
72
81
90
102
109
114
120
123
122
127
124
121
118
116
112
105
98
91
82
73
68
59
50
40
33
23
13
5
-4
-14
-24
-32
-41
-49
-56
-61
-66
-69
-78
-82
-85
-87
-86
-82
-81
-79
-73
-71
-66
-61
-55
-50
-45
-36
-34
-30
-24
-19
-19
-16
-9
-3
4
10
18
25
31
38
48
58
66
73
81
85
88
87
85
82
78
77
75
69
60
48
35
24
12
-2
-16
-29
-44
-62
-77
-90
-104
-115
-126
-135
-148
-158
-159
-161
-159
-156
-148
-143
-136
-127
-117
-107
-98
-86
-70
-59
-42
-21
1
16
27
39
51
58
70
82
89
98
105
111
116
121
126
131
138
141
143
144
143
139
132
124
117
111
104
94
86
76
66
56
45
30
16
4
-10
-23
-34
-45
-56
-62
-73
-84
-90
-97
-103
-105
-106
-107
-109
-105
-106
-108
-104
-103
-95
-89
-85
-79
-72
-63
-59
-51
-40
-30
-25
-17
-12
-12
-10
-6
0
8
14
20
28
34
33
35
39
40
41
46
52
60
62
65
68
73
75
75
75
74
75
74
71
70
69
67
66
63
54
48
42
41
42
41
37
27
20
15
5
-4
-10
-12
-18
-22
-28
-31
-31
-37
-39
-41
-42
-42
-42
-42
-41
-39
-37
-37
-35
-33
-34
-36
-40
-44
-47
-49
-50
-51
-52
-50
-45
-40
-35
-29
-20
-12
-9
-9
-9
-11
-9
-11
-12
-8
-7
-7
-7
-6
-7
-8
-5
-3
1
5
8
7
5
2
3
7
9
17
22
27
34
40
46
51
51
56
59
57
58
58
59
60
64
66
72
74
74
72
70
65
57
53
44
34
23
11
5
-3
-13
-20
-24
-32
-38
-46
-55
-59
-68
-74
-81
-87
-91
-93
-94
-96
-101
-101
-95
-95
-92
-89
-87
-82
-79
-77
-73
-67
-62
-52
-48
-41
-36
-31
-22
-15
-9
0
15
27
34
43
48
51
56
62
71
75
83
87
89
90
95
99
103
104
104
106
110
113
113
112
108
103
98
90
82
71
61
53
44
39
30
19
9
-2
-19
-29
-38
-52
-62
-70
-77
-84
-85
-89
-93
-99
-103
-108
-110
-112
-112
-109
-105
-101
-98
-91
-87
-82
-77
-68
-59
-49
-43
-33
-23
-16
-6
0
11
19
24
27
34
38
41
45
50
54
59
66
68
68
67
68
66
61
57
55
53
49
45
43
42
40
38
36
33
27
21
16
12
10
7
2
1
-2
-5
-8
-10
-12
-14
-15
-17
-19
-26
-27
-29
-33
-35
-36
-38
-42
-45
-48
-51
-51
-52
-53
-52
-50
-50
-46
-41
-34
-31
-23
-12
-7
-1
9
14
19
24
28
32
34
37
37
40
38
38
38
40
39
38
38
40
38
38
40
41
40
40
43
43
44
44
43
39
38
32
30
25
18
13
9
9
4
3
-2
-11
-19
-23
-28
-34
-41
-46
-52
-54
-56
-58
-58
-58
-57
-62
-61
-60
-57
-56
-52
-50
-50
-46
-41
-34
-28
-18
-9
-8
-1
3
7
10
9
9
8
14
12
18
21
23
25
25
28
28
26
28
26
24
21
16
14
8
4
-1
-1
0
-1
-1
-5
-4
-7
-7
-7
-6
-3
0
1
3
7
9
13
19
20
24
25
29
28
27
31
32
34
35
36
34
32
33
31
31
30
28
27
26
25
18
15
12
7
5
0
-5
-9
-14
-16
-18
-22
-25
-27
-32
-36
-41
-46
-49
-47
-52
-53
-54
-56
-53
-52
-48
-43
-39
-35
-31
-27
-21
-15
-12
-8
-4
-1
1
5
8
10
12
14
18
25
29
34
38
39
41
40
39
38
35
34
32
26
24
21
13
13
15
15
13
10
8
4
6
6
4
1
-6
-7
-12
-16
-15
-16
-14
-16
-17
-19
-19
-19
-23
-23
-25
-26
-27
-26
-26
-23
-20
-17
-13
-10
-8
-2
3
6
5
4
9
10
10
10
10
10
9
9
8
7
6
5
5
6
9
12
14
15
11
13
13
11
12
9
7
7
3
4
5
3
1
-4
-4
-8
-12
-15
-15
-17
-20
-22
-19
-17
-15
-11
-11
-12
-11
-11
-14
-13
-15
-13
-12
-9
-4
0
5
13
13
19
26
28
32
31
33
29
27
22
17
13
11
11
12
15
12
13
11
12
8
4
8
6
5
1
0
-1
-2
-5
-5
-5
-8
-8
-12
-15
-14
-16
-16
-17
-23
-25
-22
-22
-20
-18
-16
-15
-15
-13
-12
-9
-3
6
8
13
17
18
18
18
15
12
12
11
9
7
10
9
7
8
6
5
3
1
-3
-7
-11
