2
3
-6
2
4
-5
1
4
-4
-1
5
-6
3
2
-4
4
-2
0
0
2
-3
0
3
-6
5
-2
4
-6
3
3
-8
10
-11
10
0
-13
16
-9
0
5
-10
5
1
-4
-2
5
-2
-4
1
-4
5
-2
-5
6
1
-7
10
-9
8
-1
-4
8
-5
2
-1
3
-2
1
-4
8
-10
4
4
-7
6
2
-10
12
-6
-5
11
-14
11
-9
-3
7
-3
-1
-5
13
-9
7
-4
0
11
-11
5
5
-5
2
0
1
-4
1
7
-17
10
-4
-1
6
-12
4
11
-15
5
3
0
-8
8
-2
-10
24
-27
23
-7
-7
17
-11
2
-5
16
-20
8
9
-29
44
-50
31
0
-30
44
-43
33
-15
-4
28
-33
18
6
-18
26
-19
-5
45
-51
24
16
-37
49
-51
27
16
-57
59
-47
19
15
-58
52
-8
-42
48
-28
3
19
-37
41
-4
-28
30
-11
3
-2
2
-5
8
4
-17
17
-9
19
-27
9
0
6
-2
-25
29
1
-15
3
4
8
4
-25
28
-1
0
-5
-2
22
-12
-10
0
32
-40
-2
32
-37
29
-19
-15
40
-25
-9
-1
21
-18
-22
25
-20
14
-7
-14
17
5
-19
-3
24
-32
32
-38
23
16
-51
51
-19
-38
81
-86
36
31
-64
62
-47
39
-19
0
13
-3
3
-4
14
-42
89
-109
54
50
-122
121
-64
-2
60
-69
35
-5
38
-72
52
4
-44
73
-77
72
-57
81
-97
52
63
-151
157
-103
65
-41
18
-1
-50
107
-134
88
-3
-40
8
47
-74
25
70
-150
143
-74
-14
65
-83
62
-35
33
-55
65
-18
-55
82
-95
89
-47
-17
30
20
-41
15
20
-23
39
-35
-16
103
-96
4
89
-114
110
-87
33
55
-129
160
-134
49
75
-128
96
3
-84
105
-48
-85
149
-122
74
-66
-6
147
-196
89
28
-59
56
-62
7
104
-134
-1
179
-254
200
-79
-73
187
-235
161
-45
4
-64
98
-13
-37
2
8
98
-198
208
-149
85
45
-172
233
-216
187
-130
15
76
-137
172
-166
70
5
25
-80
46
11
-66
134
-264
254
-88
-157
233
-167
120
-125
86
7
-40
35
-32
78
-54
15
-43
108
-73
-37
96
-80
86
-96
29
47
-117
115
-80
0
60
-38
-42
80
-55
43
-23
-3
28
-3
15
-56
111
-126
137
-131
70
45
-81
1
68
-55
-10
53
-117
148
-120
34
4
5
9
-16
6
-18
160
-266
221
-97
22
25
-75
102
-74
154
-300
317
-165
-68
255
-449
509
-316
-76
382
-450
337
-150
-1
98
-110
39
19
-2
-109
167
-132
67
5
-58
82
-41
-26
16
91
-215
241
-144
47
80
-237
314
-182
-14
112
-166
191
-155
4
94
-139
194
-163
-47
284
-180
-137
328
-255
82
114
-274
301
-126
-98
152
-99
77
-158
133
34
-230
263
-176
-2
179
-255
196
-92
44
24
-149
275
-235
62
136
-266
230
-48
-152
98
101
-161
49
112
-178
279
-385
313
-84
-203
361
-419
380
-179
-61
146
-101
100
-169
219
-223
276
-279
148
59
-219
361
-465
365
-4
-267
220
-38
-84
98
-66
-145
390
-425
204
78
-312
443
-350
-43
445
-450
82
304
-407
338
-110
-88
213
-170
47
94
-180
244
-216
72
203
-468
605
-440
-35
483
-568
325
-70
16
-61
116
-157
41
217
-484
537
-397
267
-106
-168
365
-401
383
-403
332
-66
-146
245
-311
316
-262
88
-68
147
-229
88
51
-129
136
-128
21
181
-184
21
6
92
-16
-201
267
-17
-27
-188
399
-351
184
41
-438
751
-626
37
402
-483
428
-409
294
-30
-237
475
-649
623
-250
-97
334
-368
450
-459
323
-66
-225
476
-681
624
-210
-278
388
-274
138
-154
54
27
59
-231
151
20
-153
112
-192
171
67
-327
120
181
-195
111
-97
105
107
-207
230
-298
513
-351
-145
558
-523
397
-352
166
-45
-81
248
-620
741
-460
-30
267
-294
448
-415
154
123
7
-98
51
133
-88
58
-43
-23
215
-277
80
-30
30
112
-419
368
85
-351
199
30
-22
25
-267
360
-238
55
64
-348
614
-516
150
-4
-4
146
-340
316
-205
287
-309
97
170
-105
11
-169
322
-183
-113
239
-306
314
-265
47
166
-209
131
-247
297
-186
61
-40
42
179
-282
428
-324
146
233
-439
281
-5
-69
28
-124
120
-1
-55
65
-108
81
-78
9
-68
42
46
-157
185
47
-221
264
-126
17
189
-171
108
80
-130
34
41
-116
129
-197
69
192
-338
164
-42
-58
136
-211
177
-113
139
-171
59
119
-135
215
-377
333
47
-243
13
12
52
-24
-158
19
251
-209
-100
132
78
73
-277
99
205
-134
112
-259
327
36
-404
366
-125
24
-83
41
48
-22
69
-212
354
-248
29
34
-175
289
-274
-44
259
-262
69
20
-190
256
-256
-31
200
-224
157
41
-261
337
-102
-149
230
-62
10
30
-118
66
59
-198
84
-87
118
-40
-80
64
84
-71
-43
188
-152
100
144
-275
234
57
-212
258
-140
104
124
-314
262
107
-202
78
129
-43
-10
-18
-109
200
-181
-113
121
-12
-29
-139
117
17
30
-145
75
174
-120
-13
-55
123
-71
35
-76
44
133
-193
-5
25
132
-160
-45
112
59
-46
-163
115
45
-153
-73
56
63
-42
-94
-16
190
7
-199
122
123
-8
-42
-58
189
-28
-77
57
-13
133
-147
-90
152
17
-46
-98
68
116
2
-84
59
170
-115
40
-102
220
35
-246
146
-27
75
-185
-42
155
-185
-75
-36
-10
20
-149
-121
110
-88
-170
-5
-62
17
-81
-177
148
-35
-147
-57
16
50
-124
-17
-73
78
-35
-192
71
59
33
-25
7
100
39
-17
-13
152
-20
96
50
-99
292
14
-3
153
3
136
102
33
153
90
119
170
-2
117
126
-57
125
83
-14
174
35
-16
120
-15
42
3
4
122
24
4
-14
17
34
-27
-50
-12
-9
-4
-81
-43
14
-112
-131
-81
-29
-32
-170
-118
7
-107
-115
-90
-85
-28
-137
-137
-1
-105
-56
-140
-64
11
-115
-78
-42
0
-82
-124
23
-74
-75
-50
-96
62
-26
-56
40
38
21
-72
-21
84
20
-40
35
36
45
-35
-76
13
21
-110
-93
87
-18
-11
-50
54
91
-65
10
90
2
-13
17
-42
40
-86
-124
-44
-72
-73
-126
-60
17
-25
-34
35
89
70
63
126
158
189
145
138
253
167
104
136
113
144
79
57
154
94
72
94
110
110
105
188
260
332
310
381
458
422
443
416
379
407
342
309
320
270
165
180
129
68
76
-60
-42
-89
-156
-117
-134
-76
-97
-229
-244
-296
-412
-481
-483
-429
-422
-433
-357
-283
-224
-253
-320
-226
-249
-350
-327
-273
-254
-320
-403
-517
-750
-1152
-1608
-1902
-2082
-2177
-2192
-2111
-1948
-1809
-1757
-1632
-1375
-1132
-803
-375
190
776
1296
1746
2098
2307
2425
2535
2626
2693
2762
2795
2795
2695
2417
2131
1784
1286
835
450
140
-154
-461
-715
-992
-1265
-1545
-1683
-1649
-1598
-1553
-1283
-871
-467
-137
289
779
1164
1564
1907
2311
2594
2678
2720
2743
2614
2366
2040
1703
1358
789
287
-138
-659
-1089
-1503
-1816
-1982
-2139
-2284
-2229
-2104
-1997
-1908
-1677
-1392
-1289
-1122
-809
-453
-200
-76
14
200
273
231
201
174
125
-136
-366
-429
-637
-913
-1115
-1290
-1445
-1713
-2173
-2754
-3606
-4304
-4650
-4684
-4571
-4399
-3942
-3438
-2991
-2536
-1931
-1052
-140
759
1969
3344
4730
5835
6444
6737
6713
6419
6151
5885
5554
5135
4470
3646
2633
1403
39
-1450
-2908
-4148
-4840
-5068
-5069
-5052
-5110
-5038
-4862
-4518
-3838
-2766
-1447
-12
1414
2785
4039
4991
5566
5833
5890
6012
6106
6080
5878
5345
4506
3301
1971
721
-463
-1704
-2865
-3651
-4126
-4635
-5238
-5562
-5577
-5409
-5014
-4268
-3051
-1875
-981
-28
951
1850
2463
2958
3593
4082
4293
4353
4284
3979
3313
2383
1584
915
220
-381
-949
-1554
-2148
-2582
-2663
-2680
-2881
-2961
-2704
-2332
-1975
-1546
-919
-330
-95
183
747
1254
1347
1123
948
787
444
-17
-515
-1000
-1490
-1906
-2170
-2455
-2700
-3063
-4189
-6095
-7957
-8790
-8616
-8372
-8141
-7336
-5988
-4907
-4361
-3639
-2321
-760
627
2176
4378
6838
8764
9787
10097
9993
9672
9269
8794
8281
7788
7297
6538
5294
3759
2176
579
-1249
-3014
-3940
-3931
-3680
-3841
-4142
-4072
-3801
-3654
-3274
-2181
-609
977
2298
3489
4684
5451
5617
5406
5204
5250
5390
5362
4900
4120
3148
1821
166
-1423
-2624
-3566
-4500
-5357
-5812
-6088
-6651
-7397
-7729
-7425
-6710
-5671
-4203
-2423
-888
238
1263
2223
2995
3620
4233
4881
5286
5301
5046
4352
3033
1390
-49
-1057
-1813
-2355
-2669
-2921
-3247
-3564
-3731
-3724
-3545
-3127
-2428
-1455
-334
824
1901
2694
3010
3144
3436
3817
3904
3338
2485
1826
1156
201
-925
-1848
-2431
-3071
-3755
-4157
-4330
-4795
-6276
-8607
-10493
-10901
-10037
-8951
-8029
-6601
-4595
-2907
-1962
-1031
641
2631
4170
5597
7679
10101
11687
11791
10803
9524
8327
7179
6021
4897
3934
3042
1795
69
-1731
-3212
-4434
-5767
-6746
-6488
-5129
-3651
-2823
-2399
-1670
-599
509
1726
3381
5386
7099
8071
8560
8869
8781
8037
6861
5749
4994
4387
3549
2338
639
-1323
-3202
-4908
-6244
-7053
-7310
-7282
-7310
-7303
-7054
-6610
-6126
-5440
-4233
-2579
-786
898
2384
3572
4269
4583
4762
4997
5127
4904
4369
3568
2492
1122
-479
-2045
-3443
-4616
-5362
-5574
-5432
-5251
-5111
-4801
-4150
-3286
-2218
-853
679
2100
3296
4138
4611
4841
4862
4750
4530
4205
3844
3222
2103
729
-747
-2263
-3626
-4631
-5359
-6053
-6683
-6947
-6820
-6689
-6678
-6879
-7888
-9586
-10563
-9669
-7489
-5720
-4545
-2686
-274
1300
1861
2662
4349
6010
6909
7927
9681
11257
11546
10395
8519
6650
5033
3692
2483
1254
314
-283
-1135
-2506
-3973
-4786
-4997
-5322
-5380
-4095
-1691
383
1240
1584
2506
3698
4516
5353
6715
8178
8941
8876
8521
7979
6882
5325
3710
2405
1509
809
-54
-1405
-3130
-4628
-5725
-6672
-7287
-7148
-6238
-5279
-4797
-4339
-3589
-3101
-3084
-2762
-1350
687
2179
2913
3460
3738
3272
2333
1667
1458
1249
740
166
-297
-992
-2173
-3455
-4320
-4674
-4695
-4241
-3214
-2120
-1424
-1117
-767
-134
593
1460
2581
3649
4396
4746
4666
4287
3608
2748
1966
1400
1198
1194
889
115
-975
-2213
-3462
-4684
-5514
-5631
-5391
-5262
-5288
-5257
-5123
-5031
-4922
-4939
-5964
-8076
-9430
-8408
-6086
-4715
-4329
-3030
-787
473
414
784
2525
4398
5274
6017
7648
9418
10017
9034
7184
5517
4427
3724
3025
2170
1695
1601
934
-516
-1778
-2098
-2023
-2522
-3005
-1918
416
2110
2317
1983
2372
3127
3368
3661
4784
6243
6964
6648
6041
5576
4900
3806
2586
1593
1050
842
462
-478
-1875
-3162
-4072
-4890
-5465
-5276
-4400
-3702
-3554
-3386
-3004
-2920
-3208
-2935
-1604
-58
914
1468
1942
2033
1486
839
555
580
586
509
427
235
-326
-1293
-2370
-3178
-3414
-3190
-2699
-1957
-1189
-724
-591
-528
-126
636
1461
2126
2664
3208
3556
3382
2731
2021
1499
1021
605
524
692
673
112
-930
-2051
-3054
-4104
-4979
-5166
-4727
-4171
-4104
-4419
-4615
-4577
-4421
-4646
-6017
-8213
-9476
-8514
-6309
-4957
-4532
-3340
-1321
-139
-39
635
2790
5050
6080
6724
8154
9841
10403
9294
7322
5624
4558
3848
3095
2320
1913
1577
512
-1196
-2506
-2700
-2401
-2680
-3031
-2069
85
1737
1856
1483
2044
3157
3826
4360
5537
7015
7609
6944
5925
5267
4643
3562
2109
867
214
-183
-945
-2212
-3547
-4540
-5206
-5736
-5976
-5552
-4600
-3731
-3220
-2737
-2107
-1772
-1861
-1630
-490
1055
2131
2652
2919
2870
2341
1584
1075
863
586
219
-191
-692
-1316
-2237
-3305
-4067
-4276
-3901
-3127
-2160
-1144
-407
-192
-116
315
1162
2145
2867
3371
3862
4110
3931
3349
2411
1470
677
118
-35
-70
-155
-477
-1407
-2672
-3712
-4438
-4994
-5469
-5423
-4655
-3947
-3829
-4071
-4251
-4060
-3837
-4679
-6892
-8960
-8842
-6666
-4988
-4794
-4230
-2303
-493
-228
-380
1050
3554
5177
5789
6774
8573
9943
9448
7455
5565
4527
3968
3265
2434
2109
2177
1616
-7
-1750
-2292
-1787
-1689
-2248
-2011
-161
1969
2596
1980
2045
3267
4314
4646
5213
6577
7637
7186
5871
4959
4527
3833
2532
1204
389
-150
-917
-2089
-3289
-4103
-4618
-5140
-5565
-5382
-4405
-3105
-2253
-1797
-1265
-606
-202
13
599
1430
1715
1235
722
582
534
223
-154
-283
-317
-579
-943
-1124
-1144
-1238
-1620
-1982
-1933
-1638
-1350
-1088
-763
-528
-575
-620
-251
561
1368
1835
2101
2418
2743
2733
2173
1423
837
366
12
-225
-404
-634
-1171
-1939
-2612
-3148
-3564
-3936
-4353
-4502
-4199
-3765
-3570
-3841
-4235
-4120
-3965
-5014
-7511
-9767
-9703
-7789
-6440
-6089
-4907
-2425
-479
-284
-330
1163
3361
4739
5679
7331
9525
10791
10194
8375
6540
5263
4408
3545
2715
2483
2636
2122
445
-1487
-2322
-2182
-2313
-2760
-2185
-129
1919
2454
2018
2237
3252
3953
4181
4881
6381
7537
7335
6339
5545
4932
3862
2242
814
148
-62
-503
-1518
-2837
-3944
-4736
-5418
-5882
-5644
-4542
-3223
-2346
-1686
-864
-284
-409
-835
-681
178
1023
1468
1770
1974
1753
1016
236
-42
102
130
-159
-456
-615
-971
-1764
-2661
-3152
-3187
-2910
-2262
-1351
-553
-195
-201
-73
538
1419
2189
2617
2829
3062
3030
2574
1983
1473
972
271
-532
-963
-988
-1163
-1942
-3183
-4194
-4698
-5144
-5565
-5478
-4867
-4328
-4311
-4487
-4233
-3625
-3545
-4994
-7707
-9554
-8813
-6529
-5111
-4787
-3668
-1335
215
21
-125
1399
3626
4882
5576
7168
9429
10526
9476
7236
5385
4465
3905
3186
2585
2557
2653
1837
-35
-1738
-2224
-1975
-2136
-2489
-1661
563
2461
2622
1967
2130
3054
3558
3642
4495
6204
7254
6777
5690
5026
4565
3495
1961
872
550
479
31
-874
-1901
-2806
-3769
-4737
-5170
-4690
-3507
-2399
-1774
-1163
-375
2
-337
-642
-102
633
321
-626
-869
-433
-274
-539
-503
-9
114
-346
-598
-313
27
-96
-494
-552
-325
-283
-414
-439
-409
-522
-765
-788
-449
77
613
1067
1470
1850
2065
1966
1562
1089
798
477
-7
-425
-727
-1122
-1968
-3226
-4227
-4718
-4953
-4978
-4774
-4331
-3893
-3976
-4473
-4797
-4647
-4587
-5951
-8692
-10376
-9272
-6885
-5758
-5714
-4359
-1612
-33
-190
296
2752
5393
6339
6623
8071
10191
11074
9939
7806
6089
5130
4355
3266
2135
1647
1591
882
-786
-2310
-2722
-2578
-3018
-3586
-2714
-366
1575
1866
1717
2645
4020
4505
4541
5545
7349
8251
7627
6721
6426
6052
4706
2793
1425
902
511
-306
-1394
-2383
-3226
-4152
-5142
-5732
-5522
-4681
-3802
-3215
-2565
-1622
-981
-1199
-1722
-1476
-359
719
1384
2102
2920
3197
2549
1611
1240
1167
682
-166
-711
-701
-918
-1809
-2839
-3481
-3696
-3600
-3206
-2453
-1662
-1211
-1036
-967
-638
190
1111
1690
1958
2156
2326
2185
1861
1691
1348
479
-406
-684
-568
-1019
-2402
-3901
-4817
-5241
-5435
-5439
-5088
-4601
-4537
-4734
-4402
-3575
-3797
-6265
-9497
-10414
-8490
-6198
-5121
-4051
-1700
497
662
-161
460
2693
4613
5313
6205
8455
10822
11267
9439
6901
5214
4313
3370
2476
2394
3125
3284
1724
-576
-1801
-1872
-2290
-3592
-3938
-1818
1244
2647
2275
2238
3251
3679
2859
2711
4550
6858
7559
6821
6327
6351
5592
3655
1719
842
781
521
-279
-1078
-1613
-2343
-3774
-5422
-6154
-5616
-4456
-3489
-2835
-2112
-1392
-1313
-2210
-3475
-3928
-3246
-2129
-913
648
2403
3337
2823
1880
1720
2018
1999
1795
1987
2477
2366
1378
116
-1090
-2165
-2903
-3125
-2826
-2299
-1862
-1607
-1544
-1481
-1170
-746
-380
32
567
1136
1549
1711
1631
1260
788
560
478
22
-1065
-2362
-3305
-3807
-4089
-4236
-4256
-4245
-4338
-4477
-4473
-4502
-5230
-7131
-9572
-10968
-10427
-8806
-7309
-5845
-3768
-1559
-438
-308
302
2034
3968
5316
6583
8557
10803
11958
11242
9275
7323
5925
4661
3379
2737
3081
3443
2578
701
-938
-1858
-2756
-4087
-4972
-4225
-2081
-42
956
1458
2191
2727
2535
2388
3432
5475
7187
7880
8082
8287
8115
6987
5085
3361
2397
1738
799
-210
-755
-1091
-2079
-3848
-5545
-6453
-6614
-6484
-6202
-5530
-4388
-3375
-3064
-3185
-2949
-2017
-962
-63
1141
2848
4242
4503
3992
3556
3254
2599
1623
948
760
473
-310
-1296
-2055
-2622
-3305
-4021
-4356
-4137
-3561
-2992
-2550
-2017
-1268
-511
-96
-38
128
677
1366
1851
2063
2251
2467
2353
1691
717
-171
-920
-1853
-2971
-3820
-4195
-4338
-4503
-4689
-4767
-4675
-4619
-5189
-6954
-9372
-10847
-10568
-9346
-8164
-6720
-4347
-1697
-185
38
324
1646
3408
4688
5827
7755
10211
11787
11586
10186
8675
7314
5718
3908
2676
2684
3366
3306
2000
428
-494
-1297
-2961
-4893
-5374
-4006
-2250
-1285
-477
1098
2631
2677
1617
1380
2836
4780
5870
6431
7376
8406
8364
6956
5200
4053
3304
2282
1019
253
264
276
-616
-2339
-3947
-4878
-5520
-6281
-6802
-6634
-6119
-5897
-5799
-5028
-3501
-2106
-1373
-781
390
1975
3154
3655
4003
4506
4739
4233
3262
2521
2073
1341
142
-987
-1525
-1645
-1937
-2589
-3202
-3424
-3337
-3244
-3196
-2847
-2198
-1767
-1837
-1961
-1456
-439
353
708
1085
1548
1664
1269
742
396
-57
-931
-1943
-2614
-2804
-2735
-2732
-2828
-2845
-2850
-3425
-5270
-8098
-10438
-11193
-10747
-10062
-9131
-7209
-4548
-2594
-2041
-1950
-1103
437
1814
3055
5040
7939
10650
11955
11825
11127
10284
9024
7274
5639
4915
5095
5315
4915
4031
3130
2113
316
-2226
-4339
-5041
-4690
-4262
-3838
-2719
-1045
-22
-267
-985
-1030
-232
846
2053
3690
5674
7310
7941
7614
6924
6237
5390
4213
3003
2352
2394
2503
2002
851
-518
-1951
-3733
-5829
-7505
-8131
-7941
-7530
-6940
-5833
-4376
-3285
-2928
-2892
-2504
-1602
-455
738
2080
3557
4666
4917
4460
3792
3104
2300
1442
845
671
750
740
348
-438
-1288
-1950
-2498
-2959
-3094
-2775
-2324
-2160
-2202
-2016
-1520
-1092
-983
-945
-609
-112
61
-128
-253
-184
-339
-1001
-1782
-2114
-1980
-1811
-1851
-1925
-1805
-1808
-2767
-5019
-7688
-9423
-9875
-9778
-9531
-8511
-6421
-4190
-3021
-2868
-2545
-1504
-304
573
1683
3808
6679
9075
10175
10330
10201
9773
8652
7066
5965
5954
6548
6803
6464
6009
5678
4880
2993
506
-1402
-2228
-2532
-2795
-2650
-1744
-676
-439
-1109
-1872
-2134
-2090
-2008
-1613
-507
1182
2771
3759
4171
4306
4249
3827
3050
2404
2405
2958
3492
3640
3518
3182
2276
571
-1558
-3464
-4814
-5642
-5966
-5646
-4756
-3759
-3160
-3105
-3289
-3402
-3377
-3184
-2637
-1575
-170
1112
1908
2223
2276
2144
1732
1125
672
719
1139
1480
1513
1375
1145
671
-107
-934
-1524
-1810
-1948
-1985
-1821
-1459
-1084
-953
-1118
-1438
-1790
-2193
-2560
-2663
-2383
-1915
-1592
-1500
-1523
-1514
-1441
-1403
-1481
-1594
-1743
-2308
-3666
-5491
-6896
-7518
-7818
-8100
-7877
-6701
-5112
-4045
-3604
-3072
-2064
-1000
-279
413
1691
3587
5451
6714
7430
7972
8316
8083
7246
6455
6329
6716
7001
6981
7010
7233
7127
6116
4423
2852
1766
857
-50
-517
-269
263
349
-146
-714
-1081
-1439
-1976
-2422
-2362
-1736
-870
-61
651
1290
1724
1778
1459
1040
873
1057
1373
1681
2129
2771
3147
2646
1271
-329
-1622
-2555
-3160
-3199
-2559
-1620
-965
-814
-959
-1201
-1549
-2029
-2402
-2300
-1627
-698
85
535
677
538
130
-457
-994
-1238
-1142
-884
-621
-307
95
367
264
-111
-451
-644
-809
-963
-913
-555
-88
163
73
-184
-395
-577
-892
-1323
-1626
-1672
-1651
-1791
-2025
-2051
-1803
-1560
-1600
-1883
-2110
-2294
-2886
-4197
-5799
-6933
-7379
-7588
-7805
-7598
-6596
-5254
-4382
-4078
-3668
-2699
-1592
-865
-291
741
2362
3976
5083
5845
6610
7264
7368
6862
6326
6367
6860
7208
7172
7101
7308
7411
6807
5568
4377
3595
2911
2040
1323
1203
1466
1488
1034
489
116
-276
-930
-1638
-1939
-1707
-1214
-773
-388
48
466
630
420
52
-152
-82
124
419
915
1563
1966
1719
852
-171
-1021
-1655
-2055
-2062
-1611
-903
-254
111
221
128
-148
-539
-866
-933
-704
-326
47
271
298
123
-253
-779
-1350
-1800
-2036
-2085
-1990
-1725
-1310
-925
-755
-760
-815
-886
-954
-985
-910
-694
-410
-145
42
150
229
235
38
-346
-739
-1038
-1306
-1614
-1825
-1734
-1426
-1222
-1306
-1549
-1793
-2269
-3385
-5064
-6622
-7511
-7849
-8001
-7890
-7145
-5919
-4921
-4529
-4353
-3818
-2924
-2130
-1531
-642
902
2792
4336
5298
6046
6817
7271
7056
6482
6309
6786
7356
7499
7399
7508
7736
7492
6503
5234
4244
3472
2572
1638
1156
1273
1451
1169
558
85
-164
-559
-1286
-1975
-2122
-1757
-1294
-926
-483
159
724
817
467
136
109
265
413
641
1143
1750
1965
1517
664
-126
-670
-1114
-1463
-1444
-934
-231
251
374
268
39
-352
-868
-1298
-1418
-1200
-844
-550
-345
-207
-216
-449
-877
-1325
-1628
-1768
-1773
-1605
-1249
-827
-571
-584
-744
-920
-1110
-1294
-1388
-1244
-889
-561
-355
-227
-109
-80
-263
-638
-984
-1141
-1188
-1295
-1437
-1387
-1051
-719
-724
-990
-1280
-1772
-2934
-4768
-6519
-7504
-7840
-8009
-8026
-7495
-6417
-5418
-4973
-4799
-4306
-3430
-2595
-1943
-983
711
2785
4467
5489
6253
7028
7512
7342
6814
6643
7072
7628
7839
7871
8105
8343
7942
6731
5286
4161
3249
2204
1186
681
723
728
238
-519
-1066
-1400
-1897
-2616
-3101
-2979
-2431
-1838
-1250
-472
449
1121
1245
1000
816
923
1212
1534
1986
2693
3433
3713
3240
2187
950
-236
-1313
-2114
-2349
-1971
-1332
-873
-720
-741
-911
-1309
-1839
-2173
-2041
-1526
-912
-352
148
520
572
179
-474
-1039
-1347
-1429
-1319
-983
-435
101
311
117
-310
-784
-1237
-1653
-1871
-1681
-1136
-574
-248
-134
-107
-205
-559
-1073
-1434
-1497
-1458
-1580
-1829
-1900
-1701
-1521
-1630
-1913
-2100
-2362
-3265
-4956
-6714
-7738
-8054
-8261
-8465
-8081
-6876
-5592
-4971
-4787
-4188
-3004
-1935
-1259
-353
1434
3763
5683
6788
7545
8354
8850
8532
7699
7239
7522
7966
7971
7774
7906
8111
7520
5841
3868
2467
1552
556
-441
-793
-395
-55
-479
-1345
-1892
-2017
-2234
-2727
-2967
-2442
-1371
-389
337
1152
2194
2993
3063
2637
2414
2670
3026
3173
3327
3764
4176
3873
2680
1145
-244
-1533
-2820
-3737
-3781
-3100
-2404
-2146
-2184
-2245
-2403
-2862
-3419
-3537
-2995
-2111
-1261
-472
342
955
1003
512
-75
-361
-373
-341
-232
127
651
970
853
393
-188
-827
-1525
-2078
-2184
-1793
-1201
-785
-646
-650
-812
-1290
-2004
-2547
-2590
-2268
-1947
-1720
-1392
-921
-620
-762
-1161
-1444
-1770
-2812
-4769
-6807
-7928
-8158
-8280
-8494
-8151
-6983
-5787
-5356
-5264
-4484
-2938
-1527
-639
503
2616
5154
6989
7888
8557
9351
9723
9233
8443
8238
8590
8639
7983
7210
6920
6688
5591
3539
1476
128
-825
-1939
-2897
-2938
-2221
-1875
-2504
-3343
-3444
-2963
-2698
-2686
-2067
-524
1167
2245
2959
3931
5010
5466
5157
4796
4925
5236
5136
4638
4246
4115
3809
2845
1290
-393
-1975
-3690
-5667
-7371
-8043
-7688
-7039
-6522
-5790
-4567
-3334
-2639
-2214
-1373
-33
1257
2218
3181
4363
5316
5446
4815
4016
3359
2631
1676
817
404
269
-45
-679
-1367
-1937
-2545
-3329
-4075
-4392
-4176
-3693
-3247
-2865
-2468
-2169
-2154
-2292
-2223
-1889
-1653
-1730
-1780
-1419
-843
-576
-690
-816
-993
-2012
-4302
-7040
-8857
-9354
-9449
-9702
-9437
-8024
-6269
-5439
-5409
-4881
-3382
-1810
-753
624
3240
6495
8888
9903
10362
10936
11187
10510
9388
8893
9180
9256
8416
7174
6303
5511
3814
1127
-1364
-2684
-3250
-3982
-4769
-4721
-3861
-3405
-4017
-4697
-4176
-2783
-1716
-1010
448
2920
5154
6147
6466
7111
7896
7928
7232
6785
6980
6992
6003
4375
3019
2012
640
-1292
-3040
-4075
-4994
-6590
-8499
-9578
-9498
-9044
-8741
-8028
-6350
-4220
-2612
-1473
-135
1617
3240
4125
4749
5713
6768
7084
6462
5575
4939
4221
2935
1359
184
-523
-1353
-2504
-3397
-3582
-3514
-3877
-4528
-4738
-4243
-3533
-3011
-2489
-1703
-879
-438
-386
-313
2
306
282
8
-168
-109
-60
-314
-848
-1351
-1727
-2514
-4415
-7293
-9940
-11293
-11573
-11629
-11430
-10240
-8214
-6635
-6081
-5477
-3722
-1331
546
2080
4453
7803
10721
12053
12256
12396
12508
11842
10387
9191
8884
8720
7619
5670
3834
2444
670
-1994
-4742
-6157
-6194
-6168
-6515
-6401
-5202
-3937
-3792
-4102
-3149
-758
1491
2810
4313
6824
9190
9900
9364
9148
9528
9298
8019
6809
6483
6187
4667
2167
35
-1330
-2826
-4868
-6611
-7293
-7570
-8585
-10096
-10724
-9988
-8809
-7895
-6668
-4365
-1548
579
1897
3245
4948
6320
6784
6859
7345
7910
7493
5897
4111
2895
1801
177
-1582
-2677
-3184
-3842
-4849
-5557
-5522
-5219
-5237
-5314
-4779
-3549
-2198
-1083
36
1251
2124
2337
2137
2008
2133
2238
1908
1192
490
-52
-672
-1655
-2783
-3544
-3795
-4068
-5291
-7808
-10603
-12242
-12497
-12306
-12037
-10815
-8248
-5687
-4383
-3646
-1951
713
2931
4340
6293
9509
12628
13928
13556
13015
12640
11453
9204
7172
6411
6100
4709
2249
102
-1170
-2595
-5140
-7828
-8879
-8138
-7123
-6698
-5933
-3951
-1869
-1173
-1163
95
2897
5412
6599
7647
9667
11537
11553
9975
8700
8323
7554
5742
4054
3501
3065
1184
-1790
-4137
-5409
-6602
-8208
-9319
-9110
-8264
-7936
-8335
-8556
-7928
-6922
-5917
-4319
-1463
2028
4673
5943
6662
7500
7977
7611
6963
6823
6921
6205
4420
2390
666
-1203
-3533
-5584
-6389
-6206
-6033
-6102
-5811
-4941
-4051
-3577
-3039
-1882
-349
1023
2119
3260
4369
4869
4555
3891
3260
2502
1326
74
-789
-1412
-2156
-2994
-3756
-4587
-5730
-6848
-7411
-8070
-9890
-12284
-13328
-12340
-10807
-9922
-8667
-6013
-3122
-1611
-921
887
3989
6491
7629
8907
11331
13648
14084
12782
11324
10197
8628
6357
4338
3372
2746
1153
-1431
-3694
-4862
-5634
-7116
-8779
-8863
-7031
-4821
-3491
-2441
-399
1946
2978
3118
4367
7322
9921
10551
10432
11156
11798
10623
8046
6142
5336
4034
1796
27
-559
-1312
-3513
-6288
-7910
-8275
-8477
-8898
-8716
-7362
-5730
-4887
-4614
-3980
-2798
-1735
-929
478
2823
5168
6397
6458
6132
5796
5112
4043
3130
2694
2286
1209
-434
-1970
-3201
-4467
-5679
-6161
-5576
-4480
-3655
-3128
-2478
-1567
-637
83
883
2097
3361
4079
4467
5061
5459
4918
3661
2772
2341
1425
-272
-2029
-3239
-4309
-5725
-6922
-7253
-7033
-6994
-7215
-7074
-6854
-7976
-10515
-12337
-11743
-9597
-7887
-6544
-4017
-793
1011
1136
1575
3561
5683
6549
7380
9609
12243
13132
11745
9602
7846
5949
3609
1669
960
1061
507
-1236
-3086
-4083
-4598
-5631
-7071
-7243
-5339
-2623
-618
666
2182
3854
4508
4281
4916
7148
9476
10205
9814
9783
9859
8535
5815
3411
2280
1515
226
-933
-1194
-1423
-2918
-5326
-6984
-7116
-6638
-6354
-5704
-4095
-2358
-1607
-1529
-1027
-203
-253
-1137
-1246
168
1848
2474
2465
2635
2622
1817
812
641
1049
1075
617
285
192
-209
-1104
-1994
-2337
-2193
-1791
-1199
-501
43
159
113
335
918
1602
2140
2510
2663
2632
2571
2331
1436
70
-898
-1134
-1214
-1901
-3010
-3948
-4737
-5582
-6212
-6259
-5955
-5830
-5766
-5082
-4282
-5242
-8264
-10879
-10831
-9103
-8069
-7332
-4903
-1485
50
-472
-118
2315
4457
4725
5247
7950
11157
12083
10865
9566
8547
6675
4145
2587
2451
2378
1359
-128
-1279
-2139
-3119
-4276
-5296
-5470
-4315
-2266
-400
727
1619
2605
3126
3078
3685
5645
7802
8598
8378
8572
8899
7847
5542
3756
3116
2432
1137
279
260
-282
-2282
-4661
-5935
-6133
-6187
-6146
-5355
-3981
-3054
-2895
-2736
-2105
-1649
-1857
-1956
-1105
255
1093
1291
1514
1791
1646
1262
1284
1796
2199
2115
1864
1615
1199
556
-294
-963
-1261
-1185
-780
-434
-399
-674
-1047
-1168
-912
-441
248
1024
1563
1724
1681
1718
1651
1117
377
-86
-281
-495
-869
-1316
-1994
-3116
-4406
-5318
-5540
-5279
-4997
-4889
-4608
-3821
-3367
-4833
-8142
-10861
-10926
-9320
-8170
-7288
-4966
-1764
-314
-846
-643
1541
3586
4016
4770
7641
10890
11703
10191
8460
7239
5624
3451
1952
1663
1720
1142
-76
-1199
-1910
-2469
-3172
-3800
-3520
-1823
644
2500
3227
3710
4615
5253
5110
5298
6761
8284
8228
7136
6637
6416
4880
2176
156
-423
-732
-1491
-2006
-1940
-2353
-3891
-5481
-5730
-4790
-3874
-3150
-2021
-578
326
288
-92
-371
-669
-917
-574
326
938
719
6
-579
-1161
-1809
-1982
-1341
-360
208
382
457
330
-199
-779
-875
-514
41
668
1281
1492
972
137
-376
-375
-16
467
1107
1742
2044
1924
1377
732
148
-323
-661
-861
-811
-804
-957
-1422
-2091
-2821
-3597
-4107
-4378
-4189
-3639
-3164
-2934
-2832
-2506
-3091
-5710
-9250
-10891
-9689
-8112
-7666
-6931
-4370
-1891
-1736
-2342
-1117
1549
2982
3380
5231
8534
10521
9643
7793
6609
5460
3577
1803
1220
1234
903
161
-459
-877
-1340
-1621
-1611
-1162
56
2141
4346
5565
5878
6284
7002
7211
6804
6794
7390
7490
6469
5318
4730
3717
1527
-821
-1837
-1923
-2308
-2934
-3036
-2858
-3391
-4344
-4537
-3645
-2596
-1961
-1115
187
1283
1476
946
326
-295
-983
-1423
-1319
-1041
-1213
-1818
-2321
-2560
-2729
-2724
-2250
-1460
-806
-341
228
841
937
564
339
666
1055
1187
1293
1318
1051
353
-165
-151
171
500
728
1128
1422
1546
1308
890
585
248
137
-40
-116
-331
-775
-1109
-1540
-1920
-2686
-3372
-3797
-3923
-3591
-3283
-2648
-2273
-2082
-2625
-4805
-7866
-10397
-10503
-9396
-8625
-7865
-5941
-3172
-2144
-2509
-2272
-448
1399
2183
3908
7021
9786
9999
8413
7096
5908
4136
1972
936
1147
1388
1024
276
-136
-423
-840
-1201
-1083
160
2287
4454
5792
6204
6566
7017
7048
6488
6174
6650
7048
6503
5275
4384
3453
1554
-871
-2395
-2483
-2405
-2820
-3085
-2858
-2872
-3576
-4084
-3703
-2838
-2143
-1329
93
1535
2094
1568
825
368
-167
-1103
-2125
-2749
-3190
-3714
-4138
-4070
-3747
-3574
-3237
-2361
-1084
-50
747
1680
2533
2910
2806
2738
2716
2314
1612
967
616
231
-317
-651
-639
-355
-128
178
589
826
910
963
1153
1263
1215
1233
1110
669
52
-486
-843
-1442
-1978
-2197
-2317
-2694
-3252
-3139
-2846
-3020
-3584
-3504
-3224
-4891
-8343
-11003
-10598
-8940
-8513
-8288
-6208
-3022
-1726
-2080
-1366
909
2708
3041
4214
7156
9675
9726
7965
6471
5070
3253
1470
567
513
407
319
152
-198
-618
-825
-620
-337
547
2651
5179
6655
6722
6773
7205
7062
6111
5540
6166
6685
6066
4961
4202
3223
1063
-1351
-2547
-2569
-2636
-3098
-3122
-2681
-2577
-3171
-3644
-3296
-2519
-1743
-715
839
2236
2553
1785
654
-376
-1322
-2156
-2624
-2678
-2600
-2637
-2824
-3048
-3226
-3227
-2979
-2341
-1286
-5
1183
1899
2098
1824
1345
970
718
552
402
265
30
-402
-677
-669
-459
-161
246
975
1732
2250
2356
2212
2053
1691
1247
897
808
723
169
-615
-1296
-1829
-2346
-3095
-3798
-4401
-4608
-4342
-4125
-4055
-4309
-4185
-3576
-2755
-2599
-4291
-6922
-8828
-8588
-7480
-7063
-6511
-4836
-2546
-1829
-2199
-1468
590
2252
2649
3800
6452
8645
8564
6886
5689
4862
3373
1651
1104
1917
2351
1817
1083
862
833
464
362
1033
2599
4427
5812
6502
6617
6620
6403
5834
5322
5277
5631
5543
4756
3864
3107
2012
39
-1899
-2637
-2450
-2521
-3146
-3325
-2884
-2709
-3145
-3351
-2550
-1457
-770
-172
880
2135
2422
1612
471
-257
-782
-1602
-2411
-2893
-3106
-3568
-4058
-4060
-3716
-3326
-3066
-2445
-1360
-156
942
1632
1963
1943
1760
1577
1326
1167
1065
871
480
-44
-257
-177
26
180
410
1101
1767
2190
2163
1947
1680
1004
490
338
696
710
-121
-1084
-1684
-1740
-2331
-3286
-4025
-4291
-4267
-4521
-4270
-3713
-3322
-3408
-3451
-2495
-1950
-3217
-5993
-7883
-7475
-6622
-6569
-6487
-4798
-2695
-2353
-3032
-2631
-611
801
1071
2293
4895
7058
6841
5408
4665
4183
3105
1588
1162
2024
2852
2921
2405
2137
2078
1946
1796
1996
3126
4686
5895
6212
6056
6225
6295
5772
4864
4671
5239
5290
4474
3524
2960
1905
-114
-1998
-2525
-2118
-2167
-2671
-2607
-1839
-1426
-1791
-2089
-1733
-1170
-817
-266
904
2115
2322
1409
171
-660
-1284
-2013
-2688
-3021
-3087
-3280
-3524
-3580
-3469
-3359
-3215
-2690
-1692
-454
607
1191
1323
1100
873
818
947
1153
1389
1529
1342
977
739
739
630
406
413
862
1444
1718
1663
1401
870
85
-560
-794
-622
-600
-848
-1295
-1600
-1688
-2042
-2485
-3097
-3443
-3669
-3799
-3607
-3510
-3388
-3378
-3191
-2817
-2217
-1419
-1757
-3775
-6355
-7296
-6519
-6296
-6836
-6415
-4349
-2837
-3322
-3699
-2358
-408
316
836
3049
5841
7093
6493
5779
5575
4843
3697
3181
3816
4565
4521
4126
3721
3258
2586
2000
1909
2350
3291
4386
5078
5137
4950
4888
4550
3832
3452
3886
4556
4539
4021
3542
2740
1142
-603
-1336
-1110
-1020
-1369
-1325
-712
-594
-1415
-2256
-2247
-1835
-1655
-1230
-162
905
1063
331
-658
-1593
-2389
-2902
-2958
-2821
-2850
-3114
-3309
-3292
-3324
-3365
-3176
-2441
-1411
-386
540
1192
1449
1192
931
884
1044
1313
1452
1414
975
368
-94
-313
-406
-467
-233
312
867
1062
937
789
522
94
-208
-141
259
492
402
-61
-786
-1458
-1840
-1953
-2177
-2464
-2713
-2777
-2924
-3221
-3468
-3566
-3349
-3058
-2544
-1692
-717
-764
-2765
-5495
-6855
-6490
-6300
-6923
-6638
-4637
-2855
-3024
-3660
-2730
-1016
-197
482
2837
6187
7919
7487
6681
6405
5790
4423
3512
3939
4846
5077
4526
3740
2972
2057
1108
542
832
2037
3545
4482
4588
4483
4467
4198
3525
3201
3928
4897
4953
4269
3775
3436
2403
754
-277
-284
-245
-702
-1094
-1034
-1212
-2139
-3086
-3214
-2818
-2511
-2154
-1459
-818
-860
-1387
-1838
-2225
-2778
-3143
-2909
-2333
-1997
-2092
-2205
-2307
-2549
-2783
-2625
-1899
-1022
-270
343
847
1036
772
387
197
171
108
96
240
325
137
-150
-286
-315
-264
43
688
1329
1626
1670
1741
1786
1580
1156
777
558
363
100
-166
-405
-854
-1535
-2255
-2638
-2771
-2958
-3071
-3079
-2958
-3041
-3249
-3295
-3222
-3068
-2715
-1964
-1085
-721
-1487
-3169
-4962
-5887
-5867
-5762
-5744
-5060
-3510
-2357
-2445
-2676
-1708
-257
599
1471
3423
5708
6531
6007
5598
5679
5321
4405
3915
4282
4802
4739
4259
3717
3246
2737
2204
1947
2278
3151
3948
4219
4173
4258
4348
4033
3543
3479
3910
4247
4161
4020
3970
3515
2372
1016
252
-6
-341
-817
-1097
-1092
-1306
-1957
-2690
-3071
-3183
-3385
-3570
-3311
-2629
-2216
-2457
-3011
-3330
-3367
-3361
-3209
-2731
-2070
-1671
-1627
-1691
-1708
-1699
-1725
-1661
-1390
-916
-455
-282
-433
-698
-893
-986
-992
-833
-398
124
507
630
622
702
867
1115
1373
1672
1946
2058
2031
1870
1611
1158
578
82
-211
-348
-500
-693
-883
-1041
-1213
-1409
-1560
-1606
-1522
-1356
-1178
-1063
-1091
-1282
-1635
-2037
-2252
-2141
-1796
-1484
-1327
-1281
-1348
-1768
-2647
-3575
-4069
-4144
-4170
-4051
-3346
-2316
-1842
-2181
-2411
-1918
-1326
-1203
-1000
-31
1146
1661
1792
2312
2969
2900
2283
2164
2953
3920
4415
4660
4959
5142
4956
4584
4447
4604
4793
4869
4884
4915
4896
4669
4158
3498
3027
2919
3030
3078
3067
3092
2998
2633
2120
1786
1598
1314
1001
866
826
524
-26
-526
-889
-1347
-1953
-2389
-2517
-2501
-2564
-2699
-2823
-3029
-3325
-3521
-3460
-3272
-3223
-3397
-3592
-3680
-3715
-3717
-3634
-3443
-3268
-3202
-3142
-2932
-2581
-2211
-1911
-1681
-1397
-1001
-555
-204
-32
63
180
332
497
667
807
809
659
513
572
800
1007
1122
1185
1246
1261
1280
1391
1509
1489
1317
1198
1208
1241
1175
1026
856
603
272
-52
-272
-506
-902
-1384
-1749
-1918
-2085
-2305
-2446
-2350
-2132
-2045
-2170
-2500
-2943
-3428
-3749
-3799
-3636
-3427
-3363
-3400
-3370
-3056
-2608
-2331
-2267
-2080
-1456
-560
375
1178
1799
2123
2208
2394
2837
3439
3935
4321
4636
4885
5088
5254
5330
5191
4992
4968
5170
5378
5470
5502
5435
5196
4862
4720
4807
4836
4614
4259
3925
3532
2995
2423
1967
1596
1232
888
624
373
-1
-526
-1103
-1584
-1875
-2007
-2091
-2243
-2499
-2913
-3523
-4234
-4837
-5169
-5335
-5472
-5629
-5708
-5648
-5553
-5473
-5375
-5149
-4830
-4481
-4046
-3480
-2869
-2422
-2143
-1875
-1536
-1177
-835
-515
-257
-85
11
168
437
709
911
1068
1196
1320
1469
1704
1959
2140
2259
2380
2495
2532
2514
2515
2522
2436
2270
2116
2010
1844
1578
1305
1079
872
594
341
175
2
-333
-832
-1283
-1600
-1827
-2036
-2191
-2236
-2248
-2296
-2383
-2478
-2689
-3105
-3620
-3968
-4029
-3921
-3776
-3627
-3444
-3255
-3046
-2807
-2525
-2212
-1839
-1344
-768
-144
433
881
1125
1283
1603
2118
2665
3077
3470
3937
4395
4742
5022
5339
5605
5754
5869
6052
6198
6148
5961
5787
5654
5459
5198
4952
4717
4401
3987
3581
3260
2953
2578
2161
1768
1408
1023
593
157
-233
-597
-1001
-1460
-1922
-2358
-2828
-3374
-3906
-4333
-4682
-5000
-5237
-5318
-5319
-5375
-5510
-5597
-5535
-5361
-5168
-4981
-4735
-4408
-4056
-3751
-3472
-3192
-2962
-2796
-2601
-2269
-1873
-1534
-1260
-925
-507
-97
259
590
916
1192
1431
1667
1918
2117
2262
2425
2638
2863
2987
2979
2876
2754
2671
2657
2731
2815
2785
2590
2305
2022
1794
1580
1339
1085
834
626
391
72
-355
-835
-1293
-1638
-1790
-1787
-1727
-1747
-1859
-1985
-2082
-2194
-2403
-2725
-3064
-3288
-3388
-3405
-3412
-3482
-3625
-3752
-3707
-3436
-3040
-2608
-2157
-1667
-1176
-700
-177
380
923
1466
2064
2696
3233
3606
3906
4239
4573
4858
5069
5192
5241
5206
5150
5099
4982
4769
4567
4513
4587
4663
4639
4521
4324
4063
3809
3621
3472
3229
2869
2425
1935
1412
883
334
-315
-999
-1562
-1908
-2157
-2450
-2777
-3097
-3428
-3800
-4132
-4301
-4389
-4547
-4782
-4938
-4959
-4978
-5114
-5311
-5427
-5423
-5311
-5086
-4745
-4388
-4138
-3976
-3783
-3448
-3017
-2601
-2198
-1753
-1237
-732
-292
93
433
709
912
1118
1407
1768
2102
2304
2410
2514
2644
2761
2855
2977
3121
3243
3313
3348
3363
3305
3146
2919
2730
2631
2529
2305
1979
1687
1457
1171
795
411
92
-217
-539
-833
-1095
-1390
-1739
-2066
-2241
-2269
-2288
-2364
-2486
-2583
-2640
-2739
-2970
-3282
-3545
-3651
-3611
-3459
-3217
-2971
-2807
-2695
-2473
-2043
-1521
-1059
-658
-219
303
848
1362
1770
2027
2195
2378
2629
2922
3227
3504
3705
3840
4004
4218
4407
4518
4614
4763
4898
4955
4947
4919
4848
4660
4392
4127
3864
3544
3166
2802
2465
2081
1603
1081
625
263
-88
-481
-876
-1226
-1571
-1950
-2296
-2582
-2863
-3208
-3595
-3944
-4240
-4517
-4784
-5038
-5263
-5466
-5568
-5535
-5438
-5338
-5252
-5126
-4968
-4742
-4357
-3863
-3419
-3051
-2641
-2152
-1720
-1373
-990
-540
-112
268
677
1121
1455
1622
1747
1929
2148
2335
2532
2766
3000
3194
3343
3459
3520
3524
3513
3539
3593
3624
3593
3499
3340
3132
2896
2611
2264
1885
1562
1333
1129
854
480
57
-344
-690
-983
-1241
-1505
-1821
-2163
-2441
-2592
-2668
-2766
-2887
-2950
-2911
-2815
-2759
-2842
-3099
-3456
-3770
-3931
-3924
-3821
-3727
-3718
-3749
-3664
-3401
-3035
-2659
-2272
-1804
-1264
-685
-60
617
1261
1782
2211
2658
3156
3673
4162
4603
4953
5190
5347
5456
5516
5521
5489
5425
5314
5181
5075
4988
4840
4602
4310
3991
3665
3353
3097
2880
2614
2240
1819
1412
966
452
-63
-510
-918
-1347
-1750
-2066
-2347
-2710
-3177
-3663
-4065
-4367
-4625
-4837
-4991
-5124
-5268
-5378
-5391
-5311
-5205
-5104
-4974
-4765
-4464
-4122
-3779
-3456
-3118
-2756
-2396
-2037
-1667
-1287
-932
-627
-298
81
462
786
1028
1266
1516
1739
1932
2154
2413
2671
2882
3069
3236
3371
3467
3543
3616
3684
3720
3705
3651
3558
3442
3306
3121
2873
2592
2321
2057
1789
1496
1160
763
309
-132
-499
-806
-1119
-1461
-1785
-2069
-2327
-2556
-2739
-2887
-3031
-3164
-3248
-3256
-3215
-3183
-3192
-3243
-3311
-3395
-3505
-3607
-3630
-3559
-3442
-3297
-3071
-2735
-2351
-1986
-1627
-1229
-811
-386
79
610
1133
1557
1895
2238
2609
2955
3248
3546
3856
4135
4367
4560
4726
4822
4839
4821
4821
4813
4752
4642
4515
4380
4213
3989
3697
3345
2970
2624
2319
2007
1643
1251
856
450
41
-348
-720
-1112
-1513
-1844
-2076
-2291
-2580
-2925
-3244
-3509
-3743
-3948
-4119
-4294
-4500
-4674
-4718
-4631
-4516
-4423
-4317
-4155
-3956
-3727
-3446
-3123
-2827
-2581
-2314
-1973
-1629
-1338
-1061
-753
-446
-152
188
575
933
1213
1463
1724
1974
2192
2398
2617
2818
2968
3073
3164
3235
3301
3333
3322
3284
3214
3131
3040
2950
2853
2698
2448
2144
1862
1625
1388
1113
786
419
56
-255
-532
-822
-1157
-1534
-1916
-2241
-2440
-2531
-2637
-2836
-3073
-3236
-3285
-3259
-3171
-3038
-2905
-2800
-2690
-2542
-2409
-2389
-2515
-2694
-2792
-2756
-2634
-2499
-2373
-2249
-2105
-1905
-1618
-1239
-808
-368
88
595
1138
1641
2053
2403
2722
2993
3226
3467
3743
4022
4253
4414
4506
4521
4458
4360
4286
4262
4237
4165
4033
3870
3679
3461
3208
2915
2639
2400
2191
1994
1788
1541
1205
784
359
-6
-334
-671
-1003
-1314
-1612
-1928
-2248
-2554
-2858
-3162
-3449
-3669
-3834
-3964
-4070
-4152
-4195
-4207
-4180
-4105
-3968
-3755
-3479
-3195
-2934
-2683
-2393
-2076
-1772
-1497
-1228
-940
-655
-373
-96
155
339
453
568
741
964
1172
1350
1507
1680
1860
2025
2175
2294
2388
2458
2530
2622
2718
2783
2783
2736
2665
2560
2410
2212
1993
1770
1515
1227
914
577
238
-90
-385
-635
-848
-1047
-1248
-1449
-1670
-1893
-2115
-2316
-2483
-2587
-2625
-2616
-2580
-2541
-2513
-2498
-2475
-2437
-2379
-2304
-2222
-2166
-2176
-2232
-2299
-2362
-2396
-2362
-2241
-2060
-1851
-1603
-1286
-916
-539
-162
246
690
1151
1602
2050
2472
2825
3103
3319
3521
3719
3899
4041
4146
4226
4278
4274
4206
4112
4000
3855
3665
3467
3292
3161
3029
2858
2656
2446
2230
2006
1777
1546
1303
1032
758
481
200
-117
-480
-854
-1198
-1494
-1754
-2007
-2270
-2517
-2732
-2923
-3111
-3294
-3480
-3621
-3719
-3757
-3730
-3676
-3629
-3592
-3515
-3394
-3232
-3060
-2855
-2594
-2277
-1923
-1576
-1268
-1015
-800
-601
-382
-135
101
308
502
705
891
1038
1168
1296
1420
1534
1673
1836
2007
2140
2227
2280
2320
2342
2331
2305
2285
2278
2246
2158
2004
1800
1560
1293
1016
760
519
270
14
-215
-426
-653
-919
-1184
-1417
-1595
-1731
-1857
-1994
-2136
-2251
-2342
-2386
-2392
-2375
-2344
-2284
-2199
-2094
-1993
-1916
-1861
-1819
-1797
-1825
-1900
-1991
-2044
-2023
-1918
-1762
-1580
-1381
-1156
-889
-579
-222
157
531
909
1305
1709
2087
2410
2675
2894
3086
3264
3456
3653
3812
3914
3967
3981
3949
3875
3793
3701
3567
3397
3233
3100
2982
2838
2649
2429
2189
1945
1735
1566
1390
1169
910
647
399
148
-117
-414
-726
-1032
-1307
-1534
-1724
-1928
-2189
-2475
-2730
-2928
-3096
-3254
-3385
-3475
-3529
-3541
-3499
-3411
-3306
-3208
-3097
-2936
-2735
-2521
-2293
-2052
-1817
-1604
-1405
-1206
-1010
-820
-626
-436
-253
-80
85
248
411
551
670
774
882
1007
1142
1274
1384
1478
1557
1614
1663
1718
1748
1750
1742
1741
1721
1665
1594
1527
1457
1363
1245
1100
928
733
532
355
173
-18
-224
-416
-580
-723
-849
-982
-1120
-1246
-1327
-1369
-1393
-1414
-1442
-1467
-1476
-1466
-1449
-1433
-1387
-1325
-1276
-1245
-1208
-1165
-1140
-1164
-1233
-1333
-1435
-1505
-1505
-1415
-1286
-1157
-1019
-835
-608
-350
-74
207
491
777
1089
1420
1733
1993
2195
2354
2494
2605
2704
2804
2907
2999
3053
3071
3049
3001
2915
2812
2710
2615
2517
2433
2384
2347
2272
2131
1958
1777
1599
1444
1315
1175
996
768
507
243
-28
-318
-618
-909
-1182
-1434
-1660
-1874
-2101
-2356
-2598
-2800
-2940
-3027
-3079
-3103
-3104
-3071
-3004
-2911
-2813
-2699
-2570
-2432
-2285
-2120
-1941
-1767
-1609
-1473
-1325
-1172
-1032
-890
-748
-611
-488
-373
-255
-131
-10
101
216
345
497
664
829
987
1139
1273
1407
1532
1641
1733
1802
1848
1874
1881
1851
1793
1719
1635
1544
1442
1322
1178
1024
865
697
524
357
196
39
-104
-224
-319
-410
-516
-619
-718
-815
-887
-933
-953
-968
-987
-1020
-1064
-1109
-1149
-1156
-1150
-1141
-1109
-1072
-1041
-1014
-1001
-1015
-1073
-1156
-1235
-1280
-1290
-1268
-1213
-1139
-1041
-922
-767
-576
-368
-143
116
401
684
959
1217
1451
1646
1796
1922
2018
2091
2151
2203
2258
2296
2313
2313
2313
2307
2275
2226
2164
2105
2058
2015
1978
1942
1889
1797
1666
1521
1370
1213
1049
886
715
536
345
130
-120
-385
-651
-910
-1146
-1347
-1516
-1669
-1824
-1974
-2098
-2195
-2280
-2356
-2403
-2416
-2391
-2341
-2276
-2208
-2141
-2071
-1997
-1925
-1858
-1787
-1687
-1559
-1414
-1269
-1149
-1052
-959
-844
-716
-598
-501
-413
-289
-136
21
173
314
432
544
670
814
962
1091
1199
1303
1402
1491
1564
1607
1617
1597
1556
1503
1452
1403
1348
1266
1149
1021
882
733
585
452
329
213
108
19
-59
-142
-245
-355
-458
-545
-627
-707
-767
-823
-882
-959
-1026
-1075
-1113
-1134
-1133
-1104
-1063
-1025
-993
-948
-889
-831
-772
-708
-641
-577
-529
-504
-524
-587
-682
-771
-815
-789
-696
-568
-420
-262
-97
73
237
384
531
712
929
1154
1370
1539
1644
1688
1692
1690
1699
1728
1775
1847
1926
1990
2002
1960
1887
1797
1710
1642
1600
1574
1565
1548
1504
1419
1283
1105
925
761
626
507
390
271
131
-38
-239
-458
-677
-868
-1027
-1149
-1235
-1306
-1368
-1434
-1512
-1601
-1706
-1807
-1874
-1906
-1901
-1869
-1818
-1755
-1698
-1648
-1610
-1573
-1548
-1520
-1467
-1385
-1279
-1167
-1060
-965
-893
-845
-804
-754
-679
-580
-452
-301
-144
-2
110
195
260
320
392
476
575
690
811
921
1002
1050
1061
1057
1064
1087
1121
1146
1161
1152
1125
1088
1028
955
873
798
742
703
674
635
585
513
416
307
190
77
-36
-141
-227
-302
-361
-411
-466
-547
-645
-737
-810
-842
-852
-836
-812
-795
-786
-789
-795
-810
-815
-804
-760
-694
-621
-533
-455
-400
-365
-340
-315
-281
-232
-177
-108
-40
17
62
96
126
148
169
200
244
296
357
418
479
544
602
642
680
719
764
816
877
951
1022
1096
1157
1205
1246
1272
1283
1274
1269
1266
1268
1254
1216
1162
1090
1014
942
879
819
753
678
608
550
491
412
310
191
75
-29
-135
-241
-345
-445
-547
-649
-736
-821
-912
-1001
-1087
-1160
-1219
-1264
-1299
-1321
-1326
-1335
-1348
-1350
-1344
-1326
-1303
-1274
-1234
-1193
-1158
-1125
-1082
-1036
-991
-952
-909
-843
-756
-665
-577
-492
-414
-347
-283
-217
-135
-56
11
82
155
228
290
330
353
376
403
424
450
481
524
559
585
606
624
629
623
616
607
601
584
550
511
476
430
377
314
245
185
134
95
61
30
4
-21
-53
-82
-115
-157
-201
-240
-270
-288
-304
-329
-361
-401
-450
-507
-553
-574
-579
-564
-523
-459
-392
-332
-282
-240
-190
-128
-57
20
92
155
207
243
262
279
298
337
405
506
646
803
955
1095
1225
1344
1452
1550
1634
1698
1746
1767
1760
1733
1683
1611
1527
1436
1347
1267
1192
1133
1077
1015
944
847
734
598
445
294
143
-4
-151
-296
-440
-588
-746
-906
-1066
-1221
-1357
-1467
-1558
-1639
-1720
-1807
-1894
-1968
-2026
-2062
-2062
-2034
-1980
-1910
-1828
-1741
-1654
-1573
-1498
-1418
-1317
-1203
-1085
-962
-830
-703
-587
-482
-382
-283
-182
-79
28
136
241
337
411
471
525
570
611
650
691
729
768
794
802
802
792
776
757
747
741
725
697
657
602
541
478
408
349
310
263
211
146
81
13
-52
-115
-173
-217
-250
-277
-299
-304
-304
-307
-306
-303
-299
-278
-263
-258
-250
-244
-237
-235
-227
-218
-210
-196
-166
-123
-66
-1
71
151
236
322
404
497
587
669
742
809
863
900
929
944
951
957
958
970
982
990
998
1009
1027
1033
1022
1004
972
931
878
821
754
675
584
486
384
284
194
105
14
-69
-139
-200
-246
-304
-364
-417
-478
-544
-598
-641
-684
-728
-771
-799
-823
-843
-869
-897
-915
-930
-932
-924
-910
-887
-872
-844
-813
-779
-742
-719
-692
-656
-612
-564
-529
-501
-471
-451
-440
-428
-400
-371
-342
-312
-284
-247
-209
-178
-155
-131
-103
-85
-71
-59
-56
-56
-68
-79
-81
-82
-87
-90
-87
-80
-60
-41
-25
-10
7
20
36
49
55
63
66
67
71
75
79
82
82
85
89
98
108
118
137
163
196
235
278
322
359
386
414
448
478
508
533
549
561
559
560
564
562
560
563
571
580
588
583
565
544
518
495
473
456
448
425
398
370
339
297
252
213
191
181
171
157
134
109
85
52
23
-9
-39
-72
-100
-122
-153
-190
-231
-270
-301
-324
-337
-338
-333
-320
-299
-278
-258
-242
-230
-226
-220
-217
-208
-196
-181
-168
-159
-154
-155
-151
-142
-131
-120
-101
-76
-46
-10
23
51
73
100
123
142
166
177
182
183
178
169
144
120
96
72
43
15
-17
-53
-82
-107
-134
-150
-162
-172
-179
-188
-197
-211
-225
-248
-279
-311
-340
-378
-415
-447
-473
-488
-491
-487
-483
-475
-464
-454
-442
-431
-413
-400
-382
-365
-356
-340
-328
-317
-302
-276
-251
-224
-199
-171
-143
-123
-101
-76
-52
-16
21
56
93
125
152
174
200
227
258
295
323
351
377
402
422
438
456
470
480
491
501
507
506
498
481
466
453
437
416
397
375
354
331
309
288
266
249
230
213
196
174
153
128
108
81
62
49
35
21
4
-10
-28
-42
-55
-63
-67
-76
-86
-96
-102
-106
-113
-118
-117
-120
-115
-111
-100
-84
-78
-74
-70
-64
-56
-57
-57
-56
-51
-49
-50
-44
-36
-22
-14
-12
1
11
19
33
49
67
88
101
107
116
126
132
133
138
140
137
131
127
121
110
105
93
87
86
89
89
85
84
86
76
60
50
27
12
-6
-27
-43
-54
-68
-91
-109
-127
-151
-176
-203
-227
-247
-268
-295
-322
-344
-367
-387
-407
-422
-434
-447
-451
-451
-453
-449
-448
-444
-441
-435
-428
-420
-409
-390
-367
-345
-323
-298
-275
-259
-244
-230
-216
-206
-193
-166
-130
-97
-62
-24
5
37
67
96
125
158
194
231
262
286
304
311
312
313
314
324
344
362
381
395
405
408
407
411
414
418
418
422
420
413
407
393
383
368
353
346
336
322
309
290
270
249
234
213
193
166
147
130
113
96
79
68
57
38
13
-5
-22
-36
-44
-46
-55
-59
-69
-81
-92
-105
-118
-124
-126
-121
-112
-107
-102
-102
-108
-109
-111
-114
-119
-125
-135
-144
-149
-152
-153
-156
-154
-153
-151
-152
-158
-160
-156
-162
-168
-165
-164
-158
-155
-152
-142
-138
-128
-116
-105
-93
-85
-83
-77
-67
-62
-57
-50
-45
-45
-37
-26
-16
-8
0
7
11
12
12
15
21
25
20
20
21
24
20
18
22
18
22
22
21
22
19
16
10
8
5
-1
5
11
15
22
27
30
29
32
31
24
23
25
28
30
33
34
27
24
21
16
11
11
12
10
10
9
9
4
3
-4
-5
-5
-8
-13
-11
-16
-27
-31
-38
-46
-48
-43
-47
-46
-46
-46
-49
-48
-49
-59
-62
-63
-62
-60
-56
-55
-48
-40
-33
-22
-18
-12
-8
-2
0
6
10
16
17
15
20
28
30
33
43
48
55
59
62
71
76
82
92
110
125
133
139
149
154
152
158
166
168
169
170
166
165
158
148
139
127
113
103
92
81
70
60
49
37
20
8
3
-10
-21
-32
-47
-56
-67
-74
-78
-78
-75
-78
-80
-84
-92
-97
-98
-106
-113
-112
-113
-114
-115
-112
-111
-109
-104
-100
-96
-93
-89
-80
-71
-67
-65
-62
-54
-52
-51
-47
-43
-36
-22
-9
4
14
23
30
33
32
33
33
35
40
43
44
51
56
56
59
60
59
57
59
58
58
52
48
47
40
30
18
14
4
-2
-5
-7
-16
-26
-27
-36
-43
-52
-54
-55
-58
-60
-65
-74
-78
-82
-85
-84
-86
-81
-75
-67
-63
-65
-60
-58
-64
-69
-69
-70
-67
-64
-60
-52
-44
-30
-19
-13
-9
-5
0
5
10
12
23
33
40
43
47
53
62
65
66
70
77
77
75
74
74
72
70
73
71
68
66
68
71
75
78
84
85
85
79
67
59
55
46
39
33
32
31
30
25
20
16
9
6
6
2
-3
-6
-8
-11
-12
-17
-25
-29
-35
-39
-44
-46
-47
-52
-57
-50
-47
-44
-38
-37
-35
-32
-25
-18
-13
-3
3
8
16
17
20
25
30
37
40
43
49
51
52
56
55
51
45
40
37
38
39
37
34
31
28
28
28
23
14
11
11
5
-1
-4
-11
-19
-21
-23
-28
-32
-36
-39
-41
-43
-48
-54
-64
-74
-84
-87
-94
-99
-99
-99
-99
-98
-96
-98
-96
-95
-98
-99
-95
-98
-96
-91
-83
-80
-75
-61
-48
-39
-32
-25
-19
-15
-9
-4
-1
8
16
26
37
50
58
66
75
77
72
78
84
85
87
88
90
96
98
95
91
86
79
73
68
67
64
65
66
64
57
50
46
41
35
