0
0
1
0
0
0
0
0
0
0
0
0
0
0
-1
0
0
0
-1
1
0
0
0
0
0
0
0
-1
0
0
0
1
0
-1
-1
0
1
1
0
0
1
1
1
0
0
1
0
0
0
0
-1
0
0
0
1
0
0
1
0
0
0
0
0
0
0
0
0
0
0
-1
0
0
0
1
0
0
0
0
1
0
0
0
0
1
0
0
-1
0
0
0
1
0
0
0
0
0
-1
-1
0
-1
-1
1
-1
0
0
0
0
-1
0
0
0
-1
-1
0
-1
0
0
-1
-1
0
0
0
0
1
-1
1
-1
0
0
0
0
-1
0
0
0
1
0
0
0
0
0
1
0
0
0
0
0
0
0
0
0
0
1
-1
0
0
1
0
0
0
0
0
-1
0
-1
0
0
0
0
0
0
-1
0
0
0
0
-1
0
-1
0
0
0
0
0
1
-1
0
0
0
0
0
-1
0
0
0
0
0
1
0
0
1
0
0
1
1
0
0
0
-1
0
0
0
0
0
0
0
0
0
0
0
0
0
0
1
0
0
0
0
0
1
0
1
0
1
0
0
0
-1
-1
0
0
1
0
0
-1
0
0
-1
0
0
1
1
-1
-1
0
0
0
0
0
-1
0
-1
0
0
-1
0
1
0
0
0
1
-1
1
-1
0
-1
0
0
0
0
0
0
0
-1
-1
0
0
0
1
-1
1
0
0
0
0
1
-1
0
0
0
1
0
0
-1
0
1
0
0
0
0
1
0
0
0
1
0
1
0
0
0
0
-1
0
1
-2
0
0
0
0
0
0
0
1
0
0
-1
1
0
0
0
0
1
0
0
1
0
0
1
1
0
0
0
0
1
0
-1
1
-1
0
-1
0
0
0
1
0
0
1
0
0
-1
0
0
1
-1
-1
0
0
0
0
0
-1
0
0
0
-1
0
1
0
0
1
0
0
1
0
-1
1
0
0
0
0
1
0
0
0
-1
-1
0
0
0
0
-1
0
-1
0
0
0
-1
-1
0
0
0
-1
1
-1
0
1
0
0
-1
1
-1
0
1
0
0
0
1
-1
0
0
0
0
-1
0
0
1
-1
0
1
0
1
0
0
0
0
0
0
0
1
-1
-1
0
-1
0
1
0
1
-1
0
0
0
1
0
0
-1
-1
0
1
0
0
-1
0
1
0
0
0
0
0
-1
0
-1
0
0
0
0
0
1
-1
0
-1
-1
1
0
1
0
-1
1
0
1
0
0
0
0
0
1
-1
0
-1
0
0
0
0
0
0
0
1
0
0
0
-1
0
0
-1
0
-1
0
0
0
0
-1
0
0
0
0
-1
0
1
0
0
0
0
0
-1
-1
0
0
-1
0
0
0
0
-1
1
0
0
0
-1
0
0
-1
0
0
0
-1
0
1
0
1
0
0
1
-1
0
0
0
0
0
0
1
0
0
0
-1
0
0
0
0
1
1
0
1
1
0
0
1
-1
-1
0
0
0
0
0
0
0
0
1
0
0
0
1
0
0
-1
0
-1
-1
0
0
0
0
0
0
0
-1
0
0
0
0
1
0
0
0
1
1
-1
0
0
-1
1
0
0
0
0
0
-1
1
-1
-1
0
0
0
0
0
0
0
1
0
-1
-1
0
-1
1
-1
1
0
-1
0
0
1
0
1
0
-1
1
0
0
0
-1
0
0
-1
0
-1
0
0
-1
0
0
0
0
0
-1
1
0
0
0
-1
0
0
0
1
0
2
0
0
0
-1
1
-1
1
0
0
0
0
1
0
1
0
-1
1
0
1
1
-1
0
0
0
-1
1
0
-1
0
-1
0
0
1
1
1
1
1
0
0
0
0
0
-1
0
0
0
1
-1
1
-1
0
0
0
-1
-1
0
0
0
1
0
1
0
0
-1
1
0
1
0
0
1
0
2
0
0
-1
0
1
0
-1
0
0
0
0
0
0
0
0
0
0
0
0
1
-1
1
0
-1
0
0
0
0
-1
0
0
0
0
0
0
-1
0
0
0
0
0
0
1
0
0
0
0
1
-1
0
0
0
0
0
-1
0
1
0
0
1
-1
-1
-1
-1
1
-1
2
0
-1
1
-1
-1
0
1
1
-1
0
0
0
1
-1
1
-1
1
-1
-1
0
0
0
0
0
0
0
-1
1
-1
0
0
0
0
0
0
0
-1
1
-1
-1
2
0
1
0
0
0
-1
2
0
0
-1
0
0
0
0
-1
0
-1
1
1
0
-1
0
1
-1
0
2
-1
0
0
0
0
1
0
-1
0
0
0
0
0
0
0
0
0
0
0
0
0
0
-1
0
0
0
0
0
0
0
0
1
0
0
0
-1
0
-1
0
0
0
1
-1
-1
-1
0
0
0
0
-1
1
-1
1
-1
0
0
-1
0
0
0
1
-1
0
-1
-1
1
0
0
0
-1
-1
0
0
1
-1
1
-1
0
1
-1
1
-1
1
0
0
0
0
1
-1
0
0
0
-1
1
-1
1
0
0
1
0
0
-1
1
1
-1
1
-1
-1
0
0
0
0
1
0
1
0
0
-1
1
0
0
0
-1
0
0
0
0
1
-1
1
-1
1
-1
-1
0
0
-1
0
0
-1
1
0
1
0
1
-1
-1
0
1
0
-1
0
0
0
0
-1
1
1
0
0
0
0
-1
0
0
0
0
1
0
1
0
0
0
0
1
-1
1
-1
0
0
0
0
0
-1
0
1
-1
0
0
0
-1
0
0
1
0
-1
0
0
1
0
0
0
0
0
-1
-1
0
-1
0
0
-1
1
0
-1
0
0
0
-1
0
0
-1
-1
0
-1
0
-1
0
0
-1
0
-1
1
0
-1
0
0
0
-1
0
0
0
0
0
0
0
0
-1
1
0
0
-1
1
0
1
0
0
0
0
1
-1
1
-1
1
0
0
0
-1
0
0
-1
1
1
0
0
0
1
0
0
1
0
0
1
-1
1
0
1
-1
0
0
0
1
0
-1
0
0
0
0
0
0
0
1
1
0
1
0
0
1
-1
1
-1
1
0
-1
1
0
-1
1
1
0
0
0
0
1
0
1
0
0
0
0
0
-1
0
0
-2
1
0
0
0
0
1
1
1
-1
1
0
0
0
0
1
0
0
0
1
0
-1
1
1
0
1
0
0
0
-1
1
-1
0
-1
-1
0
1
1
-1
1
-1
0
1
0
0
1
-1
1
-1
-1
0
-1
2
-1
1
-1
0
1
-1
2
-1
1
-1
0
1
0
0
0
-1
1
-1
0
-1
1
-1
1
-1
0
1
-1
1
0
1
-1
0
0
-1
1
0
-1
0
0
1
-1
1
1
0
0
0
-1
0
-1
0
1
-1
0
0
1
-1
-1
0
-1
0
0
0
1
-1
1
0
0
0
0
0
0
-1
0
1
0
0
1
0
-2
0
0
2
-2
0
0
-2
4
-3
1
1
-2
2
-1
1
-1
0
0
0
3
-5
3
-1
-1
1
-2
1
-1
1
-3
3
-1
-2
2
-3
2
-1
1
-1
-1
3
-3
3
-1
0
-2
-1
3
-5
3
1
-2
3
-1
0
0
1
-1
1
-1
0
-1
0
-1
-1
1
-2
1
1
-1
1
-1
1
-2
-1
1
-2
3
-1
-1
1
1
-1
2
1
0
1
-1
2
-2
0
1
-1
-1
1
-1
0
1
-2
1
-1
0
1
-2
1
0
0
0
0
-1
0
-1
1
1
-3
2
-1
0
0
-1
1
0
-1
1
1
0
-1
1
1
-1
3
-2
2
0
2
-1
0
1
-1
-1
1
1
-1
1
1
-1
2
-3
3
-3
0
0
-1
2
-3
3
-3
2
-2
3
-2
-2
2
-1
0
0
-2
0
1
-5
4
1
-3
3
-1
1
-2
-1
1
-4
2
-3
-1
2
-2
1
-1
2
-3
1
0
0
2
-3
1
-1
1
0
-3
6
-3
-1
3
0
-4
3
1
-3
4
-2
0
2
-1
0
-1
2
0
-4
3
-3
1
1
-4
4
-2
0
1
0
2
-5
6
-4
0
-1
1
1
-2
3
-3
2
-1
-1
0
3
-4
-1
1
0
0
0
1
-1
1
-1
-4
6
-4
0
1
-1
0
1
0
0
0
2
-1
1
2
-2
2
-1
2
-1
3
-4
1
-1
-2
2
-1
4
-5
4
-1
-2
2
-4
6
-5
4
-2
2
3
-9
10
-5
0
3
0
2
-2
2
4
-6
4
-1
-1
5
-5
2
2
-1
-2
1
2
-3
3
-3
-1
6
-5
0
1
4
-2
-1
3
1
-1
2
-2
3
-2
2
-5
0
1
-5
1
-2
4
-3
1
3
-3
-2
1
1
-4
-2
5
-3
-1
0
2
-1
2
-5
0
3
1
-9
6
3
-6
-2
4
-1
-6
7
-6
2
2
-4
-2
9
-5
-6
10
-4
1
-3
3
2
-9
8
-7
4
2
-6
3
3
-4
-1
1
1
0
-6
7
-1
0
2
-5
8
0
-4
9
0
-8
9
0
-7
13
-11
3
2
-2
-4
2
7
-15
14
-4
1
-4
6
1
-16
19
-11
5
1
2
-4
2
4
-16
23
-24
9
2
-5
3
-5
18
-21
11
5
-7
7
-4
1
3
-9
11
-11
3
-3
-2
12
-18
14
-4
3
-9
5
3
-14
16
-11
-3
3
6
-7
3
16
-13
9
2
-5
4
1
-5
-1
1
4
-4
-2
9
-15
15
-13
5
5
-7
6
-4
2
-1
1
-8
7
-3
-8
5
5
-8
-1
5
-4
-3
10
-4
0
4
2
-10
10
-7
-9
18
-9
-10
18
-8
-4
-5
5
0
-14
18
-16
9
1
-14
7
2
3
-12
10
8
-21
15
1
-9
3
2
3
-3
7
2
2
-5
8
-4
6
-15
12
-1
-5
-3
1
8
-6
1
-2
8
-1
-2
4
3
-4
3
1
3
-14
17
-15
2
8
-2
-2
4
2
2
-11
15
-6
0
10
-14
12
1
-3
-9
4
5
-13
8
-8
7
-10
7
-9
8
10
-26
17
-2
-4
-4
1
2
-5
3
-5
0
20
-22
3
11
0
-2
-3
9
-10
2
2
-6
10
-6
3
-6
-5
11
-7
-12
8
0
-8
6
6
-1
-11
4
12
-18
12
4
-12
6
0
-9
7
9
-12
-2
20
-5
-17
25
-8
-10
7
6
-1
-8
14
-10
-5
11
-4
3
0
6
-5
6
9
-12
7
-5
4
2
-7
7
-3
4
-8
-4
18
-7
-9
9
-2
11
-11
-2
18
-18
2
-4
5
2
-7
-3
8
-4
-5
5
8
-11
3
12
-10
0
10
-14
-1
10
-10
3
5
-1
-16
10
5
-14
6
15
-10
-12
20
-4
-6
0
13
-11
-2
14
-6
5
-5
4
1
-3
1
4
0
-2
1
3
-4
-3
6
-7
1
10
-5
0
0
12
-12
-8
20
-4
-5
3
-1
-4
-4
-1
3
-3
-1
-4
3
8
-7
1
8
-6
4
-9
5
8
-13
3
9
-3
3
3
-6
0
0
-2
-8
22
-9
-25
14
7
-11
-7
10
1
-8
4
9
0
-11
2
2
4
-2
1
-4
11
-6
-7
3
9
0
-16
14
7
-6
3
2
4
-5
-3
12
-8
2
2
-18
9
2
-8
2
-6
4
2
3
-2
-4
9
-2
-5
3
8
-2
-2
-3
8
-7
-1
5
-12
2
8
-14
-1
12
-5
-4
1
7
-8
2
-1
-14
7
1
-9
3
10
-9
-1
3
7
-7
0
13
-8
-2
5
-5
-5
0
-4
5
5
-5
11
5
-5
-1
2
2
-9
3
-1
11
-5
-8
4
0
-6
-8
11
3
-5
0
6
-1
-3
-2
-2
6
5
-1
1
10
-4
-10
2
-3
-9
1
-11
-2
3
-5
-5
0
1
-5
7
13
4
7
16
9
3
13
7
0
15
9
-1
6
5
2
-2
3
-2
-3
11
5
-8
-3
6
-1
-11
0
-2
-15
2
-8
1
-4
-3
-5
-4
10
-9
-5
5
5
-4
-2
6
-5
-6
-1
-2
-8
-7
2
-7
-8
-3
-15
-13
-9
-11
-15
-7
-9
-15
-14
-18
-16
-18
-17
-18
-10
-11
-10
-11
-10
-2
-9
-9
-1
9
2
2
2
13
10
6
16
18
23
18
17
23
23
13
16
18
17
12
12
18
9
4
18
18
10
15
21
14
9
11
15
12
7
3
14
10
4
1
5
9
2
5
12
15
10
6
16
12
6
10
17
13
6
4
3
3
-1
-8
-11
-3
-9
-15
-9
-9
-14
-24
-17
-12
-24
-23
-15
-14
-5
-13
-6
0
-7
-13
-9
-6
-9
-11
-19
-16
-20
-34
-31
-26
-33
-39
-36
-30
-39
-35
-34
-28
-29
-22
-21
-15
-5
-12
-11
-6
2
-3
-7
-10
-12
-14
-23
-15
-16
-25
-28
-28
-24
-37
-38
-29
-21
-22
-13
2
13
13
12
22
42
36
30
51
55
51
49
63
73
72
57
67
79
65
56
59
61
48
37
30
35
29
24
18
35
49
40
38
58
55
47
49
58
71
68
63
79
85
70
59
75
87
77
65
67
74
53
26
15
28
2
-34
-50
-68
-94
-141
-160
-164
-161
-175
-171
-165
-160
-143
-154
-149
-124
-119
-123
-122
-115
-127
-142
-147
-158
-186
-201
-246
-305
-353
-407
-452
-492
-512
-518
-483
-449
-420
-350
-259
-152
-30
106
272
435
558
679
808
921
988
1051
1100
1142
1142
1096
1057
988
883
784
665
573
497
392
291
207
144
65
0
-34
-43
-63
-95
-114
-107
-112
-126
-169
-127
-76
-112
-88
-11
43
10
-29
69
146
81
93
217
282
110
-212
-587
-1086
-1814
-2616
-3183
-3543
-3936
-4301
-4568
-4761
-4966
-5214
-5189
-4784
-4166
-3411
-2483
-1377
-238
734
1613
2503
3386
4225
5055
5860
6541
6979
7110
7000
6737
6402
5977
5498
4981
4406
3706
2846
1810
669
-492
-1603
-2517
-3168
-3644
-4043
-4432
-4917
-5369
-5525
-5377
-4986
-4360
-3462
-2392
-1513
-844
-129
715
1499
2175
3035
4117
4963
5264
5328
5323
5015
4412
3917
3700
3353
2612
1728
978
180
-813
-1720
-2314
-2666
-2913
-3158
-3292
-3330
-3421
-3446
-3264
-2790
-2312
-1920
-1556
-1162
-708
-311
106
471
569
419
194
3
-217
-353
-304
-364
-733
-1246
-2035
-3632
-5762
-7366
-7958
-8192
-8506
-8346
-7711
-7727
-8584
-8822
-7750
-6426
-5344
-3689
-1185
1063
2322
3449
5010
6236
6808
7676
9368
10921
11408
11266
11051
10475
9397
8487
8009
7469
6448
5252
4150
2828
1190
-499
-2042
-3504
-4625
-5085
-5138
-5338
-5820
-6183
-6329
-6301
-5753
-4451
-2877
-1616
-488
852
2122
3043
3910
5007
6003
6647
7231
7766
7809
7177
6269
5393
4447
3337
2310
1418
216
-1363
-2905
-4018
-4925
-5883
-6563
-6759
-6901
-7173
-7087
-6494
-5732
-5084
-4261
-3037
-1648
-579
221
1006
1757
2367
2798
3382
4010
4161
3674
2890
2253
1597
660
-286
-946
-1515
-2255
-2865
-2946
-2748
-2769
-2935
-2945
-3331
-5179
-8021
-10076
-10679
-10811
-10878
-10106
-8551
-7837
-8435
-8653
-7295
-5446
-4097
-2226
857
3969
5829
6962
8345
9427
9597
9767
10834
12216
12635
11944
10851
9572
8083
6745
5814
5060
4069
2790
1330
-263
-1824
-3196
-4390
-5578
-6318
-6017
-5233
-4929
-4989
-4726
-4128
-3705
-2899
-893
1519
3028
3770
4658
5639
6120
6416
7215
8018
8088
7711
7435
6745
5227
3406
1890
493
-971
-2197
-3025
-4059
-5543
-6874
-7613
-7884
-8129
-8238
-7943
-7347
-6791
-6140
-4958
-3271
-1664
-247
1266
2912
4156
4776
5227
5697
5925
5804
5603
5198
4257
2723
1043
-384
-1445
-2312
-3101
-3848
-4546
-5229
-5723
-5633
-4939
-4255
-4025
-3894
-3406
-3345
-4984
-7523
-9107
-9221
-9190
-9343
-8244
-6210
-5560
-6776
-7411
-5798
-3634
-2361
-678
2307
5020
5941
6327
7694
8991
8949
8596
9412
10875
11304
10489
9305
7971
6468
5194
4639
4555
4109
3038
1462
-281
-1682
-2607
-3277
-4017
-4475
-4101
-3348
-2955
-2937
-2701
-2353
-2278
-1769
12
2436
4077
4526
4667
4922
4954
4954
5338
5874
5809
5167
4587
3973
2791
1254
-53
-1100
-2251
-3247
-3677
-4089
-5142
-6509
-7241
-7165
-6942
-6695
-6045
-5068
-4222
-3576
-2638
-1067
661
1990
2940
3955
5123
5877
5935
5620
5299
4780
3783
2751
2051
1273
-93
-1702
-2781
-3327
-3946
-4786
-5504
-5832
-5923
-5732
-4796
-3161
-1720
-1280
-1428
-1199
-1214
-2874
-5619
-7418
-7621
-7852
-8533
-7988
-6529
-6488
-8233
-9068
-7312
-5139
-4069
-2555
196
2588
3301
3869
5739
7529
8027
8230
9391
10836
11083
10355
9462
8398
7221
6388
6259
6083
5084
3589
1933
264
-1138
-1920
-2312
-2931
-3607
-3765
-3483
-3254
-3194
-2918
-2465
-2049
-1247
107
1546
2468
2953
3512
4147
4753
5481
5953
5731
5111
4769
4705
4221
3218
2253
1266
-323
-2097
-3007
-3013
-3372
-4594
-5693
-5918
-5883
-6293
-6583
-5971
-4840
-3981
-3266
-2018
-374
756
1195
1731
2970
4476
5349
5533
5517
5226
4314
3018
2150
1856
1355
273
-987
-1850
-2391
-3199
-4180
-4894
-4932
-4482
-4246
-4030
-3225
-2273
-2148
-2582
-2225
-1684
-3223
-6484
-8605
-8528
-8449
-9461
-9423
-7820
-7349
-8945
-9728
-7584
-4850
-3797
-2676
247
3357
4446
4642
6123
8021
8618
8649
9802
11590
11933
10648
9288
8422
7583
6659
6110
5730
4662
2894
977
-710
-1945
-2673
-3083
-3655
-4322
-4333
-3846
-3632
-3686
-3318
-2244
-1146
-161
1138
2446
3157
3372
3867
4894
5742
6212
6489
6379
5690
4677
3993
3497
2658
1532
318
-900
-2277
-3672
-4498
-4901
-5393
-6105
-6692
-6750
-6724
-6904
-6624
-5315
-3470
-2174
-1350
-135
1349
2340
2900
3932
5606
6899
7046
6442
5783
5028
3816
2445
1672
1364
633
-843
-2348
-3275
-4079
-5177
-5971
-5927
-5527
-5461
-5371
-4541
-3366
-2562
-2070
-1399
-881
-1665
-3902
-6220
-7520
-8112
-8708
-8939
-8257
-7585
-8070
-9062
-8832
-7222
-5658
-4388
-2372
322
2386
3310
4210
5797
7296
8202
9121
10508
11591
11408
10348
9316
8524
7859
7275
6847
6202
4869
3072
1255
-278
-1424
-2207
-2625
-3014
-3446
-3597
-3567
-3547
-3406
-2805
-1775
-751
298
1418
2150
2408
2720
3466
4369
5107
5802
6246
5885
4972
4246
3859
3235
2204
1168
222
-902
-2268
-3376
-3831
-4153
-4877
-5790
-6286
-6126
-6021
-6100
-5552
-4111
-2633
-1742
-883
508
1976
2872
3494
4571
5822
6245
5640
4809
4281
3623
2586
1680
1141
456
-844
-2540
-3967
-4786
-5212
-5543
-5869
-5865
-5394
-4806
-4299
-3706
-2907
-2214
-1781
-1548
-2091
-4029
-6429
-7797
-8102
-8486
-8742
-7834
-6911
-7775
-9329
-8982
-6843
-5267
-4347
-2151
970
2847
3290
4356
6498
7888
8224
9183
11134
12282
11521
10131
9306
8600
7582
6820
6656
6182
4621
2618
875
-557
-1687
-2340
-2651
-3273
-3945
-4050
-3906
-3955
-3808
-2965
-1858
-1060
-120
1084
1625
1518
2038
3506
4658
5035
5666
6361
5773
4482
4402
5153
4298
1962
731
664
-486
-2641
-3270
-2575
-3491
-5862
-6710
-5614
-5129
-6028
-5914
-4054
-2650
-2570
-2314
-689
1154
1938
2373
3579
5271
6018
5296
4258
3893
3730
3009
2090
1587
995
-396
-2251
-3575
-4111
-4499
-4945
-5289
-5428
-5470
-5705
-5683
-4818
-3321
-2095
-1623
-1163
-1088
-3050
-6513
-8590
-8034
-7256
-7782
-7689
-6361
-6435
-8706
-9873
-7737
-4959
-3930
-2785
-23
2303
2443
2379
4338
6893
8113
8848
10426
11900
11662
10299
9292
8744
8209
7899
7919
7480
5932
3901
2079
474
-670
-923
-815
-1513
-2923
-3721
-3622
-3674
-4030
-3708
-2548
-1714
-1762
-1556
-319
1182
2087
2563
3451
4681
5170
4737
4422
5006
5435
4484
3096
2570
2373
1238
-282
-734
-730
-1730
-3366
-4343
-4618
-5216
-5926
-5700
-4815
-4120
-3734
-3102
-2215
-1577
-867
537
2480
3863
4273
4339
4435
4144
3483
3143
3329
3241
2250
940
-14
-869
-2197
-3739
-4461
-4118
-4039
-5023
-5990
-5825
-5275
-5406
-5133
-3101
-715
-338
-2305
-5145
-7716
-9542
-9951
-9136
-8116
-7330
-7114
-8020
-9602
-9850
-7631
-4914
-3410
-1895
644
2729
3022
3150
4959
7348
8668
9489
10990
12372
11997
10295
9118
8968
9058
8820
8375
7705
6248
4049
1873
485
38
-171
-823
-2001
-3190
-3819
-4005
-4133
-4129
-3681
-3017
-2906
-3125
-2442
-642
1133
1854
2206
3067
3834
3911
4012
4963
6149
6267
5406
4648
4244
3668
2700
1846
1287
468
-835
-2297
-3627
-4622
-5298
-5614
-5497
-5115
-4665
-4410
-4296
-3958
-3183
-1858
-115
1560
2772
3354
3464
3341
3256
3433
3577
3407
2973
2255
1093
-245
-1187
-1854
-2827
-3830
-4254
-4516
-5321
-6131
-5844
-4913
-4457
-4173
-3209
-1928
-1928
-3916
-6709
-8698
-9168
-8838
-8656
-8255
-7452
-7526
-9268
-10803
-9533
-6390
-4239
-3131
-1293
1023
2037
2235
3884
6805
8719
9222
9935
11343
12007
11322
10543
10452
10521
10198
9662
9092
8030
6259
4210
2454
1368
890
492
-528
-2120
-3343
-3757
-3934
-4270
-4279
-3855
-3969
-4742
-4623
-2770
-550
548
986
1609
2062
2183
2861
4448
5761
5856
5351
4955
4542
4088
4010
4152
3592
2165
737
-310
-1346
-2417
-3010
-3072
-3313
-3974
-4539
-4705
-4694
-4701
-4425
-3473
-2106
-941
-321
52
653
1343
1830
2288
2921
3375
2928
1640
559
279
273
-291
-1279
-2019
-2758
-4054
-5370
-5662
-4825
-3864
-3452
-3206
-2636
-1961
-2489
-5137
-8337
-9481
-8509
-8009
-8678
-8288
-6918
-7730
-10744
-11445
-7865
-4243
-3693
-3437
-1122
908
762
1199
4636
8425
9546
9298
10108
11491
11712
11155
11163
11522
11464
11003
10423
9687
8625
7362
5824
4076
2882
2432
1696
-46
-1910
-2652
-2965
-4209
-5737
-6078
-5599
-5891
-6515
-5655
-3642
-2464
-2444
-2115
-1001
187
1340
2812
4226
4929
4982
4713
4396
4534
5231
5714
5035
3786
2960
2142
714
-491
-574
-309
-900
-2156
-2946
-3176
-3637
-4346
-4558
-3892
-2948
-2442
-2300
-2026
-1594
-1263
-931
-179
968
1812
1848
1264
725
368
-240
-1175
-1865
-2001
-2218
-2949
-3580
-3486
-3161
-3276
-3275
-2378
-1243
-1500
-3750
-6748
-8719
-9130
-8934
-8818
-8190
-7170
-7629
-10075
-11587
-9748
-6534
-4988
-4362
-2491
-504
-437
-515
2032
5727
7361
7358
8246
9845
10275
9928
10491
11639
11896
11288
10888
10795
10396
9646
8719
7553
6281
5183
4100
2813
1582
650
-417
-1843
-2979
-3576
-4292
-5315
-5804
-5431
-4900
-4734
-4556
-4215
-3969
-3779
-3097
-1792
-415
779
1784
2359
2238
2179
3100
4345
4582
4036
3758
3625
2828
1906
2010
2578
2091
583
-467
-645
-907
-1780
-2468
-2396
-2145
-2271
-2328
-1698
-838
-699
-1213
-1446
-1126
-779
-748
-655
-338
-296
-812
-1605
-2245
-2704
-3134
-3431
-3508
-3428
-3267
-3105
-2931
-2628
-2084
-1609
-2419
-5102
-8091
-9138
-8302
-7819
-7999
-7311
-6571
-8065
-10751
-10569
-7140
-4591
-4335
-3631
-1713
-1085
-1778
-322
3592
6107
5999
5993
7301
8041
7756
8505
10315
11040
10372
9861
9986
9975
9925
10304
10273
9197
7873
6867
5821
4700
4147
3871
2801
1101
-172
-911
-1687
-2373
-2539
-2595
-3077
-3635
-3921
-4135
-4273
-4023
-3566
-3413
-3275
-2655
-2067
-2126
-2178
-1279
19
517
532
1099
1856
1778
1315
1773
2832
3019
2243
1728
1805
1605
866
531
894
967
180
-709
-780
-360
-323
-711
-1089
-1475
-2203
-2992
-3187
-2851
-2612
-2801
-3165
-3424
-3583
-3631
-3625
-3714
-3966
-4308
-4577
-4695
-4491
-3875
-3166
-2679
-2264
-1711
-1424
-2222
-4086
-5743
-6120
-5549
-5131
-5032
-4616
-4393
-5515
-7280
-7344
-5270
-3528
-3374
-3147
-1998
-1451
-1844
-962
1861
3983
3930
3559
4335
5168
5296
5980
7605
8482
7823
7110
7637
8759
9368
9544
9717
9610
8789
7556
6856
7072
7433
7063
6043
4986
3946
2722
1794
1628
1654
1098
153
-684
-1635
-2865
-3687
-3715
-3608
-3857
-4125
-4277
-4739
-5349
-5322
-4641
-4053
-3733
-3247
-2731
-2668
-2630
-1779
-429
359
476
700
1110
1171
1094
1579
2448
2665
1901
1005
600
394
-29
-457
-572
-745
-1495
-2532
-3045
-2830
-2566
-2684
-2808
-2733
-2988
-3708
-4026
-3423
-2747
-2875
-3281
-3265
-3196
-3456
-3515
-3019
-2620
-2816
-3039
-2859
-2514
-2007
-1155
-256
91
-119
-483
-939
-1321
-1198
-697
-399
-503
-790
-1266
-1916
-2121
-1574
-948
-856
-1042
-1193
-1472
-1678
-1240
-367
81
72
328
865
1215
1689
2827
4017
4303
4116
4490
5277
5808
6273
7105
7754
7518
6885
6730
7092
7468
7697
7783
7459
6580
5466
4583
4054
3665
3128
2304
1252
196
-648
-1247
-1706
-2155
-2581
-2950
-3343
-3719
-3841
-3629
-3421
-3476
-3509
-3201
-2799
-2614
-2436
-1972
-1443
-1249
-1235
-1007
-595
-346
-373
-428
-363
-298
-333
-360
-243
-64
-56
-278
-570
-780
-1030
-1404
-1724
-1868
-2048
-2462
-3005
-3437
-3738
-3993
-4104
-3998
-3887
-3976
-4182
-4310
-4278
-4122
-3816
-3439
-3140
-2888
-2549
-2092
-1618
-1133
-540
94
578
966
1505
2263
2929
3236
3326
3403
3456
3368
3187
3038
2835
2377
1679
1031
625
280
-201
-707
-1035
-1227
-1469
-1657
-1569
-1304
-1124
-1061
-875
-461
-6
323
605
1026
1546
1946
2242
2653
3170
3498
3554
3636
3857
3978
3910
3848
3876
3772
3484
3187
2904
2618
2349
2116
1825
1432
1111
908
639
299
64
-6
-90
-276
-419
-458
-521
-666
-690
-407
-13
174
151
91
55
-21
-27
185
496
642
510
205
-124
-416
-650
-757
-781
-859
-1098
-1437
-1762
-2064
-2375
-2609
-2716
-2807
-2987
-3251
-3460
-3599
-3716
-3777
-3706
-3583
-3589
-3693
-3716
-3624
-3492
-3281
-2930
-2522
-2224
-1953
-1578
-1129
-702
-324
49
401
671
876
1062
1200
1285
1334
1409
1475
1452
1327
1144
947
775
692
730
817
811
656
454
397
482
608
731
840
889
848
881
1113
1433
1659
1788
1882
1921
1914
1956
2066
2117
2021
1852
1701
1517
1286
1068
875
666
424
222
71
-101
-273
-389
-442
-459
-439
-361
-303
-301
-295
-212
-56
125
310
507
699
880
1071
1267
1434
1506
1500
1489
1517
1593
1664
1653
1501
1233
941
702
502
337
222
96
-101
-355
-538
-648
-805
-1017
-1197
-1309
-1439
-1606
-1706
-1720
-1789
-1975
-2163
-2253
-2299
-2378
-2412
-2322
-2172
-2060
-1957
-1776
-1541
-1329
-1104
-796
-440
-145
36
124
168
211
341
554
741
772
605
321
40
-122
-96
52
119
-21
-322
-664
-952
-1081
-941
-644
-473
-518
-610
-573
-432
-235
61
428
662
660
606
751
1054
1271
1343
1366
1340
1170
943
847
889
847
619
345
170
55
-103
-288
-422
-493
-582
-692
-720
-619
-466
-364
-277
-133
70
283
459
609
764
920
1057
1194
1365
1526
1582
1518
1448
1435
1444
1412
1312
1156
978
768
566
400
274
162
-13
-232
-436
-552
-597
-643
-688
-702
-703
-777
-919
-1004
-991
-990
-1070
-1159
-1174
-1153
-1164
-1138
-1030
-912
-865
-859
-777
-601
-376
-115
169
389
467
482
539
660
797
924
1017
992
797
558
415
357
288
182
69
-121
-427
-713
-806
-741
-688
-670
-623
-575
-625
-694
-598
-350
-115
38
191
362
460
495
588
754
830
752
648
614
607
551
473
390
222
-45
-290
-409
-462
-529
-648
-803
-965
-1090
-1112
-1033
-925
-847
-789
-729
-605
-404
-170
33
171
271
401
558
717
860
952
976
938
876
864
932
995
978
865
718
589
488
414
372
311
181
10
-127
-195
-213
-227
-297
-441
-610
-741
-799
-820
-839
-866
-939
-1049
-1089
-1008
-868
-773
-727
-680
-644
-610
-478
-183
156
406
551
640
700
762
890
1097
1269
1308
1235
1107
952
802
711
676
586
390
136
-120
-339
-486
-545
-564
-627
-726
-787
-793
-773
-700
-524
-314
-178
-106
12
204
362
460
563
686
752
721
683
718
770
740
653
561
469
317
131
17
-28
-90
-223
-365
-485
-585
-659
-678
-647
-626
-660
-731
-779
-777
-710
-589
-467
-399
-350
-285
-217
-146
-62
47
132
163
206
302
413
481
500
518
556
550
506
463
434
404
371
361
376
367
292
177
40
-102
-211
-275
-311
-364
-477
-649
-835
-978
-1024
-988
-930
-892
-878
-858
-785
-630
-383
-110
102
226
319
447
611
789
958
1070
1078
1006
922
880
850
774
652
500
337
152
-37
-172
-267
-358
-450
-535
-600
-681
-785
-851
-830
-748
-633
-509
-409
-354
-325
-262
-138
47
235
395
484
494
478
519
632
747
819
851
856
799
708
652
632
597
506
403
317
238
133
23
-73
-162
-241
-301
-332
-349
-373
-419
-479
-518
-521
-505
-504
-503
-470
-412
-364
-320
-249
-161
-106
-86
-24
104
244
325
354
374
397
412
450
529
583
529
375
209
92
5
-83
-172
-275
-430
-622
-783
-857
-853
-843
-870
-909
-916
-868
-779
-670
-528
-374
-264
-189
-86
79
268
414
521
629
717
752
753
754
767
767
708
597
486
393
316
234
154
82
-10
-147
-295
-409
-466
-481
-487
-471
-447
-440
-459
-471
-430
-344
-255
-178
-112
-36
43
110
171
245
341
434
510
593
669
710
711
698
702
719
728
707
667
607
520
412
304
216
130
23
-74
-154
-231
-311
-405
-484
-536
-571
-598
-616
-618
-604
-577
-553
-513
-435
-332
-230
-158
-87
22
117
182
259
361
440
449
433
442
447
404
335
278
217
107
-44
-196
-312
-422
-535
-631
-694
-751
-817
-881
-916
-891
-808
-702
-597
-503
-431
-362
-269
-146
-6
130
232
291
323
372
438
501
556
594
603
573
526
506
511
498
457
395
325
242
174
139
116
80
13
-50
-111
-186
-237
-251
-246
-227
-196
-161
-143
-146
-136
-92
-14
73
154
209
224
219
230
282
359
427
461
451
413
378
376
414
456
463
405
317
241
216
212
192
135
18
-147
-293
-361
-359
-336
-352
-423
-514
-594
-625
-576
-467
-347
-287
-300
-330
-311
-230
-99
44
152
205
180
121
102
147
218
268
282
246
158
42
-41
-71
-72
-82
-132
-213
-307
-398
-454
-465
-451
-453
-478
-513
-535
-521
-470
-407
-336
-271
-211
-156
-84
-1
91
169
226
255
270
297
323
346
363
386
376
341
292
259
246
228
203
195
182
137
73
35
45
72
72
54
17
-36
-80
-90
-59
-11
13
-4
-35
-71
-72
-35
24
66
92
94
80
75
85
144
215
248
246
239
242
256
285
312
327
313
264
199
157
138
140
136
107
50
-29
-100
-147
-152
-120
-86
-96
-150
-200
-220
-206
-183
-152
-107
-78
-82
-96
-97
-58
-12
8
27
45
51
37
13
0
-9
-20
-31
-31
-25
-42
-87
-139
-167
-175
-166
-157
-164
-189
-220
-242
-237
-216
-193
-199
-224
-244
-251
-257
-266
-264
-251
-234
-219
-189
-145
-103
-84
-74
-43
8
50
92
128
140
140
127
114
117
132
152
162
142
110
89
87
94
102
113
133
136
112
96
104
117
129
128
112
71
28
9
17
51
86
122
128
101
66
56
88
135
171
196
196
156
107
106
158
217
240
210
156
98
68
77
114
133
99
28
-41
-77
-72
-40
-7
1
-18
-59
-98
-114
-97
-58
-39
-57
-102
-136
-139
-112
-71
-38
-18
-29
-57
-72
-58
-27
-2
-9
-31
-58
-87
-109
-121
-125
-129
-146
-173
-190
-196
-205
-194
-180
-166
-153
-151
-147
-145
-135
-113
-89
-72
-57
-48
-44
-39
-25
-5
19
15
0
7
28
52
69
92
113
118
107
109
130
153
162
157
152
130
99
68
51
47
31
13
-5
-18
-17
-17
-24
-24
-18
-9
-9
-11
-12
-15
-23
-30
-15
-1
1
-14
-24
-7
27
60
94
123
130
124
131
156
185
208
212
207
187
156
133
126
117
93
49
4
-28
-50
-48
-41
-43
-55
-64
-72
-77
-68
-53
-45
-54
-67
-71
-65
-58
-55
-56
-66
-82
-96
-94
-72
-53
-47
-50
-64
-74
-77
-65
-50
-41
-39
-39
-41
-47
-50
-51
-41
-34
-41
-50
-55
-57
-60
-58
-45
-27
-20
-18
-18
-21
-34
-37
-18
-2
3
-12
-21
-28
-34
-17
20
51
61
53
42
44
66
91
107
98
68
42
32
35
35
23
2
-29
-64
-77
-61
-31
-8
1
-6
-18
-20
-3
28
55
61
40
14
2
10
25
41
53
43
17
-2
0
20
45
58
56
40
24
11
15
38
63
75
66
39
20
16
29
58
77
73
32
0
-21
-17
1
19
28
15
-16
-44
-50
-26
3
8
-10
-36
-65
-87
-78
-45
-17
-17
-37
-64
-74
-66
-41
2
35
44
27
4
0
4
15
38
48
42
25
-1
-21
-15
12
24
16
-6
-26
-44
-57
-50
-31
-17
-20
-42
-56
-54
-40
-26
-5
15
10
-15
-35
-31
-16
-1
10
15
3
-7
-20
-22
-3
4
-12
-23
-34
-46
-47
-37
-17
4
14
12
7
6
13
20
23
18
12
2
-6
-12
-18
-4
13
7
-6
-17
-19
-20
-19
-10
1
4
-2
-8
6
30
53
63
62
52
28
16
20
37
53
47
34
15
0
-3
3
16
28
26
1
-20
-35
-34
-24
-8
3
8
2
-9
-8
4
20
36
43
38
29
20
20
31
43
44
44
35
26
21
19
30
44
48
38
17
-13
-33
-27
-12
-8
-13
-28
-41
-44
-37
-24
-9
-5
-16
-31
-37
-31
-23
-17
-20
-30
-38
-43
-38
-25
-19
-24
-33
-38
-40
-43
-39
-32
-25
-17
-12
-5
6
22
34
43
47
56
60
49
30
15
5
-1
-3
-16
-29
-40
-50
-53
-39
-21
-3
-5
-12
-21
-30
-28
-10
15
24
13
-13
-27
-22
-4
15
22
12
-10
-27
-22
5
41
62
48
24
3
-4
-3
5
20
18
-9
-41
-53
-49
-38
-30
-30
-21
-22
-28
-21
1
20
34
44
57
65
64
60
60
70
73
61
38
14
-19
-51
-59
-56
-46
-35
-20
0
29
61
93
119
135
136
120
102
93
93
91
73
44
7
-39
-86
-118
-128
-122
-120
-120
-115
-94
-64
-29
1
15
17
1
-17
-14
4
31
39
33
26
13
-1
-6
-10
-23
-36
-41
-37
-26
-18
3
18
12
-2
-27
-57
-88
-107
-103
-86
-68
-39
-17
-30
-102
-212
-276
-222
-110
-17
88
236
324
311
316
436
459
241
-25
-149
-252
-399
-364
-119
51
0
-45
-9
-69
-183
-104
99
198
206
271
296
158
-3
-39
-20
-26
26
68
-38
-239
-330
-276
-155
13
201
221
12
-224
-335
-326
-203
83
370
464
352
214
121
46
47
164
291
294
205
105
1
-94
-119
-42
55
117
125
71
-44
-167
-218
-169
-60
15
-5
-117
-260
-378
-421
-359
-213
-86
-48
-62
-66
-64
-86
-69
26
120
123
94
113
123
46
-34
-16
38
26
-5
43
75
42
-28
-19
12
23
46
101
183
202
200
189
195
187
135
97
36
-33
-151
-255
-332
-388
-369
-342
-304
-312
-276
-252
-257
-210
-97
27
68
176
330
378
297
283
354
304
184
175
240
174
53
85
192
178
111
149
187
95
-34
-42
19
1
-67
-87
-89
-148
-226
-227
-203
-240
-307
-326
-314
-309
-236
-97
26
126
218
235
141
64
104
152
150
177
262
240
75
-75
-109
-75
-67
-52
3
14
-88
-184
-136
29
153
223
313
361
292
159
90
48
9
3
-32
-124
-233
-313
-399
-439
-331
-126
-5
19
66
104
67
19
99
196
195
186
187
132
38
31
31
-53
-103
-88
-109
-168
-99
20
1
-41
43
101
-50
-171
-150
-163
-258
-220
-78
-126
-233
-153
-21
-102
-176
10
101
-59
-74
158
192
-36
-36
176
174
8
0
96
7
-125
-48
101
141
109
88
-6
-122
-140
-71
36
163
235
180
134
122
72
-20
32
146
109
49
75
69
-153
-238
-83
32
-29
-33
61
-73
-278
-295
-102
-8
-12
34
86
38
-114
-113
-22
70
91
185
260
143
100
137
115
28
80
129
-60
-216
-119
5
12
90
238
200
61
52
116
81
46
153
212
126
20
-17
-179
-350
-323
-165
-59
-79
-19
21
-10
-98
-48
121
149
119
137
110
-110
-270
-143
26
58
119
225
93
-261
-441
-384
-295
-188
-26
104
-21
-201
-244
-170
-77
55
231
236
200
89
-8
-167
-128
32
72
128
136
113
-176
-324
-184
43
244
341
461
326
39
-199
-191
6
105
76
-29
-83
-291
-478
-377
-72
10
-12
167
258
76
-114
-26
32
-47
92
312
293
71
-107
-166
-190
-20
213
277
156
13
-82
-171
-90
177
267
91
-32
3
-57
-193
-61
121
134
113
199
199
33
-113
-244
-278
-131
134
190
161
106
-135
-356
-299
-96
-4
160
292
117
-81
-98
-47
-136
-51
172
255
79
-99
-62
-78
-218
-295
-66
140
164
87
79
-103
-321
-300
-34
210
231
253
71
-152
-256
-90
59
93
238
235
232
165
158
63
10
-46
-183
-57
68
87
-122
-44
-99
-337
-292
-30
60
-119
37
21
-61
-120
-127
-109
-155
-96
-168
40
118
14
-117
-26
120
-120
83
146
233
115
107
244
46
12
-126
7
-35
-117
20
45
-34
-229
-181
-105
3
217
158
245
218
-3
-190
-44
-9
-152
167
420
237
28
-13
-177
-391
-140
21
62
283
280
93
-241
29
-35
-197
-35
263
289
-135
22
-85
-213
-187
-6
54
-119
98
-104
-291
-263
61
173
-22
153
274
229
-117
-98
119
-53
-271
-133
181
26
-10
-53
-90
-31
85
-12
-184
177
141
-18
-70
167
187
-24
77
-61
92
112
102
-14
24
109
-136
-70
48
82
-59
-110
-100
-189
-53
2
-12
164
138
38
-101
-105
-67
37
128
-32
32
48
-125
-295
-381
-307
-262
-177
-60
85
226
124
-16
143
193
80
117
176
139
26
37
51
68
104
23
20
23
-12
-125
73
237
-25
-140
-33
34
-121
44
79
-98
28
73
-63
-214
44
66
-81
-124
-14
81
-267
-267
-157
52
-121
-64
325
199
115
-51
46
-9
-105
30
50
57
-30
-91
-23
83
13
23
92
12
47
86
100
-72
25
90
-212
-210
17
20
-129
-48
45
97
-29
85
106
-52
-28
-51
23
-12
94
134
-66
87
107
71
26
31
76
-248
-12
35
-21
-97
-70
27
-367
-273
-124
112
-41
6
291
106
32
226
261
-19
30
158
57
2
93
-244
-235
-66
-87
-187
109
109
-148
86
128
-81
78
276
-14
-185
110
64
-250
-214
100
56
-306
-254
138
263
-66
-86
158
153
-153
-35
110
108
83
151
26
-24
214
8
-181
19
102
-27
-197
61
55
-37
-63
-135
-55
-78
-53
-87
75
-41
5
94
28
-137
113
52
-215
-47
96
52
-208
218
-7
-184
38
144
-6
-193
246
29
-264
67
201
-22
-171
153
191
-41
104
-5
136
85
-176
-34
121
96
-211
-57
38
-52
-88
-212
31
117
-57
-127
100
115
-122
65
-103
-106
117
170
-237
54
519
-147
-238
167
228
-147
-157
22
80
22
-36
-126
38
-55
-149
-120
-47
194
-46
30
122
-37
-35
-19
-68
-15
22
189
-94
-59
89
-137
-141
-89
-34
16
11
184
91
26
120
122
51
-79
50
95
-47
-147
171
1
-85
45
4
-46
-252
52
-64
-67
71
52
-109
-258
175
-31
-228
-24
253
56
-149
325
179
-97
22
56
118
32
25
58
-95
94
-83
-78
66
36
-44
-191
21
39
18
-83
-34
28
-8
-98
-75
171
-53
9
-65
-4
-58
-97
17
-19
83
-66
-43
3
-82
3
208
97
-36
137
242
-136
-95
221
-100
-5
184
-35
-51
47
83
-280
-41
88
-193
14
150
61
-50
87
-85
-100
111
-34
-212
39
182
-63
-220
-8
120
-335
-218
112
123
-112
-16
176
-38
-57
107
50
2
209
40
28
167
151
0
-110
168
0
-175
1
61
5
-164
1
-92
-27
6
-58
-43
15
-38
-123
8
-86
10
-39
-31
-80
43
71
-150
72
24
-51
90
159
87
-99
181
11
-44
107
1
59
33
124
-53
64
118
-16
-49
-50
115
-65
-122
112
-22
-66
59
10
-110
-91
15
-106
-169
73
124
-119
-67
-71
116
-71
-176
86
100
-7
-103
159
81
-83
56
72
-32
5
58
3
-160
50
25
15
1
-19
106
-98
12
-134
37
100
45
-63
49
156
-150
-131
-10
105
-109
28
78
-93
-36
-127
-81
18
-10
6
-4
109
-37
-75
93
-22
-44
40
72
24
51
49
28
61
2
-68
49
77
63
6
203
22
-113
-13
-71
-84
-14
92
-22
75
27
-50
-98
-92
67
-218
72
118
-7
21
-70
153
-134
-48
-13
-18
101
-74
49
95
-9
-5
-86
46
-26
-63
58
45
16
24
50
-113
-70
61
63
-31
38
138
-6
-79
-106
71
35
-68
-9
33
48
-220
91
6
-64
134
-27
45
-157
101
-9
-186
104
-50
-38
-92
-78
21
-60
21
-77
50
204
-92
60
136
63
-34
61
101
-15
-49
-7
-37
-16
9
-126
-9
65
-153
28
22
24
-25
49
97
-99
127
10
43
17
-82
54
-58
-62
-57
55
-21
-118
97
147
-189
6
175
-144
-12
55
165
-186
17
76
-136
-53
-53
101
-104
-20
-15
1
-107
-31
110
-112
66
11
157
-32
61
111
-115
72
-9
143
-88
26
137
-84
-37
-36
44
-52
-87
-26
66
-7
-66
27
-25
-74
37
-4
-70
44
57
34
-50
32
147
-99
38
61
-9
56
23
150
-61
67
117
-93
-34
-22
44
-88
-6
67
0
-11
-38
82
-89
-53
60
7
21
-15
39
-23
-94
-86
-49
-19
-74
-16
18
37
-128
78
-62
-80
71
-15
32
31
103
84
-57
12
32
-98
23
-28
109
42
22
57
-47
-32
-66
-55
52
-44
92
156
48
-27
-30
37
-197
-58
75
-17
-10
26
-80
-130
-171
-61
-99
-35
55
87
140
-107
94
71
-87
-4
151
117
-44
85
78
-85
-89
7
-34
-78
51
25
-59
-24
20
6
-67
114
28
-104
88
32
-22
-23
15
146
-18
-5
84
49
-26
-89
37
45
-65
-84
-47
96
-40
-110
39
51
-68
-102
84
-46
-37
41
23
-6
83
20
-137
31
66
-81
-102
109
75
-120
30
45
-16
-106
-33
106
0
-41
0
26
-21
-16
-17
30
26
-8
51
49
32
47
1
-51
24
98
-70
-21
42
23
-142
-28
44
-54
39
-50
123
59
-51
-12
84
44
-122
72
94
45
-59
-23
25
-49
-82
-16
132
-60
-55
85
43
-95
66
94
-82
48
95
-19
-43
36
-25
-107
48
1
-131
22
-68
-9
-55
2
-15
-24
59
-46
62
61
-33
-11
77
26
-62
5
156
11
-114
65
25
-52
-108
-11
-1
-70
51
-120
19
99
-71
-91
86
86
-65
33
171
-36
-7
72
-62
-35
-32
12
-49
-25
54
-52
-40
-15
-43
-8
-80
90
19
-56
56
42
-30
-72
3
89
-7
47
55
55
-17
-66
7
56
-60
-51
77
-71
-43
49
-48
-62
94
16
-115
18
123
-59
-39
6
31
-17
-54
-7
-35
36
-39
-27
22
99
4
-103
81
14
-59
16
10
39
-43
47
-18
-6
37
-37
-13
-9
18
-49
23
86
-14
-1
41
25
-75
-15
75
-11
-52
74
14
-85
3
3
1
-44
15
71
-2
44
41
15
24
-69
97
4
-82
42
63
-8
-78
24
137
-115
-78
-9
6
11
-122
66
89
38
-33
-6
167
39
-82
9
78
53
-52
14
12
24
-65
-39
-23
43
11
-168
85
13
-69
-103
56
41
-135
32
83
-23
-19
8
-48
52
-9
-87
31
75
12
-124
-10
88
-64
-102
-47
120
-39
-81
121
28
-23
-48
56
-22
-15
17
-11
0
32
16
-110
74
-35
-63
-12
94
34
-86
20
32
-73
-41
78
-6
-10
6
22
-105
41
50
-80
17
149
-9
-97
88
31
-31
-94
81
45
-61
-51
-38
60
-81
-55
67
28
-38
29
-8
-11
103
3
-30
51
105
-26
-139
96
17
-102
-85
114
-20
-149
76
-7
32
-38
92
30
5
123
-58
42
45
-18
-10
7
58
-58
17
-14
-52
-37
-42
-1
-58
92
21
20
39
25
16
-12
37
38
19
24
101
-95
52
-24
-65
-38
7
40
-108
89
-22
-15
-2
33
-7
-39
77
-88
12
74
-62
-22
61
12
-160
91
27
-88
26
12
-38
-5
16
-43
-20
25
3
-69
52
7
-33
-40
3
-28
-7
34
-44
-38
64
17
-104
56
50
-45
-25
43
-16
-1
51
-62
-2
15
-52
-54
9
23
-86
-34
-2
-10
10
-24
14
72
33
-39
48
41
-14
-63
74
42
-40
28
-5
-13
-1
4
17
33
-32
34
-16
4
-54
4
50
-29
65
-41
-29
87
-60
-70
32
106
3
-103
52
48
-49
-22
-9
50
68
-13
61
14
34
36
-23
-40
-31
103
1
-113
24
122
-34
-111
58
50
-49
-56
-17
27
53
-38
-34
76
64
-41
-38
70
-22
-34
43
-71
35
70
-94
-35
2
60
-115
-50
121
-57
-46
53
59
-27
-2
61
-26
-8
26
15
39
-58
-9
-16
-14
-63
-38
14
9
15
-64
44
26
9
-52
55
56
-20
-19
-28
33
-57
-13
-30
42
28
-131
13
45
-28
-75
16
114
-93
33
-21
17
29
-16
39
-3
116
-103
-27
23
-19
-13
-39
95
-32
62
-54
26
35
-76
13
7
62
-47
59
8
2
-4
-28
-33
-22
-15
-59
-25
18
-12
-16
32
-23
6
53
-63
17
65
-26
-58
43
29
-150
29
20
-66
-24
69
25
-60
89
28
-52
32
50
11
-15
25
41
-10
-5
7
-22
34
-20
-8
18
-19
34
-39
6
24
63
20
-38
104
14
-28
13
62
-31
-4
48
-12
-2
41
-14
-23
51
-51
17
36
-4
-47
13
53
-69
-2
26
-10
-58
-15
-3
-70
-14
11
-60
-22
21
-17
-63
-16
67
-68
-11
49
10
-62
-20
38
-54
-24
4
15
9
-34
36
53
18
-4
53
49
-84
10
-26
-6
-32
5
27
-32
75
-58
-9
5
16
-6
24
80
-24
16
-62
8
-33
-38
35
-58
51
38
-23
-4
75
18
-51
62
43
8
-16
46
3
-12
47
-33
33
17
-17
-34
26
4
-44
2
-6
25
-68
-22
12
-46
4
-24
9
24
-16
-37
-13
47
-47
-47
13
68
-77
-33
79
20
-79
7
100
-37
-39
34
16
-59
-6
7
-38
29
5
-27
7
35
3
-36
35
-15
29
-30
-37
43
22
-21
-34
80
13
-57
5
50
-50
-8
64
-25
-41
54
-5
-75
47
58
-35
-27
88
25
-55
-31
51
66
-61
-13
76
31
-38
-7
14
-4
31
-12
-66
35
85
-44
-88
75
85
-90
-42
90
52
-82
6
77
-6
-50
3
-12
-34
-12
-58
-19
-7
-33
-32
23
13
-22
54
14
-40
67
17
-7
6
19
-3
-22
-7
-13
6
-4
7
-16
22
-31
8
-7
-34
22
-5
-7
-48
3
44
-22
-6
-10
62
4
-99
7
8
-49
-76
21
3
-40
29
-20
3
29
39
10
2
73
11
2
1
27
17
-57
11
19
-45
13
35
-24
-21
39
6
-23
16
33
4
1
25
-2
-1
-18
-8
-20
-37
22
-8
-6
4
1
29
-26
-3
35
22
-29
-29
100
9
-74
35
85
-48
-43
70
0
-47
34
10
-43
23
25
-52
-7
36
-4
-37
14
-5
-12
-7
-47
-45
28
-11
-51
24
26
-18
-19
17
-26
10
25
-15
-9
43
-20
-18
17
-1
13
-20
31
12
-8
42
5
9
-4
25
-26
-31
6
-42
-3
11
9
-2
22
12
5
13
9
-18
15
25
-28
-5
19
-2
-53
-9
58
-31
-16
50
8
-29
21
16
-8
-6
21
-17
10
12
-28
10
-8
25
-25
-10
3
-28
-3
-51
-10
26
-20
9
-43
55
0
-20
-5
2
16
-47
14
4
-8
7
6
-12
0
30
13
-24
-3
55
-18
-51
10
40
-50
-31
71
-6
-20
33
15
-26
18
72
-40
15
52
13
-26
-12
40
-39
-1
-10
-20
8
-8
-30
-37
9
-17
-27
0
-11
27
-3
35
-25
33
25
-29
-31
19
14
-42
24
8
-6
-5
23
-9
-21
34
12
-28
9
31
16
-55
22
32
6
-37
24
45
-39
-12
10
12
-14
5
16
19
7
3
24
-16
-6
18
-12
-32
-1
29
-21
-30
19
17
-35
-18
25
-50
-18
-21
-6
-38
-29
51
-35
-14
20
38
-11
-16
66
9
17
23
9
17
-20
18
-20
-6
6
-14
4
-32
1
21
-43
12
-1
10
-7
6
8
-13
9
-16
8
-31
-15
-6
-21
12
-12
28
29
18
28
-6
61
-27
8
43
-15
9
-6
12
-30
-10
23
-56
21
10
-34
-11
19
18
-54
10
37
-25
-40
14
27
-48
-3
48
-14
-18
21
15
-44
10
3
-19
6
13
-11
-31
15
4
-33
-8
43
14
-47
13
52
-11
-16
17
41
-12
-5
28
-15
24
-1
2
3
11
11
-29
1
6
-6
-22
-5
4
-20
-19
21
11
-34
5
35
-17
-30
22
30
-19
-17
47
-9
-21
1
-10
2
-11
11
12
46
3
13
28
9
-11
2
4
-26
-34
10
-18
-47
-18
10
19
-39
13
17
5
0
-24
39
26
13
-9
19
21
-31
-6
-20
-7
-9
-5
-32
-23
20
-33
-12
0
8
21
6
7
-10
42
13
-12
6
19
3
-36
0
-8
-6
-5
-2
-14
-4
37
-29
-29
29
42
-36
-27
75
-3
-51
4
37
-9
-50
28
-13
-20
-22
-31
2
-27
8
-20
-3
37
4
-9
5
48
7
-9
38
37
-13
-4
31
11
-17
4
42
-15
-18
6
30
-11
-38
33
24
9
-19
2
36
-26
-14
-2
22
-20
-12
11
-34
16
4
-19
7
28
-8
-24
23
14
-43
16
18
-4
-17
-1
19
-40
-10
12
7
-20
-22
13
-1
-18
-26
11
29
2
-17
32
24
-8
9
-3
-9
15
-7
-38
-34
22
-18
-43
22
21
10
18
32
1
5
30
-9
-29
20
17
-19
-39
9
7
-26
-17
27
8
-15
13
5
-6
25
45
-16
4
63
7
-24
-16
30
-4
-51
9
0
3
-36
-36
10
-8
3
-25
19
55
-24
1
26
26
-19
-19
23
-41
-15
-17
-28
-25
-23
-1
-26
-8
-20
-19
14
-36
-17
25
10
3
9
38
8
10
26
-1
25
-5
-19
-8
4
-2
-37
4
7
-1
-26
12
13
29
13
8
53
31
10
-31
18
20
-35
-23
-1
2
-23
-10
-3
19
13
17
23
32
35
-14
17
11
-16
-10
12
-3
-34
-19
10
-22
-48
-1
23
-11
-28
21
30
-4
-24
36
22
-17
10
4
-11
-1
-5
-25
-10
10
-1
-43
1
28
-26
-18
20
37
-13
-6
32
0
-12
0
4
-6
-18
-9
-5
-6
-27
10
11
-13
0
11
0
-2
8
-2
7
20
4
2
22
5
-8
11
-5
-5
5
-9
-16
0
-9
-30
1
5
-1
5
41
22
6
31
15
2
-3
0
-16
-4
-18
-28
12
4
-14
-6
38
12
-31
30
27
-17
-14
25
6
-28
3
11
-19
-30
-3
-6
-16
-30
0
7
-27
7
18
-9
-6
38
22
-17
23
43
-20
-6
3
-23
-31
-35
-19
-51
-30
-9
-32
-15
16
32
9
28
42
16
22
1
1
-3
-1
-20
-37
8
-17
-25
-9
4
2
-12
36
2
9
27
8
23
12
28
15
13
8
14
12
-28
-8
12
-19
-47
8
6
-25
-13
3
31
3
7
24
27
28
12
14
10
21
0
-26
6
-10
-16
-39
-4
2
-17
5
-6
27
14
15
27
23
23
16
20
-14
-11
-2
-30
-44
-45
-12
-35
-33
-20
-3
22
-21
9
22
17
8
13
19
0
19
5
-15
-21
15
-39
-30
-11
-17
-19
-34
12
-3
-4
7
30
17
24
26
35
21
13
2
17
1
-44
-6
-14
-17
-32
-27
16
-13
-15
-6
12
15
-17
11
16
34
-11
1
18
-8
-8
-23
-2
-5
10
-29
5
32
-19
-5
14
25
-20
5
23
-8
-16
-4
-3
-24
-1
-11
-16
-4
-5
-8
-19
10
9
-14
4
18
2
7
2
9
18
8
12
-6
16
11
-25
0
3
2
0
-4
19
17
13
9
21
25
-8
-2
14
-20
-18
-18
1
-23
-15
17
-9
1
-8
18
15
-6
21
21
3
7
17
-5
0
20
-1
-28
9
8
-23
-10
15
-20
-8
7
4
7
3
17
31
7
-7
22
14
-14
-30
20
-6
-45
5
-5
-19
-18
-3
-8
5
3
-8
27
2
0
13
12
-10
-17
22
-27
-21
-10
-23
-26
-34
-12
-32
-8
-4
-4
14
14
27
10
19
33
5
-2
5
10
-18
-10
7
-20
-9
-3
2
-20
3
18
-16
9
19
12
-2
18
8
-16
2
-15
-22
-22
-10
-15
-16
-5
-17
-3
10
-12
14
12
23
7
18
28
10
26
8
9
10
2
-5
-17
-7
3
-30
-3
8
-6
2
-6
25
2
-5
17
4
22
-23
3
20
-11
-10
-10
16
-5
-18
-2
-5
4
5
2
3
25
12
-3
-1
13
-3
-18
-3
-9
4
5
-9
-6
17
8
-13
7
9
-6
0
2
-13
0
4
-5
-17
-4
-4
-24
-8
-8
0
-9
7
10
3
11
-3
8
1
4
-11
13
2
-7
9
-17
7
5
-12
-9
14
11
-17
8
32
4
7
27
7
16
30
-8
-4
18
11
-38
-11
16
-21
-34
5
6
-23
5
-5
3
-5
9
-12
-3
13
-21
-10
-12
-4
-27
-6
-3
-7
7
-13
4
15
9
-18
17
29
-9
-1
4
8
-16
-12
-3
-14
7
-18
-12
10
2
-2
-14
17
16
-16
-7
15
19
-20
12
15
-4
-4
-4
-10
-19
15
-7
-10
14
17
13
2
11
11
20
2
7
2
28
-5
-20
14
-2
-3
-24
-5
-10
-13
-16
-24
-1
0
-3
-16
15
15
-12
-5
6
9
-19
-1
2
1
-3
-1
3
7
17
-5
23
46
7
6
34
31
-18
9
37
-17
3
15
11
-14
-5
2
-2
2
-13
7
14
-8
-33
11
8
-26
-24
-2
1
-25
-23
-7
-10
-12
-8
-9
0
-5
-8
10
-6
-1
-4
21
-4
-18
20
-6
-3
-18
-15
-6
2
-13
-14
5
27
2
-9
21
23
5
-13
13
9
-2
-2
7
3
8
10
-10
1
10
4
-7
3
5
10
20
-7
12
33
11
-14
12
20
-18
-14
-21
-12
-10
-20
-34
-10
19
-17
-17
16
35
-10
-10
15
4
-8
-25
-8
-9
-10
-19
-17
7
1
-6
2
14
17
3
4
13
5
-7
-3
6
-12
-3
7
-6
-9
4
10
-20
4
12
-10
-4
13
12
3
23
20
6
27
20
-5
9
17
-1
-14
7
0
-17
2
-4
-3
2
13
12
-3
29
10
-3
15
-1
-7
-16
-10
-20
-20
-15
-13
-14
-21
-8
-2
1
-3
10
17
9
11
3
5
7
-3
-15
-6
-3
-10
-18
-19
-3
-9
-19
-13
-10
3
-5
-2
11
16
26
4
12
25
4
5
-3
7
-5
-4
2
-4
11
-9
8
5
4
1
15
4
0
17
4
1
3
7
-12
-8
-1
-10
-7
-5
-18
-21
-6
-13
-25
-2
3
-5
-4
10
15
8
12
5
10
17
1
-4
2
5
-4
-13
1
-2
2
-13
-10
6
1
3
0
13
7
10
3
-2
0
9
-1
-13
7
-1
-5
-17
-4
2
-1
-5
-8
7
4
1
-8
15
16
-4
4
4
11
0
-6
-8
3
-1
-8
-9
1
7
-6
-6
-2
12
-3
-5
6
1
1
-3
-8
0
0
-5
3
5
6
7
-1
-12
-5
6
-12
-11
4
7
0
3
8
3
4
-3
-2
-6
1
5
-6
2
8
4
-5
-6
7
-5
-9
1
-5
-2
-2
-10
-6
2
9
-8
-2
21
4
-3
2
7
-3
-13
1
-3
0
3
0
3
12
8
3
10
12
7
0
21
12
9
17
9
12
4
4
-4
0
5
-8
1
0
1
-3
1
3
-5
11
3
-2
1
8
-4
-13
-4
-10
-5
-9
-13
-6
-1
-11
-16
-3
-1
-14
-8
-6
-1
1
-6
-4
-2
-5
-9
-8
-10
-7
-1
-2
-6
