0
0
0
0
-1
0
0
0
0
0
0
-1
0
-1
0
0
0
0
-1
-1
0
-1
0
0
0
0
1
0
0
0
0
-1
0
1
0
0
0
1
0
0
0
0
0
-1
-1
1
0
-1
0
1
1
1
0
0
0
1
1
0
-1
0
0
0
0
0
-1
0
0
1
0
0
0
1
1
0
-1
0
-1
0
1
0
0
-1
0
1
0
0
0
1
-1
0
1
0
0
0
0
0
0
0
0
0
-1
0
0
1
1
1
-1
0
0
1
0
0
0
0
0
1
-1
0
0
0
0
0
0
0
0
0
1
0
0
0
0
0
0
-2
-1
0
0
1
0
0
-1
-1
0
0
-1
-1
0
0
-1
0
0
0
1
0
0
0
0
-1
0
0
0
0
-1
1
1
-1
0
0
1
1
-1
1
0
0
0
0
0
1
0
0
0
0
-1
1
1
-1
0
0
0
1
0
0
1
-1
0
0
0
0
0
1
0
1
0
0
0
0
-1
0
0
0
0
-1
0
0
0
-1
0
0
0
0
1
0
0
0
-1
0
-1
0
1
-1
1
0
0
0
-1
1
0
0
1
0
0
0
0
1
0
0
0
1
-1
1
1
0
2
1
1
-1
1
0
-1
0
0
0
1
-1
0
-1
1
-1
-1
0
0
0
0
0
1
0
0
0
0
0
0
0
0
-1
0
-1
0
0
-1
0
0
0
-1
0
-1
0
0
0
1
-1
0
1
-1
1
-1
1
0
-1
0
-1
1
0
-1
1
0
1
-1
0
1
0
1
-1
1
0
-1
0
0
1
-1
-1
0
1
-1
0
0
-1
1
0
1
1
-1
0
0
0
0
0
1
1
1
0
2
0
0
-1
1
1
-1
0
-2
1
0
-1
1
-1
0
0
0
0
-1
-1
0
0
1
-1
0
0
0
-1
0
0
1
0
0
1
1
1
0
1
-1
0
0
-1
0
-1
0
-1
1
-1
-1
1
0
1
-1
-1
1
0
-1
0
1
0
-2
1
-1
0
-2
1
0
-2
2
-1
0
1
-2
0
0
1
-2
0
1
-1
0
-1
2
0
-1
0
0
0
0
1
-1
1
0
1
0
1
0
-2
1
-1
1
0
-1
2
-1
1
0
-1
1
-1
2
-1
0
0
0
1
-1
0
0
1
-1
-1
-1
1
-1
-1
1
0
1
0
0
1
0
0
1
0
0
-1
-1
1
0
-2
0
1
1
0
0
2
-1
0
0
0
2
-2
0
0
-1
-1
-1
0
1
0
-1
1
0
-1
0
0
1
0
-1
1
0
0
0
1
1
-2
-1
1
0
0
-1
0
1
-2
1
-1
2
-1
-1
1
-2
3
-3
0
1
-1
0
-1
1
2
1
-2
2
0
-2
-2
-1
2
-1
-1
0
0
0
-2
1
2
-1
-1
2
1
0
-1
0
2
-2
-1
1
0
1
-2
0
1
-2
0
0
0
0
-1
-1
-1
2
-1
0
1
-1
0
-1
1
0
-2
2
-1
0
0
-1
2
-1
1
0
0
0
0
-1
1
0
-1
1
1
0
0
1
0
2
-1
0
0
1
1
-2
2
1
0
0
1
0
0
-1
0
2
-2
1
-1
0
2
-3
3
-1
1
0
-2
3
-3
0
0
0
0
-2
0
1
1
0
-1
3
-1
-2
0
0
1
0
-2
1
0
1
0
-2
3
-1
0
1
-3
2
-2
-1
2
0
1
-2
1
2
-2
0
0
1
1
-2
1
1
0
0
0
3
-3
0
0
-1
0
-2
0
2
0
-3
4
-2
0
-1
0
3
-3
2
0
1
1
-4
3
0
-1
-2
1
1
-2
0
-1
1
1
0
0
0
0
-1
-1
0
-1
0
-1
1
-1
0
-1
-3
3
-2
1
-2
0
2
-3
1
-1
2
-2
-1
2
-1
0
-2
1
0
-1
0
1
1
-1
0
-1
0
0
-1
1
-1
1
0
-1
1
0
0
-2
0
0
-1
1
1
0
1
-1
1
1
-1
1
0
1
-1
-1
1
1
-1
-1
2
-1
1
0
0
0
-1
1
-1
0
0
-1
0
0
0
2
-2
2
1
-1
1
-1
2
-1
-1
1
-2
2
-1
0
1
0
0
0
0
0
1
-1
0
0
0
-1
-1
1
-1
-2
1
0
0
0
0
1
2
-1
2
1
-1
1
-1
3
-2
0
1
-1
2
-1
1
1
1
0
1
1
0
0
0
1
-1
0
0
-1
1
-1
2
0
-1
1
-2
2
1
-1
-1
1
0
-1
-1
0
1
-1
0
-1
1
0
-2
1
2
0
-3
1
-1
1
0
-2
4
-3
2
0
-3
2
-1
-3
3
0
0
-1
0
2
-1
-1
1
0
0
-1
1
1
-1
-1
0
3
0
-2
3
-1
1
-2
0
1
1
-2
0
1
-1
2
-3
2
0
-2
1
0
2
-1
-1
0
3
-2
-1
1
0
1
-3
2
0
1
-2
1
3
-1
-1
-1
3
0
-2
1
2
-1
-1
1
0
1
-3
1
0
1
-2
-1
3
-2
1
-2
1
2
-3
0
3
-2
1
-2
0
3
-3
-1
1
-1
1
-2
2
1
-2
0
-2
5
-4
0
-1
1
0
-3
2
1
-1
0
-1
1
0
-2
0
2
-1
0
0
1
2
-4
1
0
-2
1
-1
0
2
-2
-1
3
-3
2
0
0
1
-2
2
-1
0
1
0
1
0
0
0
-1
1
-1
0
1
1
-1
2
-2
0
1
-3
3
-2
0
2
-2
0
1
0
-1
-1
1
0
0
0
1
-2
-1
0
-1
0
-2
-1
1
0
-1
0
1
0
0
0
1
1
-2
0
0
2
-3
1
0
-2
5
-6
6
-1
-1
4
-5
4
-1
-2
1
2
-3
3
-2
0
4
-5
5
-1
0
3
-4
2
1
-5
3
-1
-3
4
-5
3
-2
1
1
-4
4
-2
0
0
0
0
0
1
-1
0
-1
0
0
0
1
-3
0
0
-3
4
-5
3
1
-4
2
-1
0
-1
-1
0
3
-4
0
3
-2
0
-1
-1
3
-3
-2
4
-3
3
-2
-3
5
-2
0
3
-1
1
0
0
0
-3
1
-2
-1
1
-4
3
0
-3
3
0
1
-2
1
-1
3
0
-4
5
-2
0
-2
0
4
-1
-3
-1
2
1
-4
1
2
1
-1
1
-1
3
1
-5
4
3
-1
1
-1
4
-1
-2
2
1
2
-3
0
1
1
-3
-2
4
-2
0
-1
-1
2
-2
-3
2
-3
2
-4
0
3
-4
4
-5
4
0
-1
2
1
-1
1
1
-4
4
-4
2
1
-4
6
-5
2
2
-3
4
-3
1
2
-2
0
1
-1
1
-2
0
1
-2
0
-1
0
0
-2
3
1
-1
1
-1
1
-1
1
1
-3
3
-2
-1
4
-4
1
0
0
2
0
-1
2
2
-2
3
-3
4
-3
0
2
-4
4
-3
-1
2
-1
1
-1
2
1
0
-1
2
3
-1
-2
4
1
0
-1
0
5
-4
0
2
1
0
-3
2
0
-4
2
-2
-2
3
-5
0
2
-7
7
-6
1
4
-5
7
-3
2
5
-4
4
-2
0
2
-2
3
-1
-4
2
-3
0
-1
-4
3
-2
-2
2
-4
4
-2
-2
2
-4
4
-4
-3
6
-5
3
0
-2
6
-1
-2
2
-3
1
1
-5
3
2
-2
-1
-4
4
-2
-4
2
2
0
-2
-1
4
3
-4
3
0
1
1
-3
3
0
-3
1
-2
3
0
-3
2
1
-3
2
-1
1
1
-3
4
-1
2
-3
1
2
-2
2
-4
2
4
-6
0
1
1
1
-4
1
3
-1
-6
1
2
-2
-3
-1
3
1
-5
1
3
0
0
-2
4
1
-1
0
4
1
1
0
0
4
-4
-2
3
-2
-3
-1
-2
2
-1
-2
2
3
0
0
5
1
4
4
3
5
2
3
4
1
5
3
0
2
4
0
0
0
2
-2
-1
0
-1
-3
-4
-3
-4
-3
-6
-5
-6
-7
-5
-8
-5
-9
-5
-9
-10
-6
-11
-8
-15
-8
-9
-12
-8
-12
-5
-6
-8
-6
-3
-3
-4
-4
3
0
-1
1
5
7
1
8
8
10
11
9
14
14
15
14
16
20
19
19
20
18
23
23
17
24
21
17
21
19
18
16
15
14
16
9
9
9
7
6
2
2
2
-2
-4
-5
-8
-10
-12
-12
-15
-16
-16
-19
-19
-21
-23
-23
-24
-26
-25
-25
-24
-24
-28
-25
-20
-24
-24
-18
-17
-17
-15
-14
-9
-9
-9
-4
-2
-1
-1
1
4
6
4
7
11
10
13
11
14
15
11
15
12
13
12
9
10
8
7
4
1
-1
1
-3
-6
-5
-9
-9
-14
-15
-16
-18
-20
-23
-24
-27
-27
-30
-30
-29
-31
-28
-31
-29
-28
-28
-25
-23
-20
-18
-15
-13
-7
-4
0
7
9
17
19
25
30
35
40
45
52
56
62
65
70
75
77
81
84
88
89
90
91
94
92
92
92
89
87
85
82
80
74
69
64
58
53
45
37
32
23
15
8
2
-7
-15
-21
-29
-36
-45
-54
-62
-67
-77
-89
-95
-104
-116
-119
-127
-133
-136
-147
-148
-152
-155
-157
-163
-161
-158
-165
-164
-162
-160
-159
-150
-148
-135
-124
-125
-112
-100
-88
-75
-67
-51
-33
-23
-5
8
20
29
43
60
65
76
90
90
100
104
109
115
112
112
114
113
110
111
101
105
105
105
108
114
121
125
133
138
151
157
159
169
183
184
184
190
189
189
181
172
167
159
142
131
114
108
84
58
59
51
44
37
39
50
42
46
53
50
64
49
45
46
26
17
-9
-35
-47
-77
-88
-100
-109
-127
-143
-138
-124
-122
-129
-105
-95
-95
-97
-93
-82
-108
-114
-120
-135
-163
-204
-230
-258
-290
-316
-349
-446
-563
-684
-794
-888
-978
-1030
-1040
-1030
-1028
-1015
-950
-866
-795
-668
-478
-254
-45
162
378
566
702
851
1009
1154
1306
1425
1515
1558
1544
1485
1367
1212
1042
870
697
499
263
4
-288
-635
-913
-1116
-1315
-1448
-1510
-1557
-1575
-1566
-1486
-1333
-1112
-795
-382
98
537
936
1336
1711
2045
2334
2646
2924
3101
3163
3111
2983
2740
2414
2081
1753
1426
1074
700
331
-67
-467
-820
-1103
-1295
-1473
-1614
-1669
-1701
-1710
-1675
-1581
-1415
-1223
-1007
-744
-495
-273
-107
39
194
318
369
333
260
154
-21
-249
-506
-765
-1028
-1346
-1693
-2020
-2368
-2728
-3066
-3313
-3480
-3687
-3966
-4313
-4684
-4941
-5004
-4918
-4688
-4274
-3737
-3141
-2558
-1942
-1200
-402
418
1335
2386
3481
4417
5145
5671
6033
6270
6356
6389
6393
6307
6080
5636
5043
4360
3562
2681
1786
980
280
-357
-961
-1533
-2008
-2417
-2743
-2900
-2813
-2534
-2136
-1609
-967
-267
419
1067
1670
2221
2756
3208
3580
3810
3885
3822
3549
3113
2556
1927
1272
579
-119
-822
-1558
-2287
-2978
-3573
-4039
-4341
-4477
-4486
-4370
-4102
-3752
-3357
-2867
-2287
-1614
-942
-313
300
847
1296
1652
1876
1988
1981
1896
1742
1505
1189
773
289
-190
-631
-1070
-1506
-1840
-2032
-2138
-2132
-2030
-1806
-1533
-1290
-976
-604
-159
356
884
1366
1738
1929
1917
1787
1580
1285
929
569
215
-264
-923
-1597
-2147
-2665
-3248
-3697
-3990
-4488
-5398
-6271
-6555
-6433
-6318
-6101
-5350
-4207
-3294
-2698
-1880
-643
631
1698
2936
4594
6242
7293
7715
7938
8130
8075
7738
7422
7305
7104
6433
5346
4192
3091
1859
435
-863
-1700
-2238
-2810
-3398
-3815
-4076
-4343
-4529
-4345
-3705
-2784
-1834
-881
165
1169
2050
2798
3447
4047
4544
4981
5320
5415
5292
4940
4270
3312
2249
1316
480
-465
-1526
-2515
-3384
-4259
-5114
-5751
-6094
-6231
-6175
-5794
-5150
-4447
-3725
-2936
-2055
-1119
-167
830
1825
2698
3359
3800
4022
3987
3749
3380
2929
2421
1880
1284
550
-275
-1086
-1838
-2445
-2837
-3007
-3013
-2888
-2565
-2124
-1699
-1350
-1017
-538
92
714
1233
1651
1996
2154
2062
1812
1462
965
236
-536
-1220
-1863
-2493
-3064
-3540
-3999
-4465
-4991
-5822
-6985
-7875
-7863
-7228
-6666
-6111
-5062
-3694
-2760
-2282
-1419
146
1794
3066
4427
6255
7972
8739
8605
8352
8252
7974
7359
6792
6627
6397
5444
3855
2367
1296
152
-1236
-2375
-2771
-2712
-2884
-3302
-3558
-3459
-3267
-3081
-2469
-1192
395
1708
2648
3521
4386
5020
5335
5526
5785
6057
6080
5756
5144
4325
3269
1932
509
-693
-1515
-2213
-3089
-4098
-4999
-5665
-6270
-6834
-7031
-6684
-6071
-5484
-4792
-3787
-2697
-1912
-1395
-716
285
1297
2076
2687
3265
3665
3617
3160
2593
2089
1511
840
275
-118
-615
-1394
-2201
-2689
-2877
-2993
-3002
-2727
-2140
-1469
-876
-283
387
1083
1647
2128
2668
3182
3446
3379
3172
2883
2418
1828
1267
727
99
-590
-1296
-2104
-3087
-4087
-4855
-5308
-5616
-5798
-5620
-5033
-4543
-5056
-6534
-7681
-7395
-6114
-5051
-4183
-2602
-524
674
613
718
1957
3455
4184
4820
6511
8583
9260
8102
6518
5688
5200
4349
3483
3377
3739
3316
1706
-17
-917
-1412
-2334
-3256
-3022
-1709
-596
-424
-577
-281
228
544
1007
2185
3880
5172
5597
5523
5474
5403
4916
4064
3325
3052
2929
2419
1450
289
-843
-2066
-3375
-4281
-4446
-4183
-4171
-4512
-4640
-4399
-4341
-4817
-5170
-4571
-3239
-2024
-1169
-241
683
993
642
441
956
1617
1782
1685
1888
2177
1791
732
-336
-1085
-1773
-2481
-2804
-2616
-2379
-2607
-3090
-3178
-2681
-1948
-1235
-339
805
1826
2437
2796
3249
3690
3795
3636
3657
3944
3955
3312
2261
1215
242
-696
-1426
-1863
-2159
-2491
-2797
-3028
-3383
-3975
-4617
-5069
-5288
-5258
-4855
-4098
-3251
-2444
-1815
-2042
-3635
-5600
-6132
-4914
-3530
-2973
-2317
-779
452
107
-802
-468
983
1968
2315
3465
5645
7157
6694
5166
4380
4553
4540
3996
3887
4607
4985
3872
2022
1044
970
566
-468
-894
14
1146
1227
521
133
270
301
209
747
2109
3397
3825
3681
3620
3667
3415
2848
2429
2441
2685
2676
2184
1409
570
-341
-1382
-2302
-2677
-2540
-2375
-2482
-2695
-2812
-2916
-3268
-3693
-3649
-3035
-2365
-2031
-1767
-1415
-1308
-1598
-1781
-1357
-666
-239
66
594
1149
1219
757
219
-117
-403
-709
-879
-817
-744
-1100
-1822
-2338
-2264
-1806
-1324
-806
-82
724
1271
1585
1849
2049
2084
2072
2268
2605
2729
2400
1832
1286
772
233
-240
-430
-469
-710
-1151
-1501
-1754
-2270
-3170
-4049
-4467
-4561
-4686
-4742
-4267
-3304
-3052
-4601
-7060
-8138
-7054
-5520
-4945
-4312
-2287
-24
458
-356
-189
1509
2931
3218
3973
6380
8823
8926
6992
5445
5323
5253
4261
3512
4166
5131
4408
2120
326
-106
-485
-1792
-2835
-2094
-284
552
-17
-532
-220
144
11
277
1847
3966
5186
5151
4820
4882
4901
4270
3292
2894
3214
3399
2772
1684
716
-256
-1634
-3172
-3966
-3754
-3302
-3329
-3610
-3525
-3184
-3269
-3827
-3971
-3209
-2150
-1698
-1802
-1609
-961
-629
-964
-1169
-564
253
329
-41
114
623
490
-425
-1123
-1148
-1171
-1627
-1998
-1817
-1544
-1768
-2213
-2104
-1244
-306
178
571
1394
2368
2881
2983
3214
3608
3540
2821
2142
1996
1864
1192
266
-318
-623
-1120
-1652
-1754
-1663
-2060
-2847
-3268
-3159
-3187
-3670
-4079
-4171
-4249
-4162
-3348
-2424
-3143
-5778
-7932
-7543
-5771
-4924
-4778
-3406
-964
239
-412
-646
1055
3119
3665
3695
5376
8268
9594
8158
5958
5143
5233
4616
3516
3502
4461
4255
1972
-474
-1165
-985
-1836
-3301
-3304
-1572
-137
-230
-728
-302
599
960
1148
2303
4366
5930
6082
5490
5279
5507
5366
4556
3744
3518
3497
2907
1680
464
-466
-1581
-3111
-4309
-4397
-3836
-3755
-4294
-4438
-3782
-3244
-3467
-3681
-3001
-2016
-1847
-2129
-1579
-267
435
95
-179
296
718
388
-65
111
520
341
-365
-882
-1070
-1495
-2353
-3024
-2917
-2333
-2050
-2155
-2023
-1392
-712
-317
162
1120
2176
2701
2773
2955
3351
3432
2906
2219
1814
1500
921
151
-465
-897
-1340
-1751
-1956
-2045
-2201
-2423
-2596
-2803
-3189
-3611
-3768
-3684
-3687
-3609
-2847
-1633
-1585
-3733
-6579
-7600
-6516
-5376
-5208
-4597
-2537
-564
-417
-1147
-530
1449
2761
2876
3720
6361
8849
8760
6692
5296
5413
5419
4381
3649
4382
5199
4044
1417
-269
-310
-487
-1919
-3121
-2341
-420
410
-187
-558
124
871
916
1215
2856
5071
6147
5764
5180
5279
5443
4748
3558
2994
3207
3182
2219
872
-70
-889
-2278
-3858
-4532
-4092
-3603
-3849
-4253
-3964
-3372
-3450
-4068
-3979
-2852
-1853
-1811
-1936
-1148
-63
66
-518
-415
591
1231
926
598
899
1055
191
-1186
-1943
-2001
-2253
-2990
-3410
-2955
-2275
-2240
-2556
-2228
-1150
-176
341
1045
2282
3296
3394
3054
3148
3528
3344
2495
1728
1421
1108
404
-384
-831
-1036
-1334
-1745
-2108
-2403
-2695
-2952
-3170
-3476
-3824
-3954
-3813
-3648
-3366
-2553
-1694
-2304
-4823
-7246
-7400
-5903
-4981
-4882
-3802
-1410
160
-349
-1180
-225
1856
3041
3368
4773
7616
9548
8671
6253
4901
5010
4887
3945
3650
4701
5312
3720
1020
-391
-361
-801
-2203
-2720
-1279
514
737
-129
-377
212
518
387
1037
2963
4915
5518
4982
4500
4483
4258
3365
2411
2240
2695
2773
1946
742
-205
-1143
-2565
-3977
-4253
-3293
-2352
-2357
-2768
-2717
-2483
-2919
-3949
-4533
-4060
-3001
-2037
-1216
-326
365
284
-500
-1084
-787
21
557
745
1058
1390
973
-375
-1795
-2508
-2724
-2911
-2842
-2137
-1238
-991
-1373
-1556
-1004
-81
687
1444
2471
3485
3826
3399
2804
2456
2097
1436
770
513
508
137
-811
-1787
-2245
-2354
-2646
-3175
-3455
-3330
-3379
-3997
-4644
-4594
-4001
-3560
-3226
-2403
-1727
-2902
-5858
-7972
-7374
-5574
-4888
-4720
-3020
-342
732
-197
-622
972
2982
3659
4074
6113
9018
10077
8402
6136
5317
5299
4538
3416
3548
4751
4719
2420
-107
-789
-597
-1605
-3246
-3046
-755
1002
726
-12
455
1332
1149
604
1592
4049
5821
5732
4998
5043
5375
4678
3120
2129
2252
2575
2213
1365
602
-219
-1647
-3514
-4758
-4613
-3593
-2852
-2774
-2827
-2719
-2907
-3769
-4804
-5074
-4288
-2970
-1622
-328
779
1218
742
-51
-300
141
806
1365
1815
2016
1569
325
-1315
-2777
-3708
-4001
-3683
-2916
-2056
-1527
-1458
-1624
-1634
-1203
-327
819
2018
3022
3613
3735
3477
2961
2249
1450
813
502
409
286
-138
-937
-1855
-2518
-2851
-3173
-3676
-4057
-4057
-3933
-4010
-4124
-4002
-3631
-3151
-2630
-2526
-3772
-6132
-7734
-7287
-5864
-5114
-4642
-3023
-749
208
-380
-466
1143
3050
3767
4247
6187
8946
10041
8575
6473
5667
5618
4873
3788
3932
5146
5141
2853
276
-494
-320
-1278
-3002
-3178
-1390
109
-51
-546
27
832
539
-31
1016
3568
5480
5613
5128
5328
5709
5169
3936
3187
3272
3380
2895
2157
1613
926
-550
-2651
-4255
-4549
-4031
-3679
-3681
-3631
-3519
-3861
-4692
-5302
-5234
-4803
-4225
-3197
-1473
265
1057
874
439
404
685
1070
1681
2606
3288
2986
1808
527
-490
-1514
-2626
-3254
-2932
-2114
-1635
-1704
-1893
-1931
-1958
-1903
-1250
169
1677
2472
2580
2577
2579
2187
1409
843
822
910
596
73
-260
-557
-1310
-2463
-3403
-3731
-3700
-3779
-3995
-4096
-4100
-4266
-4470
-4301
-4084
-4939
-7072
-8797
-8493
-6887
-5892
-5606
-4421
-2083
-459
-494
-509
1206
3696
4964
5226
6442
8943
10605
9891
8024
6995
6741
5801
4213
3674
4698
5270
3599
886
-514
-586
-1370
-3283
-4233
-2995
-1294
-1083
-1579
-890
667
1118
260
210
2182
4702
5869
5909
6222
6876
6722
5515
4463
4385
4562
3941
2713
1879
1581
799
-1094
-3286
-4583
-4892
-4947
-5005
-4749
-4258
-4241
-5017
-5970
-6254
-5681
-4674
-3545
-2178
-481
1085
1876
1888
1759
1885
2073
2242
2730
3526
3898
3221
1781
294
-965
-2116
-3083
-3542
-3399
-3014
-2786
-2745
-2655
-2447
-2284
-2143
-1673
-631
723
1860
2422
2467
2203
1742
1231
878
812
937
995
822
468
-69
-974
-2293
-3650
-4507
-4686
-4526
-4425
-4357
-4006
-3443
-3559
-5265
-8061
-10049
-9992
-8691
-7580
-6508
-4383
-1681
-288
-662
-904
539
2711
3988
4807
6733
9654
11499
11011
9399
8379
7809
6478
4587
3872
4913
5756
4506
2008
468
111
-943
-3353
-5141
-4663
-3062
-2383
-2534
-1815
-152
537
-517
-1448
-317
2266
4239
5071
5904
7146
7717
6854
5409
4721
4750
4457
3583
2978
3143
3166
1830
-697
-3012
-4263
-4882
-5512
-5899
-5591
-5187
-5669
-6798
-7315
-6653
-5655
-5042
-4215
-2430
-225
1305
2003
2598
3383
3774
3548
3400
3893
4573
4477
3386
1996
909
-9
-1108
-2239
-2973
-3245
-3441
-3751
-3842
-3495
-3039
-2884
-2904
-2573
-1667
-599
189
715
1164
1505
1597
1547
1670
1937
1935
1518
902
205
-680
-1752
-2732
-3379
-3742
-3922
-3951
-3892
-3758
-3684
-4256
-6030
-8500
-10141
-10040
-8986
-8085
-7023
-5029
-2666
-1378
-1369
-1102
462
2482
3783
4757
6637
9379
11314
11270
10108
9249
8711
7561
5892
5119
5815
6523
5689
3784
2388
1747
485
-1944
-4031
-4343
-3521
-3110
-3220
-2650
-1301
-680
-1513
-2504
-2075
-354
1321
2444
3682
5341
6585
6559
5686
5153
5274
5214
4501
3880
4095
4557
4042
2343
441
-872
-1916
-3190
-4306
-4661
-4669
-5422
-7067
-8348
-8364
-7829
-7670
-7547
-6531
-4612
-2758
-1448
-212
1237
2423
2936
3120
3757
4900
5725
5572
4763
4047
3496
2695
1531
520
-98
-665
-1448
-2139
-2273
-2076
-2236
-2868
-3360
-3275
-2864
-2510
-2176
-1697
-1198
-897
-706
-344
159
439
320
-9
-244
-333
-516
-915
-1398
-1807
-2093
-2258
-2230
-2097
-2509
-4174
-6769
-8945
-9714
-9505
-9196
-8669
-7290
-5415
-4226
-4032
-3701
-2329
-544
698
1718
3659
6604
9127
10096
10015
10015
10185
9701
8505
7781
8210
8769
8124
6556
5483
5201
4389
2250
-175
-1545
-2020
-2672
-3497
-3517
-2539
-1815
-2326
-3298
-3456
-2714
-2016
-1658
-915
737
2699
3995
4528
4927
5412
5567
5150
4667
4806
5474
5873
5451
4458
3471
2513
1180
-509
-2003
-3041
-3978
-5075
-5975
-6277
-6227
-6340
-6674
-6863
-6662
-6161
-5479
-4554
-3348
-2060
-1007
-267
421
1274
2107
2551
2604
2635
2841
3012
2921
2665
2372
1920
1154
280
-321
-591
-831
-1252
-1726
-2055
-2242
-2376
-2450
-2431
-2404
-2454
-2475
-2276
-1851
-1379
-1043
-951
-1129
-1516
-1894
-2096
-2034
-1745
-1494
-1458
-1516
-1398
-1291
-1920
-3677
-5847
-7290
-7739
-7827
-7794
-7097
-5545
-4054
-3543
-3640
-3194
-1939
-776
-226
510
2414
5081
7152
8035
8442
8943
9039
8233
7176
7064
7904
8460
8015
7227
6926
6775
5821
4034
2423
1503
775
-196
-960
-881
-328
-250
-966
-1838
-2216
-2200
-2230
-2389
-2280
-1625
-651
225
892
1510
2092
2378
2151
1762
1792
2397
3163
3585
3683
3728
3628
2988
1749
328
-868
-1891
-2890
-3704
-4040
-3938
-3905
-4273
-4847
-5182
-5094
-4796
-4446
-3887
-2967
-1885
-1019
-412
150
714
1040
1075
1075
1297
1722
2065
2190
2120
1892
1496
892
259
-130
-291
-459
-713
-936
-1030
-1088
-1281
-1566
-1822
-2003
-2022
-1882
-1722
-1627
-1665
-1829
-2053
-2349
-2622
-2720
-2684
-2627
-2614
-2591
-2464
-2503
-3243
-4721
-6273
-7149
-7303
-7315
-7250
-6543
-5153
-3900
-3397
-3180
-2405
-1209
-412
-59
736
2473
4511
5924
6699
7446
8261
8555
8040
7324
7196
7558
7648
7233
6898
7046
7118
6334
4861
3528
2677
1842
724
-146
-226
178
289
-142
-628
-762
-817
-1233
-1831
-2008
-1530
-825
-333
52
639
1308
1570
1304
943
915
1140
1289
1391
1686
2146
2347
1955
1254
604
-48
-868
-1711
-2152
-2112
-1947
-1972
-2153
-2278
-2390
-2694
-3118
-3294
-3010
-2485
-2007
-1592
-1054
-445
-89
-129
-327
-381
-299
-251
-215
36
455
629
372
-46
-289
-442
-747
-1107
-1173
-874
-550
-447
-433
-315
-227
-389
-737
-918
-858
-819
-968
-1184
-1345
-1599
-2057
-2465
-2525
-2363
-2274
-2297
-2439
-2986
-4251
-5919
-7212
-7810
-8020
-8043
-7562
-6381
-5007
-4151
-3818
-3377
-2540
-1699
-1158
-494
945
3047
4934
6121
7026
8039
8760
8605
7852
7474
7773
8060
7875
7612
7736
7884
7263
5817
4291
3136
2104
954
18
-239
1
63
-347
-871
-1156
-1332
-1654
-2026
-2059
-1609
-967
-365
255
956
1582
1823
1575
1179
983
1060
1300
1565
1905
2329
2602
2463
1860
977
31
-937
-1857
-2482
-2590
-2234
-1780
-1558
-1597
-1763
-1984
-2285
-2574
-2651
-2392
-1919
-1437
-963
-437
51
279
156
-138
-373
-451
-415
-315
-90
210
384
256
-136
-548
-921
-1363
-1789
-1987
-1806
-1419
-1107
-951
-884
-840
-886
-1135
-1488
-1692
-1683
-1664
-1790
-1895
-1770
-1474
-1294
-1322
-1443
-1759
-2661
-4324
-6192
-7431
-7893
-8044
-8136
-7807
-6801
-5616
-4910
-4595
-4119
-3276
-2396
-1707
-791
854
3057
4983
6193
7083
8039
8777
8797
8319
8143
8500
8824
8699
8490
8689
8889
8223
6604
4812
3417
2186
802
-317
-615
-370
-414
-1053
-1773
-2111
-2332
-2829
-3358
-3347
-2664
-1738
-887
-2
1031
1952
2347
2220
2014
2065
2320
2582
2829
3164
3491
3527
3142
2399
1461
433
-678
-1675
-2236
-2263
-1981
-1796
-1896
-2125
-2419
-2812
-3245
-3508
-3393
-3038
-2674
-2298
-1806
-1207
-728
-548
-572
-617
-538
-361
-159
88
342
528
570
430
241
28
-337
-832
-1283
-1445
-1292
-1055
-849
-659
-485
-499
-861
-1401
-1814
-2056
-2354
-2774
-2986
-2750
-2275
-1856
-1522
-1182
-1149
-2025
-3896
-6057
-7634
-8371
-8613
-8524
-7835
-6481
-5090
-4363
-4161
-3753
-2901
-2094
-1546
-606
1337
3819
5823
7022
7903
8700
8954
8416
7730
7686
8150
8365
8097
7900
8096
8128
7284
5690
4083
2799
1553
233
-651
-677
-303
-404
-1165
-1936
-2287
-2548
-3100
-3591
-3313
-2307
-1245
-435
463
1614
2552
2818
2643
2630
2982
3400
3668
3926
4306
4568
4321
3507
2480
1498
439
-787
-1904
-2522
-2661
-2706
-2863
-2997
-3035
-3183
-3546
-3873
-3789
-3298
-2723
-2190
-1575
-832
-177
138
164
149
235
331
368
419
619
854
815
471
53
-279
-646
-1151
-1591
-1710
-1564
-1466
-1514
-1507
-1290
-1089
-1224
-1588
-1890
-2088
-2404
-2881
-3206
-3115
-2707
-2266
-1898
-1536
-1260
-1589
-3050
-5298
-7306
-8383
-8777
-8956
-8666
-7505
-5942
-4985
-4816
-4563
-3555
-2253
-1372
-578
1043
3581
6000
7440
8258
9119
9765
9527
8698
8324
8744
9132
8683
7813
7403
7326
6581
4793
2779
1342
315
-907
-2046
-2308
-1750
-1474
-2195
-3175
-3436
-3071
-2908
-2981
-2491
-1170
225
1011
1554
2460
3546
4040
3884
3796
4283
5059
5468
5419
5279
5101
4488
3237
1769
570
-383
-1473
-2670
-3499
-3736
-3813
-4175
-4632
-4806
-4701
-4554
-4344
-3684
-2589
-1502
-741
-239
321
906
1310
1460
1552
1785
2066
2157
2076
1918
1689
1225
468
-400
-1080
-1522
-1967
-2399
-2660
-2607
-2409
-2292
-2182
-2028
-1976
-2157
-2436
-2601
-2633
-2763
-2985
-2968
-2682
-2411
-2242
-1864
-1162
-930
-2143
-4584
-6960
-8255
-8677
-9015
-9159
-8328
-6671
-5435
-5332
-5441
-4531
-2990
-2003
-1352
318
3364
6411
8044
8603
9236
9938
9785
8828
8424
9316
10270
9871
8600
7789
7518
6556
4288
1802
237
-643
-1785
-3008
-3291
-2589
-2248
-3225
-4513
-4782
-4100
-3460
-3024
-1976
-65
1763
2773
3357
4199
5099
5240
4688
4453
5111
5990
6223
5889
5493
4928
3684
1871
231
-853
-1818
-3136
-4469
-5139
-5059
-4922
-5173
-5486
-5480
-5245
-5055
-4613
-3528
-1954
-569
255
937
1861
2763
3122
3028
2955
3086
3122
2896
2724
2650
2325
1484
371
-527
-1087
-1617
-2378
-3118
-3552
-3580
-3428
-3287
-2973
-2368
-1746
-1545
-1737
-1905
-1857
-1950
-2298
-2364
-1923
-1351
-1002
-673
-242
-487
-2388
-5597
-8374
-9608
-9766
-9806
-9605
-8365
-6605
-5780
-6138
-6318
-5257
-3589
-2402
-1210
1316
5039
8288
9682
9802
10031
10319
9736
8596
8466
9730
10670
9890
8221
7112
6384
4694
1845
-663
-1795
-2257
-3110
-3936
-3620
-2704
-2881
-4433
-5642
-5173
-3761
-2610
-1507
415
2830
4459
4898
5154
5965
6631
6325
5687
5915
6944
7420
6641
5419
4397
3055
1048
-961
-2190
-2863
-3856
-5296
-6357
-6578
-6421
-6638
-7008
-6729
-5689
-4537
-3579
-2355
-693
769
1466
1775
2374
3383
4183
4360
4220
4112
3875
3233
2318
1523
800
-144
-1149
-1845
-2088
-2193
-2567
-3195
-3744
-3995
-3933
-3583
-2899
-1927
-1015
-593
-648
-815
-930
-1129
-1513
-1754
-1593
-1207
-827
-471
-225
-504
-1925
-4657
-7769
-9875
-10470
-10268
-9959
-9259
-7916
-6676
-6316
-6359
-5658
-4011
-2244
-621
1605
4855
8270
10391
10879
10688
10546
10254
9638
9364
10013
10808
10362
8517
6374
4710
3038
808
-1472
-2812
-3133
-3409
-4037
-4378
-4065
-3977
-4814
-5714
-5275
-3445
-1398
254
2030
4205
5873
6371
6371
6842
7543
7567
7089
7084
7601
7596
6480
4786
3158
1413
-657
-2540
-3648
-4130
-4755
-5864
-6930
-7474
-7675
-7807
-7708
-6915
-5424
-3814
-2391
-916
640
1872
2391
2566
3116
3987
4668
4906
4854
4547
3723
2397
1049
117
-549
-1379
-2344
-2938
-2966
-2961
-3392
-4007
-4263
-4147
-3865
-3284
-2162
-620
720
1341
1307
885
420
10
-366
-466
-305
-144
-176
-260
-150
-181
-1369
-4221
-7884
-10655
-11637
-11462
-11079
-10365
-8905
-7372
-6819
-6986
-6422
-4569
-2434
-724
1381
4852
8844
11432
12042
11824
11658
11141
10036
9392
10094
11163
10737
8517
5961
4110
2317
-338
-3117
-4590
-4771
-4954
-5625
-5819
-5110
-4728
-5569
-6571
-5840
-3375
-936
692
2488
5059
7141
7574
7299
7872
8895
8885
7896
7409
7772
7556
5821
3501
1730
224
-1777
-3919
-4980
-5014
-5387
-6702
-7919
-8073
-7678
-7638
-7598
-6480
-4389
-2471
-1232
56
1742
3049
3308
3152
3659
4749
5397
5159
4648
4144
3131
1386
-414
-1410
-1797
-2373
-3268
-3875
-3794
-3698
-4243
-4779
-4495
-3474
-2495
-1688
-413
1273
2498
2726
2440
2351
2281
1784
1171
1056
1310
1077
127
-862
-1295
-1419
-1819
-2836
-4838
-7702
-10438
-11885
-11998
-11801
-11493
-10361
-8580
-7277
-6691
-5600
-3306
-837
855
2556
5500
9167
11795
12558
12357
12206
11788
10663
9510
9334
9760
9115
6739
3858
1854
360
-1756
-4259
-5775
-5986
-6049
-6658
-6925
-6043
-4924
-4932
-5457
-4400
-1556
1257
3000
4521
6632
8239
8365
8013
8496
9272
8886
7534
6700
6738
6167
4119
1696
-30
-1496
-3517
-5431
-5960
-5597
-5834
-6942
-7800
-7628
-7039
-6621
-5751
-3929
-1725
12
1174
2391
3673
4325
4216
4079
4481
5043
4933
4240
3444
2366
719
-1272
-2856
-3440
-3536
-3906
-4450
-4640
-4490
-4479
-4591
-4312
-3384
-2291
-1432
-329
1267
2599
3095
3186
3234
3321
3119
2507
2086
1747
1058
105
-887
-1668
-2293
-3060
-3566
-3728
-4570
-6959
-10172
-12172
-12237
-11744
-11597
-10796
-8437
-5849
-4768
-4481
-2989
-269
1927
3170
5071
8589
12010
13225
12655
11964
11559
10497
8577
7398
7776
8030
6384
3369
963
-242
-1789
-4296
-6350
-6701
-6059
-6042
-6370
-5628
-4059
-3288
-3765
-3658
-1258
2081
4231
5493
7128
9035
9628
8580
7802
8168
8346
7233
5650
4917
4697
3440
759
-1937
-3763
-5045
-6274
-7091
-6885
-6438
-6746
-7637
-7856
-6910
-5812
-4856
-3636
-1644
666
2248
3372
4370
5076
5106
4576
4369
4626
4661
3971
2779
1464
141
-1309
-2604
-3208
-3389
-3671
-4185
-4593
-4435
-3902
-3498
-3078
-2419
-1530
-464
657
1977
3231
3798
3565
3101
3090
3435
3392
2779
1906
982
-158
-1563
-2660
-3162
-3573
-4115
-4339
-4486
-5693
-8533
-11567
-12686
-12161
-11673
-11258
-9561
-6476
-4113
-3573
-3056
-970
1745
3400
4589
7253
10995
13335
13212
12087
11417
10677
8923
7062
6531
6852
6207
3813
935
-956
-2332
-4291
-6354
-7234
-6691
-5990
-5953
-5592
-4160
-2590
-2224
-2411
-1072
1979
4834
6294
7316
8838
9843
9279
8096
7768
7887
7197
5595
4388
3996
3047
780
-2134
-4392
-5677
-6592
-7247
-7266
-6719
-6464
-6811
-7249
-6902
-5742
-4544
-3146
-1323
885
2815
3835
4289
4463
4462
4182
3812
3729
3796
3557
2595
1118
-531
-2128
-3423
-4195
-4262
-4035
-3835
-3662
-3463
-3262
-3030
-2474
-1614
-592
367
1418
2728
3782
4253
4170
3986
4022
4072
3871
3264
2293
887
-733
-2201
-3335
-3962
-4441
-4891
-4926
-4467
-4300
-5811
-8979
-11778
-12438
-11646
-10925
-9950
-7533
-4438
-2914
-3000
-2412
-100
2287
3423
4834
8091
11728
13153
12295
11016
10298
9056
6852
5474
5752
6481
5504
2644
57
-1441
-2744
-4773
-6655
-6815
-5780
-5147
-5004
-4182
-2568
-1453
-1766
-1787
383
3632
6095
7218
8125
9436
9663
8394
7158
6973
6975
5926
4300
3501
3100
1471
-1277
-3829
-5432
-6536
-7452
-7301
-6097
-5224
-5229
-5696
-5633
-4924
-4228
-3073
-1232
768
2410
3330
3825
4000
3689
3063
2445
2076
1872
1607
918
-163
-1397
-2675
-3726
-4263
-4048
-3333
-2621
-2096
-1652
-1263
-958
-567
178
1188
2025
2727
3411
4013
4347
4007
3368
2748
2317
2281
2217
1759
685
-954
-2825
-4402
-5584
-6293
-6444
-6358
-5728
-4689
-3883
-4186
-6413
-9304
-10867
-10480
-9101
-7698
-5733
-2985
-842
-502
-863
-149
1545
2832
3617
5535
8702
10940
10673
8753
6925
5465
3665
2003
1871
2934
3300
1842
-460
-1680
-1965
-2663
-3639
-3471
-1693
456
1568
2077
3191
4064
3746
3005
3466
5611
7395
7617
7240
7121
6652
4940
2730
1459
991
128
-1011
-1544
-1390
-1705
-3221
-4768
-5414
-5359
-4913
-4073
-2505
-861
-221
-427
-759
-825
-711
-614
-163
765
1562
1855
1602
1001
159
-1066
-2156
-2604
-2463
-2084
-1964
-2064
-2256
-2623
-3015
-2934
-2138
-880
264
1059
1743
2350
2707
2766
2855
2958
3001
2898
2762
2897
2820
2231
1358
536
43
-237
-469
-724
-1228
-2257
-3516
-4671
-5300
-5275
-5013
-4644
-4138
-3020
-1569
-1374
-3626
-7123
-9415
-9580
-8787
-8292
-7015
-4371
-2149
-1907
-2763
-2375
-708
488
1029
2816
6434
9272
9451
7812
6383
5384
3737
2038
1994
3634
4692
3594
1403
40
-410
-1143
-2279
-2337
-555
1692
2840
3183
3772
4458
4167
3167
3244
4958
6684
7179
6943
6892
6545
4840
2625
1386
1098
564
-495
-963
-640
-851
-2170
-3795
-4541
-4405
-4230
-3745
-2506
-1176
-746
-1237
-1902
-2117
-2252
-2376
-1951
-977
-105
-17
-295
-675
-1282
-2079
-2595
-2357
-1722
-1275
-1119
-891
-703
-899
-1185
-1070
-375
532
1298
1925
2477
2749
2552
2426
2490
2594
2496
2174
2139
2205
1939
1413
825
283
-59
-205
-193
-79
-279
-1062
-2330
-3466
-3869
-3861
-3901
-3929
-3574
-2655
-1820
-1423
-1739
-3062
-5736
-8581
-9735
-9024
-7639
-6972
-6115
-4569
-3561
-3756
-4102
-2957
-809
835
2162
4421
7229
8453
7463
5819
4937
4518
3680
3200
3762
4504
4007
2046
263
-372
-475
-756
-927
-103
1575
2940
3383
3422
3766
4137
3967
3803
4676
6290
7249
6944
6239
5894
5266
3704
2028
1325
1110
402
-807
-1528
-1571
-2199
-3612
-4625
-4386
-3585
-3281
-3150
-2412
-1565
-1542
-2164
-2526
-2206
-1838
-1762
-1461
-830
-451
-739
-1308
-1632
-1625
-1485
-1343
-1062
-690
-331
-182
-323
-482
-467
-201
166
557
1107
1807
2336
2420
2161
1973
2052
2049
1908
1839
2021
2024
1500
895
610
633
512
222
164
159
-105
-740
-1534
-2211
-2870
-3476
-3959
-4174
-4018
-3750
-3313
-2818
-2132
-1821
-3206
-6058
-8647
-9209
-8350
-7788
-7392
-6052
-4012
-3152
-3755
-3753
-2184
-275
751
2075
4748
7402
8060
6871
5811
5351
4511
3185
2709
3417
3956
3124
1464
451
157
-295
-954
-691
961
2920
3950
4228
4566
4994
4893
4398
4603
5831
7063
7251
6756
6390
5912
4397
2132
481
-120
-478
-1200
-1764
-1772
-1925
-2935
-4211
-4598
-4182
-3725
-3356
-2646
-1496
-749
-852
-1277
-1614
-2025
-2716
-3069
-2566
-1699
-1224
-1246
-1175
-958
-1030
-1319
-1214
-606
-3
404
771
1101
1017
401
-245
-460
-284
150
721
1314
1733
1807
1695
1563
1437
1345
1401
1668
2036
2144
1902
1492
1026
510
40
-78
-123
-162
-478
-1093
-1789
-2754
-3548
-4088
-4322
-4377
-4200
-3648
-3040
-2444
-2340
-3329
-5634
-8127
-9015
-8205
-7152
-6664
-5806
-4164
-3161
-3453
-3685
-2451
-509
613
1619
3802
6390
7277
6211
4947
4434
3995
3088
2747
3415
4043
3498
1956
755
358
291
276
719
2168
4033
5145
5160
4823
4829
4916
4748
4845
5820
7088
7423
6547
5360
4423
3048
1119
-329
-640
-410
-838
-1639
-2007
-2340
-3245
-4341
-4625
-3913
-3219
-2936
-2319
-1250
-542
-716
-1237
-1308
-1115
-1160
-1193
-794
-219
-190
-720
-1232
-1437
-1530
-1711
-1845
-1676
-1306
-963
-650
-587
-748
-815
-665
-298
162
827
1674
2271
2291
1998
1863
1867
1770
1670
1834
2123
2188
1911
1504
1170
703
186
-151
-331
-554
-899
-1033
-940
-891
-1317
-2131
-3021
-3848
-4405
-4728
-4612
-4064
-3290
-2468
-1726
-1534
-2615
-5064
-7550
-8378
-7770
-7019
-6598
-5737
-4288
-3552
-4068
-4459
-3555
-1970
-648
838
3445
6201
7222
6384
5247
4834
4612
4023
3715
4277
5071
4969
3892
2781
2202
1826
1279
1196
2107
3455
4146
3960
3839
4198
4458
4180
4008
4653
5432
5362
4568
3935
3594
2760
1425
485
433
582
177
-500
-1032
-1616
-2602
-3458
-3504
-3026
-2803
-2880
-2672
-2191
-1998
-2308
-2634
-2657
-2632
-2424
-1785
-935
-436
-563
-777
-861
-988
-1206
-1141
-665
-244
-132
-287
-308
-356
-747
-1082
-917
-214
535
976
1307
1611
1620
1305
1012
1172
1581
1890
2080
2260
2376
1998
1344
826
532
324
81
-78
-101
-118
-343
-654
-1085
-1559
-2089
-2695
-3092
-3460
-3711
-3693
-3308
-2737
-2399
-2129
-2036
-2769
-4884
-7472
-8628
-8165
-7420
-7173
-6451
-4744
-3576
-3925
-4588
-3678
-1662
-234
844
2878
5678
7260
6792
5860
5694
5606
4851
4093
4502
5498
5497
4230
2911
2258
1722
892
473
1337
2808
3554
3356
3203
3585
3730
3184
2846
3514
4579
4973
4659
4519
4479
3650
2132
1024
935
1055
652
-21
-468
-957
-1965
-3062
-3661
-3686
-3646
-3640
-3364
-2986
-2879
-3175
-3458
-3520
-3335
-2689
-1632
-555
-22
-70
-239
-262
-276
-351
-253
191
670
760
492
199
-98
-568
-983
-939
-452
63
288
401
510
406
182
119
489
1060
1484
1818
2035
2149
2015
1672
1374
1203
1224
1176
1005
674
304
-91
-502
-818
-1214
-1772
-2598
-3291
-3768
-4131
-4519
-4684
-4437
-4168
-3937
-3657
-3085
-3094
-4398
-6300
-7270
-6668
-5788
-5554
-5211
-3880
-2457
-2404
-3227
-3001
-1484
-121
546
1865
4328
6169
6000
4820
4455
4672
4256
3391
3492
4742
5526
4963
3903
3357
3157
2530
1825
2055
3236
4204
4074
3521
3518
3728
3287
2541
2640
3694
4445
4254
3865
3867
3612
2496
1334
1068
1404
1289
582
4
-339
-988
-2104
-3078
-3475
-3588
-3705
-3761
-3590
-3277
-3222
-3450
-3696
-3617
-3079
-2383
-1709
-1112
-545
-113
-3
-140
-232
-74
170
312
415
556
595
323
-119
-458
-667
-801
-796
-532
-101
266
417
375
228
152
276
548
877
1206
1503
1716
1740
1564
1274
942
637
329
110
-1
-144
-491
-1011
-1441
-1697
-1918
-2173
-2430
-2703
-3069
-3524
-3842
-3910
-3820
-3684
-3434
-3018
-2479
-1950
-1678
-1878
-2571
-3237
-3339
-3066
-2924
-2832
-2358
-1684
-1605
-2118
-2239
-1633
-1096
-1101
-854
305
1632
2083
1896
1890
2117
2113
2093
2730
3917
4848
5080
4992
4959
4908
4657
4326
4216
4445
4787
4880
4614
4188
3765
3149
2317
1726
1821
2273
2495
2375
2246
2140
1654
890
323
202
267
238
318
586
752
531
-11
-552
-968
-1234
-1289
-1121
-993
-1178
-1644
-2174
-2667
-3108
-3336
-3272
-2996
-2772
-2556
-2258
-2092
-2162
-2296
-2130
-1720
-1333
-966
-461
-4
99
-108
-272
-200
-76
67
323
691
898
774
461
171
30
-30
13
163
397
580
568
336
58
-72
-116
-126
-84
119
429
537
383
201
96
-58
-367
-630
-611
-455
-499
-787
-1084
-1260
-1373
-1534
-1621
-1554
-1457
-1440
-1451
-1467
-1604
-1893
-2365
-2878
-3342
-3732
-3982
-4109
-4113
-4096
-4163
-4216
-4075
-3651
-3180
-2873
-2542
-1985
-1286
-608
57
781
1454
1908
2270
2800
3522
4134
4492
4711
4932
5153
5329
5453
5520
5504
5347
5168
5080
5195
5352
5361
5102
4648
4224
3893
3654
3473
3421
3398
3275
3019
2700
2377
1931
1350
842
608
600
601
484
235
-151
-656
-1249
-1783
-2188
-2505
-2828
-3182
-3504
-3701
-3805
-3962
-4171
-4300
-4265
-4110
-3947
-3761
-3517
-3317
-3236
-3196
-2970
-2536
-2081
-1788
-1601
-1359
-1100
-915
-804
-623
-363
-164
-71
84
371
639
716
666
704
843
1000
1156
1374
1568
1585
1416
1239
1235
1294
1277
1161
1061
1033
958
764
508
302
110
-122
-354
-502
-599
-794
-1115
-1398
-1528
-1560
-1608
-1713
-1813
-1967
-2303
-2812
-3339
-3751
-4114
-4470
-4672
-4597
-4458
-4435
-4398
-4137
-3667
-3228
-2825
-2306
-1632
-990
-433
159
774
1264
1543
1824
2317
2945
3519
3976
4373
4715
4939
5070
5194
5299
5289
5223
5233
5366
5525
5565
5465
5297
5137
4968
4825
4754
4737
4633
4353
3989
3642
3337
2998
2597
2205
1864
1499
1105
721
325
-177
-783
-1371
-1878
-2294
-2664
-2948
-3145
-3346
-3562
-3745
-3873
-3971
-4088
-4167
-4199
-4187
-4139
-4052
-3911
-3790
-3713
-3662
-3609
-3530
-3424
-3268
-3036
-2748
-2436
-2128
-1852
-1584
-1301
-1015
-752
-469
-114
303
713
1035
1253
1365
1397
1426
1502
1603
1675
1677
1643
1572
1442
1283
1140
1019
866
693
572
526
461
296
74
-120
-285
-466
-647
-786
-897
-1027
-1155
-1227
-1246
-1271
-1343
-1419
-1416
-1328
-1263
-1316
-1494
-1756
-2053
-2323
-2511
-2624
-2713
-2801
-2839
-2761
-2578
-2390
-2249
-2072
-1770
-1365
-888
-341
221
697
1081
1498
2043
2657
3186
3592
3978
4380
4721
4959
5143
5282
5323
5275
5266
5372
5490
5475
5292
5044
4831
4643
4435
4222
4024
3805
3525
3201
2865
2476
1990
1455
978
646
432
211
-98
-502
-951
-1402
-1830
-2191
-2465
-2697
-2939
-3222
-3494
-3716
-3954
-4242
-4534
-4727
-4797
-4787
-4715
-4587
-4438
-4299
-4200
-4092
-3884
-3538
-3084
-2595
-2138
-1741
-1415
-1120
-823
-526
-233
45
313
591
867
1075
1139
1068
957
901
937
1048
1190
1319
1370
1304
1196
1138
1134
1128
1084
1062
1102
1160
1158
1044
821
518
222
17
-76
-125
-207
-337
-495
-669
-852
-1018
-1137
-1199
-1214
-1191
-1151
-1193
-1434
-1882
-2419
-2878
-3160
-3306
-3397
-3463
-3515
-3563
-3576
-3496
-3297
-3036
-2748
-2367
-1805
-1083
-372
177
576
923
1324
1850
2492
3184
3802
4235
4502
4713
4967
5227
5424
5566
5692
5814
5911
5941
5884
5731
5476
5190
4976
4858
4769
4601
4304
3893
3432
2952
2482
2047
1633
1215
781
362
-28
-410
-808
-1205
-1546
-1818
-2048
-2244
-2430
-2639
-2926
-3270
-3578
-3801
-3930
-3980
-3994
-4008
-4065
-4169
-4248
-4242
-4167
-4088
-4009
-3882
-3699
-3479
-3258
-3035
-2801
-2577
-2330
-2033
-1685
-1348
-1090
-879
-668
-423
-149
126
366
563
717
869
1030
1193
1317
1367
1376
1376
1412
1499
1591
1636
1614
1576
1555
1540
1509
1430
1293
1118
939
782
647
503
314
76
-168
-396
-582
-772
-978
-1175
-1329
-1377
-1355
-1324
-1300
-1297
-1324
-1355
-1352
-1331
-1353
-1468
-1630
-1761
-1835
-1906
-2001
-2087
-2139
-2139
-2045
-1818
-1500
-1182
-875
-519
-65
451
948
1397
1810
2192
2546
2891
3231
3543
3807
4022
4213
4403
4575
4696
4735
4682
4576
4447
4310
4165
3987
3772
3536
3302
3099
2931
2776
2607
2433
2260
2069
1825
1504
1147
807
495
216
-43
-311
-629
-1005
-1397
-1761
-2102
-2437
-2758
-3041
-3278
-3482
-3700
-3956
-4226
-4465
-4619
-4644
-4544
-4377
-4236
-4170
-4124
-4025
-3857
-3641
-3388
-3075
-2707
-2327
-1974
-1659
-1401
-1202
-1018
-779
-443
-72
222
380
432
442
462
525
638
800
972
1128
1275
1404
1500
1526
1506
1507
1588
1726
1842
1889
1841
1716
1532
1338
1200
1121
1064
993
906
800
649
435
190
-8
-145
-240
-318
-394
-454
-532
-638
-747
-829
-871
-877
-823
-743
-708
-829
-1131
-1526
-1901
-2170
-2306
-2353
-2367
-2391
-2414
-2380
-2265
-2100
-1894
-1610
-1226
-720
-137
443
929
1262
1492
1731
2060
2468
2898
3290
3589
3794
3914
3996
4066
4117
4157
4199
4251
4295
4300
4245
4109
3909
3680
3464
3286
3132
2966
2768
2526
2226
1864
1480
1106
740
396
75
-223
-516
-823
-1120
-1411
-1710
-2033
-2369
-2684
-2947
-3165
-3374
-3594
-3836
-4099
-4325
-4464
-4505
-4481
-4445
-4393
-4303
-4162
-3972
-3751
-3520
-3307
-3104
-2893
-2631
-2314
-1975
-1660
-1393
-1148
-915
-662
-398
-148
71
249
410
580
754
920
1041
1120
1195
1280
1404
1578
1756
1886
1949
1963
1971
1997
2037
2089
2138
2154
2150
2143
2110
2020
1860
1665
1477
1317
1176
1010
782
501
201
-91
-354
-596
-822
-1005
-1120
-1176
-1194
-1233
-1321
-1419
-1470
-1451
-1406
-1432
-1573
-1797
-2035
-2223
-2335
-2384
-2384
-2345
-2252
-2049
-1743
-1419
-1147
-931
-697
-360
99
604
1062
1402
1627
1807
2022
2290
2588
2881
3127
3341
3545
3754
3917
3973
3943
3878
3812
3761
3725
3676
3571
3382
3135
2880
2664
2475
2278
2059
1836
1627
1407
1180
947
667
334
-23
-361
-646
-899
-1158
-1456
-1803
-2177
-2559
-2899
-3184
-3415
-3620
-3811
-3991
-4162
-4270
-4326
-4343
-4347
-4351
-4324
-4235
-4074
-3849
-3609
-3382
-3173
-2937
-2637
-2284
-1912
-1593
-1323
-1052
-741
-392
-60
202
380
499
609
758
952
1141
1288
1397
1515
1655
1831
1994
2104
2189
2286
2450
2638
2802
2892
2880
2785
2657
2530
2405
2261
2062
1822
1569
1328
1084
816
537
265
23
-166
-299
-416
-556
-725
-895
-1030
-1107
-1142
-1145
-1130
-1130
-1147
-1166
-1175
-1174
-1196
-1267
-1401
-1592
-1809
-2017
-2189
-2315
-2400
-2459
-2470
-2380
-2187
-1931
-1673
-1424
-1151
-812
-388
98
588
1015
1350
1613
1887
2199
2511
2783
3016
3217
3396
3551
3665
3713
3691
3615
3519
3462
3423
3373
3276
3114
2882
2592
2289
2004
1774
1594
1436
1258
1031
760
455
136
-178
-459
-693
-886
-1050
-1206
-1399
-1656
-1976
-2309
-2583
-2773
-2897
-2997
-3100
-3229
-3379
-3521
-3619
-3641
-3594
-3474
-3296
-3093
-2883
-2695
-2510
-2301
-2058
-1802
-1550
-1309
-1083
-865
-661
-480
-335
-221
-105
35
211
394
533
612
660
726
826
964
1106
1214
1301
1390
1497
1620
1746
1845
1924
2010
2100
2192
2255
2251
2183
2069
1939
1806
1649
1473
1267
1032
803
587
364
120
-132
-378
-601
-796
-979
-1149
-1300
-1429
-1528
-1574
-1563
-1513
-1456
-1395
-1316
-1217
-1082
-927
-777
-664
-608
-622
-694
-805
-960
-1137
-1315
-1453
-1513
-1502
-1443
-1401
-1394
-1370
-1252
-1012
-660
-245
162
530
857
1163
1458
1713
1910
2085
2284
2529
2786
2980
3053
3012
2898
2797
2750
2736
2731
2694
2597
2443
2253
2036
1799
1564
1356
1203
1102
1022
929
797
619
411
195
-9
-184
-334
-483
-647
-831
-1035
-1255
-1498
-1740
-1945
-2108
-2246
-2370
-2486
-2605
-2713
-2808
-2868
-2884
-2862
-2811
-2734
-2622
-2479
-2324
-2158
-1978
-1782
-1560
-1319
-1058
-791
-544
-327
-137
31
185
320
438
542
619
684
754
834
901
950
988
1030
1090
1169
1245
1304
1350
1384
1413
1443
1470
1475
1456
1419
1385
1351
1310
1252
1160
1045
925
806
667
506
317
124
-65
-238
-407
-566
-736
-905
-1045
-1146
-1215
-1277
-1315
-1324
-1303
-1246
-1176
-1114
-1054
-986
-894
-788
-680
-581
-506
-451
-402
-360
-351
-393
-470
-550
-602
-624
-651
-675
-691
-694
-677
-629
-546
-441
-318
-173
11
223
426
613
782
942
1098
1224
1346
1452
1536
1600
1643
1662
1658
1644
1634
1630
1637
1639
1625
1599
1580
1558
1536
1500
1444
1369
1299
1237
1164
1078
967
846
721
613
523
422
300
153
-4
-152
-293
-420
-540
-673
-822
-993
-1147
-1276
-1386
-1487
-1574
-1632
-1657
-1655
-1646
-1627
-1614
-1601
-1571
