-7
-5
-5
-2
-1
2
4
5
8
12
14
17
18
20
21
17
17
16
16
16
16
15
16
16
15
15
16
16
17
17
17
16
14
11
8
6
4
2
2
1
-2
-2
-3
-2
-1
0
-3
-4
-5
-7
-9
-12
-10
-10
-6
-4
-1
2
-1
-3
-5
-7
-10
-14
-16
-19
-24
-29
-33
-36
-38
-39
-38
-36
-31
-26
-22
-17
-13
-9
-5
-1
2
3
2
0
-4
-9
-12
-19
-21
-21
-21
-18
-14
-12
-13
-14
-14
-16
-17
-17
-15
-10
-4
4
9
13
19
20
20
20
18
15
12
11
10
10
11
11
9
9
7
8
7
6
5
5
7
9
11
14
17
17
18
19
17
15
17
17
16
15
14
14
13
13
10
9
8
6
4
3
1
1
0
-1
-1
-1
-1
-2
0
1
3
5
7
10
8
7
6
3
2
-1
-2
-5
-8
-9
-8
-7
-6
-4
-2
0
2
5
6
8
6
6
5
2
3
2
3
3
5
6
6
7
10
13
14
15
13
11
8
4
-2
-8
-9
-11
-12
-11
-8
-7
-4
-1
0
0
0
-1
-3
-3
-5
-6
-6
-6
-6
-5
-4
-3
-4
-8
-10
-13
-20
-23
-25
-27
-27
-28
-28
-21
-17
-14
-9
-5
-5
-6
-8
-10
-14
-17
-20
-21
-21
-21
-18
-14
-11
-7
-3
1
4
5
5
7
6
4
2
2
1
1
2
1
4
6
7
10
11
11
8
7
4
3
3
4
1
2
3
5
7
10
12
14
16
17
16
20
21
22
23
23
21
18
16
10
3
-4
-8
-13
-13
-11
-7
-3
4
7
12
15
16
13
10
5
1
-2
-6
-8
-10
-8
-6
-6
-3
1
0
1
2
0
0
0
2
3
4
4
4
5
4
3
5
4
7
6
6
4
2
0
-3
-5
-6
-9
-10
-13
-12
-13
-12
-9
-11
-9
-10
-9
-4
-3
0
2
4
4
1
0
-2
-5
-6
-6
-4
-3
-1
2
2
4
5
4
5
3
3
1
0
-2
-6
-8
-10
-11
-12
-11
-9
-9
-6
-2
2
8
10
12
14
13
12
10
6
3
2
-2
-4
-6
-5
-4
-4
-3
-1
-2
-3
-2
-3
-4
-2
1
3
3
3
5
4
6
9
10
11
12
10
6
3
-2
-5
-8
-12
-14
-13
-14
-15
-15
-12
-9
-5
0
6
12
15
20
23
24
25
22
21
16
12
6
1
-3
-5
-7
-8
-10
-10
-9
-10
-9
-8
-7
-5
-3
1
4
6
6
7
7
4
1
-3
-6
-8
-10
-11
-10
-9
-6
-3
-1
-1
-2
-5
-6
-5
-5
-4
-1
3
4
6
6
7
8
7
5
3
3
0
-2
-4
-5
-5
-4
-4
-1
-1
0
2
3
2
3
2
1
-3
-5
-8
-11
-10
-11
-8
-7
-2
3
5
7
7
7
8
8
7
6
3
0
-1
-2
-2
-3
-2
-2
-1
-1
-1
-1
2
1
1
1
2
1
2
2
1
1
-1
-2
-5
-7
-9
-9
-9
-8
-6
-4
-2
-1
-1
-1
-1
-3
-4
-5
-7
-7
-7
-5
-2
0
2
6
8
8
6
5
2
-1
-3
-5
-6
-7
-8
-10
-10
-10
-10
-6
-4
-2
0
2
3
6
8
9
11
13
12
13
13
12
11
9
10
9
7
5
4
3
3
2
0
1
3
3
2
2
1
1
3
6
9
10
10
9
7
5
3
0
1
1
3
5
6
7
6
5
1
-2
-3
-4
-7
-9
-8
-7
-7
-7
-7
-6
-6
-6
-6
-5
-4
-6
-4
-6
-9
-10
-10
-9
-7
-1
-1
0
3
3
3
5
4
4
4
2
-1
-3
-6
-9
-11
-11
-8
-5
-1
2
5
7
7
9
10
11
10
9
6
3
1
0
-3
-3
-4
-6
-6
-2
-3
0
1
2
2
1
2
0
0
1
2
1
3
2
2
3
0
-1
-2
-3
-2
-4
-4
-3
-3
-1
0
2
5
8
8
7
7
5
2
0
-2
-3
-3
-4
-3
-5
-6
-8
-9
-10
-11
-9
-8
-5
-2
1
2
3
3
4
3
2
1
0
0
0
0
-1
0
-1
-2
-2
-2
0
1
2
2
2
4
4
2
0
-2
-5
-8
-9
-8
-6
-3
1
5
9
14
17
18
17
17
13
10
6
1
-4
-6
-7
-8
-8
-6
-4
-2
2
4
5
7
5
3
0
-3
-6
-7
-9
-11
-13
-13
-12
-13
-8
-6
-3
0
0
1
2
3
3
3
3
2
1
0
1
-2
-4
-4
-6
-7
-8
-8
-9
-7
-7
-7
-8
-8
-7
-6
-5
-4
-1
0
1
2
5
8
12
14
16
17
17
15
13
9
7
5
5
6
7
8
9
7
7
4
2
0
-2
-1
0
1
1
3
2
2
2
2
1
-1
-1
0
-1
0
-2
-2
-3
-4
-4
-4
-3
-2
0
2
2
1
-2
-4
-9
-10
-12
-12
-11
-9
-8
-5
-2
1
2
2
1
0
-3
-4
-7
-7
-6
-4
-1
0
2
5
7
10
10
9
8
6
6
4
4
4
3
3
3
3
3
4
2
4
5
5
4
3
1
1
-1
-1
-1
-1
0
0
-1
-1
-1
-4
-4
-4
-5
-3
-2
-1
2
3
4
1
0
-1
-4
-5
-6
-4
-4
-4
-2
0
-1
-1
-1
-3
-3
-4
-4
-3
-2
-3
-1
4
3
4
4
3
1
-1
-4
-6
-7
-7
-6
-4
-3
-1
2
4
5
4
4
4
1
0
-1
-2
-3
-3
-2
-3
-2
1
0
-1
-1
0
-1
1
3
2
4
6
7
7
5
4
0
-5
-8
-10
-11
-11
-9
-5
-1
0
5
6
7
6
3
3
0
-1
-1
-2
-2
0
1
1
3
4
4
5
6
6
7
7
7
5
5
6
3
1
0
-1
-1
-2
-1
0
-1
-3
-1
0
-1
0
0
1
0
0
-3
-4
-3
-2
0
1
3
3
4
4
2
0
-5
-8
-11
-13
-12
-13
-12
-11
-9
-4
0
4
8
11
15
16
16
14
11
7
1
-3
-5
-7
-8
-7
-7
-6
-4
-1
0
1
1
2
4
5
6
6
3
4
4
4
3
1
-1
-2
-6
-8
-10
-8
-9
-7
-4
-3
-3
-2
-1
0
2
2
4
4
2
0
-1
-4
-6
-7
-7
-7
-7
-7
-8
-6
-3
-1
-1
-1
-1
-1
-1
-2
-1
0
0
-1
0
-2
1
2
4
5
5
7
5
5
5
6
6
6
6
5
4
5
5
4
7
7
7
8
7
7
5
4
0
-3
-5
-6
-7
-7
-6
-3
-1
1
5
6
9
8
9
10
11
10
8
7
3
-1
-2
-3
-6
-5
-5
-5
-4
-2
-1
-1
0
-3
-5
-7
-9
-11
-10
-9
-8
-7
-6
-5
-3
-2
-1
-1
-1
0
0
0
0
-1
-2
-2
-3
-4
-7
-10
-10
-9
-9
-7
-4
-2
0
2
3
3
3
3
3
0
0
-1
-1
0
1
3
4
4
4
4
6
6
7
7
9
10
10
9
9
9
6
5
2
0
-3
-3
-4
-4
0
1
4
5
5
6
6
5
3
2
1
1
0
0
0
0
3
4
4
5
3
1
-2
-3
-5
-6
-6
-6
-7
-5
-5
-6
-5
-3
-1
1
1
2
2
1
-2
-3
-5
-5
-6
-6
-4
-5
-5
-5
-6
-6
-5
-4
-2
-1
2
4
8
9
9
9
9
7
7
6
4
0
-1
-2
-3
-6
-6
-3
-2
1
3
5
3
2
2
1
0
-2
-2
-2
0
0
1
2
2
0
2
0
0
-2
-2
-4
-7
-7
-8
-7
-7
-6
-5
-1
1
2
4
5
6
6
6
7
6
6
4
2
-1
-3
-5
-6
-7
-9
-10
-10
-10
-9
-8
-6
-6
-5
-5
-4
-2
-2
1
2
1
1
2
3
4
5
6
5
6
5
6
6
7
7
7
9
8
7
3
0
-3
-4
-5
-4
-4
-3
-1
0
2
2
1
0
0
-1
-1
-2
1
2
5
6
6
8
7
6
3
2
0
-3
-4
-5
-5
-4
-3
-4
-3
1
1
2
2
3
3
3
2
-1
-2
-3
-4
-5
-4
-5
-4
-3
-2
-3
-3
-1
-2
-1
0
-1
0
-2
-1
-2
-3
-3
-2
-3
-2
-2
-1
-2
-2
0
0
2
2
4
3
4
5
5
3
1
0
-2
-3
-2
-1
-1
0
1
1
-1
-1
-3
-4
-3
-1
-1
2
5
8
9
11
9
7
5
3
3
1
0
0
0
1
2
4
4
3
3
1
0
-1
-2
-2
-2
-4
-5
-3
-4
-3
-4
-2
-5
-5
-4
-2
0
2
4
5
5
4
3
1
-1
-3
-6
-7
-7
-5
-5
-3
-2
-1
2
2
3
6
5
7
8
8
8
6
5
3
2
0
-2
-2
-1
-4
-4
-6
-6
-5
-6
-6
-6
-4
-4
-4
-2
-1
-1
0
2
2
3
1
1
-1
-4
-6
-6
-5
-7
-5
-4
-4
-1
0
2
3
4
3
4
2
0
-1
-3
-3
-4
-4
-4
-5
-5
-4
-4
-4
-3
-2
-1
0
3
5
4
3
2
3
2
1
1
2
5
7
8
6
5
5
3
4
4
4
6
6
7
6
5
3
2
1
0
1
-1
0
0
1
3
3
2
3
1
-2
-1
-2
-1
-1
-1
-1
1
-1
-1
-1
-1
-1
-4
-5
-5
-6
-8
-8
-6
-7
-6
-4
-4
-3
-1
0
1
2
2
1
0
1
-2
-4
-5
-7
-9
-9
-7
-6
-4
-1
3
5
9
8
10
9
7
6
6
5
4
3
2
2
1
1
1
-1
1
1
-1
-2
-2
-3
-3
-1
-1
0
2
3
1
1
0
-1
-2
-3
-4
-5
-6
-7
-7
-6
-5
-3
-1
2
1
3
4
5
3
1
-1
-4
-5
-7
-6
-7
-7
-6
-5
-2
-1
0
3
4
6
5
5
4
5
6
6
7
9
7
6
5
3
1
-1
-1
-2
-1
1
3
4
6
6
6
6
4
4
3
2
3
1
1
0
0
-1
0
1
2
4
6
6
6
5
4
4
3
1
-1
-3
-6
-7
-8
-8
-9
-9
-8
-8
-8
-8
-7
-5
-2
1
1
1
0
-1
-1
0
0
1
0
1
0
-1
-3
-4
-5
-5
-6
-6
-4
-3
-2
-2
0
1
3
5
6
5
3
3
-1
-4
-8
-12
-16
-24
-32
-33
-33
-26
-14
-4
13
27
41
52
58
60
61
56
51
40
27
13
-7
-26
-41
-54
-62
-62
-60
-51
-41
-29
-14
-3
11
23
33
40
46
44
41
32
22
12
3
-2
-8
-8
-7
-3
-2
1
4
2
2
-2
0
-4
-8
-9
-13
-17
-19
-30
-41
-42
-49
-49
-44
-36
-28
-16
-4
4
16
28
37
50
62
71
74
71
67
57
44
35
17
-1
-16
-36
-52
-65
-77
-86
-87
-83
-79
-65
-49
-35
-19
-1
13
23
41
52
61
72
80
80
82
80
69
54
42
32
17
7
0
-13
-25
-30
-40
-52
-53
-53
-59
-50
-43
-46
-40
-34
-35
-34
-25
-19
-17
-5
2
6
11
20
27
31
43
54
56
64
73
66
56
54
36
14
8
-9
-28
-32
-38
-55
-58
-53
-63
-73
-57
-51
-55
-34
-21
-19
-8
6
2
1
12
14
10
21
33
28
30
41
38
35
40
42
38
42
47
38
34
37
22
6
6
-3
-24
-28
-33
-49
-55
-56
-60
-61
-54
-46
-39
-29
-13
-3
0
14
27
28
37
51
53
55
58
54
45
42
34
24
19
14
4
-6
-16
-25
-36
-45
-50
-51
-53
-53
-52
-49
-47
-45
-38
-32
-27
-17
-5
1
12
22
25
29
36
40
44
48
54
54
48
45
39
24
14
3
-13
-23
-25
-35
-44
-47
-50
-57
-53
-44
-37
-27
-13
1
7
14
24
22
24
33
33
29
34
34
28
28
27
23
21
27
31
31
35
43
38
28
28
23
7
-1
-7
-23
-28
-34
-49
-56
-57
-62
-64
-57
-43
-33
-23
-7
11
21
27
36
38
36
33
31
24
18
17
7
-2
-4
-10
-23
-28
-29
-32
-32
-33
-36
-43
-52
-59
-64
-65
-66
-62
-57
-54
-43
-35
-31
-16
-3
7
20
39
52
62
70
78
82
83
85
79
76
72
59
49
37
27
14
-5
-11
-16
-24
-25
-23
-20
-16
-12
-8
-1
7
17
21
25
34
40
38
37
40
38
32
29
29
28
21
12
6
0
-9
-19
-25
-31
-35
-43
-54
-58
-58
-67
-73
-69
-69
-68
-62
-59
-55
-45
-41
-36
-27
-13
-4
2
12
21
23
24
25
24
24
23
23
23
26
26
22
23
24
22
20
23
22
19
17
16
10
3
0
-5
-6
-6
-7
-7
-8
-9
-14
-18
-19
-23
-27
-25
-22
-20
-16
-11
-9
-10
-11
-9
-6
-3
0
4
5
9
9
3
0
-2
0
-3
-3
-1
0
-6
-13
-16
-20
-26
-28
-29
-28
-23
-23
-21
-12
-3
3
16
33
49
62
72
81
89
95
98
100
100
101
100
93
86
82
73
60
48
41
29
16
5
-3
-12
-21
-29
-37
-39
-45
-52
-54
-51
-47
-44
-39
-30
-25
-25
-24
-23
-22
-22
-20
-22
-23
-26
-39
-50
-56
-63
-72
-76
-78
-80
-81
-83
-89
-89
-91
-94
-93
-83
-76
-69
-59
-46
-35
-24
-12
-2
9
18
25
32
43
53
57
59
65
65
64
63
65
68
68
68
62
60
60
54
49
47
48
46
38
34
30
25
17
12
11
12
8
2
-1
-3
-11
-19
-21
-22
-22
-23
-26
-25
-22
-23
-24
-19
-9
0
6
12
21
28
30
31
34
39
42
41
43
46
43
32
24
16
9
3
-3
-2
2
4
7
10
19
30
39
51
68
85
102
119
135
149
161
166
166
167
168
159
149
140
131
116
97
75
50
20
-8
-39
-65
-91
-127
-167
-210
-250
-294
-335
-366
-393
-418
-438
-453
-466
-468
-460
-446
-419
-374
-321
-270
-218
-171
-136
-104
-72
-48
-33
-30
-47
-82
-125
-185
-258
-326
-391
-458
-516
-552
-572
-572
-548
-492
-405
-288
-148
12
185
364
542
721
905
1079
1242
1385
1504
1594
1648
1670
1658
1623
1564
1482
1376
1249
1099
930
751
569
394
233
87
-50
-170
-271
-362
-438
-486
-493
-468
-421
-364
-303
-243
-195
-167
-144
-117
-97
-91
-112
-146
-200
-301
-429
-566
-706
-841
-983
-1121
-1227
-1317
-1413
-1510
-1577
-1615
-1649
-1661
-1617
-1506
-1364
-1217
-1055
-871
-699
-569
-453
-309
-146
-5
114
204
215
100
-118
-344
-512
-643
-746
-799
-813
-827
-881
-940
-923
-820
-662
-426
-91
305
691
1009
1270
1520
1768
2024
2305
2612
2898
3094
3186
3199
3148
3038
2898
2742
2557
2342
2085
1781
1431
1047
639
241
-115
-422
-689
-927
-1147
-1345
-1504
-1620
-1687
-1697
-1653
-1568
-1463
-1344
-1197
-1031
-861
-692
-522
-354
-197
-49
92
214
310
376
412
431
427
390
321
239
141
34
-77
-185
-298
-430
-579
-715
-819
-887
-923
-938
-947
-958
-950
-914
-852
-753
-611
-442
-269
-102
60
202
313
403
478
567
664
744
797
810
778
720
656
607
562
493
389
274
177
87
-3
-100
-218
-363
-543
-723
-856
-944
-1008
-1038
-1025
-1001
-1006
-1073
-1173
-1276
-1367
-1444
-1480
-1475
-1522
-1714
-2033
-2355
-2587
-2740
-2828
-2810
-2672
-2460
-2249
-2057
-1821
-1524
-1186
-769
-222
445
1146
1776
2301
2725
3083
3409
3751
4133
4512
4822
5005
5060
5015
4876
4652
4373
4083
3796
3496
3154
2752
2286
1755
1147
518
-65
-565
-984
-1342
-1659
-1966
-2269
-2543
-2755
-2872
-2887
-2797
-2616
-2373
-2105
-1852
-1619
-1401
-1216
-1041
-825
-534
-200
111
336
447
475
450
418
423
470
537
593
613
586
503
363
191
27
-100
-176
-191
-182
-202
-283
-431
-611
-772
-881
-919
-902
-846
-769
-698
-663
-675
-701
-701
-643
-513
-326
-124
37
111
98
39
-2
4
50
114
158
127
-6
-210
-424
-617
-780
-882
-892
-861
-903
-1075
-1325
-1538
-1681
-1808
-1950
-2068
-2200
-2497
-2997
-3498
-3738
-3751
-3790
-3944
-4022
-3861
-3568
-3325
-3104
-2724
-2113
-1409
-687
102
959
1747
2347
2854
3449
4180
4953
5648
6199
6561
6733
6796
6842
6873
6792
6536
6150
5725
5259
4689
3994
3235
2457
1673
914
234
-354
-908
-1523
-2203
-2823
-3257
-3485
-3571
-3587
-3578
-3514
-3335
-3026
-2627
-2183
-1703
-1196
-705
-273
142
581
981
1238
1316
1321
1384
1465
1442
1264
984
662
300
-120
-549
-932
-1289
-1661
-2052
-2381
-2597
-2732
-2847
-2971
-3064
-3031
-2849
-2566
-2247
-1958
-1686
-1406
-1082
-723
-356
-5
323
625
886
1110
1312
1493
1632
1694
1693
1688
1688
1646
1526
1332
1121
939
798
638
381
-10
-485
-925
-1210
-1322
-1322
-1287
-1339
-1611
-2079
-2503
-2658
-2604
-2550
-2562
-2604
-2787
-3307
-4040
-4504
-4425
-4186
-4240
-4398
-4153
-3525
-3065
-2986
-2817
-2128
-1111
-194
626
1628
2728
3506
3854
4195
4876
5736
6408
6807
7059
7201
7135
6887
6623
6383
6015
5467
4877
4354
3814
3136
2343
1540
773
6
-707
-1249
-1643
-2082
-2660
-3209
-3524
-3588
-3537
-3452
-3295
-3024
-2670
-2278
-1816
-1228
-589
-31
410
776
1114
1427
1694
1906
2046
2077
1961
1727
1415
1050
638
235
-103
-447
-924
-1528
-2117
-2573
-2909
-3201
-3439
-3556
-3579
-3580
-3572
-3482
-3245
-2871
-2420
-1923
-1388
-839
-302
188
617
1007
1401
1827
2257
2577
2702
2666
2562
2453
2321
2124
1869
1588
1277
921
534
163
-148
-448
-881
-1444
-1912
-2071
-1995
-2015
-2265
-2521
-2627
-2737
-2966
-3111
-2946
-2653
-2579
-2677
-2698
-2824
-3469
-4388
-4696
-4083
-3448
-3649
-4221
-4184
-3606
-3371
-3519
-3066
-1646
-239
305
535
1402
2693
3484
3665
4130
5312
6504
6989
7006
7149
7383
7271
6909
6832
7092
7095
6439
5455
4589
3849
3061
2310
1776
1293
556
-396
-1269
-1907
-2456
-2961
-3256
-3271
-3169
-3130
-3097
-2968
-2772
-2534
-2152
-1505
-690
43
542
814
979
1166
1432
1699
1831
1877
1947
1966
1625
872
129
-243
-371
-584
-971
-1418
-1964
-2713
-3519
-4071
-4201
-4080
-3983
-4031
-4163
-4211
-4082
-3772
-3295
-2650
-1878
-1145
-556
-53
453
934
1329
1707
2192
2748
3166
3295
3179
2980
2797
2650
2539
2458
2318
1970
1391
763
280
-23
-220
-400
-703
-1268
-1976
-2451
-2512
-2390
-2342
-2294
-2158
-2182
-2551
-2949
-2977
-2742
-2541
-2295
-1942
-2044
-3107
-4454
-4801
-4077
-3579
-3989
-4447
-4109
-3597
-3815
-4224
-3580
-1983
-834
-616
-255
996
2335
2756
2758
3530
5043
6162
6427
6603
7186
7564
7203
6729
6986
7584
7466
6488
5473
4846
4181
3224
2457
2188
1887
987
-257
-1201
-1722
-2199
-2726
-3010
-2987
-2974
-3145
-3322
-3290
-3073
-2786
-2334
-1610
-760
-62
348
522
640
858
1235
1712
2111
2308
2297
2027
1451
764
344
345
480
328
-247
-1073
-1965
-2760
-3290
-3489
-3462
-3439
-3616
-4013
-4449
-4660
-4477
-3981
-3344
-2649
-1956
-1397
-1059
-683
-116
560
1215
1837
2443
2855
2951
2860
2776
2734
2670
2579
2507
2345
1912
1274
713
365
127
-130
-392
-660
-1122
-1802
-2352
-2441
-2162
-1837
-1657
-1720
-2117
-2692
-2988
-2794
-2403
-2000
-1508
-1362
-2494
-4708
-6051
-5175
-3445
-3123
-4133
-4597
-4149
-4274
-5176
-4918
-2641
-363
-58
-671
7
1798
2689
2331
2638
4569
6489
6738
6174
6522
7439
7309
6305
6375
7898
8742
7460
5453
4629
4636
4069
3120
2962
3288
2508
375
-1409
-1686
-1300
-1523
-2240
-2622
-2667
-3049
-3813
-4167
-3660
-2840
-2410
-2279
-1878
-1147
-629
-550
-428
224
1122
1626
1648
1632
1793
1835
1530
1153
1043
1015
720
221
-222
-647
-1235
-1882
-2321
-2567
-2832
-3152
-3407
-3615
-3841
-3980
-3940
-3777
-3497
-3056
-2580
-2231
-1939
-1476
-856
-310
76
426
769
1025
1284
1625
1878
1877
1745
1678
1713
1827
1975
2000
1725
1249
869
649
393
46
-279
-614
-1008
-1294
-1286
-1221
-1493
-2040
-2397
-2350
-2174
-2038
-1740
-1461
-2067
-3885
-5576
-5447
-3952
-3384
-4592
-5797
-5608
-5144
-5623
-5813
-4131
-1832
-1347
-2265
-1914
317
2147
2269
2272
3673
5399
5793
5456
6093
7497
7886
7012
6723
7915
8933
8114
6368
5609
5838
5585
4649
4196
4313
3596
1626
-52
-230
190
-242
-1395
-2241
-2649
-3243
-4014
-4262
-3826
-3419
-3545
-3795
-3541
-2848
-2251
-1911
-1504
-846
-135
444
864
1058
989
907
1166
1647
1894
1800
1549
1263
927
606
438
342
41
-562
-1233
-1672
-1858
-2073
-2525
-3068
-3418
-3565
-3679
-3710
-3491
-3150
-3021
-3059
-2882
-2385
-1931
-1721
-1459
-894
-239
188
474
848
1246
1475
1591
1869
2362
2751
2743
2436
2145
1976
1667
1005
301
8
-2
-159
-478
-761
-1192
-1970
-2595
-2417
-1767
-1497
-1615
-1753
-2493
-4363
-6053
-5715
-3973
-3477
-5039
-6512
-6394
-5920
-6191
-5931
-3980
-1876
-1756
-2806
-2339
30
1932
2125
2172
3493
5103
5405
5010
5723
7323
7809
6883
6586
7859
8879
7989
6402
6126
6683
6318
5243
4938
5154
4286
2314
1051
1295
1652
825
-586
-1502
-2069
-2856
-3572
-3618
-3224
-3279
-4042
-4643
-4340
-3577
-3124
-2941
-2559
-1991
-1617
-1389
-927
-392
-308
-500
-262
410
848
838
787
929
1014
909
904
1114
1175
839
385
173
159
-19
-585
-1274
-1661
-1733
-1804
-1981
-2100
-2167
-2406
-2747
-2759
-2333
-1942
-1957
-2148
-2114
-1833
-1551
-1244
-850
-535
-401
-259
124
688
1173
1420
1449
1389
1440
1620
1668
1505
1363
1271
1020
601
234
52
-105
-378
-680
-934
-1068
-1145
-1744
-3301
-4868
-5019
-4148
-4162
-5584
-6809
-6793
-6658
-7178
-7000
-5202
-3498
-3621
-4417
-3630
-1297
494
961
1479
2849
3971
4014
4098
5457
7237
7612
6708
6584
7864
8752
8158
7370
7552
7769
6832
5628
5608
6077
5295
3509
2477
2538
2315
1177
114
-141
-348
-1249
-2178
-2319
-2142
-2616
-3633
-4170
-3795
-3221
-3187
-3480
-3515
-3341
-3277
-3084
-2272
-1267
-1138
-1846
-2105
-1323
-408
-119
-22
398
686
350
-14
376
1054
1119
731
607
768
656
230
6
86
-9
-458
-886
-1024
-1081
-1329
-1678
-1858
-1816
-1831
-2041
-2195
-2117
-2003
-1982
-1872
-1577
-1301
-1273
-1325
-1137
-712
-284
81
428
715
817
716
719
1090
1524
1599
1405
1179
874
339
-196
-297
-59
1
-191
-664
-1942
-3878
-4980
-4326
-3266
-3737
-5385
-6317
-6291
-6596
-7041
-6167
-4325
-3579
-4451
-4921
-3442
-1332
-381
-61
951
2269
2712
2627
3518
5531
6843
6499
6004
6820
8037
8114
7574
7869
8648
8248
6772
6146
6787
6882
5584
4287
4024
3926
2900
1555
1012
926
196
-1008
-1565
-1486
-1845
-2959
-3899
-3912
-3493
-3536
-3976
-4083
-3871
-3955
-4224
-3919
-2909
-2190
-2546
-3206
-2970
-2063
-1468
-1237
-768
-119
-122
-718
-625
475
1355
1357
1178
1356
1475
1241
1014
1190
1350
976
387
3
-184
-398
-751
-1115
-1348
-1467
-1626
-1850
-1976
-1988
-2028
-2139
-2067
-1709
-1351
-1278
-1328
-1179
-861
-573
-348
-67
262
498
516
438
535
928
1292
1245
850
509
371
184
-135
-112
357
263
-1292
-3414
-4246
-3517
-2911
-3732
-5127
-5743
-5993
-6752
-7140
-5864
-3963
-3776
-5256
-5759
-4077
-2093
-1367
-867
489
1592
1324
943
2301
4758
5942
5419
5140
6157
7181
7098
6879
7743
8763
8178
6636
6242
7090
7195
5913
4861
4954
4901
3596
2165
1912
2055
1244
-42
-540
-518
-1169
-2437
-3114
-2926
-2867
-3401
-3848
-3766
-3701
-4035
-4205
-3698
-2983
-2824
-3103
-3030
-2427
-1977
-1903
-1578
-758
-159
-320
-616
-227
512
787
786
1182
1743
1763
1352
1251
1593
1723
1408
1163
1149
874
201
-356
-465
-508
-960
-1617
-1973
-2029
-2128
-2312
-2364
-2271
-2239
-2338
-2351
-2121
-1777
-1551
-1470
-1387
-1153
-770
-371
-155
-230
-179
284
802
828
484
379
585
520
117
164
663
202
-1857
-3799
-3765
-2583
-2620
-4214
-5377
-5354
-5728
-6926
-6912
-4884
-3245
-4115
-5806
-5300
-2953
-1555
-1492
-723
1040
1800
1052
1028
3182
5585
5879
5029
5426
6883
7345
6684
6806
8167
8766
7559
6399
6878
7591
6778
5354
5066
5489
4898
3321
2418
2482
2062
747
-205
-214
-354
-1466
-2732
-3083
-2967
-3345
-3966
-4106
-3937
-4116
-4558
-4479
-3714
-3090
-3173
-3543
-3489
-2955
-2392
-2008
-1505
-931
-800
-1070
-979
-71
966
1275
1090
1185
1580
1799
1943
2338
2667
2343
1654
1392
1544
1407
861
427
180
-265
-895
-1269
-1396
-1678
-2175
-2501
-2480
-2392
-2479
-2689
-2798
-2641
-2292
-1978
-1747
-1507
-1204
-978
-895
-690
-157
481
867
887
632
298
122
162
155
92
130
-203
-1696
-3766
-4528
-3567
-2854
-3826
-5268
-5651
-5657
-6403
-6802
-5409
-3535
-3565
-4975
-5066
-3254
-1690
-1431
-1025
459
1662
1443
1158
2543
4722
5534
4966
5002
6323
7314
6994
6698
7627
8541
7929
6758
6834
7717
7444
6026
5312
5649
5393
3967
2884
2915
2796
1619
385
89
-29
-965
-2128
-2468
-2336
-2759
-3665
-4168
-4066
-4033
-4353
-4463
-4058
-3768
-4076
-4369
-3856
-2905
-2493
-2663
-2558
-1931
-1458
-1353
-975
-130
466
436
422
1038
1858
2155
2037
2103
2329
2266
1984
1939
2033
1678
840
239
224
235
-213
-759
-988
-1179
-1626
-1990
-1902
-1664
-1824
-2318
-2560
-2305
-1945
-1848
-1868
-1655
-1308
-1301
-1598
-1450
-595
233
415
183
13
-38
-119
-59
335
797
791
-150
-1930
-3407
-3360
-2336
-2235
-3695
-5221
-5706
-5969
-6618
-6430
-4868
-3855
-4871
-6223
-5590
-3494
-2108
-1718
-963
281
795
610
1275
3271
5057
5338
4824
5103
6195
6879
6809
6966
7764
8056
7164
6363
6823
7492
6881
5712
5463
5726
5069
3738
3189
3391
2944
1746
1086
1108
602
-742
-1743
-1734
-1644
-2336
-3198
-3502
-3641
-4117
-4500
-4235
-3737
-3788
-4275
-4306
-3682
-3026
-2732
-2503
-2103
-1714
-1514
-1209
-478
320
721
780
932
1440
2061
2428
2571
2691
2693
2411
2048
1954
2083
1947
1299
579
171
-98
-489
-910
-1255
-1600
-2009
-2286
-2319
-2308
-2520
-2874
-3062
-2893
-2475
-2138
-1989
-1929
-1951
-2072
-2071
-1531
-483
367
294
-431
-951
-810
-267
210
551
647
-219
-2230
-3912
-3736
-2421
-2131
-3515
-4993
-5552
-6133
-6910
-6348
-4315
-3129
-4197
-5652
-5046
-2908
-1549
-1171
-255
1134
1521
1000
1381
3354
5263
5416
4758
5198
6420
6840
6454
6687
7743
8121
7158
6379
6905
7397
6535
5398
5389
5757
5083
3712
3100
3230
2743
1581
976
985
448
-840
-1796
-1814
-1725
-2324
-3122
-3396
-3516
-3934
-4232
-3946
-3467
-3481
-3893
-3957
-3480
-2992
-2744
-2416
-1986
-1711
-1597
-1333
-702
77
525
703
896
1243
1615
1967
2261
2520
2595
2346
2107
2061
1958
1605
1125
682
250
-171
-644
-1079
-1464
-1964
-2469
-2619
-2478
-2429
-2588
-2878
-3000
-2795
-2452
-1897
-1221
-919
-1194
-1574
-1489
-696
291
665
367
-154
-689
-991
-807
-282
303
262
-1200
-3416
-4550
-3883
-2827
-3056
-4383
-5331
-5744
-6565
-7050
-5681
-3588
-3256
-4691
-5365
-3994
-2088
-1194
-496
811
1636
1359
1256
2484
4396
5397
5168
5063
5849
6585
6601
6615
7264
7981
7823
7045
6875
7358
7197
6240
5793
5993
5698
4415
3138
2693
2385
1467
637
537
312
-836
-2104
-2417
-2111
-2330
-3001
-3152
-2861
-3168
-4010
-4214
-3571
-3178
-3551
-3868
-3504
-3055
-3072
-2964
-2411
-1908
-1721
-1444
-812
-53
423
685
1146
1725
2221
2625
2772
2666
2554
2443
2277
2150
2000
1527
777
195
-56
-289
-716
-1138
-1480
-1983
-2518
-2630
-2289
-2089
-2203
-2401
-2467
-2402
-2248
-1821
-1150
-793
-914
-1059
-1077
-825
-68
718
860
487
-49
-193
167
457
686
937
37
-2079
-3592
-3428
-2658
-2840
-4180
-5321
-5833
-6752
-7619
-6779
-4995
-4443
-5485
-6314
-5433
-3590
-2449
-1781
-557
650
967
1068
2097
3960
5358
5393
5179
5993
7029
7145
6941
7281
7879
7821
7067
6806
7433
7392
6171
5322
5457
5500
4638
3435
2888
2666
1726
582
377
449
-356
-1695
-2524
-2551
-2551
-3053
-3423
-3287
-3468
-4089
-4294
-3773
-3166
-3138
-3400
-3309
-2902
-2656
-2388
-1812
-1214
-929
-753
-313
428
1174
1592
1832
2121
2420
2702
2967
3105
3112
2905
2474
2156
2042
1845
1367
748
151
-349
-765
-1153
-1506
-1977
-2609
-3030
-3010
-2901
-2969
-3065
-3070
-3073
-2944
-2518
-1934
-1561
-1522
-1538
-1337
-1000
-519
87
504
462
172
-25
74
394
585
644
514
-430
-2181
-3467
-3282
-2606
-3071
-4620
-5641
-5845
-6534
-7504
-6933
-5128
-4406
-5365
-6004
-4838
-3013
-2086
-1423
81
1551
1849
1720
2551
4379
5808
5977
5848
6548
7371
7267
6892
7373
8280
8224
7180
6739
7258
7178
6034
5339
5625
5583
4432
3165
2709
2455
1574
625
348
81
-1015
-2340
-2905
-2929
-3207
-3685
-3897
-3976
-4375
-4925
-4969
-4574
-4273
-4118
-3855
-3537
-3394
-3226
-2654
-1844
-1126
-605
-215
142
631
1302
1978
2461
2745
2977
3039
2921
2885
2982
2920
2550
2096
1709
1220
602
122
-160
-581
-1157
-1572
-1877
-2357
-2844
-3008
-2904
-2791
-2882
-3075
-3093
-2946
-2725
-2264
-1582
-1016
-885
-978
-866
-238
704
1392
1582
1265
774
677
928
1091
1332
1571
731
-1480
-3448
-3580
-2568
-2544
-4014
-5345
-5833
-6592
-7617
-7291
-5538
-4487
-5346
-6492
-5791
-3796
-2494
-1957
-945
382
941
911
1642
3494
5015
5073
4681
5415
6773
7250
6910
7033
7777
7953
7206
6876
7600
7884
6771
5623
5597
5760
5003
3824
3212
2847
1756
396
61
281
-430
-1924
-2917
-3169
-3384
-3778
-3836
-3510
-3636
-4359
-4565
-3949
-3446
-3365
-3184
-2710
-2351
-2284
-2110
-1515
-871
-528
-203
324
878
1299
1546
1782
2273
2931
3351
3373
3244
3122
2892
2530
2258
2142
1840
1089
264
-290
-808
-1387
-1686
-1819
-2257
-2938
-3416
-3443
-3208
-3009
-2881
-2855
-2919
-2806
-2346
-1866
-1513
-1148
-915
-908
-846
-437
156
608
686
542
329
233
392
695
773
588
-48
-1419
-2955
-3400
-2818
-2758
-4011
-5408
-5970
-6354
-7074
-7015
-5643
-4595
-5140
-6004
-5418
-3688
-2315
-1618
-713
548
1254
1348
1958
3522
5026
5438
5270
5798
6930
7372
7016
7072
7862
8214
7617
7095
7300
7331
6432
5459
5360
5436
4698
3515
2727
2229
1363
291
-162
-147
-716
-1966
-2938
-3251
-3402
-3661
-3715
-3573
-3782
-4359
-4639
-4381
-3997
-3755
-3575
-3357
-3105
-2816
-2428
-1938
-1309
-585
53
566
1108
1760
2278
2565
2906
3487
3867
3732
3397
3188
2988
2631
2268
2044
1612
710
-260
-791
-1032
-1346
-1753
-2169
-2696
-3294
-3578
-3295
-2808
-2634
-2824
-2989
-2929
-2616
-2033
-1313
-741
-517
-642
-728
-456
135
749
1120
1150
807
220
-44
316
810
933
572
-462
-2064
-3332
-3384
-2654
-2642
-3884
-5187
-5855
-6451
-6981
-6456
-5115
-4517
-5199
-5775
-4975
-3331
-2077
-1255
-199
872
1347
1639
2579
4117
5289
5549
5531
6108
6967
7221
7011
7160
7566
7468
6907
6713
6969
6713
5620
4744
4701
4647
3871
2918
2337
1754
784
-71
-288
-331
-1038
-2265
-3080
-3264
-3338
-3494
-3555
-3631
-3980
-4426
-4402
-3804
-3287
-3335
-3454
-3073
-2441
-1975
-1516
-891
-301
55
415
1109
1939
2433
2527
2601
2829
3130
3353
3274
2886
2427
2016
1699
1486
1229
678
-119
-795
-1141
-1310
-1521
-1768
-2099
-2547
-2999
-3146
-2767
-2339
-2326
-2487
-2529
-2372
-2043
-1614
-1139
-750
-709
-824
-647
-60
538
852
937
889
649
355
428
861
1145
1065
550
-741
-2439
-3280
-2871
-2482
-3251
-4610
-5458
-6055
-6933
-7174
-5997
-4674
-4759
-5637
-5540
-4336
-3101
-2168
-1002
437
1307
1330
1643
2984
4573
5326
5380
5758
6622
7061
6883
6922
7487
7749
7271
6823
6974
6963
6065
4996
4680
4735
4102
2926
2118
1672
893
-150
-648
-618
-1095
-2297
-3156
-3138
-3026
-3383
-3652
-3433
-3364
-3802
-4027
-3531
-2872
-2669
-2644
-2269
-1703
-1340
-1065
-533
186
781
1161
1514
1974
2414
2617
2616
2756
3082
3191
2872
2446
2180
1908
1411
934
740
439
-305
-1182
-1678
-1858
-2122
-2439
-2659
-2895
-3232
-3524
-3412
-2858
-2414
-2391
-2423
-2212
-1890
-1601
-1211
-667
-290
-262
-298
-117
154
309
442
594
610
444
366
513
646
520
378
305
-197
-1375
-2539
-2938
-2870
-3263
-4242
-5087
-5548
-6120
-6676
-6457
-5462
-4732
-4758
-4721
-3879
-2673
-1711
-792
508
1795
2403
2703
3514
4731
5617
5960
6295
6836
7107
6898
6702
6852
6986
6699
6201
5860
5505
4837
4076
3668
3480
2971
2091
1379
860
149
-695
-1205
-1331
-1591
-2218
-2828
-2989
-2867
-2808
-2719
-2363
-1979
-1912
-1946
-1678
-1146
-636
-371
-275
-129
15
102
229
491
819
1032
1024
910
795
687
554
438
398
331
65
-352
-690
-856
-922
-976
-948
-959
-1074
-1231
-1266
-1039
-747
-550
-463
-448
-438
-411
-240
119
387
388
208
10
-42
43
167
269
199
-156
-624
-1006
-1167
-1092
-1025
-1124
-1376
-1649
-1798
-1797
-1590
-1213
-862
-717
-893
-1455
-2169
-2625
-2828
-3065
-3590
-4314
-4911
-5427
-5936
-6080
-5612
-4856
-4321
-3939
-3233
-2208
-1156
-141
984
2160
3074
3691
4353
5109
5677
5978
6158
6383
6560
6501
6305
6100
5874
5546
5054
4515
4024
3504
2875
2249
1798
1368
736
61
-300
-373
-471
-617
-627
-518
-478
-453
-191
220
494
580
697
887
924
805
710
664
539
328
49
-267
-571
-846
-1058
-1232
-1409
-1567
-1724
-1942
-2130
-2145
-2017
-1925
-1857
-1721
-1555
-1383
-1175
-925
-654
-465
-412
-385
-320
-197
-65
59
167
136
7
-115
-180
-140
-49
5
13
-75
-233
-285
-164
4
46
-28
-89
-204
-333
-395
-428
-478
-663
-1011
-1299
-1423
-1467
-1446
-1403
-1345
-1317
-1333
-1307
-1176
-908
-649
-758
-1289
-2011
-2712
-3182
-3435
-3613
-3823
-4228
-4701
-4930
-4731
-4110
-3239
-2322
-1449
-741
-57
768
1670
2571
3348
3938
4403
4746
5007
5243
5367
5353
5274
5184
5093
4919
4573
4135
3699
3339
3009
2653
2277
1814
1215
640
281
244
361
359
220
142
213
396
689
1090
1460
1592
1525
1412
1376
1380
1279
1083
792
387
-107
-608
-1016
-1338
-1597
-1792
-1992
-2219
-2459
-2641
-2625
-2429
-2154
-1915
-1780
-1743
-1679
-1517
-1243
-869
-538
-353
-320
-348
-298
-176
-38
42
48
-20
-157
-256
-207
-58
46
54
-6
-20
22
57
120
153
120
61
-38
-118
-218
-329
-364
-393
-437
-484
-603
-766
-997
-1293
-1503
-1636
-1801
-2015
-2256
-2456
-2542
-2514
-2353
-2088
-1797
-1483
-1169
-874
-661
-638
-763
-960
-1160
-1309
-1419
-1549
-1702
-1885
-1974
-1905
-1637
-1146
-586
-75
418
879
1348
1761
2070
2401
2698
2890
2928
2799
2609
2416
2264
2253
2404
2571
2606
2493
2389
2430
2592
2844
3085
3151
3022
2709
2355
2169
2133
2173
2197
2114
1948
1740
1616
1663
1744
1770
1654
1346
923
468
93
-164
-436
-772
-1168
-1578
-1927
-2191
-2273
-2186
-2064
-1950
-1886
-1883
-1878
-1808
-1647
-1390
-1137
-960
-905
-968
-1001
-904
-733
-600
-542
-520
-553
-614
-606
-505
-353
-238
-202
-206
-184
-130
-65
-4
18
-25
-92
-156
-174
-160
-216
-355
-485
-542
-530
-486
-455
-503
-619
-800
-978
-1072
-1133
-1225
-1406
-1722
-2040
-2224
-2260
-2127
-1971
-1804
-1593
-1356
-1001
-553
-33
514
819
831
726
571
440
184
-208
-603
-1070
-1600
-2051
-2282
-2256
-2158
-2057
-1816
-1441
-995
-580
-210
186
539
790
1024
1260
1501
1659
1646
1584
1606
1806
2127
2389
2547
2642
2726
2860
3090
3432
3752
3871
3759
3540
3367
3325
3360
3328
3181
2901
2558
2259
2092
2047
2031
1911
1622
1269
956
724
550
391
206
-83
-425
-722
-924
-1028
-1110
-1194
-1268
-1349
-1456
-1596
-1714
-1747
-1739
-1735
-1754
-1759
-1754
-1764
-1719
-1564
-1343
-1153
-1058
-1046
-1024
-998
-968
-924
-920
-1012
-1209
-1408
-1540
-1591
-1584
-1604
-1686
-1753
-1724
-1584
-1384
-1203
-1077
-1031
-1020
-904
-673
-402
-241
-280
-375
-453
-448
-363
-290
-270
-406
-620
-756
-777
-671
-569
-545
-500
-441
-317
-131
50
158
113
40
28
27
28
-59
-233
-489
-813
-1055
-1129
-1085
-1008
-1007
-1093
-1125
-1055
-846
-533
-262
-57
89
182
344
563
823
1074
1230
1385
1535
1724
1941
2100
2272
2458
2580
2691
2816
2990
3159
3236
3265
3286
3302
3235
3102
3012
2926
2781
2530
2231
1941
1682
1445
1247
1158
1083
958
778
615
547
543
587
634
609
514
339
160
45
-68
-181
-357
-553
-760
-976
-1125
-1211
-1227
-1252
-1339
-1416
-1475
-1493
-1502
-1544
-1604
-1735
-1909
-2077
-2182
-2233
-2297
-2397
-2490
-2546
-2564
-2514
-2400
-2261
-2147
-2093
-2033
-1927
-1778
-1617
-1474
-1330
-1232
-1142
-1045
-981
-899
-820
-734
-655
-583
-497
-456
-414
-373
-324
-214
-121
-27
61
98
145
144
164
198
166
117
-18
-181
-345
-523
-609
-685
-723
-766
-862
-877
-808
-585
-289
22
343
586
792
941
1125
1378
1584
1706
1666
1556
1426
1290
1266
1323
1436
1502
1486
1487
1530
1685
1896
2072
2215
2260
2228
2145
2076
2084
2078
2014
1894
1794
1734
1667
1605
1595
1649
1686
1661
1627
1601
1554
1474
1388
1353
1306
1182
993
821
698
524
312
119
-43
-225
-466
-677
-841
-1003
-1180
-1340
-1409
-1438
-1479
-1550
-1620
-1632
-1626
-1619
-1610
-1628
-1693
-1826
-1954
-2016
-2041
-2054
-2076
-2092
-2087
-2068
-2019
-1915
-1729
-1511
-1320
-1164
-1043
-941
-846
-740
-616
-516
-466
-467
-509
-531
-524
-504
-491
-537
-640
-726
-799
-867
-910
-964
-1030
-1102
-1156
-1136
-1067
-956
-864
-810
-714
-615
-504
-391
-305
-248
-266
-281
-243
-171
-88
-57
-25
45
125
273
428
582
713
727
739
801
889
971
986
994
981
950
974
1049
1195
1315
1348
1384
1429
1526
1644
1764
1886
1940
1962
1952
1965
2048
2140
2218
2287
2327
2361
2405
2444
2509
2532
2490
2409
2275
2152
1994
1810
1631
1403
1195
968
777
646
502
388
268
160
56
-99
-241
-381
-519
-679
-901
-1128
-1355
-1555
-1713
-1825
-1884
-1941
-2004
-2030
-1988
-1896
-1800
-1687
-1575
-1493
-1484
-1505
-1519
-1517
-1515
-1540
-1584
-1650
-1732
-1797
-1822
-1759
-1665
-1598
-1559
-1542
-1496
-1421
-1330
-1220
-1116
-1037
-991
-959
-917
-870
-831
-803
-788
-778
-765
-775
-807
-818
-772
-659
-530
-432
-348
-256
-142
4
201
427
588
629
588
536
519
527
506
461
371
229
90
24
79
197
305
387
435
495
585
700
839
950
983
950
885
818
770
743
732
720
674
634
640
728
886
1058
1254
1438
1607
1772
1915
2084
2219
2298
2332
2317
2311
2251
2156
2076
1990
1905
1775
1648
1550
1453
1371
1286
1221
1161
1040
908
779
656
545
397
257
114
-53
-203
-348
-462
-550
-645
-747
-860
-959
-1031
-1086
-1132
-1162
-1193
-1248
-1332
-1412
-1438
-1422
-1402
-1400
-1419
-1460
-1529
-1576
-1596
-1604
-1642
-1721
-1820
-1927
-2005
-2050
-2066
-2058
-2054
-2044
-2018
-1961
-1857
-1735
-1606
-1475
-1367
-1250
-1140
-1053
-962
-880
-782
-698
-623
-553
-493
-405
-311
-193
-65
60
177
255
334
432
528
629
689
707
708
694
692
707
721
751
766
752
720
691
697
713
706
679
654
632
607
592
598
627
638
630
640
686
758
808
842
889
930
959
953
975
1019
1032
1026
997
987
990
980
970
964
975
971
956
946
950
969
971
983
1002
1021
1039
1031
1039
1057
1052
1008
934
843
730
598
463
325
183
43
-101
-222
-293
-324
-314
-286
-231
-157
-103
-41
18
50
55
10
-79
-199
-345
-492
-634
-772
-911
-1040
-1141
-1212
-1250
-1280
-1281
-1254
-1232
-1203
-1182
-1169
-1150
-1144
-1141
-1147
-1167
-1201
-1248
-1291
-1323
-1329
-1322
-1304
-1274
-1240
-1169
-1081
-988
-878
-771
-662
-570
-497
-432
-384
-340
-315
-315
-330
-387
-443
-486
-507
-501
-507
-507
-502
-490
-419
-309
-179
-61
14
85
146
207
286
343
397
427
425
433
456
514
594
662
727
787
845
919
988
1049
1105
1144
1154
1148
1155
1178
1184
1162
1139
1141
1155
1153
1143
1156
1151
1106
1035
969
928
873
824
769
716
668
595
539
502
482
468
443
442
449
437
436
444
449
460
468
488
504
507
506
497
495
474
419
336
241
129
8
-128
-259
-380
-515
-627
-694
-720
-710
-693
-664
-605
-550
-520
-494
-483
-482
-510
-567
-627
-707
-809
-918
-1012
-1058
-1077
-1077
-1051
-1013
-955
-895
-837
-748
-670
-612
-592
-625
-662
-719
-781
-844
-909
-964
-1026
-1073
-1097
-1091
-1044
-971
-871
-765
-661
-568
-477
-371
-262
-171
-109
-76
-60
-45
-29
-21
-17
-20
-23
-37
-39
1
67
150
224
291
378
482
592
700
801
883
922
930
933
934
928
904
866
825
786
742
697
674
651
622
589
574
595
612
624
617
606
608
597
592
595
599
587
552
528
517
510
484
440
386
331
281
232
189
152
115
82
43
22
3
-13
-24
-43
-65
-85
-110
-140
-189
-244
-289
-327
-354
-390
-411
-419
-421
-410
-387
-343
-295
-267
-234
-207
-179
-154
-148
-146
-157
-173
-200
-233
-252
-273
-291
-310
-323
-307
-283
-246
-213
-181
-132
-91
-48
-1
42
62
51
25
-2
-27
-47
-78
-121
-165
-210
-239
-240
-209
-160
-123
-86
-64
-65
-73
-91
-100
-127
-189
-266
-338
-388
-414
-417
-385
-344
-294
-247
-191
-117
-56
-3
25
28
10
-34
-90
-147
-196
-235
-270
-284
-272
-251
-220
-190
-136
-61
13
79
142
214
266
307
342
385
431
450
465
479
493
503
504
507
518
512
489
463
438
418
389
361
340
333
331
331
335
356
385
405
404
394
381
350
319
290
278
259
227
186
137
100
65
32
13
-9
-32
-59
-94
-122
-157
-197
-255
-327
-383
-436
-485
-536
-588
-637
-674
-685
-667
-629
-586
-549
-519
-477
-421
-363
-315
-286
-275
-292
-316
-341
-368
-399
-432
-462
-498
-508
-486
-443
-370
-293
-208
-109
-10
99
218
333
437
509
548
574
593
601
602
581
554
514
469
422
389
381
373
366
360
365
384
401
413
430
445
451
434
408
390
379
355
325
303
283
256
221
190
169
154
127
94
64
42
6
-40
-86
-133
-190
-255
-310
-368
-398
-424
-447
-465
-478
-484
-482
-464
-436
-408
-381
-351
-328
-306
-288
-270
-262
-257
-263
-267
-256
-247
-236
-221
-201
-183
-170
-155
-137
-114
-85
-54
-22
-2
7
14
25
32
30
24
12
13
8
7
25
47
68
81
94
112
125
132
141
147
148
135
110
93
69
48
33
18
1
-15
-41
-72
-92
-108
-125
-132
-131
-126
-118
-110
-88
-70
-57
-44
-41
-46
-45
-43
-34
-23
-15
-6
11
32
50
75
111
146
176
204
244
288
314
320
312
298
276
247
222
205
198
193
194
205
234
263
290
319
342
355
359
351
336
319
278
228
191
158
124
87
60
45
26
8
-7
-14
-17
-27
-36
-45
-53
-71
-94
-104
-112
-117
-106
-90
-73
-66
-73
-86
-98
-117
-155
-188
-215
-250
-288
-317
-326
-318
-311
-302
-287
-267
-252
-248
-246
-231
-221
-236
-251
-262
-265
-262
-255
-243
-223
-199
-183
-161
-129
-106
-94
-91
-85
-80
-82
-88
-87
-74
-66
-57
-52
-42
-27
-17
-10
3
18
24
27
28
37
46
56
66
75
94
109
113
112
113
117
117
115
125
142
161
174
188
205
225
230
233
241
241
222
198
180
165
148
130
115
108
111
107
110
120
128
133
131
135
132
125
122
118
110
101
85
62
42
19
2
-11
-18
-21
-33
-33
-28
-22
-16
-4
7
10
12
13
12
10
-1
-21
-38
-57
-74
-84
-90
-86
-77
-68
-61
-53
-41
-30
-23
-24
-19
-15
-22
-25
-30
-40
-57
-76
-96
-114
-128
-142
-153
-160
-171
-179
-180
-179
-184
-185
-174
-161
-142
-124
-102
-76
-51
-28
-11
4
14
11
8
3
-14
-27
-42
-54
-61
-69
-66
-66
-71
-63
-56
-61
-62
-59
-58
-55
-44
-30
-10
8
34
61
82
111
134
149
170
190
204
211
211
200
183
158
127
98
77
59
39
24
19
12
4
1
0
-1
5
8
10
13
24
34
40
47
56
63
64
64
67
73
77
83
83
73
60
39
18
3
-14
-27
-32
-32
-24
-14
-7
2
14
25
33
45
56
66
69
68
58
40
28
21
10
3
-9
-25
-39
-50
-61
-82
-95
-109
-121
-126
-123
-110
-101
-86
-73
-72
-63
-55
-49
-41
-37
-28
-22
-13
-7
-7
-10
-18
-30
-42
-54
-71
-82
-84
-87
-92
-85
-74
-67
-57
-48
-38
-31
-27
-23
-25
-19
-15
-14
-14
-14
-18
-19
-20
-22
-20
-14
-4
7
19
34
43
50
57
57
55
54
56
55
59
59
64
72
76
75
77
81
81
83
85
87
83
75
67
60
57
53
56
59
61
71
79
82
81
75
60
47
31
10
-9
-28
-39
-46
-43
-38
-32
-20
-15
-7
-1
-2
-1
-5
-8
-9
-20
-24
-26
-24
-20
-11
-4
-4
-6
-11
-20
-32
-45
-58
-75
-86
-98
-107
-114
-119
-127
-124
-112
-106
-99
-91
-79
-66
-53
-41
-31
-17
-1
12
23
30
34
37
37
35
28
29
26
18
18
16
14
13
12
8
3
-2
-3
-5
-3
7
19
33
52
67
80
95
104
105
103
98
84
72
60
48
37
37
36
30
29
35
33
28
21
10
-3
-13
-19
-24
-20
-20
-21
-19
-17
-17
-18
-25
-31
-39
-49
-56
-58
-56
-55
-56
-57
-56
-55
-59
-60
-65
-69
-66
-61
-52
-40
-24
-9
3
15
28
32
35
36
37
31
26
28
22
18
13
6
4
2
2
6
8
14
20
29
36
45
51
57
60
62
74
79
83
87
87
78
69
53
34
16
-7
-28
-46
-58
-68
-72
-76
-74
-77
-75
-63
-56
-49
-46
-41
-36
-32
-22
-7
6
16
25
30
26
17
2
-16
-37
-61
-85
-101
-108
-108
-99
-81
-66
-44
-18
0
19
33
40
43
41
32
26
18
14
14
14
21
32
42
51
55
49
38
21
0
-17
-27
-37
-37
-31
-17
5
25
43
59
73
85
91
96
95
94
89
86
80
73
69
64
59
54
43
32
18
9
3
-11
-21
-29
-33
-40
-43
-38
-30
-20
-3
13
28
40
49
45
36
20
2
-15
-33
-53
-70
-79
-84
-93
-97
-100
-107
-113
-118
-120
-120
-113
-105
-93
-78
-58
-38
-22
-3
12
19
29
31
26
18
5
-5
-15
-25
-35
-45
-50
-55
-56
-48
-40
-30
-11
8
27
45
62
77
86
91
93
96
98
97
96
91
84
77
67
52
35
16
3
-11
-25
-37
-35
-26
-16
0
19
40
60
78
92
107
113
112
100
79
54
21
-13
-34
-54
-72
-76
-71
-70
-68
-62
-59
-52
-50
-48
-49
-48
-50
-46
-39
-34
-18
-3
12
17
21
22
25
17
3
-8
-31
-50
-66
-80
-88
-93
-92
-89
-82
-67
-48
-27
0
24
46
72
92
101
104
101
94
82
71
54
38
26
13
7
3
-1
-2
-9
-16
-26
-33
-36
-33
-30
-19
-9
0
17
32
50
66
82
98
107
109
101
88
67
43
14
-15
-35
-51
-70
-85
-96
-109
-109
-108
-104
-99
-89
-77
-68
-53
-34
-9
14
39
59
69
76
72
58
43
22
-5
-26
-47
-64
-77
-78
-79
-78
-75
-73
-65
-61
-48
-33
-21
1
21
44
65
88
100
110
107
100
85
65
42
15
-5
-26
-39
-54
-64
-65
-64
-57
-47
-21
5
33
57
81
101
114
123
120
112
100
83
65
50
36
21
3
-17
-30
-39
-55
-65
-74
-85
-86
-84
-76
-62
-46
-25
-5
18
32
50
62
67
61
50
37
21
3
-19
-37
-52
-66
-79
-93
-107
-114
-116
-116
-109
-99
-79
-55
-27
4
34
62
87
101
111
107
94
76
55
31
3
-18
-39
-51
-57
-58
-55
-47
-38
-27
-20
-6
11
19
32
43
56
68
83
94
102
102
95
79
63
46
26
9
-7
-25
-39
-44
-47
-49
-49
-46
-42
-42
-35
-28
-19
-4
7
22
36
47
54
60
66
61
49
29
12
-12
-29
-45
-63
-75
-88
-93
-94
-91
-84
-74
-65
-55
-45
-30
-13
1
16
38
61
80
94
107
110
108
98
81
60
36
10
-20
-50
-81
-105
-125
-137
-143
-137
-119
-93
-60
-22
19
55
83
111
130
143
145
145
134
112
82
47
11
-19
-50
-79
-97
-113
-124
-127
-122
-110
-87
-63
-36
-7
20
46
68
88
106
120
127
131
127
111
92
65
35
2
-34
-70
-102
-127
-142
-150
-147
-133
-113
-91
-61
-30
1
33
59
82
104
121
133
138
131
114
87
52
10
-34
-78
-119
-150
-168
-169
-166
-148
-121
-88
-55
-19
18
44
68
87
104
117
125
128
128
123
115
101
83
56
25
-8
-41
-73
-103
-121
-134
-140
-134
-118
-89
-53
-12
29
73
106
137
158
166
169
162
144
120
91
53
19
-14
-48
-80
-101
-121
-139
-148
-149
-139
-125
-105
-75
-44
-11
23
51
73
79
79
76
68
57
43
30
19
11
0
-4
-6
-17
-31
-48
-70
-89
-108
-121
-126
-127
-118
-100
-74
-42
-3
32
65
94
117
131
138
138
128
115
98
78
58
39
20
-1
-29
-51
-72
-98
-115
-128
-133
-126
-109
-85
-52
-15
26
69
107
140
160
174
172
159
138
113
87
57
23
-17
-60
-99
-138
-171
-194
-210
-209
-196
-169
-131
-79
-19
43
103
154
197
223
237
230
210
179
134
81
25
-29
-80
-128
-167
-194
-212
-217
-210
-199
-175
-144
-100
-49
7
61
112
158
194
220
237
240
229
210
175
132
79
21
-37
-94
-144
-191
-223
-241
-247
-244
-224
-185
-135
-74
-10
51
108
153
185
210
222
225
214
198
170
126
79
28
-27
-83
-134
-184
-224
-253
-271
-268
-243
-206
-153
-86
-13
62
129
186
226
247
255
250
226
190
146
100
51
3
-40
-84
-125
-163
-192
-219
-233
-236
-224
-200
-159
-114
-60
3
63
123
176
215
242
254
250
233
205
168
125
77
27
-23
-69
-117
-161
-200
-228
-241
-249
-242
-219
-186
-139
-84
-24
36
90
141
180
208
224
226
219
205
185
159
133
106
66
26
-23
-77
-132
-183
-227
-260
-276
-274
-257
-226
-181
-125
-63
8
75
131
187
232
267
290
300
298
280
245
193
129
51
-32
-113
-192
-262
-319
-355
-366
-359
-327
-271
-200
-120
-34
54
127
188
239
277
304
319
318
304
274
230
171
103
28
-57
-140
-214
-280
-329
-360
-373
-361
-326
-273
-204
-122
-40
44
125
198
264
318
358
378
374
348
303
231
147
52
-48
-143
-226
-293
-336
-351
-338
-304
-255
-192
-127
-59
13
75
127
170
209
239
259
273
272
262
239
200
144
76
-1
-83
-162
-230
-285
-319
-331
-324
-296
-258
-203
-139
-69
4
73
140
196
243
274
292
293
274
240
189
124
49
-31
-108
-176
-230
-253
-259
-250
-222
-185
-137
-86
-32
16
56
88
116
137
149
159
164
159
150
127
93
56
16
-29
-74
-113
-144
-163
-172
-163
-143
-119
-85
-44
-4
32
64
88
108
113
118
127
133
139
140
136
120
95
56
13
-38
-88
-132
-168
-186
-189
-178
-148
-108
-67
-28
9
43
62
78
88
93
94
93
95
99
100
99
95
88
74
55
30
3
-30
-65
-91
-114
-141
-161
-175
-182
-177
-161
-141
-114
-80
-32
22
81
147
203
247
274
276
251
214
154
81
2
-75
-145
-199
-231
-248
-242
-221
-192
-157
-122
-90
-54
-21
11
39
65
97
127
154
180
195
200
195
178
151
109
69
22
-27
-73
-115
-149
-175
-196
-211
-220
-217
-205
-183
-149
-100
-40
32
109
185
250
296
316
310
276
217
144
62
-21
-93
-156
-192
-202
-199
-178
-147
-115
-86
-59
-41
-25
-18
-14
-7
3
16
40
68
99
127
142
151
146
128
98
60
14
-36
-79
-114
-140
-153
-157
-147
-130
-110
-84
-57
-27
2
32
66
101
132
159
174
180
171
147
105
55
4
-46
-88
-123
-143
-146
-133
-106
-70
-35
-4
21
30
37
34
22
9
-2
-3
2
15
29
45
61
68
67
59
47
28
6
-14
-29
-40
-44
-41
-39
-37
-39
-40
-40
-37
-27
-16
1
23
47
61
68
63
45
21
-14
-48
-77
-99
-109
-103
-85
-60
-27
5
32
51
58
55
44
29
13
-1
-9
-5
5
18
32
49
58
58
54
36
13
-16
-46
-74
-94
-105
-104
-94
-74
-55
-37
-17
-5
10
25
39
56
78
100
125
148
163
166
155
123
81
28
-29
-80
-126
-159
-164
-151
-128
-94
-54
-17
16
36
46
47
38
29
21
22
28
42
65
91
114
122
124
107
76
32
-18
-67
-110
-143
-166
-173
-166
-147
-119
-89
-60
-27
2
27
52
72
94
114
130
143
142
134
111
74
32
-21
-70
-114
-147
-170
-173
-165
-147
-115
-79
-46
-11
20
45
58
68
76
84
87
89
90
93
91
85
78
59
38
10
-15
-44
-76
-94
-108
-113
-112
-106
-96
-81
-65
-48
-29
-7
15
37
59
77
96
112
120
117
103
78
47
10
-27
-64
-96
-118
-128
-129
-114
-92
-65
-38
-12
12
29
37
39
38
36
40
43
52
61
67
73
72
67
58
49
31
13
-3
-19
-37
-50
-61
-72
-77
-84
-81
-71
-55
-36
-6
25
60
96
124
149
162
158
140
108
67
19
-30
-71
-107
-133
-145
-147
-141
-127
-108
-86
-58
-31
-7
17
40
61
78
88
99
104
105
96
82
62
41
21
-4
-28
-48
-60
-65
-73
-80
-86
-92
-96
-101
-103
-101
-92
-73
-44
-7
35
85
136
172
194
199
185
154
112
58
4
-47
-87
-119
-138
-146
-142
-131
-111
-91
-66
-37
-11
17
41
67
88
101
112
115
114
106
88
63
36
7
-21
-45
-58
-69
-74
-73
-68
-64
-63
-63
-63
-63
-62
-55
-45
-26
1
32
65
101
130
152
160
154
132
98
53
10
-35
-76
-108
-132
-143
-144
-138
-124
-103
-81
-53
-26
-2
23
42
59
71
83
92
93
86
76
62
45
30
16
5
-4
-10
-12
-8
-5
-4
-4
-12
-27
-49
-68
-87
-102
-108
-101
-84
-48
-2
44
91
128
153
161
154
131
98
61
26
-7
-34
-48
-57
-62
-66
-66
-68
-70
-74
-80
-80
-73
-57
-33
-4
25
51
70
81
88
85
79
70
57
44
28
15
9
3
-8
-22
-41
-68
-101
-133
-159
-176
-176
-162
-132
-86
-25
45
110
165
204
221
218
190
145
91
34
-19
-61
-89
-104
-107
-100
-90
-82
-76
-68
-62
-57
-53
-46
-29
-5
23
56
86
112
130
139
137
127
105
79
52
23
-6
-34
-55
-75
-93
-109
-121
-132
-136
-134
-124
-103
-69
-31
18
71
114
149
173
181
166
142
107
65
26
-10
-43
-68
-85
-94
-100
-103
-99
-96
-88
-76
-63
-44
-23
-5
14
39
63
82
99
107
112
105
91
71
49
26
2
-21
-44
-60
-75
-84
-88
-90
-91
-86
-81
-70
-51
-29
-5
18
46
70
87
103
106
106
97
82
58
34
10
-17
-37
-54
-68
-77
-78
-77
-71
-66
-59
-52
-42
-28
-12
4
17
34
51
65
81
91
97
104
104
96
84
65
45
19
-8
-39
-68
-94
-114
-131
-142
-143
-139
-124
-103
-77
-45
-5
37
74
106
131
146
154
155
144
127
105
83
57
24
-7
-41
-75
-104
-131
-150
-155
-152
-139
-116
-85
-52
-21
10
34
55
73
86
97
105
112
116
117
113
102
78
49
14
-32
-76
-125
-163
-190
-202
-198
-176
-138
-90
-34
25
84
132
169
194
201
191
174
144
111
75
37
5
-22
-46
-70
-92
-107
-124
-135
-142
-143
-137
-121
-98
-70
-36
3
40
71
97
116
129
136
135
129
118
101
83
62
29
-8
-44
-83
-119
-149
-170
-181
-176
-160
-133
-98
-58
-11
32
71
103
125
134
139
133
118
93
63
32
-1
-38
-62
-81
-91
-95
-93
-86
-72
-53
-35
-18
2
17
31
43
56
64
70
74
74
72
67
64
54
48
41
32
21
6
-11
-29
-46
-61
-71
-78
-77
-72
-68
-57
-44
-34
-14
4
21
38
52
64
73
79
77
72
64
49
32
14
-6
-22
-36
-48
-56
-60
-60
-54
-50
-47
-43
-41
-37
-33
-29
-22
-7
6
21
41
58
70
76
75
69
56
42
25
12
-6
-21
-39
-53
-64
-72
-75
-72
-67
-63
-53
-43
-28
-8
13
33
54
79
94
101
100
91
70
49
20
-9
-33
-55
-71
-79
-83
-82
-77
-70
-55
-44
-30
-11
2
18
30
39
51
61
72
79
81
81
76
64
47
22
-3
-31
-59
-80
-96
-102
-97
-88
-70
-52
-32
-10
7
25
36
45
50
55
63
68
71
71
70
63
50
36
21
1
-19
-42
-63
-76
-87
-91
-89
-82
-68
-47
-25
-2
21
41
55
64
69
74
77
76
76
70
57
41
21
-3
-26
-48
-65
-78
-85
-88
-85
-74
-57
-39
-16
8
27
43
53
54
50
40
33
26
19
16
15
15
14
10
3
-8
-20
-34
-49
-59
-63
-62
-53
-38
-20
-1
14
28
37
40
41
39
36
33
28
22
20
11
1
-4
-10
-19
-26
-33
-37
-39
-38
-37
-31
-26
-21
-13
-6
-4
0
5
8
13
18
28
37
43
50
56
56
55
51
39
25
6
-13
-28
-42
-52
-57
-62
-60
-57
-51
-39
-26
-12
4
18
29
35
43
45
46
45
43
37
34
28
18
9
-3
-15
-30
-42
-50
-58
-55
-48
-40
-27
-18
-4
9
17
27
37
45
47
50
49
47
43
33
25
15
1
-16
-33
-47
-57
-63
-63
-60
-51
-41
-28
-14
-3
7
16
24
29
33
42
48
53
56
56
48
39
28
10
-9
-25
-41
-56
-69
-81
-89
-92
-91
-85
-69
-43
-17
10
35
54
71
80
84
82
72
68
60
49
37
24
10
-8
-27
-43
-58
-64
-66
-63
-56
-47
-37
-28
-16
-6
5
16
25
36
45
48
53
54
51
45
34
27
19
10
0
-10
-20
-29
-38
-45
-49
-51
-46
-39
-30
-18
-5
9
20
27
32
36
35
34
33
33
30
24
22
20
17
10
3
-3
-9
-15
-21
-24
-25
-31
-36
-34
-36
-37
-33
-31
-24
-14
-4
9
24
38
55
68
78
82
81
77
64
48
27
4
-20
-47
-66
-80
-93
-98
-95
-87
-76
-62
-47
-34
-20
-9
5
18
30
40
52
63
69
74
71
65
52
34
17
2
-15
-29
-40
-51
-62
-70
-73
-73
-72
-65
-55
-36
-17
3
21
36
49
57
61
61
57
52
47
37
31
23
11
-3
-17
-32
-44
-48
-48
-45
-40
-30
-19
-9
1
10
21
28
35
38
41
46
48
49
45
38
29
22
11
1
-5
-13
-17
-23
-26
-32
-38
-42
-42
-40
-36
-28
-16
1
15
26
34
42
44
41
37
29
21
12
2
-9
-20
-29
-35
-40
-42
-41
-36
-28
-20
-15
-10
-5
-2
-1
-1
-2
-1
-2
-3
0
2
4
8
7
8
8
8
10
13
14
15
21
22
18
16
13
9
4
-1
-7
-12
-17
-24
-26
-26
-22
-18
-11
-3
3
13
19
24
30
30
31
28
25
19
15
12
9
5
3
0
-2
-5
-8
-9
-10
-13
-6
-2
-3
-4
-4
-5
-10
-14
-18
-22
-27
-30
-33
-34
-29
-24
-18
-7
-2
4
17
26
31
35
38
34
30
20
13
8
0
-5
-11
-15
-20
-24
-29
-34
-38
-41
-38
-32
-23
-10
2
14
26
32
38
42
44
41
39
37
35
31
27
24
17
8
-1
-12
-23
-37
-46
-51
-55
-50
-45
-36
-23
-9
4
18
28
39
50
56
60
60
59
54
42
29
9
-9
-30
-45
-58
-68
-71
-72
-70
-65
-56
-51
-40
-28
-16
-1
14
29
43
54
63
69
70
68
64
57
47
31
14
-4
-23
-41
-57
-69
-80
-87
-84
-78
-65
-50
-29
-6
19
43
62
79
87
92
89
82
70
59
43
23
2
-17
-34
-47
-57
-64
-67
-72
-71
-71
-67
-58
-46
-26
-6
16
34
47
57
61
59
55
53
46
39
33
27
22
15
9
-2
-11
-23
-34
-39
-41
-41
-38
-32
-27
-25
-23
-18
-12
-6
2
9
16
25
35
42
46
50
50
45
40
31
21
10
-1
-15
-28
-38
-44
-51
-56
-57
-57
-51
-44
-32
-20
-6
7
20
32
42
53
62
66
60
53
43
28
12
-3
-18
-35
-48
-59
-69
-73
-73
-72
-65
-56
-46
-31
-18
-6
12
29
47
65
80
90
94
93
88
78
63
43
21
-3
-26
-50
-67
-81
-88
-91
-90
-83
-69
-53
-34
-11
7
27
43
56
66
71
75
73
73
68
58
46
29
11
-6
-25
-41
-54
-65
-71
-70
-66
-56
-45
-32
-16
0
14
28
40
49
55
59
60
57
52
47
35
20
3
-17
-37
-55
-67
-78
-81
-77
-68
-57
-40
-21
-3
15
29
42
50
59
63
65
65
63
58
49
36
19
1
-15
-27
-36
-40
-43
-44
-41
-37
-36
-36
-31
-26
-23
-14
-6
1
10
19
28
38
47
51
52
49
44
32
21
11
-4
-17
-27
-39
-46
-52
-56
-60
-61
-60
-58
-51
-44
-33
-18
-1
17
34
48
58
65
66
63
59
52
42
29
14
-3
-21
-39
-55
-70
-77
-78
-74
-65
-52
-37
-18
0
17
33
46
57
65
71
76
78
75
68
56
44
29
11
-6
-24
-39
-50
-58
-63
-67
-62
-57
-49
-38
-23
-9
6
18
30
38
45
52
54
53
51
45
36
26
11
-2
-11
-21
-27
-32
-37
-36
-34
-30
-23
-17
-8
1
6
11
13
14
12
10
4
-1
-1
-3
-2
-2
0
0
-1
-5
-8
-12
-14
-16
-14
-12
-9
-2
6
14
21
26
29
30
27
22
14
2
-4
-13
-22
-30
-38
-41
-44
-47
-43
-39
-33
-22
-13
0
15
28
43
57
69
77
78
71
62
48
30
12
-8
-27
-45
-57
-67
-71
-72
-70
-63
-54
-42
-27
-11
6
23
38
49
57
61
62
59
53
44
33
21
8
-6
-20
-30
-39
-47
-49
-54
-57
-53
-50
-43
-32
-19
-6
8
21
31
41
46
51
52
50
45
39
30
19
9
-3
-13
-18
-21
-22
-21
-16
-11
-8
-4
-1
-1
0
0
-4
-3
-3
-4
-3
-4
-2
-2
1
0
4
6
7
7
9
10
10
10
11
5
-1
-5
-12
-18
-22
-24
-25
-24
-21
-15
-10
-5
-1
7
15
20
27
29
28
24
17
13
6
1
1
1
-1
-2
-3
-4
-6
-10
-16
-24
-30
-33
-35
-36
-32
-27
-20
-11
-1
12
22
30
39
46
53
55
56
50
42
26
11
-8
-26
-42
-55
-62
-65
-61
-55
-49
-38
-28
-17
-4
10
23
37
46
54
58
64
64
59
53
44
30
15
2
-11
-25
-36
-46
-52
-56
-55
-51
-48
-39
-29
-14
2
13
25
37
43
48
51
54
53
46
38
23
11
-6
-19
-35
-44
-50
-54
-53
-54
-49
-45
-39
-31
-22
-12
1
14
25
35
44
50
52
53
50
47
40
32
22
12
-1
-14
-28
-39
-49
-55
-57
-57
-55
-46
-37
-28
-19
-8
3
12
18
24
30
33
34
35
36
35
31
26
25
21
19
15
8
5
-1
-7
-12
-20
-24
-28
-32
-36
-33
-31
-26
-20
-13
-7
0
7
13
19
24
29
30
31
32
33
31
32
27
24
17
11
2
-8
-19
-31
-36
-42
-46
-49
-49
-45
-40
-33
-25
-13
-2
8
17
26
31
35
38
38
34
30
28
22
16
9
2
-2
-8
-11
-11
-11
-10
-7
-5
-5
-2
-5
-5
-7
-11
-14
-13
-13
-11
-6
0
3
9
13
15
14
13
13
9
8
6
6
5
3
2
2
4
8
7
10
8
7
5
5
1
-3
-5
-9
-11
-14
-16
-19
-23
-24
-26
-27
-25
-20
-14
-8
1
8
16
23
27
30
28
26
19
12
4
-4
-12
-15
-20
-26
-26
-27
-26
-22
-18
-13
-10
-5
-1
3
9
11
15
17
17
15
8
4
2
-1
-1
0
1
5
7
9
11
11
10
7
4
1
0
-1
-3
0
1
3
6
6
7
6
3
0
-2
-7
-10
-14
-18
-18
-16
-13
-7
0
4
10
16
21
23
24
27
28
25
22
18
12
4
-3
-10
-17
-21
-27
-30
-29
-27
-30
-28
-27
-29
-28
-25
-21
-16
-7
0
9
17
24
30
33
36
35
33
31
28
20
15
9
1
-5
-8
-10
-14
-15
-18
-22
-23
-25
-24
-22
-16
-14
-10
-4
1
4
6
7
7
7
7
7
7
8
6
6
5
3
2
1
-1
-3
-5
-4
-4
-4
-2
1
-1
1
5
9
11
11
10
7
2
-1
-7
-11
-15
-16
-14
-12
-6
2
10
17
20
22
24
21
19
16
13
12
10
9
6
2
-2
-7
-12
-13
-14
-11
-7
-2
1
3
6
6
3
-2
-7
-11
-14
-19
-21
-20
-17
-11
-7
0
5
7
12
17
15
12
8
2
-4
-8
-12
-16
-14
-12
-9
-4
1
5
6
7
4
-2
-6
-7
-11
-12
-10
-9
-7
-4
0
4
9
14
18
21
26
26
24
21
17
12
6
4
0
-6
-7
-8
-11
-12
-16
-16
-17
-17
-15
-13
-11
-11
-8
-5
-3
-1
3
8
12
13
19
22
23
23
22
16
11
1
-8
-14
-21
-24
-23
-20
-15
-9
-6
-2
-2
-2
-3
-3
-7
-6
-5
-5
-2
2
3
6
7
7
7
4
4
1
1
6
7
12
18
20
19
18
16
11
6
0
-5
-10
-12
-13
-15
-14
-12
-12
-11
-9
-11
-13
-12
-10
-9
-5
0
4
11
19
24
30
34
37
36
32
26
17
6
-5
-17
-27
-33
-35
-33
-29
-26
-20
-14
-10
-6
-6
-5
-4
-4
-3
-2
-2
1
5
8
12
17
20
20
19
16
9
2
-5
-10
-14
-16
-15
-17
-15
-14
-14
-12
-9
-8
-6
-1
2
6
10
13
15
15
16
13
11
7
1
-3
-7
-10
-13
-13
-12
-13
-12
-10
-6
-4
1
3
4
4
1
0
-1
0
2
6
13
16
20
22
23
23
21
21
19
14
8
4
0
-5
-8
-10
-14
-15
-16
-16
-15
-15
-13
-8
-2
2
6
12
15
18
20
18
14
11
7
4
0
-4
-9
-11
-10
-9
-7
-5
-3
-4
-6
-7
-10
-12
-14
-14
-13
-6
3
11
19
26
31
33
30
26
18
8
-4
-16
-26
-30
-33
-34
-31
-29
-27
-22
-17
-13
-8
-3
4
10
16
22
25
27
28
23
20
18
9
0
-7
-14
-18
-18
-17
-15
-11
-7
-4
-1
1
3
5
4
3
2
-1
1
1
2
2
2
3
4
4
3
2
-1
-5
-10
-13
-15
-19
-19
-18
-15
-10
-2
5
10
17
20
23
26
25
21
19
15
12
5
1
0
-3
-5
-7
-12
-13
-16
-18
-19
-18
-19
-20
-18
-17
-15
-8
-2
3
8
12
18
23
26
29
30
29
28
25
19
12
6
-1
-6
-9
-14
-17
-21
-25
-27
-27
-29
-28
-24
-20
-19
-15
-8
-3
4
10
15
16
18
18
19
21
20
21
22
23
24
24
22
20
13
5
0
-7
-14
-19
-24
-27
-28
-27
-23
-20
-15
-13
-9
-5
-2
0
0
0
-1
0
2
5
10
11
16
17
18
18
16
15
14
11
10
9
7
5
0
-3
-10
-17
-19
-23
-29
-32
-35
-36
-34
-28
-25
-18
-10
-3
7
15
22
30
34
35
34
33
32
30
27
23
20
15
13
10
6
-1
-5
-12
-19
-26
-34
-38
-40
-42
-40
-37
-30
-23
-13
-4
3
11
17
26
31
36
39
42
41
38
33
28
22
12
2
-8
-15
-21
-25
-27
-27
-27
-24
-22
-20
-19
-18
-17
-15
-13
-11
-7
-3
0
3
5
8
12
14
16
18
18
19
17
14
10
8
4
1
-1
-3
-5
-5
-5
-4
-6
-5
-8
-7
-6
-6
-7
-10
-11
-11
-13
-12
-9
-7
-2
1
5
11
15
17
19
20
20
17
15
13
10
8
6
5
2
0
-2
-4
-3
-4
-4
-3
-3
-4
-6
-6
-9
-12
-13
-14
-17
-18
-18
-17
-14
-11
-7
-4
1
6
9
13
16
17
19
22
23
23
23
21
19
18
16
13
10
6
2
-4
-9
-17
-23
-30
-36
-42
-45
-45
-42
-37
-29
-22
-10
0
7
17
25
32
36
39
41
41
42
40
36
30
25
18
10
3
-6
-12
-18
-23
-25
-26
-26
-25
-25
-24
-22
-22
-22
-23
-22
-24
-20
-17
-12
-3
2
10
17
24
28
32
34
33
32
29
24
20
14
9
3
-1
-4
-6
-8
-11
-13
-16
-19
-22
-25
-30
-35
-36
-35
-37
-33
-29
-23
-18
-13
-6
2
13
20
30
36
45
50
53
53
51
45
37
27
14
3
-6
-13
-19
-26
-27
-30
-31
-29
-30
-28
-27
-23
-18
-15
-11
-8
-5
-1
2
6
12
17
21
28
31
34
35
33
31
28
22
15
6
-3
-10
-15
-22
-24
-23
-24
-19
-15
-10
-5
-2
2
3
3
0
0
-4
-6
-8
-7
-6
-3
-1
2
5
10
13
14
16
19
19
18
17
13
8
3
0
-6
-9
-12
-14
-13
-12
-11
-9
-8
-7
-9
-10
-12
-17
-18
-21
-19
-19
-16
-13
-7
-1
4
9
12
14
14
14
13
11
10
9
9
8
8
11
12
11
11
10
7
5
2
-1
-2
-5
-10
-12
-13
-16
-19
-21
-24
-25
-25
-22
-16
-9
-2
7
16
25
31
32
33
34
33
29
25
21
16
11
6
0
-6
-10
-15
-17
-16
-17
-15
-15
-16
-16
-19
-21
-24
-29
-28
-28
-24
-20
-13
-4
4
15
22
29
35
35
37
34
30
24
15
8
2
-4
-8
-12
-14
-13
-13
-11
-11
-11
-11
-13
-12
-13
-14
-16
-14
-13
-11
-6
0
6
9
14
20
22
25
27
27
27
23
20
15
10
6
0
-4
-7
-11
-13
-15
-16
-12
-9
-7
-4
-2
0
1
-1
-5
-6
-9
-12
-15
-17
-17
-15
-11
-5
0
6
10
15
14
14
13
8
6
2
0
-2
-4
-4
-4
-6
-4
-6
-3
0
1
3
4
3
1
-4
-9
-15
-22
-24
-24
-23
-20
-14
-6
0
7
14
19
26
30
32
30
26
19
12
5
-1
-5
-5
-4
-3
1
4
7
10
10
10
7
2
-2
-7
-12
-15
-19
-21
-19
-19
-18
-14
-9
-2
3
9
14
16
18
18
17
16
13
9
7
5
3
0
-1
-2
-3
-3
-2
0
0
-1
-1
-2
-4
-8
-12
-16
-19
-22
-21
-19
-15
-10
-2
5
11
17
21
22
21
17
10
4
-2
-6
-8
-7
-5
-2
-1
1
3
3
3
1
0
-1
-1
-1
0
1
1
2
1
-1
-4
-4
-7
-9
-6
-4
-1
4
7
10
10
10
9
7
3
0
-1
-5
-7
-8
-7
-6
-2
4
5
10
14
16
17
16
12
9
5
-1
-8
-12
-15
-20
-21
-21
-19
-16
-13
-11
-10
-9
-10
-10
-9
-8
-9
-5
-3
1
5
11
14
17
19
19
19
20
20
20
19
18
16
12
8
1
-5
-13
-18
-22
-26
-27
-29
-27
-25
-21
-16
-12
-7
-4
0
4
8
12
16
18
22
27
28
32
32
29
29
24
20
15
7
-1
-8
-16
-22
-27
-32
-35
-35
-36
-35
-30
-25
-18
-12
-8
-3
1
4
8
8
10
14
16
18
21
24
26
28
28
26
23
20
14
9
0
-7
-13
-19
-24
-30
-32
-34
-35
-33
-28
-23
-18
-12
-5
3
10
15
19
22
21
22
20
21
19
18
19
18
18
16
14
10
7
3
-2
-6
-10
