0
1
1
1
1
0
1
1
-1
1
1
-1
0
0
-1
0
0
0
0
1
0
-1
0
0
0
0
1
0
0
-1
1
0
0
0
1
0
0
1
0
0
0
0
0
0
0
0
-1
0
0
0
-1
0
0
0
1
0
0
0
0
-1
-1
0
-1
-1
0
-1
0
0
0
0
-1
0
0
1
0
0
0
0
0
-1
0
0
-1
0
0
0
0
0
0
0
0
0
0
1
-1
1
-1
0
0
0
-1
0
0
0
0
0
0
1
0
1
0
0
0
0
1
0
-1
0
0
0
1
0
0
0
1
-1
0
0
0
-1
-1
0
1
0
0
0
0
0
0
0
0
0
-1
0
0
0
1
0
0
0
0
-1
0
-1
-1
0
0
0
0
0
1
0
0
0
0
0
-1
0
0
0
0
0
-1
0
1
0
0
0
0
0
0
0
0
0
0
-1
0
0
0
-1
0
0
0
0
-2
0
1
0
1
0
1
1
-1
0
1
1
0
-1
0
0
0
0
0
-1
0
-1
0
-1
-1
0
0
0
1
1
1
0
0
0
1
-1
0
0
0
-1
-1
0
0
1
1
1
1
0
0
0
0
0
-1
-1
0
-1
0
1
1
0
1
0
1
1
0
1
0
0
0
1
-1
1
1
-1
1
1
0
0
0
0
0
0
0
0
0
0
0
0
0
0
-1
0
0
0
0
-1
1
0
1
1
0
0
0
-1
0
0
0
0
0
0
0
0
0
-1
0
0
0
0
-1
1
1
0
0
0
0
0
-1
0
0
0
0
1
0
0
2
0
1
0
0
0
-1
0
0
0
0
0
1
0
0
0
0
0
0
0
0
-1
-2
1
-2
0
0
0
0
0
-1
0
0
-1
0
0
-1
-1
1
0
0
0
0
0
-1
0
1
1
0
-1
-1
0
1
0
0
-1
0
0
-1
0
0
0
0
0
0
0
0
0
0
0
0
0
0
1
1
0
0
0
0
-1
0
0
0
1
0
0
0
0
-1
1
1
0
0
0
0
1
1
0
0
0
0
0
1
-1
0
-1
0
0
0
1
0
0
0
-1
1
0
-1
0
0
0
0
0
0
1
0
0
0
0
0
-1
0
-1
-1
-1
0
0
0
1
1
0
0
0
0
-1
0
0
0
0
0
0
0
1
0
0
0
0
2
0
0
0
1
-1
-1
-1
0
0
-1
0
0
0
1
0
0
0
0
1
0
0
1
0
0
0
0
0
0
1
0
0
0
-1
0
1
-1
0
0
0
0
0
0
0
-1
-1
-1
1
0
1
0
0
0
0
0
1
0
1
0
0
0
0
0
-1
0
0
0
0
0
0
1
0
-1
1
0
0
0
-1
0
0
0
1
0
-1
0
0
0
1
0
-1
1
-1
0
0
0
1
0
0
0
0
0
0
-1
0
0
0
0
0
0
0
1
0
0
0
-1
1
1
0
-1
0
0
1
-1
0
1
0
1
1
1
1
0
0
-1
1
0
0
0
0
0
0
0
0
0
0
0
0
0
0
-1
1
-1
0
0
0
1
0
0
0
0
0
-1
0
-1
0
0
1
1
0
0
0
0
-1
0
0
0
0
1
1
0
-1
0
1
0
0
1
1
1
0
0
-1
1
1
0
0
0
-1
0
0
1
1
0
-1
0
0
-1
-1
0
2
0
0
0
1
1
-1
1
1
0
0
0
-1
0
0
0
1
0
0
-1
0
0
0
0
-1
1
0
0
-1
0
0
-1
0
0
-1
0
0
0
0
1
0
1
0
1
0
1
-1
0
0
0
-1
0
1
1
1
0
0
0
0
0
0
0
0
0
1
0
0
0
1
0
0
-1
-1
1
0
0
0
0
-1
0
0
0
-1
0
0
1
-1
-1
1
0
0
1
0
-1
2
-1
0
0
0
0
-1
0
2
0
0
0
0
0
0
0
0
0
0
0
0
-1
0
0
-1
0
0
0
-1
0
1
0
0
-1
0
-1
0
1
0
1
1
0
0
0
0
0
0
-1
0
0
-1
0
1
-1
1
-1
1
0
0
0
0
0
1
0
0
0
-1
-1
1
0
-1
0
0
-1
0
0
0
0
0
-1
0
0
0
0
0
0
-1
0
-1
0
1
0
-1
-1
1
0
0
0
1
0
1
1
0
0
0
0
0
0
1
0
0
0
0
0
0
1
0
1
0
0
0
0
0
1
0
1
0
0
0
1
0
-1
0
0
0
0
-1
0
1
-1
0
1
0
0
1
0
0
0
-1
1
1
0
0
0
0
0
-1
0
0
0
0
0
-1
0
0
-1
0
0
0
-1
-1
0
-1
0
0
0
0
-1
1
0
0
-1
0
0
0
-1
0
0
0
-1
0
0
0
0
0
-1
-1
0
-1
0
-1
0
0
0
0
0
0
-1
0
1
0
-1
0
-1
0
0
0
0
0
0
0
0
0
0
0
0
0
1
0
0
1
0
1
0
0
1
0
0
0
0
0
1
0
0
1
0
1
0
0
-1
-1
-1
0
0
0
0
1
1
0
-1
1
-1
0
0
0
-1
1
0
-1
0
0
1
0
0
0
0
0
0
0
0
0
0
0
1
0
-1
0
0
0
0
0
0
-1
0
0
-1
0
1
0
0
1
0
0
0
0
-1
1
0
0
0
1
0
1
0
0
0
0
0
0
0
-1
0
0
0
0
0
1
0
0
0
0
-1
0
0
0
-1
1
0
0
0
0
0
0
0
0
-1
0
0
0
0
1
0
0
0
0
0
0
-1
-1
1
0
0
1
0
0
-1
1
-1
1
0
1
0
0
0
0
1
-1
0
0
0
0
0
0
0
0
0
0
0
0
0
0
-1
0
0
0
0
1
0
0
0
1
0
0
0
-1
0
-1
0
1
0
0
0
1
0
-1
-1
0
0
0
1
1
1
0
0
-1
0
0
-1
0
0
0
1
0
0
0
0
0
0
0
0
0
0
1
0
0
1
0
0
0
-1
0
1
1
0
1
-1
1
-1
0
0
0
0
-1
-1
0
0
-1
0
0
0
-1
0
1
0
0
0
0
-1
0
0
0
0
0
-1
0
0
0
-1
0
0
0
1
0
0
0
-1
-1
0
-1
0
1
0
0
1
0
0
0
1
-1
0
0
0
0
0
1
0
1
-1
0
0
0
0
1
0
0
0
0
0
0
0
0
1
1
0
0
0
-1
0
0
-1
0
0
0
0
0
0
-1
1
0
0
0
0
0
-1
0
-1
0
0
0
-1
1
0
0
1
-1
0
0
0
0
0
-1
0
0
1
0
0
0
1
0
0
0
0
0
0
1
0
0
0
1
0
-1
0
-1
0
1
1
0
0
1
-1
-1
0
0
0
-1
0
0
1
0
0
0
0
0
0
1
0
0
0
0
0
0
0
0
1
1
1
1
0
0
0
-1
1
0
0
0
0
0
1
0
0
0
-1
0
0
-1
0
-1
0
0
0
0
0
0
0
0
0
0
0
0
0
1
0
0
0
-1
0
0
1
1
0
-1
-1
-1
-1
-1
-1
-1
0
1
0
0
0
0
0
-1
0
0
0
1
-1
0
-1
0
0
0
0
0
1
1
0
0
0
-1
1
0
0
1
0
1
0
1
0
0
0
0
0
0
-1
0
0
1
0
0
0
0
0
-1
0
0
0
0
0
-1
0
-1
0
1
0
0
0
1
-1
-1
0
0
0
0
0
-1
1
0
1
0
0
0
-1
0
0
0
-1
0
0
0
0
0
0
-1
-1
0
0
0
0
0
1
0
0
1
0
-1
-1
0
-1
0
0
0
-1
0
0
1
0
0
0
0
1
0
0
0
0
0
0
-1
0
-1
-1
1
1
0
0
1
0
0
0
1
0
-1
0
0
1
0
0
0
0
0
1
1
0
0
0
-1
0
-1
0
-1
0
0
0
1
0
1
0
1
-1
0
0
1
0
0
0
0
1
1
0
-1
0
-1
0
0
0
0
1
0
1
0
0
0
-1
1
0
0
1
0
0
0
0
-1
0
1
1
-1
0
1
0
-1
-1
1
0
1
0
-1
0
1
1
0
0
0
0
0
1
0
1
0
0
0
-1
-1
0
0
0
0
0
0
0
0
0
0
-1
0
1
0
0
1
-1
0
0
0
-1
0
2
0
0
1
0
-1
0
0
-1
1
0
0
0
1
0
-1
0
0
0
1
1
0
1
1
0
1
-1
0
0
0
0
-1
0
0
0
0
0
0
0
0
0
0
0
0
0
0
0
-1
0
0
0
0
0
0
0
-1
0
0
1
0
0
1
0
0
0
0
0
1
-1
0
0
0
0
1
1
0
0
0
0
0
0
0
1
0
0
1
-1
-1
0
0
0
0
0
0
0
0
0
0
0
0
0
0
0
1
0
0
0
0
1
0
-1
0
0
0
0
-1
0
0
0
0
0
-1
0
0
0
0
-1
0
0
0
0
0
0
0
0
0
0
0
0
0
0
-1
0
0
0
0
0
-1
0
0
0
1
0
0
0
0
0
0
0
0
0
0
1
0
0
0
0
0
0
0
0
-1
0
-1
0
0
-1
0
0
0
0
0
0
0
0
0
0
0
-1
-1
0
-1
0
0
-1
1
0
0
0
1
1
0
0
0
0
2
2
1
1
1
1
1
0
1
1
0
1
0
1
0
0
0
0
0
-1
0
0
0
0
0
0
0
0
0
0
-1
-1
-1
-1
-1
-1
-1
-1
-1
-1
-1
-1
-1
-1
-1
-1
-1
0
-1
0
-1
-1
0
0
-1
-1
0
-1
0
0
-1
0
0
0
0
0
1
1
0
1
1
1
0
1
1
2
2
2
1
1
1
2
1
2
1
2
1
0
1
1
0
1
1
0
0
0
-1
-1
0
0
-1
0
-1
0
-1
-1
0
-1
-1
-2
-1
-1
-2
-1
-2
-1
-2
-1
-1
-1
-1
-1
-1
-1
0
-1
0
-1
-1
0
-1
-1
0
0
0
-1
0
0
0
1
0
0
1
1
1
1
2
1
1
1
1
1
1
2
1
2
1
1
1
1
1
1
1
1
1
0
1
1
0
0
0
-1
0
-1
-1
-1
-2
0
-1
-2
-1
-1
-2
-1
-1
-1
-2
-1
-2
-1
-1
-1
-2
-2
-1
-1
0
-1
-1
0
-1
0
0
0
0
0
0
1
1
0
2
1
2
1
2
2
2
2
2
2
1
1
2
1
2
2
1
2
1
2
1
1
1
2
1
1
0
0
1
0
1
0
0
-1
-1
-1
-1
-2
-1
-2
-2
-2
-2
-2
-2
-2
-2
-2
-2
-2
-2
-2
-1
-2
-2
-2
-1
-2
-2
-2
-2
-1
-1
-1
0
-2
-1
0
0
-1
1
1
1
1
1
0
1
1
1
1
2
2
2
2
2
2
2
1
2
2
2
2
1
1
1
1
0
0
0
-1
-1
-2
-3
-1
-2
-3
-3
-3
-2
-3
-3
-2
-2
-2
-2
-2
-2
-2
-2
-1
-1
-1
-1
-1
-1
0
0
0
1
1
1
1
2
0
1
2
2
2
2
2
3
4
2
4
3
4
4
4
4
5
5
4
4
5
3
4
3
3
0
1
1
-1
-1
-1
-2
-3
-2
-2
-1
0
-3
-5
-5
-8
-10
-12
-14
-17
-16
-16
-12
-10
-6
-1
3
8
14
19
25
28
30
30
30
30
29
29
30
26
22
15
7
-2
-11
-20
-31
-45
-61
-74
-80
-86
-92
-92
-84
-77
-72
-62
-49
-29
-11
5
27
52
74
87
101
128
146
148
143
150
158
149
138
133
135
118
86
64
53
35
-4
-46
-60
-70
-101
-138
-152
-145
-146
-170
-179
-164
-159
-181
-205
-200
-183
-196
-222
-226
-214
-216
-235
-239
-212
-186
-177
-158
-114
-55
-10
26
85
158
222
264
303
357
404
429
451
477
492
483
452
419
387
337
274
217
168
113
49
-18
-69
-104
-145
-199
-269
-342
-400
-429
-428
-416
-409
-414
-416
-390
-331
-251
-166
-84
-9
62
146
240
341
436
525
607
653
662
650
630
615
591
569
546
485
374
263
195
185
195
184
152
96
13
-50
-52
-22
-25
-67
-81
-75
-137
-281
-405
-453
-480
-570
-683
-800
-1074
-1548
-2011
-2186
-2101
-2103
-2328
-2544
-2604
-2608
-2602
-2397
-1839
-1227
-920
-753
-369
233
745
1113
1664
2428
2952
3014
2945
3131
3465
3605
3591
3631
3586
3177
2503
2024
1902
1755
1304
704
177
-320
-929
-1490
-1743
-1810
-1983
-2313
-2604
-2716
-2746
-2704
-2459
-2050
-1689
-1497
-1333
-1023
-589
-88
458
985
1368
1569
1733
1946
2109
2199
2306
2442
2445
2160
1741
1418
1162
884
594
349
73
-440
-1097
-1525
-1598
-1544
-1648
-1905
-2099
-2220
-2351
-2401
-2237
-1910
-1657
-1599
-1538
-1333
-1086
-904
-706
-336
92
296
298
348
597
962
1292
1589
1857
1995
1979
1935
2055
2291
2365
2215
2008
1882
1764
1509
1217
1057
878
507
43
-306
-468
-711
-1166
-1572
-1820
-2034
-2317
-2623
-2730
-2783
-3183
-3780
-4093
-3907
-3551
-3519
-3601
-3399
-3158
-3107
-2988
-2343
-1259
-536
-343
-5
712
1492
2024
2569
3534
4429
4639
4424
4424
4848
5181
5077
4963
4985
4651
3747
2762
2375
2331
1850
955
113
-545
-1297
-2179
-2636
-2567
-2595
-3005
-3462
-3580
-3439
-3285
-2994
-2439
-1901
-1573
-1294
-853
-306
143
639
1221
1743
2101
2261
2440
2378
1853
1515
1766
2407
2640
1956
1074
541
201
12
29
209
159
-647
-1644
-2012
-1904
-1718
-1814
-1938
-1794
-1848
-2127
-2260
-1867
-1012
-350
-59
222
512
650
795
1273
2183
2811
2713
2319
2006
1948
1986
2025
2146
1937
1296
646
211
37
-154
-482
-648
-807
-1235
-1769
-2324
-2648
-2693
-2647
-2424
-2561
-3664
-5222
-6221
-6029
-5195
-5003
-5426
-5666
-5751
-5923
-5931
-5014
-3152
-1762
-1395
-1005
76
1311
1959
2619
4283
6148
6775
6263
5956
6486
6974
6936
7090
7575
7385
5923
4206
3669
3931
3651
2654
1745
1139
145
-1304
-2099
-1848
-1618
-2197
-3069
-3420
-3462
-3765
-3877
-3124
-2021
-1561
-1803
-1863
-1253
-437
254
1107
1994
2267
1800
1320
1725
2786
3360
2990
2219
1640
1347
1115
1038
1225
1108
398
-434
-899
-1013
-1187
-1588
-1824
-1860
-2092
-2668
-3342
-3419
-2819
-2287
-2113
-2075
-1934
-1640
-1311
-711
228
872
952
835
1014
1561
1947
1962
1802
1513
1197
1045
1194
1467
1246
497
-103
-253
-245
-541
-1043
-1215
-1177
-1280
-1529
-1683
-1609
-2102
-3788
-5710
-6503
-5933
-5363
-6027
-6979
-7032
-6846
-7267
-7542
-6253
-3777
-2381
-2408
-1953
-349
1282
2193
3339
5607
7549
7553
6591
6611
7925
8997
8920
8702
8930
8547
6925
5192
4804
5263
4704
3004
1660
1081
161
-1526
-2506
-2077
-1838
-2975
-4473
-4900
-4552
-4466
-4490
-3775
-2752
-2463
-2786
-2769
-1812
-496
492
1325
2069
2574
2772
2823
3179
3839
4217
4126
3853
3544
3234
2644
2010
1813
1616
955
58
-752
-1394
-2083
-2789
-3008
-2985
-3281
-3729
-4043
-4136
-4058
-3848
-3375
-2855
-2438
-1957
-1399
-922
-487
77
722
1229
1480
1593
1676
1631
1514
1472
1588
1661
1467
1058
538
27
-411
-625
-728
-1055
-1580
-2058
-2156
-2021
-1934
-1936
-2567
-4367
-6624
-7598
-6714
-5639
-6060
-7255
-7682
-7633
-7926
-7875
-6223
-3575
-2221
-2435
-2276
-801
1112
2497
3874
5965
7715
7681
6632
6599
8248
9859
9865
9253
9208
8886
7321
5597
5596
6549
5900
3547
1797
1526
1017
-658
-1871
-1550
-1397
-2871
-4742
-5120
-4337
-4174
-4576
-4230
-3169
-2710
-3301
-3539
-2317
-471
645
1066
1521
2146
2473
2445
2936
4014
4721
4476
3845
3763
3992
3749
3194
3039
3046
2414
1198
123
-444
-940
-1597
-2147
-2568
-3175
-4016
-4620
-4742
-4551
-4273
-3973
-3517
-3032
-2675
-2230
-1525
-824
-415
-194
76
437
568
482
554
769
953
885
466
-76
-650
-1110
-1284
-1258
-1206
-1114
-897
-700
-674
-817
-1458
-3125
-5455
-6881
-6430
-5432
-5816
-7317
-8277
-8503
-8920
-9259
-8057
-5432
-3686
-3777
-3921
-2562
-277
1518
2874
4886
7058
7673
6731
6271
7767
9997
10814
10442
10387
10319
9048
7137
6663
7803
7946
5863
3375
2267
1758
420
-1048
-1260
-950
-1977
-4169
-5444
-5082
-4549
-4809
-4924
-4214
-3590
-3968
-4477
-3580
-1631
-295
-315
-657
-84
1160
2085
2622
3432
4341
4435
3771
3660
4562
5261
4766
3799
3439
3163
2269
1268
797
535
-363
-1706
-2615
-3138
-3782
-4419
-4695
-4512
-4207
-4214
-4362
-4166
-3434
-2532
-1986
-1763
-1345
-719
-412
-371
-45
490
786
752
856
1293
1325
450
-458
-639
-451
-415
-607
-486
-150
-251
-411
-178
-359
-1977
-4600
-6263
-5778
-4917
-5549
-6907
-7717
-8058
-8886
-9836
-8948
-6262
-4467
-4632
-4999
-3754
-1358
341
1554
3823
6368
7127
6167
5824
7594
9821
10376
10085
10418
10644
9353
7360
6992
8275
8527
6496
4221
3394
2887
1367
-210
-437
-163
-1432
-3903
-5228
-4914
-4638
-5203
-5657
-5261
-4942
-5508
-5798
-4676
-2927
-1865
-1635
-1290
-345
519
1029
1943
3449
4602
4607
3970
3995
4806
5320
5058
4564
4327
3973
3098
2171
1840
1666
871
-294
-1128
-1667
-2519
-3515
-3890
-3690
-3702
-4160
-4356
-3963
-3418
-3029
-2728
-2314
-1872
-1571
-1393
-1129
-703
-256
-31
-87
12
256
153
-356
-917
-1106
-1098
-1149
-922
-256
320
509
786
1291
946
-1457
-4763
-6111
-5008
-3973
-4931
-6680
-7317
-7636
-9084
-10188
-8530
-5175
-3735
-4954
-5628
-3785
-1363
-239
1040
3989
6725
6491
4500
4541
7315
9760
9961
9670
10466
10717
8796
6645
7127
9148
9055
6242
3954
3741
3332
1321
-250
313
827
-1316
-4479
-5414
-4426
-4266
-5397
-5479
-4079
-3580
-4849
-5744
-4348
-1973
-879
-1062
-894
153
847
193
-360
949
2991
3878
3328
3021
3857
4075
3100
2826
3930
4805
4058
2398
1587
1298
354
-307
-210
-249
-1228
-2892
-3795
-3423
-2811
-2522
-2443
-2477
-2327
-2274
-2670
-2625
-1780
-878
-577
-996
-1368
-1202
-902
-746
-447
-252
-719
-1900
-2977
-3007
-2171
-1341
-843
-555
-307
257
732
-167
-2722
-5271
-5705
-4283
-3836
-5460
-7065
-7305
-7466
-8866
-9729
-7590
-4174
-3392
-5007
-5316
-3022
-557
492
1986
5160
7473
6600
4681
5365
8521
10653
10321
9823
10558
10568
8537
6752
7680
9525
8686
5500
3606
3798
3170
801
-535
638
1230
-1425
-4776
-5243
-3907
-4137
-5710
-5759
-4317
-4296
-6077
-6669
-4645
-2226
-1664
-1975
-1105
426
879
574
1328
3322
4537
3884
3150
3952
5247
5216
4085
3634
4065
3801
2566
1757
1743
1342
-74
-1352
-1637
-1758
-2551
-3609
-4033
-3879
-3825
-3903
-3693
-3275
-3000
-3116
-3244
-2969
-2362
-1536
-881
-737
-812
-844
-721
-217
209
46
-707
-1786
-2427
-2330
-1797
-893
-27
244
195
294
408
-570
-3163
-5337
-5131
-3850
-4105
-5990
-7144
-6872
-7388
-9200
-9492
-6829
-4003
-4067
-5468
-4701
-1912
78
858
2664
5808
7424
6184
5007
6591
9482
10601
9938
10001
10969
10442
8125
6805
8024
9254
7651
4732
3565
3650
2444
149
-490
742
399
-2667
-5175
-4883
-3861
-4653
-5957
-5355
-4013
-4567
-6200
-6079
-3960
-2276
-2268
-2350
-1272
-51
270
469
1831
3874
4700
3862
3245
4079
5120
5056
4415
4373
4542
3651
2194
1633
1790
1215
-255
-1393
-1693
-2035
-3018
-3743
-3636
-3343
-3406
-3598
-3456
-3047
-2860
-2928
-2804
-2331
-1713
-1160
-977
-932
-650
-347
-164
-221
-446
-763
-1435
-2189
-2406
-2061
-1449
-911
-742
-545
61
416
-591
-3364
-6021
-6207
-4701
-4263
-5714
-7095
-7084
-7399
-9229
-10013
-7495
-4029
-3431
-5095
-4997
-2343
-180
561
2307
5843
8004
6646
4877
6303
9633
11259
10606
10284
11213
11127
9077
7559
8492
9917
8626
5323
3534
3746
3045
507
-1055
-152
208
-2475
-5577
-5715
-4284
-4690
-6454
-6498
-5029
-5079
-6807
-7012
-4533
-2111
-1835
-2242
-1361
74
369
140
1381
3896
5251
4581
3694
4337
5561
5641
4911
4758
5090
4576
3161
2235
2161
1682
188
-1241
-1680
-1923
-2870
-3978
-4203
-3858
-3812
-4041
-4032
-3694
-3529
-3575
-3432
-2957
-2166
-1373
-799
-371
-165
-180
-368
-439
-227
-240
-846
-1651
-2125
-2142
-1742
-1085
-306
353
665
254
-1816
-5069
-6994
-6042
-4047
-4195
-6425
-7863
-7894
-8603
-9990
-9203
-5671
-3057
-3957
-5749
-4861
-2018
113
1423
3735
6565
7217
5554
4749
6912
10188
11497
10797
10419
10852
10273
8478
7865
9490
10507
8300
4993
3940
4351
3099
444
-299
867
291
-3045
-5587
-5096
-4188
-5341
-6780
-6021
-4574
-5357
-7403
-7266
-4456
-2126
-2081
-2462
-1357
-57
-264
-600
1185
4394
5819
4618
3527
4248
5349
5330
4946
5415
5716
4249
2087
1200
1543
1480
209
-1177
-1718
-2233
-3349
-4114
-3755
-3051
-3279
-4190
-4342
-3605
-3246
-3572
-3512
-2638
-1806
-1610
-1407
-640
35
-149
-638
-668
-653
-1028
-1502
-1615
-1321
-1151
-1092
-631
55
828
1104
-468
-3885
-6688
-6610
-4553
-3850
-5591
-7402
-8057
-8833
-10106
-9847
-6809
-3641
-3542
-5238
-5252
-2938
-422
1258
3346
6078
7270
6001
4868
6436
9710
11538
11057
10372
10693
10658
9197
8111
9115
10353
8944
5717
4111
4550
3913
1303
-349
308
427
-2155
-5108
-5468
-4551
-5273
-6928
-6935
-5482
-5262
-6848
-7543
-5861
-3518
-2465
-2237
-1284
100
397
-54
781
3321
5509
5632
4738
4676
5097
4932
4523
4908
5688
5157
3330
1820
1441
1318
610
-392
-1082
-1693
-2794
-3814
-3840
-3217
-3071
-3780
-4329
-4174
-4028
-4242
-4230
-3438
-2446
-2012
-1883
-1488
-981
-798
-774
-718
-800
-1233
-1846
-2070
-1671
-976
-449
-280
-55
827
1519
67
-3478
-6370
-6292
-4475
-4209
-5972
-7317
-7570
-8374
-9979
-9974
-6975
-3783
-3655
-5308
-5354
-3186
-791
791
2825
5645
7036
5946
4712
6071
9375
11389
10932
10178
10611
10807
9545
8449
9368
10729
9611
6577
4871
5086
4473
2087
407
761
831
-1399
-4005
-4427
-3921
-5009
-6871
-6925
-5302
-4814
-6332
-7213
-5827
-3853
-3084
-2894
-1686
-3
168
-802
-513
1684
4051
4830
4558
4869
5379
4935
4201
4480
5511
5534
3943
2388
1887
1512
573
-329
-682
-1175
-2613
-4117
-4232
-3409
-3215
-3929
-4369
-3952
-3620
-4009
-4339
-3786
-2884
-2477
-2230
-1569
-898
-977
-1716
-2236
-2221
-2179
-2505
-2798
-2563
-1894
-1213
-704
170
1495
1844
-313
-4097
-6330
-5309
-3369
-3586
-5433
-6585
-7151
-8688
-10187
-8722
-4652
-2224
-3407
-5276
-4708
-2356
-352
1496
4273
6671
6506
4632
4227
6666
9876
11252
11001
10715
10606
9706
8212
7974
9506
10360
8494
5554
4384
4640
3743
1574
616
1212
663
-2004
-4111
-3900
-3519
-4866
-6321
-5834
-4560
-4999
-6694
-6950
-5246
-3543
-2973
-2610
-1387
-132
-152
-651
193
2402
4183
4347
3873
4227
4743
4332
3810
4289
5232
4983
3379
2075
1803
1533
714
25
-201
-678
-1970
-3179
-3213
-2538
-2381
-3028
-3661
-3775
-3841
-4200
-4337
-3736
-2869
-2408
-2235
-1981
-1697
-1788
-2316
-2707
-2681
-2637
-2799
-3081
-3042
-2332
-1489
-823
191
1320
820
-2353
-6137
-6957
-4765
-3275
-4214
-5570
-6003
-7045
-9345
-9927
-6519
-2324
-1653
-3634
-4559
-3254
-1414
231
2907
6165
7327
5794
4258
5198
8134
10489
10968
10669
10470
9821
8436
7449
8179
9581
9108
6656
4754
4440
4026
2415
995
1027
1082
-547
-2704
-3465
-3519
-4494
-5826
-5737
-4369
-3879
-5052
-6004
-5308
-3855
-2782
-2054
-1160
-249
-218
-791
-427
1215
2998
3830
3883
4171
4575
4020
3012
2928
3804
4331
3442
1908
1061
758
322
-120
-319
-468
-1141
-2269
-2797
-2426
-1954
-1919
-2126
-2167
-2084
-2231
-2485
-2294
-1680
-1108
-775
-657
-885
-1581
-2468
-3025
-3083
-3091
-3232
-3254
-3070
-2785
-2392
-1768
-710
179
-551
-3434
-6718
-7669
-5890
-4193
-4661
-5963
-6577
-7451
-9319
-9882
-6892
-2709
-1524
-3236
-4159
-2851
-1019
648
3204
6335
7566
6121
4578
5360
7934
10032
10661
10511
10182
9409
8113
7215
7624
8640
8393
6495
4712
4143
3611
2024
488
324
451
-840
-2667
-3121
-2815
-3631
-5210
-5486
-4308
-3683
-4270
-4672
-4221
-3637
-3098
-1987
-371
762
799
388
515
1534
3047
4039
4204
4146
4106
3673
2904
2879
3752
4046
2964
1638
1107
609
-407
-975
-567
-407
-1497
-2740
-2763
-2027
-1773
-1936
-1691
-1311
-1469
-1984
-2219
-1880
-1297
-784
-497
-455
-600
-965
-1636
-2345
-2697
-2806
-2997
-3275
-3261
-2711
-2128
-1777
-1224
-705
-1523
-4359
-7410
-7963
-6129
-4769
-5338
-6436
-6969
-7924
-9515
-9353
-6062
-2343
-1592
-3049
-3511
-2188
-498
1249
3901
6728
7509
6031
4820
5722
8034
9996
10746
10620
10044
9039
7810
7105
7437
8075
7473
5465
3727
3229
2850
1484
175
56
15
-1301
-2911
-3123
-2607
-3337
-4944
-5291
-4228
-3575
-4038
-4390
-3639
-2564
-2046
-1498
-315
1047
1639
1340
1273
2153
3427
4114
4117
4028
3949
3379
2437
2157
2763
3122
2330
965
71
-336
-753
-1111
-1199
-1316
-1824
-2599
-3102
-2980
-2472
-2099
-1972
-1796
-1524
-1437
-1474
-1171
-548
-151
-112
-12
159
-290
-1520
-2653
-2972
-2751
-2533
-2356
-2174
-2226
-2346
-1891
-1178
-1844
-4593
-7508
-8067
-6543
-5557
-6212
-7069
-7238
-7882
-9430
-9622
-6773
-3097
-1889
-2878
-3146
-1637
172
1702
4028
6901
8218
7261
6067
6669
8553
10013
10570
10766
10639
9632
7965
6913
7222
7857
7261
5420
3808
3187
2574
1216
64
-39
-135
-1489
-3196
-3500
-2969
-3520
-4898
-5184
-4265
-3948
-4638
-4775
-3734
-2639
-2101
-1394
-151
881
1208
1320
1785
2734
3830
4500
4522
4252
4010
3526
2631
2081
2391
2601
1740
369
-437
-682
-984
-1307
-1263
-1310
-2030
-2927
-3125
-2699
-2393
-2341
-2128
-1748
-1565
-1503
-1134
-520
-184
-188
-225
-210
-287
-573
-1132
-1960
-2731
-2946
-2640
-2402
-2328
-2028
-1472
-1033
-1280
-2558
-4748
-6977
-7793
-6847
-5784
-6077
-7234
-8136
-8788
-9421
-8993
-6542
-3552
-2422
-3026
-3247
-2052
-236
1616
3937
6340
7356
6673
5939
6616
8260
9588
10260
10583
10433
9579
8377
7605
7579
7745
7327
6178
4857
3846
2897
1704
679
306
141
-703
-2038
-2899
-3246
-3821
-4557
-4573
-3853
-3626
-4398
-4969
-4305
-2945
-1897
-1193
-320
502
683
524
958
2230
3585
4261
4225
3857
3404
2970
2685
2760
3067
3074
2345
987
-256
-826
-884
-865
-871
-944
-1347
-2273
-3166
-3121
-2284
-1612
-1547
-1776
-1908
-1973
-1958
-1461
-543
81
35
-373
-702
-962
-1414
-1982
-2398
-2637
-2787
-2870
-2819
-2433
-1635
-757
-600
-2054
-4901
-7456
-7925
-6364
-4888
-5214
-6749
-8004
-8720
-9252
-8871
-6611
-3652
-2479
-3327
-3850
-2582
-489
1320
3230
5416
6682
6384
5821
6467
8000
9235
9864
10211
10206
9587
8610
7927
7762
7719
7286
6375
5422
4762
3998
2632
1105
275
152
-92
-786
-1483
-2129
-3215
-4405
-4632
-3766
-3076
-3608
-4678
-5024
-4455
-3414
-2227
-1124
-450
-428
-607
-230
837
2188
3248
3630
3439
2978
2526
2251
2183
2383
2726
2725
2101
1057
83
-489
-690
-638
-554
-763
-1363
-2131
-2635
-2590
-2100
-1514
-1185
-1223
-1441
-1595
-1504
-1119
-527
38
219
-172
-934
-1676
-2106
-2240
-2248
-2207
-2249
-2498
-2767
-2604
-1804
-912
-931
-2347
-4670
-6629
-7025
-5820
-4350
-4089
-5226
-6783
-7858
-8119
-7277
-5303
-3174
-2187
-2360
-2444
-1624
-265
1140
2684
4245
5162
5251
5231
5736
6508
6974
7225
7690
8258
8417
7947
7127
6403
5929
5618
5454
5455
5453
4973
3693
2135
1207
1170
1494
1650
1540
1019
-89
-1401
-2141
-2062
-1719
-1624
-1803
-2210
-2800
-3233
-3052
-2321
-1623
-1307
-1258
-1275
-1238
-1041
-606
-107
227
424
553
566
475
509
792
1039
986
777
675
610
351
-2
-195
-279
-452
-671
-731
-676
-687
-652
-373
-20
89
-17
-69
-99
-283
-480
-442
-370
-739
-1502
-2117
-2305
-2288
-2351
-2527
-2849
-3363
-3795
-3710
-3050
-2254
-1675
-1307
-1121
-1217
-1656
-2207
-2555
-2578
-2303
-1915
-1658
-1677
-1945
-2328
-2636
-2625
-2194
-1623
-1355
-1435
-1418
-1049
-525
-60
393
827
997
890
955
1514
2236
2614
2636
2643
2773
2887
2984
3242
3663
4003
4060
3906
3763
3744
3805
3879
4022
4187
4182
3902
3531
3354
3353
3314
3229
3166
2957
2391
1617
1036
734
442
14
-408
-744
-1132
-1632
-2111
-2390
-2441
-2379
-2296
-2253
-2259
-2289
-2365
-2431
-2325
-1936
-1425
-1062
-901
-817
-768
-787
-741
-419
63
349
320
204
237
406
615
841
966
816
431
124
138
324
306
-90
-727
-1345
-1709
-1751
-1620
-1616
-1915
-2401
-2806
-2956
-2832
-2561
-2342
-2341
-2497
-2540
-2290
-1778
-1164
-621
-267
-186
-339
-483
-366
11
363
360
9
-396
-647
-709
-664
-615
-685
-936
-1233
-1284
-1040
-725
-569
-578
-554
-434
-347
-328
-249
-32
242
460
709
1078
1411
1538
1547
1665
1918
2161
2380
2667
2909
2908
2737
2715
2986
3355
3587
3640
3568
3362
3059
2828
2814
2945
2985
2809
2447
2003
1579
1213
958
826
735
552
173
-296
-649
-828
-833
-668
-437
-321
-430
-652
-846
-972
-1000
-859
-606
-470
-642
-1017
-1256
-1192
-951
-770
-783
-959
-1214
-1457
-1594
-1568
-1417
-1300
-1377
-1615
-1802
-1815
-1736
-1719
-1808
-1963
-2144
-2273
-2280
-2173
-2088
-2119
-2203
-2218
-2082
-1822
-1531
-1274
-1151
-1145
-1083
-791
-263
305
642
607
347
150
191
440
719
833
648
193
-265
-421
-245
-10
13
-203
-510
-756
-841
-727
-471
-244
-155
-149
-97
84
359
627
818
924
958
962
1018
1206
1477
1638
1606
1552
1696
1986
2200
2272
2292
2333
2301
2202
2193
2307
2404
2319
2147
2046
1986
1825
1548
1323
1238
1223
1174
1054
868
607
332
197
273
460
552
421
124
-173
-325
-280
-112
41
34
-169
-468
-668
-644
-521
-489
-641
-881
-1106
-1306
-1451
-1485
-1457
-1476
-1594
-1723
-1772
-1785
-1809
-1829
-1843
-1886
-1925
-1882
-1764
-1685
-1687
-1691
-1620
-1501
-1355
-1189
-1070
-1057
-1099
-1049
-839
-550
-298
-169
-154
-163
-51
210
454
556
513
398
266
150
145
244
248
57
-228
-434
-530
-606
-645
-633
-611
-674
-796
-810
-648
-413
-227
-112
2
127
227
324
474
685
869
954
988
1055
1126
1117
1063
1093
1251
1403
1414
1334
1266
1236
1224
1252
1386
1573
1637
1500
1322
1306
1453
1603
1678
1720
1705
1565
1379
1360
1549
1693
1564
1250
1022
964
977
990
985
908
669
350
181
236
355
324
77
-265
-592
-837
-983
-1055
-1093
-1206
-1433
-1688
-1841
-1853
-1830
-1836
-1834
-1824
-1877
-1993
-2074
-2025
-1891
-1772
-1665
-1551
-1462
-1405
-1381
-1315
-1156
-960
-787
-680
-629
-618
-633
-584
-394
-128
36
10
-89
-136
-116
-45
86
227
231
30
-239
-386
-348
-229
-163
-190
-290
-444
-600
-659
-557
-381
-269
-253
-261
-217
-160
-96
30
257
490
596
578
534
551
597
631
698
807
883
862
776
734
761
818
900
1016
1114
1100
985
901
959
1130
1322
1452
1483
1424
1294
1212
1274
1458
1615
1607
1453
1286
1198
1177
1196
1209
1198
1109
902
681
556
549
554
479
358
219
53
-136
-296
-361
-367
-413
-556
-748
-941
-1119
-1245
-1260
-1192
-1173
-1286
-1489
-1654
-1702
-1660
-1581
-1488
-1421
-1439
-1532
-1585
-1486
-1253
-1017
-873
-824
-810
-777
-692
-526
-338
-236
-271
-358
-377
-332
-284
-265
-301
-401
-556
-689
-708
-644
-602
-645
-723
-769
-768
-727
-643
-528
-450
-420
-395
-332
-222
-98
14
131
260
393
501
564
601
613
650
750
905
1063
1144
1120
1045
991
1013
1120
1257
1349
1318
1176
1041
1028
1134
1271
1362
1360
1273
1144
1047
1050
1140
1205
1158
1025
896
835
820
801
773
715
612
505
458
488
500
411
250
119
58
19
-28
-96
-203
-367
-547
-644
-649
-659
-765
-946
-1104
-1195
-1236
-1255
-1258
-1291
-1382
-1493
-1539
-1471
-1367
-1327
-1358
-1381
-1329
-1211
-1079
-973
-881
-816
-768
-675
-513
-322
-208
-217
-256
-228
-109
40
168
222
168
39
-79
-81
21
127
154
81
-62
-189
-222
-147
-41
6
-18
-62
-95
-91
-32
46
108
152
215
316
410
443
444
473
556
686
833
963
1014
945
820
768
836
994
1141
1172
1060
862
699
658
732
843
879
779
552
305
186
215
301
308
199
47
-98
-177
-174
-91
-23
-34
-106
-156
-126
-45
14
10
-29
-68
-77
-50
-4
15
-25
-102
-163
-151
-91
-79
-156
-287
-386
-439
-479
-496
-503
-559
-697
-859
-934
-897
-864
-904
-992
-1056
-1076
-1058
-976
-847
-744
-722
-724
-642
-457
-261
-133
-88
-76
-36
51
194
365
470
430
307
239
294
425
507
487
399
275
162
125
179
270
296
204
61
-32
-54
-36
-17
-3
0
-17
-39
-28
17
56
84
136
242
361
436
449
424
414
471
602
775
900
899
794
666
604
644
734
797
785
675
489
306
225
255
305
268
132
-35
-170
-255
-281
-264
-253
-298
-386
-437
-428
-406
-410
-407
-365
-307
-268
-243
-209
-184
-191
-200
-157
-70
-11
-37
-97
-112
-110
-125
-141
-135
-143
-221
-343
-406
-375
-331
-355
-435
-502
-547
-576
-581
-537
-491
-504
-556
-565
-482
-345
-255
-245
-260
-257
-213
-118
33
179
226
153
61
69
186
327
415
426
362
247
157
188
320
422
420
318
204
118
81
102
152
181
149
81
37
24
4
-24
-26
25
79
115
107
74
44
38
92
217
359
423
365
239
171
226
383
540
595
517
347
175
113
195
324
370
271
79
-100
-181
-157
-87
-49
-98
-212
-329
-370
-325
-248
-220
-248
-286
-284
-226
-161
-115
-91
-85
-94
-76
1
91
129
96
60
69
98
113
95
66
38
6
4
45
69
10
-108
-197
-218
-178
-129
-93
-99
-176
-281
-336
-271
-130
-35
-35
-85
-154
-200
-198
-123
4
76
41
-47
-88
-71
-24
16
39
52
27
-27
-58
-55
-35
-27
-50
-62
-50
-42
-58
-84
-83
-52
-19
-7
-16
-54
-110
-134
-94
-5
65
46
-46
-125
-153
-92
39
173
214
142
21
-44
21
165
301
340
273
140
39
54
182
330
388
331
201
99
71
110
164
192
166
87
17
-1
28
60
61
43
45
55
52
26
-8
-20
-21
-12
19
49
41
-8
-66
-85
-56
-11
18
14
-27
-93
-140
-129
-73
-32
-38
-80
-126
-135
-110
-69
-37
-33
-57
-97
-113
-70
-14
1
-18
-41
-34
-9
9
11
5
-15
-50
-82
-73
-43
-34
-57
-98
-119
-118
-93
-62
-45
-57
-99
-130
-109
-30
34
29
-9
-38
-31
10
58
94
98
41
-27
-44
13
80
79
11
-60
-75
-41
12
46
37
-17
-82
-87
-7
86
111
60
-8
-32
-1
66
138
179
161
92
36
40
93
148
163
138
73
14
-2
26
68
94
79
39
15
15
31
33
4
-39
-59
-39
-6
-5
-42
-85
-124
-128
-93
-34
0
-23
-83
-131
-119
-69
-29
-20
-42
-85
-115
-98
-44
11
14
-28
-76
-76
-21
43
62
32
-14
-51
-53
-20
34
62
39
-9
-39
-32
-12
3
14
31
32
19
8
12
28
29
24
35
60
69
59
45
43
58
77
101
109
92
49
17
22
54
88
80
37
-5
-21
-19
2
22
22
-20
-79
-105
-82
-27
17
20
-6
-39
-65
-52
10
74
94
62
7
-25
-14
33
94
119
91
29
-9
1
29
33
8
-7
-13
-15
-15
-9
-16
-55
-105
-125
-90
-32
-17
-58
-117
-160
-170
-124
-46
14
-10
-90
-169
-167
-91
-6
45
49
29
1
-5
29
76
91
55
1
-20
-7
13
4
-7
-4
1
-1
-8
2
15
22
17
20
27
19
-1
-16
-9
15
21
9
1
-2
3
24
53
90
115
108
63
17
-1
24
68
85
72
32
-13
-42
-35
12
61
55
-12
-89
-122
-99
-46
-9
-12
-43
-81
-89
-69
-42
-34
-50
-72
-65
-29
7
34
39
27
19
16
41
96
134
118
66
24
28
77
121
130
102
50
6
1
38
90
100
57
-4
-41
-34
-5
17
13
-31
-87
-119
-99
-45
-5
-8
-44
-77
-76
-45
0
31
33
3
-41
-57
-27
18
31
18
-9
-39
-59
-61
-46
-17
-13
-34
-67
-86
-88
-92
-92
-75
-47
-40
-60
-82
-80
-62
-34
-5
22
33
11
-23
-19
32
97
134
133
101
64
50
63
111
160
160
96
25
-8
8
48
75
74
40
-14
-63
-63
-17
21
9
-40
-72
-80
-72
-53
-38
-33
-48
-66
-60
-24
7
9
-3
-14
-6
18
47
67
57
27
4
8
31
50
42
18
-1
-13
-15
-7
11
15
-3
-36
-60
-59
-50
-39
-36
-34
-40
-56
-61
-45
-18
1
16
26
33
30
28
41
76
115
131
131
114
99
87
82
91
92
83
65
38
25
22
22
19
8
-14
-45
-73
-89
-84
-67
-62
-81
-113
-130
-122
-100
-77
-61
-63
-78
-88
-77
-47
-17
0
6
2
-7
-12
-4
20
39
36
22
12
10
17
26
30
21
-16
-47
-55
-38
-18
-23
-48
-75
-86
-81
-60
-28
-16
-26
-45
-52
-34
1
31
44
45
41
37
39
56
74
86
88
85
89
91
94
82
75
78
72
64
49
32
17
12
20
33
33
13
-15
-39
-48
-41
-32
-29
-27
-33
-37
-24
-10
4
15
15
9
4
6
17
28
50
71
78
66
53
44
41
39
28
14
5
-11
-29
-34
-36
-34
-40
-50
-52
-51
-55
-66
-75
-71
-61
-57
-56
-53
-53
-60
-49
-28
-8
10
10
3
-2
5
17
29
41
34
6
-18
-16
9
25
27
6
-29
-59
-72
-59
-28
-3
-18
-44
-59
-54
-31
-7
9
13
1
-21
-27
-14
1
7
8
8
7
13
19
28
37
36
37
39
33
29
26
26
27
22
25
31
36
25
16
17
18
25
29
31
28
16
1
-1
9
17
15
10
13
17
24
30
35
29
8
-18
-32
-32
-26
-20
-15
-18
-21
-24
-25
-14
-7
-6
-10
-17
-23
-27
-20
-12
-2
10
10
8
0
-5
-2
3
11
18
15
5
-6
-4
-3
1
0
4
4
-2
-9
-9
1
8
15
14
9
4
0
-1
7
17
18
16
12
15
18
15
18
17
15
15
7
-2
-6
-11
-15
-13
-12
-6
-11
-26
-34
-24
-5
8
13
7
1
-11
-18
-7
0
0
-13
-25
-22
-14
-9
-10
-4
-3
-10
-17
-19
-19
-20
-18
-17
-15
-16
-24
-32
-40
-35
-29
-28
-26
-26
-25
-24
-24
-17
-6
5
11
8
1
-5
-18
-9
16
35
37
28
16
6
11
28
41
48
44
30
18
21
35
38
32
16
-3
-16
-7
4
14
15
7
7
10
19
25
23
15
9
5
11
17
18
17
8
6
8
21
33
37
35
26
17
12
20
27
20
10
-5
-19
-21
-11
-2
-2
-17
-40
-45
-35
-10
14
17
9
-8
-15
-14
-2
3
-6
-19
-34
-37
-28
-17
-15
-20
-24
-29
-27
-25
-26
-20
-14
-8
-5
1
4
-4
-7
-6
-3
5
12
10
4
-5
-18
-22
-13
-3
5
4
