0
0
0
1
2
1
2
1
0
-1
0
-2
-1
-2
0
-1
-1
0
0
0
0
2
1
1
1
2
1
1
1
1
2
1
-2
-2
-2
-1
-2
-1
-1
-1
0
1
2
1
2
1
1
2
1
1
-1
-1
-2
-3
-2
-2
-2
-2
-2
-1
-2
-2
-1
0
-1
-1
-1
0
0
0
1
2
1
0
0
0
0
-2
-1
-1
0
-1
1
0
1
1
1
0
0
0
-1
0
-2
-2
-1
-1
-1
-2
-1
-1
-2
-1
-1
-1
-1
0
0
-1
0
0
0
-1
0
0
2
1
1
2
1
0
0
1
0
-1
-1
0
1
0
0
0
1
2
2
2
1
0
0
1
2
2
3
2
2
3
4
3
4
3
2
3
2
2
-1
-1
0
-1
-1
-1
-1
-1
-1
-1
-1
-1
0
-1
1
0
-1
-1
-2
-2
-4
-2
-1
-1
1
0
1
1
2
3
2
2
2
2
1
1
0
-1
-1
0
-1
0
-1
0
-1
-1
-2
-1
-2
-3
-3
-4
-4
-4
-4
-3
-4
-3
-2
-1
-1
0
0
1
0
1
2
3
4
3
3
4
2
2
2
1
0
0
0
0
0
0
0
0
1
2
0
1
1
1
1
1
0
0
0
1
-1
-1
-1
-1
-1
-2
-3
-3
-2
-2
-2
-2
-2
-2
-1
0
0
0
0
0
0
0
0
0
0
0
0
0
0
1
0
0
0
0
-1
0
-1
-1
-1
0
-1
0
0
1
0
0
1
1
1
0
1
1
3
2
2
2
2
2
2
2
2
1
2
3
2
1
1
1
0
0
0
0
0
0
0
0
1
0
-1
-2
-2
-2
-1
-2
-2
-1
-1
-1
-1
-2
0
0
0
0
0
0
1
1
1
1
1
0
0
0
0
1
1
0
1
2
0
0
0
-2
0
0
0
-1
1
1
1
1
0
0
-2
-1
-1
-2
-1
-1
-1
0
0
0
0
1
2
1
1
2
0
-1
0
0
0
1
1
0
1
2
1
1
0
0
0
0
0
-1
0
-1
-1
-2
-2
-3
-3
-3
-3
-2
-1
0
1
2
2
3
2
3
3
2
1
1
1
1
0
0
-1
-1
1
0
-1
0
0
-1
0
0
0
2
1
1
1
2
1
0
0
0
-1
-1
-1
-1
-1
-1
-2
-1
-2
-2
-2
-3
-3
-4
-3
-4
-3
-2
-2
0
-1
1
0
-1
0
1
2
1
2
2
2
2
2
3
1
0
-1
-3
-2
-2
-2
-1
-1
1
0
1
2
1
3
3
2
4
4
4
4
5
5
4
4
2
2
1
2
0
1
0
0
0
-2
-2
-2
-1
-2
-1
-1
0
0
-1
0
-1
0
-1
0
0
1
1
2
1
1
1
1
1
0
0
1
0
-2
-2
-2
-3
-2
-2
-2
-2
-1
-1
0
-1
-1
-1
0
0
0
0
0
0
-1
-1
-1
-1
-2
-2
-1
-2
-1
-1
-1
-1
-1
-2
-2
-2
-2
-1
-1
-2
-1
0
0
1
0
1
1
1
3
1
2
0
0
0
0
0
0
-1
-1
-1
-1
-1
-1
-1
-1
-1
0
1
2
2
2
3
2
2
0
0
1
1
2
2
1
2
1
0
0
0
1
-1
-1
-1
-2
1
0
-1
0
0
1
1
0
1
2
1
2
2
3
2
1
0
0
1
-1
1
0
1
0
1
1
1
0
0
-1
-2
-3
-3
-3
-2
-2
-2
-2
-1
-2
-1
0
-1
-1
0
0
0
1
0
1
-1
0
0
-1
-1
0
0
-1
0
1
-2
-1
0
0
0
1
1
1
0
0
1
1
0
0
1
1
1
0
-1
-1
-1
0
0
0
-1
0
-1
-2
0
0
0
1
1
1
2
2
0
1
1
1
0
-1
-1
0
-1
-2
0
-1
-1
-2
-2
-1
-1
-1
-2
-1
-2
-1
-1
0
0
0
1
0
2
1
1
2
1
1
0
0
0
2
2
0
2
1
1
0
0
-1
-1
0
-1
-1
0
1
0
0
0
-1
-1
0
1
1
0
1
1
1
1
1
2
2
2
2
2
3
2
1
1
0
0
-2
-1
-1
-3
-1
-2
-2
-2
-2
-1
-1
0
0
-1
0
0
1
-1
0
-1
-1
-2
0
-1
-1
-2
-2
-3
-2
-2
-2
-2
-3
-1
0
0
0
3
2
2
2
2
2
2
3
2
3
1
0
0
-1
0
0
-1
0
0
1
0
0
0
2
2
1
1
1
1
0
0
-1
-2
-2
-2
-1
-1
-1
1
0
0
1
1
1
1
1
0
0
1
0
0
0
0
0
0
-1
0
0
-1
-2
-2
-1
-1
-1
-1
-1
0
0
2
1
2
2
2
1
2
-1
1
1
-1
0
0
0
1
0
-1
1
0
0
0
0
0
0
0
-1
-1
0
-1
-1
0
-2
-1
-2
-4
0
-2
-2
0
1
1
0
0
0
0
0
0
1
1
0
1
1
2
1
1
2
1
0
0
0
0
-1
0
-1
0
0
0
0
1
1
1
1
1
1
-1
1
0
-1
0
2
1
1
1
0
0
0
-2
-1
-1
0
-1
1
1
0
1
0
0
-1
1
1
1
1
0
-1
0
0
0
0
1
-1
1
0
-1
-1
-1
0
0
0
0
-1
-1
0
0
-1
-2
-1
-1
0
0
-1
-1
-1
1
0
1
1
1
0
0
-1
-1
-1
-1
-1
0
-1
0
0
-1
1
0
-1
0
-1
-2
-2
-2
-2
-3
-1
-1
-1
1
0
1
2
2
2
2
3
2
1
2
1
2
2
1
0
0
0
0
0
-1
-1
-1
-1
-1
-1
-1
-1
-1
0
0
-1
1
0
0
1
0
0
0
-1
0
1
2
0
0
1
0
1
0
1
2
1
0
0
0
-1
0
0
0
0
0
0
1
1
0
0
-1
-1
1
1
-1
1
0
0
-1
-1
0
0
0
1
1
0
0
1
2
0
1
1
0
1
1
0
0
0
1
-2
0
-2
-2
-1
-2
-2
-2
-2
-2
-1
-1
0
0
1
0
0
-1
-1
-1
-1
-1
-2
-1
-1
-2
-1
-1
-1
0
0
1
1
1
0
0
0
-1
0
0
-1
0
0
0
1
1
0
0
0
1
1
1
1
0
0
-1
0
1
0
1
1
-1
0
0
-1
-1
0
0
1
0
2
2
3
2
3
3
2
2
2
2
2
3
2
3
1
2
1
0
0
-1
-3
-3
-2
-2
-2
-2
-3
-2
-2
-3
-2
-1
-2
-2
-1
-1
-1
0
0
0
1
0
1
1
1
1
1
1
1
0
-1
-1
-1
-1
-1
-2
-2
-1
-1
-1
0
-1
0
1
1
0
-1
0
1
-2
-3
-2
-3
-2
-2
-3
-2
-3
-4
-2
-2
-2
-1
-2
-1
-1
-1
0
1
0
0
0
1
1
1
2
1
1
1
3
3
3
3
3
3
4
3
2
2
2
3
3
4
4
4
4
5
5
5
4
4
4
4
4
3
3
2
2
2
2
1
1
1
1
1
0
0
0
-2
-3
-2
-2
-3
-4
-3
-3
-4
-3
-4
-4
-4
-3
-3
-3
-2
-1
-1
-1
0
0
0
-1
0
-1
0
0
2
5
7
8
10
11
13
15
16
19
19
20
21
21
20
19
18
17
16
13
10
9
6
3
1
-3
-5
-8
-12
-15
-18
-23
-27
-32
-38
-44
-48
-52
-56
-59
-62
-63
-67
-68
-71
-73
-76
-82
-86
-92
-98
-104
-109
-111
-111
-112
-108
-104
-99
-91
-82
-71
-60
-47
-36
-24
-12
2
17
30
47
66
83
102
121
142
161
180
200
215
232
250
266
278
289
299
308
317
323
323
324
323
319
314
305
295
281
266
251
232
215
197
177
155
132
109
84
60
34
4
-22
-52
-82
-113
-144
-176
-212
-242
-272
-302
-328
-350
-375
-396
-415
-432
-447
-457
-471
-481
-487
-494
-499
-505
-508
-512
-511
-508
-504
-492
-474
-456
-432
-407
-383
-357
-335
-313
-298
-283
-269
-260
-252
-248
-243
-234
-222
-209
-193
-178
-155
-125
-92
-54
-17
26
73
125
182
244
309
372
437
506
579
654
726
795
861
924
987
1047
1100
1147
1187
1223
1251
1272
1284
1288
1281
1261
1233
1194
1140
1074
997
905
804
690
572
449
319
182
44
-96
-235
-375
-511
-644
-775
-898
-1014
-1125
-1228
-1322
-1404
-1474
-1535
-1584
-1620
-1639
-1643
-1629
-1599
-1559
-1504
-1436
-1355
-1262
-1161
-1050
-932
-805
-672
-534
-389
-243
-96
51
199
347
492
636
776
907
1028
1143
1249
1345
1430
1503
1563
1609
1644
1668
1676
1674
1658
1628
1589
1537
1470
1395
1309
1206
1092
963
825
676
518
353
183
8
-176
-364
-555
-750
-945
-1140
-1331
-1517
-1704
-1881
-2048
-2205
-2349
-2482
-2603
-2704
-2788
-2855
-2905
-2931
-2936
-2914
-2866
-2793
-2690
-2565
-2408
-2226
-2018
-1784
-1533
-1265
-983
-686
-377
-58
261
583
902
1217
1525
1827
2118
2387
2638
2870
3083
3274
3443
3584
3695
3777
3833
3859
3862
3842
3786
3705
3597
3467
3319
3153
2967
2761
2537
2299
2045
1786
1518
1239
957
673
384
98
-185
-467
-749
-1025
-1295
-1557
-1803
-2046
-2274
-2489
-2681
-2857
-3010
-3142
-3255
-3345
-3408
-3434
-3435
-3404
-3349
-3270
-3161
-3025
-2858
-2669
-2463
-2238
-1995
-1732
-1457
-1170
-873
-576
-276
21
325
622
906
1177
1436
1670
1887
2084
2253
2394
2510
2607
2678
2725
2740
2733
2694
2629
2548
2436
2305
2147
1959
1751
1530
1290
1030
762
477
184
-112
-412
-716
-1024
-1338
-1651
-1947
-2236
-2518
-2794
-3061
-3312
-3546
-3755
-3941
-4105
-4251
-4365
-4442
-4472
-4455
-4394
-4292
-4145
-3951
-3701
-3397
-3048
-2666
-2255
-1813
-1345
-849
-328
196
717
1231
1738
2240
2726
3188
3617
4015
4381
4715
5019
5288
5509
5681
5808
5893
5939
5942
5902
5818
5693
5530
5339
5119
4868
4581
4265
3926
3565
3184
2785
2374
1944
1498
1049
599
149
-306
-760
-1213
-1651
-2075
-2485
-2876
-3250
-3598
-3919
-4206
-4464
-4696
-4898
-5064
-5191
-5271
-5304
-5291
-5246
-5159
-5028
-4857
-4646
-4404
-4130
-3831
-3502
-3145
-2766
-2365
-1952
-1535
-1112
-685
-262
153
553
937
1302
1645
1966
2263
2529
2766
2964
3130
3264
3365
3440
3486
3506
3493
3457
3398
3312
3201
3067
2907
2720
2514
2290
2050
1793
1520
1226
918
598
270
-65
-409
-758
-1111
-1457
-1784
-2101
-2413
-2724
-3029
-3321
-3589
-3838
-4066
-4292
-4501
-4683
-4824
-4900
-4917
-4889
-4826
-4719
-4552
-4303
-3973
-3595
-3183
-2748
-2276
-1753
-1181
-585
10
579
1125
1674
2232
2791
3315
3788
4210
4591
4954
5307
5619
5862
6030
6138
6207
6246
6251
6205
6098
5932
5734
5515
5277
5008
4696
4340
3957
3565
3170
2775
2362
1932
1486
1047
617
199
-222
-646
-1068
-1485
-1882
-2260
-2621
-2976
-3326
-3662
-3977
-4270
-4538
-4784
-5000
-5187
-5338
-5447
-5511
-5533
-5509
-5443
-5332
-5172
-4962
-4703
-4406
-4070
-3706
-3300
-2868
-2412
-1939
-1458
-967
-476
13
489
948
1383
1788
2163
2507
2815
3081
3303
3484
3625
3725
3793
3823
3815
3776
3707
3617
3506
3366
3201
3008
2795
2568
2324
2076
1810
1525
1223
912
602
287
-35
-370
-722
-1089
-1441
-1778
-2100
-2418
-2749
-3091
-3426
-3738
-4025
-4282
-4530
-4779
-5013
-5200
-5309
-5326
-5285
-5214
-5113
-4960
-4710
-4354
-3924
-3459
-2983
-2479
-1919
-1284
-597
96
747
1348
1924
2518
3129
3720
4240
4669
5038
5383
5729
6061
6324
6486
6555
6576
6586
6592
6565
6460
6273
6042
5799
5568
5320
5017
4643
4220
3779
3349
2929
2495
2025
1525
1019
529
62
-399
-874
-1362
-1845
-2300
-2712
-3088
-3447
-3800
-4139
-4450
-4731
-4990
-5227
-5446
-5643
-5798
-5899
-5933
-5919
-5860
-5757
-5612
-5409
-5151
-4844
-4498
-4113
-3693
-3231
-2725
-2192
-1647
-1110
-587
-82
410
885
1339
1763
2149
2501
2823
3114
3370
3583
3743
3856
3931
3979
3994
3985
3950
3890
3805
3694
3552
3369
3158
2927
2684
2424
2139
1826
1505
1189
888
588
273
-75
-456
-843
-1208
-1532
-1845
-2181
-2554
-2945
-3323
-3663
-3980
-4307
-4673
-5073
-5458
-5766
-5951
-6038
-6075
-6090
-6065
-5937
-5654
-5226
-4728
-4216
-3702
-3142
-2473
-1688
-828
11
768
1455
2126
2830
3555
4236
4807
5259
5641
6020
6414
6784
7060
7199
7226
7199
7168
7134
7059
6909
6674
6395
6116
5852
5586
5259
4852
4387
3903
3427
2962
2496
2004
1486
958
443
-53
-540
-1027
-1526
-2024
-2504
-2954
-3374
-3784
-4180
-4549
-4883
-5184
-5468
-5740
-5988
-6195
-6339
-6415
-6418
-6363
-6260
-6087
-5849
-5551
-5208
-4840
-4497
-4143
-3705
-3175
-2580
-1966
-1337
-724
-149
410
941
1415
1828
2227
2632
3035
3442
3865
4226
4467
4578
4642
4678
4686
4696
4671
4593
4454
4247
3984
3638
3224
2766
2265
1768
1337
1009
749
488
195
-153
-553
-1002
-1482
-1959
-2426
-2887
-3347
-3812
-4286
-4774
-5315
-5975
-6760
-7551
-8158
-8492
-8573
-8379
-7847
-6996
-6009
-5008
-3941
-2759
-1540
-388
735
1937
3203
4435
5534
6445
7073
7323
7221
6875
6403
5892
5417
5016
4660
4360
4186
4139
4081
3903
3695
3589
3628
3818
4203
4765
5342
5767
5988
6059
5942
5545
4885
4086
3271
2504
1802
1156
473
-341
-1274
-2250
-3192
-4066
-4805
-5340
-5659
-5745
-5583
-5225
-4832
-4559
-4416
-4343
-4285
-4215
-4111
-3952
-3767
-3570
-3345
-3094
-2877
-2784
-2821
-2905
-2903
-2695
-2256
-1627
-913
-194
476
1058
1521
1827
1978
2009
2015
2080
2239
2468
2690
2824
2800
2614
2334
2039
1791
1636
1600
1687
1863
2073
2248
2314
2227
1967
1598
1202
863
597
382
187
-26
-279
-613
-1048
-1605
-2210
-2806
-3365
-3848
-4230
-4438
-4512
-4573
-4715
-4923
-5169
-5639
-6434
-7337
-7897
-7942
-7669
-7136
-6153
-4635
-2962
-1534
-331
862
2055
3075
4033
5145
6355
7365
7954
8071
7662
6723
5409
3921
2460
1282
681
659
892
1187
1608
2178
2650
2884
3130
3711
4613
5613
6637
7661
8421
8541
7921
6815
5465
3960
2412
1032
-40
-795
-1339
-1841
-2518
-3432
-4375
-5097
-5484
-5447
-4816
-3613
-2181
-890
147
905
1182
848
158
-486
-945
-1357
-1765
-2144
-2706
-3792
-5378
-6917
-8001
-8587
-8607
-7733
-5866
-3517
-1224
811
2502
3572
3936
4007
4159
4338
4339
4228
4039
3486
2336
774
-812
-2237
-3365
-3796
-3272
-2037
-616
752
2074
3161
3783
3955
3974
3954
3857
3755
3724
3637
3157
2190
904
-453
-1701
-2672
-3271
-3614
-3828
-3882
-3762
-3678
-3833
-4042
-3973
-3691
-3467
-3316
-3045
-2987
-3824
-5560
-7298
-8271
-8706
-8931
-8594
-7183
-5030
-3011
-1425
-17
1314
2332
3095
4047
5363
6747
7804
8336
8247
7473
6151
4460
2602
921
-108
-230
223
845
1548
2437
3301
3782
3966
4266
4922
5746
6587
7493
8372
8810
8466
7425
5994
4379
2685
1127
-92
-906
-1350
-1525
-1652
-2046
-2748
-3465
-3891
-3933
-3551
-2671
-1429
-227
650
1200
1418
1118
276
-819
-1826
-2540
-3054
-3573
-4478
-5823
-7279
-8359
-8814
-8670
-7774
-6155
-3985
-1648
618
2553
3820
4317
4238
3989
3635
3147
2515
1726
809
-323
-1595
-2795
-3735
-4181
-3976
-3042
-1530
268
2020
3465
4515
5110
5319
5123
4611
3979
3455
3095
2752
2225
1395
309
-894
-2088
-3103
-3751
-4020
-3974
-3729
-3182
-2456
-1842
-1494
-1333
-1171
-1053
-1004
-1049
-1629
-3294
-5899
-8360
-9762
-10334
-10520
-10016
-8228
-5597
-3180
-1350
300
1969
3276
4218
5304
6781
8191
8966
9002
8382
7025
4965
2525
186
-1661
-2589
-2392
-1428
-268
817
1996
3079
3678
3859
4251
5175
6319
7400
8484
9493
9802
8947
7191
5155
3061
964
-815
-1927
-2383
-2416
-2254
-2080
-2153
-2561
-3045
-3279
-3016
-2143
-693
986
2377
3234
3563
3357
2465
970
-708
-2261
-3591
-4731
-5666
-6571
-7643
-8659
-9110
-8725
-7698
-6133
-3973
-1323
1327
3520
5076
5878
5883
5214
4239
3163
1955
612
-717
-1883
-2917
-3824
-4473
-4711
-4470
-3739
-2460
-739
1148
2839
4147
5044
5516
5500
4990
4136
3139
2137
1186
376
-347
-1086
-1878
-2631
-3260
-3737
-4054
-4047
-3662
-3018
-2344
-1808
-1317
-814
-272
75
223
227
-84
-1357
-3976
-7225
-9850
-11173
-11596
-11321
-10002
-7401
-4289
-1697
219
1936
3649
5026
6026
7075
8433
9704
10234
9750
8399
6349
3693
710
-2024
-3832
-4328
-3707
-2428
-882
788
2403
3609
4275
4686
5347
6356
7481
8567
9569
10202
9907
8405
6008
3324
721
-1607
-3405
-4356
-4349
-3690
-2861
-2236
-1859
-1685
-1588
-1408
-874
237
1761
3277
4359
4919
4902
4133
2496
271
-2035
-4150
-6108
-7948
-9334
-9930
-9732
-8940
-7609
-5680
-3378
-1067
1049
2993
4681
5803
6190
5899
5099
3806
2043
21
-1971
-3781
-5318
-6327
-6573
-6097
-5026
-3530
-1730
99
1709
3047
4047
4652
4827
4728
4456
3989
3249
2313
1265
173
-941
-1961
-2779
-3301
-3415
-3171
-2805
-2652
-2745
-2979
-3211
-3324
-3132
-2413
-1270
-66
891
1448
1288
-293
-3436
-7282
-10298
-11754
-11940
-11158
-9223
-6046
-2625
-43
1430
2460
3476
4396
5259
6440
8147
9824
10692
10317
8746
6221
2996
-516
-3655
-5530
-5550
-3976
-1687
601
2717
4522
5606
5760
5487
5601
6346
7382
8484
9574
10312
9986
8212
5394
2282
-660
-3165
-4851
-5426
-4903
-3714
-2396
-1380
-901
-841
-935
-949
-691
72
1451
3043
4253
4738
4538
3545
1574
-1136
-3927
-6315
-8426
-10115
-10918
-10466
-9043
-7073
-4745
-2230
54
1793
3240
4557
5621
6085
6011
5512
4424
2613
361
-1885
-3958
-5736
-6912
-7107
-6355
-4949
-3032
-788
1426
3188
4318
4942
5169
5097
4805
4380
3779
2926
1794
576
-615
-1784
-2800
-3511
-3786
-3719
-3394
-2979
-2715
-2825
-3207
-3470
-3512
-3275
-2741
-1858
-682
416
1201
1071
-744
-4216
-8171
-11044
-12304
-12371
-11401
-8952
-5314
-1785
638
2029
3171
4194
4852
5457
6543
8208
9799
10534
10139
8625
5986
2430
-1442
-4721
-6407
-6091
-4165
-1454
1353
4014
6195
7372
7453
7056
6995
7472
8234
9175
10161
10618
9786
7471
4305
1039
-2012
-4538
-6051
-6224
-5235
-3629
-1964
-619
141
319
261
256
544
1280
2400
3602
4363
4372
3613
2129
-118
-2995
-6105
-8923
-10907
-11824
-11524
-10064
-7710
-4817
-1896
670
2662
4083
5046
5752
6226
6328
5863
4647
2785
461
-2043
-4448
-6436
-7653
-7872
-6978
-5189
-2856
-425
1673
3132
3849
4038
3982
3798
3501
3193
2965
2661
2026
1020
-230
-1499
-2549
-3158
-3235
-2985
-2759
-2541
-2346
-2310
-2569
-3057
-3350
-3146
-2542
-1609
-402
727
1192
-92
-3268
-7282
-10646
-12507
-12980
-12290
-10147
-6545
-2578
627
2584
3800
4669
5108
5350
5989
7351
9038
10166
10144
8887
6509
3165
-711
-4267
-6488
-6759
-5274
-2662
372
3373
6014
7785
8431
8292
8078
8320
8966
9667
10260
10436
9628
7587
4557
1234
-1847
-4476
-6240
-6677
-5752
-3912
-1894
-293
684
1002
942
848
1063
1799
2823
3742
4236
4148
3399
1845
-579
-3454
-6320
-8898
-10798
-11737
-11499
-10184
-8108
-5450
-2402
548
2974
4754
5953
6735
7028
6790
6021
4625
2582
139
-2427
-4838
-6817
-8110
-8405
-7616
-5970
-3745
-1243
1127
3021
4206
4829
5033
4904
4563
4103
3707
3142
2216
986
-349
-1606
-2728
-3455
-3610
-3170
-2538
-1933
-1573
-1637
-2166
-3029
-3685
-3769
-3273
-2358
-1095
198
777
-509
-3704
-7627
-10765
-12394
-12763
-11954
-9651
-5974
-2130
872
2654
3696
4357
4593
4764
5418
6766
8404
9497
9400
7938
5273
1786
-1890
-4982
-6618
-6261
-4274
-1485
1429
4252
6673
8153
8447
8136
8089
8584
9316
10014
10527
10471
9269
6690
3295
-92
-2976
-5077
-6137
-5930
-4557
-2569
-654
710
1368
1428
1264
1249
1674
2593
3740
4638
4823
4130
2724
697
-1904
-4940
-7829
-9861
-10840
-10848
-9961
-8251
-6020
-3665
-1433
808
2994
4696
5824
6595
7020
6826
5647
3621
1232
-1269
-3743
-5793
-6994
-7242
-6660
-5523
-4072
-2476
-851
694
2076
3182
3881
4228
4255
3783
2970
2040
1156
320
-606
-1484
-2051
-2242
-2180
-1976
-1922
-2092
-2474
-2978
-3436
-3755
-3908
-3849
-3517
-2771
-1579
-341
82
-1434
-4769
-8626
-11353
-12290
-11881
-10539
-7988
-4438
-1080
1289
2574
3490
4328
4847
5174
5941
7303
8741
9411
8696
6809
4041
688
-2635
-5010
-5640
-4424
-2122
351
2611
4645
6330
7312
7616
7752
8273
9178
9999
10477
10587
9930
8004
4892
1365
-1598
-3622
-4769
-4966
-4191
-2796
-1360
-431
-126
-82
26
459
1250
2389
3730
4852
5263
4635
3148
1178
-965
-3274
-5566
-7680
-9291
-10252
-10566
-10182
-9013
-6982
-4298
-1410
1245
3666
5711
7156
7759
7502
6612
5177
3250
1022
-1198
-3150
-4607
-5546
-5932
-5787
-5195
-4176
-2742
-1043
667
2238
3450
4224
4479
4213
3626
2769
1632
408
-596
-1286
-1650
-1788
-1777
-1555
-1421
-1751
-2453
-3126
-3566
-3614
-3572
-3466
-3190
-2677
-1984
-1255
-1351
-3339
-6810
-10420
-12388
-12438
-11285
-9343
-6446
-3167
-556
1006
1893
2926
4048
4905
5754
7046
8567
9585
9332
7612
4859
1678
-1386
-3824
-5158
-4880
-3057
-572
1468
2716
3677
4730
5726
6611
7712
9296
10924
11829
11815
11036
9373
6612
3034
-372
-2718
-3967
-4377
-4143
-3442
-2597
-1981
-1678
-1442
-1008
-169
1170
2870
4544
5781
6198
5455
3577
1008
-1596
-3763
-5462
-6746
-7466
-7720
-7882
-8179
-8412
-8002
-6607
-4377
-1578
1489
4369
6549
7588
7330
5961
3838
1487
-502
-1832
-2546
-2849
-2960
-3002
-3020
-3074
-2993
-2503
-1544
-184
1324
2672
3710
4217
4090
3460
2457
1275
119
-788
-1267
-1340
-1245
-1008
-806
-850
-1334
-2265
-3139
-3648
-3585
-3048
-2266
-1590
-1054
-588
-280
-897
-3510
-7691
-11740
-13832
-13631
-12038
-9720
-6710
-3478
-1035
209
812
1904
3656
5455
7047
8627
10136
10941
10157
7535
3843
126
-2833
-4721
-5417
-4679
-2686
-424
1016
1454
1700
2346
3389
4781
6791
9442
11896
13097
12812
11496
9312
6290
2799
-190
-1902
-2484
-2494
-2325
-2238
-2496
-3117
-3836
-4092
-3402
-1660
906
3750
6121
7529
7780
6812
4655
1836
-858
-2941
-4475
-5834
-7145
-8243
-9100
-9802
-10039
-9356
-7445
-4485
-1026
2420
5409
7523
8513
8400
7418
5771
3659
1418
-641
-2390
-3814
-4895
-5579
-5753
-5468
-4749
-3535
-1934
-119
1654
3186
4144
4489
4261
3812
3400
2727
1710
556
-491
-1246
-1706
-2139
-2437
-2797
-3472
-4198
-4689
-4789
-4330
-3560
-2724
-2015
-1375
-523
295
-147
-2859
-7039
-10829
-12571
-12340
-11076
-9293
-6941
-4607
-2995
-2067
-1036
903
3328
5486
7305
9002
10470
11070
10150
7716
4494
1312
-1261
-2920
-3602
-3131
-1881
-730
-327
-349
57
1270
3024
5010
7325
9830
11811
12602
12187
10928
8990
6409
3608
1279
-154
-861
-1342
-1925
-2809
-3888
-4862
-5342
-5035
-3786
-1647
1043
3622
5417
6206
5984
4885
3075
1043
-667
-1877
-2821
-3682
-4510
-5464
-6669
-7977
-8801
-8600
-7217
-4836
-1895
970
3170
4531
5275
5522
5242
4449
3536
2783
2115
1306
274
-925
-2265
-3606
-4641
-5006
-4562
-3405
-1908
-385
940
1929
2441
2599
2637
2615
2628
2554
2390
2185
1775
1098
387
-488
-1843
-3639
-5347
-6264
-6148
-5550
-4818
-4039
-3394
-2634
-1786
-1634
-3402
-6843
-10353
-11892
-11255
-9645
-7677
-5425
-3468
-2619
-2731
-2523
-960
1561
3977
6085
7937
9349
9839
8992
6967
4440
2099
341
-615
-926
-604
73
337
-244
-1117
-1206
0
2117
4520
7055
9483
11043
11391
10835
9892
8618
6934
5081
3605
2493
1387
117
-1278
-2777
-4257
-5298
-5483
-4717
-3384
-1755
-89
1359
2392
3106
3602
3858
3913
3837
3581
2519
280
-2769
-5794
-8167
-9624
-9924
-9013
-7262
-5453
-3771
-2151
-567
851
2131
3600
5224
6451
6795
6273
5070
3335
1270
-672
-1954
-2579
-2753
-2786
-2737
-2590
-2394
-2146
-1679
-830
389
1716
2761
3405
3507
3183
2583
1993
1583
1489
1497
1343
729
-534
-2130
-3859
-5186
-5737
-5285
-4213
-3018
-2241
-2234
-3575
-6635
-10329
-12866
-12919
-10923
-8238
-5717
-3581
-2268
-2079
-2489
-2377
-823
1754
4361
6545
8085
8745
8172
6307
3712
1404
33
-265
179
830
1359
1377
527
-863
-1797
-1362
426
2933
5615
8198
10163
10778
10070
8851
7853
7138
6463
5809
5198
4388
2950
952
-1106
-2751
-3677
-3938
-3698
-3053
-2162
-1348
-838
-602
-278
501
1507
2211
2498
2427
2094
1283
-63
-1437
-2352
-2894
-3395
-3940
-4421
-4760
-5039
-5115
-4578
-3404
-1986
-617
729
2052
3061
3455
3259
2811
2379
2166
2209
2355
2336
1885
965
-294
-1512
-2295
-2455
-2168
-1837
-1591
-1359
-970
-415
261
846
1344
1702
1850
1943
1833
1710
1518
1001
-35
-1336
-2604
-3501
-3992
-4368
-4510
-4293
-3888
-3655
-4513
-6970
-10044
-12227
-12347
-10708
-8432
-6314
-4390
-3094
-2594
-2218
-1073
1371
4266
6398
7511
7878
7595
6531
4871
3163
2086
1661
1527
1487
1407
1263
733
-326
-1379
-1516
-205
2110
4581
6704
8256
8978
8796
8170
7893
8238
8589
8266
7211
5722
4025
2076
-29
-1825
-2987
-3471
-3487
-3236
-2858
-2554
-2529
-2687
-2615
-1949
-622
932
2194
2736
2399
1224
-312
-1635
-2304
-2352
-2319
-2574
-3198
-4091
-5001
-5376
-4893
-3740
-2420
-1336
-454
398
1118
1648
2081
2485
2890
3320
3650
3613
3032
1981
940
263
-30
4
309
543
458
-39
-799
-1352
-1402
-967
-160
736
1438
1938
2186
2026
1648
1095
542
75
-534
-1262
-1930
-2512
-3072
-3598
-3881
-3846
-3878
-5139
-7887
-10949
-12732
-12371
-10746
-8897
-7207
-5733
-4955
-4769
-4219
-2287
1088
4503
6731
7823
8133
7874
6937
5396
3863
2936
2472
2002
1392
732
162
-573
-1596
-2246
-1722
-1
2031
3745
5172
6441
7310
7484
7581
8274
9384
10004
9632
8543
7080
5256
3031
995
-351
-1134
-1736
-2426
-3134
-3667
-4064
-4299
-4242
-3692
-2520
-1039
118
647
885
1099
1227
1031
609
409
384
41
-948
-2233
-3432
-4313
-4709
-4516
-3746
-2918
-2599
-2691
-2540
-1791
-493
897
1988
2717
3150
3346
3377
3249
3011
2850
2682
2329
1748
1073
449
-94
-640
-1114
-1280
-1115
-831
-420
81
651
1164
1474
1676
1909
2040
1712
1012
45
-884
-1620
-2087
-2294
-2262
-2400
-3200
-5160
-8337
-11513
-13103
-12375
-10396
-8640
-7758
-7348
-7203
-7262
-6689
-4497
-685
3321
6123
7584
8042
7663
6526
5256
4676
4888
5283
5060
3913
1936
-289
-2117
-3129
-2958
-1585
452
2107
2671
2621
2901
3851
5122
6599
8393
10090
10698
9854
8388
7183
6264
5206
4141
3450
2869
1676
-331
-2610
-4502
-5540
-5645
-4958
-3720
-2533
-1927
-2037
-2565
-2791
-2268
-1225
-41
1009
1630
1684
1105
119
-717
-1280
-1681
-1960
-2182
-2402
-2792
-3484
-4148
-4263
-3725
-2587
-1132
79
811
1081
1183
1567
2284
3140
3879
4193
3831
2930
1935
1175
876
724
430
87
-248
-515
-663
-663
-437
152
720
1126
1357
1307
1113
691
166
-325
-550
-525
-289
-85
-553
-2050
-5097
-8959
-11881
-12515
-10957
-9008
-8005
-8072
-8585
-9120
-9165
-7772
-4550
-216
3506
5569
6370
6558
6488
6171
5962
6291
6903
6966
5929
4025
1798
-219
-1746
-2470
-2090
-804
497
978
631
422
1116
2647
4591
6639
8482
9411
9013
7906
7129
7106
7255
6959
6236
5224
3774
1751
-487
-2328
-3405
-3921
-4154
-4283
-4365
-4555
-4859
-5108
-4898
-4004
-2659
-1251
-149
456
536
250
-56
-95
170
544
726
530
-119
-1059
-1931
-2498
-2781
-2820
-2590
-2183
-1844
-1669
-1558
-1165
-488
389
1418
2340
2951
3065
2780
2394
2170
2126
2216
2069
1503
777
99
-281
-299
71
747
1298
1234
703
151
-110
-88
-126
-175
-150
-203
-381
-437
-485
-1136
-3363
-7066
-10380
-11558
-10515
-8937
-8280
-8590
-9166
-9682
-9720
-8391
-5287
-1283
1752
3029
3420
4016
4961
5782
6359
6967
7484
7337
6266
4727
3370
2293
1219
207
-198
170
701
600
45
-95
612
1877
3284
4742
6094
6753
6419
5846
5981
6891
7723
7682
6851
5795
4565
3161
1791
720
-61
-933
-2125
-3454
-4541
-5324
-5706
-5671
-5266
-4588
-3973
-3495
-3008
-2450
-1674
-681
314
997
1161
896
534
328
272
322
206
-175
-818
-1574
-2179
-2522
-2541
-2302
-1881
-1420
-978
-524
8
628
1208
1613
1770
1766
1856
2189
2617
2778
2502
2001
1416
860
340
133
502
1042
1371
1261
843
423
-57
-544
-826
-847
-731
-622
-526
-550
-1003
-2845
-6126
-9355
-10892
-10161
-8822
-8485
-9063
-9721
-9993
-9837
-8737
-6188
-2679
162
1422
1894
2646
4004
5432
6478
7177
7499
7144
6020
4691
3797
3541
3314
2579
1668
1079
833
438
-44
65
1083
2409
3316
3941
4651
5336
5612
5673
6146
7077
7702
7395
6409
5364
4541
3833
3169
2538
1780
569
-1188
-3005
-4262
-4635
-4466
-4430
-4802
-5389
-5737
-5622
-5071
-4120
-2934
-1852
-1267
-1213
-1312
-1181
-600
268
1111
1553
1378
809
128
-410
-698
-707
-533
-567
-954
-1478
-1693
-1423
-864
-175
450
789
750
601
646
1039
1626
2068
2319
2252
1956
1667
1523
1673
1985
2115
1893
1403
752
238
37
-46
-54
-178
-554
-993
-1347
-1500
-1821
-3297
-5916
-8245
-9011
-8400
-8107
-9028
-10263
-10703
-10340
-9546
-7992
-5420
-2602
-937
-541
-30
1599
3991
6047
7237
7663
7492
6783
5780
5083
5110
5474
5203
3888
2187
1002
374
-177
-431
120
1263
2100
2183
2199
2847
3855
4712
5483
6412
7177
7256
6737
6185
5935
5764
5375
4689
3626
2233
695
-742
-1900
-2702
-3162
-3540
-4216
-5275
-6275
-6666
-6336
-5566
-4702
-4011
-3568
-3327
-3170
-2833
-2134
-1050
178
987
1066
596
110
20
314
728
949
762
131
-698
-1292
-1399
-1082
-605
-259
-134
-281
-556
-552
-37
862
1567
1653
1309
1024
1046
1377
1977
2636
3030
2788
2046
1401
1098
1153
1295
1228
870
267
-379
-822
-840
-503
-385
-1602
-4350
-7105
-8216
-7675
-7298
-8215
-9628
-10421
-10524
-10274
-9264
-7124
-4658
-3153
-2592
-1711
178
2578
4571
5900
6797
7238
7066
6456
6048
6325
6899
6723
5354
3533
2241
1632
1111
639
653
1033
1137
686
492
1206
2414
3461
4337
5290
6003
6042
5704
5711
6136
6412
6173
5508
4512
3213
1841
732
-92
-940
-1864
-2773
-3737
-4802
-5740
-6066
-5800
-5390
-5089
-4816
-4470
-4177
-3919
-3437
-2581
-1606
-839
-392
-213
-199
-207
-31
318
669
813
729
508
130
-237
-363
-208
-31
-77
-277
-508
-740
-802
-433
322
950
980
577
285
400
892
1601
2250
2625
2612
2319
1994
1758
1746
1943
1979
1558
824
113
-450
-829
-965
-862
-1329
-3231
-5810
-7440
-7385
-6838
-7362
-8779
-9926
-10272
-10131
-9486
-7995
-5935
-4308
-3664
-3218
-1956
235
2572
4383
5642
6448
6776
6681
6578
6956
7647
7826
6883
5273
3932
3259
2793
2122
1630
1514
1334
699
4
147
1188
2336
3136
3779
4390
4769
4858
5054
5663
6329
6504
6020
5145
4169
3227
2364
1431
435
-616
-1745
-2920
-4121
-5003
-5386
-5444
-5441
-5502
-5560
-5566
-5376
-4863
-4058
-3128
-2296
-1555
-971
-625
-416
-190
119
346
442
496
519
413
178
-28
-103
-69
-49
-55
-69
-188
-387
-505
-387
-77
208
270
152
59
91
341
772
1267
1702
1901
1831
1627
1399
1357
1546
1729
1736
1563
1270
866
532
501
613
22
-1961
-4530
-6116
-6178
-5870
-6573
-8128
-9399
-9919
-10077
-9874
-8822
-7019
-5432
-4750
-4264
-2925
-758
1390
2970
4166
5129
5702
5819
5913
6557
7615
8240
7724
6337
5010
4311
3978
3623
3333
3156
2717
1784
852
680
1270
1923
2272
2561
2954
3298
3528
3959
4761
5499
5662
5254
4648
4096
3605
3048
2369
1562
594
-531
-1780
-2971
-3849
-4361
-4674
-5063
-5564
-5932
-5960
-5650
-5171
-4683
-4235
-3785
-3217
-2465
-1623
-842
-230
151
318
355
345
336
290
186
85
-4
-70
-112
-105
-76
-160
-427
-692
-625
-193
343
665
622
368
119
93
369
826
1272
1557
1624
1452
1196
1061
1199
1482
1631
1541
1233
877
565
460
643
846
457
-1144
-3467
-5188
-5525
-5190
-5638
-7063
-8497
-9221
-9480
-9553
-9000
-7667
-6192
-5278
-4598
-3368
-1590
142
1545
2870
4206
5217
5723
6106
6793
7643
8074
7678
6708
5802
5235
4771
4234
3791
3539
3103
2186
1283
1159
1783
2347
2436
2449
2725
3027
3146
3427
4165
4901
5019
4567
4011
3503
2912
2299
1851
1419
702
-317
-1377
-2293
-3018
-3521
-3835
-4151
-4659
-5168
-5332
-5078
-4659
-4311
-4015
-3729
-3460
-3112
-2549
-1834
-1217
-806
-463
-116
119
191
234
360
486
561
667
771
710
438
140
-44
-142
-147
-23
115
17
-315
-511
-365
-7
360
679
970
1063
883
682
730
1092
1556
1810
1693
1169
520
173
303
787
1291
1398
565
-1411
-3686
-4940
-4834
-4563
-5373
-6975
-8295
-8964
-9291
-9291
-8569
-7317
-6342
-5816
-5062
-3669
-2053
-692
587
2075
3518
4524
5147
5789
6654
7513
7939
7714
7107
6582
6229
5767
5096
4501
4086
3463
2512
1806
1795
2125
2163
1980
2104
2505
2755
2910
3378
4098
4507
4378
4101
3957
3694
3178
2649
2236
1641
693
-288
-1077
-1827
-2655
-3347
-3791
-4269
-4847
-5162
-5024
-4716
-4598
-4559
-4265
-3771
-3254
-2704
-2095
-1579
-1295
-1085
-770
-458
-276
-55
289
521
485
406
490
556
444
332
404
487
419
322
255
84
-311
-634
-598
-369
-186
-69
54
91
-12
-27
211
583
923
1231
1406
1219
728
421
657
1166
1546
1674
1367
128
-1964
-3724
-4127
-3681
-3956
-5489
-7301
-8471
-8988
-9128
-8758
-7845
-6931
-6437
-6033
-5108
-3607
-1943
-404
1016
2336
3484
4377
5072
5754
6533
7275
7597
7369
6965
6687
6415
5879
5226
4810
4482
3848
3037
2602
2654
2677
2386
2158
2306
2569
2671
2796
3179
3606
3730
3638
3566
3456
3138
2697
2305
1830
1092
274
-384
-1003
-1835
-2785
-3488
-3928
-4326
-4637
-4689
-4593
-4628
-4803
-4778
-4400
-3824
-3257
-2770
-2395
-2183
-1994
-1629
-1102
-613
-236
83
289
310
307
523
834
932
797
680
677
607
425
315
287
178
-44
-147
-42
100
131
119
175
234
306
510
858
1189
1381
1442
1372
1149
872
801
1007
1237
1283
1104
723
-27
-1288
-2676
-3568
-3803
-4035
-5011
-6583
-7932
-8518
-8509
-8291
-7904
-7327
-6749
-6255
-5540
-4286
-2729
-1332
-130
1083
2291
3260
3987
4744
5563
6238
6604
6700
6664
6534
6315
5986
5545
5123
4833
4522
4002
3413
3089
2999
2809
2490
2396
2641
2901
3000
3169
3454
3574
3383
3152
3136
3123
2884
2484
2001
1372
632
2
-485
-1059
-1816
-2528
-3053
-3507
-3914
-4146
-4229
-4392
-4650
-4682
-4353
-3883
-3507
-3183
-2854
-2624
-2492
-2235
-1722
-1110
-628
-346
-253
-272
-238
21
429
715
776
730
673
570
434
371
370
299
116
-21
-22
4
-26
-32
59
147
164
223
397
585
665
698
760
772
705
714
913
1105
1057
857
717
540
-73
-1223
-2396
-3034
-3303
-3915
-5157
-6484
-7294
-7616
-7741
-7634
-7192
-6634
-6222
-5759
-4820
-3437
-2018
-777
384
1522
2498
3303
4079
4892
5631
6178
6468
6479
6296
6062
5781
5414
5103
5007
4953
4554
3835
3265
3061
2967
2786
2714
2879
3039
3012
3021
3217
3326
3171
3005
3067
3124
2887
2453
2019
1484
801
221
-146
-603
-1348
-2093
-2550
-2867
-3272
-3673
-3922
-4117
-4332
-4379
-4103
-3746
-3559
-3433
-3192
-2955
-2830
-2642
-2224
-1694
-1296
-1038
-836
-734
-658
-412
39
452
594
561
538
495
385
324
386
397
215
-3
-93
-75
-77
-80
11
111
133
142
216
322
386
471
629
740
743
737
837
977
1041
1025
968
895
748
342
-536
-1786
-2858
-3397
-3761
-4504
-5545
-6373
-6902
-7410
-7741
-7431
-6579
-5833
-5396
-4769
-3686
-2458
-1330
-119
1228
2356
3074
3647
4348
5101
5717
6157
6353
6230
5920
5660
5526
5412
5277
5093
4690
4053
3496
3304
3342
3305
3201
3205
3231
3107
2933
2945
3069
3058
2908
2741
2503
2062
1538
1179
946
616
133
-358
-791
-1227
-1604
-1825
-2002
-2364
-2904
-3353
-3545
-3564
-3527
-3498
-3554
-3718
-3833
-3681
-3291
-2872
-2555
-2316
-2112
-1920
-1676
-1328
-919
-556
-288
-107
11
89
173
288
412
486
444
260
-17
-267
-400
-428
-416
-393
-353
-312
-299
-286
-200
-32
179
396
623
812
904
903
899
955
1042
1118
1167
1167
1086
914
633
240
-298
-977
-1747
-2541
-3269
-3830
-4213
-4571
-5062
-5629
-5996
-5942
-5473
-4769
-4042
-3434
-2949
-2449
-1781
-910
20
840
1467
1929
2327
2776
3283
3757
4093
4264
4331
4375
4434
4526
4584
4500
4269
4017
3890
3919
4014
4074
4056
3954
3801
3663
3586
3588
3601
3498
3215
2804
2380
2005
1637
1240
855
501
151
-206
-511
-738
-947
-1247
-1620
-1940
-2116
-2185
-2240
-2364
-2561
-2796
-3006
-3105
-3061
-2903
-2751
-2702
-2738
-2768
-2654
-2387
-2062
-1785
-1577
-1433
-1343
-1238
-1017
-665
-306
-100
-109
-274
-487
-634
-629
-499
-381
-388
-491
-575
-584
-530
-420
-265
-104
36
185
351
475
527
572
664
770
861
978
1104
1123
950
629
227
-273
-878
-1499
-2058
-2567
-3050
-3489
-3878
-4244
-4558
-4703
-4599
-4304
-3932
-3553
-3189
-2803
-2324
-1716
-1027
-339
310
929
1509
2054
2609
3182
3704
4120
4442
4721
4950
5080
5112
5088
5008
4853
4660
4501
4408
4319
4181
4012
3842
3667
3466
3251
3053
2872
2670
2440
2202
1953
1667
1355
1066
849
667
436
126
-227
-559
-834
-1074
-1337
-1677
-2082
-2484
-2803
-3006
-3115
-3203
-3306
-3424
-3487
-3436
-3299
-3162
-3083
-3015
-2902
-2727
-2485
-2197
-1923
-1752
-1688
-1581
-1274
-854
-515
-376
-408
-518
-641
-676
-567
-363
-220
-234
-367
-505
-550
-460
-275
-97
29
130
212
261
334
512
788
1039
1180
1281
1417
1536
1545
1423
1199
842
309
-328
-957
-1534
-2083
-2632
-3156
-3624
-4036
-4328
-4440
-4365
-4149
-3860
-3547
-3200
-2779
-2271
-1680
-1067
-469
123
697
1232
1755
2306
2871
3370
3746
4040
4289
4472
4585
4669
4750
4808
4795
4716
4615
4488
4335
4193
4072
3942
3768
3532
3259
2985
2739
2551
2395
2210
1969
1682
1385
1140
961
802
592
294
-51
-376
-657
-915
-1177
-1480
-1841
-2227
-2545
-2731
-2820
-2898
-3015
-3128
-3210
-3252
-3253
-3207
-3112
-2974
-2813
-2640
-2460
-2299
-2177
-2081
-1958
-1743
-1432
-1106
-893
-853
-929
-1015
-1036
-952
-783
-605
-524
-596
-748
-846
-808
-665
-509
-396
-319
-273
-242
-174
-1
276
575
808
973
1147
1343
1499
1562
1505
1298
900
323
-318
-908
-1413
-1870
-2340
-2830
-3281
-3624
-3814
-3845
-3724
-3493
-3217
-2918
-2559
-2072
-1475
-864
-278
299
883
1452
1986
2505
3013
3490
3897
4214
4425
4530
4554
4525
4469
4416
4357
4267
4128
3959
3810
3692
3567
3407
3235
3067
2870
2651
2450
2285
2141
1967
1758
1523
1261
990
743
520
276
-23
-353
-652
-897
-1134
-1394
-1679
-1974
-2262
-2502
-2663
-2759
-2834
-2918
-2984
-2999
-2956
-2902
-2850
-2773
-2640
-2443
-2206
-1973
-1785
-1643
-1504
-1340
-1143
-923
-723
-594
-555
-588
-645
-690
-718
-724
-714
-727
-792
-895
-978
-1007
-985
-924
-838
-728
-602
-445
-232
67
430
795
1102
1323
1481
1591
1660
1657
1536
1262
815
197
-528
-1233
-1835
-2326
-2765
-3173
-3521
-3780
-3928
-3945
-3800
-3505
-3135
-2744
-2319
-1813
-1228
-604
28
638
1216
1766
2295
2794
3258
3698
4080
4349
4484
4510
4468
4383
4285
4200
4115
3980
3767
3503
3250
3046
2903
2804
2727
2635
2514
2377
2244
2121
2014
1910
1788
1622
1403
1147
880
613
344
63
-241
-568
-900
-1198
-1457
-1713
-1987
-2272
-2515
-2676
-2742
-2751
-2755
-2787
-2832
-2849
-2795
-2660
-2486
-2322
-2178
-2030
-1852
-1640
-1420
-1226
-1084
-1002
-952
-898
-833
-778
-765
-806
-895
-1007
-1113
-1181
-1215
-1231
-1233
-1230
-1217
-1175
-1092
-977
-825
-615
-365
-97
167
435
729
1043
1340
1587
1765
1828
1736
1504
1183
814
377
-156
-758
-1368
-1935
-2424
-2815
-3112
-3306
-3385
-3367
-3255
-3041
-2727
-2325
-1865
-1368
-827
-235
354
914
1468
2018
2527
2965
3341
3673
3968
4193
4330
4362
4281
4109
3909
3731
3596
3476
3332
3138
2915
2719
2600
2552
2525
2480
2411
2318
2222
2129
2026
1889
1710
1504
1287
1067
840
583
276
-74
-437
-778
-1087
-1382
-1671
-1938
-2175
-2377
-2531
-2637
-2716
-2784
-2850
-2897
-2893
-2827
-2717
-2604
-2503
-2406
-2284
-2117
-1903
-1678
-1469
-1299
-1172
-1073
-994
-936
-911
-931
-1004
-1099
-1186
-1264
-1335
-1389
-1416
-1418
-1407
-1377
-1304
-1179
-1010
-814
-604
-393
-167
77
341
620
909
1212
1495
1711
1843
1895
1856
1698
1414
1048
629
138
-419
-992
-1522
-1991
-2401
-2738
-2978
-3102
-3087
-2950
-2718
-2422
-2060
-1621
-1114
-565
-1
552
1058
1508
1950
2413
2865
3239
3501
3680
3806
3892
3934
3915
3811
3624
3400
3196
3027
2874
2713
2546
2407
2327
2304
2314
2307
2259
2180
2091
2002
1908
1808
1688
1527
1315
1061
789
505
218
-66
-335
-593
-864
-1151
-1430
-1681
-1904
-2110
-2288
-2442
-2573
-2676
-2748
-2780
-2767
-2720
-2643
-2548
-2439
-2322
-2187
-2018
-1831
-1650
-1492
-1371
-1273
-1178
-1076
-985
-939
-957
-1020
-1090
-1139
-1168
-1183
-1196
-1224
-1268
-1307
-1310
-1261
-1159
-1011
-834
-644
-453
-251
-16
261
576
900
1196
1433
1599
1712
1775
1766
1643
1387
1013
560
60
-459
-973
-1463
-1928
-2350
-2676
-2859
-2897
-2824
-2683
-2496
-2260
-1949
-1528
-1013
-465
68
560
1005
1425
1850
2291
2704
3015
3204
3317
3396
3457
3490
3471
3375
3205
3009
2854
2766
2718
2671
2603
2521
2468
2483
2546
2604
2599
2524
2418
2305
2188
2054
1882
1648
1365
1069
791
519
238
-49
-333
-611
-879
-1129
-1372
-1616
-1856
-2077
-2269
-2427
-2553
-2650
-2727
-2778
-2794
-2771
-2715
-2645
-2558
-2435
-2280
-2116
-1948
-1782
-1635
-1515
-1419
-1321
-1221
-1141
-1104
-1110
-1153
-1214
-1272
-1314
-1342
-1368
-1391
-1399
-1390
-1351
-1274
-1150
-990
-788
-546
-289
-20
253
549
868
1184
1465
1692
1864
1981
2039
2033
1946
1747
1416
992
520
24
-479
-980
-1469
-1917
-2282
-2523
-2642
-2664
-2604
-2469
-2262
-1991
-1650
-1237
-766
-274
210
671
1104
1504
1884
2250
2574
2824
2982
3064
3093
3082
3036
2956
2832
2690
2560
2469
2413
2380
2362
2360
2377
2425
2492
2549
2563
2528
2455
2361
2249
2109
1936
1728
1490
1235
967
680
377
64
-234
-505
-766
-1031
-1303
-1576
-1829
-2040
-2201
-2318
-2401
-2470
-2524
-2560
-2570
-2541
-2477
-2396
-2316
-2249
-2192
-2127
-2039
-1922
-1805
-1720
-1681
-1668
-1643
-1580
-1496
-1419
-1386
-1396
-1417
-1416
-1379
-1324
-1257
-1198
-1154
-1114
-1053
-944
-794
-625
-440
-240
-27
187
407
648
912
1182
1429
1616
1748
1841
1901
1908
1833
1660
1384
1035
648
249
-161
-583
-1000
-1380
-1677
-1857
-1940
-1966
-1959
-1898
-1754
-1512
-1191
-822
-449
-90
263
631
1012
1370
1680
1919
2102
2249
2362
2432
2448
2427
2387
2345
2306
2261
2216
2180
2162
2168
2197
2235
2266
2288
2312
2347
2378
2389
2353
2266
2143
1994
1823
1617
1374
1097
804
502
185
-125
-419
-691
-943
-1180
-1407
-1626
-1835
-2008
-2130
-2200
-2242
-2292
-2347
-2388
-2398
-2372
-2311
-2230
-2154
-2088
-2028
-1952
-1860
-1756
-1662
-1583
-1534
-1495
-1451
-1391
-1326
-1274
-1239
-1222
-1212
-1194
-1153
-1103
-1061
-1028
-999
-955
-875
-763
-625
-476
-329
-171
6
211
429
651
862
1057
1233
1383
1507
1587
1615
1594
1542
1459
1329
1126
862
552
225
-106
-445
-777
-1095
-1380
-1609
-1753
-1822
-1822
-1767
-1661
-1496
-1266
-987
-689
-401
-122
153
427
693
932
1141
1320
1473
1616
1743
1859
1952
2028
2098
2171
2246
2316
2376
2425
2470
2517
2565
2606
2637
2655
2646
2611
2538
2435
2305
2150
1975
1786
1585
1358
1106
844
601
380
179
-31
-262
-499
-731
-940
-1119
-1278
-1430
-1586
-1741
-1877
-1977
-2040
-2088
-2131
-2170
-2189
-2193
-2182
-2163
-2136
-2093
-2045
-1999
-1958
-1924
-1896
-1861
-1816
-1761
-1707
-1661
-1624
-1571
-1495
-1406
-1308
-1221
-1144
-1060
-959
-842
-720
-602
-483
-353
-207
-39
139
313
475
635
801
967
1116
1232
1312
1363
1388
1388
1354
1273
1140
958
743
514
283
57
-166
-397
-629
-843
-1020
-1138
-1194
-1199
-1174
-1128
-1048
-918
-734
-518
-297
-88
99
275
450
628
801
946
1056
1143
1232
1328
1426
1514
1589
1658
1731
1813
1903
1992
2068
2126
2164
2196
2221
2236
2226
2186
2120
2031
1933
1827
1710
1582
1432
1259
1074
892
715
532
339
139
-57
-244
-420
-583
-732
-879
-1029
-1175
-1306
-1409
-1491
-1566
-1637
-1693
-1740
-1774
-1795
-1805
-1805
-1798
-1791
-1771
-1739
-1694
-1641
-1593
-1548
-1503
-1454
-1403
-1353
-1314
-1283
-1253
-1220
-1180
-1128
-1062
-988
-914
-825
-726
-618
-498
-374
-247
-112
22
163
306
445
571
685
782
861
926
969
990
982
944
872
768
637
484
317
147
-18
-189
-364
-540
-698
-820
-891
-921
-921
-897
-854
-790
-699
-582
-443
-299
-161
-29
105
237
360
474
590
702
808
907
998
1083
1166
1251
1337
1424
1505
1573
1642
1712
1786
1858
1919
1958
1979
1982
1977
1963
1936
1892
1827
1741
1632
1507
1372
1232
1083
934
778
612
440
263
86
-86
-248
-405
-553
-695
-833
-962
-1079
-1186
-1278
-1355
-1422
-1483
-1540
-1591
-1633
-1666
-1689
-1704
-1709
-1707
-1705
-1695
-1673
-1638
-1596
-1543
-1482
-1420
-1353
-1279
-1204
-1123
-1043
-968
-894
-814
-725
-634
-540
-442
-351
-264
-174
-78
21
124
222
321
415
501
577
644
701
743
772
778
765
736
686
614
522
415
301
177
43
-94
-226
-348
-456
-546
-618
-673
-705
-715
-694
-655
-602
-541
-477
-401
-311
-215
-109
-7
84
172
263
354
445
528
606
687
779
875
974
1066
1149
1229
1312
1401
1487
1568
1630
1677
1716
1751
1779
1791
1786
1761
1722
1660
1581
1486
1377
1266
1154
1036
911
777
638
501
371
237
100
-38
-171
-297
-414
-529
-645
-757
-862
-955
-1037
-1110
-1182
-1249
-1306
-1344
-1375
-1400
-1418
-1431
-1438
-1432
-1415
-1392
-1372
-1353
-1330
-1300
-1263
-1225
-1181
-1134
-1079
-1031
-984
-940
-891
-832
-754
-671
-585
-505
-428
-349
-256
-154
-45
57
145
229
300
364
416
455
476
485
474
451
414
360
286
205
125
51
-18
-83
-139
-189
-233
-267
-288
-298
-296
-283
-256
-224
-193
-165
-134
-98
-58
-14
30
74
117
160
211
260
312
364
418
472
534
599
663
726
782
840
904
974
1046
1119
1188
1249
1303
1349
1387
1412
1429
1438
1445
1439
1418
1372
1307
1230
1144
1057
970
875
768
650
531
413
299
193
89
-18
-131
-253
-371
-487
-599
-701
-800
-891
-979
-1061
-1128
-1182
-1227
-1260
-1278
-1283
-1273
-1257
-1235
-1214
-1188
-1166
-1140
-1111
-1080
-1045
-1011
-972
-937
-902
-860
-821
-778
-721
-656
-581
-509
-433
-355
-274
-190
-107
-25
47
109
163
207
241
261
268
270
268
263
255
238
212
191
171
154
138
122
104
88
75
58
37
15
-8
-32
-51
-59
-64
-63
-62
-64
-63
-62
-52
-35
-16
6
21
32
39
46
59
76
100
127
159
194
235
277
327
382
442
509
578
644
702
754
793
832
868
901
930
950
958
960
950
940
926
912
899
879
854
827
792
750
702
643
576
501
426
353
281
204
117
21
-70
-143
-206
-261
-314
-370
-427
-476
-516
-550
-585
-623
-664
-699
-731
-760
-789
-821
-851
-879
-892
-891
-886
-880
-870
-852
-822
-784
-738
-689
-636
-581
-519
-457
-395
-344
-298
-252
-210
-165
-125
-92
-70
-53
-39
-26
-19
-14
-12
-10
-9
-9
-14
-25
-41
-55
-64
-66
-67
-77
-93
-111
-128
-141
-151
-165
-183
-201
-220
-240
-259
-281
-302
-319
-324
-321
-314
-298
-284
-268
-247
-221
-186
-140
-87
-33
20
73
121
173
229
291
358
431
504
574
636
691
746
799
855
910
958
997
1035
1065
1086
1098
1102
1100
1092
1083
1066
1045
1015
974
924
872
824
779
726
668
610
547
482
418
353
285
216
146
74
6
-62
-134
-206
-280
-350
-419
-487
-552
-608
-659
-705
-744
-781
-815
-845
-864
-874
-876
-879
-884
-888
-884
-873
-856
-833
-808
-782
-757
-721
-678
-629
-580
-537
-494
-453
-415
-376
-332
-290
-254
-221
-191
-161
-129
-96
-64
-30
-1
21
42
59
76
92
102
106
103
96
89
78
62
42
21
-3
-31
-56
-77
-97
-114
-129
-146
-166
-187
-203
-210
-211
-207
-196
-184
-170
-151
-129
-99
-65
-28
13
60
110
161
216
267
314
362
409
458
507
550
587
618
649
680
707
733
756
774
784
786
778
768
751
734
713
688
659
626
589
549
506
461
416
368
325
281
239
199
154
107
63
19
-20
-52
-81
-111
-143
-173
-203
-228
-247
-257
-262
-271
-278
-285
-283
-281
-278
-274
-275
-273
-271
-269
-269
-273
-282
-294
-302
-307
-311
-318
-326
-337
-346
-354
-357
-359
-365
-370
-378
-386
-386
-387
-387
-386
-383
-373
-357
-337
-324
-313
-305
-296
-284
-271
-258
-247
-235
-224
-214
-207
-204
-204
-204
-199
-191
-189
-189
-192
-196
-203
-206
-208
-207
-203
-197
-183
-169
-151
-136
-119
-98
-75
-46
-16
13
37
59
82
112
144
174
203
236
266
298
331
362
392
419
446
479
513
545
576
600
622
637
650
663
673
681
686
685
676
666
656
646
638
626
609
590
567
541
512
483
451
417
380
343
307
269
228
181
134
90
49
9
-27
-66
-107
-144
-186
-218
-247
-275
-300
-323
-340
-359
-375
-390
-404
-414
-421
-425
-428
-433
-434
-438
-441
-436
-433
-424
-416
-408
-400
-396
-392
-385
-379
-374
-367
-362
-360
-355
-353
-353
-353
-359
-364
-368
-373
-376
-374
-377
-383
-393
-402
-405
-400
-393
-385
-372
-356
-338
-320
-300
-282
-264
-241
-211
-178
-143
-106
-68
-30
13
57
100
146
187
229
269
307
340
370
395
419
441
460
478
491
502
513
520
525
527
529
529
528
522
513
503
494
486
478
468
459
446
432
418
401
379
351
326
302
282
259
231
202
169
139
115
94
77
59
40
22
1
-16
-28
-46
-60
-72
-83
-91
-98
-107
-116
-122
-127
-127
-125
-127
-128
-134
-143
-148
-152
-150
-142
-136
-127
-115
-106
-101
-99
-94
-89
-89
-86
-87
-90
-93
-96
-98
-99
-105
-115
-126
-139
-155
-170
-184
-195
-208
-223
-238
-252
-265
-279
-294
-308
-320
-329
-332
-335
-337
-345
-348
-347
-345
-339
-331
-318
-304
-291
-279
-263
-247
-231
-214
-194
-174
-155
-134
-110
-87
-60
-31
-4
21
42
63
86
109
132
151
170
189
210
230
251
264
272
279
287
297
302
313
323
328
333
334
329
323
315
310
305
296
285
275
267
260
257
255
251
250
244
241
242
236
228
221
213
208
205
204
204
204
201
197
195
191
184
182
176
169
161
150
140
128
119
113
107
98
83
67
49
29
10
-11
-27
-44
-62
-80
-105
-131
-161
-187
-212
-234
-255
-278
-303
-333
-357
-379
-400
-417
-437
-452
-463
-475
-483
-494
-504
-513
-522
-520
-514
-505
-493
-481
-464
-446
-423
-395
-367
-341
-316
-293
-272
-247
-219
-192
-163
-135
-110
-84
-58
-33
-5
26
57
90
120
151
182
207
231
250
270
288
310
331
350
365
375
387
399
409
415
421
425
423
417
408
398
387
378
366
355
339
318
296
271
249
225
204
179
152
130
106
85
68
50
35
25
15
4
-5
-15
-26
-33
-41
-45
-49
-52
-43
-32
-18
-8
2
13
22
32
43
50
60
63
65
64
63
62
61
63
63
61
58
54
42
31
21
9
-4
-17
-34
-52
-76
-99
-124
-149
-174
-197
-219
-240
-260
-280
-298
-315
-325
-334
-338
-336
-335
-331
-326
-327
-325
-321
-315
-304
-294
-283
-272
-255
-237
-218
-196
-175
-157
-138
-119
-101
-83
-68
-54
-41
-31
-19
-9
-3
7
13
18
25
26
28
33
38
41
44
45
48
49
51
61
70
81
93
105
120
138
157
170
186
200
211
228
243
258
277
291
301
304
308
314
322
330
337
342
345
345
342
337
328
313
293
276
255
237
217
198
179
161
142
126
110
95
80
64
50
37
20
4
-8
-22
-35
-47
-61
-73
-86
-98
-109
-121
-131
-147
-159
-170
-184
-196
-208
-221
-235
-245
-258
-271
-281
-284
-290
-294
-299
-304
-305
-302
-297
-290
-283
-279
-270
-262
-253
-241
-229
-215
-198
-184
-167
-148
-133
-120
-110
-101
-92
-80
-70
-56
-38
-24
-8
7
18
26
34
37
40
40
38
41
43
39
40
41
46
53
59
66
72
78
84
93
101
108
113
116
120
124
127
135
143
153
164
171
178
180
184
188
194
197
202
204
209
215
214
206
196
183
170
165
163
157
153
146
141
136
129
125
119
115
106
98
88
76
65
54
46
39
32
32
35
41
46
49
48
45
38
31
23
12
0
-13
-23
-31
-39
-46
-58
-70
-83
-99
-116
-133
-149
-168
-186
-201
-215
-226
-239
-248
-259
-271
-277
-279
-282
-279
-278
-279
-276
-273
-268
-265
-256
-245
-236
-223
-215
-205
-195
-185
-170
-156
-139
-121
-103
-84
-68
-55
-40
-19
-3
12
26
34
43
51
59
67
76
85
92
99
105
108
110
113
115
120
124
131
135
139
145
147
152
155
156
155
154
156
156
155
156
157
157
159
159
160
161
163
162
162
161
161
162
162
162
160
159
159
158
157
158
160
158
155
149
139
132
125
121
115
109
102
92
82
74
62
49
35
19
1
-17
-36
-54
-69
-84
-99
-110
-115
-126
-136
-144
-156
-167
-176
-185
-195
-205
-213
-223
-229
-236
-242
-245
-246
-248
-249
-248
-241
-236
-230
-223
-217
-205
-192
-178
-165
-153
-146
-139
-131
-123
-110
-100
-89
-76
-66
-53
-39
-25
-11
0
7
16
24
36
49
60
72
81
88
96
104
114
123
128
131
131
136
137
139
140
137
136
131
125
115
108
101
97
94
94
93
90
90
89
82
77
73
71
70
71
69
67
65
64
63
64
66
70
75
76
77
76
77
75
71
66
58
49
43
37
28
22
17
11
9
7
5
3
4
3
5
1
-1
-4
-8
-10
-13
-18
-26
-32
-37
-41
-45
-46
-50
-54
-54
-57
-57
-55
-55
-57
-58
-60
-60
-58
-58
-60
-67
-73
-77
-82
-85
-89
-89
-88
-89
-90
-89
-88
-89
-90
-91
-92
-95
-95
-90
-89
-89
-88
-89
-88
-89
-87
-81
-76
-68
-62
-55
-48
-40
-30
-20
-12
-5
4
15
23
26
29
33
34
36
38
42
47
50
54
56
58
61
63
62
61
57
58
60
61
67
74
78
83
88
90
93
96
98
96
95
94
91
92
91
89
85
83
83
82
83
80
72
68
63
59
53
47
43
38
37
35
33
32
32
29
24
25
21
16
14
8
2
-4
-12
-16
-21
-23
-23
-21
-21
-24
-28
-33
-36
-44
-50
-52
-50
-53
-53
-49
-45
-44
-46
-47
-47
-46
-44
-42
-45
-45
-46
-52
-52
-56
-61
-62
-65
-67
-67
-66
-68
-69
-71
-76
-80
-85
-89
-91
-88
-86
-82
-79
-73
-68
-64
-58
-52
-48
-46
-42
-40
-37
-30
-25
-22
-20
-15
-14
-11
-6
-1
3
7
10
14
20
26
32
38
43
46
50
51
52
55
56
55
56
56
55
56
56
55
56
58
59
64
69
75
77
75
74
71
69
66
65
65
63
63
63
61
58
57
51
44
42
37
39
42
43
45
48
51
50
48
44
39
32
25
17
10
4
-1
-4
-6
-4
-5
-6
-7
-9
-12
-18
-22
-27
-33
-38
-42
-42
-43
-47
-47
-50
-54
-57
-57
-52
-48
-47
-44
-42
-42
-40
-37
-34
-33
-33
-33
-36
-38
-42
-47
-52
-55
-58
-55
-48
-44
-39
-31
-27
-23
-23
-24
-27
-29
-31
-33
-32
-31
-27
-23
-19
-16
-13
-8
0
4
9
10
12
12
11
7
5
3
2
2
4
5
7
7
8
10
10
12
15
16
17
21
20
20
20
22
24
24
25
32
33
33
35
38
41
40
36
36
36
34
31
28
26
27
29
33
33
35
40
44
45
43
38
35
36
33
28
24
22
22
21
24
24
25
29
28
28
27
24
21
15
8
0
-7
-13
-20
-29
-33
-36
-42
-46
-52
-54
-54
-53
-52
-53
-52
-53
-54
-54
-56
-57
-56
-56
-52
-52
-46
-41
-39
-35
-31
-27
-28
-25
-24
-22
-22
-23
-22
-23
-23
-23
-24
-23
-20
-20
-13
-8
-2
3
7
10
11
12
15
17
16
19
20
24
28
30
31
32
32
27
29
27
27
28
28
30
30
31
32
33
37
37
38
40
39
37
37
36
33
27
27
25
24
23
21
17
16
16
17
17
18
18
17
14
12
9
6
4
1
-5
-5
-4
-7
-6
-5
-5
-5
-6
-9
-9
-12
-14
-16
-15
-17
-17
-18
-22
-24
-27
-28
-29
-29
-30
-30
-31
-32
-31
-30
-28
-27
-23
-23
-20
-15
-15
-16
-14
-14
-16
-13
-12
-14
-11
-12
-12
-12
-13
-14
-11
-11
-10
-8
-8
-7
-9
-8
-10
-15
-19
-16
-15
-11
-8
-5
-1
3
5
4
2
2
3
2
3
3
0
0
2
4
7
10
13
12
14
17
19
19
18
20
22
27
31
33
34
