0
0
1
1
0
0
0
1
0
0
1
-1
-1
0
0
0
0
0
0
0
0
0
-1
-1
0
-1
-1
-1
0
0
-1
1
0
0
0
0
0
1
0
0
0
1
-1
0
0
0
-1
-1
0
0
0
0
0
0
0
-1
0
0
0
0
0
0
-1
1
-1
0
0
0
0
1
-1
0
-1
0
0
0
0
-1
1
0
0
0
1
0
0
0
0
0
0
0
1
0
0
0
0
1
0
0
0
1
0
0
1
0
0
0
0
1
-1
-1
0
0
0
0
0
0
0
1
0
0
0
1
0
0
-1
0
0
0
0
0
0
0
0
0
1
0
0
1
0
0
0
-1
0
-1
0
-1
0
0
0
0
0
0
0
1
0
0
0
0
0
1
0
0
1
1
1
-1
1
0
1
0
0
0
1
0
0
0
-1
-1
0
-1
0
0
0
0
-1
-1
0
0
0
0
-1
0
0
0
0
0
0
-1
-1
0
0
0
1
-1
0
0
0
0
0
1
0
0
1
-1
0
1
0
0
-1
0
0
-1
0
0
1
0
0
0
0
1
0
0
0
0
0
1
0
1
0
0
0
1
0
1
0
0
0
0
0
0
0
0
0
0
0
-1
-1
-1
-1
0
1
-1
1
0
-1
0
0
0
0
0
0
0
0
0
0
1
-1
0
1
-1
0
0
1
0
0
-1
0
0
0
0
0
1
1
0
0
-1
-1
0
0
1
1
-1
0
0
1
0
0
0
-1
0
0
0
1
0
0
0
0
0
0
0
1
0
0
0
0
0
1
0
0
1
1
0
0
0
-1
0
0
0
-1
0
0
0
-1
-1
0
0
-1
-1
0
-1
0
-1
0
0
-1
0
1
0
0
1
0
0
0
0
0
0
0
0
1
-1
0
0
0
0
0
0
0
-1
1
0
1
0
0
0
0
-1
0
0
0
0
0
0
0
0
0
0
-1
0
1
0
0
1
0
0
1
0
0
0
0
-1
0
0
0
-1
0
-1
-1
-1
0
-1
-1
1
0
0
-1
0
0
0
0
0
0
0
-1
0
1
0
0
1
0
0
-1
0
0
0
0
0
-1
0
1
-1
0
0
0
0
-1
0
1
0
0
0
1
0
1
0
0
0
0
0
0
0
1
0
0
1
0
0
0
0
1
0
1
0
0
1
0
-1
0
-1
0
1
0
1
-1
0
1
0
0
-1
1
-1
0
0
0
-1
-1
-1
-1
0
0
0
0
-1
0
0
0
0
-1
-1
0
0
1
0
0
0
0
0
1
-1
1
0
0
0
0
0
0
0
0
1
-1
1
-1
0
0
1
0
-1
0
0
0
0
0
0
0
0
0
0
0
0
1
0
0
0
0
1
0
0
0
1
0
0
0
0
0
0
0
1
0
0
0
0
1
-1
0
1
0
0
0
0
0
0
0
-1
0
-1
0
0
-1
0
0
0
0
0
0
1
-1
0
0
0
0
1
1
0
0
1
-1
0
0
-1
0
0
-1
0
-1
0
0
0
0
0
0
0
0
0
0
0
0
0
0
-1
0
0
1
0
1
1
0
0
0
1
0
1
1
1
0
0
2
1
0
0
1
0
0
1
0
1
1
0
0
1
0
-1
0
0
0
1
0
0
-1
0
-1
0
-1
0
-1
0
0
0
0
0
0
-1
0
0
0
0
-1
0
-1
0
0
-1
0
0
0
0
0
-1
0
0
0
0
0
0
0
-1
1
0
0
0
-1
-1
0
0
0
0
1
0
0
0
0
1
0
0
0
0
0
0
0
0
0
0
0
1
1
1
1
0
-1
0
1
0
1
-1
-1
1
0
0
0
0
1
0
0
1
0
-1
0
1
0
0
0
0
0
1
0
0
-1
0
0
0
0
-1
-1
0
-1
1
0
0
0
0
0
1
0
1
0
0
0
1
1
0
0
-1
0
0
-1
0
-1
0
0
0
0
-1
0
0
0
0
0
1
1
0
1
0
0
0
0
0
0
0
0
0
0
0
0
0
0
-1
0
1
0
0
0
0
0
0
0
0
0
0
0
-1
0
0
0
-1
0
0
1
0
1
0
-1
-1
-1
0
-1
0
0
-1
-1
0
-1
0
0
1
-1
-1
1
0
0
0
0
0
0
0
-1
0
0
0
0
0
0
0
0
0
0
0
0
1
0
0
0
0
0
0
0
0
1
1
1
1
0
0
0
1
1
1
0
1
0
-1
0
0
-1
1
0
0
0
0
1
0
0
0
1
-1
0
0
1
0
0
1
-1
-1
0
0
0
1
-1
-1
0
0
0
0
-1
0
-1
0
-1
-1
-1
-1
0
-1
0
-1
0
0
-1
0
-1
-1
-1
0
0
0
0
-1
-1
0
0
0
0
0
0
0
1
0
-1
1
0
0
-1
0
0
0
0
0
0
0
0
1
0
1
0
-1
-1
1
0
0
0
-1
1
1
0
0
0
0
1
0
0
1
0
0
1
-1
0
0
0
-1
1
-1
0
1
0
0
0
0
0
-1
0
0
0
-1
0
0
0
0
0
1
0
-1
0
0
-1
1
-1
0
0
-1
0
0
0
0
1
0
0
0
0
0
-1
0
-1
0
-1
0
1
0
0
0
0
-1
1
1
0
-1
0
0
0
0
-1
0
0
0
1
1
0
-1
0
1
0
0
1
0
1
0
0
0
0
0
0
0
0
0
0
0
1
0
-1
0
0
-2
0
-1
0
0
-1
0
0
-1
0
0
0
1
0
0
0
0
-1
-1
0
0
-1
0
0
0
0
0
0
0
1
0
-1
0
-1
-1
-1
0
0
0
0
0
0
0
0
-1
1
-1
0
0
-1
0
0
0
1
0
0
1
1
0
0
-1
0
1
0
0
0
0
0
0
0
0
0
0
0
1
0
0
0
0
-1
0
-1
-1
-1
0
1
0
0
1
-1
-1
0
1
0
1
0
0
0
0
0
-1
-1
0
0
1
0
-1
0
0
1
0
1
-1
0
0
0
0
1
0
0
0
0
0
-1
0
-1
-1
0
0
0
1
1
1
1
0
1
0
0
1
0
1
0
1
-1
0
0
0
-1
0
0
0
0
0
0
0
0
0
0
-1
1
-1
1
0
0
1
0
1
0
0
0
1
0
0
0
0
0
-1
0
-1
0
0
0
-1
0
1
0
0
0
0
0
0
0
0
0
0
-1
-1
0
-1
0
-1
-1
0
0
0
1
1
1
0
-1
0
0
1
0
0
-1
1
0
0
0
0
-1
1
0
-1
0
0
0
0
0
0
0
0
0
0
0
0
-1
0
0
0
0
1
-1
0
-1
-1
-1
-1
0
0
0
0
0
0
0
0
0
0
0
1
0
0
-1
0
1
0
0
0
0
1
0
0
0
0
0
1
0
-1
0
0
0
0
0
-1
-1
0
0
0
0
0
0
0
0
0
0
1
1
0
0
0
1
0
0
0
-1
0
0
0
0
0
-1
0
-1
0
1
0
0
0
1
0
2
-1
0
0
-1
0
0
-1
0
0
1
0
0
0
0
0
1
0
1
0
-1
-1
0
-1
0
-1
0
0
1
0
0
-1
0
0
0
1
0
-1
0
0
0
0
1
1
1
0
1
0
0
0
0
-1
0
0
1
-1
0
1
-1
0
0
0
0
1
0
0
0
0
-1
-1
0
0
0
0
0
-1
-1
0
0
0
0
0
0
0
0
0
1
0
0
-1
0
0
0
0
0
0
0
0
0
1
0
0
1
0
2
-1
0
1
0
-1
0
0
0
0
0
-1
0
0
0
-1
0
0
0
1
0
-1
-1
0
0
0
0
0
0
1
-1
0
0
0
-1
-1
0
-1
0
1
0
-1
0
1
0
1
0
-1
-1
0
0
0
0
0
1
0
-1
0
-1
0
1
0
0
0
0
1
0
0
0
0
-1
-1
-1
1
0
-1
-1
0
0
0
-1
0
0
0
0
-1
-1
0
-1
0
-1
0
1
0
0
0
0
1
0
-1
0
0
1
1
0
2
1
-1
0
2
1
0
0
0
1
0
0
0
0
1
0
0
0
0
0
0
0
1
0
0
0
0
0
1
-1
0
0
-1
-1
-2
0
0
0
1
-1
0
-1
0
0
-1
0
0
-1
0
0
0
0
0
0
0
0
0
1
0
0
0
0
0
1
-1
1
1
0
1
1
0
0
1
0
0
1
0
0
0
-1
0
1
0
0
-1
0
0
0
0
-1
1
0
1
1
0
0
0
-1
0
0
0
0
-1
0
0
0
0
-1
0
0
0
0
-1
0
1
0
0
0
0
0
0
1
1
1
1
0
0
0
1
0
0
1
0
0
0
0
0
0
0
1
1
0
1
0
0
0
0
0
0
0
-1
1
-1
0
0
0
0
1
-1
-1
-1
-1
-1
0
0
-1
0
0
-1
0
0
-1
-1
-1
0
0
0
-1
-1
-1
0
0
-1
-1
0
-1
-2
-1
0
0
-1
0
-1
0
0
-1
0
1
0
0
0
1
1
0
0
0
0
0
0
1
1
2
1
0
1
1
0
1
1
1
1
0
1
0
1
0
0
0
0
0
0
0
0
-1
0
0
0
0
0
0
0
0
0
0
0
0
0
0
0
0
0
1
0
-1
-1
-1
0
-1
-1
-1
-1
0
0
1
0
0
1
0
-1
0
1
-1
0
0
0
0
0
1
1
1
0
0
0
1
1
0
0
0
1
0
0
-1
0
1
-1
-1
0
0
1
0
1
0
1
1
0
1
0
1
1
1
1
1
0
1
1
2
1
0
1
2
0
0
1
1
0
0
0
0
-1
-1
-2
0
-2
0
-1
-2
-2
-2
-2
-2
-3
-2
-3
-3
-3
-3
-4
-3
-3
-3
-3
-3
-3
-2
-2
-3
-3
-1
-1
-1
-1
0
0
0
1
2
2
1
2
2
4
4
4
4
5
5
4
6
6
6
5
6
6
7
6
7
6
6
5
6
6
4
4
4
4
3
2
2
0
1
1
-1
-1
-2
-2
-3
-4
-4
-4
-5
-6
-6
-7
-6
-8
-8
-9
-8
-9
-10
-9
-9
-8
-8
-7
-7
-8
-6
-6
-6
-5
-4
-4
-2
-2
-1
0
1
1
2
3
3
4
5
5
6
6
8
8
10
10
9
10
10
10
10
10
10
10
10
10
10
8
7
7
6
5
4
3
2
1
0
-1
-3
-4
-4
-6
-7
-8
-9
-10
-11
-11
-11
-12
-14
-13
-14
-14
-13
-13
-12
-12
-11
-11
-10
-8
-7
-5
-3
0
1
4
6
9
12
15
18
19
22
23
26
27
29
30
29
31
31
30
29
30
28
26
25
22
18
16
14
10
7
3
-1
-5
-11
-14
-21
-25
-31
-36
-40
-45
-51
-54
-58
-63
-67
-71
-75
-79
-82
-85
-88
-89
-92
-92
-94
-95
-94
-92
-90
-87
-84
-78
-73
-66
-59
-50
-40
-29
-18
-7
8
24
38
56
72
89
107
122
141
157
173
188
201
213
224
233
243
252
259
266
272
276
278
276
271
267
261
254
244
233
220
204
186
166
144
121
96
72
46
20
-7
-36
-65
-96
-126
-157
-186
-215
-243
-269
-294
-318
-339
-359
-380
-398
-413
-428
-441
-450
-459
-465
-469
-472
-472
-470
-466
-460
-449
-437
-422
-407
-385
-364
-342
-317
-289
-262
-233
-203
-173
-142
-108
-79
-48
-14
21
61
101
141
182
226
267
307
345
385
420
455
487
516
542
564
584
600
612
621
630
636
641
644
643
641
635
628
616
602
583
563
541
516
489
457
424
384
340
295
248
197
142
85
24
-40
-104
-170
-237
-301
-364
-424
-484
-540
-597
-651
-700
-744
-784
-816
-840
-861
-875
-883
-884
-878
-860
-835
-797
-748
-695
-634
-567
-496
-420
-338
-253
-163
-70
24
117
209
298
386
470
554
633
704
770
832
888
939
983
1021
1052
1073
1088
1087
1079
1061
1036
1005
965
921
865
801
733
652
561
462
356
246
131
13
-108
-232
-357
-485
-611
-739
-866
-995
-1117
-1236
-1348
-1453
-1556
-1650
-1739
-1814
-1877
-1929
-1966
-1994
-2005
-2002
-1984
-1953
-1908
-1848
-1776
-1692
-1596
-1485
-1360
-1226
-1080
-921
-753
-576
-391
-200
-3
198
402
607
809
1009
1205
1397
1582
1751
1916
2071
2212
2341
2456
2550
2629
2694
2740
2768
2782
2775
2750
2705
2646
2568
2474
2369
2249
2118
1974
1815
1645
1463
1268
1064
859
649
442
231
16
-207
-423
-634
-837
-1030
-1211
-1378
-1534
-1675
-1806
-1924
-2027
-2115
-2185
-2238
-2277
-2299
-2304
-2298
-2277
-2246
-2200
-2143
-2074
-1992
-1899
-1789
-1672
-1544
-1407
-1262
-1106
-936
-758
-574
-384
-198
-7
183
377
566
752
926
1091
1244
1389
1521
1637
1733
1813
1872
1912
1936
1938
1921
1881
1823
1742
1635
1504
1358
1193
1013
823
621
407
180
-52
-286
-519
-751
-977
-1208
-1438
-1661
-1880
-2084
-2275
-2448
-2605
-2747
-2868
-2970
-3049
-3111
-3146
-3156
-3138
-3089
-3014
-2902
-2762
-2598
-2404
-2182
-1932
-1656
-1360
-1049
-723
-389
-42
313
677
1043
1403
1752
2085
2405
2710
3003
3274
3524
3750
3950
4123
4267
4382
4465
4516
4533
4517
4473
4400
4300
4169
4010
3824
3610
3368
3101
2815
2507
2187
1853
1508
1154
795
431
63
-304
-664
-1017
-1362
-1696
-2013
-2310
-2588
-2847
-3085
-3297
-3483
-3650
-3795
-3911
-4000
-4055
-4079
-4070
-4030
-3958
-3860
-3737
-3585
-3414
-3217
-2994
-2749
-2484
-2206
-1916
-1623
-1320
-1011
-699
-385
-74
236
537
827
1106
1367
1612
1840
2044
2227
2388
2522
2636
2725
2786
2826
2842
2839
2810
2757
2674
2560
2422
2260
2077
1878
1666
1434
1187
930
665
393
115
-170
-454
-734
-1009
-1271
-1524
-1766
-2003
-2229
-2440
-2635
-2811
-2967
-3105
-3226
-3327
-3403
-3452
-3482
-3495
-3492
-3457
-3393
-3293
-3160
-2995
-2805
-2590
-2338
-2045
-1723
-1378
-1020
-648
-266
133
550
968
1376
1766
2145
2511
2870
3212
3530
3819
4065
4280
4471
4633
4771
4865
4922
4943
4933
4890
4821
4722
4584
4413
4213
3986
3735
3458
3158
2835
2497
2147
1786
1420
1045
666
286
-90
-469
-842
-1203
-1554
-1892
-2218
-2525
-2812
-3077
-3321
-3547
-3750
-3937
-4107
-4253
-4360
-4428
-4455
-4440
-4387
-4304
-4193
-4049
-3869
-3653
-3405
-3126
-2826
-2506
-2170
-1823
-1465
-1105
-743
-392
-48
288
613
927
1224
1500
1748
1973
2170
2349
2499
2623
2722
2789
2835
2861
2868
2856
2819
2755
2667
2555
2424
2273
2101
1903
1681
1443
1193
933
663
377
80
-224
-528
-827
-1117
-1400
-1674
-1937
-2189
-2432
-2667
-2890
-3099
-3288
-3451
-3584
-3694
-3793
-3876
-3939
-3966
-3950
-3885
-3775
-3630
-3452
-3232
-2966
-2653
-2302
-1926
-1530
-1113
-670
-208
271
755
1225
1674
2105
2518
2923
3308
3665
3985
4267
4520
4752
4963
5141
5269
5343
5369
5357
5328
5280
5206
5088
4932
4742
4528
4290
4024
3718
3368
2992
2600
2207
1822
1431
1024
603
174
-253
-669
-1070
-1465
-1853
-2229
-2580
-2897
-3185
-3452
-3706
-3946
-4165
-4369
-4548
-4699
-4820
-4902
-4930
-4907
-4839
-4738
-4601
-4433
-4229
-3984
-3705
-3398
-3059
-2694
-2295
-1869
-1430
-993
-574
-172
213
590
956
1306
1626
1916
2179
2414
2624
2803
2948
3045
3109
3145
3164
3162
3141
3095
3024
2938
2832
2698
2531
2328
2094
1848
1599
1353
1099
833
556
264
-28
-321
-610
-900
-1195
-1489
-1768
-2016
-2236
-2449
-2670
-2900
-3133
-3355
-3547
-3717
-3885
-4064
-4248
-4396
-4472
-4465
-4397
-4290
-4162
-4006
-3780
-3457
-3053
-2609
-2153
-1684
-1187
-632
-12
633
1238
1774
2258
2728
3211
3697
4138
4504
4794
5036
5266
5494
5692
5807
5832
5790
5720
5654
5592
5504
5365
5169
4935
4694
4445
4175
3862
3504
3108
2704
2309
1927
1538
1122
683
227
-225
-668
-1100
-1521
-1935
-2331
-2704
-3046
-3355
-3645
-3917
-4168
-4399
-4611
-4796
-4954
-5075
-5157
-5187
-5154
-5073
-4953
-4796
-4601
-4362
-4083
-3775
-3448
-3107
-2750
-2372
-1968
-1551
-1134
-726
-331
55
430
804
1160
1498
1824
2139
2441
2716
2955
3146
3294
3390
3445
3455
3424
3360
3266
3155
3028
2884
2712
2499
2243
1956
1655
1362
1083
816
557
319
115
-74
-265
-493
-772
-1085
-1401
-1683
-1924
-2143
-2372
-2621
-2867
-3098
-3322
-3570
-3865
-4199
-4531
-4786
-4899
-4867
-4751
-4601
-4432
-4208
-3899
-3521
-3102
-2672
-2230
-1749
-1195
-542
202
955
1613
2146
2593
2997
3382
3757
4096
4388
4644
4899
5168
5432
5641
5737
5706
5579
5419
5278
5182
5113
5031
4935
4823
4699
4548
4348
4074
3711
3291
2865
2481
2144
1834
1510
1145
719
233
-301
-874
-1476
-2095
-2693
-3224
-3671
-4032
-4336
-4604
-4850
-5077
-5275
-5431
-5533
-5552
-5455
-5222
-4873
-4448
-3999
-3568
-3175
-2838
-2546
-2278
-2025
-1782
-1534
-1246
-921
-582
-268
-31
113
174
254
437
749
1150
1595
2088
2575
2987
3290
3497
3634
3699
3704
3699
3673
3581
3370
3050
2637
2138
1606
1087
631
250
-45
-248
-381
-511
-705
-998
-1365
-1755
-2142
-2505
-2816
-3051
-3271
-3541
-3861
-4194
-4628
-5268
-6055
-6729
-7099
-7168
-6920
-6270
-5253
-4150
-3208
-2367
-1497
-640
153
996
2055
3257
4433
5489
6329
6770
6612
5960
5068
4152
3393
2951
2865
2918
2955
3062
3280
3405
3291
3148
3287
3687
4238
5002
5999
6888
7214
6965
6394
5595
4489
3196
2025
1105
340
-335
-920
-1533
-2340
-3311
-4208
-4835
-5132
-5027
-4481
-3659
-2837
-2153
-1633
-1396
-1569
-2024
-2453
-2724
-2922
-3086
-3168
-3250
-3497
-3893
-4211
-4325
-4300
-4131
-3650
-2808
-1810
-878
-51
682
1222
1522
1728
2006
2257
2392
2424
2376
2219
1875
1415
1000
693
452
314
381
641
953
1247
1552
1834
1971
1955
1921
1924
1864
1659
1369
1047
626
87
-454
-858
-1193
-1550
-1890
-2149
-2393
-2751
-3160
-3519
-3837
-4129
-4216
-3942
-3494
-3128
-2900
-2822
-3234
-4404
-5907
-6927
-7153
-6937
-6391
-5190
-3359
-1610
-496
225
937
1543
1867
2268
3213
4568
5795
6571
6868
6592
5702
4419
3116
2028
1333
1234
1654
2218
2697
3214
3772
4047
3930
3880
4257
4890
5500
6122
6817
7207
6829
5792
4548
3295
1942
621
-306
-759
-988
-1207
-1385
-1590
-2034
-2689
-3182
-3203
-2799
-2094
-1197
-341
161
207
-64
-617
-1490
-2546
-3430
-3947
-4185
-4304
-4417
-4584
-4821
-4989
-4894
-4476
-3803
-2926
-1853
-652
493
1393
1913
2047
1859
1530
1207
946
710
471
257
28
-231
-510
-703
-737
-548
-123
484
1129
1679
2110
2426
2583
2516
2238
1863
1484
1118
765
422
104
-272
-738
-1208
-1526
-1700
-1799
-1928
-2189
-2624
-3092
-3327
-3326
-3261
-3146
-2724
-2046
-1478
-1230
-1168
-1507
-2888
-5256
-7457
-8425
-8406
-8053
-7146
-5176
-2715
-1022
-321
229
1080
1784
2212
3045
4643
6405
7505
7836
7527
6495
4706
2587
768
-341
-487
192
1189
1979
2649
3469
4137
4198
3908
4116
4986
5971
6789
7689
8516
8471
7257
5512
3912
2360
689
-692
-1305
-1344
-1361
-1482
-1584
-1779
-2313
-2953
-3095
-2519
-1523
-464
566
1412
1734
1358
423
-893
-2525
-4165
-5306
-5731
-5764
-5743
-5617
-5284
-4909
-4620
-4152
-3296
-2204
-1127
3
1235
2180
2466
2173
1666
1006
138
-702
-1180
-1311
-1366
-1425
-1370
-1207
-1082
-960
-608
18
692
1243
1740
2259
2658
2726
2504
2182
1851
1483
1057
706
414
60
-402
-830
-1010
-995
-941
-1052
-1381
-1897
-2521
-3078
-3475
-3529
-3172
-2493
-1750
-1122
-733
-1170
-2965
-5806
-8372
-9659
-9863
-9323
-7780
-4955
-1804
342
1305
1837
2386
2568
2511
3047
4557
6351
7475
7763
7382
6265
4223
1509
-1058
-2675
-2861
-1840
-271
1414
3202
4980
6100
6175
5744
5663
5957
6222
6584
7448
8456
8496
7145
5116
3129
1143
-932
-2558
-3130
-2775
-2131
-1462
-835
-425
-465
-890
-1193
-1039
-397
542
1556
2360
2606
2180
1156
-353
-2299
-4342
-5923
-6755
-6994
-6930
-6507
-5601
-4397
-3265
-2262
-1315
-371
531
1430
2354
3048
3152
2660
1784
728
-476
-1682
-2675
-3267
-3382
-3170
-2614
-1870
-1167
-580
37
765
1410
1797
2001
2181
2313
2211
1875
1419
917
400
-35
-284
-423
-668
-1130
-1557
-1863
-2152
-2552
-3053
-3493
-3850
-4041
-4058
-3833
-3367
-2641
-1623
-418
707
1030
-149
-2857
-6071
-8507
-9747
-9967
-9171
-6978
-3775
-910
791
1657
2367
2868
2950
3173
4245
6070
7729
8620
8734
8088
6491
3903
932
-1563
-2804
-2629
-1505
50
1891
3984
5708
6334
5957
5482
5469
5646
5850
6438
7513
8258
7805
6258
4342
2399
275
-1829
-3218
-3471
-2938
-2170
-1385
-718
-486
-800
-1292
-1479
-1155
-410
643
1730
2480
2728
2426
1367
-786
-3816
-6697
-8532
-9279
-9227
-8265
-6205
-3497
-1046
768
2041
2779
2942
2848
3095
3606
3773
3254
2206
851
-852
-2715
-4260
-5151
-5350
-4805
-3470
-1665
0
1151
1925
2453
2726
2663
2427
2310
2161
1777
1151
523
-83
-839
-1670
-2165
-2089
-1742
-1508
-1511
-1655
-1983
-2524
-3179
-3840
-4384
-4606
-4223
-3268
-2005
-642
228
-386
-2967
-6569
-9510
-10934
-11147
-10334
-8006
-4225
-325
2174
3237
3670
3775
3372
2859
3265
4864
6848
8165
8523
7983
6484
3922
690
-2212
-3782
-3570
-2115
-136
2059
4551
6875
8095
7957
7293
7043
7121
7206
7447
8146
8713
8123
6248
3901
1825
-145
-2109
-3535
-3750
-2857
-1644
-639
79
499
295
-419
-990
-823
-24
748
1199
1351
1250
607
-673
-2360
-4065
-5494
-6483
-6891
-6775
-6290
-5560
-4600
-3465
-2161
-783
461
1457
2120
2571
2828
2804
2335
1451
388
-679
-1633
-2432
-2826
-2727
-2267
-1761
-1310
-773
-155
498
981
1321
1585
1736
1735
1547
1339
1092
762
320
-166
-622
-1007
-1141
-952
-634
-619
-1017
-1732
-2629
-3654
-4737
-5556
-5904
-5597
-4712
-3359
-1609
144
1092
109
-2952
-6755
-9627
-10904
-10994
-9876
-7191
-3370
67
1932
2609
2900
2931
2447
2045
2717
4549
6636
8066
8635
8212
6684
3993
638
-2280
-3768
-3370
-1707
443
2729
5209
7501
8536
8228
7496
7295
7452
7501
7767
8512
9091
8329
6226
3793
1711
-287
-2375
-3763
-3744
-2592
-1215
-138
618
938
580
-281
-919
-773
164
1229
1887
2171
2134
1539
-334
-3302
-6326
-8442
-9440
-9574
-8616
-6594
-4162
-2184
-769
523
1675
2373
2637
2948
3477
3734
3376
2484
1208
-424
-2275
-3858
-4679
-4637
-3865
-2575
-1128
166
1039
1554
1813
1881
1896
1946
1994
1886
1496
781
-2
-788
-1550
-2253
-2617
-2389
-1617
-847
-553
-734
-1346
-2277
-3407
-4209
-4403
-4255
-3902
-3058
-1674
-772
-1711
-4612
-8071
-10621
-11875
-11942
-10497
-7270
-3118
365
2431
3517
4099
4104
3600
3311
3916
5259
6645
7456
7389
6397
4533
1908
-1106
-3649
-4535
-3403
-1082
1326
3504
5643
7364
8083
7947
7911
8422
8962
9065
9050
9263
9134
7734
5067
2133
-254
-1983
-3155
-3445
-2697
-1392
-238
463
870
932
557
-14
-181
397
1433
2310
2557
1987
661
-1203
-3240
-5005
-6202
-6595
-6251
-5363
-4324
-3539
-3084
-2820
-2393
-1719
-797
307
1461
2519
3204
3287
2626
1343
-169
-1460
-2227
-2332
-1827
-942
-153
281
330
45
-556
-1271
-1708
-1643
-1129
-394
365
948
1066
784
227
-343
-708
-859
-709
-523
-135
86
-186
-1244
-2827
-4329
-5461
-5787
-5473
-4558
-3360
-1795
-209
103
-2069
-6281
-10199
-12161
-12363
-11498
-9151
-5017
-629
1969
2581
2688
3131
3322
3121
3461
5149
7359
8750
8789
7689
5697
2876
-405
-3329
-4795
-4108
-1729
877
2685
3975
5237
6100
5962
5575
6319
8166
9788
10341
10555
10709
9767
6921
3153
253
-1464
-2646
-3348
-2948
-1575
-453
-422
-1092
-1719
-2043
-2071
-1410
291
2644
4657
5437
4783
2914
308
-2579
-5237
-7071
-7683
-7017
-5549
-3945
-2860
-2580
-2914
-3330
-3202
-2284
-676
1217
3036
4480
5223
4883
3374
1149
-1024
-2483
-3094
-2864
-1986
-707
401
717
216
-710
-1424
-1724
-1510
-816
327
1486
1960
1695
1043
487
-106
-838
-1362
-1372
-1015
-850
-1007
-1492
-2358
-3675
-5164
-6084
-6092
-5344
-4202
-2604
-674
474
-750
-4545
-8942
-11735
-12510
-12049
-10398
-6966
-2565
643
1552
1308
1473
1977
2228
2653
4312
6939
9027
9493
8462
6543
3946
888
-2063
-3828
-3530
-1357
1167
2719
3474
4290
5175
5370
5211
6008
8145
10107
10701
10589
10648
10173
7916
4428
1496
-140
-1205
-2170
-2370
-1531
-612
-621
-1433
-2143
-2498
-2659
-2440
-1270
970
3397
4953
4961
3640
1437
-1168
-3821
-6087
-7274
-7066
-5803
-4375
-3472
-3160
-3163
-3331
-3324
-2674
-1190
588
1976
2974
3776
4088
3301
1640
80
-657
-617
-319
129
723
1165
804
-431
-1769
-2589
-2662
-2223
-1346
-53
1294
2019
1721
893
208
111
411
755
1141
1380
982
-272
-2161
-4134
-5658
-6410
-6156
-5033
-3544
-1975
-478
-267
-2755
-7457
-11746
-13320
-12704
-11336
-9025
-5075
-921
1021
518
-345
-60
590
1120
2477
5222
8145
9554
9006
7119
4591
1846
-649
-2446
-2871
-1348
1406
3607
4064
3607
3657
4006
3772
3562
4980
8031
10669
11373
10907
10304
8915
5863
2315
301
99
267
59
140
674
533
-922
-2827
-4003
-4003
-3204
-1809
61
2077
3415
3390
1975
1
-1458
-2142
-2351
-2480
-2313
-1831
-1507
-1898
-3011
-4244
-5025
-5084
-4414
-3023
-1279
242
1006
1092
889
671
526
505
839
1527
2206
2507
2484
2156
1515
442
-859
-1776
-2101
-2027
-1922
-1660
-1340
-1288
-1523
-1578
-899
265
1331
1954
2264
2217
1563
475
-747
-1876
-2990
-4028
-4421
-4063
-3366
-2667
-1717
-713
-1237
-4522
-9392
-12841
-13327
-12036
-10362
-7944
-4268
-936
99
-770
-1369
-415
1189
2746
4858
7779
10260
10626
8594
5302
2193
-230
-2118
-3224
-2811
-658
1920
3020
2393
1779
2475
3563
4020
4790
7112
10093
11500
10884
9911
9358
7913
5009
2329
1425
1609
1189
-46
-941
-1155
-1661
-2752
-3577
-3385
-2537
-1775
-1005
156
1531
2287
1987
970
-161
-1095
-1801
-2314
-2779
-3052
-3062
-2941
-2942
-3293
-3779
-3939
-3550
-2625
-1285
-9
823
936
697
661
775
755
641
747
1188
1615
1775
1829
1779
1408
586
-402
-1062
-1202
-974
-469
48
282
62
-390
-641
-449
-128
209
723
1088
883
-2
-1078
-1958
-2919
-3986
-4462
-3928
-2908
-1960
-902
180
-479
-4270
-9711
-13286
-13328
-11618
-9942
-7757
-4368
-1459
-1006
-2297
-2671
-1204
732
2336
4503
7593
10108
10316
8166
5213
2826
1096
-410
-1523
-1339
312
1809
1434
-310
-949
638
2873
4365
5915
8584
11073
11281
9665
8541
8550
7991
6071
4372
4088
4131
2878
614
-1134
-2013
-2829
-3770
-3976
-3209
-2239
-1794
-1738
-1496
-989
-403
176
650
941
1002
819
340
-460
-1309
-1847
-1992
-2156
-2594
-3199
-3693
-3828
-3585
-3036
-2440
-2062
-1742
-1143
-228
636
1236
1777
2256
2414
2248
2137
2229
2191
1638
654
-205
-825
-1433
-2029
-2207
-1779
-1202
-971
-887
-357
472
941
946
799
579
89
-810
-1675
-2172
-2311
-2203
-1952
-1641
-1160
-342
-446
-3133
-8169
-12569
-13640
-12153
-10529
-9229
-6846
-3973
-2814
-3580
-3683
-1363
1923
4216
5807
8013
10052
10005
7700
4898
3150
2333
1544
546
19
439
940
301
-1497
-2612
-1492
1048
3487
5735
8451
10718
10798
8952
7589
8085
8908
8507
7517
7083
6485
4245
952
-1624
-2888
-3860
-4768
-4654
-3396
-2237
-2350
-3143
-3530
-3089
-2224
-1196
-117
905
1797
2176
1744
705
-145
-416
-507
-1000
-1756
-2528
-3434
-4492
-5054
-4539
-3447
-2605
-2096
-1282
-82
619
500
341
862
1739
2407
2775
3018
2991
2249
1018
-194
-1187
-1798
-1891
-1544
-1041
-970
-1088
-1131
-1249
-1343
-1049
-144
627
754
208
-344
-758
-1306
-1642
-1583
-1014
-388
227
967
649
-2216
-7451
-11985
-13196
-11657
-9723
-8392
-6716
-5200
-5220
-6558
-6753
-4054
163
3833
6557
8996
10692
10338
7930
5140
3851
4005
4229
3598
2454
1740
1017
-719
-3245
-4359
-2506
907
3533
5139
6949
8507
8164
6489
6203
8283
10428
10549
9545
8866
7854
5208
1627
-790
-1464
-1747
-2465
-3070
-3241
-3612
-4817
-6281
-6676
-5316
-2991
-951
327
1018
1242
769
-174
-615
142
1471
2115
1589
251
-1571
-3657
-5421
-5976
-5017
-3469
-2519
-2323
-2250
-1865
-1455
-1301
-798
605
2598
3998
4185
3618
2693
1465
49
-825
-627
253
747
176
-886
-1772
-2380
-2802
-2878
-2043
-616
385
490
53
-563
-1297
-1714
-1388
-453
426
1098
1983
2142
-489
-5960
-11086
-12810
-11642
-10193
-9111
-7377
-5635
-5843
-7768
-8335
-5515
-960
2767
5504
7992
9675
9327
7253
5419
5143
5978
6447
5663
3993
2507
1201
-965
-3547
-4399
-2189
1136
2937
3498
4655
6137
5991
4593
4673
7306
10122
10792
9954
9094
7852
5316
2512
1399
1986
2441
1479
-435
-2348
-4113
-5752
-6651
-6177
-4362
-2180
-820
-650
-1233
-1864
-2139
-1848
-863
856
2565
3245
2521
719
-1330
-3023
-3932
-3698
-2578
-1498
-1350
-2121
-3191
-3874
-3804
-3013
-1421
482
1968
2444
1919
1073
363
-28
-217
116
760
1034
602
-286
-1067
-1864
-2733
-3147
-2607
-1694
-1119
-1078
-1259
-1542
-2091
-2539
-2353
-1327
-303
340
865
1753
2130
-143
-4993
-9654
-11009
-9695
-8647
-8732
-8469
-7370
-7304
-8476
-8336
-5085
-398
2837
4601
6405
8208
8653
7513
6663
7442
9057
9449
7799
5222
3089
1656
-104
-1892
-2128
-307
1844
2317
1882
2337
3498
3728
3333
4489
7563
10172
10313
9005
7944
6902
5235
3696
3464
4088
3779
1872
-625
-2636
-4116
-5253
-5806
-5454
-4449
-3624
-3358
-3509
-3701
-3723
-3332
-2352
-1031
194
870
1117
975
323
-623
-1430
-1691
-1421
-988
-1018
-1706
-2564
-2991
-2763
-2206
-1486
-668
-94
-69
-350
-277
240
721
711
555
638
783
646
223
-42
-136
-344
-746
-1069
-1131
-1330
-1767
-2215
-2362
-2262
-2332
-2193
-1510
-591
-22
248
899
827
-1731
-6327
-9748
-9677
-8102
-7893
-8956
-9215
-8682
-9229
-10240
-9116
-5005
-475
2159
3802
5670
7349
7687
7064
7066
8344
10010
10287
8566
6054
4310
3200
1403
-532
-770
868
2151
1584
849
1731
3330
3876
3934
5256
7405
8431
8020
7800
8307
8236
7174
6316
6376
6143
4221
1336
-994
-2405
-3478
-4422
-4791
-4550
-4419
-4823
-5386
-5564
-5221
-4381
-3150
-1724
-498
33
-9
-393
-641
-626
-775
-1111
-1395
-1179
-963
-1535
-2719
-3453
-3113
-2313
-1716
-1181
-407
113
-141
-750
-643
181
856
859
568
574
467
-81
-751
-936
-693
-647
-887
-1009
-803
-698
-1057
-1619
-2020
-2185
-2348
-2469
-2039
-1296
-677
-192
535
1043
-755
-5032
-9016
-9713
-7872
-6989
-7814
-8643
-8468
-8665
-9565
-8923
-5705
-1673
755
2007
3597
5383
6225
6088
6641
8466
10433
10744
8859
6412
4968
4581
3896
2707
2380
2934
2915
1407
111
761
2253
2818
2738
3792
5669
6480
6027
5918
6900
7640
7445
7220
7446
7151
5604
3484
1668
92
-1558
-2836
-3450
-3735
-4198
-4924
-5661
-6209
-6295
-5655
-4345
-2993
-2128
-1750
-1584
-1229
-659
-190
-140
-488
-776
-539
-217
-613
-1626
-2489
-2591
-2293
-2044
-1678
-1163
-969
-1391
-1763
-1388
-756
-573
-651
-362
174
367
151
-187
-267
-330
-438
-723
-1299
-1746
-2149
-2219
-2225
-2483
-2972
-3473
-3269
-2756
-2128
-1410
-204
580
-1281
-5096
-7922
-7359
-5203
-5075
-6934
-8408
-8416
-8544
-9108
-8172
-5072
-1702
-348
63
1261
2951
4107
4641
6079
8546
10604
10770
9019
7219
6612
6890
6584
5454
4762
4802
4352
2611
1342
2018
3322
3517
3124
3863
5210
5124
3874
3888
5779
7310
7058
6256
6223
6245
5294
3970
3162
2276
287
-1986
-3140
-3058
-2999
-3957
-5418
-6514
-6942
-6737
-6120
-5214
-4177
-3183
-2439
-2066
-1843
-1614
-1391
-1468
-1318
-520
410
490
-569
-1349
-1154
-635
-594
-1093
-1418
-1469
-1458
-1531
-1566
-1660
-1924
-1743
-1077
-262
83
-109
-158
-2
198
92
-177
-345
-681
-1109
-1469
-1800
-2451
-3306
-3608
-3239
-2561
-1960
-1007
-117
-1452
-5278
-8760
-8773
-6319
-5223
-6610
-8223
-8444
-8566
-9064
-8327
-5595
-2615
-1478
-1187
36
1817
2948
3543
4896
7086
8988
9693
9057
7917
7401
7827
8086
7227
6036
5592
5518
4754
3895
4247
5100
4952
4063
4008
4922
5080
4060
3554
4527
5692
5845
5470
5274
5145
4721
4459
4556
4119
2760
1169
8
-817
-1689
-2398
-2895
-3561
-4506
-5244
-5543
-5720
-5994
-5955
-5198
-4142
-3296
-2878
-2716
-2489
-2116
-1637
-1071
-665
-518
-538
-338
234
659
504
-354
-1407
-2004
-1901
-1482
-1416
-1803
-2171
-2186
-2070
-2094
-2190
-2094
-1631
-916
-385
-63
-220
-670
-924
-917
-640
-755
-1395
-1922
-1912
-1614
-1298
-721
250
88
-2795
-6704
-8326
-6792
-5269
-6313
-8451
-9394
-9383
-9768
-9530
-7181
-3842
-2086
-2202
-1827
-48
1851
3001
4120
6074
7997
8648
8037
7160
7121
7888
8348
7717
6621
6084
5841
5063
4016
4122
5378
5815
4969
4517
5295
5732
4819
4057
4797
6038
5957
5010
4810
5205
5001
4110
3553
3435
2830
1645
832
699
467
-279
-1156
-1887
-2766
-3722
-4252
-4441
-4630
-4840
-4813
-4588
-4454
-4319
-4076
-3894
-3750
-3161
-2047
-1238
-1140
-1189
-792
-109
296
413
438
202
-288
-755
-1008
-1197
-1623
-1962
-1927
-1866
-1989
-2301
-2408
-2204
-1949
-1709
-1607
-1699
-1856
-1768
-1484
-1131
-1097
-1528
-1971
-2188
-1954
-1279
-383
577
809
-967
-4190
-6501
-6333
-4886
-4990
-6764
-8243
-8896
-9527
-10002
-8866
-6313
-4292
-3693
-2907
-889
1077
2247
3294
5044
6925
7829
7873
7720
7701
7969
8351
8227
7404
6532
6043
5606
4899
4485
4988
5448
4927
4230
4415
5074
5118
4829
5217
6028
6073
5324
4831
4804
4770
4603
4609
4507
3627
2209
1082
503
-8
-681
-1216
-1657
-2279
-2921
-3305
-3550
-4125
-4821
-4972
-4628
-4211
-4020
-3972
-3976
-4078
-3870
-3107
-2081
-1477
-1469
-1356
-731
-6
229
35
-227
-236
-38
-66
-422
-1040
-1496
-1407
-1288
-1741
-2378
-2545
-2160
-1667
-1556
-1580
-1706
-2282
-2910
-2980
-2308
-1595
-1554
-1758
-1763
-1580
-1218
-464
722
1049
-777
-3621
-5010
-4232
-3428
-4614
-6933
-8483
-9064
-9561
-9576
-8102
-5972
-4894
-4905
-4231
-2266
-190
1332
2651
4367
5934
6720
7044
7227
7622
8314
8927
8860
8111
7394
6940
6428
5673
5333
5574
5456
4748
4373
4752
4812
3964
3209
3544
4339
4554
4676
5285
5652
4890
3795
3717
4117
3771
2742
2057
1729
868
-370
-1115
-1456
-2207
-3128
-3419
-3414
-3943
-4907
-5244
-4782
-4372
-4129
-3777
-3501
-3662
-3778
-3051
-1883
-1357
-1530
-1384
-619
67
345
369
244
-147
-586
-606
-557
-887
-1333
-1290
-983
-1163
-1821
-2301
-2246
-2108
-2074
-1828
-1682
-2171
-2986
-3215
-2661
-2397
-2780
-3018
-2726
-2212
-1712
-744
261
-448
-2869
-4749
-4178
-2504
-2574
-4528
-6421
-7355
-8004
-8459
-7639
-5812
-4687
-4905
-4830
-3400
-1661
-535
445
2037
3885
5115
5829
6349
6777
7356
8223
8770
8360
7545
7263
7524
7542
7210
7048
6709
5704
4755
4897
5649
5550
4444
3632
3817
4158
4038
3902
4103
4330
4132
3793
3782
3856
3588
3018
2445
1870
1232
511
-367
-1290
-2147
-2692
-2982
-3614
-4569
-5341
-5507
-5261
-5259
-5495
-5545
-5324
-4938
-4306
-3427
-2542
-2075
-1930
-1478
-625
138
449
376
339
439
485
303
-45
-475
-886
-1025
-1053
-1201
-1562
-2019
-2120
-2007
-1935
-1968
-2250
-2618
-2817
-2533
-2123
-2032
-2260
-2380
-1998
-1374
-564
40
-781
-2854
-4588
-4366
-3154
-3410
-5251
-6906
-7504
-7750
-7735
-6718
-5282
-4709
-5089
-4682
-2879
-1128
-82
863
2224
3508
4253
4872
5571
6032
6419
7089
7597
7383
7017
7148
7430
7225
6837
6962
7070
6424
5833
6143
6588
5995
4693
4042
4249
4438
4495
4748
4845
4282
3423
3108
3293
3226
2832
2595
2453
2048
1374
738
186
-556
-1341
-1931
-2490
-3250
-4000
-4380
-4513
-4786
-5055
-5102
-5227
-5490
-5371
-4643
-3942
-3821
-3792
-3042
-1857
-977
-558
-399
-389
-464
-304
191
472
161
-411
-604
-537
-634
-830
-1067
-1403
-1836
-2123
-2017
-2025
-2519
-3104
-3108
-2667
-2341
-2232
-2110
-1956
-1758
-1180
-52
271
-1318
-3576
-4336
-3306
-2760
-4097
-5938
-6910
-7341
-7771
-7420
-6001
-4930
-5083
-5115
-3572
-1527
-506
-49
951
2263
3077
3780
4963
5956
6221
6353
6852
6993
6487
6261
6801
7289
7150
6983
7046
6599
5861
5904
6694
6863
5863
4856
4734
4841
4632
4642
4953
4861
4090
3386
3272
3160
2766
2573
2494
1930
976
321
147
-147
-895
-1556
-1947
-2552
-3407
-3988
-4111
-4220
-4526
-4821
-5060
-5360
-5481
-4888
-3967
-3687
-4070
-4252
-3670
-2643
-1731
-990
-547
-640
-862
-686
-196
47
-130
-237
-118
-23
-197
-259
-274
-532
-900
-1255
-1263
-1372
-1779
-2147
-2419
-2326
-2316
-2389
-2396
-2267
-1750
-1081
-221
96
-913
-2585
-3475
-2613
-1733
-2806
-5154
-6728
-6882
-6788
-6722
-6068
-5310
-5483
-6000
-5034
-2783
-1110
-515
103
1259
2266
2979
4061
5321
5980
6188
6610
6863
6471
6155
6627
7401
7420
7003
6952
6744
6048
5733
6432
7133
6454
5079
4472
4793
4963
4781
4803
4732
4171
3374
3010
3125
2925
2351
1770
1300
787
273
-79
-415
-879
-1442
-1957
-2508
-3232
-3871
-4175
-4188
-4172
-4372
-4741
-5045
-5137
-4917
-4428
-3978
-3795
-3786
-3589
-3015
-2304
-1708
-1395
-1240
-1043
-770
-332
-24
72
5
17
158
168
15
-51
23
39
-258
-572
-720
-907
-1459
-2097
-2271
-2054
-2068
-2384
-2523
-2250
-1841
-1333
-770
-853
-2123
-3454
-3316
-2237
-2431
-4218
-5678
-5927
-5932
-6172
-5625
-4395
-4121
-4975
-5057
-3494
-1872
-1222
-615
484
1318
1592
2348
3770
4759
5061
5583
6293
6230
5660
5825
6726
7146
6942
7055
7362
6905
6105
6215
6894
6849
6027
5516
5531
5230
4794
4980
5393
5065
4129
3546
3455
3179
2628
2288
2137
1567
664
38
-280
-685
-1314
-1887
-2344
-2941
-3557
-3888
-4045
-4287
-4578
-4785
-4971
-5200
-5290
-5118
-4848
-4691
-4482
-4076
-3616
-3187
-2658
-2102
-1840
-1805
-1573
-1045
-668
-686
-732
-443
-32
129
42
-43
-73
-147
-214
-194
-249
-506
-793
-971
-1092
-1302
-1490
-1560
-1558
-1584
-1511
-1250
-972
-852
-1060
-1613
-2305
-2748
-2795
-2958
-3566
-4274
-4620
-4760
-5125
-5357
-4903
-4068
-3573
-3386
-2903
-2214
-1782
-1401
-528
693
1546
1991
2601
3422
4075
4569
5164
5666
5742
5734
6159
6805
7064
6941
6881
6788
6414
6117
6259
6440
6039
5289
4947
4939
4761
4446
4393
4429
4031
3369
2981
2930
2731
2255
1875
1598
1212
730
285
-215
-948
-1739
-2292
-2609
-2933
-3277
-3572
-3952
-4420
-4738
-4689
-4439
-4340
-4443
-4485
-4276
-3979
-3696
-3418
-3110
-2746
-2480
-2313
-2068
-1711
-1357
-1154
-1043
-822
-483
-226
-120
2
148
195
119
44
75
55
-111
-272
-384
-579
-899
-1180
-1262
-1225
-1155
-1061
-940
-808
-729
-738
-908
-1276
-1739
-2170
-2603
-3149
-3669
-3956
-4061
-4239
-4595
-4798
-4574
-4211
-3978
-3749
-3359
-2898
-2507
-1979
-1127
-233
337
715
1254
1943
2672
3448
4170
4596
4670
4852
5477
6190
6586
6698
6725
6665
6510
6446
6526
6450
6040
5566
5323
5195
5015
4805
4559
4184
3714
3393
3342
3274
3008
2658
2299
1927
1588
1313
981
424
-273
-823
-1149
-1445
-1775
-2060
-2411
-2939
-3484
-3727
-3680
-3778
-4205
-4600
-4640
-4414
-4133
-3825
-3514
-3342
-3360
-3347
-3063
-2596
-2156
-1862
-1721
-1614
-1444
-1170
-853
-674
-632
-600
-501
-405
-383
-409
-482
-601
-743
-849
-883
-930
-1041
-1135
-1131
-1047
-975
-919
-870
-915
-1190
-1689
-2225
-2727
-3231
-3674
-3913
-3985
-4138
-4444
-4592
-4287
-3736
-3277
-2970
-2698
-2426
-2129
-1580
-658
261
753
918
1190
1739
2426
3121
3746
4153
4291
4448
4909
5583
6129
6360
6345
6189
6082
6178
6444
6593
6379
5933
5538
5359
5305
5195
4951
4573
4120
3684
3348
3126
2907
2539
2044
1594
1274
992
634
186
-277
-746
-1200
-1613
-1979
-2327
-2686
-3025
-3341
-3580
-3718
-3791
-3866
-4007
-4127
-4156
-4147
-4061
-3816
-3486
-3296
-3298
-3288
-3081
-2758
-2468
-2176
-1849
-1577
-1375
-1165
-894
-616
-442
-388
-371
-325
-212
-110
-149
-315
-449
-483
-533
-639
-703
-649
-584
-612
-595
-505
-511
-695
-972
-1258
-1662
-2213
-2738
-3127
-3405
-3597
-3705
-3825
-3966
-3943
-3693
-3371
-3107
-2797
-2340
-1873
-1402
-754
11
621
1010
1415
1945
2483
2982
3466
3838
3978
4085
4437
4935
5324
5492
5525
5503
5457
5549
5807
5959
5811
5470
5201
5079
5006
4926
4801
4582
4264
3967
3766
3553
3215
2790
2376
1979
1546
1092
653
176
-361
-875
-1301
-1652
-2004
-2390
-2761
-3084
-3325
-3466
-3521
-3559
-3671
-3841
-3981
-4035
-3974
-3787
-3558
-3434
-3471
-3502
-3398
-3186
-2924
-2661
-2428
-2249
-2058
-1750
-1349
-971
-720
-609
-562
-505
-340
-87
81
35
-126
-230
-288
-353
-413
-345
-240
-263
-380
-419
-389
-436
-590
-848
-1246
-1827
-2455
-2915
-3161
-3305
-3450
-3627
-3823
-3917
-3709
-3260
-2876
-2668
-2470
-2118
-1635
-1039
-309
382
793
965
1233
1744
2348
2889
3310
3587
3717
3901
4335
4886
5281
5384
5321
5259
5292
5490
5740
5781
5516
5160
4960
4902
4889
4852
4707
4372
3910
3556
3373
3182
2809
2311
1859
1476
1109
745
354
-128
-689
-1197
-1563
-1786
-1994
-2288
-2621
-2917
-3102
-3194
-3214
-3262
-3340
-3409
-3450
-3412
-3304
-3165
-3041
-2995
-2971
-2874
-2733
-2580
-2429
-2274
-2087
-1873
-1654
-1434
-1241
-1099
-997
-924
-859
-758
-633
-527
-487
-522
-565
-569
-570
-574
-556
-507
-414
-330
-303
-334
-396
-478
-623
-937
-1452
-2068
-2634
-3046
-3308
-3474
-3624
-3803
-3971
-3979
-3730
-3297
-2845
-2457
-2099
-1712
-1238
-664
-65
421
756
1072
1493
1990
2465
2888
3236
3483
3678
3947
4327
4704
4962
5084
5098
5060
5077
5221
5388
5415
5294
5137
5002
4884
4809
4776
4673
4418
4107
3878
3687
3414
3045
2662
2286
1884
1481
1107
691
148
-419
-856
-1163
-1472
-1843
-2225
-2567
-2870
-3090
-3174
-3177
-3226
-3348
-3493
-3589
-3593
-3499
-3368
-3303
-3336
-3347
-3234
-3042
-2850
-2663
-2488
-2372
-2286
-2117
-1803
-1468
-1289
-1249
-1212
-1116
-993
-866
-754
-678
-657
-655
-632
-605
-591
-541
-441
-342
-297
-295
-326
-374
-439
-545
-796
-1264
-1862
-2425
-2818
-3064
-3231
-3353
-3461
-3549
-3552
-3339
-2937
-2518
-2161
-1801
-1357
-815
-215
394
949
1373
1679
2000
2409
2832
3184
3472
3748
4023
4268
4507
4760
4938
4982
4948
4922
4923
4936
4949
4944
4889
4778
4679
4606
4517
4397
4239
4025
3767
3510
3276
3001
2620
2184
1785
1419
1039
639
216
-259
-759
-1200
-1520
-1778
-2079
-2427
-2746
-3002
-3195
-3299
-3323
-3331
-3406
-3537
-3610
-3557
-3432
-3309
-3219
-3156
-3098
-2996
-2800
-2556
-2338
-2206
-2137
-2052
-1884
-1644
-1443
-1366
-1346
-1271
-1128
-974
-860
-771
-696
-659
-638
-577
-496
-442
-405
-325
-210
-132
-121
-150
-218
-362
-595
-924
-1366
-1880
-2331
-2663
-2932
-3177
-3342
-3411
-3417
-3307
-2989
-2528
-2101
-1748
-1353
-872
-381
91
585
1061
1426
1731
2097
2530
2926
3245
3513
3742
3951
4196
4473
4672
4728
4710
4708
4721
4738
4799
4898
4936
4881
4824
4837
4833
4713
4507
4276
4026
3731
3409
3078
2702
2243
1741
1276
873
508
129
-313
-812
-1279
-1607
-1807
-2002
-2272
-2580
-2844
-3045
-3174
-3218
-3227
-3292
-3433
-3556
-3556
-3456
-3340
-3253
-3202
-3164
-3111
-2987
-2781
-2547
-2354
-2207
-2052
-1866
-1671
-1510
-1396
-1296
-1163
-997
-845
-754
-717
-688
-646
-591
-524
-448
-382
-334
-280
-194
-111
-96
-169
-291
-434
-606
-857
-1230
-1710
-2205
-2605
-2856
-2986
-3064
-3132
-3188
-3164
-2967
-2597
-2159
-1758
-1375
-950
-464
68
607
1092
1464
1748
2056
2441
2845
3200
3482
3692
3836
3960
4140
4356
4505
4513
4453
4423
4442
4513
4632
4761
4826
4819
4786
4792
4846
4867
4759
4509
4194
3876
3581
3273
2889
2385
1814
1252
733
261
-181
-607
-1062
-1521
-1898
-2142
-2339
-2595
-2891
-3148
-3340
-3499
-3619
-3699
-3777
-3886
-3959
-3913
-3785
-3651
-3554
-3466
-3367
-3218
-2996
-2754
-2582
-2491
-2399
-2239
-2019
-1807
-1635
-1498
-1408
-1297
-1135
-948
-790
-697
-638
-591
-538
-469
-392
-314
-228
-142
-79
-50
-29
-41
-119
-273
-479
-734
-1085
-1507
-1894
-2186
-2419
-2596
-2683
-2697
-2684
-2599
-2358
-2010
-1663
-1324
-925
-490
-67
375
869
1355
1750
2098
2469
2824
3104
3358
3618
3815
3933
4055
4212
4310
4301
4271
4304
4360
4402
4459
4549
4627
4647
4648
4662
4644
4545
4367
4135
3858
3556
3236
2884
2470
1984
1502
1085
708
326
-70
-462
-876
-1277
-1608
-1854
-2066
-2333
-2633
-2910
-3126
-3297
-3430
-3542
-3656
-3780
-3855
-3828
-3739
-3658
-3599
-3539
-3453
-3318
-3111
-2860
-2657
-2535
-2436
-2295
-2106
-1910
-1718
-1549
-1427
-1337
-1220
-1055
-888
-732
-573
-442
-362
-313
-255
-176
-63
83
220
287
272
231
186
97
-64
-304
-637
-1061
-1507
-1869
-2141
-2366
-2548
-2668
-2717
-2681
-2509
-2224
-1915
-1622
-1320
-960
-543
-84
398
835
1182
1489
1852
2272
2665
2985
3244
3463
3642
3815
4011
4171
4231
4217
4205
4217
4248
4290
4348
4396
4416
4424
4433
4442
4398
4296
4155
3975
3733
3442
3120
2780
2408
2007
1629
1263
893
494
89
-308
-704
-1093
-1448
-1747
-2040
-2355
-2660
-2933
-3164
-3346
-3463
-3544
-3630
-3706
-3731
-3683
-3603
-3525
-3448
-3364
-3263
-3118
-2937
-2753
-2593
-2471
-2345
-2185
-1980
-1758
-1547
-1387
-1282
-1199
-1100
-976
-835
-709
-620
-578
-557
-511
-435
-340
-268
-229
-201
-173
-109
-18
60
82
21
-123
-308
-500
-694
-908
-1144
-1393
-1618
-1771
-1830
-1808
-1742
-1638
-1521
-1370
-1152
-883
-589
-315
-58
221
523
844
1177
1527
1851
2118
2366
2622
2886
3123
3306
3458
3565
3628
3665
3699
3755
3809
3865
3910
3929
3935
3921
3904
3873
3798
3676
3520
3334
3114
2858
2567
2239
1898
1573
1269
968
671
354
3
-375
-748
-1057
-1316
-1557
-1812
-2079
-2328
-2545
-2698
-2775
-2808
-2843
-2868
-2885
-2883
-2846
-2776
-2700
-2630
-2555
-2474
-2388
-2331
-2292
-2250
-2185
-2082
-1964
-1849
-1731
-1612
-1493
-1365
-1225
-1095
-986
-895
-810
-727
-644
-562
-470
-362
-268
-209
-180
-153
-130
-128
-169
-269
-435
-657
-890
-1110
-1309
-1508
-1711
-1891
-2031
-2114
-2117
-2039
-1911
-1754
-1559
-1316
-1039
-743
-423
-99
197
475
772
1103
1448
1773
2067
2315
2516
2702
2902
3110
3287
3424
3532
3620
3699
3786
3890
3983
4017
4006
3990
3975
3944
3887
3805
3693
3551
3395
3230
3045
2817
2531
2193
1834
1481
1144
827
516
182
-176
-545
-907
-1216
-1468
-1700
-1956
-2239
-2518
-2746
-2897
-2986
-3053
-3124
-3192
-3242
-3235
-3151
-3034
-2927
-2829
-2730
-2606
-2452
-2282
-2134
-2013
-1917
-1823
-1707
-1561
-1402
-1270
-1167
-1080
-986
-878
-750
-645
-582
-542
-499
-433
-343
-233
-137
-64
-16
22
73
122
137
93
-3
-116
-243
-363
-486
-611
-763
-944
-1116
-1240
-1312
-1338
-1340
-1330
-1289
-1208
-1047
-823
-575
-344
-129
91
318
569
848
1139
1375
1543
1672
1805
1971
2132
2262
2369
2461
2539
2631
2759
2906
3024
3096
3147
3202
3263
3318
3339
3318
3257
3160
3056
2963
2850
2687
2474
2223
1955
1705
1475
1251
996
712
419
122
-157
-417
-666
-921
-1186
-1441
-1655
-1819
-1957
-2080
-2191
-2291
-2372
-2425
-2440
-2435
-2436
-2429
-2405
-2367
-2312
-2227
-2137
-2062
-1991
-1926
-1839
-1741
-1635
-1534
-1442
-1359
-1272
-1166
-1040
-912
-814
-738
-674
-608
-532
-444
-365
-314
-297
-293
-283
-282
-296
-334
-396
-472
-564
-651
-728
-819
-938
-1055
-1144
-1209
-1261
-1294
-1313
-1330
-1333
-1290
-1194
-1063
-906
-734
-555
-377
-193
13
235
453
662
887
1104
1302
1494
1690
1880
2051
2208
2353
2503
2650
2796
2921
3012
3081
3138
3199
3252
3287
3289
3267
3217
3152
3093
3048
3000
2911
2777
2594
2390
2173
1957
1733
1468
1163
846
550
279
27
-240
-519
-801
-1073
-1295
-1468
-1620
-1781
-1934
-2066
-2164
-2215
-2235
-2250
-2276
-2314
-2323
-2296
-2237
-2171
-2110
-2062
-2011
-1943
-1850
-1737
-1644
-1570
-1520
-1472
-1410
-1335
-1257
-1187
-1141
-1116
-1087
-1047
-985
-930
-888
-833
-779
-730
-681
-640
-614
-606
-622
-647
-674
-695
-733
-793
-864
-940
-986
-998
-993
-989
-990
-990
-960
-890
-787
-660
-534
-406
-276
-129
43
220
388
549
712
881
1056
1236
1412
1581
1734
1897
2055
2210
2359
2489
2603
2700
2792
2874
2945
2992
3024
3041
3041
3022
2978
2919
2842
2758
2652
2542
2406
2237
2065
1890
1705
1500
1280
1040
795
560
336
106
-140
-391
-632
-856
-1049
-1222
-1377
-1517
-1653
-1777
-1865
-1921
-1962
-1999
-2037
-2064
-2073
-2059
-2034
-2006
-1991
-1979
-1959
-1925
-1875
-1821
-1771
-1713
-1648
-1573
-1488
-1402
-1313
-1218
-1126
-1036
-951
-875
-802
-735
-686
-648
-617
-587
-564
-553
-556
-567
-590
-618
-644
-662
-672
-690
-718
-745
-757
-752
-724
-693
-666
-636
-598
-527
-426
-311
-202
-96
14
137
281
435
580
707
822
934
1056
1186
1314
1428
1530
1621
1711
1810
1907
1976
2040
2111
2176
2238
2300
2355
2396
2423
2431
2439
2435
2419
2385
2337
2267
2169
2053
1921
1789
1648
1486
1295
1092
875
666
463
253
45
-175
-391
-588
-766
-920
-1064
-1202
-1330
-1440
-1524
-1578
-1620
-1660
-1686
-1712
-1730
-1733
-1726
-1722
-1721
-1719
-1706
-1691
-1664
-1635
-1611
-1586
-1557
-1523
-1479
-1433
-1389
-1346
-1291
-1231
-1173
-1119
-1060
-999
-941
-891
-845
-800
-759
-715
-671
-629
-593
-559
-529
-495
-462
-429
-393
-362
-330
-291
-244
-188
-140
-103
-63
-15
44
115
179
238
289
340
416
501
582
648
706
764
828
909
1008
1103
1180
1244
1317
1395
1482
1566
1644
1708
1764
1818
1877
1943
1987
2007
2012
2006
1989
1973
1946
1898
1829
1734
1627
1516
1400
1286
1155
1005
846
686
530
381
240
92
-51
-199
-346
-481
-596
-695
-795
-895
-995
-1079
-1144
-1191
-1224
-1255
-1294
-1327
-1354
-1358
-1351
-1341
-1322
-1316
-1319
-1318
-1312
-1295
-1279
-1275
-1274
-1269
-1261
-1241
-1209
-1179
-1154
-1122
-1084
-1033
-971
-909
-840
-789
-750
-705
-654
-593
-538
-497
-471
-452
-430
-394
-355
-327
-309
-303
-294
-270
-240
-194
-153
-116
-87
-63
-28
11
52
96
131
163
199
244
296
347
402
455
512
580
641
708
775
842
913
986
1056
1119
1177
1233
1286
1343
1404
1468
1524
1561
1594
1625
1652
1670
1672
1656
1634
1595
1545
1485
1415
1328
1229
1121
1013
908
806
696
576
454
335
235
139
50
-52
-154
-252
-347
-428
-501
-577
-661
-741
-821
-890
-947
-994
-1035
-1085
-1132
-1173
-1208
-1232
-1239
-1236
-1236
-1237
-1245
-1242
-1220
-1192
-1161
-1133
-1120
-1110
-1087
-1051
-1006
-959
-925
-903
-883
-850
-804
-759
-712
-676
-657
-639
-613
-576
-533
-493
-468
-442
-412
-377
-331
-290
-257
-223
-186
-148
-98
-46
12
66
108
144
179
217
255
290
317
341
359
381
410
439
474
506
532
561
595
635
686
743
788
827
864
907
964
1020
1066
1105
1131
1152
1177
1202
1228
1236
1229
1210
1187
1165
1146
1126
1086
1030
965
898
833
771
708
631
549
464
387
324
267
207
147
83
19
-40
-89
-133
-181
-234
-284
-336
-386
-430
-477
-526
-575
-620
-660
-694
-724
-747
-777
-804
-823
-833
-836
-840
-842
-842
-837
-833
-830
-828
-830
-833
-839
-842
-838
-838
-840
-839
-836
-828
-817
-809
-802
-788
-776
-759
-736
-713
-689
-661
-625
-585
-543
-499
-449
-401
-350
-299
-251
-204
-155
-103
-45
14
66
116
165
212
258
307
353
388
415
440
463
494
523
544
554
565
580
595
625
658
684
701
719
745
776
812
840
856
863
868
876
884
889
891
879
855
835
807
788
771
742
702
660
620
589
565
540
510
474
435
396
362
334
304
269
235
194
154
128
106
79
51
24
-11
-39
-65
-92
-121
-161
-206
-246
-281
-311
-347
-386
-434
-481
-522
-555
-583
-628
-677
-735
-782
-816
-844
-875
-913
-951
-991
-1016
-1028
-1032
-1040
-1050
-1062
-1068
-1060
-1032
-995
-964
-936
-907
-866
-805
-733
-656
-586
-530
-474
-413
-341
-265
-195
-135
-84
-41
9
75
143
201
243
275
308
348
392
434
468
492
503
519
542
569
598
618
632
636
636
658
684
707
714
707
700
694
692
692
682
665
634
602
574
551
530
506
482
447
405
372
350
332
315
298
282
269
267
269
265
263
262
254
254
250
253
248
240
234
231
224
218
208
194
180
162
148
136
117
89
59
31
8
-14
-35
-63
-96
-132
-169
-202
-226
-251
-286
-328
-377
-431
-475
-510
-549
-595
-649
-703
-749
-785
-815
-843
-874
-909
-932
-950
-949
-933
-916
-896
-881
-866
-834
-791
-741
-692
-649
-604
-560
-501
-437
-370
-305
-246
-197
-148
-81
-8
55
115
168
212
262
316
371
420
458
483
505
537
573
606
628
639
638
635
642
652
654
649
631
609
589
575
562
544
513
471
426
388
363
339
310
275
238
203
185
176
167
152
141
128
119
117
116
112
101
88
75
66
68
73
72
65
49
35
31
32
32
24
13
4
-3
-5
-4
-5
-12
-19
-31
-40
-47
-48
-54
-70
-87
-109
-121
-126
-135
-150
-164
-183
-201
-214
-223
-238
-258
-280
-301
-316
-326
-333
-342
-347
-351
-347
-338
-329
-323
-314
-302
-290
-276
-256
-241
-225
-209
-199
-181
-164
-149
-137
-126
-117
-108
-96
-75
-55
-40
-24
-12
7
24
42
62
81
101
118
133
149
160
171
181
186
188
188
188
185
181
182
179
169
156
148
140
135
126
119
109
101
102
99
101
99
92
81
78
75
67
62
57
46
36
29
26
28
27
23
15
11
8
13
16
19
18
15
23
27
37
46
50
51
52
55
60
68
70
67
65
64
59
52
43
34
10
-13
-27
-42
-58
-68
-81
-97
-110
-122
-129
-133
-138
-144
-141
-138
-136
-125
-116
-109
-107
-103
-90
-78
-68
-53
-36
-21
-9
10
28
39
54
64
73
82
92
104
118
126
127
125
129
133
132
132
131
126
121
118
117
112
108
97
83
65
52
40
24
10
-9
-33
-46
-60
-69
-73
-87
-97
-109
-116
-118
-122
-129
-137
-149
-161
-162
-159
-158
-159
-167
-174
-175
-173
-167
-161
-161
-161
-158
-157
-147
-133
-120
-112
-103
-90
-76
-56
-36
-17
-3
9
17
32
51
68
84
96
106
116
122
130
136
137
135
129
122
114
110
103
94
87
81
74
67
59
54
56
59
62
68
71
74
79
87
94
95
98
96
97
88
85
87
81
76
68
63
59
52
53
52
44
44
41
35
31
24
22
18
17
12
9
13
6
1
0
-6
-10
-16
-22
-26
-30
-32
-31
-34
-40
-47
-49
-54
-62
-66
-71
-74
-79
-80
-73
-73
-69
-69
-60
-56
-53
-50
-49
-48
-44
-40
-37
-32
-31
-31
-30
-21
-17
-16
-17
-18
-24
-25
-26
-29
-30
-31
-34
-36
-32
-27
-23
-19
-19
-24
-22
-20
-20
-27
-36
-45
-52
-56
-58
-65
-74
-77
-81
-85
-85
-85
-86
-86
-88
-91
-86
-78
-69
-66
-59
-48
-34
-21
-6
4
11
20
29
34
42
50
57
63
67
71
74
87
95
102
109
116
125
133
139
145
150
153
152
159
165
170
176
179
180
175
170
171
163
152
141
122
102
86
70
53
38
26
10
-2
-10
-16
-22
-22
-24
-26
-26
-22
-19
-20
-16
-20
-21
-24
-30
-34
-36
-40
-47
-54
-63
-69
-75
-83
-91
-105
-115
-122
-129
-136
-144
-151
-159
-163
-166
-164
-163
-157
-157
-151
-143
-132
-122
-113
-104
-98
-89
-83
-76
-72
-62
-55
-48
-39
-30
-24
-24
-21
-21
-24
-19
-16
-13
-7
-1
1
7
17
22
25
31
36
43
47
56
64
68
73
77
81
89
98
100
105
105
104
105
113
114
113
116
117
117
121
125
129
133
135
136
136
137
133
131
124
117
111
100
90
82
67
54
41
29
17
5
-3
-14
-18
-20
-24
-29
-33
-38
-45
-48
-54
-54
-56
-55
-55
-59
-61
-64
-66
-66
-70
-73
-76
-79
-83
-90
-93
-96
-101
-104
-104
-106
-104
-100
-93
-87
-80
-71
-64
-57
-55
-51
-45
-46
-42
-41
-41
-37
-34
-32
-34
-35
-34
-33
-32
-31
-28
-27
-28
-23
-21
-17
-12
-9
-8
-7
-1
3
8
15
16
23
30
37
43
47
52
53
51
51
52
54
57
57
58
56
55
52
49
50
44
42
43
41
44
45
45
50
51
54
56
59
61
66
67
65
60
53
49
42
34
29
26
21
14
11
10
12
14
13
12
10
13
11
10
11
5
3
1
1
0
5
9
10
12
13
17
17
16
13
13
6
-2
-7
-13
-18
-23
-28
-30
-31
-38
-38
-35
-37
-39
-42
-44
-44
-45
-50
-51
-51
-54
-58
-64
-66
-70
-70
-68
-73
-75
-77
-77
-79
-78
-75
-75
-75
-73
-71
-68
-64
-62
-57
-48
-44
-37
-33
-27
-22
-22
-12
-6
0
8
14
13
16
18
20
22
23
28
27
28
24
25
26
29
29
29
33
40
44
46
50
52
57
58
62
65
68
70
69
74
72
71
69
70
69
66
65
61
61
58
58
59
53
50
48
44
42
42
44
45
45
49
47
44
44
38
37
33
33
28
25
25
22
17
14
9
3
0
-5
-13
-17
-22
-28
-33
-37
-42
-46
-48
-55
-56
-53
-59
-60
-62
-65
-69
-69
-71
-76
-78
-80
-83
-87
-87
-88
-90
-87
-84
-87
-84
-80
-76
-73
-68
-61
-58
-50
-42
-39
-32
-26
-23
-21
-16
-13
-12
-6
-2
1
3
5
8
12
12
15
17
19
25
27
33
40
43
46
49
52
54
53
55
56
60
62
59
61
61
63
61
62
61
60
54
49
47
39
36
34
29
31
31
30
22
12
7
1
-2
-5
-9
-10
-11
-18
-20
-17
-14
-13
-5
1
0
1
-2
-4
-10
-17
-21
-18
-15
-10
-8
0
4
1
-5
-7
-9
-13
-12
-17
-19
-20
-21
-26
-23
-22
-23
-20
-15
-9
-7
0
3
5
4
5
9
13
13
15
15
17
22
23
25
24
25
28
30
26
29
30
26
23
22
19
16
13
9
6
1
1
-2
-5
-9
-15
-16
-20
-21
-22
-26
-25
-24
-24
-24
-25
-29
-31
-31
-34
-37
-37
-37
-40
-38
-35
-41
-42
-40
-41
-41
-40
-39
-44
-43
-43
-43
-42
-42
-39
-35
-27
-18
-12
-6
-2
4
8
14
18
23
26
30
34
34
34
38
37
38
43
43
46
49
48
50
52
51
50
48
47
46
46
43
39
37
34
31
28
28
24
21
22
25
21
20
15
13
15
8
4
1
-2
-4
-5
-10
-14
-19
-23
-25
-27
-30
-30
-30
-30
-30
-30
-32
-36
-37
-38
-36
-36
-35
-35
-33
-31
-29
-27
-21
-17
-16
-8
-4
1
5
7
9
11
12
13
14
13
14
17
16
17
21
19
21
19
14
14
12
11
5
2
-2
-3
-5
-7
-9
-10
-10
-11
-11
-9
-6
-9
-6
-6
-6
0
1
4
6
10
12
15
18
20
19
17
16
15
12
9
10
7
4
1
-2
-5
-8
-8
-10
-10
-14
-14
-15
-17
-19
-20
-19
-18
-14
-13
-10
-6
-6
-2
-1
2
3
3
2
-2
-3
-8
-11
-13
-13
-13
-12
-12
-8
-4
-1
0
3
3
0
3
6
3
5
6
8
13
19
22
26
29
29
32
32
30
30
29
26
25
21
15
12
7
3
0
-4
-7
-10
-15
-17
-18
-20
-22
-23
-25
-24
-24
-25
-25
-27
-24
-24
-27
-24
-24
-22
-19
-19
-17
-18
-14
-16
-15
-11
-10
-8
-7
-4
-4
-7
-5
-7
-7
-5
-1
1
0
2
2
7
8
10
13
18
22
24
30
32
36
34
35
40
39
40
41
38
34
30
22
19
16
10
8
5
3
0
-5
-6
-10
-14
-18
-21
-21
-24
-25
-22
-21
-15
-12
-7
1
4
8
11
12
12
12
14
13
11
15
15
15
15
14
16
16
10
8
7
4
1
3
0
1
3
1
2
3
2
2
3
0
-2
-2
-5
-9
-11
-14
-17
-15
-15
-15
-14
-17
-18
-20
-22
-27
-30
-26
-24
-27
-26
-22
-22
-20
-21
-20
-21
-20
-18
-17
-15
-13
-12
-8
-7
-5
-3
1
3
6
4
6
4
2
1
-1
-2
-5
-7
-7
-4
-4
0
3
9
10
6
10
10
11
12
16
19
22
24
26
27
27
28
26
26
25
23
23
21
16
13
15
11
9
7
8
6
6
8
8
7
8
8
8
8
4
1
2
-1
-2
-2
1
1
2
4
5
5
4
1
-3
-4
-8
-8
-11
-15
-17
-19
-21
-23
-28
-29
-27
-28
-25
-23
-18
-16
-12
-8
-8
-9
-9
-8
-8
-9
-7
-5
0
2
4
8
13
14
15
16
16
13
13
10
7
6
3
-2
-5
-5
-6
-5
-4
-1
-2
-4
-1
0
-5
-6
-8
-8
-9
-9
-8
-7
-6
-4
-2
-1
0
-1
1
4
0
-1
3
3
3
4
5
5
6
5
8
7
7
7
8
7
4
4
3
2
-2
-3
1
-2
-2
0
1
3
3
2
3
4
4
2
3
2
1
-1
1
2
2
1
6
6
4
11
10
9
11
11
11
13
13
14
16
15
12
11
10
7
3
3
5
5
8
8
8
8
6
2
-1
-4
-4
-8
-9
-11
-11
-12
-14
-15
-16
-15
-16
-18
-16
-15
-14
-18
-17
-17
-16
-13
-12
-12
-9
-9
-7
-7
-7
-6
-7
-5
-6
-6
-3
-3
-3
-4
0
-2
-1
0
-1
0
0
-1
2
3
3
4
2
0
-1
-1
0
2
2
4
2
4
7
9
11
11
11
12
14
13
15
17
14
13
13
12
9
6
3
2
0
-2
-4
-7
-7
-9
-8
-7
-7
-6
-5
-1
-2
-1
-2
-3
-1
2
1
0
3
2
1
2
0
1
1
1
0
0
-1
-2
-4
-3
-2
-2
-2
-2
-3
-3
-2
-2
-2
1
0
0
1
0
0
1
0
1
1
3
6
7
8
9
10
10
9
8
7
8
10
7
9
6
3
3
1
-3
-3
-2
-3
-3
-6
-5
-4
-3
-4
-5
-7
-7
-6
-7
-6
-4
-3
-2
-2
-3
-2
-7
-6
-10
-11
-11
-12
-14
-14
-11
-9
-5
-3
-1
1
2
4
8
10
10
8
6
7
4
2
1
-1
-2
-1
0
1
0
-1
-2
-2
-3
-1
-1
-1
0
-2
-2
-2
-1
-1
0
4
5
6
9
10
10
12
11
12
10
9
8
6
5
1
3
6
6
6
10
12
11
11
13
10
6
5
0
-4
-6
-9
-8
-7
-8
-8
-5
-6
-6
-6
-5
-4
-7
-8
-9
-10
-13
-13
-14
-12
-12
-11
-10
-8
-9
-9
-8
-10
-11
-10
-7
-8
-7
-8
-9
-8
-8
-9
-10
-11
-13
-12
-12
-9
-9
-10
-8
-7
-5
-4
0
3
4
4
7
8
12
11
13
14
14
16
19
18
18
18
19
21
21
20
20
18
17
17
16
16
16
16
16
16
12
11
10
9
5
3
1
1
-1
-3
-5
-7
-10
-9
-7
-6
-5
-5
-2
-4
-4
-5
-6
-7
-10
-9
-10
-9
-8
-8
-8
-7
-6
-5
-4
-2
-2
-3
-3
-5
-5
-3
-2
2
3
2
3
1
1
2
3
1
1
0
-1
-1
-1
-3
-1
0
0
2
1
0
-2
-3
-2
-3
-4
-5
-6
-7
-7
-4
-4
-2
0
1
3
3
3
3
4
4
1
2
2
2
0
1
2
1
2
1
1
2
1
2
1
0
-2
-2
-4
-3
-6
-10
-10
-10
-9
-9
-9
-8
-9
-8
-8
-8
-7
-6
-5
-4
-2
-2
-2
-2
-2
-2
-1
3
2
4
5
4
3
3
3
3
3
4
2
-1
-1
-3
-2
-3
0
-1
1
7
9
12
14
13
14
14
12
14
12
12
12
10
11
9
6
4
3
0
4
5
8
6
8
8
5
5
6
4
2
3
3
4
4
4
3
4
5
3
4
2
1
-2
-3
-4
-5
-7
-7
-8
-9
-7
-7
-6
-7
-6
-7
-5
-7
-8
-6
-9
-10
-13
-13
-15
-16
-14
-11
-11
-11
-10
-10
-9
-9
-8
-8
-6
-7
-8
-7
-9
-10
-11
-8
-9
-7
-7
-4
-1
1
5
7
7
8
9
8
9
9
9
8
8
11
11
11
11
11
10
10
11
12
11
13
14
15
16
15
17
15
12
12
12
12
9
9
10
8
6
3
2
0
-5
-6
-8
-11
-13
-14
-15
-17
-18
-15
-16
-16
-13
-14
-9
-7
-8
-8
-6
-4
-4
-2
-1
1
0
0
3
2
0
4
2
-1
-2
-4
-4
-6
