0
1
0
1
0
0
0
0
1
0
1
1
0
1
1
1
0
1
1
1
2
1
1
1
1
1
0
0
-1
0
0
-1
-1
-1
-1
-2
-2
-2
-1
-2
-1
0
-2
-1
-2
-1
0
0
0
0
1
1
0
0
0
-1
0
0
0
1
0
0
-1
0
-1
0
0
-1
1
0
1
1
1
0
0
-1
0
0
0
0
0
1
0
1
0
0
-1
0
-1
0
1
1
1
1
2
2
1
1
1
0
0
0
0
-1
-1
-1
0
0
0
0
1
0
1
1
0
0
-2
-1
-1
-1
0
0
0
-1
-1
0
0
0
-1
0
0
0
0
0
1
0
0
-1
0
1
0
1
1
1
2
1
2
1
2
1
0
-1
-1
-1
-1
-1
0
0
-1
1
-1
0
-1
0
0
-1
-1
-1
-1
-1
-1
0
0
0
-1
-1
0
0
0
1
1
1
1
2
0
1
1
1
0
-1
-1
-1
-1
-2
-2
0
-1
0
0
0
1
0
0
1
1
1
1
1
1
2
1
1
1
1
1
2
1
0
1
1
0
1
-1
-1
0
-2
-1
-1
0
0
-1
0
0
0
-1
0
0
0
0
0
1
0
1
1
1
0
0
-1
-1
-2
-1
-2
-1
-2
-1
-1
-1
-1
-1
-1
1
-1
1
0
0
1
1
1
1
1
0
1
2
0
0
-1
-1
0
-1
0
-1
-1
0
-1
0
-1
0
0
-1
1
1
1
1
2
1
1
0
1
1
1
1
1
0
0
-1
0
1
0
1
0
2
1
1
1
0
-1
-1
-1
-2
-2
-1
0
-1
0
1
1
1
1
-1
-1
-2
-2
-1
-1
0
0
-1
0
0
-2
-1
-1
-1
-2
-2
0
0
0
0
1
1
0
1
-1
0
0
0
0
-1
-1
-1
-1
-1
-1
-1
-1
-1
-1
-1
-1
0
0
1
0
1
1
1
2
2
1
1
1
2
1
1
0
1
0
0
0
0
-1
0
0
0
0
-2
0
0
1
1
2
1
1
0
1
1
0
1
-1
0
1
1
1
1
1
0
0
1
1
0
0
0
-1
0
-1
-1
-1
-1
-1
-1
-1
-1
0
-1
-2
0
-1
-1
-1
0
1
0
0
-1
0
-1
0
0
0
0
0
0
-1
0
0
1
1
0
0
2
0
1
0
0
0
-1
0
1
1
1
0
0
0
1
0
-1
-1
-2
-1
-1
-1
0
-1
0
1
0
1
0
0
0
0
-1
0
0
0
-2
-1
-2
-1
-1
-1
-1
-2
0
-1
0
0
0
1
0
1
1
1
1
0
1
0
0
0
0
0
1
0
0
1
0
0
0
0
-1
0
-1
-1
-1
-1
0
0
0
-1
0
0
0
0
0
0
1
0
0
0
1
0
-2
-1
0
0
0
-1
0
0
1
1
1
0
1
1
1
2
1
1
1
1
0
-1
0
1
1
2
2
2
1
1
1
0
0
-2
-1
-2
-3
-1
-2
-2
-2
-1
-2
-1
-2
-2
-1
-1
-1
-1
0
-1
-1
-1
0
0
0
0
0
0
-1
-1
-1
0
0
1
2
0
1
0
-1
-1
-1
0
0
1
1
0
2
1
0
2
0
1
0
0
0
0
0
0
0
0
0
1
0
1
-1
1
2
0
1
2
1
1
1
0
0
0
1
0
-1
0
0
-1
0
-1
0
0
-1
0
1
1
1
0
1
0
0
0
1
0
1
0
-1
-1
-1
1
-1
-1
0
1
1
0
0
0
-1
0
-1
-1
-2
-1
-1
-1
-2
0
0
0
1
0
1
0
1
0
0
-1
0
0
0
0
0
1
0
1
2
2
2
2
1
1
1
-1
0
0
-1
-2
-1
-1
-1
-1
-1
0
-1
-1
-1
-1
-2
0
-1
-1
0
-1
1
1
1
0
0
1
2
1
1
1
1
1
0
1
0
0
0
0
0
1
1
0
-1
0
1
0
1
1
0
0
1
0
0
1
0
0
0
0
0
1
1
1
1
1
1
0
0
1
1
-1
-1
-2
-1
-2
-2
-2
-1
-2
-1
-1
0
0
-1
-1
0
0
0
0
0
1
0
1
1
0
1
1
1
0
1
0
0
0
0
1
0
0
-1
-1
0
0
-1
-1
-1
-1
0
-1
0
0
0
0
0
1
0
1
0
0
1
-1
0
1
0
0
1
0
-1
1
0
1
0
0
0
-1
0
0
-2
0
0
0
-1
-1
-1
-1
0
0
0
0
0
1
1
1
1
0
1
0
0
0
0
-1
-1
-1
0
1
1
0
0
1
1
2
0
0
0
0
0
0
0
1
0
1
0
1
0
0
1
1
-1
0
-1
-1
-2
-2
-2
-1
-1
-1
0
0
-1
-1
-1
0
-1
0
1
0
-1
0
0
0
0
0
1
1
0
0
1
0
0
0
-1
1
0
1
-1
0
0
0
0
0
0
0
0
0
0
1
1
0
1
2
1
0
1
0
0
-1
-1
0
-1
-1
-1
-1
0
-1
0
0
0
0
0
0
0
-1
-1
0
0
0
0
0
0
1
1
1
0
2
0
0
0
0
-1
0
0
-1
-1
-1
-1
0
0
0
-1
0
1
0
1
1
0
1
1
0
1
1
0
0
1
-1
1
-1
0
-1
-1
-1
-1
0
0
-1
-1
-1
-1
-1
-1
-1
-1
-1
-1
-1
0
0
0
0
0
-1
1
0
0
1
0
0
0
0
1
0
1
1
1
1
0
0
1
1
1
0
0
0
1
0
1
0
0
1
1
0
1
1
0
0
0
0
-1
-1
0
-1
-1
0
-2
-1
-1
-1
0
-1
0
0
-1
-1
0
0
0
-1
-1
0
0
1
0
-1
0
0
0
-1
-1
0
0
0
1
1
1
0
0
1
3
1
2
1
0
0
-1
0
0
0
1
1
0
0
1
1
0
0
0
0
0
-1
0
0
0
-1
0
1
0
1
0
0
1
0
0
1
0
0
1
-1
-1
-1
-1
-1
-1
-1
-1
-1
-1
-1
-1
-1
-1
1
-1
-1
-1
-1
-1
-1
-1
-1
0
0
1
1
0
1
1
-1
1
1
0
0
0
0
1
0
0
0
0
0
0
0
-1
1
1
0
0
0
1
1
0
1
1
1
1
1
0
0
1
1
1
0
0
0
0
-1
0
0
0
0
1
0
0
0
0
0
0
-1
0
0
0
1
-1
1
0
0
-1
0
-1
0
-1
0
0
0
-1
-1
1
1
0
1
1
0
0
0
0
0
0
-1
-1
0
0
0
0
0
0
0
-1
0
0
0
0
0
-1
0
-1
-1
0
0
-1
0
1
0
1
0
0
-1
-1
-1
0
0
0
1
0
-1
-1
0
0
0
1
0
0
-1
0
1
0
0
0
0
1
0
1
0
0
-1
0
0
0
0
0
0
1
0
2
1
1
0
0
1
0
1
0
1
1
0
0
0
0
-1
-1
-1
-1
-1
-1
0
-1
0
1
-1
-1
-1
0
-2
-1
-1
-1
-1
-1
0
0
0
0
1
0
1
1
0
1
0
1
0
0
0
1
1
0
0
0
0
1
0
0
1
1
1
0
1
1
1
1
1
1
0
0
1
0
1
0
-1
0
0
-1
0
0
0
0
0
0
1
0
0
0
2
0
1
1
0
0
1
1
2
2
1
0
0
0
-1
-1
0
-1
-1
-1
-1
-1
0
-1
-2
-2
0
-1
-1
-1
-2
-2
-2
-1
-1
-2
-2
-1
-1
0
-1
-1
-2
-1
-1
-1
0
0
0
-1
0
-1
0
1
1
0
1
1
2
1
1
1
1
1
-1
0
0
0
1
0
1
0
0
0
0
-1
-1
-1
-1
0
0
0
0
-1
-1
-1
0
-2
-2
-2
-1
-1
-1
-1
-2
-2
-1
-1
-2
-1
-1
-2
-1
-1
0
-1
0
1
0
-1
0
0
1
0
1
1
1
2
3
4
3
4
3
4
4
3
4
4
5
5
5
5
5
6
6
5
5
6
6
5
5
5
3
4
5
4
4
3
2
1
1
1
1
0
-2
-2
-2
-2
-2
-2
-2
-3
-3
-4
-4
-5
-5
-5
-5
-5
-7
-6
-7
-6
-6
-7
-6
-6
-7
-7
-6
-6
-5
-5
-5
-4
-4
-5
-6
-4
-4
-4
-3
-3
-4
-2
-1
-1
-1
-1
0
1
1
3
3
3
3
4
4
4
3
4
3
4
4
3
4
4
4
4
4
4
4
4
4
3
4
4
4
3
2
3
2
3
2
1
1
2
1
1
1
0
0
1
0
0
-1
-1
0
0
0
1
0
1
2
0
1
2
1
1
2
3
4
2
3
3
4
4
3
3
3
3
3
3
2
2
2
3
1
2
2
2
1
1
2
2
1
0
0
-1
-1
-1
-3
-2
-2
-3
-4
-4
-5
-6
-7
-8
-8
-10
-10
-11
-11
-12
-12
-13
-12
-14
-13
-13
-14
-14
-14
-14
-14
-14
-13
-13
-11
-11
-10
-11
-11
-10
-9
-9
-9
-9
-8
-7
-5
-4
-3
-1
1
3
5
7
8
12
15
18
20
22
25
28
30
32
33
33
36
38
38
39
40
41
41
40
40
40
39
38
36
35
33
30
28
27
23
21
17
14
11
8
5
2
-2
-5
-7
-11
-16
-19
-22
-26
-29
-34
-39
-42
-44
-49
-50
-50
-52
-52
-51
-52
-52
-52
-53
-52
-52
-53
-51
-48
-47
-47
-45
-42
-40
-41
-40
-40
-42
-44
-46
-48
-51
-53
-55
-56
-55
-54
-53
-49
-46
-41
-37
-32
-25
-20
-13
-6
1
8
15
21
28
36
45
53
62
68
74
79
84
88
93
97
101
104
108
113
116
121
123
121
122
121
118
115
110
104
98
92
87
82
77
73
70
65
64
62
60
59
59
57
54
54
51
51
50
50
49
46
45
43
41
40
37
29
22
13
1
-10
-20
-29
-38
-47
-54
-61
-67
-72
-78
-83
-87
-93
-96
-99
-101
-104
-104
-105
-104
-104
-104
-106
-104
-104
-106
-106
-109
-111
-114
-117
-121
-122
-128
-136
-145
-160
-176
-193
-214
-233
-255
-278
-302
-328
-355
-382
-410
-434
-457
-475
-490
-502
-507
-506
-505
-498
-482
-461
-433
-400
-356
-305
-245
-177
-102
-21
66
154
246
337
429
517
604
687
767
844
914
982
1040
1089
1129
1160
1180
1187
1184
1168
1140
1103
1059
1006
943
872
797
716
629
539
445
348
246
141
35
-73
-177
-279
-375
-465
-547
-623
-688
-744
-789
-825
-852
-869
-877
-876
-866
-846
-820
-790
-749
-704
-652
-599
-538
-479
-420
-359
-300
-241
-184
-127
-74
-21
29
76
121
162
197
228
255
277
296
309
316
321
321
316
310
300
287
271
253
231
207
177
146
110
73
34
-7
-51
-96
-145
-196
-250
-302
-354
-406
-457
-506
-553
-600
-646
-689
-732
-770
-802
-832
-851
-866
-871
-874
-873
-865
-854
-830
-801
-767
-724
-678
-626
-566
-499
-425
-344
-258
-165
-68
34
137
243
349
453
559
667
774
882
986
1086
1187
1279
1371
1455
1531
1595
1653
1703
1742
1771
1791
1798
1793
1774
1742
1694
1630
1549
1452
1339
1212
1074
927
773
614
448
279
105
-70
-246
-421
-592
-758
-917
-1065
-1199
-1318
-1420
-1508
-1575
-1624
-1658
-1670
-1658
-1630
-1581
-1516
-1435
-1339
-1235
-1125
-1009
-889
-764
-640
-510
-381
-254
-132
-12
101
203
301
382
454
513
561
603
635
650
662
663
652
636
612
581
552
513
469
423
367
312
257
199
142
83
30
-20
-69
-118
-164
-214
-263
-309
-357
-401
-448
-495
-542
-594
-648
-705
-765
-823
-883
-945
-1003
-1061
-1113
-1161
-1204
-1241
-1274
-1299
-1320
-1333
-1339
-1334
-1316
-1288
-1249
-1197
-1131
-1050
-954
-845
-720
-575
-415
-245
-64
124
320
522
727
933
1137
1340
1542
1739
1928
2104
2267
2417
2550
2661
2757
2834
2885
2917
2925
2909
2871
2807
2717
2605
2467
2306
2122
1921
1704
1475
1237
990
736
478
219
-37
-291
-540
-780
-1009
-1223
-1424
-1608
-1772
-1919
-2042
-2146
-2225
-2279
-2309
-2314
-2296
-2257
-2203
-2131
-2044
-1937
-1820
-1693
-1557
-1414
-1264
-1114
-962
-811
-662
-521
-386
-258
-137
-25
78
172
254
330
396
453
497
529
550
565
575
577
576
561
545
528
500
475
446
412
380
342
307
274
238
208
178
148
119
96
78
61
40
16
-12
-45
-82
-127
-176
-234
-298
-371
-451
-534
-618
-706
-794
-883
-973
-1060
-1140
-1210
-1272
-1326
-1367
-1393
-1404
-1398
-1375
-1331
-1268
-1184
-1084
-962
-826
-674
-509
-333
-148
48
251
460
677
897
1120
1341
1557
1764
1963
2152
2322
2473
2601
2709
2791
2847
2875
2875
2845
2789
2702
2595
2468
2319
2156
1979
1788
1585
1368
1144
912
673
432
192
-44
-274
-495
-709
-907
-1095
-1265
-1420
-1560
-1679
-1782
-1865
-1926
-1964
-1982
-1982
-1968
-1940
-1894
-1836
-1771
-1693
-1603
-1503
-1399
-1290
-1173
-1057
-944
-831
-722
-619
-525
-438
-359
-287
-223
-165
-115
-64
-17
29
73
114
155
188
223
254
279
301
322
338
352
365
370
377
381
377
377
372
372
367
358
346
330
309
285
254
214
168
117
60
-1
-72
-145
-223
-305
-387
-477
-564
-655
-744
-826
-903
-975
-1039
-1092
-1136
-1168
-1192
-1206
-1208
-1198
-1177
-1143
-1097
-1035
-962
-876
-778
-666
-539
-401
-252
-100
62
230
400
578
754
931
1109
1285
1459
1626
1789
1940
2072
2192
2300
2389
2463
2519
2559
2581
2584
2564
2524
2462
2384
2285
2166
2035
1890
1730
1558
1375
1184
986
780
570
357
137
-84
-303
-519
-726
-930
-1124
-1300
-1463
-1606
-1731
-1838
-1921
-1986
-2033
-2059
-2069
-2056
-2026
-1984
-1920
-1843
-1760
-1663
-1558
-1454
-1344
-1234
-1123
-1012
-905
-799
-695
-595
-498
-406
-322
-237
-158
-84
-13
52
114
172
222
268
301
322
335
339
336
331
320
310
300
286
273
263
259
257
252
247
241
230
220
204
186
169
143
112
77
34
-10
-60
-120
-180
-249
-321
-392
-469
-543
-622
-702
-783
-861
-933
-998
-1056
-1103
-1135
-1153
-1157
-1148
-1119
-1079
-1020
-945
-851
-736
-611
-472
-318
-155
21
203
389
579
765
956
1147
1333
1514
1689
1854
2006
2143
2260
2357
2437
2495
2530
2544
2535
2502
2450
2376
2288
2181
2063
1936
1798
1654
1501
1344
1182
1015
842
663
481
296
109
-79
-264
-448
-626
-797
-960
-1117
-1263
-1400
-1524
-1632
-1725
-1802
-1864
-1909
-1936
-1945
-1937
-1914
-1876
-1827
-1769
-1702
-1623
-1538
-1449
-1355
-1262
-1165
-1066
-969
-868
-766
-665
-567
-472
-382
-291
-205
-124
-46
27
90
146
197
242
278
311
338
358
373
384
392
395
396
390
384
378
367
354
341
329
316
303
288
273
254
234
211
181
147
106
56
0
-63
-136
-207
-281
-360
-443
-523
-602
-677
-749
-816
-873
-926
-971
-1006
-1033
-1048
-1049
-1036
-1001
-953
-893
-813
-717
-610
-489
-357
-217
-69
90
254
423
597
769
943
1113
1281
1444
1601
1752
1892
2018
2131
2228
2307
2365
2403
2419
2414
2387
2338
2274
2192
2092
1983
1860
1731
1594
1447
1295
1133
961
784
601
414
226
34
-158
-348
-531
-705
-875
-1033
-1181
-1322
-1445
-1552
-1648
-1725
-1789
-1844
-1887
-1918
-1927
-1926
-1916
-1891
-1856
-1807
-1750
-1685
-1608
-1529
-1443
-1354
-1260
-1164
-1064
-965
-864
-765
-670
-570
-470
-372
-279
-188
-101
-17
63
141
217
285
347
405
457
501
541
573
600
619
629
637
636
635
625
612
599
576
553
518
478
433
385
333
280
223
163
99
31
-34
-107
-175
-244
-311
-377
-446
-519
-597
-673
-743
-811
-870
-923
-967
-995
-1009
-1007
-990
-956
-908
-851
-778
-688
-586
-472
-350
-219
-82
60
208
360
514
668
819
967
1110
1246
1377
1499
1612
1710
1802
1882
1948
2001
2039
2064
2072
2062
2037
1999
1948
1880
1794
1698
1585
1461
1327
1183
1035
878
720
563
400
237
69
-97
-260
-418
-573
-720
-859
-993
-1116
-1230
-1336
-1428
-1511
-1576
-1632
-1672
-1697
-1713
-1706
-1690
-1660
-1610
-1553
-1487
-1412
-1335
-1252
-1167
-1082
-993
-905
-823
-736
-659
-578
-499
-430
-344
-269
-208
-127
-64
-7
72
115
176
235
260
326
357
380
440
451
485
519
517
540
542
533
527
504
478
450
411
366
325
265
216
162
97
43
-20
-90
-156
-224
-304
-376
-450
-535
-607
-681
-758
-819
-892
-948
-996
-1043
-1070
-1094
-1111
-1107
-1088
-1056
-1007
-939
-860
-764
-654
-534
-402
-260
-112
40
202
368
537
703
866
1032
1188
1330
1478
1609
1723
1837
1922
2012
2087
2137
2186
2206
2214
2205
2183
2149
2097
2047
1967
1880
1789
1670
1539
1407
1268
1098
944
780
589
430
238
43
-123
-320
-504
-671
-849
-1010
-1159
-1303
-1427
-1533
-1633
-1699
-1765
-1814
-1824
-1857
-1839
-1812
-1798
-1726
-1672
-1626
-1525
-1456
-1383
-1252
-1183
-1088
-966
-895
-763
-703
-592
-472
-461
-284
-234
-217
-25
-34
19
172
167
214
346
336
343
494
423
453
581
456
552
587
487
605
559
518
601
504
487
520
367
386
330
174
206
61
-32
-47
-217
-259
-338
-479
-512
-620
-740
-782
-901
-999
-1039
-1150
-1197
-1226
-1309
-1298
-1322
-1337
-1277
-1270
-1209
-1117
-1055
-941
-818
-689
-545
-386
-213
-51
152
328
515
723
896
1097
1289
1452
1634
1778
1904
2054
2134
2224
2308
2341
2383
2391
2389
2352
2315
2273
2174
2122
2009
1902
1824
1682
1579
1452
1298
1169
1010
816
685
485
291
163
-69
-244
-396
-608
-743
-923
-1086
-1170
-1341
-1472
-1483
-1619
-1747
-1653
-1814
-1866
-1742
-1893
-1782
-1749
-1751
-1606
-1647
-1457
-1427
-1416
-1149
-1193
-1150
-806
-934
-869
-465
-729
-548
-201
-561
-173
-63
-348
209
-45
-56
460
-27
236
588
37
429
643
111
542
646
187
615
585
293
591
448
433
403
324
452
122
207
306
-129
12
75
-350
-212
-200
-566
-432
-547
-769
-721
-899
-981
-1017
-1172
-1181
-1203
-1336
-1296
-1295
-1386
-1281
-1263
-1266
-1119
-1065
-979
-822
-713
-560
-402
-229
-48
140
332
541
746
917
1146
1311
1482
1673
1829
1976
2098
2258
2347
2401
2542
2560
2538
2671
2554
2494
2607
2370
2329
2342
2033
2056
1900
1600
1674
1338
1151
1146
750
634
497
211
8
-158
-335
-623
-717
-862
-1131
-1231
-1316
-1565
-1604
-1643
-1905
-1750
-1832
-2059
-1766
-1923
-1967
-1726
-1876
-1709
-1661
-1590
-1396
-1517
-1173
-1173
-1173
-790
-992
-669
-553
-695
-261
-372
-381
-33
-172
-128
111
42
51
233
217
168
355
298
230
441
360
248
517
391
260
559
322
295
535
231
266
427
122
179
318
-62
83
118
-272
-122
-182
-405
-398
-483
-609
-697
-806
-924
-991
-1167
-1204
-1240
-1457
-1382
-1422
-1596
-1494
-1500
-1584
-1442
-1406
-1368
-1181
-1085
-918
-726
-571
-326
-157
68
331
485
756
1016
1143
1392
1662
1777
1956
2178
2323
2403
2529
2679
2730
2677
2837
2890
2639
2809
2783
2543
2588
2490
2392
2125
2161
1922
1603
1718
1218
1172
1017
633
627
251
130
-103
-391
-431
-790
-887
-1012
-1357
-1297
-1493
-1755
-1639
-1847
-1910
-1891
-1994
-1829
-2043
-1937
-1743
-1956
-1793
-1643
-1604
-1654
-1448
-1208
-1446
-1201
-955
-1009
-966
-658
-568
-849
-228
-417
-675
127
-347
-361
178
-175
-160
167
103
-96
176
318
35
138
468
263
139
452
419
315
296
498
488
33
560
458
-118
515
262
-94
257
34
-120
-91
-255
-338
-423
-626
-699
-837
-1087
-1120
-1327
-1455
-1470
-1732
-1740
-1714
-1893
-1862
-1771
-1804
-1731
-1566
-1414
-1240
-978
-824
-540
-291
-143
260
441
680
1103
1239
1540
1842
1986
2267
2478
2589
2831
3013
2980
3171
3309
3174
3185
3260
3131
2936
2949
2937
2543
2544
2487
1974
1986
1758
1374
1222
1035
750
440
366
37
-300
-414
-697
-1030
-1132
-1301
-1567
-1656
-1749
-1904
-2021
-2069
-2085
-2089
-2115
-2076
-1921
-1919
-1829
-1632
-1610
-1535
-1277
-1195
-1183
-844
-633
-780
-499
-139
-577
-165
127
-380
144
177
-37
93
178
282
-299
243
324
-508
270
191
-397
-74
127
-224
-566
206
-69
-796
184
-34
-672
24
-94
-417
-77
-238
-245
-124
-347
-198
-289
-546
-378
-564
-798
-706
-947
-1133
-1205
-1493
-1627
-1824
-1946
-2112
-2274
-2289
-2426
-2420
-2454
-2406
-2299
-2207
-1976
-1873
-1585
-1171
-981
-659
-207
134
523
880
1296
1740
2069
2424
2734
3068
3426
3619
3844
4060
4215
4362
4374
4383
4438
4408
4196
4101
3974
3711
3521
3203
2940
2689
2306
1978
1622
1332
985
547
250
-90
-447
-739
-1074
-1363
-1551
-1846
-2105
-2331
-2417
-2630
-2857
-2828
-2875
-2918
-2959
-2813
-2709
-2715
-2466
-2383
-2255
-1877
-1766
-1570
-1242
-1010
-777
-612
-329
-67
56
230
457
655
647
729
917
781
775
907
652
707
646
453
551
85
234
303
-425
-122
-4
-545
-436
-352
-450
-546
-634
-403
-588
-706
-392
-591
-582
-407
-454
-544
-560
-394
-694
-841
-719
-909
-1044
-1221
-1392
-1405
-1767
-2206
-2364
-2493
-2688
-2973
-3084
-3036
-3027
-3182
-3317
-3144
-2862
-2712
-2658
-2312
-1604
-1182
-1067
-608
95
618
930
1333
2115
2863
3208
3505
4003
4561
4848
4938
5215
5636
5853
5713
5640
5771
5709
5367
4946
4757
4634
4177
3610
3268
2988
2461
1770
1263
987
592
-4
-504
-798
-1095
-1601
-2120
-2353
-2474
-2792
-3132
-3306
-3326
-3448
-3698
-3788
-3747
-3671
-3700
-3731
-3496
-3199
-3117
-2953
-2622
-2230
-1843
-1622
-1264
-695
-317
-101
256
728
1052
1254
1432
1686
1928
1887
1776
1858
1926
1681
1435
1349
1212
945
585
373
263
22
-295
-472
-560
-678
-777
-976
-930
-787
-879
-889
-734
-664
-645
-505
-482
-497
-311
-301
-451
-524
-609
-820
-982
-1131
-1508
-1722
-1882
-2384
-2957
-3291
-3507
-3845
-4192
-4345
-4382
-4331
-4544
-4743
-4392
-3986
-3805
-3625
-3000
-2092
-1558
-1139
-549
350
1127
1468
2120
3144
3958
4352
4632
5214
5810
5983
6060
6414
6863
6951
6624
6441
6569
6437
5873
5366
5289
5130
4507
3814
3466
3169
2452
1598
1059
845
410
-375
-987
-1309
-1701
-2424
-2989
-3051
-3104
-3492
-3964
-4067
-3947
-4063
-4378
-4281
-3926
-3787
-3791
-3648
-3174
-2841
-2777
-2613
-2072
-1392
-1078
-794
-245
249
473
597
975
1521
1830
1855
1927
2146
2149
1864
1776
1821
1737
1388
1090
1026
768
395
-3
-236
-330
-592
-859
-1003
-1032
-1136
-1426
-1507
-1335
-1188
-1209
-1195
-945
-828
-847
-817
-613
-317
-199
-320
-527
-640
-794
-1141
-1526
-1759
-1775
-2121
-2933
-3668
-4054
-4250
-4799
-5324
-5291
-5092
-5218
-5699
-5691
-5045
-4574
-4470
-4126
-3011
-1835
-1358
-1002
-112
1057
1705
2027
2996
4383
5197
5322
5580
6348
6962
7015
7092
7712
8256
8003
7429
7297
7416
7069
6339
5922
5882
5484
4484
3550
3159
2739
1746
675
223
54
-656
-1723
-2408
-2628
-3082
-3904
-4327
-4067
-3892
-4380
-4854
-4659
-4309
-4410
-4557
-4050
-3286
-3156
-3374
-3083
-2368
-2018
-2030
-1698
-868
-220
-189
-71
577
1036
915
873
1441
2015
1970
1732
1728
1803
1537
1069
1042
1257
1093
559
179
136
-64
-484
-739
-691
-643
-897
-1143
-1065
-1001
-1159
-1308
-1146
-784
-652
-690
-562
-279
-189
-408
-397
100
474
191
-363
-581
-650
-1104
-1844
-2026
-1741
-2273
-3764
-4912
-4983
-4939
-5672
-6395
-6143
-5598
-6091
-7064
-6711
-5314
-4680
-5008
-4513
-2692
-1337
-1294
-1053
487
2100
2430
2579
4071
5933
6350
5788
6136
7435
8039
7645
7718
8753
9166
8162
7207
7441
7878
7233
6103
5794
5947
5182
3665
2833
2799
2223
778
-280
-364
-587
-1777
-3104
-3448
-3368
-4038
-4912
-4808
-4144
-4297
-5179
-5375
-4616
-4056
-4245
-4189
-3251
-2525
-2825
-3150
-2431
-1378
-1141
-1219
-533
506
756
327
566
1570
1971
1644
1769
2501
2715
2000
1378
1539
1714
1177
617
681
702
-20
-890
-1074
-840
-997
-1488
-1622
-1354
-1376
-1856
-1997
-1478
-1081
-1190
-1230
-738
-246
-240
-321
33
504
442
317
733
1104
666
-204
-525
-366
-826
-1806
-2017
-1790
-2694
-4634
-5716
-5288
-5120
-6189
-7022
-6457
-5922
-7010
-8009
-6856
-4999
-4763
-5367
-4360
-2143
-1233
-1654
-977
1325
2788
2565
2987
5069
6693
6311
5748
6916
8555
8683
8020
8483
9509
9087
7557
7179
8145
8314
6924
5710
5743
5642
4152
2594
2460
2769
1724
-158
-928
-714
-1378
-3096
-4079
-3684
-3552
-4554
-5277
-4730
-4145
-4773
-5610
-4991
-3576
-3183
-3654
-3401
-2366
-1961
-2325
-1976
-751
-247
-810
-871
297
1299
1152
867
1504
2166
1868
1559
2290
3076
2683
1743
1433
1690
1615
893
359
386
62
-943
-1585
-1402
-1368
-1929
-2512
-2545
-2238
-2206
-2376
-2157
-1679
-1634
-1825
-1421
-539
-10
20
-19
197
439
427
530
948
1017
316
-444
-756
-1049
-1714
-2124
-2109
-2851
-4634
-6031
-5874
-5423
-6254
-7340
-7160
-6532
-7175
-8193
-7307
-5243
-4588
-5384
-4925
-2599
-1062
-1268
-924
1243
3077
3064
3173
5077
7070
7062
6273
7172
9059
9504
8688
8807
9873
9751
8254
7551
8366
8724
7353
5770
5485
5446
4179
2524
2063
2240
1246
-743
-1795
-1559
-1867
-3432
-4632
-4423
-4153
-5052
-5967
-5515
-4649
-4923
-5644
-5166
-3869
-3388
-3809
-3606
-2403
-1610
-1685
-1407
-410
96
-324
-338
773
1854
1862
1527
1928
2418
2096
1751
2358
3108
2815
1893
1548
1759
1539
752
363
590
350
-570
-1154
-1055
-1106
-1714
-2206
-2106
-1767
-1757
-1987
-1906
-1675
-1754
-1864
-1424
-605
-53
17
11
68
100
139
476
969
980
326
-409
-927
-1528
-2112
-2095
-2085
-3248
-5286
-6464
-6179
-5975
-6897
-7730
-7326
-6941
-7962
-8711
-7274
-5182
-4953
-5659
-4584
-2170
-1198
-1639
-692
2000
3463
2992
3402
5776
7482
6900
6262
7767
9702
9647
8646
9086
10211
9687
8075
7823
8922
8902
7090
5651
5650
5445
3889
2435
2389
2413
869
-1270
-1986
-1599
-2242
-4010
-4857
-4336
-4382
-5707
-6445
-5551
-4762
-5362
-5935
-4923
-3452
-3460
-4154
-3546
-1957
-1245
-1476
-984
76
244
-420
-276
1177
2306
2129
1673
2012
2459
2038
1781
2583
3331
2824
1696
1361
1651
1360
369
-77
299
21
-1086
-1595
-1352
-1437
-2130
-2513
-2060
-1500
-1663
-2081
-1792
-1201
-1230
-1444
-909
-40
317
195
236
556
617
476
727
1170
1064
321
-358
-750
-1288
-1886
-2043
-2206
-3419
-5408
-6463
-6098
-5999
-7057
-7876
-7400
-7099
-8263
-8935
-7276
-5175
-5131
-5912
-4724
-2243
-1406
-1858
-670
2124
3493
2943
3353
5693
7305
6768
6349
8015
9912
9669
8620
9097
10159
9576
8062
8014
9125
8862
6810
5353
5519
5428
3870
2448
2460
2440
805
-1282
-1831
-1403
-2070
-3817
-4603
-4112
-4284
-5644
-6325
-5435
-4665
-5256
-5806
-4813
-3448
-3442
-4009
-3291
-1739
-1134
-1314
-838
162
322
-311
-44
1462
2528
2238
1768
2129
2541
2280
2144
2817
3395
2780
1621
1313
1606
1318
487
94
63
-470
-1382
-1887
-1792
-1769
-2239
-2616
-2407
-2085
-2172
-2365
-2077
-1573
-1398
-1439
-1077
-285
78
-126
-62
480
776
582
588
997
1015
339
-334
-525
-833
-1667
-2120
-2084
-2980
-5111
-6579
-6119
-5550
-6634
-7940
-7674
-7025
-7918
-8953
-7628
-5200
-4710
-5751
-5152
-2639
-1293
-1678
-990
1718
3636
3226
3128
5232
7361
7235
6527
7833
9928
10093
8828
8844
10119
10107
8583
7992
8869
8925
7029
5260
5277
5491
4035
2235
1920
1987
561
-1563
-2251
-1810
-2352
-4026
-4996
-4653
-4576
-5661
-6409
-5657
-4735
-5037
-5618
-4947
-3805
-3620
-3873
-3185
-1746
-1102
-1325
-997
-100
236
-48
338
1677
2520
2107
1636
2106
2658
2397
2233
2875
3365
2697
1599
1344
1631
1358
599
251
240
-243
-1078
-1461
-1325
-1320
-1763
-2110
-1857
-1515
-1655
-1904
-1647
-1204
-1136
-1202
-794
-148
131
4
116
484
590
436
623
947
672
-57
-485
-700
-1374
-2204
-2284
-2238
-3612
-6003
-7031
-6185
-5834
-7212
-8349
-7754
-7215
-8371
-9170
-7420
-4975
-4819
-5814
-4811
-2212
-1094
-1504
-444
2444
4022
3361
3430
5785
7759
7338
6663
8127
10096
9944
8625
8801
9995
9735
8206
7814
8739
8502
6453
4899
5101
5178
3562
1823
1598
1659
147
-1926
-2468
-1905
-2450
-4200
-5078
-4556
-4508
-5637
-6208
-5248
-4307
-4643
-5139
-4383
-3174
-2995
-3252
-2452
-988
-349
-506
-250
446
649
419
865
2017
2646
2261
1866
2120
2387
2195
2177
2646
2844
2163
1206
958
1159
867
191
-115
-151
-619
-1435
-1885
-1745
-1624
-1915
-2153
-1966
-1794
-1952
-2063
-1753
-1284
-1041
-985
-635
-1
256
20
29
562
963
883
760
897
839
180
-665
-1232
-1616
-1995
-2218
-2810
-4482
-6420
-7007
-6439
-6543
-7653
-8136
-7622
-7763
-8895
-8792
-6618
-4800
-5086
-5496
-3965
-1752
-1091
-1081
557
3178
4127
3645
4431
6768
7953
7310
7332
9155
10494
9756
8742
9289
10045
9241
7979
8094
8691
7784
5727
4584
4708
4318
2774
1529
1289
645
-1186
-2765
-2863
-2624
-3594
-5150
-5575
-5112
-5413
-6337
-6275
-5194
-4671
-5062
-5021
-3878
-2741
-2634
-2601
-1514
-174
255
250
721
1364
1497
1403
2016
3122
3448
2873
2492
2731
2870
2728
2810
3126
2960
1951
928
749
943
521
-290
-701
-925
-1551
-2307
-2590
-2389
-2262
-2523
-2760
-2571
-2228
-2100
-2036
-1800
-1424
-992
-568
-201
129
380
412
346
472
801
1215
1372
999
244
-329
-666
-1259
-1948
-2148
-2217
-3476
-5897
-7391
-6873
-6182
-7193
-8562
-8323
-7546
-8331
-9477
-8292
-5611
-4688
-5647
-5258
-2651
-770
-1012
-673
1900
4248
4306
4078
5831
8031
8203
7346
8175
10253
10833
9655
9164
10027
10185
8841
7892
8470
8743
7038
4829
4287
4607
3568
1488
450
537
-300
-2442
-3840
-3596
-3549
-4986
-6332
-6088
-5485
-6070
-6883
-6261
-4880
-4580
-5087
-4531
-2895
-1997
-2128
-1711
-221
915
935
871
1661
2437
2302
2114
2926
3947
3789
2890
2647
3071
2984
2285
2109
2480
2099
774
-121
33
103
-669
-1484
-1618
-1664
-2264
-2953
-2880
-2358
-2297
-2672
-2632
-2049
-1672
-1761
-1698
-1060
-338
-69
30
365
748
927
1038
1285
1444
1428
1412
1394
1111
528
-73
-664
-1436
-2065
-2237
-2820
-4643
-6655
-7201
-6749
-7151
-8482
-8940
-8242
-8316
-9548
-9521
-7335
-5443
-5614
-5883
-4073
-1609
-850
-819
880
3593
4698
4396
5260
7581
8802
8230
8241
9944
11219
10521
9472
9888
10520
9582
8021
7787
8207
7227
5003
3608
3497
2934
1165
-369
-737
-1207
-2885
-4571
-4862
-4551
-5238
-6528
-6831
-6112
-5875
-6391
-6317
-5169
-4163
-4026
-3738
-2538
-1224
-695
-397
611
1938
2473
2347
2665
3441
3629
3254
3423
4252
4494
3677
2874
2878
2971
2381
1702
1648
1575
606
-734
-1357
-1316
-1620
-2439
-2938
-2957
-3173
-3821
-4119
-3623
-3008
-2869
-2848
-2369
-1645
-1256
-1089
-607
200
749
966
1356
1989
2275
2028
1657
1642
1874
2055
2007
1713
1116
213
-767
-1630
-2215
-2413
-2793
-4207
-6411
-7897
-7904
-7710
-8461
-9355
-9226
-8765
-9274
-9835
-8653
-6361
-5172
-5220
-4413
-2160
-233
389
1155
3253
5337
6025
6300
7629
9325
9784
9328
9601
10742
11274
10584
9817
9737
9520
8431
7225
6802
6535
5289
3366
1996
1434
633
-847
-2127
-2750
-3492
-4834
-6032
-6251
-6102
-6578
-7272
-7124
-6318
-5963
-6030
-5421
-4042
-3022
-2640
-1894
-321
1068
1507
1850
2944
4042
4251
4064
4386
4883
4689
4141
4158
4483
4065
2950
2226
2073
1621
729
107
-121
-658
-1705
-2642
-3010
-3241
-3647
-3899
-3890
-3978
-4212
-4217
-3828
-3281
-2801
-2337
-1792
-1256
-728
-157
476
1051
1611
2186
2619
2900
3093
3082
2838
2506
2217
2075
1988
1643
930
43
-844
-1771
-2683
-3227
-3659
-4821
-6916
-8629
-8783
-8417
-9122
-10223
-10061
-9136
-9337
-10155
-9187
-6503
-4900
-5097
-4416
-1647
784
1201
1635
3993
6517
7068
6986
8515
10665
10973
9943
10080
11502
11972
10814
9814
9847
9516
7955
6436
6112
5918
4398
2153
755
250
-786
-2602
-3927
-4322
-4917
-6346
-7469
-7397
-7006
-7344
-7856
-7364
-6158
-5440
-5221
-4502
-3015
-1655
-868
9
1427
2858
3617
3984
4664
5633
6178
5937
5492
5354
5197
4670
4087
3848
3519
2569
1288
346
-188
-820
-1648
-2316
-2776
-3361
-4191
-4838
-4999
-4884
-4796
-4744
-4539
-4191
-3846
-3456
-2853
-2031
-1200
-507
41
544
1082
1650
2167
2566
2911
3250
3480
3491
3240
2837
2423
2069
1840
1685
1336
580
-400
-1293
-2135
-3086
-3897
-4286
-4801
-6312
-8388
-9414
-8994
-8755
-9679
-10457
-9700
-8596
-8850
-9318
-7768
-4932
-3560
-3678
-2553
483
2802
3061
3482
5798
8173
8526
8255
9593
11509
11565
10280
10205
11431
11593
10125
8953
8893
8366
6542
4862
4408
3969
2240
109
-979
-1485
-2668
-4336
-5281
-5510
-6167
-7262
-7703
-7254
-6932
-7174
-7053
-6021
-4867
-4349
-3860
-2622
-1152
-275
313
1482
3051
3979
4188
4581
5390
5806
5537
5305
5404
5276
4558
3865
3667
3405
2487
1300
481
-92
-898
-1806
-2313
-2573
-3114
-3982
-4558
-4661
-4631
-4620
-4472
-4132
-3887
-3737
-3374
-2704
-1940
-1263
-599
63
636
1132
1631
2161
2522
2717
2892
3023
3013
2848
2589
2180
1483
688
190
80
-79
-611
-1361
-2034
-2678
-3527
-4385
-4826
-5054
-5783
-7159
-8243
-8257
-7796
-7880
-8389
-8357
-7600
-6944
-6727
-6148
-4717
-3143
-2175
-1393
64
2014
3491
4310
5155
6311
7255
7729
8228
9063
9650
9517
9106
9004
8972
8479
7680
7121
6711
5965
4913
4039
3414
2643
1622
744
202
-319
-1039
-1707
-2099
-2386
-2830
-3216
-3224
-3011
-2937
-2970
-2801
-2436
-2236
-2240
-2033
-1492
-971
-753
-619
-329
-58
-24
-69
32
170
99
-146
-375
-551
-769
-955
-992
-978
-1153
-1509
-1740
-1769
-1817
-1933
-1896
-1666
-1492
-1500
-1494
-1258
-916
-730
-661
-501
-237
-25
153
461
871
1155
1196
1198
1372
1681
1937
2086
2236
2394
2456
2380
2296
2284
2216
1995
1708
1469
1239
879
379
-108
-486
-842
-1217
-1473
-1590
-1775
-2155
-2577
-2824
-2898
-2973
-3115
-3193
-3181
-3244
-3406
-3455
-3279
-3073
-3014
-3011
-2869
-2629
-2451
-2317
-2117
-1859
-1671
-1570
-1444
-1252
-1069
-967
-902
-762
-540
-323
-201
-130
27
250
404
523
742
1071
1299
1381
1540
1919
2347
2571
2664
2875
3191
3435
3593
3837
4174
4422
4525
4654
4887
5087
5154
5164
5184
5143
5017
4875
4738
4524
4189
3830
3463
3049
2566
2078
1587
990
299
-360
-870
-1294
-1789
-2332
-2836
-3238
-3607
-3961
-4165
-4198
-4180
-4270
-4405
-4363
-4130
-3847
-3606
-3354
-3057
-2800
-2614
-2360
-1980
-1587
-1321
-1174
-999
-727
-436
-168
51
228
340
363
352
385
465
512
452
315
194
66
-124
-303
-381
-396
-492
-672
-743
-689
-684
-786
-827
-687
-513
-445
-381
-197
-10
44
55
218
487
649
676
719
819
849
753
634
554
429
201
-63
-303
-565
-893
-1232
-1505
-1715
-1904
-2118
-2344
-2527
-2617
-2630
-2614
-2569
-2470
-2334
-2224
-2110
-1865
-1496
-1170
-946
-693
-290
178
556
903
1359
1894
2362
2726
3098
3513
3862
4101
4310
4567
4810
4917
4922
4909
4872
4758
4619
4515
4404
4196
3859
3489
3140
2779
2452
2194
1919
1515
1024
594
239
-122
-507
-822
-1046
-1320
-1669
-1924
-2001
-2027
-2118
-2222
-2230
-2193
-2225
-2266
-2194
-2041
-1960
-1995
-2027
-1981
-1907
-1874
-1877
-1872
-1858
-1852
-1887
-1957
-1973
-1928
-1872
-1860
-1849
-1789
-1744
-1739
-1719
-1607
-1463
-1375
-1293
-1124
-911
-791
-724
-554
-264
-2
160
315
504
651
743
896
1152
1379
1477
1506
1572
1655
1696
1707
1724
1712
1624
1494
1368
1207
959
669
423
203
-57
-345
-629
-952
-1347
-1731
-2010
-2212
-2415
-2629
-2795
-2897
-2962
-2991
-2958
-2880
-2782
-2631
-2392
-2077
-1731
-1359
-961
-565
-186
190
568
922
1220
1466
1706
1963
2213
2426
2610
2745
2808
2823
2831
2842
2843
2833
2829
2824
2791
2738
2705
2688
2609
2438
2284
2223
2215
2201
2217
2261
2219
2019
1765
1642
1709
1846
1926
1937
1885
1761
1560
1300
1014
715
431
155
-114
-379
-673
-1014
-1444
-1896
-2284
-2560
-2790
-3054
-3281
-3400
-3459
-3581
-3787
-3951
-4075
-4153
-4121
-3879
-3490
-3130
-2784
-2329
-1751
-1228
-857
-494
-36
481
926
1263
1533
1696
1749
1716
1706
1714
1626
1426
1230
1184
1215
1159
955
686
484
315
141
-54
-254
-439
-606
-747
-901
-1147
-1512
-1952
-2358
-2644
-2776
-2804
-2836
-3006
-3387
-3876
-4260
-4414
-4405
-4334
-4186
-3891
-3481
-3079
-2710
-2271
-1724
-1162
-605
106
1035
2003
2786
3412
4036
4625
5036
5293
5560
5825
5915
5794
5654
5591
5436
5044
4534
4049
3528
2881
2229
1714
1270
743
159
-285
-533
-731
-964
-1134
-1168
-1150
-1101
-912
-526
-68
316
625
915
1175
1375
1575
1853
2121
2248
2217
2141
2077
1960
1738
1468
1219
962
670
342
-10
-388
-778
-1143
-1459
-1722
-1966
-2219
-2487
-2745
-2942
-3012
-2970
-2889
-2777
-2596
-2356
-2116
-1880
-1587
-1233
-920
-704
-499
-220
70
251
331
401
475
487
441
414
417
368
261
189
199
204
107
-112
-456
-927
-1421
-1753
-1872
-1952
-2176
-2525
-2911
-3339
-3815
-4229
-4587
-5181
-6202
-7274
-7765
-7571
-7157
-6802
-6274
-5408
-4478
-3706
-2884
-1786
-625
425
1541
3002
4606
5907
6894
7818
8624
8991
8952
8899
8954
8814
8357
7853
7475
6984
6159
5158
4183
3119
1829
538
-433
-1138
-1846
-2561
-3035
-3236
-3413
-3648
-3725
-3516
-3175
-2814
-2281
-1417
-354
654
1565
2477
3357
4027
4477
4861
5244
5505
5550
5457
5283
4929
4282
3386
2361
1259
86
-1083
-2198
-3277
-4312
-5168
-5722
-6066
-6340
-6528
-6540
-6411
-6231
-5939
-5388
-4605
-3764
-2931
-2036
-1100
-257
456
1121
1746
2206
2471
2701
2963
3123
3081
2906
2673
2325
1824
1264
745
208
-411
-1011
-1459
-1778
-2079
-2348
-2497
-2556
-2643
-2761
-2813
-2764
-2700
-2640
-2486
-2160
-1728
-1333
-1091
-1062
-1267
-1617
-1914
-2102
-2448
-3272
-4449
-5429
-5851
-5935
-6036
-6060
-5670
-4914
-4182
-3578
-2814
-1761
-675
297
1381
2730
4090
5212
6221
7258
8122
8570
8764
8976
9075
8769
8156
7628
7242
6703
5903
5055
4232
3217
1950
707
-318
-1277
-2279
-3079
-3451
-3562
-3627
-3634
-3373
-2899
-2475
-2072
-1446
-559
339
1151
2054
3134
4143
4827
5256
5608
5797
5613
5112
4552
3971
3160
2099
1017
25
-1037
-2232
-3350
-4256
-5064
-5833
-6399
-6622
-6593
-6427
-6080
-5498
-4788
-4087
-3382
-2612
-1796
-1003
-251
461
1113
1697
2210
2620
2854
2933
2924
2806
2483
1971
1410
866
284
-344
-923
-1430
-1945
-2445
-2792
-2959
-3062
-3123
-3030
-2798
-2628
-2624
-2650
-2554
-2373
-2189
-1985
-1702
-1348
-994
-744
-750
-1021
-1341
-1565
-2023
-3216
-4962
-6364
-6884
-6960
-7121
-7047
-6176
-4812
-3751
-3084
-2191
-886
343
1270
2279
3591
4913
6058
7241
8502
9413
9689
9607
9433
8985
8111
7127
6402
5806
5001
4049
3273
2644
1807
676
-489
-1491
-2385
-3171
-3645
-3709
-3522
-3194
-2628
-1801
-922
-191
446
1151
1893
2538
3134
3844
4660
5342
5722
5856
5866
5671
5121
4246
3218
2149
1008
-233
-1487
-2662
-3734
-4707
-5609
-6453
-7155
-7553
-7571
-7363
-6973
-6323
-5359
-4196
-3055
-1969
-883
161
1035
1721
2334
2890
3259
3400
3443
3439
3276
2890
2389
1883
1307
585
-158
-774
-1297
-1858
-2455
-2958
-3278
-3462
-3571
-3565
-3371
-2997
-2537
-2083
-1630
-1185
-847
-709
-732
-749
-694
-639
-614
-533
-373
-308
-508
-881
-1218
-1666
-2734
-4547
-6431
-7630
-8218
-8737
-9084
-8562
-7104
-5533
-4351
-3095
-1347
427
1628
2485
3554
4810
5910
6936
8170
9423
10257
10661
10873
10781
10091
8917
7700
6512
5118
3618
2438
1677
972
110
-740
-1467
-2258
-3213
-4086
-4583
-4708
-4591
-4196
-3423
-2335
-1130
99
1370
2590
3551
4177
4647
5080
5389
5517
5619
5789
5824
5501
4900
4201
3327
2087
537
-1074
-2641
-4190
-5613
-6723
-7512
-8111
-8507
-8540
-8220
-7711
-7070
-6185
-5048
-3828
-2632
-1404
-115
1145
2261
3179
3878
4372
4692
4799
4610
4147
3547
2892
2160
1380
665
40
-580
-1207
-1753
-2191
-2611
-3015
-3307
-3488
-3599
-3647
-3458
-2953
-2287
-1546
-709
147
782
1081
1164
1121
901
560
279
101
-125
-424
-668
-918
-1344
-1870
-2321
-2992
-4395
-6331
-7889
-8665
-9185
-9761
-9747
-8604
-6913
-5504
-4186
-2295
-25
1804
3009
4147
5482
6718
7706
8671
9658
10435
10922
11208
11167
10570
9513
8293
6906
5164
3238
1597
388
-678
-1778
-2734
-3362
-3782
-4177
-4534
-4721
-4720
-4608
-4375
-3868
-2961
-1694
-224
1321
2892
4401
5685
6632
7256
7579
7547
7149
6589
6044
5460
4709
3826
2918
1938
748
-649
-2122
-3642
-5207
-6666
-7816
-8652
-9247
-9466
-9128
-8323
-7325
-6194
-4805
-3232
-1764
-536
606
1775
2853
3697
4335
4838
5161
5219
5003
4568
3935
3089
2059
932
-188
-1240
-2178
-2953
-3513
-3850
-4009
-4035
-3952
-3789
-3623
-3468
-3253
-2892
-2383
-1758
-1001
-110
810
1605
2196
2570
2688
2533
2184
1730
1174
500
-178
-758
-1323
-1989
-2599
-2949
-3346
-4386
-6055
-7579
-8496
-9222
-10026
-10392
-9654
-8109
-6530
-4919
-2752
-83
2371
4219
5704
7077
8197
8919
9381
9783
10147
10420
10565
10528
10208
9548
8571
7277
5624
3695
1750
-6
-1568
-2987
-4130
-4801
-5034
-5016
-4827
-4424
-3834
-3233
-2722
-2204
-1544
-700
302
1437
2710
4069
5391
6556
7450
8026
8260
8069
7440
6485
5346
4091
2726
1353
113
-988
-2046
-3110
-4198
-5298
-6362
-7325
-8148
-8814
-9203
-9148
-8626
-7720
-6439
-4798
-2942
-1099
614
2186
3504
4462
4977
5208
5187
4887
4411
3881
3321
2638
1825
938
39
-865
-1798
-2718
-3534
-4180
-4614
-4818
-4780
-4516
-4089
-3549
-2916
-2209
-1455
-698
1
613
1151
1631
2064
2424
2674
2766
2622
2221
1639
1012
418
-172
-787
-1408
-2035
-2675
-3225
-3596
-4036
-4969
-6368
-7663
-8516
-9189
-9832
-9961
-9133
-7648
-6063
-4333
-2056
673
3227
5212
6772
8123
9178
9774
10007
10124
10220
10213
10041
9712
9200
8472
7539
6375
4865
3026
1118
-613
-2107
-3487
-4594
-5193
-5337
-5221
-4899
-4267
-3402
-2546
-1853
-1255
-605
133
892
1670
2556
3605
4706
5680
6464
7090
7482
7456
6970
6151
5101
3793
2282
772
-595
-1852
-3041
-4088
-4951
-5707
-6428
-7061
-7538
-7875
-8059
-7986
-7561
-6767
-5635
-4197
-2529
-776
914
2471
3812
4814
5392
5578
5453
5059
4407
3579
2699
1829
979
152
-604
-1275
-1893
-2466
-2965
-3373
-3701
-3941
-4060
-4019
-3798
-3399
-2837
-2168
-1446
-681
132
919
1525
1924
2188
2324
2230
1889
1474
1137
840
482
66
-331
-671
-1018
-1511
-2223
-2980
-3546
-4068
-5014
-6455
-7810
-8601
-9079
-9600
-9838
-9196
-7740
-6083
-4427
-2407
126
2722
4873
6534
7895
9001
9714
9997
9996
9896
9761
9538
9176
8664
8030
7274
6335
5098
3546
1868
301
-1123
-2477
-3673
-4482
-4842
-4868
-4635
-4123
-3386
-2577
-1791
-1037
-308
401
1134
1897
2668
3450
4261
5068
5795
6383
6780
6917
6724
6198
5384
4331
3082
1675
205
-1214
-2534
-3760
-4848
-5705
-6341
-6886
-7394
-7771
-7915
-7819
-7527
-7059
-6390
-5457
-4224
-2778
-1266
261
1788
3203
4320
5037
5383
5379
5043
4414
3552
2552
1545
619
-199
-891
-1449
-1881
-2224
-2505
-2730
-2895
-2997
-3031
-2982
-2843
-2603
-2248
-1762
-1143
-443
253
901
1490
1971
2278
2400
2377
2218
1894
1408
817
187
-426
-983
-1466
-1916
-2384
-2894
-3399
-3760
-3932
-4178
-4884
-6018
-7072
-7705
-8132
-8577
-8712
-8079
-6863
-5502
-3955
-1860
736
3270
5297
6837
8064
8968
9466
9578
9428
9121
8723
8282
7855
7458
7051
6565
5880
4861
3498
2025
667
-611
-1906
-3100
-3921
-4328
-4433
-4227
-3617
-2715
-1779
-938
-193
508
1173
1811
2395
2908
3364
3811
4268
4722
5165
5533
5738
5690
5353
4708
3799
2678
1341
-161
-1704
-3138
-4417
-5514
-6349
-6870
-7175
-7364
-7397
-7230
-6919
-6537
-6082
-5511
-4779
-3874
-2825
-1652
-368
1009
2335
3436
4261
4780
4975
4769
4240
3543
2718
1757
799
9
-593
-1066
-1402
-1580
-1685
-1789
-1914
-2044
-2156
-2213
-2220
-2172
-2014
-1711
-1301
-860
-384
149
686
1114
1401
1568
1592
1462
1215
917
589
195
-281
-779
-1220
-1598
-1941
-2227
-2443
-2640
-2824
-2924
-3015
-3372
-4098
-4868
-5384
-5783
-6285
-6653
-6466
-5726
-4726
-3538
-1979
-66
1879
3547
4850
5847
6569
6978
7036
6791
6404
6047
5798
5619
5436
5242
5061
4827
4383
3701
2969
2361
1757
1036
322
-160
-349
-321
-85
357
927
1491
1976
2377
2694
2917
3002
2912
2681
2402
2148
1922
1713
1513
1286
1008
704
391
30
-433
-1022
-1739
-2552
-3356
-4016
-4472
-4735
-4815
-4714
-4456
-4074
-3600
-3061
-2495
-1976
-1605
-1413
-1296
-1148
-983
-853
-724
-546
-357
-202
-58
96
209
233
154
-31
-286
-513
-632
-664
-649
-556
-348
-56
261
583
915
1222
1445
1528
1467
1300
1064
787
491
184
-78
-283
-390
-400
-376
-350
-310
-273
-320
-500
-799
-1163
-1553
-1937
-2283
-2554
-2703
-2685
-2480
-2132
-1751
-1418
-1109
-823
-770
-1207
-2089
-3075
-3972
-4875
-5817
-6517
-6662
-6238
-5423
-4317
-2876
-1110
760
2423
3714
4703
5489
6032
6233
6138
5936
5790
5742
5780
5863
5966
6057
6060
5885
5508
5020
4500
3903
3167
2347
1606
1095
843
782
858
1075
1419
1776
2045
2231
2340
2274
1955
1461
930
412
-83
-490
-759
-909
-1004
-1033
-995
-981
-1078
-1323
-1709
-2228
-2846
-3473
-3996
-4346
-4480
-4374
-4044
-3567
-3026
-2465
-1930
-1507
-1288
-1249
-1320
-1473
-1725
-2026
-2223
-2211
-2008
-1675
-1229
-685
-119
387
781
1041
1141
1093
967
803
631
488
453
579
808
1070
1312
1526
1678
1719
1648
1463
1179
782
304
-184
-610
-910
-1102
-1203
-1219
-1170
-1106
-1084
-1062
-1016
-1003
-1114
-1321
-1519
-1690
-1841
-1928
-1880
-1717
-1517
-1296
-1037
-753
-500
-440
-694
-1294
-2160
-3164
-4214
-5252
-6157
-6716
-6775
-6312
-5403
-4048
-2260
-205
1811
3561
5045
6283
7180
7637
7694
7499
7151
6724
6317
5980
5674
5354
5004
4595
4126
3613
3071
2490
1843
1179
611
243
119
235
536
963
1507
2133
2756
3260
3588
3698
3531
3085
2445
1714
940
120
-719
-1485
-2106
-2585
-2935
-3165
-3326
-3467
-3589
-3626
-3544
-3382
-3192
-2988
-2768
-2539
-2324
-2137
-1986
-1902
-1904
-1993
-2158
-2335
-2490
-2586
-2637
-2650
-2603
-2446
-2146
-1728
-1241
-736
-252
175
510
751
924
1030
1080
1071
1032
1004
990
1016
1099
1204
1272
1282
1264
1223
1129
969
761
534
281
34
-161
-269
-305
-337
-392
-443
-473
-517
-629
-782
-932
-1075
-1200
-1279
-1272
-1187
-1066
-950
-910
-963
-1090
-1268
-1482
-1704
-1853
-1864
-1726
-1440
-1016
-519
-70
208
233
-44
-583
-1304
-2113
-2891
-3496
-3772
-3637
-3068
-2071
-710
916
2641
4245
5563
6534
7154
7360
7124
6540
5739
4835
3926
3139
2530
2083
1800
1684
1692
1757
1818
1824
1711
1464
1135
802
549
411
394
523
810
1226
1675
2095
2439
2611
2511
2105
1466
678
-172
-1004
-1769
-2415
-2896
-3152
-3199
-3134
-3027
-2911
-2801
-2741
-2761
-2837
-2923
-2974
-2979
-2930
-2819
-2624
-2339
-1994
-1617
-1273
-1002
-814
-702
-656
-681
-726
-748
-731
-682
-591
-428
-194
70
302
473
588
638
625
548
406
255
116
17
-18
15
104
222
325
386
406
380
313
214
136
108
113
151
226
345
466
555
609
627
573
421
209
-17
-230
-429
-625
-812
-984
-1143
-1283
-1391
-1442
-1430
-1344
-1172
-900
-564
-180
255
672
912
833
412
-271
-1155
-2204
-3329
-4344
-5034
-5254
-4983
-4252
-3058
-1456
369
2176
3769
5040
5913
6312
6210
5660
4793
3785
2796
1921
1241
824
683
771
1028
1405
1851
2268
2570
2724
2719
2597
2421
2230
2049
1920
1889
1977
2171
2403
2609
2740
2737
2551
2186
1679
1078
409
-301
-963
-1523
-1930
-2189
-2332
-2397
-2424
-2433
-2462
-2510
-2568
-2634
-2698
-2743
-2740
-2657
-2497
-2281
-2032
-1795
-1577
-1395
-1254
-1157
-1107
-1128
-1237
-1409
-1584
-1716
-1789
-1809
-1771
-1654
-1472
-1244
-987
-704
-423
-197
-50
12
17
-3
-35
-79
-128
-135
-61
86
279
502
753
988
1170
1271
1289
1261
1184
1073
931
746
545
364
222
87
-54
-204
-324
-411
-496
-571
-621
-629
-631
-657
-715
-763
-781
-763
-705
-588
-382
-113
226
605
944
1153
1131
859
325
-421
-1281
-2177
-2963
-3553
-3857
-3802
-3356
-2501
-1391
-144
1122
2289
3260
3904
4220
4204
3887
3359
2699
2036
1455
1024
777
713
848
1156
1593
2089
2556
2929
3167
3279
3280
3169
2985
2770
2559
2376
2232
2142
2083
2013
1888
1668
1345
927
448
-78
-603
-1074
-1460
-1746
-1937
-2008
-1963
-1852
-1751
-1718
-1744
-1803
-1873
-1950
-2013
-2019
-1950
-1814
-1639
-1445
-1254
-1116
-1064
-1122
-1276
-1485
-1708
-1939
-2157
-2310
-2358
-2289
-2130
-1895
-1624
-1336
-1078
-892
-778
-719
-664
-624
-581
-525
-442
-324
-183
-23
115
232
320
348
331
287
268
283
302
335
379
469
586
699
797
855
867
808
687
530
365
211
51
-114
-267
-408
-496
-538
-533
-507
-471
-402
-300
-153
34
275
540
800
1014
1120
1118
984
695
211
-450
-1180
-1875
-2436
-2837
-3048
-3006
-2674
-2062
-1270
-368
568
1442
2172
2660
2908
2927
2773
2515
2161
1787
1439
1194
1093
1107
1253
1465
1712
1946
2136
2322
2475
2579
2586
2497
2370
2236
2124
2000
1874
1733
1565
1389
1187
987
768
524
273
2
-242
-432
-533
-565
-563
-550
-555
-562
-586
-639
-738
-888
-1075
-1287
-1469
-1610
-1718
-1789
-1838
-1883
-1938
-1989
-2016
-2041
-2070
-2116
-2178
-2233
-2258
-2233
-2163
-2060
-1920
-1741
-1514
-1235
-925
-621
-350
-125
27
109
127
97
17
-118
-266
-391
-464
-501
-477
-381
-226
-34
134
298
432
534
588
561
504
414
343
286
231
206
189
198
193
187
192
174
163
122
69
11
-34
-9
14
66
108
153
245
316
398
401
326
169
-83
-357
-663
-916
-1140
-1306
-1387
-1387
-1245
-1013
-678
-315
34
372
661
923
1111
1227
1267
1233
1183
1117
1078
1046
1019
1008
1012
1065
1138
1246
1360
1446
1506
1528
1542
1546
1557
1588
1620
1662
1715
1765
1830
1900
1959
1979
1951
1886
1765
1601
1401
1199
988
749
522
308
122
-67
-273
-491
-729
-964
-1195
-1390
-1535
-1634
-1688
-1705
-1680
-1624
-1551
-1481
-1421
-1397
-1407
-1463
-1550
-1645
-1742
-1801
-1832
-1811
-1748
-1650
-1515
-1372
-1229
-1121
-1027
-952
-914
-898
-897
-876
-848
-798
-711
-594
-463
-366
-281
-226
-206
-208
-236
-252
-276
-288
-273
-227
-141
-31
106
225
339
422
442
422
354
270
167
77
21
-6
14
62
157
260
362
464
532
564
541
489
428
370
326
309
332
394
482
569
638
676
667
593
458
278
71
-133
-319
-458
-546
-557
-473
-324
-115
109
338
541
680
766
767
718
615
487
360
229
149
112
139
213
316
462
613
770
907
1039
1159
1241
1312
1355
1399
1443
1469
1488
1479
1449
1389
1293
1170
1010
836
654
489
335
198
103
34
5
-18
-32
-45
-72
-113
-200
-294
-410
-531
-653
-770
-856
-926
-957
-953
-926
-885
-839
-778
-733
-709
-712
-744
-803
-888
-987
-1085
-1172
-1251
-1300
-1321
-1303
-1262
-1192
-1102
-1016
-928
-845
-767
-704
-667
-646
-649
-659
-689
-721
-738
-752
-742
-726
-682
-636
-588
-523
-455
-370
-296
-215
-146
-96
-49
-25
20
68
112
159
191
235
264
317
390
456
524
543
566
561
528
505
444
391
318
258
227
205
246
278
323
374
410
474
503
543
570
589
630
646
691
717
740
756
748
757
734
712
671
617
572
505
454
390
338
303
272
268
260
270
277
288
317
341
381
399
408
403
385
371
339
316
277
232
188
148
130
116
139
165
194
242
275
312
325
321
314
281
242
184
122
61
-10
-63
-114
-143
-163
-175
-168
-175
-178
-195
-206
-216
-220
-212
-207
-200
-198
-201
-203
-209
-229
-270
-334
-419
-523
-626
-732
-825
-908
-968
-993
-992
-942
-868
-775
-672
-579
-496
-444
-425
-432
-472
-524
-599
-668
-720
-752
-751
-740
-688
-617
-527
-429
-345
-264
-224
-192
-175
-176
-172
-185
-192
-201
-203
-196
-195
-176
-168
-155
-148
-149
-139
-132
-102
-57
6
86
161
249
336
424
504
568
610
617
612
588
556
519
489
470
453
464
491
561
636
717
799
844
884
893
878
839
759
669
549
434
321
207
128
69
52
61
101
175
254
342
416
478
524
543
531
480
404
298
171
46
-69
-167
-243
-298
-338
-364
-382
-396
-410
-425
-437
-445
-444
-438
-409
-356
-282
-198
-109
-10
88
170
241
277
292
288
264
236
204
197
189
200
223
249
296
325
353
350
326
291
222
148
52
-40
-121
-182
-210
-207
-152
-80
11
110
200
285
338
368
358
309
223
113
-17
-158
-297
-436
-556
-661
-753
-822
-879
-919
-941
-960
-966
-970
-975
-980
-980
-982
-985
-977
-971
-951
-921
-881
-831
-775
-709
-639
-563
-483
-390
-306
-220
-136
-56
28
100
166
213
250
280
294
312
320
326
325
322
329
339
363
393
437
491
547
610
659
705
731
735
729
697
656
607
555
502
455
421
405
412
443
491
550
612
657
683
688
660
608
526
422
295
162
40
-67
-142
-192
-215
-213
-205
-176
-142
-111
-86
-80
-83
-97
-113
-128
-139
-136
-132
-130
-120
-121
-119
-127
-152
-189
-237
-294
-348
-400
-438
-454
-453
-425
-382
-321
-250
-173
-97
-42
12
38
57
76
80
109
135
174
222
268
332
391
459
515
553
579
575
567
528
478
420
342
271
183
108
31
-38
-87
-133
-151
-155
-141
-110
-77
-32
4
35
61
64
48
5
-51
-131
-218
-307
-393
-458
-508
-533
-533
-517
-486
-455
-420
-398
-389
-388
-400
-421
-461
-509
-557
-598
-628
-650
-653
-639
-608
-560
-501
-428
-342
-252
-165
-86
-14
50
105
151
177
195
198
189
184
176
179
187
210
247
291
346
396
449
481
499
494
461
418
353
282
210
144
92
54
37
36
48
71
98
122
147
164
173
171
158
136
103
70
34
-8
-46
-85
-114
-139
-150
-150
-145
-131
-120
-98
-79
-60
-45
-38
-29
-29
-27
-12
4
28
50
75
106
144
201
260
325
388
439
484
503
511
497
469
426
366
312
252
194
137
86
50
17
-4
-19
-25
-19
-5
17
44
77
107
134
155
172
180
177
167
146
113
77
36
-13
-65
-109
-139
-165
-177
-177
-169
-161
-157
-153
-161
-171
-196
-227
-250
-280
-305
-331
-352
-368
-374
-378
-370
-353
-341
-328
-315
-306
-300
-297
-294
-294
-289
-287
-276
-265
-251
-232
-209
-183
-160
-135
-102
-75
-36
0
35
66
91
113
117
121
111
89
67
36
6
-17
-35
-49
-55
-51
-41
-21
5
39
71
102
128
149
162
168
166
155
150
139
129
115
107
101
93
89
88
90
98
105
111
111
107
99
85
69
49
35
27
20
19
22
27
37
52
70
86
101
111
124
133
145
153
159
161
164
161
148
134
108
80
42
5
-34
-71
-96
-114
-119
-118
-108
-88
-59
-22
16
53
87
110
126
139
135
126
107
85
64
43
23
8
-5
-13
-18
-23
-20
-21
-22
-25
-30
-34
-39
-39
-35
-30
-21
-13
-8
-7
-9
-13
-28
-47
-68
-95
-125
-149
-170
-192
-201
-209
-207
-197
-179
-157
-132
-104
-81
-61
-52
-48
-51
-60
-72
-84
-92
-103
-106
-101
-89
-70
-44
-10
21
48
68
78
82
74
57
37
14
-10
-26
-33
-28
-14
14
43
81
116
144
169
182
182
177
158
124
81
32
-15
-57
-90
-116
-134
-134
-123
-108
-87
-60
-38
-16
3
16
28
33
35
31
25
20
14
16
25
42
63
87
104
123
138
148
151
147
148
144
135
120
104
90
79
68
58
52
51
51
52
50
47
44
42
48
50
54
69
88
101
111
115
114
105
86
65
36
2
-33
-62
-93
-118
-142
-164
-179
-194
-202
-207
-212
-212
-209
-205
-200
-193
-184
-176
-160
-147
-132
-119
-107
-94
-81
-70
-60
-53
-52
-47
-47
-50
-55
-62
-66
-66
-66
-57
-41
-24
-2
20
36
51
59
62
63
56
49
46
48
57
68
84
103
125
138
152
162
169
170
162
146
122
95
73
51
26
8
-3
-17
-25
-31
-31
-31
-32
-33
-31
-32
-37
-40
-46
-48
-53
-53
-52
-52
-50
-44
-28
-11
10
28
45
59
67
69
61
50
34
19
5
-13
-26
-40
-49
-50
-49
-41
-27
-7
9
30
51
63
77
82
84
81
73
62
53
45
36
29
27
33
35
42
57
68
76
81
82
80
71
58
41
23
3
-20
-40
-55
-70
-83
-89
-99
-111
-120
-122
-123
-126
-129
-131
-134
-134
-131
-121
-107
-91
-74
-56
-39
-26
-13
-7
-5
-4
-10
-16
-25
-37
-45
-49
-58
-62
-65
-61
-55
-42
-28
-8
17
41
67
93
118
137
153
174
185
191
192
189
182
171
157
139
124
106
85
65
48
33
14
-2
-17
-32
-46
-55
-62
-67
-73
-76
-74
-76
-76
-69
-64
-53
-40
-27
-17
-9
-3
1
0
-7
-17
-29
-41
-56
-71
-83
-97
-105
-109
-111
-107
-100
-93
-84
-73
-62
-50
-38
-26
-15
-5
10
21
31
42
57
67
77
91
107
120
132
143
148
151
151
140
128
114
93
72
49
28
9
0
-7
-14
-18
-22
-22
-26
-30
-30
-30
-30
-35
-38
-41
-46
-48
-46
-39
-35
-30
-28
-30
-32
-34
-39
-44
-51
-62
-74
-84
-91
-99
-106
-108
-108
-107
-101
-86
-71
-56
-45
-31
-17
-5
8
20
31
42
54
69
86
96
108
122
131
140
141
144
143
138
132
120
107
88
69
52
32
20
6
-4
-10
-15
-24
-25
-28
-32
-34
-33
-32
-29
-29
-25
-21
-22
-17
-17
-14
-10
-7
-7
-10
-12
-16
-22
-29
-36
-40
-44
-51
-53
-62
-65
-65
-64
-61
-61
-61
-57
-50
-41
-36
-26
-17
-13
-5
5
13
21
27
30
33
35
36
36
30
25
19
9
1
-8
-18
-28
-32
-36
-39
-42
-46
-44
-41
-37
-29
-19
-14
-7
5
15
21
27
32
35
40
44
45
43
43
39
37
39
40
41
40
38
35
32
30
22
17
14
11
8
9
9
9
11
12
10
8
14
19
22
23
24
26
26
23
21
17
17
15
13
15
14
16
20
19
15
11
7
1
-1
-6
-12
-13
-14
-15
-13
-16
-18
-22
-21
-23
-27
-26
-20
-15
-14
-13
-5
-2
1
6
6
9
10
9
9
11
6
3
-1
-7
-16
-22
-30
-35
-43
-50
-50
-52
-50
-45
-40
-33
-28
-23
-18
-17
-13
-11
-8
-10
-14
-17
-17
-17
-16
-19
-16
-16
-16
-17
-18
-20
-19
-20
-23
-21
-23
-24
-23
-23
-18
-13
-11
-8
-7
-4
2
5
7
8
5
2
2
0
1
1
2
6
11
17
23
27
33
36
35
29
26
21
17
18
19
19
22
24
27
31
36
42
45
51
50
46
44
45
41
37
42
41
36
29
27
22
18
16
12
12
13
12
10
15
13
11
10
10
5
4
2
0
0
-5
-5
-7
-8
-8
-8
-7
-7
-9
-12
-15
-18
-20
-21
-17
-18
-18
-12
-11
-13
-14
-18
-20
-23
-25
-25
-22
-24
-24
-24
-25
-19
-16
-15
-12
-14
-12
-9
-10
-11
-9
-11
-13
-13
-14
-13
-12
-7
-7
-9
-11
-11
-11
-13
-11
-11
-14
-14
-14
-15
-9
-5
-2
0
-2
-3
-1
-3
-7
-7
-7
-7
-6
-6
-5
-3
-4
-5
-7
-9
-8
-7
-7
-9
-8
-6
-5
-2
0
5
12
16
20
19
21
23
24
28
25
20
19
20
18
21
20
21
21
24
23
22
23
20
18
13
9
5
1
3
6
11
14
17
19
17
16
13
13
11
9
10
7
4
-1
-1
-3
-8
-8
-6
-2
-4
-4
-4
-7
-8
-12
-12
-14
-13
-9
-9
-12
-11
-13
-14
-12
-15
-15
-13
-13
-13
-12
-11
-11
-9
-12
-13
-13
-13
-10
-8
-7
-6
-2
0
-1
-1
-3
-1
-1
2
3
4
5
6
6
6
7
12
16
19
19
19
18
16
14
6
2
1
0
-3
-3
-1
0
1
-1
-1
1
-2
-1
-3
-3
-5
-5
-3
-3
-5
-7
-8
-10
-13
-12
-11
-12
-12
-12
-12
-10
-9
-12
-11
-10
-10
-9
-6
-7
-10
-10
-8
-6
-4
-2
-2
-2
-4
-4
-4
-4
1
7
10
13
12
13
12
8
4
4
10
13
15
17
20
20
20
21
21
25
24
19
17
13
8
6
7
4
2
-1
-2
-2
-5
-2
-1
-2
-3
-4
-4
-7
-14
-16
-20
-24
-22
-21
-16
-12
-14
-15
-12
-7
-7
-9
-6
-4
-6
-5
0
2
1
0
0
-5
-3
-6
-9
-12
-13
-15
-11
-7
-5
0
2
7
11
14
17
17
18
15
15
16
17
17
17
15
15
14
15
17
17
17
17
15
14
16
14
15
13
13
13
12
10
10
11
12
9
6
4
4
3
2
0
-3
-5
-5
-3
-3
-6
-7
-11
-11
-14
-13
-12
-11
-14
-14
-10
-12
-11
-13
-13
-13
-11
-11
-9
-7
-5
-5
-4
-2
-4
-6
-8
-6
-8
-8
-8
-6
-6
-9
-10
-12
-13
-12
-13
-12
-13
-12
-7
-2
3
7
10
9
6
5
3
2
0
-2
-6
-6
-5
-3
-4
-5
-8
-10
-7
-6
-5
-2
-4
-2
-4
-5
-6
-7
-7
-6
-3
3
9
10
10
9
9
8
9
8
9
8
5
1
-1
-1
1
3
3
6
9
10
8
7
5
2
0
0
-4
-6
-6
-7
-4
2
3
5
6
6
6
5
7
9
8
6
4
2
3
4
4
8
10
11
11
11
6
3
3
5
6
6
7
5
5
4
4
4
5
5
7
6
8
8
7
7
4
0
-3
-2
-4
-5
-5
-7
-7
-6
-6
-4
-5
-4
-1
1
2
2
2
4
0
-3
-4
-5
-5
-4
-1
-2
-2
-2
-1
-1
0
0
-2
-3
-5
-6
-8
-9
-13
-14
-10
-8
-7
-7
-6
-6
-6
-5
-4
-2
-3
-1
-3
-3
-7
-11
-12
-13
-16
-17
-12
-10
-8
-6
-6
-4
-1
3
3
4
5
5
4
5
6
7
4
4
2
0
4
3
2
2
2
5
7
8
7
9
9
7
6
4
1
-3
-3
-7
-9
-9
-6
-3
1
7
11
14
16
16
13
13
13
15
14
10
10
7
6
7
4
3
3
3
0
-3
-4
-3
-2
-2
0
-1
2
1
-2
-1
-3
-3
0
2
3
1
2
1
-2
-3
-2
-3
-2
-1
-1
0
-2
-4
-7
-7
-7
-5
-4
-4
-7
-8
-11
-14
-15
-15
-13
-13
-8
-8
-5
-2
-1
1
1
1
0
0
1
4
3
4
4
5
1
-1
2
0
1
2
2
3
0
-1
-1
-1
-1
0
1
4
4
5
8
7
5
5
2
0
-1
-1
-4
-8
-12
-12
-12
-10
-4
-4
1
2
3
3
5
7
7
10
10
10
7
1
-4
-7
-9
-7
-4
1
5
11
13
13
12
8
6
5
4
5
4
3
2
1
1
1
1
0
1
2
1
1
2
1
-2
-3
-2
0
-1
0
2
2
3
3
3
2
3
0
-3
-4
-7
-8
-8
-8
-9
-9
-10
-11
-12
-12
-9
-9
-7
-4
0
1
6
8
8
7
6
5
3
1
-5
-8
-6
-7
-5
-5
-5
-3
-1
1
2
3
1
-1
-2
-5
-5
-7
-8
-2
-1
2
6
7
11
9
9
12
10
8
4
4
1
-3
-5
-8
-10
-10
-10
-7
-8
-7
-3
-1
2
4
3
2
3
3
4
4
3
6
4
5
7
9
8
9
5
4
7
8
8
11
15
11
11
8
1
0
-4
-5
-7
-5
-5
-4
0
3
3
-2
-2
-3
-5
-5
-2
1
5
6
3
-1
-4
-12
-13
-13
-14
-10
-6
-1
0
-1
-1
-4
-7
-7
-4
-1
3
7
4
5
6
1
0
0
1
1
-1
-1
-3
-3
-1
-1
1
1
-2
-7
-8
-7
-5
-2
2
5
7
6
6
2
-1
-3
-5
-4
-5
-5
-7
-10
-10
-13
-11
-8
-5
0
1
5
9
11
13
13
9
5
-1
-7
-8
-7
-6
-4
-1
1
6
6
8
8
7
7
5
5
3
3
-2
-3
-8
-11
-11
-11
-11
-7
0
3
7
8
11
12
13
14
16
16
13
9
4
0
-2
-7
-10
-7
-3
3
7
8
9
6
3
6
4
5
5
5
5
4
2
-2
-5
-8
-7
-8
-7
-6
-3
-2
0
0
-1
0
0
-1
0
1
1
2
0
1
-1
-6
-5
-9
-10
-11
-10
-8
-5
-4
-3
-1
-1
0
-1
-3
-3
-4
-4
-3
-3
-2
-1
-3
0
3
2
1
1
-1
-3
-5
-6
-8
-8
-5
-4
-2
-2
-1
-4
-5
-3
0
3
6
8
7
4
1
-2
-4
-3
-3
-1
0
1
2
3
6
7
10
14
16
15
14
11
6
5
3
4
3
0
-1
-3
-6
-8
-7
-5
-4
-3
1
3
2
2
0
1
1
0
2
5
6
8
10
8
7
5
3
2
-1
-6
-8
-7
-9
-7
-10
-10
-6
-6
-3
-3
0
0
-1
-1
-3
-2
0
-2
-6
-9
-13
-14
-14
-11
-6
-2
1
5
7
11
13
15
17
18
14
10
6
1
-1
-7
-8
-7
-4
0
3
4
6
7
6
8
10
8
5
1
0
-3
-6
-7
-6
-4
-5
-5
-4
-5
-4
-5
-4
-5
-8
-9
-11
-11
-9
-7
-3
1
4
2
0
-1
-1
-1
0
2
5
7
8
5
4
0
-1
-2
0
2
1
5
5
3
3
0
-2
-1
0
4
4
3
4
3
4
4
5
6
5
4
6
6
5
5
6
6
5
8
6
4
2
1
0
-1
0
-1
0
0
0
0
0
0
-3
-3
-5
-8
-9
-9
-10
-12
-9
-4
-1
0
1
1
1
0
-2
-2
-3
-4
-5
-6
-6
-10
-8
-6
-4
-4
-3
-1
0
-1
0
0
2
5
6
9
10
11
8
5
5
1
-4
-4
-5
-5
-4
-6
-6
-6
-7
-5
-5
-4
-1
1
2
3
4
2
1
1
-2
0
0
-1
-1
-4
-3
-2
-1
-1
0
1
1
0
1
-1
-3
-2
-1
-2
-1
-1
1
1
1
2
3
4
4
4
2
2
0
0
-2
-5
-4
-5
-4
-4
-3
1
3
5
6
7
7
7
5
1
-2
-3
-5
-2
-2
-2
-1
-5
-5
-3
-2
1
2
4
5
6
6
5
4
3
3
2
2
1
1
-1
-2
-2
-3
-4
-7
-4
-5
-3
-2
-1
2
1
3
7
8
8
9
7
5
4
3
3
4
5
2
4
5
6
5
4
7
7
6
5
5
5
4
5
6
5
5
5
4
2
1
-2
-5
-5
-3
-6
-7
-9
-13
-12
-12
-11
-7
-8
-5
-4
-2
-1
0
-2
-3
-3
-5
-5
-5
-5
-5
-6
-3
-3
0
2
1
1
0
2
2
0
-1
-2
-3
-3
-4
-4
-5
-5
-4
-3
-3
-5
-6
-5
-6
-8
-9
-7
-5
-4
-1
0
2
6
5
7
8
9
9
8
8
8
5
5
4
4
7
10
13
14
13
12
11
11
10
11
9
6
7
6
6
4
2
-2
-4
-4
-6
-5
-6
-3
-3
-4
-4
-4
-4
-6
-4
-4
-4
-4
-4
-3
-3
-1
2
0
1
-1
-2
-3
-5
-7
-7
-6
-9
-9
-8
-6
-7
-6
-5
-5
-5
-7
-5
-5
-6
-3
0
3
6
5
7
9
8
8
5
4
0
-2
-3
-3
-2
-2
-2
-3
-4
-3
-3
-3
-4
-5
-5
-3
-5
-5
-4
-2
-3
-2
-3
-2
-1
1
1
2
5
4
5
5
6
5
4
6
5
5
4
3
0
-1
-1
0
-1
-2
-3
-2
-2
-3
-4
-6
-4
-7
-6
-3
0
3
4
7
7
6
6
3
2
3
3
2
3
2
3
3
5
3
2
2
-1
-2
1
1
1
3
4
4
4
2
2
2
2
2
4
6
4
2
-1
-2
-3
-2
-1
-2
-3
-3
-5
-5
-4
-4
-4
-4
-3
-2
-2
-2
-2
-2
0
2
4
6
7
7
9
7
7
5
6
7
7
7
5
9
7
4
5
0
-3
-3
-4
-4
-4
-6
-5
-6
-7
-5
-5
-5
-4
-3
-5
-1
0
2
2
-2
-2
-1
-2
-1
-2
-2
-4
-4
-4
-4
-3
-3
-2
1
3
0
0
-2
-2
-4
-4
-4
-3
0
3
5
5
5
5
4
2
1
-2
-4
-6
-3
-1
-2
-1
0
-1
0
0
1
3
1
1
0
-1
0
-1
0
1
2
3
4
5
3
2
0
-1
-1
-3
-5
-5
-4
-2
0
0
2
1
1
1
-1
0
-1
-1
0
0
-2
-3
-2
0
1
1
1
1
2
1
1
2
1
3
6
8
9
11
10
10
6
3
1
-2
-3
-1
1
0
1
3
3
2
0
-2
-2
-1
-2
-2
-3
-3
-5
-7
-6
-6
-6
-4
-4
-5
-6
-5
-5
-5
-3
-2
-2
-1
0
-2
-2
-1
-2
-1
2
-1
0
-1
-4
-6
-6
-5
-5
-4
-4
-2
-3
-2
-3
-2
-3
-2
-2
-2
1
3
5
3
5
4
4
3
1
0
-2
-1
-2
-1
-1
1
5
6
5
2
3
1
2
3
3
4
4
4
5
4
4
1
1
3
0
1
3
2
3
2
2
0
-1
0
1
1
0
0
-1
-1
-1
-2
-2
-3
-5
-4
-5
-3
-3
-3
1
1
0
1
1
1
0
-2
-1
-1
-1
-1
0
2
2
2
1
1
-1
-1
-1
0
-1
0
0
2
1
2
4
3
4
5
5
5
4
2
0
-1
-2
-2
-2
-1
-2
0
-1
2
2
4
3
3
5
6
5
3
2
-1
1
0
-2
-1
0
1
2
3
3
3
4
4
5
6
5
6
6
2
0
-2
-3
-3
-4
-3
-2
-3
-1
0
0
0
-1
-1
0
-1
-1
-3
-6
-6
-9
-8
-9
-9
-10
-8
-6
-4
-3
-3
-1
-1
-1
-2
-1
-2
-2
-5
-3
-4
-5
-2
-1
1
0
0
2
1
1
1
-2
1
0
2
2
1
2
1
1
-2
-1
-2
-2
1
0
1
2
2
3
3
3
3
2
3
3
2
3
3
2
3
3
4
5
7
5
5
4
3
0
-2
-3
-4
-4
-5
-4
-4
-4
-1
-1
-1
-1
-2
-3
-3
-3
-3
-2
-3
-1
0
1
1
1
2
2
2
3
3
2
2
0
-1
-1
-1
-1
-1
-1
-1
2
2
3
1
0
1
-1
-2
-5
-7
-6
-5
-3
-3
-3
-2
-1
-1
-1
-1
-2
-1
-1
0
-1
0
1
0
1
0
1
3
4
3
4
5
2
3
3
4
3
3
4
6
6
6
4
2
1
0
-1
-1
-2
-3
-3
-3
-4
-1
1
1
2
2
2
1
0
1
0
1
2
0
1
1
0
0
2
1
-1
-3
-4
-6
-6
-6
-4
-3
-2
-1
1
2
2
2
2
1
1
0
0
-2
-3
-3
-2
-2
-1
-1
0
0
-1
0
0
0
1
1
1
2
3
3
3
2
0
1
0
1
1
1
1
1
2
3
3
2
2
2
2
2
2
2
0
-3
-5
-6
-5
-6
-8
-7
-4
-4
-2
0
-1
-1
2
1
1
0
2
1
1
-1
-1
-2
0
0
2
2
2
2
3
4
4
3
1
2
0
1
2
1
1
-1
-2
-3
-3
-3
-3
-2
-2
-1
-3
-6
-6
-6
-7
-6
-4
-4
-3
-3
0
0
1
1
4
5
6
5
3
4
2
2
3
6
7
6
6
4
2
0
-2
-4
-3
-4
-2
-2
-1
0
0
0
1
1
0
1
1
0
0
-1
2
3
3
3
3
3
4
3
3
2
2
1
0
0
0
0
-2
-3
-4
-4
-5
-7
-5
-2
-4
-2
-1
0
0
1
-1
-2
-4
-3
-3
-3
-2
-1
0
1
3
3
4
6
4
4
4
3
3
1
-1
-1
0
-2
-2
-2
0
0
-1
0
0
0
-1
0
