0
0
1
0
0
0
1
0
2
-1
0
1
-1
-1
2
-1
1
0
-2
2
-3
1
1
-1
2
0
-1
1
0
0
1
-1
-1
1
-2
1
0
-1
1
-1
-1
2
-2
2
0
-1
3
-1
0
0
-2
3
-3
-1
3
-2
1
1
-2
3
1
-2
2
1
-1
1
-1
2
0
-3
3
-4
1
0
-4
4
-2
-1
2
-3
1
-1
-1
2
-2
0
2
0
-1
1
2
-1
1
2
-1
4
-2
1
1
0
1
-3
1
0
0
0
-1
1
0
0
-2
2
0
-2
2
-3
3
0
-3
3
-2
0
-1
0
0
0
-1
-1
1
0
-1
-1
2
-1
-2
1
-1
1
0
-3
4
-3
1
0
-2
4
0
-4
8
-3
-2
5
-5
3
-1
-2
2
-2
1
-3
1
3
-3
-1
1
0
-2
2
-3
0
3
-2
-1
3
-1
1
1
2
0
-1
4
-2
3
-1
-1
2
0
-2
1
0
-2
2
-1
0
2
-2
1
3
-3
2
-1
-1
4
-3
1
3
-1
0
-1
0
3
-6
1
1
-4
6
-6
0
3
-6
2
1
-3
2
0
-1
2
-1
-1
1
1
1
-3
3
0
-3
5
-1
0
2
-3
0
2
-1
-3
3
-1
-3
2
-2
1
1
-2
3
0
1
1
-2
4
-1
0
2
1
1
-1
0
3
-3
0
2
-3
3
-2
-4
3
-3
0
-1
-1
3
-5
2
-1
-1
3
-4
2
2
-2
1
0
3
0
-4
5
-3
0
0
-5
3
-1
-3
2
1
-1
0
0
-1
3
-2
-1
1
-2
1
-3
0
0
-2
3
-1
-1
3
-1
-2
3
-2
1
3
-2
2
-1
0
3
-5
6
-2
-1
3
-3
4
0
-1
-1
1
1
-2
-1
1
2
-2
3
-2
-3
7
-7
1
3
-2
0
2
-1
0
1
-2
1
1
-1
-1
2
-1
-1
-2
-1
2
-4
1
1
-5
8
-9
4
3
-9
12
-9
6
1
-7
8
-7
3
0
0
2
3
-2
1
7
-5
4
1
-3
5
-4
-1
2
-2
-4
1
4
-4
4
-1
1
4
-5
0
1
0
-2
0
-2
2
-1
-8
7
-1
-8
9
-7
6
2
-11
12
-1
-3
2
0
6
-5
5
-2
1
1
-6
2
0
1
0
1
5
-4
1
1
0
-1
3
-1
0
5
-10
6
-2
-6
6
-6
4
0
1
-1
1
2
-4
6
-5
-1
5
-4
-3
3
-7
3
-2
-5
8
-7
7
-3
-1
8
-11
2
5
-10
6
-2
-7
7
-4
-2
1
3
-4
3
2
1
3
-3
9
-6
3
-2
0
4
-5
4
-5
8
-5
-9
10
-4
-2
0
1
3
1
-3
1
3
-2
4
-3
1
7
-8
0
8
-10
6
0
-3
5
1
-3
2
2
-7
4
-1
-1
4
1
-2
5
-11
10
-5
-7
18
-15
5
7
-13
9
-8
-1
-1
-3
6
-8
2
3
-12
10
-7
-5
12
-11
8
2
1
6
-2
-1
6
-3
6
0
-3
16
-14
4
1
-4
6
-13
14
-7
7
-3
-5
13
-16
8
-4
1
5
-10
12
-5
-9
11
-11
-3
11
-10
0
8
-16
12
-5
-13
15
-10
0
6
-10
10
1
-8
3
9
-8
-1
15
-19
12
10
-25
15
6
-18
12
-5
0
11
-10
3
6
0
-2
-1
4
2
-13
6
-2
-4
3
-21
27
-18
-11
26
-26
19
-7
-9
14
-2
-7
1
13
-11
12
-3
-19
38
-17
-25
43
-14
-8
19
-23
20
-12
-11
16
-16
13
-17
0
12
-17
5
1
9
-6
-5
24
-21
-1
9
-15
15
-11
-2
-2
9
-15
0
11
-12
14
-6
11
2
11
1
-5
16
-11
21
-19
10
5
-13
11
-15
16
-21
11
-3
-8
16
-24
16
-7
-7
11
-10
-2
12
-9
-9
25
-25
9
2
-10
7
6
-2
-8
18
-15
2
5
-3
0
-1
3
-2
9
-20
23
-11
-1
21
-23
28
-10
2
5
-9
17
-19
11
-1
-10
8
-12
5
-7
0
-7
3
1
-2
4
-4
9
-15
9
11
-27
18
-3
-2
-5
-1
11
-22
21
-19
14
9
-26
33
-29
19
6
-37
41
-18
-5
-1
1
12
-19
2
10
5
-15
13
-8
3
17
-24
11
11
-5
-10
7
6
-1
-4
0
18
-15
3
5
-12
19
-10
-8
18
-12
2
-3
-14
11
-7
-19
13
-2
-14
7
-6
-3
4
-4
-7
11
-1
-16
12
2
-6
-13
16
-7
0
10
-25
32
-1
-19
21
11
-1
-5
8
5
2
-8
-3
6
3
-4
-13
22
3
-27
26
1
-5
20
-11
6
21
-13
-5
15
-4
-13
4
3
-4
3
-21
20
0
-21
15
-5
4
1
-7
9
6
-10
-3
5
3
-15
3
8
-9
6
-17
12
11
-22
15
8
-6
10
-7
12
-3
-13
6
1
12
-13
8
5
-4
-1
-5
15
-2
-7
4
6
-6
-5
-3
-5
1
-1
-1
1
-4
-3
-11
3
2
-11
1
1
-9
0
-2
-7
3
-14
-2
4
-8
-2
-8
0
-2
-2
-3
1
-3
-11
4
-2
-2
-2
-5
0
-7
-1
9
-9
4
8
-3
12
-1
7
6
5
6
3
14
-2
4
0
4
9
-4
12
8
-3
10
8
9
6
7
5
8
13
-3
1
13
-9
-3
14
-1
5
4
6
7
5
3
5
6
0
1
1
8
-5
-15
-1
-4
-13
-11
-2
-1
-7
-9
-3
1
-15
-8
-7
-3
-7
-14
-5
-9
-15
-20
-7
-6
-12
-10
-9
0
-10
-12
2
-4
-10
-4
0
-1
-4
0
1
3
1
-2
1
4
3
-1
9
11
6
4
6
6
3
3
5
8
7
6
9
11
8
5
14
15
13
10
10
12
6
-1
4
5
3
0
1
4
-1
-1
0
3
4
3
7
9
6
-3
-1
3
-3
-2
-4
-1
-1
-9
-5
-4
-4
-5
-2
4
6
4
1
6
8
-3
5
8
0
1
-3
-5
2
-3
-5
5
2
0
0
3
6
0
-1
0
2
-3
-5
-3
-5
-4
-6
-6
-2
-4
-8
-4
-2
-7
-5
-5
-9
-8
-14
-14
-12
-17
-15
-16
-17
-18
-17
-20
-23
-21
-19
-18
-16
-16
-21
-19
-20
-28
-22
-23
-27
-24
-25
-27
-25
-23
-24
-20
-22
-19
-15
-19
-14
-12
-15
-11
-10
-12
-4
-7
-7
3
2
8
12
14
21
21
24
36
34
34
45
44
50
59
56
62
68
68
73
88
96
105
113
122
137
139
145
165
175
190
204
221
240
244
241
249
278
280
284
301
305
311
303
294
293
259
214
178
138
94
39
-37
-105
-182
-289
-380
-448
-520
-589
-645
-680
-724
-779
-834
-896
-958
-1011
-1033
-1042
-1095
-1225
-1366
-1444
-1491
-1540
-1533
-1453
-1340
-1215
-1070
-881
-666
-447
-223
83
442
803
1144
1431
1663
1875
2057
2219
2366
2457
2496
2500
2467
2378
2252
2045
1781
1500
1220
958
717
465
184
-100
-375
-607
-804
-977
-1068
-1106
-1092
-983
-841
-691
-558
-442
-311
-142
49
222
397
515
530
510
460
330
162
-23
-156
-244
-348
-458
-576
-725
-885
-1000
-1035
-984
-913
-818
-696
-566
-444
-338
-194
-39
108
286
480
655
785
844
855
836
814
791
749
678
570
454
300
156
22
-112
-252
-394
-492
-569
-625
-676
-693
-710
-759
-775
-761
-753
-772
-767
-736
-771
-861
-942
-1041
-1185
-1373
-1495
-1556
-1658
-1820
-2045
-2352
-2774
-3206
-3440
-3446
-3399
-3316
-3078
-2734
-2415
-2127
-1730
-1170
-538
183
1059
2075
3050
3801
4328
4730
5057
5325
5559
5710
5787
5751
5506
5077
4474
3694
2788
1831
952
266
-298
-841
-1377
-1945
-2505
-2952
-3216
-3241
-3062
-2678
-2094
-1404
-700
-52
540
1076
1559
2043
2605
3206
3654
3868
3927
3835
3519
3028
2452
1838
1192
475
-264
-966
-1717
-2577
-3463
-4257
-4922
-5461
-5874
-6028
-5865
-5538
-5097
-4508
-3813
-3045
-2249
-1367
-325
759
1758
2641
3420
4010
4341
4401
4296
4102
3785
3351
2879
2386
1825
1151
428
-186
-695
-1138
-1461
-1618
-1599
-1455
-1258
-1009
-732
-464
-193
126
535
947
1258
1430
1500
1520
1448
1314
1142
931
600
146
-371
-990
-1721
-2477
-3187
-3841
-4456
-4969
-5479
-6246
-7210
-7985
-8187
-7957
-7616
-7048
-6046
-4799
-3644
-2621
-1414
-3
1365
2684
4169
5841
7332
8308
8762
8909
8867
8625
8204
7663
7082
6400
5463
4292
3001
1664
287
-1121
-2344
-3150
-3569
-3798
-3968
-4048
-4017
-3821
-3377
-2668
-1696
-529
744
2029
3175
4147
4969
5564
5897
6078
6257
6368
6216
5731
5007
4127
2992
1663
380
-764
-1821
-2880
-3881
-4696
-5399
-6095
-6705
-7085
-7168
-6968
-6557
-5961
-5186
-4329
-3550
-2924
-2303
-1565
-733
191
1203
2289
3258
3888
4241
4385
4317
4032
3616
3236
2842
2270
1528
718
-147
-1079
-1930
-2519
-2786
-2790
-2601
-2250
-1772
-1257
-790
-319
204
802
1462
2054
2524
2893
3049
2929
2581
2108
1679
1274
833
416
-20
-569
-1300
-2216
-3147
-3976
-4702
-5289
-5730
-5963
-6060
-6458
-7332
-8252
-8597
-8166
-7450
-6689
-5491
-3789
-2086
-831
182
1455
2891
4098
5184
6537
8115
9322
9654
9293
8728
8131
7428
6549
5670
4922
4087
2960
1597
247
-960
-2165
-3322
-4070
-4190
-3840
-3398
-3054
-2700
-2218
-1588
-784
233
1449
2782
4063
5102
5881
6491
6886
6878
6453
5943
5593
5224
4533
3485
2294
1024
-424
-1981
-3387
-4469
-5300
-6021
-6540
-6722
-6666
-6579
-6507
-6240
-5588
-4642
-3571
-2461
-1345
-332
342
725
1092
1392
1406
1195
1100
1210
1192
856
392
-108
-743
-1378
-1687
-1606
-1465
-1461
-1423
-1213
-942
-743
-532
-213
190
690
1327
2061
2723
3141
3302
3348
3442
3570
3566
3356
3034
2685
2231
1622
977
368
-262
-877
-1338
-1553
-1660
-1914
-2298
-2685
-3138
-3717
-4294
-4670
-4893
-5185
-5374
-5218
-5195
-5920
-7115
-7820
-7527
-6818
-6168
-5165
-3616
-2070
-1079
-433
504
1723
2754
3642
4878
6554
8090
8762
8469
7813
7273
6820
6239
5619
5241
4876
4069
2826
1604
638
-427
-1729
-2757
-3046
-2702
-2238
-1975
-1856
-1702
-1401
-899
-142
847
2034
3284
4336
5104
5686
6124
6249
5891
5327
4998
4878
4498
3641
2594
1495
164
-1436
-2885
-3797
-4352
-4891
-5364
-5560
-5527
-5517
-5570
-5463
-4981
-4141
-3185
-2245
-1265
-261
518
749
537
325
197
-4
-253
-267
-63
-168
-731
-1386
-1902
-2351
-2714
-2713
-2322
-1854
-1498
-1145
-740
-484
-383
-208
219
878
1605
2305
2858
3189
3311
3300
3328
3390
3398
3300
3023
2669
2323
1858
1192
386
-377
-926
-1260
-1448
-1502
-1496
-1547
-1707
-2036
-2460
-2914
-3385
-3832
-4218
-4437
-4438
-4284
-4217
-4722
-5944
-7259
-7856
-7509
-6736
-5931
-4875
-3464
-2086
-1155
-509
351
1509
2701
3923
5439
7238
8710
9142
8613
7847
7287
6834
6238
5584
5106
4627
3748
2427
1002
-263
-1488
-2679
-3446
-3479
-2950
-2389
-2092
-1915
-1645
-1196
-542
379
1611
3060
4465
5528
6179
6579
6760
6615
6143
5615
5281
5009
4419
3403
2153
743
-832
-2436
-3763
-4614
-5122
-5500
-5818
-6013
-6078
-6087
-6036
-5829
-5239
-4263
-3162
-2131
-1143
-243
190
-46
-511
-596
-234
166
379
566
694
448
-197
-844
-1237
-1494
-1694
-1696
-1404
-1054
-961
-1115
-1357
-1523
-1419
-954
-189
730
1570
2150
2507
2817
3161
3469
3621
3699
3830
3884
3749
3398
2852
2101
1133
277
-217
-443
-601
-864
-1204
-1627
-2164
-2711
-3255
-3858
-4476
-4992
-5318
-5415
-5296
-4982
-4900
-5655
-7003
-7984
-7863
-6968
-6084
-5137
-3696
-2022
-755
-88
607
1738
2877
3753
4767
6327
8093
9072
8801
7863
6997
6383
5777
5090
4608
4265
3562
2339
959
-126
-1041
-2106
-3072
-3374
-2865
-2013
-1343
-936
-625
-230
338
1127
2216
3524
4797
5738
6246
6500
6653
6570
6055
5245
4522
4044
3520
2634
1434
120
-1288
-2832
-4274
-5185
-5517
-5618
-5723
-5785
-5643
-5332
-5043
-4764
-4288
-3456
-2386
-1331
-331
664
1326
1119
172
-649
-810
-627
-542
-428
-148
-84
-595
-1373
-1925
-2291
-2612
-2716
-2357
-1646
-1075
-914
-1072
-1318
-1447
-1295
-725
220
1270
2125
2666
3059
3438
3682
3676
3549
3556
3707
3734
3491
3136
2654
1817
739
-103
-360
-411
-861
-1583
-2138
-2376
-2598
-3150
-3803
-4316
-4841
-5432
-5848
-5664
-5069
-5149
-6354
-7772
-8262
-7628
-6766
-6104
-5005
-3281
-1609
-582
149
1405
2951
3910
4428
5420
7240
8990
9505
8916
8067
7322
6552
5678
5013
4731
4274
3143
1578
267
-560
-1404
-2541
-3490
-3649
-3087
-2375
-1846
-1410
-927
-442
41
818
2126
3769
5193
5988
6297
6561
6824
6750
6136
5238
4549
4075
3429
2426
1230
20
-1399
-3124
-4665
-5478
-5616
-5646
-5870
-5997
-5831
-5557
-5344
-5062
-4397
-3390
-2378
-1472
-534
417
901
526
-310
-842
-796
-492
-209
48
141
-212
-932
-1580
-1871
-1964
-2052
-2017
-1699
-1201
-805
-684
-765
-864
-858
-605
14
922
1822
2416
2678
2840
3072
3298
3387
3377
3377
3356
3191
2843
2432
1878
1029
160
-357
-428
-420
-762
-1287
-1805
-2350
-2937
-3524
-3921
-4196
-4622
-5076
-5201
-5021
-5265
-6468
-7972
-8616
-8090
-7133
-6260
-5129
-3509
-1963
-1093
-482
750
2567
4065
4902
5820
7377
8966
9510
8914
8061
7447
6872
6078
5354
5053
4705
3640
1937
335
-719
-1616
-2706
-3654
-3928
-3509
-2876
-2363
-1898
-1355
-807
-307
381
1589
3278
4924
5999
6461
6680
6860
6789
6287
5537
4901
4414
3734
2697
1502
329
-1011
-2730
-4484
-5607
-5903
-5850
-5959
-6175
-6190
-6017
-5852
-5626
-4984
-3813
-2574
-1646
-898
-83
634
674
32
-502
-431
12
327
451
595
509
-82
-841
-1290
-1340
-1341
-1494
-1510
-1258
-984
-896
-968
-991
-911
-777
-439
244
1229
2176
2747
2990
3143
3344
3488
3438
3374
3353
3160
2772
2381
2121
1720
914
33
-558
-918
-1204
-1463
-1649
-1944
-2605
-3405
-4028
-4532
-5055
-5454
-5486
-5528
-6333
-7746
-8688
-8489
-7735
-7184
-6524
-5102
-3176
-1652
-786
151
1659
3266
4401
5311
6700
8513
9661
9520
8740
8174
7812
7060
5942
5162
4805
4122
2653
961
-150
-883
-1926
-3226
-3986
-3827
-3314
-2987
-2720
-2145
-1309
-577
23
857
2127
3582
4747
5505
6124
6739
7077
6809
6089
5378
4851
4228
3304
2252
1257
161
-1292
-2952
-4360
-5233
-5689
-5995
-6180
-6162
-5986
-5831
-5751
-5453
-4720
-3714
-2743
-1845
-823
19
140
-367
-809
-679
-267
53
415
886
1135
818
121
-412
-651
-815
-1041
-1228
-1228
-1137
-1189
-1374
-1479
-1371
-1115
-838
-393
390
1288
2000
2495
2951
3378
3553
3462
3380
3417
3374
3076
2625
2242
1931
1476
793
56
-516
-939
-1373
-1707
-1794
-1783
-2092
-2939
-3993
-4836
-5257
-5353
-5636
-6508
-7736
-8599
-8617
-8171
-7739
-7101
-5896
-4295
-2852
-1730
-404
1369
3033
4132
4997
6323
8089
9364
9577
9160
8745
8399
7712
6696
5920
5492
4779
3268
1416
132
-608
-1582
-3006
-4144
-4400
-4183
-4088
-3989
-3487
-2638
-1918
-1364
-474
990
2643
3922
4797
5644
6568
7295
7561
7447
7150
6648
5835
4806
3814
2921
1900
490
-1191
-2716
-3862
-4727
-5499
-6154
-6545
-6689
-6750
-6745
-6487
-5890
-5131
-4416
-3692
-2810
-2062
-1808
-1810
-1625
-1047
-312
392
1184
1948
2434
2536
2265
1872
1553
1300
1056
732
350
-24
-488
-1068
-1599
-1917
-1961
-1831
-1571
-1086
-457
155
678
1144
1596
1935
2193
2454
2652
2723
2684
2650
2591
2340
1914
1501
1141
753
292
-161
-520
-949
-1580
-2318
-3089
-3883
-4660
-5214
-5498
-6104
-7387
-8807
-9489
-9181
-8555
-8006
-7107
-5596
-3907
-2665
-1760
-417
1514
3267
4385
5379
6951
8824
9927
9900
9453
9183
8845
7952
6838
6227
5943
5062
3311
1525
405
-446
-1731
-3265
-4234
-4428
-4428
-4522
-4357
-3675
-2879
-2463
-2138
-1253
284
1942
3229
4269
5420
6540
7227
7396
7363
7367
7153
6469
5567
4799
4107
3081
1531
-191
-1737
-3056
-4225
-5229
-5963
-6446
-6789
-7080
-7237
-7065
-6580
-6010
-5492
-4891
-4150
-3596
-3380
-3172
-2631
-1733
-773
189
1218
2144
2816
3154
3249
3281
3242
3098
2838
2475
2059
1573
946
200
-530
-1148
-1576
-1841
-1933
-1765
-1404
-980
-580
-210
96
358
662
1012
1345
1584
1829
2188
2495
2581
2418
2029
1558
1050
466
-78
-530
-910
-1386
-2180
-3166
-4009
-4533
-5035
-6112
-7772
-9220
-9733
-9497
-9133
-8654
-7640
-6151
-4846
-3983
-2983
-1283
806
2503
3679
4979
6834
8710
9767
9983
9938
9937
9606
8704
7818
7473
7305
6469
4816
3123
1907
787
-714
-2354
-3476
-3950
-4276
-4692
-4818
-4393
-3822
-3635
-3629
-3087
-1769
-195
1112
2234
3490
4798
5766
6287
6705
7156
7306
6940
6323
5928
5696
5097
3885
2378
953
-369
-1711
-2997
-3982
-4670
-5285
-5950
-6571
-6923
-6963
-6905
-6961
-7147
-7311
-7234
-6868
-6225
-5232
-3890
-2355
-864
425
1583
2632
3475
4074
4509
4885
5217
5377
5222
4733
3967
3024
1952
919
91
-475
-868
-1223
-1535
-1706
-1745
-1789
-1869
-1901
-1801
-1577
-1307
-950
-423
173
686
1031
1205
1261
1231
1139
1038
904
731
512
131
-475
-1287
-2213
-3074
-3887
-4929
-6315
-7736
-8662
-8955
-9005
-8998
-8654
-7781
-6631
-5631
-4751
-3503
-1740
73
1565
2934
4585
6379
7727
8448
8953
9560
9995
9850
9299
8924
8807
8403
7335
5960
4806
3764
2398
746
-650
-1521
-2210
-3102
-3950
-4318
-4250
-4228
-4459
-4505
-3952
-2998
-2097
-1278
-222
1107
2299
3123
3860
4792
5707
6181
6210
6196
6305
6239
5730
4917
4133
3371
2359
1094
-125
-1078
-1896
-2826
-3805
-4639
-5248
-5781
-6467
-7226
-7857
-8306
-8578
-8601
-8151
-7142
-5845
-4525
-3249
-1931
-523
785
1853
2800
3716
4561
5193
5550
5758
5805
5563
4989
4171
3365
2691
2037
1357
718
215
-233
-758
-1326
-1818
-2186
-2507
-2820
-2971
-2824
-2417
-1947
-1524
-1111
-714
-395
-217
-118
26
264
529
692
670
404
-120
-819
-1554
-2244
-3066
-4220
-5590
-6769
-7451
-7750
-7883
-7783
-7316
-6614
-5948
-5326
-4449
-3139
-1643
-321
823
2108
3694
5275
6486
7341
8084
8752
9091
9026
8902
8983
9024
8577
7657
6710
5928
5035
3785
2356
1098
54
-982
-1999
-2710
-3006
-3170
-3535
-4010
-4212
-3997
-3562
-3115
-2564
-1708
-636
333
1119
1938
2856
3635
4045
4195
4393
4698
4885
4797
4506
4158
3717
3009
2065
1144
395
-299
-1107
-2049
-2950
-3715
-4475
-5290
-6112
-6884
-7553
-8041
-8171
-7778
-6941
-5895
-4835
-3818
-2726
-1549
-426
621
1621
2525
3278
3856
4357
4838
5160
5160
4826
4306
3746
3154
2517
1893
1325
760
175
-346
-776
-1139
-1553
-2068
-2540
-2830
-2867
-2673
-2323
-1883
-1459
-1173
-987
-798
-548
-258
-28
140
286
316
116
-276
-728
-1190
-1919
-3110
-4557
-5816
-6590
-6986
-7207
-7196
-6876
-6375
-5922
-5550
-4950
-3970
-2826
-1767
-796
414
1949
3487
4739
5704
6579
7366
7865
8073
8258
8608
8894
8741
8162
7515
6973
6316
5341
4174
3071
2060
1015
-43
-854
-1252
-1507
-1956
-2559
-2994
-3058
-2968
-2941
-2850
-2495
-1888
-1256
-703
-52
752
1490
1945
2187
2495
2945
3313
3439
3428
3446
3456
3272
2859
2349
1834
1228
427
-546
-1561
-2535
-3524
-4549
-5485
-6159
-6537
-6718
-6736
-6488
-5951
-5247
-4520
-3812
-3052
-2227
-1386
-570
246
1022
1669
2135
2410
2609
2767
2843
2793
2667
2513
2316
2047
1711
1348
981
593
170
-234
-517
-681
-814
-963
-1092
-1149
-1164
-1161
-1111
-1020
-921
-822
-718
-587
-461
-372
-300
-271
-331
-524
-815
-1102
-1407
-1980
-2985
-4245
-5337
-6016
-6431
-6733
-6806
-6498
-5941
-5473
-5131
-4562
-3601
-2541
-1694
-937
139
1589
2998
4081
4983
5946
6842
7328
7439
7596
8008
8356
8230
7715
7239
6919
6458
5625
4616
3716
2852
1803
685
-126
-494
-750
-1245
-1867
-2263
-2346
-2376
-2529
-2617
-2428
-2040
-1675
-1335
-788
-13
681
1071
1305
1690
2239
2684
2932
3150
3439
3632
3516
3167
2807
2437
1859
978
-19
-894
-1693
-2624
-3703
-4712
-5488
-6100
-6598
-6812
-6573
-5996
-5349
-4745
-4059
-3205
-2327
-1618
-1051
-441
256
878
1309
1643
2005
2309
2383
2230
2038
1938
1835
1608
1327
1117
960
734
416
120
-105
-346
-670
-978
-1107
-1028
-877
-794
-775
-766
-787
-866
-947
-936
-814
-676
-618
-647
-724
-819
-945
-1204
-1743
-2671
-3893
-5073
-5896
-6341
-6544
-6535
-6227
-5652
-5053
-4566
-4019
-3218
-2267
-1430
-718
177
1453
2866
4065
5023
5918
6754
7282
7407
7418
7610
7878
7881
7529
7091
6755
6322
5551
4557
3626
2819
1948
960
136
-303
-533
-899
-1457
-1952
-2193
-2296
-2392
-2397
-2167
-1753
-1353
-1008
-551
113
782
1216
1435
1666
2013
2352
2583
2759
2946
3048
2902
2504
2052
1628
1091
319
-591
-1440
-2176
-2891
-3608
-4209
-4613
-4883
-5112
-5227
-5070
-4655
-4154
-3675
-3156
-2528
-1892
-1375
-962
-529
-43
357
588
775
1049
1365
1569
1617
1635
1672
1628
1442
1190
1013
884
670
369
112
-35
-171
-399
-638
-740
-704
-658
-718
-841
-946
-1042
-1179
-1351
-1422
-1305
-1138
-1122
-1300
-1526
-1672
-1882
-2442
-3438
-4617
-5605
-6261
-6688
-6896
-6728
-6152
-5431
-4912
-4541
-3923
-2885
-1721
-764
129
1329
2853
4284
5347
6210
7079
7775
7998
7864
7848
8134
8320
7999
7330
6757
6298
5554
4394
3191
2275
1493
539
-454
-1048
-1199
-1373
-1895
-2484
-2706
-2601
-2543
-2570
-2327
-1662
-911
-417
-27
612
1444
2048
2306
2564
3092
3669
3920
3883
3891
3984
3823
3217
2411
1706
1037
164
-859
-1738
-2425
-3241
-4390
-5586
-6380
-6705
-6808
-6764
-6393
-5627
-4710
-3892
-3106
-2159
-1121
-285
258
768
1469
2203
2692
2882
2933
2901
2687
2289
1881
1614
1382
1010
537
148
-116
-402
-813
-1260
-1608
-1835
-1948
-1881
-1575
-1152
-877
-906
-1125
-1343
-1521
-1688
-1723
-1493
-1088
-819
-864
-1072
-1285
-1693
-2695
-4322
-6020
-7151
-7613
-7724
-7594
-7042
-6101
-5221
-4783
-4499
-3768
-2507
-1207
-146
1061
2874
5006
6706
7706
8348
8895
9140
8864
8451
8485
8896
8997
8374
7381
6514
5627
4249
2478
916
-139
-1017
-2020
-2798
-2922
-2703
-2843
-3494
-4017
-3921
-3440
-2990
-2443
-1412
-30
1133
1841
2487
3367
4152
4395
4252
4319
4763
5137
5120
4870
4595
4109
3138
1885
836
97
-637
-1558
-2462
-3215
-4156
-5574
-7175
-8354
-8835
-8811
-8419
-7468
-5927
-4205
-2756
-1638
-537
643
1672
2463
3226
4135
5040
5567
5590
5248
4612
3659
2474
1355
613
207
-135
-482
-733
-945
-1333
-1989
-2671
-3095
-3222
-3076
-2613
-1844
-1006
-517
-590
-969
-1293
-1484
-1609
-1592
-1282
-814
-611
-878
-1369
-1844
-2657
-4331
-6612
-8468
-9165
-9060
-8822
-8375
-7355
-6038
-5204
-4993
-4539
-3183
-1365
125
1408
3302
5923
8265
9498
9965
10367
10613
10169
9245
8773
9082
9296
8536
7104
5848
4824
3292
1088
-951
-2170
-2933
-3819
-4576
-4552
-3940
-3721
-4289
-4874
-4629
-3707
-2738
-1724
-167
1875
3611
4566
5169
5953
6669
6719
6211
5925
6191
6446
6072
5191
4219
3072
1404
-579
-2165
-3053
-3683
-4474
-5231
-5649
-5955
-6626
-7593
-8238
-8199
-7621
-6746
-5368
-3402
-1329
255
1237
2013
2830
3528
3943
4267
4715
5133
5156
4700
3986
3112
1945
501
-822
-1628
-1952
-2108
-2241
-2295
-2318
-2513
-2864
-3028
-2791
-2293
-1737
-1082
-281
371
530
285
0
-196
-493
-874
-996
-759
-578
-879
-1538
-2187
-3058
-4780
-7221
-9323
-10196
-10155
-10003
-9721
-8790
-7367
-6311
-5933
-5364
-3788
-1670
104
1600
3695
6543
9052
10329
10807
11302
11710
11333
10301
9691
9894
9935
8893
7155
5641
4336
2476
-16
-2132
-3249
-3915
-4762
-5444
-5272
-4533
-4268
-4751
-5053
-4388
-3087
-1875
-674
1113
3339
5077
5905
6419
7160
7787
7693
7087
6735
6849
6753
5933
4662
3393
2062
282
-1751
-3342
-4256
-4944
-5906
-7182
-8363
-9284
-10026
-10385
-10023
-8835
-7159
-5366
-3421
-1280
811
2584
3985
5201
6327
7206
7743
8009
7979
7435
6246
4660
3064
1574
143
-1176
-2236
-2980
-3539
-4024
-4428
-4662
-4792
-4911
-4848
-4294
-3154
-1758
-492
475
1026
1107
922
762
785
876
952
1005
966
674
-23
-979
-2123
-3937
-6614
-9423
-11189
-11534
-11309
-11116
-10637
-9619
-8511
-7888
-7329
-5822
-3417
-1078
806
2886
5761
8739
10642
11385
11756
12125
12080
11404
10747
10680
10610
9527
7479
5485
4010
2393
95
-2219
-3631
-4358
-5158
-5997
-6139
-5524
-5139
-5426
-5501
-4442
-2515
-643
985
2856
4927
6511
7285
7806
8607
9317
9322
8754
8252
7982
7331
5859
3930
2007
80
-1958
-3793
-4962
-5631
-6405
-7401
-8265
-8862
-9441
-9991
-10028
-9198
-7729
-5982
-3945
-1626
551
2158
3255
4256
5350
6240
6779
7106
7241
6986
6095
4723
3312
1916
342
-1364
-2765
-3526
-3868
-4136
-4285
-4186
-4032
-4064
-4045
-3463
-2247
-875
293
1346
2276
2808
2715
2215
1739
1327
856
436
235
181
-105
-795
-1674
-2848
-4818
-7652
-10464
-12133
-12555
-12471
-12157
-11258
-9807
-8553
-7862
-6991
-5094
-2492
-95
2061
4695
7878
10606
11989
12364
12583
12712
12303
11394
10710
10486
9826
7986
5478
3254
1432
-686
-3189
-5142
-6011
-6363
-6803
-7067
-6604
-5741
-5290
-5090
-4171
-2192
176
2262
4163
6148
7876
8815
9187
9598
10118
10285
9814
9094
8529
7790
6330
4183
1843
-402
-2638
-4737
-6206
-6957
-7507
-8287
-9084
-9529
-9714
-9863
-9749
-8942
-7435
-5579
-3499
-1102
1358
3321
4527
5307
6106
6889
7367
7455
7226
6607
5411
3706
1934
421
-946
-2381
-3714
-4598
-4996
-5165
-5263
-5084
-4576
-4011
-3497
-2726
-1428
152
1515
2543
3418
4024
4090
3645
3135
2796
2371
1698
995
423
-255
-1251
-2348
-3425
-4996
-7578
-10591
-12674
-13256
-13028
-12724
-12103
-10790
-9272
-8182
-7180
-5359
-2611
157
2471
4902
7896
10847
12683
13216
13164
12985
12459
11488
10589
10114
9447
7685
4917
2186
22
-2059
-4357
-6284
-7251
-7588
-7917
-8006
-7308
-6167
-5422
-5054
-4064
-1892
842
3363
5623
7765
9428
10202
10369
10548
10857
10811
10088
9071
8172
7221
5731
3569
1100
-1308
-3570
-5528
-6831
-7408
-7777
-8446
-9229
-9617
-9545
-9304
-8827
-7710
-5940
-3918
-1875
321
2609
4375
5307
5814
6420
7143
7572
7547
7163
6269
4646
2493
352
-1436
-2953
-4319
-5366
-5861
-5935
-5868
-5746
-5464
-4862
-4017
-3024
-1769
-273
1303
2722
3838
4725
5287
5309
4778
3908
3032
2165
1227
394
-311
-1081
-2106
-3291
-4501
-6263
-8963
-11822
-13576
-13793
-13282
-12676
-11512
-9659
-7911
-6816
-5758
-3702
-820
1877
4262
6945
9958
12467
13648
13719
13328
12647
11561
10260
9274
8632
7563
5434
2585
-54
-2174
-4264
-6388
-7865
-8265
-8112
-8035
-7702
-6589
-5179
-4258
-3523
-1952
697
3539
5933
8056
9944
11061
11138
10763
10572
10410
9753
8589
7309
6015
4382
2250
-130
-2414
-4470
-6249
-7472
-7932
-7929
-8002
-8335
-8554
-8302
-7737
-7083
-6074
-4420
-2347
-332
1504
3364
5051
6013
6226
6272
6478
6574
6203
5426
4466
3162
1310
-736
-2424
-3602
-4563
-5424
-5881
-5699
-5187
-4721
-4207
-3398
-2291
-1146
-71
1104
2382
3469
4160
4567
4880
5038
4772
4016
3014
1908
730
-398
-1340
-2146
-2996
-3966
-4917
-5961
-7643
-10072
-12441
-13682
-13539
-12716
-11578
-9790
-7510
-5567
-4305
-2985
-746
1982
4298
6323
8606
10990
12573
12784
12094
11072
9721
8025
6335
5167
4457
3403
1449
-962
-2949
-4305
-5456
-6432
-6605
-5717
-4504
-3588
-2522
-830
965
2039
2673
3986
6091
7995
9162
9879
10296
9941
8593
6955
5623
4415
2914
1166
-377
-1609
-2752
-4000
-5324
-6509
-7296
-7478
-6981
-5888
-4403
-2956
-1926
-1164
-271
824
1772
2297
2593
2832
2921
2849
2706
2520
2065
1145
74
-770
-1338
-1799
-2312
-2801
-3234
-3645
-3800
-3540
-2995
-2409
-1841
-1078
-71
983
1958
2834
3553
4050
4360
4571
4694
4648
4377
3921
3343
2693
1932
943
-275
-1585
-2883
-4086
-5058
-5604
-5763
-5799
-5767
-5564
-5523
-6537
-8804
-11029
-11770
-11023
-9791
-8404
-6375
-4011
-2420
-1834
-1163
474
2456
3929
5229
7012
8898
9769
9144
7669
6029
4283
2446
1011
547
707
405
-825
-2279
-3027
-3102
-3090
-2857
-1742
198
2040
3311
4556
6022
6992
6993
6709
7125
8045
8550
8414
7990
7270
5817
3701
1705
322
-721
-1829
-2896
-3548
-3773
-3893
-4118
-4357
-4348
-4015
-3372
-2306
-839
710
1818
2199
2219
2241
2227
1992
1346
400
-643
-1750
-2704
-3351
-3795
-4184
-4663
-4976
-4725
-4019
-3162
-2401
-1737
-1024
-366
298
1107
1946
2575
2806
2853
3032
3334
3630
3764
3707
3499
3143
2793
2481
2060
1488
886
502
404
375
192
-327
-1248
-2394
-3500
-4316
-4606
-4407
-3961
-3393
-2602
-1627
-1380
-3085
-6411
-9403
-10518
-10116
-9376
-8254
-6312
-4520
-4124
-4646
-4379
-2774
-1079
97
1742
4403
7006
8140
7624
6364
4890
3280
2007
1682
2327
2998
2593
1202
-107
-726
-1074
-1580
-1625
-405
1542
3074
4090
5182
6184
6179
5241
4777
5566
6763
7320
7297
7062
6380
4870
2984
1546
659
-154
-1072
-1703
-1744
-1525
-1614
-2198
-2899
-3221
-3053
-2484
-1532
-285
781
1054
546
-49
-246
-274
-549
-1189
-1986
-2819
-3692
-4356
-4668
-4788
-4864
-4819
-4325
-3247
-1960
-836
-2
565
1023
1526
2174
2954
3548
3666
3407
3053
2788
2592
2349
2089
1855
1572
1313
1172
1132
1076
797
412
305
636
1203
1525
1278
560
-397
-1302
-2005
-2535
-2796
-2804
-2739
-2591
-2253
-1801
-2104
-4164
-7403
-10009
-10737
-10127
-9394
-8548
-7148
-5795
-5312
-5333
-4601
-2761
-850
595
2276
4671
6997
7964
7269
5825
4473
3421
2692
2439
2676
2804
2127
740
-508
-1051
-1209
-1406
-1265
-148
1720
3372
4378
5066
5520
5488
5158
5319
6300
7389
7795
7513
6894
5965
4600
3042
1717
729
-95
-800
-1254
-1507
-1769
-2195
-2743
-3138
-3175
-2779
-2014
-1093
-330
-22
-205
-534
-686
-717
-831
-1038
-1380
-2032
-2955
-3865
-4414
-4708
-4955
-4904
-4329
-3313
-2213
-1262
-384
389
883
1234
1673
2241
2820
3152
3130
2886
2581
2299
2014
1677
1425
1433
1579
1746
1855
1850
1735
1509
1420
1658
2017
2254
2261
1929
1184
110
-991
-1861
-2622
-3323
-3630
-3454
-3129
-2932
-2790
-2758
-3604
-5873
-8609
-10232
-10258
-9543
-8859
-7907
-6470
-5279
-4875
-4629
-3560
-1740
-11
1496
3401
5634
7122
7094
6002
4818
3947
3150
2397
2001
1945
1710
857
-320
-1056
-1249
-1388
-1421
-633
1231
3221
4351
4927
5657
6391
6599
6526
6971
7873
8341
7998
7324
6651
5561
3770
1828
398
-496
-1241
-1921
-2342
-2590
-2941
-3418
-3718
-3563
-3036
-2409
-1796
-1139
-527
-250
-362
-569
-654
-692
-759
-751
-793
-1311
-2391
-3573
-4388
-4843
-5071
-4858
-4084
-3078
-2179
-1403
-661
-66
308
717
1372
2188
2974
3550
3704
3333
2677
2112
1720
1439
1351
1574
1890
1990
1990
2122
2272
2197
1984
1946
2077
2088
1969
1798
1332
371
-933
-2191
-3172
-3936
-4354
-4249
-3826
-3445
-3259
-3027
-2515
-2327
-3425
-5775
-8021
-8790
-8307
-7789
-7454
-6625
-5454
-4990
-5347
-5126
-3550
-1675
-530
541
2522
4735
5725
5297
4486
3884
3092
2127
1759
2268
2933
2750
1668
673
382
442
527
981
2232
3779
4751
5220
5868
6713
6987
6519
6189
6569
7060
6880
6199
5441
4395
2799
1084
-20
-520
-993
-1648
-2182
-2340
-2315
-2480
-2799
-2976
-2838
-2422
-1875
-1202
-430
172
185
-344
-768
-840
-880
-1063
-1415
-1839
-2383
-3167
-3803
-4117
-4246
-4094
-3770
-3225
-2280
-1301
-502
-1
218
662
1367
2029
2626
3051
3246
3129
2589
2086
1914
1792
1563
1396
1514
1812
1879
1648
1387
1111
799
542
523
738
917
780
401
-23
-571
-1275
-2010
-2648
-3131
-3348
-3113
-2516
-1908
-1534
-1400
-1245
-1308
-2220
-4063
-6120
-7318
-7569
-7690
-7824
-7525
-6726
-6256
-6588
-6733
-5842
-4249
-2719
-1263
728
2971
4417
4795
4685
4517
4159
3588
3370
3871
4652
5006
4656
3902
3156
2526
1919
1601
2037
3032
3892
4309
4653
5087
5157
4590
3893
3769
4142
4478
4608
4674
4496
3666
2398
1396
936
684
343
-21
-269
-505
-926
-1545
-2161
-2602
-2868
-2898
-2624
-2164
-1819
-1871
-2272
-2675
-2820
-2672
-2322
-1929
-1640
-1606
-1806
-2009
-2134
-2241
-2311
-2180
-1775
-1252
-697
-132
373
692
750
758
984
1373
1781
2086
2194
2092
1798
1481
1312
1285
1370
1493
1533
1550
1655
1766
1678
1409
1100
864
751
729
838
944
759
307
-312
-968
-1516
-1982
-2238
-2328
-2426
-2469
-2390
-2274
-2288
-2507
-2764
-3071
-3744
-4821
-5931
-6554
-6833
-7234
-7682
-7700
-7099
-6515
-6395
-6125
-5115
-3605
-2299
-1314
33
1762
3082
3693
4025
4524
4928
4804
4602
4866
5407
5600
5207
4692
4446
4266
3804
3169
2812
2836
2873
2740
2761
3215
3609
3394
2887
2752
3064
3372
3512
3841
4397
4614
4271
3736
3324
2783
1908
1054
664
573
283
-248
-830
-1429
-2229
-3197
-3939
-4192
-4139
-4099
-4098
-3961
-3653
-3420
-3402
-3328
-2972
-2451
-1984
-1575
-1064
-565
-366
-461
-540
-468
-314
-127
81
252
277
135
-15
-75
-27
43
18
-85
-104
53
256
403
510
669
846
993
1248
1634
1978
2111
2093
2126
2240
2316
2249
2085
1848
1522
1150
829
563
208
-323
-931
-1457
-1861
-2187
-2422
-2561
-2676
-2812
-2906
-2883
-2749
-2594
-2534
-2638
-2898
-3257
-3642
-4023
-4305
-4400
-4392
-4492
-4713
-4814
-4642
-4309
-4066
-3977
-3890
-3689
-3327
-2749
-1916
-1005
-219
398
1003
1727
2507
3250
3882
4373
4787
5182
5638
6064
6318
6342
6149
5914
5729
5622
5583
5532
5413
5239
5042
4857
4647
4325
3833
3256
2742
2370
2156
2065
1989
1793
1435
1014
690
457
286
152
0
-216
-514
-804
-1038
-1309
-1686
-2160
-2588
-2863
-2973
-2984
-3034
-3220
-3543
-3856
-4096
-4214
-4166
-4001
-3831
-3686
-3503
-3194
-2771
-2321
-1890
-1478
-1080
-688
-267
166
580
895
1045
1099
1135
1169
1219
1213
1129
1039
985
999
1089
1222
1301
1258
1138
1043
1039
1075
1056
941
742
572
484
448
438
361
207
64
-45
-84
-43
16
-12
-252
-630
-953
-1182
-1401
-1728
-2276
-3074
-4033
-4957
-5640
-6020
-6225
-6413
-6627
-6712
-6469
-5900
-5192
-4526
-3969
-3448
-2846
-2021
-911
294
1254
1823
2213
2656
3161
3633
4012
4276
4402
4431
4552
4852
5149
5199
4959
4662
4569
4715
4949
5096
5070
4876
4578
4323
4270
4424
4569
4506
4303
4164
4102
3952
3647
3259
2857
2410
1947
1606
1380
1093
593
-63
-664
-1147
-1566
-2021
-2519
-2964
-3310
-3543
-3709
-3800
-3816
-3857
-3982
-4155
-4275
-4308
-4339
-4388
-4361
-4171
-3855
-3521
-3259
-3046
-2835
-2595
-2317
-2008
-1632
-1196
-790
-517
-344
-138
106
317
444
641
974
1337
1647
1885
2110
2271
2296
2269
2321
2443
2491
2401
2251
2138
2041
1826
1480
1110
824
629
484
396
360
222
-112
-511
-790
-897
-1011
-1279
-1653
-2028
-2321
-2512
-2655
-2854
-3278
-3947
-4648
-5142
-5299
-5199
-5016
-4905
-4891
-4811
-4501
-4054
-3617
-3248
-2915
-2534
-2056
-1376
-577
51
399
663
1116
1813
2590
3301
3843
4138
4308
4572
5017
5436
5576
5462
5303
5271
5376
5531
5592
5473
5229
5016
4932
4952
4997
4923
4677
4368
4191
4160
4100
3869
3498
3059
2564
2046
1580
1178
743
230
-327
-839
-1274
-1662
-2047
-2427
-2780
-3107
-3399
-3640
-3784
-3850
-3950
-4169
-4460
-4686
-4797
-4829
-4799
-4735
-4713
-4744
-4710
-4494
-4111
-3704
-3364
-3078
-2756
-2297
-1719
-1107
-575
-193
60
242
506
919
1357
1623
1668
1696
1833
2005
2098
2109
2097
2045
2000
2045
2199
2327
2269
2041
1768
1594
1512
1402
1220
997
782
553
297
79
-93
-332
-661
-968
-1123
-1179
-1294
-1479
-1650
-1784
-1959
-2215
-2514
-2880
-3368
-3928
-4417
-4723
-4894
-5063
-5286
-5465
-5461
-5265
-4950
-4552
-4036
-3409
-2719
-1979
-1158
-313
399
955
1520
2215
2930
3498
3933
4325
4663
4937
5200
5484
5715
5790
5776
5833
5993
6156
6190
6104
6023
6014
6025
5951
5807
5653
5438
5108
4713
4385
4107
3706
3181
2661
2192
1684
1072
476
-4
-415
-819
-1230
-1645
-2075
-2515
-2916
-3277
-3625
-3969
-4301
-4569
-4741
-4804
-4820
-4904
-5078
-5256
-5339
-5305
-5178
-5002
-4833
-4696
-4517
-4202
-3778
-3358
-2993
-2656
-2278
-1818
-1302
-805
-440
-231
-75
129
414
733
1005
1196
1330
1484
1686
1908
2086
2188
2239
2291
2413
2599
2773
2855
2824
2728
2616
2486
2328
2127
1888
1628
1377
1167
975
753
479
157
-188
-556
-929
-1270
-1554
-1770
-1983
-2222
-2475
-2704
-2892
-3062
-3230
-3449
-3746
-4104
-4444
-4647
-4676
-4603
-4577
-4606
-4569
-4326
-3881
-3344
-2810
-2315
-1824
-1262
-560
262
1051
1653
2052
2417
2884
3441
3985
4445
4801
5069
5318
5582
5844
6021
6056
5991
5905
5880
5894
5857
5713
5483
5214
4917
4611
4363
4190
4004
3756
3489
3259
2994
2631
2232
1872
1521
1108
659
233
-168
-609
-1104
-1624
-2143
-2653
-3147
-3572
-3902
-4157
-4407
-4655
-4844
-4917
-4930
-4986
-5087
-5169
-5173
-5107
-4976
-4785
-4600
-4513
-4498
-4410
-4144
-3771
-3414
-3122
-2818
-2426
-1983
-1529
-1087
-685
-339
-29
301
718
1181
1552
1753
1847
1960
2146
2353
2555
2735
2868
2945
3009
3128
3284
3372
3312
3118
2893
2710
2545
2359
2123
1849
1535
1200
908
690
492
208
-167
-549
-854
-1082
-1277
-1448
-1619
-1835
-2098
-2328
-2461
-2547
-2673
-2869
-3117
-3418
-3755
-4060
-4267
-4386
-4470
-4524
-4493
-4318
-3965
-3486
-2990
-2574
-2222
-1829
-1298
-596
221
1010
1616
2019
2377
2834
3366
3835
4146
4343
4502
4698
4965
5267
5462
5430
5221
5024
4998
5103
5201
5197
5118
5021
4921
4837
4769
4673
4458
4139
3831
3595
3350
2965
2448
1884
1334
786
248
-259
-753
-1258
-1777
-2266
-2723
-3190
-3695
-4177
-4546
-4769
-4905
-5021
-5110
-5146
-5128
-5086
-5027
-4950
-4855
-4740
-4582
-4360
-4110
-3898
-3760
-3640
-3482
-3274
-3054
-2823
-2551
-2226
-1852
-1463
-1072
-711
-406
-140
151
517
921
1286
1563
1782
1991
2188
2370
2541
2697
2847
2986
3126
3270
3360
3342
3238
3118
2995
2855
2691
2534
2394
2251
2072
1850
1592
1300
998
717
488
286
53
-222
-503
-753
-992
-1245
-1511
-1748
-1931
-2072
-2191
-2308
-2443
-2632
-2867
-3110
-3360
-3641
-3954
-4224
-4396
-4444
-4381
-4247
-4085
-3915
-3674
-3294
-2773
-2192
-1611
-1024
-418
204
816
1402
1917
2333
2693
3074
3518
3986
4406
4723
4951
5123
5248
5320
5342
5321
5257
5168
5093
5036
4974
4864
4695
4466
4190
3919
3685
3488
3268
3003
2700
2360
1973
1541
1114
687
225
-268
-718
-1108
-1488
-1887
-2298
-2698
-3109
-3513
-3874
-4161
-4389
-4576
-4712
-4790
-4823
-4826
-4813
-4805
-4785
-4729
-4624
-4490
-4312
-4084
-3834
-3612
-3423
-3226
-3012
-2784
-2542
-2274
-1983
-1670
-1349
-1010
-650
-282
76
394
685
984
1333
1710
2079
2413
2717
2980
3191
3375
3559
3729
3839
3897
3939
3975
3973
3909
3777
3567
3288
2977
2688
2422
2156
1879
1592
1291
951
572
177
-215
-588
-921
-1203
-1455
-1691
-1914
-2114
-2287
-2449
-2602
-2727
-2793
-2797
-2763
-2724
-2733
-2824
-2977
-3156
-3347
-3548
-3728
-3850
-3868
-3771
-3585
-3353
-3121
-2880
-2584
-2154
-1611
-1037
-484
46
579
1125
1683
2217
2670
3010
3281
3567
3894
4221
4479
4634
4691
4689
4683
4702
4736
4738
4687
4617
4553
4482
4364
4194
3975
3717
3462
3230
3029
2815
2548
2220
1844
1422
938
438
-57
-530
-988
-1424
-1805
-2168
-2533
-2901
-3255
-3597
-3920
-4189
-4357
-4433
-4451
-4444
-4418
-4379
-4324
-4229
-4099
-3953
-3822
-3691
-3526
-3313
-3073
-2832
-2614
-2430
-2245
-2018
-1743
-1449
-1161
-894
-632
-354
-52
264
561
809
1035
1293
1596
1920
2219
2467
2650
2781
2883
2979
3063
3112
3126
3130
3137
3141
3117
3050
2925
2748
2536
2308
2085
1870
1657
1442
1209
942
639
324
15
-256
-482
-680
-884
-1104
-1325
-1521
-1712
-1899
-2089
-2268
-2401
-2478
-2489
-2449
-2397
-2377
-2397
-2436
-2451
-2425
-2377
-2325
-2285
-2296
-2384
-2524
-2648
-2696
-2666
-2582
-2448
-2244
-1965
-1618
-1199
-749
-325
46
409
837
1335
1841
2276
2588
2786
2924
3070
3224
3359
3446
3495
3534
3583
3644
3692
3687
3593
3451
3338
3283
3252
3190
3090
2962
2800
2608
2399
2176
1935
1673
1410
1158
909
629
321
16
-273
-556
-864
-1193
-1525
-1835
-2098
-2323
-2527
-2725
-2924
-3096
-3212
-3250
-3227
-3184
-3133
-3056
-2935
-2785
-2637
-2515
-2409
-2299
-2169
-2024
-1877
-1739
-1614
-1493
-1370
-1234
-1091
-945
-803
-652
-459
-238
-24
178
388
615
844
1045
1220
1382
1541
1704
1889
2082
2233
2316
2341
2361
2383
2390
2345
2233
2075
1920
1794
1677
1524
1297
1002
686
408
204
57
-92
-282
-490
-642
-722
-769
-845
-953
-1074
-1181
-1236
-1242
-1242
-1303
-1435
-1591
-1686
-1710
-1704
-1719
-1772
-1820
-1826
-1778
-1703
-1640
-1622
-1618
-1586
-1512
-1413
-1354
-1373
-1449
-1512
-1502
-1413
-1277
-1122
-956
-757
-503
-207
101
391
647
893
1154
1443
1737
1992
2183
2314
2419
2505
2577
2639
2701
2764
2809
2846
2870
2867
2830
2769
2683
2591
2511
2453
2402
2325
2204
2050
1888
1746
1643
1552
1430
1244
1016
783
566
348
96
-193
-502
-778
-981
-1123
-1251
-1416
-1626
-1830
-1973
-2030
-2029
-2029
-2054
-2103
-2133
-2115
-2064
-2008
-1971
-1952
-1937
-1896
-1815
-1718
-1633
-1574
-1541
-1512
-1461
-1382
-1290
-1209
-1139
-1080
-1014
-921
-793
-638
-475
-326
-202
-75
80
265
447
605
737
846
943
1032
1122
1194
1220
1203
1172
1162
1163
1144
1106
1046
966
872
773
679
579
471
359
265
194
137
78
-3
-100
-187
-257
-318
-388
-458
-514
-568
-641
-733
-832
-940
-1049
-1136
-1175
-1177
-1178
-1182
-1168
-1116
-1044
-971
-907
-831
-724
-593
-460
-365
-348
-411
-509
-565
-532
-449
-368
-310
-231
-94
99
302
468
591
689
803
951
1120
1263
1340
1346
1343
1379
1442
1506
1557
1606
1660
1724
1798
1882
1950
1988
2010
2044
2093
2117
2099
2052
1988
1905
1803
1687
1553
1400
1235
1065
890
696
467
230
8
-195
-379
-552
-711
-855
-976
-1059
-1111
-1164
-1224
-1279
-1316
-1325
-1327
-1339
-1376
-1448
-1537
-1611
-1657
-1683
-1710
-1740
-1754
-1745
-1711
-1668
-1637
-1622
-1594
-1530
-1433
-1328
-1233
-1159
-1100
-1036
-955
-865
-786
-725
-646
-527
-370
-212
-82
26
126
232
364
506
627
717
779
827
875
916
935
921
882
846
833
850
876
882
855
813
770
736
711
689
660
607
542
487
436
364
270
156
33
-84
-182
-273
-366
-470
-590
-708
-811
-891
-941
-972
-979
-959
-913
-849
-787
-742
-720
-713
-716
-735
-754
-764
-763
-762
-766
-754
-726
-689
-626
-520
-374
-206
-43
119
291
476
663
834
980
1097
1195
1285
1378
1476
1561
1630
1680
1732
1809
1894
1976
2039
2086
2127
2152
2164
2146
2099
2027
1937
1852
1768
1680
1579
1466
1345
1214
1072
922
762
599
449
315
174
14
-168
-365
-560
-746
-935
-1127
-1323
-1518
-1690
-1825
-1927
-2026
-2142
-2255
-2346
-2400
-2425
-2427
-2416
-2398
-2359
-2294
-2210
-2113
-2014
-1912
-1806
-1683
-1549
-1413
-1281
-1164
-1052
-925
-790
-665
-545
-424
-297
-160
-17
136
283
409
520
631
757
881
979
1055
1127
1194
1251
1299
1317
1304
1254
1188
1133
1090
1048
994
929
860
804
762
717
661
587
511
451
412
382
337
260
142
12
-106
-201
-286
-380
-484
-587
-670
-725
-771
-817
-869
-919
-949
-945
-917
-891
-887
-903
-916
-910
-885
-848
-803
-746
-668
-578
-475
-369
-259
-156
-55
47
151
254
347
436
524
610
677
740
802
883
982
1088
1196
1299
1397
1494
1588
1682
1764
1830
1886
1939
1984
2015
2022
2001
1954
1893
1818
1720
1602
1466
1321
1170
1016
845
659
471
286
111
-58
-213
-369
-526
-672
-803
-926
-1051
-1180
-1311
-1429
-1537
-1635
-1725
-1811
-1895
-1975
-2035
-2070
-2088
-2096
-2088
-2068
-2029
-1970
-1900
-1823
-1750
-1680
-1608
-1520
-1416
-1307
-1199
-1087
-970
-850
-718
-573
-427
-281
-141
-10
121
260
396
518
631
731
814
885
952
1013
1063
1097
1117
1130
1141
1154
1153
1135
1106
1074
1048
1024
993
949
895
837
780
722
662
581
487
397
321
259
198
124
35
-50
-122
-177
-221
-270
-324
-379
-427
-469
-510
-564
-633
-704
-763
-807
-841
-866
-875
-869
-854
-827
-794
-766
-739
-701
-644
-572
-505
-445
-391
-330
-263
-188
-106
-28
52
138
248
376
502
611
703
787
877
987
1100
1199
1275
1333
1386
1440
1492
1529
1547
1548
1542
1546
1553
1545
1509
1442
1358
1264
1169
1070
958
834
702
577
455
332
205
78
-44
-156
-257
-353
-453
-556
-669
-780
-885
-989
-1092
-1192
-1282
-1366
-1441
-1506
-1558
-1598
-1618
-1626
-1613
-1584
-1543
-1487
-1418
-1339
-1259
-1182
-1106
-1031
-952
-869
-788
-714
-645
-579
-516
-443
-357
-261
-168
-75
22
120
224
325
415
502
579
645
706
762
803
832
846
858
870
880
892
897
893
875
842
794
733
663
573
477
379
271
159
48
-61
-163
-253
-337
-409
-462
-496
-514
-524
-540
-566
-596
-630
-655
-682
-711
-737
-767
-795
-814
-828
-831
-822
-796
-753
-694
-614
-517
-408
-298
-186
-86
4
91
182
280
380
468
537
598
664
737
809
872
922
963
1010
1070
1135
1189
1219
1232
1234
1245
1255
1258
1243
1218
1189
1166
1142
1107
1055
993
939
889
846
801
749
687
624
563
497
421
322
220
118
16
-86
-190
-300
-422
-538
-643
-730
-811
-888
-957
-1011
-1045
-1063
-1076
-1091
-1112
-1137
-1147
-1145
-1142
-1142
-1145
-1144
-1130
-1104
-1068
-1028
-987
-935
-872
-794
-707
-612
-522
-434
-351
-272
-197
-132
-73
-21
28
75
117
156
190
221
253
285
311
334
358
385
413
434
439
422
401
378
351
326
289
238
186
138
99
64
23
-32
-87
-132
-154
-163
-175
-201
-245
-292
-329
-353
-376
-400
-428
-450
-460
-461
-461
-464
-472
-476
-462
-427
-380
-332
-281
-226
-166
-106
-36
31
96
162
227
289
354
409
463
517
572
624
674
727
778
836
893
940
973
995
1015
1033
1044
1046
1032
1008
978
940
896
850
800
748
693
640
587
538
490
438
381
322
275
231
191
149
97
38
-25
-84
-135
-182
-231
-281
-325
-361
-389
-409
-427
-443
-462
-479
-489
-494
-493
-490
-492
-505
-515
-521
-522
-524
-527
-535
-546
-550
-547
-536
-524
-517
-516
-514
-503
-484
-462
-442
-422
-405
-388
-371
-352
-334
-319
-304
-290
-274
-256
-241
-229
-219
-212
-208
-204
-199
-192
-178
-163
-148
-139
-136
-140
-139
-136
-133
-131
-137
-150
-163
-173
-176
-181
-189
-194
-192
-179
-150
-113
-80
-52
-29
-6
26
68
110
139
158
170
182
199
212
216
217
222
231
254
288
324
352
377
401
427
454
478
493
502
506
509
509
505
499
480
468
467
469
474
480
489
502
517
529
534
542
539
527
514
492
458
419
375
326
270
217
170
130
95
69
48
23
6
-5
-6
-3
-7
-20
-41
-60
-81
-99
-123
-157
-192
-219
-227
-227
-221
-217
-212
-198
-176
-147
-124
-109
-106
-106
-105
-101
-106
-125
-152
-175
-197
-210
-222
-237
-254
-266
-272
-274
-276
-288
-302
-316
-320
-322
-327
-336
-353
-373
-389
-405
-425
-446
-463
-477
-487
-494
-499
-502
-502
-497
-483
-465
-438
-412
-389
-368
-347
-333
-318
-307
-297
-281
-264
-245
-222
-200
-171
-136
-97
-52
-10
38
85
136
187
231
268
296
317
331
348
364
382
397
411
432
447
465
480
495
509
522
539
551
559
556
550
538
524
503
468
439
409
379
354
329
301
272
252
233
222
205
183
158
129
99
69
37
1
-42
-81
-113
-134
-155
-175
-189
-199
-205
-211
-213
-217
-221
-225
-231
-237
-241
-240
