-18
-20
-19
-17
-17
-16
-16
-16
-15
-15
-14
-14
-12
-12
-8
-7
-7
-5
-5
-3
1
4
5
8
8
9
10
9
8
7
6
5
5
6
5
5
4
6
6
7
8
8
7
9
6
5
4
4
2
1
1
1
2
4
5
7
9
10
12
13
13
13
14
14
14
11
9
8
4
1
-1
-2
-4
-4
-2
-4
-5
-5
-5
-6
-7
-8
-10
-12
-14
-14
-14
-14
-15
-16
-13
-13
-12
-12
-11
-10
-11
-11
-12
-10
-9
-9
-9
-7
-8
-9
-8
-8
-11
-13
-14
-15
-18
-18
-18
-17
-18
-15
-15
-12
-9
-5
-1
2
6
10
11
14
13
11
11
10
9
7
9
6
7
7
7
8
9
11
11
12
13
14
18
19
22
22
23
24
24
22
21
20
20
17
17
16
15
14
12
11
9
8
7
9
8
5
3
3
0
-1
-2
-4
-5
-6
-7
-7
-8
-8
-9
-8
-9
-10
-8
-7
-7
-7
-5
-4
-4
-4
-5
-5
-6
-5
-5
-6
-6
-5
-5
-5
-5
-7
-8
-7
-9
-10
-11
-11
-11
-9
-8
-6
-6
-4
-3
-3
-2
-1
-3
-2
0
-1
0
2
-2
-2
0
0
1
1
-1
-3
-6
-6
-8
-11
-9
-10
-9
-6
-3
0
2
4
3
4
4
5
3
2
1
2
1
2
3
3
4
4
4
5
5
6
5
6
4
4
4
3
2
2
2
3
3
3
3
1
1
0
-2
-3
-4
-5
-4
-5
-6
-7
-4
-5
-7
-5
-4
-2
0
0
1
0
-1
-3
-3
-6
-6
-6
-6
-4
-2
-1
0
2
2
3
3
2
2
3
2
3
2
4
1
3
3
3
4
3
2
2
5
6
7
8
9
10
11
10
9
9
8
8
7
8
7
6
6
6
6
5
5
6
6
8
9
9
10
8
7
6
4
3
2
2
3
1
0
0
-2
-5
-4
-5
-4
-4
-3
-2
0
0
0
0
-3
-3
-5
-5
-5
-5
-3
-2
-3
-3
-5
-3
-7
-9
-11
-12
-13
-14
-15
-14
-14
-12
-9
-6
-4
-1
0
0
-1
-3
-4
-5
-3
-2
-1
-1
1
1
0
0
-1
0
1
-1
-3
-2
-4
-4
-5
-7
-7
-7
-7
-6
-5
-3
-2
-1
1
0
0
-1
-2
0
0
0
2
3
2
2
3
6
7
7
7
4
4
4
4
4
2
0
-1
1
1
1
2
2
3
1
4
5
6
3
4
5
5
5
6
6
4
6
4
4
5
2
1
1
0
-1
-2
-1
-2
-4
-2
-2
0
0
1
2
1
1
1
1
0
-1
-2
-1
-2
-5
-5
-5
-6
-6
-6
-6
-5
-5
-5
-4
-3
-1
1
2
3
4
5
4
3
1
2
2
2
1
1
-1
1
1
-1
-1
-2
-3
-3
-3
-4
-4
-5
-4
-5
-6
-5
-4
-4
-3
-3
-2
0
3
3
4
5
5
5
6
6
6
6
7
8
8
8
8
7
7
5
6
6
7
7
6
6
5
1
2
2
1
0
0
-1
-3
-4
-5
-6
-6
-5
-4
-5
-5
-5
-5
-4
-3
-3
-3
-3
-1
-2
-1
-2
-2
0
-1
0
-1
0
-2
-2
-2
-3
-2
-1
0
1
0
-1
-1
-1
-1
-2
-3
-2
-2
-2
-1
-2
-2
-3
-1
0
1
1
1
2
1
0
1
1
2
2
1
2
4
4
5
3
2
2
2
2
0
0
1
1
0
0
-1
0
-1
-3
-4
-4
-5
-5
-4
-2
-1
0
1
1
2
3
3
4
3
4
4
4
4
3
2
0
0
0
-3
-3
-3
-2
-1
0
1
1
2
2
1
1
3
2
3
3
3
1
0
-1
-2
-3
-5
-7
-7
-7
-7
-7
-8
-8
-7
-5
-4
-3
0
1
1
1
2
3
4
7
7
7
6
6
4
2
1
2
1
0
1
2
2
2
2
2
1
1
0
-1
-1
-3
-5
-6
-7
-7
-7
-6
-6
-3
-2
-1
-1
-1
-2
0
1
1
1
1
1
1
2
1
1
-1
-1
0
-1
-2
-3
-3
-2
-2
-2
0
2
3
3
5
7
7
7
9
8
7
8
7
7
4
3
1
-2
-3
-5
-4
-3
-2
-2
-1
-2
-2
-1
-2
-1
0
0
1
2
4
3
4
5
5
3
2
2
0
0
0
1
1
0
0
-1
1
0
-2
-2
-3
-4
-4
-5
-3
-4
-2
-2
-3
-2
-1
0
0
0
2
2
-1
-1
-1
-1
-1
0
1
0
1
-1
1
2
3
3
5
3
3
2
-1
-3
-3
-4
-4
-4
-4
-6
-5
-5
-7
-7
-7
-8
-8
-8
-6
-4
-4
-5
-4
-4
-2
-2
-2
-1
1
1
2
4
4
3
5
5
6
6
8
9
9
8
8
9
7
7
6
5
4
3
2
0
-1
-4
-5
-5
-5
-6
-4
-4
-4
-3
-2
-3
-1
-2
-1
-1
-2
-2
-1
0
0
-1
1
2
2
2
1
1
1
1
1
1
2
2
3
2
3
2
1
1
0
0
1
0
1
2
4
4
4
4
3
2
0
-1
-1
-1
0
1
1
4
3
3
3
3
4
3
3
3
1
4
4
3
3
3
5
5
4
4
5
3
3
1
0
-1
-3
-4
-6
-6
-8
-8
-9
-8
-9
-7
-7
-7
-5
-4
-3
-4
-4
-5
-3
-2
-2
-1
-1
0
-1
1
0
-1
-1
-1
-1
-2
0
0
1
-1
-1
-3
-3
-3
-4
-3
-4
-3
-1
-2
-2
-2
-1
-1
0
0
1
1
2
3
2
-1
-1
-1
-1
-1
0
-1
0
0
3
3
4
4
4
4
3
4
3
3
3
3
2
4
3
1
1
1
0
-1
0
-1
0
1
1
2
3
3
2
3
3
1
1
0
-1
-2
-1
-2
-1
-2
-1
-1
-1
1
0
1
0
-1
-1
-3
-3
-3
-4
-3
-3
-2
-2
1
0
-2
-2
-3
-1
-2
-2
-1
-1
-1
-1
-1
0
-1
0
1
2
1
1
2
2
4
3
4
5
5
4
4
2
-1
-3
-2
-1
-3
-3
0
2
1
3
4
4
5
4
3
1
0
0
-2
-3
-3
-1
-2
-3
-6
-7
-7
-6
-5
-6
-6
-5
-3
-2
-2
-1
-1
-2
0
1
1
2
5
4
2
1
0
0
-1
-2
-2
-1
-1
-2
-2
-4
-3
-4
-3
-3
-4
-2
-2
0
0
0
0
-1
-1
0
1
3
5
5
6
7
7
8
8
9
10
10
10
10
10
10
11
10
10
9
10
7
4
3
3
3
1
-1
-1
-3
-4
-4
-4
-3
-5
-4
-4
-6
-5
-5
-6
-7
-5
-6
-5
-6
-5
-7
-6
-5
-6
-5
-5
-4
-4
-4
-5
-5
-4
-2
-1
-1
-1
0
1
0
1
2
1
0
0
-3
0
-1
-1
3
0
1
0
2
1
0
0
2
2
3
5
6
6
5
5
4
4
3
1
2
1
2
3
4
4
2
-1
-1
0
-2
-1
-1
0
1
1
1
3
3
1
1
0
-1
-2
-2
-1
0
2
3
4
4
1
-2
-4
-5
-7
-6
-5
-5
-4
-6
-7
-8
-7
-6
-4
-3
-4
-4
-4
-3
-3
-2
0
-1
-1
0
1
0
-1
-1
-1
-2
0
-1
1
2
4
3
2
4
4
3
2
0
1
1
2
2
2
2
3
3
3
1
1
1
2
1
1
0
0
0
-2
-2
-3
-1
0
0
-1
-1
0
1
-1
1
1
0
0
-1
-3
-4
-4
-6
-7
-4
-3
-1
1
2
4
2
1
0
0
1
2
2
2
0
2
1
2
2
4
5
2
1
0
0
-1
-1
0
0
-1
2
1
1
2
1
3
2
1
0
0
0
-1
-1
0
1
1
1
1
-1
-1
0
0
-2
-2
-2
-3
-2
-3
-3
-2
1
3
4
5
6
3
1
2
3
1
-1
-2
-3
-3
-5
-3
-1
1
3
5
6
5
6
5
4
3
1
0
-3
-4
-4
-2
0
1
2
3
0
-2
-7
-11
-13
-13
-12
-9
-5
-4
0
4
7
8
9
10
9
7
7
7
5
4
3
4
0
-3
-5
-6
-6
-8
-5
-4
-2
1
2
2
1
0
-1
-1
-2
-1
-2
-4
-3
-3
-2
-1
1
2
4
6
6
4
4
4
4
5
8
7
6
4
4
2
1
1
-1
-1
-1
0
-1
1
3
3
2
2
1
1
0
-1
0
-1
-2
-1
-1
-3
-5
-5
-6
-6
-6
-6
-7
-5
-6
-4
-4
-3
-4
-4
-4
-3
-1
-1
0
-1
-1
-1
0
0
1
3
3
2
0
0
0
-3
-4
-3
-3
-1
1
-1
2
3
3
4
4
4
5
2
-2
-3
-4
-3
-4
-4
-3
-3
-3
-3
-3
-2
-2
-3
-1
-1
1
2
3
1
2
3
4
3
2
3
3
5
5
7
8
9
9
7
5
6
2
-1
-3
-3
-3
-5
-3
-2
-2
-3
-2
-2
-1
0
1
3
4
4
2
1
-2
-5
-4
-4
-4
-3
0
5
7
6
5
2
-2
-3
-4
-3
-2
-3
-1
-1
-1
-1
-3
-1
-3
-3
-3
-3
-3
-3
-1
-1
1
-1
-2
-2
-2
-5
-5
-3
-1
2
7
7
9
10
11
11
8
7
6
5
4
2
1
0
1
2
2
2
2
1
1
-1
-1
-5
-5
-4
-4
-5
-5
-6
-5
-6
-5
-8
-10
-10
-9
-7
-4
1
4
6
5
3
2
-1
-4
-3
0
1
0
2
4
4
4
3
3
1
-2
-6
-7
-4
-4
-2
-1
0
-1
-3
-2
-5
-9
-11
-8
-6
-4
-1
3
4
5
5
5
4
1
-2
-1
1
6
7
7
8
9
8
5
3
1
-1
1
4
7
8
9
11
10
10
6
3
-2
-5
-4
-3
-1
-1
3
6
7
5
1
0
0
-2
-1
2
3
3
-1
-4
-9
-10
-10
-8
-7
-1
4
6
6
5
5
7
5
3
4
3
3
3
1
1
-3
-5
-5
-6
-6
-7
-6
-6
-4
-3
-3
-2
-6
-10
-14
-12
-13
-11
-8
-4
3
5
6
7
7
4
-3
-7
-5
-7
-8
-4
1
4
6
6
6
6
5
3
3
0
-2
0
3
6
3
1
1
-1
-4
-5
-4
-7
-6
-3
3
6
9
12
12
9
3
-1
-3
-6
-7
-5
1
5
7
7
5
1
-4
-6
-7
-7
-4
0
3
4
4
4
2
0
-1
1
2
1
-4
-6
-6
-7
-6
-3
-2
-2
-4
-3
-2
-1
-2
-3
-3
-5
-7
-6
-5
-1
3
4
4
2
0
0
-2
-3
-2
-1
3
6
7
8
7
5
0
-3
-4
-4
-2
3
7
11
11
13
14
11
6
0
-8
-11
-12
-10
-7
-1
3
6
9
8
6
-1
-5
-6
-5
-3
2
5
2
-2
-7
-8
-8
-5
-2
0
0
1
0
2
6
10
11
9
2
-5
-10
-13
-11
-7
-1
6
9
13
14
8
-1
-6
-5
-3
-3
1
7
11
9
7
8
6
-5
-13
-17
-16
-13
-5
3
6
7
6
3
-4
-6
-7
-9
-11
-8
0
8
11
9
9
7
1
-7
-9
-10
-10
-9
-3
8
14
18
16
8
-2
-10
-15
-15
-10
-4
2
3
5
3
-3
-5
-5
-3
-2
-3
-1
-3
-9
-7
-6
-5
-4
0
4
3
4
8
8
5
8
7
2
3
5
8
9
9
10
4
-5
-11
-7
-2
-1
2
3
3
4
1
0
-3
-1
-2
-6
-4
-2
-4
-6
0
10
9
8
11
10
1
-4
-4
1
3
1
1
-2
-2
2
3
0
-3
-1
-3
-4
-4
-3
-1
-1
0
9
19
18
4
-8
-13
-14
-14
-13
-2
8
12
19
20
13
-4
-14
-20
-25
-24
-15
-6
1
7
11
8
-2
-9
-13
-18
-25
-20
-9
7
17
25
22
9
-5
-14
-14
-13
-9
-2
10
19
20
16
12
8
3
-6
-4
2
7
6
7
11
3
-6
-10
-2
-1
-6
-12
-6
-1
-2
-4
-5
-7
-4
0
4
5
2
-5
-11
-11
-7
-5
-2
4
14
22
15
10
2
-1
1
4
13
16
15
7
1
-3
-6
-10
-12
-10
-2
0
-4
-9
-6
1
5
8
6
4
-2
-8
-11
-12
-7
-2
3
6
7
5
2
-1
-2
-5
-3
4
7
5
2
7
8
-2
-10
-10
-8
-14
-19
-14
-4
0
3
10
17
17
10
1
-9
-17
-22
-20
-12
-3
7
18
21
14
3
-6
-14
-15
-9
-3
2
8
11
10
-1
-12
-13
-10
-5
-5
-1
-1
3
7
9
11
14
15
11
7
5
4
-4
-9
-5
7
13
13
16
15
10
2
-3
-7
-10
-13
-12
-6
-2
-1
2
4
4
4
1
-3
-12
-15
-10
0
12
20
16
4
-10
-13
-14
-12
-7
-1
2
6
10
2
-13
-19
-9
-3
-2
-1
-2
-9
-13
-2
15
18
9
5
4
0
-6
-4
-2
2
9
15
19
15
11
11
13
12
6
0
-5
-9
-10
-12
-7
-3
2
5
8
3
-4
-10
-11
-12
-14
-10
2
11
13
18
23
20
7
-6
-12
-7
-4
-5
-4
2
6
5
1
-3
-5
-13
-20
-22
-16
-13
-11
-11
-7
2
7
8
7
0
-9
-18
-17
-12
-2
7
16
30
34
28
17
12
1
-14
-21
-8
4
4
1
8
13
5
-5
-1
1
-6
-7
2
8
0
-7
-5
-2
-5
-7
-5
-5
-6
-7
-8
-11
-10
-4
2
8
12
10
10
11
11
5
-6
-15
-18
-12
-6
-2
-3
3
8
12
7
-1
-4
-12
-15
-8
1
3
2
7
11
8
-1
-11
-12
-13
-13
-7
0
9
15
16
13
11
9
8
2
-2
-2
2
5
5
3
-1
0
6
13
14
11
9
3
-2
-9
-10
-14
-13
-4
9
15
10
-2
-11
-17
-22
-20
-12
-3
3
9
12
15
8
-3
-14
-17
-14
-17
-17
-15
-7
3
9
9
5
0
-5
-12
-17
-16
-9
-2
5
8
9
11
10
6
1
-5
-9
-5
0
0
1
4
10
13
15
12
9
3
1
0
1
-1
0
6
7
7
7
12
15
15
12
8
6
5
7
6
4
1
-2
-2
4
8
9
5
-1
-8
-12
-14
-11
-6
0
7
12
13
10
1
-9
-16
-14
-10
-10
-11
-7
2
10
11
7
4
0
-6
-10
-7
-5
-4
-2
7
15
17
11
6
7
6
1
-5
-10
-12
-10
-2
0
1
3
2
0
-2
-5
-13
-19
-21
-16
-9
-6
-2
-2
-3
-4
-7
-16
-23
-27
-27
-24
-19
-13
-7
-4
-5
-6
-9
-13
-16
-19
-20
-21
-18
-15
-16
-18
-17
-18
-22
-24
-27
-28
-34
-38
-37
-33
-36
-39
-36
-29
-24
-24
-23
-22
-19
-12
5
24
41
55
70
81
93
104
109
113
121
135
144
148
147
143
141
134
124
114
107
100
92
81
78
75
69
60
54
50
43
43
44
46
43
39
42
50
57
61
71
81
96
109
113
99
74
51
24
-7
-37
-59
-77
-92
-101
-113
-142
-201
-286
-376
-453
-526
-585
-623
-651
-681
-722
-781
-862
-963
-1070
-1150
-1188
-1186
-1122
-986
-782
-539
-279
-16
245
471
651
798
922
1024
1117
1215
1312
1394
1450
1477
1462
1394
1262
1082
861
613
365
143
-33
-169
-266
-310
-318
-313
-308
-300
-299
-323
-369
-415
-439
-421
-337
-184
16
220
414
608
793
931
1002
1013
982
920
841
767
705
641
561
473
380
265
113
-68
-252
-423
-576
-682
-707
-659
-575
-479
-371
-267
-198
-176
-195
-238
-277
-300
-294
-247
-172
-84
-17
17
15
-33
-137
-292
-473
-659
-845
-1026
-1182
-1307
-1417
-1527
-1647
-1797
-2009
-2295
-2612
-2891
-3086
-3198
-3211
-3068
-2726
-2210
-1587
-886
-133
616
1292
1869
2361
2780
3123
3392
3604
3757
3849
3868
3798
3607
3272
2789
2183
1480
715
-52
-767
-1386
-1874
-2208
-2387
-2428
-2356
-2175
-1901
-1567
-1201
-809
-366
134
676
1250
1840
2407
2915
3342
3650
3807
3789
3591
3201
2619
1873
1027
138
-740
-1524
-2131
-2551
-2799
-2871
-2743
-2442
-2046
-1602
-1122
-633
-170
264
688
1110
1507
1859
2155
2382
2506
2495
2344
2062
1657
1156
626
127
-315
-695
-1012
-1269
-1486
-1690
-1898
-2108
-2299
-2448
-2530
-2496
-2303
-1975
-1564
-1102
-616
-169
176
411
548
563
426
170
-139
-485
-901
-1401
-1970
-2598
-3343
-4212
-5123
-5956
-6607
-7035
-7183
-6948
-6294
-5286
-4018
-2543
-912
756
2291
3609
4740
5691
6427
6951
7316
7535
7571
7390
7011
6447
5686
4719
3572
2308
1009
-242
-1360
-2271
-2930
-3323
-3449
-3326
-2979
-2445
-1773
-1022
-221
629
1516
2422
3292
4088
4777
5329
5682
5771
5583
5139
4445
3516
2391
1140
-165
-1479
-2770
-3982
-5017
-5789
-6272
-6438
-6248
-5702
-4872
-3840
-2653
-1363
-62
1135
2170
3046
3744
4227
4487
4541
4387
4017
3433
2669
1770
777
-265
-1289
-2208
-2983
-3596
-4017
-4232
-4282
-4207
-4002
-3683
-3316
-2916
-2412
-1808
-1173
-522
206
989
1678
2184
2539
2725
2644
2308
1856
1334
695
-31
-755
-1499
-2347
-3288
-4272
-5357
-6586
-7786
-8689
-9219
-9399
-9068
-8031
-6408
-4504
-2392
-8
2439
4542
6180
7528
8584
9173
9333
9325
9224
8860
8172
7292
6257
4948
3346
1577
-249
-2066
-3720
-4997
-5819
-6189
-6054
-5412
-4427
-3260
-1920
-426
1072
2386
3528
4625
5608
6383
6969
7417
7651
7530
7011
6145
4980
3533
1846
21
-1808
-3492
-4944
-6146
-7088
-7706
-7920
-7757
-7289
-6475
-5216
-3588
-1814
10
1924
3809
5376
6481
7196
7534
7364
6666
5630
4425
3070
1568
31
-1397
-2661
-3776
-4714
-5411
-5817
-5949
-5835
-5479
-4898
-4152
-3310
-2408
-1477
-568
256
969
1577
2095
2526
2866
3108
3228
3166
2861
2308
1570
707
-278
-1361
-2449
-3437
-4317
-5132
-5854
-6398
-6842
-7382
-8059
-8599
-8745
-8547
-8079
-7129
-5485
-3360
-1148
1099
3516
5869
7638
8662
9224
9480
9265
8563
7691
6881
6016
4921
3661
2384
1094
-289
-1759
-3198
-4433
-5281
-5637
-5496
-4840
-3625
-1947
-116
1594
3211
4802
6143
6953
7325
7548
7653
7451
6966
6414
5828
4982
3730
2195
570
-1089
-2822
-4549
-6025
-7059
-7644
-7793
-7447
-6647
-5604
-4458
-3192
-1822
-439
990
2537
4054
5293
6249
7041
7537
7451
6779
5762
4437
2671
606
-1350
-2982
-4397
-5618
-6450
-6815
-6853
-6648
-6144
-5337
-4357
-3337
-2297
-1224
-137
907
1836
2584
3069
3266
3245
3081
2770
2350
1989
1720
1327
675
-24
-611
-1298
-2253
-3207
-3911
-4524
-5154
-5550
-5577
-5524
-5565
-5567
-5652
-6161
-6856
-7079
-6795
-6448
-5807
-4221
-1931
172
2065
4393
6843
8311
8646
8724
8750
8081
6744
5583
4863
4014
2835
1780
979
69
-1043
-2115
-3117
-4084
-4656
-4491
-3811
-2877
-1447
582
2587
4021
5192
6457
7359
7363
6824
6411
6048
5333
4433
3766
3218
2335
1064
-297
-1639
-3044
-4404
-5492
-6244
-6636
-6475
-5645
-4396
-3075
-1763
-425
800
1696
2336
3058
3982
4785
5178
5380
5673
5771
5189
4041
2758
1296
-628
-2732
-4378
-5404
-6086
-6480
-6389
-5843
-5075
-4192
-3186
-2152
-1206
-346
440
1122
1709
2276
2782
3047
2963
2616
2145
1577
896
195
-374
-774
-1080
-1389
-1744
-2123
-2437
-2658
-2953
-3483
-4060
-4297
-4280
-4468
-4804
-4659
-4114
-4219
-5346
-6388
-6489
-6415
-6891
-6901
-5317
-2963
-1247
260
2769
5726
7478
7853
8017
8236
7740
6493
5349
4641
3972
3159
2343
1470
547
-179
-829
-1906
-3234
-3881
-3577
-3051
-2516
-1169
1154
3296
4498
5453
6787
7798
7678
6905
6301
5753
4821
3771
3071
2536
1720
606
-621
-1942
-3250
-4321
-5143
-5788
-6026
-5586
-4588
-3269
-1683
6
1373
2197
2675
3013
3252
3502
3841
4074
3997
3741
3456
2977
2076
826
-616
-2206
-3890
-5370
-6246
-6454
-6144
-5530
-4726
-3710
-2472
-1236
-267
444
1052
1514
1659
1626
1770
2088
2172
1833
1303
716
-41
-853
-1381
-1615
-1811
-1920
-1645
-1127
-844
-853
-821
-833
-1351
-2301
-2977
-3067
-3082
-3460
-3777
-3484
-3027
-3450
-4833
-6066
-6575
-7112
-8077
-8237
-6515
-3874
-1794
91
2933
6145
8053
8438
8480
8556
7950
6514
5060
4179
3681
3164
2413
1480
642
2
-902
-2395
-3813
-4235
-3813
-3319
-2592
-807
1847
4102
5451
6565
7729
8211
7553
6433
5558
4777
3740
2665
1931
1440
802
-194
-1468
-2804
-3988
-4989
-5875
-6450
-6241
-5130
-3599
-1964
0
2162
3578
3782
3601
3755
3703
2988
2460
2766
3031
2391
1523
1220
822
-552
-2403
-3773
-4744
-5755
-6417
-6076
-4930
-3665
-2463
-1132
225
1248
1833
2131
2236
2094
1720
1321
1138
1105
883
361
-172
-614
-1251
-2019
-2332
-2084
-1879
-1791
-1170
-110
418
251
272
623
420
-557
-1414
-1733
-1997
-2554
-3200
-3504
-3450
-3550
-4527
-6292
-7733
-8280
-8766
-9503
-9005
-6374
-3236
-1207
775
4116
7487
8822
8635
8697
8858
7848
5982
4684
4210
3705
2793
1720
634
-437
-1465
-2667
-4088
-5049
-4887
-3932
-2832
-1321
1131
4011
6182
7370
8189
8821
8736
7772
6570
5640
4728
3523
2314
1472
737
-430
-2016
-3523
-4709
-5762
-6704
-7075
-6442
-5010
-3311
-1468
769
3160
4757
5058
4723
4548
4296
3493
2668
2664
3024
2574
1280
222
-439
-1657
-3575
-5246
-6053
-6513
-6878
-6460
-4910
-2979
-1389
-38
1192
1970
2201
2243
2204
1902
1433
1085
833
525
199
-154
-693
-1427
-2237
-3021
-3434
-3066
-2142
-1301
-531
576
1622
1814
1387
1140
961
228
-820
-1472
-1714
-1964
-2291
-2574
-2817
-3005
-3359
-4544
-6647
-8536
-9373
-9822
-10298
-9457
-6428
-2851
-523
1466
4573
7668
8756
8355
8325
8593
7792
6154
5164
5025
4686
3718
2479
1067
-552
-2109
-3530
-4952
-5872
-5410
-3827
-2180
-409
2270
5437
7552
8248
8565
8834
8280
6843
5570
4913
4180
3021
1953
1200
193
-1414
-3178
-4659
-5964
-7152
-7779
-7371
-5921
-3796
-1453
811
3005
5009
6101
5758
4734
4170
3864
2963
1978
2091
2771
2304
552
-1004
-1931
-3335
-5449
-6950
-7121
-6759
-6388
-5356
-3296
-1052
529
1545
2330
2722
2570
2217
2074
2091
1920
1500
1101
781
152
-956
-2107
-2961
-3764
-4522
-4534
-3447
-1976
-773
400
1766
2732
2799
2312
1854
1420
713
1
-481
-814
-1144
-1542
-2179
-3081
-3797
-4156
-4995
-6994
-9176
-10137
-10259
-10590
-10233
-7581
-3574
-715
871
3189
6402
8385
8435
8251
8759
8780
7542
6139
5593
5362
4505
2992
1219
-619
-2376
-3908
-5203
-5994
-5709
-4329
-2549
-714
1593
4369
6673
7818
8198
8340
8040
7125
6174
5687
5265
4328
3076
1921
609
-1260
-3349
-5034
-6247
-7200
-7693
-7274
-5804
-3599
-1228
831
2596
4261
5370
5222
4244
3741
3913
3726
2973
2728
3192
2862
1035
-1104
-2550
-3876
-5637
-7025
-7168
-6442
-5560
-4436
-2757
-896
491
1270
1724
1986
2043
2066
2315
2693
2754
2336
1766
1217
308
-1175
-2677
-3631
-4293
-4941
-4897
-3578
-1727
-369
633
1837
2894
3179
2805
2260
1669
903
87
-511
-845
-1057
-1272
-1756
-2798
-4078
-4821
-5244
-6570
-8878
-10554
-10818
-10782
-10818
-9313
-5525
-1517
741
2226
4660
7275
8303
8153
8490
9266
9089
7874
6860
6455
5911
4663
2791
546
-1765
-3778
-5338
-6350
-6461
-5317
-3286
-1230
645
2831
5204
6835
7414
7585
7635
7253
6629
6418
6537
6231
5206
3819
2177
-33
-2699
-5015
-6402
-7093
-7425
-7139
-5907
-3961
-1886
-124
1237
2479
3733
4352
3858
3215
3568
4242
3993
3283
3318
3434
1977
-755
-2925
-4022
-5131
-6524
-7127
-6427
-5239
-4314
-3393
-2073
-717
162
621
1047
1601
2157
2662
3154
3473
3240
2407
1375
228
-1349
-3063
-4056
-4222
-4243
-4128
-3223
-1586
-184
558
1283
2132
2556
2241
1731
1563
1461
1044
584
293
-238
-1180
-2175
-3167
-4326
-5269
-5725
-6598
-8584
-10512
-11020
-10692
-10462
-9270
-5966
-2066
268
1706
4144
7046
8467
8579
9076
9946
9862
8809
7930
7428
6590
5106
3100
646
-1938
-4007
-5386
-6391
-6774
-5870
-3985
-2215
-826
939
3167
4807
5416
5839
6642
7287
7432
7622
8051
7987
6956
5309
3352
928
-1815
-4172
-5675
-6469
-6776
-6502
-5628
-4399
-3179
-2162
-1203
-80
1029
1659
1928
2609
3963
5263
5917
6193
6220
5309
3062
327
-1841
-3382
-4681
-5587
-5727
-5341
-5005
-4778
-4326
-3639
-3021
-2517
-1817
-679
726
2066
3188
4050
4490
4131
2938
1509
286
-874
-2014
-2738
-2866
-2663
-2354
-1914
-1362
-858
-397
133
719
1295
1753
1843
1450
834
293
-195
-815
-1474
-1976
-2599
-3625
-4485
-4651
-5004
-6670
-8989
-10437
-11001
-11498
-11091
-8296
-4075
-925
744
2605
5077
6740
7146
7671
8891
9674
9428
9041
9016
8596
7393
5577
3066
-69
-2875
-4568
-5595
-6244
-5732
-3927
-2178
-1339
-629
730
2094
2666
3101
4352
6064
7381
8298
9154
9568
8928
7315
5127
2547
-100
-2174
-3453
-4271
-4800
-4899
-4715
-4762
-5092
-5106
-4473
-3583
-2760
-1730
-252
1458
3132
4682
5981
6807
6905
6042
4315
2321
646
-704
-1877
-2842
-3500
-3963
-4513
-5216
-5807
-5957
-5675
-5176
-4428
-3122
-1251
632
2039
2924
3472
3641
3296
2584
1829
1146
512
-9
-453
-916
-1158
-1175
-1367
-1770
-1738
-889
19
283
339
659
705
-30
-837
-912
-799
-1334
-2233
-2811
-3179
-3563
-3696
-3882
-5217
-7713
-9815
-10687
-10972
-10515
-8000
-3905
-819
323
1430
3550
5150
5393
5905
7685
9269
9433
9172
9506
9570
8295
6001
3405
671
-1830
-3311
-3706
-3672
-3392
-2615
-1804
-1685
-1864
-1331
-160
836
1709
3144
5044
6627
7661
8396
8623
7898
6378
4624
2913
1357
280
-264
-833
-1873
-3049
-3952
-4776
-5590
-5782
-4967
-3804
-2922
-2037
-844
299
1162
2115
3292
4276
4798
4960
4726
3961
2811
1548
243
-1082
-2173
-2814
-3212
-3744
-4404
-4856
-5004
-5054
-4882
-4097
-2687
-1156
133
1216
2139
2698
2781
2514
2044
1437
800
274
-99
-266
-201
-77
-242
-694
-1006
-952
-812
-757
-701
-623
-612
-719
-827
-913
-1123
-1565
-2168
-2849
-3563
-4003
-3907
-4070
-5616
-8079
-9821
-10402
-10630
-10162
-7745
-4039
-1416
-497
504
2422
3997
4603
5585
7699
9532
9961
9789
9898
9629
8155
5910
3662
1589
-214
-1411
-2031
-2333
-2289
-2009
-2096
-2731
-3044
-2388
-1289
-338
920
2918
4841
5868
6413
7110
7518
7023
6044
5298
4685
3816
2931
2245
1376
-20
-1583
-2881
-3927
-4655
-4650
-3882
-3128
-2887
-2812
-2579
-2347
-1976
-821
1058
2816
3936
4485
4430
3614
2421
1383
651
234
113
74
-281
-1050
-2052
-3149
-4168
-4857
-4877
-4138
-3025
-1974
-1076
-263
192
92
-277
-474
-385
-200
40
470
974
1119
745
253
-124
-468
-568
-81
641
869
711
568
185
-703
-1443
-1542
-1731
-2522
-3315
-3609
-3798
-4128
-4367
-5129
-7203
-9762
-11117
-11054
-10348
-8599
-5353
-2075
-638
-365
630
2274
3379
4305
6313
8907
10473
10882
11098
10934
9394
6768
4405
2773
1502
550
69
-354
-1156
-2073
-2846
-3662
-4341
-4112
-2916
-1632
-477
1212
3382
4883
5327
5620
6185
6465
6228
6128
6443
6493
5779
4477
2874
1128
-511
-1752
-2669
-3253
-3316
-3150
-3386
-4122
-4786
-5095
-5062
-4370
-2688
-335
1781
3092
3495
3065
2224
1568
1410
1528
1811
2274
2554
2120
917
-502
-1841
-3137
-4171
-4320
-3464
-2457
-1981
-1930
-1986
-2277
-2821
-3069
-2607
-1706
-962
-437
149
634
582
130
-52
163
468
979
1942
2916
3107
2474
1426
204
-938
-1563
-1523
-1351
-1531
-2080
-2852
-3754
-4542
-5070
-6006
-7992
-10237
-11226
-10780
-9802
-8238
-5660
-3151
-2256
-2345
-1411
738
2710
4295
6499
9132
10674
10850
10874
11070
10339
8327
6232
4854
3886
2974
2114
1047
-535
-2273
-3701
-4732
-5186
-4625
-3306
-2262
-1752
-1014
266
1437
2214
3338
5035
6430
6978
7275
7773
7761
6756
5278
3958
2830
1707
829
326
-287
-1332
-2681
-3955
-4971
-5805
-6206
-5732
-4558
-3281
-2009
-557
683
945
425
268
815
1366
1725
2409
3317
3468
2426
1039
217
-335
-1110
-1660
-1556
-1271
-1479
-2100
-2588
-2796
-3133
-3558
-3554
-2977
-2454
-2401
-2358
-1917
-1496
-1402
-1248
-655
24
412
938
1903
2726
2764
2293
1890
1450
907
671
755
389
-717
-1835
-2590
-3240
-3800
-4089
-4904
-7162
-9945
-11444
-11368
-10652
-9283
-6854
-4520
-3813
-3961
-2905
-581
1512
3246
5673
8405
10035
10573
11162
11811
11390
9924
8535
7583
6580
5423
4295
2798
639
-1519
-3012
-4041
-4767
-4737
-4129
-3974
-4407
-4287
-3170
-1955
-1023
406
2581
4439
5388
6160
7149
7653
7260
6551
6025
5434
4640
3928
3310
2417
1129
-298
-1778
-3339
-4575
-5044
-4951
-4738
-4315
-3427
-2476
-2145
-2306
-2293
-1942
-1531
-1003
-36
1165
1953
2017
1604
1107
708
486
455
605
816
789
376
-262
-877
-1472
-2074
-2440
-2426
-2394
-2685
-3083
-3265
-3330
-3482
-3439
-2879
-2084
-1601
-1313
-594
456
1225
1606
2096
2563
2330
1659
1438
1708
1471
604
-60
-463
-1230
-2201
-2661
-3375
-5612
-8602
-10369
-10627
-10654
-10276
-8540
-6447
-5882
-6329
-5507
-3263
-1242
358
2755
5715
7640
8527
9667
11104
11624
11088
10565
10327
9823
8894
7748
6162
3973
1870
420
-710
-1808
-2527
-2891
-3723
-5139
-5987
-5643
-4934
-4440
-3424
-1597
25
832
1575
2816
3848
4266
4728
5478
5882
5817
5848
5854
5244
4253
3567
2863
1496
154
-333
-593
-1437
-2184
-2000
-1797
-2605
-3539
-3389
-2893
-3205
-3606
-2956
-1933
-1918
-2516
-2341
-1541
-1262
-1457
-1041
99
872
831
754
1124
1277
724
107
214
505
128
-693
-1241
-1595
-2259
-3056
-3358
-3127
-2991
-3111
-2990
-2377
-1743
-1478
-1356
-1054
-654
-360
40
744
1337
1342
841
359
160
74
26
-259
-1590
-4166
-6730
-8071
-8500
-8681
-8215
-7036
-6439
-6911
-7022
-5740
-4008
-2738
-1204
1096
3234
4541
5743
7461
8914
9408
9629
10256
10781
10553
9870
9105
7880
6123
4567
3634
2896
1947
920
-195
-1703
-3316
-4340
-4680
-4771
-4684
-4084
-3228
-2739
-2537
-2110
-1339
-471
450
1411
2209
2812
3325
3636
3827
4203
4556
4265
3574
3482
3846
3576
2742
2333
2318
1648
373
-335
-369
-702
-1638
-2325
-2417
-2708
-3586
-4356
-4402
-4147
-4099
-4003
-3471
-2817
-2518
-2400
-2045
-1404
-752
-218
209
579
802
799
654
521
418
208
-101
-505
-951
-1242
-1382
-1648
-2040
-2277
-2392
-2683
-2908
-2574
-1941
-1580
-1499
-1340
-1322
-1674
-1903
-1471
-769
-964
-2333
-4029
-5197
-5849
-6204
-5989
-5206
-4620
-4946
-5619
-5503
-4330
-2838
-1400
267
2083
3431
4084
4705
5716
6790
7593
8304
9194
9919
10013
9368
8333
7309
6420
5583
4728
4046
3452
2461
934
-562
-1457
-1965
-2577
-3087
-3040
-2735
-2797
-3094
-3006
-2447
-1941
-1498
-719
204
676
664
711
1030
1569
2281
2849
2792
2261
2016
2112
2089
2064
2460
2787
2209
1225
794
690
113
-653
-777
-538
-846
-1707
-2368
-2743
-3273
-3922
-4121
-3612
-2952
-2742
-2874
-2874
-2621
-2362
-2164
-1729
-1028
-492
-467
-626
-580
-425
-362
-301
-76
119
34
-234
-453
-609
-842
-1136
-1279
-1233
-1184
-1241
-1327
-1435
-1638
-1856
-1831
-1566
-1497
-2111
-3466
-4996
-6091
-6374
-5971
-5283
-4626
-4365
-4694
-5273
-5266
-4341
-2978
-1511
211
2045
3418
4134
4626
5318
6102
6894
7862
8958
9786
9869
9230
8280
7357
6662
6184
5787
5240
4376
3099
1499
-39
-1130
-1774
-2304
-2705
-2799
-2769
-3078
-3694
-3971
-3647
-3008
-2307
-1479
-677
-401
-565
-501
154
1092
1973
2651
2872
2586
2289
2384
2605
2796
3102
3411
3302
2691
2117
1732
1181
430
-42
-94
-232
-811
-1510
-2009
-2502
-3105
-3558
-3543
-3318
-3325
-3555
-3690
-3534
-3279
-3084
-2859
-2467
-2024
-1784
-1736
-1592
-1197
-820
-692
-633
-402
-147
-170
-372
-473
-383
-287
-334
-497
-707
-981
-1415
-1860
-2010
-1809
-1659
-1979
-2897
-4294
-5799
-6836
-6974
-6402
-5596
-4914
-4663
-4950
-5285
-4879
-3655
-2159
-639
984
2397
3189
3607
4297
5374
6425
7421
8556
9506
9701
9165
8513
8086
7788
7555
7411
7101
6221
4798
3261
1983
1031
377
-121
-706
-1447
-2283
-3119
-3893
-4379
-4344
-3907
-3342
-2776
-2276
-2032
-2054
-2092
-1818
-1052
168
1363
1984
2124
2203
2269
2126
2151
2859
3681
3723
3164
2780
2542
2004
1433
1433
1721
1470
646
-216
-958
-1803
-2569
-2734
-2346
-2049
-2328
-2969
-3569
-3989
-4112
-3796
-3140
-2546
-2373
-2621
-2910
-2964
-2740
-2332
-1793
-1260
-1067
-1286
-1533
-1447
-1200
-1048
-812
-412
-237
-495
-753
-698
-699
-1023
-1270
-1240
-1546
-2642
-4111
-5209
-5738
-5993
-5996
-5671
-5275
-5251
-5649
-5867
-5318
-4053
-2593
-1180
324
1773
2726
3231
3875
4970
6181
7213
8227
9180
9581
9185
8407
7878
7756
7838
7936
7812
7183
5959
4452
3136
2189
1517
997
495
-98
-850
-1731
-2606
-3318
-3686
-3711
-3597
-3456
-3298
-3200
-3330
-3603
-3526
-2813
-1722
-676
98
555
643
431
476
1229
2520
3712
4236
4116
3664
3068
2462
2113
2294
2747
2799
2214
1309
403
-516
-1390
-1804
-1606
-1294
-1436
-2068
-2808
-3418
-3844
-3891
-3435
-2760
-2375
-2475
-2810
-3106
-3270
-3228
-2893
-2326
-1793
-1567
-1672
-1882
-1919
-1741
-1498
-1220
-863
-623
-785
-1201
-1370
-1160
-1008
-1304
-1982
-2900
-4003
-5038
-5606
-5642
-5515
-5518
-5667
-5894
-6051
-5834
-5092
-4017
-2799
-1381
139
1371
2233
3156
4355
5496
6405
7416
8620
9423
9504
9263
9129
8977
8593
8261
8132
7773
6790
5476
4333
3416
2564
1823
1246
647
-180
-1163
-2103
-2846
-3285
-3366
-3218
-3057
-2975
-3002
-3177
-3524
-3782
-3592
-2922
-2121
-1426
-782
-270
-139
-279
-69
786
1835
2606
3129
3509
3531
3163
2865
3023
3423
3578
3338
2821
2085
1140
214
-386
-634
-775
-1037
-1415
-1863
-2396
-2981
-3410
-3464
-3193
-2860
-2742
-2866
-3087
-3260
-3321
-3208
-2846
-2369
-2091
-2165
-2335
-2305
-2133
-1974
-1783
-1418
-1123
-1192
-1397
-1388
-1338
-1703
-2400
-3026
-3518
-4059
-4473
-4542
-4583
-4981
-5554
-5820
-5764
-5557
-5043
-4177
-3329
-2746
-2132
-1184
-95
956
2167
3572
4827
5781
6621
7424
7966
8255
8638
9146
9467
9470
9277
8873
8122
7188
6403
5743
4954
4037
3167
2295
1282
264
-546
-1202
-1856
-2423
-2760
-3008
-3314
-3595
-3745
-3753
-3606
-3271
-2863
-2624
-2508
-2261
-1882
-1498
-1118
-695
-295
-25
285
852
1494
1976
2248
2439
2527
2511
2528
2639
2721
2623
2363
2016
1614
1104
569
93
-382
-853
-1228
-1505
-1829
-2249
-2598
-2769
-2845
-2873
-2803
-2720
-2779
-2892
-2844
-2636
-2424
-2227
-1993
-1846
-1887
-1917
-1749
-1536
-1451
-1381
-1199
-1060
-1124
-1297
-1551
-2060
-2825
-3522
-3938
-4161
-4290
-4359
-4541
-4966
-5385
-5477
-5269
-4908
-4323
-3511
-2759
-2190
-1539
-641
305
1186
2179
3302
4266
4970
5633
6340
6903
7326
7831
8415
8796
8844
8689
8381
7878
7280
6813
6438
5887
5056
4062
3001
1920
961
254
-297
-896
-1570
-2231
-2872
-3493
-3934
-4067
-4006
-3926
-3810
-3594
-3441
-3507
-3573
-3268
-2615
-1961
-1418
-852
-342
-128
-41
410
1268
2056
2508
2803
3033
3042
2907
2928
3114
3135
2871
2470
1993
1399
808
379
55
-311
-727
-1160
-1669
-2265
-2786
-3094
-3222
-3223
-3101
-2941
-2941
-3101
-3194
-3056
-2735
-2305
-1796
-1368
-1209
-1244
-1212
-1045
-843
-639
-445
-379
-498
-783
-1283
-2034
-2759
-3238
-3700
-4234
-4526
-4527
-4790
-5459
-5852
-5650
-5382
-5223
-4605
-3520
-2796
-2591
-2061
-930
154
983
2063
3402
4311
4661
5071
5788
6440
6896
7476
8184
8567
8433
8084
7761
7430
7157
7043
6895
6434
5680
4774
3719
2623
1810
1339
818
48
-727
-1391
-2180
-3073
-3634
-3739
-3801
-4017
-4072
-3853
-3730
-3884
-3982
-3733
-3290
-2799
-2172
-1453
-939
-736
-553
-99
620
1435
2178
2684
2902
2971
3037
3138
3276
3490
3573
3324
2797
2179
1623
1051
447
-23
-295
-609
-1186
-1916
-2559
-3100
-3595
-3880
-3772
-3485
-3459
-3762
-4028
-3999
-3780
-3432
-2835
-2119
-1736
-1769
-1753
-1401
-955
-581
-149
233
220
-132
-461
-832
-1507
-2239
-2622
-2884
-3374
-3859
-4136
-4593
-5377
-5825
-5528
-4990
-4619
-4089
-3323
-2871
-2756
-2221
-1025
198
1158
2239
3397
4080
4345
4844
5653
6273
6709
7358
8043
8203
7930
7748
7649
7349
7058
7074
7011
6375
5409
4593
3845
2983
2300
1966
1546
691
-315
-1142
-1894
-2613
-3027
-3122
-3288
-3676
-4010
-4170
-4357
-4571
-4523
-4150
-3708
-3286
-2740
-2152
-1805
-1648
-1259
-463
482
1387
2288
3009
3253
3138
3150
3456
3799
4032
4185
4126
3650
2882
2143
1535
967
436
-22
-507
-1132
-1848
-2506
-3020
-3407
-3692
-3864
-3977
-4131
-4348
-4463
-4306
-3929
-3512
-3109
-2723
-2441
-2290
-2076
-1625
-1051
-566
-181
134
256
150
-27
-258
-766
-1538
-2220
-2622
-2996
-3448
-3797
-4129
-4708
-5398
-5692
-5476
-5113
-4731
-4132
-3398
-2842
-2369
-1609
-589
390
1339
2449
3522
4254
4768
5352
5955
6443
6951
7527
7880
7849
7679
7568
7427
7226
7087
6913
6449
5718
4979
4324
3668
3040
2511
1942
1170
269
-571
-1299
-1920
-2366
-2650
-2914
-3238
-3585
-3963
-4408
-4718
-4662
-4317
-3911
-3436
-2869
-2485
-2401
-2192
-1496
-596
170
982
1936
2597
2765
2935
3433
3885
4006
4115
4350
4300
3758
3158
2732
2228
1580
1026
649
108
-732
-1595
-2260
-2808
-3296
-3615
-3781
-4002
-4379
-4759
-4948
-4920
-4712
-4314
-3773
-3268
-2930
-2687
-2390
-1984
-1478
-894
-336
76
312
416
461
510
487
168
-527
-1320
-1939
-2471
-3007
-3387
-3588
-3969
-4692
-5338
-5500
-5313
-5020
-4527
-3767
-3035
-2562
-2136
-1463
-565
389
1372
2423
3443
4268
4838
5276
5761
6340
6886
7279
7580
7850
7944
7713
7344
7106
6914
6508
5944
5473
5042
4365
3489
2706
2063
1344
524
-139
-616
-1180
-1957
-2740
-3328
-3738
-4019
-4123
-4044
-3959
-4043
-4223
-4212
-3833
-3206
-2528
-1814
-1038
-370
61
478
1157
1996
2676
3178
3692
4135
4248
4092
3956
3868
3628
3207
2781
2388
1846
1085
283
-423
-1051
-1664
-2268
-2798
-3248
-3713
-4219
-4658
-4912
-5023
-5098
-5123
-5004
-4787
-4605
-4413
-4078
-3591
-3035
-2443
-1814
-1221
-786
-507
-277
-9
345
756
1127
1342
1275
815
55
-720
-1322
-1776
-2111
-2266
-2383
-2822
-3559
-4125
-4316
-4344
-4196
-3629
-2832
-2323
-2120
-1757
-1158
-596
63
1116
2315
3179
3739
4271
4740
5055
5432
6039
6635
6980
7116
7069
6815
6484
6254
6116
5944
5691
5260
4544
3687
2948
2358
1789
1297
952
524
-170
-914
-1443
-1794
-2079
-2187
-2090
-2033
-2153
-2300
-2330
-2275
-2130
-1806
-1358
-961
-663
-403
-160
54
303
635
973
1241
1431
1548
1561
1476
1364
1228
1029
747
421
70
-279
-664
-1073
-1446
-1842
-2230
-2561
-2815
-3060
-3298
-3473
-3576
-3648
-3682
-3623
-3498
-3406
-3340
-3219
-3009
-2756
-2471
-2107
-1698
-1324
-996
-702
-457
-255
-11
313
636
893
1054
1067
937
783
721
722
689
505
-3
-865
-1812
-2507
-2894
-3064
-3057
-3026
-3256
-3750
-4113
-4059
-3629
-2913
-1942
-956
-292
81
501
1141
1927
2828
3838
4746
5284
5484
5578
5692
5841
6073
6383
6632
6638
6344
5837
5264
4728
4273
3912
3634
3309
2770
2048
1309
659
92
-335
-544
-656
-880
-1225
-1562
-1861
-2148
-2308
-2225
-1985
-1778
-1648
-1528
-1402
-1295
-1145
-849
-429
-25
267
468
631
718
710
698
750
814
782
638
424
129
-259
-625
-866
-1044
-1254
-1493
-1765
-2113
-2498
-2765
-2863
-2923
-2980
-2964
-2936
-2997
-3075
-3019
-2857
-2747
-2684
-2521
-2276
-2076
-1882
-1576
-1214
-962
-838
-665
-375
-85
161
413
637
731
724
738
816
881
932
996
985
822
576
348
64
-303
-631
-817
-978
-1217
-1418
-1512
-1604
-1738
-1755
-1580
-1354
-1186
-978
-680
-396
-140
192
610
987
1320
1678
2022
2290
2515
2749
2956
3112
3283
3495
3677
3767
3801
3815
3765
3644
3529
3466
3397
3250
3050
2848
2631
2380
2089
1782
1477
1175
893
670
510
349
115
-155
-390
-564
-671
-696
-659
-660
-760
-893
-978
-991
-970
-942
-906
-908
-986
-1104
-1174
-1193
-1218
-1253
-1246
-1246
-1328
-1464
-1592
-1677
-1739
-1791
-1827
-1854
-1921
-2051
-2162
-2191
-2152
-2117
-2096
-2076
-2094
-2174
-2219
-2158
-2024
-1898
-1797
-1701
-1630
-1574
-1486
-1324
-1116
-897
-699
-534
-379
-243
-152
-71
51
223
385
511
588
564
434
308
280
328
401
502
539
412
212
81
45
49
112
260
383
399
396
445
499
550
665
844
996
1072
1118
1159
1168
1190
1306
1504
1695
1831
1921
1980
1997
2014
2110
2275
2449
2551
2569
2534
2460
2360
2252
2197
2188
2143
2030
1873
1677
1429
1137
891
731
592
446
308
149
-75
-330
-533
-665
-766
-831
-858
-913
-1055
-1215
-1297
-1316
-1297
-1227
-1110
-1029
-1058
-1136
-1177
-1168
-1150
-1111
-1035
-969
-989
-1108
-1216
-1282
-1364
-1475
-1534
-1508
-1512
-1609
-1708
-1754
-1806
-1882
-1882
-1780
-1690
-1678
-1677
-1635
-1572
-1494
-1383
-1271
-1189
-1099
-980
-868
-776
-666
-540
-474
-428
-289
-44
182
305
372
421
432
437
527
700
868
941
906
827
746
675
607
582
628
682
669
604
539
470
377
303
314
393
466
465
411
345
314
335
440
646
904
1117
1213
1264
1342
1456
1587
1753
1971
2164
2234
2188
2101
2033
1971
1908
1870
1865
1841
1720
1502
1236
983
740
529
395
337
272
121
-90
-296
-471
-618
-726
-768
-746
-714
-735
-839
-958
-1036
-1064
-1043
-950
-800
-737
-825
-970
-1022
-978
-901
-797
-669
-592
-633
-744
-832
-886
-918
-934
-925
-896
-888
-940
-1063
-1194
-1276
-1278
-1228
-1151
-1085
-1091
-1171
-1265
-1293
-1229
-1101
-991
-920
-876
-839
-812
-770
-652
-469
-284
-109
72
219
305
365
439
531
660
824
953
1000
975
906
805
729
757
831
807
689
581
476
309
137
92
110
40
-80
-120
-122
-196
-257
-208
-121
-93
-59
48
162
225
272
358
464
563
668
753
809
857
916
981
1041
1105
1157
1154
1096
1036
1000
977
954
919
874
813
713
550
363
252
222
164
63
-8
-47
-148
-255
-233
-144
-126
-181
-241
-310
-388
-408
-331
-241
-184
-125
-76
-86
-101
-52
33
85
122
171
203
199
157
73
-47
-156
-224
-276
-316
-334
-406
-590
-797
-912
-971
-1056
-1117
-1129
-1185
-1311
-1376
-1337
-1290
-1255
-1161
-1043
-990
-974
-873
-689
-526
-378
-183
-20
81
213
398
550
641
708
734
712
726
810
855
784
656
511
310
101
-7
-26
-95
-249
-403
-511
-571
-585
-555
-536
-571
-630
-652
-624
-517
-318
-121
1
82
193
314
408
509
648
796
884
963
1064
1145
1178
1171
1142
1073
988
918
853
747
604
489
399
295
196
117
7
-157
-320
-410
-474
-531
-577
-618
-656
-667
-591
-478
-391
-315
-238
-204
-187
-105
51
201
303
395
498
567
590
603
616
636
696
763
779
745
675
548
365
202
108
35
-69
-192
-325
-494
-682
-856
-1011
-1098
-1086
-1026
-1007
-984
-889
-829
-875
-852
-618
-315
-132
16
230
368
353
364
523
689
743
761
800
785
707
638
591
526
469
430
343
165
-36
-249
-490
-702
-765
-690
-635
-663
-745
-831
-916
-972
-925
-779
-588
-456
-421
-420
-372
-282
-214
-139
19
213
275
221
190
214
207
184
301
517
626
538
353
182
16
-70
20
233
406
452
368
162
-87
-261
-283
-221
-126
-9
57
-15
-191
-336
-385
-358
-237
-33
124
112
-8
-118
-156
-97
77
336
530
605
592
532
447
404
443
519
625
755
861
798
601
422
282
163
127
240
315
171
-99
-305
-445
-573
-609
-513
-406
-425
-524
-575
-540
-459
-363
-270
-147
-16
65
123
242
443
563
536
484
504
539
549
606
691
715
634
504
373
233
132
31
-102
-222
-256
-279
-413
-578
-641
-701
-827
-871
-732
-615
-654
-707
-678
-676
-711
-622
-396
-176
-44
-3
-74
-177
-225
-195
-104
86
310
366
238
130
142
132
64
75
159
157
58
21
63
65
8
-77
-183
-274
-282
-249
-259
-261
-241
-260
-317
-275
-140
-69
-95
-126
-107
-80
-33
80
223
307
322
325
338
343
363
397
422
413
426
457
454
395
321
287
265
210
136
91
63
-14
-129
-158
-83
-58
-131
-157
-132
-176
-280
-321
-264
-191
-150
-86
19
111
123
85
95
224
412
552
624
653
625
555
497
504
573
624
610
538
423
279
156
67
-12
-39
3
15
-88
-251
-391
-525
-637
-643
-558
-487
-499
-554
-590
-630
-663
-646
-542
-411
-304
-182
-41
64
109
152
205
207
182
204
238
223
172
170
202
190
105
-21
-113
-199
-280
-326
-325
-352
-453
-570
-619
-599
-581
-565
-536
-489
-476
-488
-504
-462
-330
-158
53
255
359
325
268
261
280
364
548
741
788
694
594
511
378
233
181
201
214
223
216
138
-24
-200
-329
-372
-317
-200
-118
-124
-168
-184
-208
-226
-153
-3
92
96
163
296
357
299
268
312
359
403
453
483
434
360
323
339
383
443
463
375
238
112
17
-37
-6
64
81
-9
-179
-351
-486
-552
-485
-282
-121
-113
-194
-268
-317
-332
-257
-127
-3
62
63
28
-13
-29
-41
-18
103
269
324
224
99
37
15
33
144
250
207
30
-138
-226
-261
-230
-191
-216
-276
-298
-305
-355
-411
-462
-519
-516
-385
-242
-204
-234
-264
-338
-405
-355
-238
-204
-216
-129
-18
-9
-17
70
85
-55
-140
5
200
255
306
422
467
309
127
72
94
135
204
304
370
378
276
103
-7
-4
18
24
109
236
251
126
20
6
6
-33
-74
-75
-14
68
99
100
144
209
234
226
245
331
401
382
334
362
421
409
328
226
165
139
116
71
48
59
-21
-205
-330
-303
-224
-226
-278
-300
-306
-336
-384
-394
-360
-303
-240
-179
-124
-99
-84
-102
-124
-88
51
184
223
244
277
246
140
49
34
85
97
49
0
-15
-54
-167
-271
-300
-279
-278
-269
-220
-202
-244
-349
-457
-498
-422
-284
-192
-164
-149
-139
-174
-222
-186
-65
53
95
101
150
191
165
144
199
308
349
273
181
163
168
125
107
205
333
357
273
165
60
-82
-185
-168
-53
86
143
77
-59
-147
-161
-159
-136
-50
31
22
-20
32
163
221
182
146
189
248
251
260
310
349
326
258
213
223
248
238
192
146
115
56
-38
-93
-70
-44
-75
-129
-171
-195
-204
-214
-241
-262
-240
-161
-60
10
9
-61
-168
-239
-195
-48
120
174
86
-62
-138
-127
-112
-103
-52
13
-3
-103
-162
-142
-174
-254
-231
-78
31
5
-59
-116
-178
-223
-202
-113
0
94
94
-18
-147
-169
-135
-108
-45
97
171
70
-52
-52
-14
-36
-59
-18
35
31
-8
-29
-14
1
-16
-12
59
164
177
81
2
-1
41
106
204
253
227
177
137
108
90
86
72
25
9
59
114
87
-6
-67
-74
-92
-136
-134
-84
-82
-136
-140
-53
68
139
124
53
-1
-10
37
123
252
361
383
304
207
167
151
121
68
54
106
177
190
130
45
-33
-114
-200
-203
-105
-37
-87
-155
-155
-159
-187
-205
-182
-137
-98
-77
-68
-22
39
41
-24
-44
15
73
99
132
163
139
37
-102
-171
-120
-7
66
98
130
113
-15
-200
-299
-256
-162
-83
22
135
152
7
-201
-310
-293
-218
-136
-64
21
82
35
-86
-143
-99
-52
-52
-53
-20
-6
-55
-123
-121
-34
50
68
55
55
31
-28
-70
-27
100
214
228
177
161
143
35
-88
-105
-36
16
29
18
-10
-65
-123
-152
-133
-68
-34
-82
-127
-100
-45
-6
32
111
179
174
126
73
49
59
107
174
238
272
243
163
93
65
79
89
68
29
-16
-37
-49
-76
-83
-33
26
26
-18
-46
-78
-138
-175
-113
25
134
192
207
177
103
-12
-120
-137
-46
92
192
228
201
134
59
-17
-87
-119
-85
-14
44
105
164
147
23
-142
-247
-279
-257
-204
-127
-34
10
-12
-53
-96
-140
-175
-167
-109
-34
34
67
30
-18
-38
-39
-48
-53
-30
-34
-70
-104
-104
-52
10
67
106
101
53
-42
-104
-95
-33
37
90
124
120
78
4
-69
-106
-108
-95
-59
-9
37
39
-7
-62
-101
-100
-81
-65
-55
-38
-23
-17
-5
42
104
138
106
46
23
19
32
62
122
165
140
85
61
71
78
73
70
80
83
44
10
23
44
32
25
60
81
26
-60
-112
-123
-85
-14
54
95
103
48
-51
-115
-84
-6
45
86
137
151
100
13
-47
-29
39
75
63
34
21
-16
-93
-118
-37
43
7
-70
-83
-62
-95
-152
-123
-45
-20
-69
-103
-88
-47
-28
-46
-47
-13
-15
-85
-134
-106
-36
16
38
63
75
62
20
-42
-62
2
84
125
145
151
113
19
-61
-70
-44
-24
3
28
21
-15
-50
-75
-103
-109
-71
-31
-34
-53
-58
-70
-88
-81
-24
24
29
8
-14
-28
-24
-21
-2
73
169
205
172
141
115
59
1
-7
40
100
124
117
98
72
11
-79
-139
-137
-111
-96
-76
-56
-29
-30
-70
-117
-122
-103
-97
-76
-22
29
54
81
110
123
121
117
93
60
65
96
101
90
104
132
122
51
-23
-64
-93
-111
-88
-22
47
64
26
-29
-56
-60
-82
-114
-81
5
37
13
-5
-25
-84
-145
-138
-66
21
85
102
59
-17
-71
-84
-55
20
118
177
157
91
31
-16
-68
-86
-52
5
61
87
74
24
-34
-90
-141
-147
-88
-23
-13
-34
-45
-68
-86
-76
-56
-53
-32
13
35
7
-22
-12
-15
-21
31
128
189
165
86
14
-22
-31
6
65
113
105
49
-13
-38
-25
-20
-19
-10
3
-10
-33
-48
-54
-65
-52
-4
25
13
-15
-57
-106
-135
-113
-37
46
98
92
35
-26
-49
-41
-10
41
84
88
67
41
41
64
71
47
30
37
38
18
2
26
70
98
99
76
37
-24
-106
-155
-132
-48
31
59
40
5
-29
-80
-122
-122
-78
-26
7
28
42
48
34
-16
-60
-49
3
35
39
58
81
74
34
13
33
59
56
15
-32
-42
-37
-52
-77
-58
-15
-9
-43
-73
-82
-104
-144
-164
-122
-37
30
33
0
-19
-33
-74
-89
-39
36
77
79
79
76
58
40
44
68
98
103
75
27
3
10
12
6
13
23
5
-35
-66
-83
-83
-67
-46
-23
-2
6
-11
-37
-41
-14
1
-2
3
35
51
34
26
51
84
91
103
128
136
110
71
34
13
18
31
39
39
40
21
-28
-86
-125
-130
-120
-94
-56
-2
30
10
-42
-75
-88
-93
-78
-27
44
86
81
37
-4
-18
-18
-19
-3
51
92
80
45
28
34
27
8
17
50
68
45
0
-24
-25
-34
-53
-55
-18
21
10
-44
-87
-89
-100
-116
-92
-38
9
13
-19
-42
-45
-52
-65
-58
-13
42
69
63
61
63
48
26
22
47
90
108
82
49
32
26
15
8
27
57
49
2
-51
-92
-116
-129
-120
-85
-43
-20
-27
-63
-105
-130
-139
-122
-70
9
79
107
88
41
10
-2
0
18
67
127
143
116
90
82
72
56
52
68
76
69
42
1
-27
-22
-11
-31
-48
-57
-79
-126
-151
-114
-66
-51
-44
-36
-26
-32
-31
-24
-17
2
24
29
22
38
61
66
56
61
72
71
55
42
43
47
50
44
39
47
38
-3
-41
-47
-24
-19
-25
-20
-11
-21
-48
-56
-40
-27
-38
-58
-57
-41
-31
-31
-22
-9
-5
-14
-19
-18
-10
-3
7
27
52
77
87
80
66
51
33
20
27
37
36
20
4
-14
-28
-31
-31
-38
-41
-34
-33
-40
-35
-17
-5
-3
-18
-39
-61
-79
-81
-62
-26
5
22
24
11
-5
-14
-13
4
46
93
109
97
89
78
51
26
23
38
43
31
18
17
17
6
-17
-36
-37
-45
-61
-66
-45
-26
-29
-47
-51
-42
-42
-51
-45
-20
3
7
-1
11
33
41
40
45
53
48
23
0
0
14
25
30
35
43
36
3
-23
-19
-8
-12
-26
-32
-27
-44
-68
-73
-68
-69
-83
-94
-94
-80
-63
-46
-24
9
36
31
16
17
20
17
26
56
78
78
73
68
51
28
18
25
39
52
62
64
47
22
0
-14
-17
-19
-27
-47
-64
-75
-86
-83
-55
-26
-14
-9
-9
-9
-14
-11
12
46
74
86
77
60
46
31
24
34
58
72
63
44
29
14
-1
-14
-9
2
-5
-28
-49
-58
-70
-81
-73
-54
-39
-43
-44
-36
-26
-22
-10
11
31
44
47
42
30
24
18
10
8
11
24
22
12
12
11
3
-12
-15
-8
-6
-11
-18
-23
-24
-23
-18
-11
1
5
-4
-15
-16
-12
-7
-4
2
15
24
17
0
-13
-22
-34
-42
-33
-7
22
43
44
28
13
-9
-22
-21
3
37
58
60
49
24
-4
-28
-33
-21
7
36
40
27
4
-22
-37
-49
-47
-37
-29
-26
-37
-42
-45
-51
-55
-53
-36
-16
-8
-8
-1
11
4
-5
3
22
36
43
45
43
41
39
21
6
16
33
41
41
42
34
17
-1
-17
-21
-5
14
12
1
-3
-4
-11
-19
-6
7
10
2
-5
-2
3
11
18
24
24
19
13
-1
-2
13
32
45
52
52
43
22
1
-1
7
13
13
-1
-15
-30
-45
-68
-73
-60
-47
-45
-53
-54
-50
-56
-64
-61
-49
-35
-21
-10
-3
-3
-4
-2
-5
-1
12
24
23
24
28
25
21
22
29
36
38
39
37
27
13
2
-7
-8
-8
-9
-19
-30
-31
-29
-28
-28
-14
-5
-12
-19
-24
-25
-20
-8
9
25
36
35
23
9
7
9
16
31
47
57
48
29
9
-10
-26
-26
-8
9
16
13
0
-12
-21
-30
-15
9
29
39
37
34
24
9
-2
0
8
8
-1
-6
-13
-19
-22
-23
-9
4
6
-2
-10
-15
-16
-21
-17
-8
0
9
6
1
0
-5
-10
-11
-6
4
11
6
2
-5
-13
-17
-22
-21
-13
-9
-4
-3
-4
-2
-5
-7
-8
-10
-13
-14
-12
-12
-6
4
7
9
6
3
0
-6
-5
5
20
33
42
48
44
31
16
8
6
4
17
28
32
35
24
11
0
-10
-20
-26
-18
-5
5
14
15
7
-7
-22
-34
-43
-35
-20
-12
-9
-5
-4
-16
-27
-30
-24
-14
-4
10
25
33
31
25
17
13
7
6
13
15
20
18
6
-4
-6
-12
-18
-16
-14
-17
-27
-37
-45
-44
-40
-30
-20
-12
-8
-14
-15
-18
-16
-9
5
24
40
53
56
48
30
11
-4
-6
3
16
29
41
35
12
-11
-28
-36
-28
-13
4
16
22
13
3
-8
-12
-9
-1
9
19
23
19
8
-7
-12
-16
-13
-7
-3
-7
-13
-18
-25
-23
-21
-12
-4
1
3
-1
-7
-7
-4
0
13
25
32
30
21
13
-1
-11
-12
-7
-1
-2
-4
-7
-16
-30
-42
-44
-35
-26
-13
-2
7
12
2
-12
-17
-13
-3
5
18
31
38
39
31
24
20
24
29
36
38
41
34
19
4
-7
-14
-16
-14
-8
-5
-7
-13
-23
-29
-26
-22
-12
-3
4
12
12
7
6
10
10
10
11
9
9
5
0
-6
-6
2
4
-1
-1
-2
-8
-12
-15
-13
-9
-6
-1
-1
-5
-3
1
1
2
1
0
-1
-4
-7
-7
-7
-9
-16
-21
-21
-24
-28
-23
-5
12
17
13
14
13
15
12
15
27
38
51
47
37
26
14
-3
-12
-15
-13
-11
-10
-9
-14
-22
-28
-33
-34
-30
-25
-24
-19
-13
-13
-13
-16
-12
-5
3
12
20
27
29
32
31
26
24
25
22
19
19
17
9
-2
-9
-13
-15
-14
-13
-13
-11
-14
-20
-23
-21
-22
-18
-9
-2
3
2
0
0
1
8
13
21
24
18
12
6
-1
-9
-7
-2
3
7
5
3
-2
-10
-12
-12
-9
-4
-3
0
0
1
-3
-5
-7
-5
-3
-3
1
3
8
16
15
12
15
12
7
6
2
1
-1
-6
-8
-6
-7
-15
-18
-17
-13
-8
-3
-1
-2
-1
4
5
6
11
13
14
15
21
20
15
11
5
2
-2
-1
-2
-8
-10
-13
-21
-19
-14
-10
-9
-12
-12
-11
-10
-7
-3
-4
-9
-14
-15
-15
-10
-5
1
1
-7
-11
-15
-19
-14
-5
10
25
32
32
25
18
9
12
19
27
33
31
23
13
-2
-8
-5
0
6
12
16
16
11
2
-5
-4
-2
4
8
10
8
2
-1
-9
-13
-10
0
3
1
0
-1
-6
-10
-10
-8
-1
5
8
5
4
-1
-3
0
1
5
3
0
-2
-8
-11
-9
-10
-5
-2
-1
0
-5
-8
-10
-11
-10
-5
-2
-1
-3
-4
-6
-10
-9
-6
-2
-1
2
2
-2
-8
-12
-12
-11
-10
-8
-7
-1
-1
-7
-4
-5
-8
-7
-7
-5
-4
-2
-4
-5
-7
-7
-6
2
6
8
7
7
8
4
1
1
2
5
7
5
0
-5
-5
-1
5
9
14
14
11
5
2
0
1
7
18
25
23
17
11
8
7
6
8
14
15
10
6
3
0
-6
-9
-5
-4
-5
-2
-1
-3
-9
-15
-13
-9
0
4
3
5
5
6
2
1
1
0
1
1
-2
-2
-2
-7
-6
-7
-8
-8
-10
-5
-3
-1
1
3
4
5
6
9
15
14
6
1
-4
-7
-11
-13
-7
-7
-6
-8
-12
-16
-23
-22
-18
-9
0
1
-3
-8
-13
-15
-12
-4
6
17
17
12
5
-2
-9
-13
-8
0
9
16
13
9
2
-4
-8
-4
5
12
16
16
12
6
0
-4
-10
-9
-2
3
3
4
-2
-5
-8
-13
-12
-4
4
7
9
7
6
3
4
6
10
16
16
14
12
7
3
2
7
13
14
16
12
5
-4
-9
-12
-8
-4
1
4
2
-3
-11
-13
-9
-6
-2
5
10
10
7
5
1
0
-3
2
6
7
8
7
3
-1
-1
-1
2
5
9
9
4
-3
-7
-8
-13
-14
-9
-5
-4
-2
-3
-4
-4
-8
-8
-4
0
0
-3
-5
1
-6
-9
-5
-5
-5
-6
-7
-6
-7
-8
-11
-14
-12
-8
-3
2
6
10
10
4
-2
-5
-3
1
3
4
5
4
-2
-9
-12
-14
-12
-5
-1
1
-1
-2
-6
-9
-11
-8
0
4
9
9
4
-1
-6
-6
-3
3
7
9
10
6
-1
-2
-5
1
3
9
14
13
9
5
4
5
10
14
17
17
17
11
5
2
-2
-1
2
5
1
1
3
-1
-4
-4
-2
1
2
-1
-1
-3
-4
-5
-5
-3
-1
-1
0
-1
-4
-6
-7
-5
-3
1
3
3
2
-1
-3
-3
-4
-4
-2
2
2
1
-1
-5
-12
-13
-13
-10
-7
-6
-4
-5
-5
-6
-6
-6
-3
-2
-3
-2
0
3
8
6
3
4
5
5
5
6
6
8
7
7
5
2
2
2
5
7
7
6
4
3
0
0
4
2
-1
3
2
2
6
5
9
9
12
12
7
7
3
1
-1
2
3
5
9
5
2
-3
-5
-6
-7
-3
-2
0
-1
-6
-8
-8
-7
-6
-1
4
2
6
2
-3
-3
-5
-4
0
2
2
1
-4
-6
-8
-9
-7
-4
-2
-3
-7
-15
-15
-14
-15
-11
-8
-3
0
-4
-4
-9
-8
-8
-6
-1
3
9
10
10
6
2
1
1
4
4
8
9
5
3
-4
-10
-16
-16
-12
-9
-6
-4
-2
-3
-2
-5
-4
3
8
15
16
13
10
5
3
2
3
7
9
8
4
0
-4
-5
-5
-6
-2
2
4
4
3
1
-4
-6
-5
0
4
6
7
6
6
8
9
11
11
8
9
11
11
8
4
0
-3
-2
-3
-4
-5
-5
-5
-6
-7
-5
-5
-2
-3
-4
-4
-4
-4
-4
-4
-2
1
3
9
10
7
4
0
-4
-9
-10
-10
-10
-9
-10
-11
-12
-13
-11
-9
-9
-4
-2
0
1
4
4
5
5
9
10
12
16
15
11
8
8
11
11
11
11
12
12
10
12
12
14
13
13
15
14
11
5
3
-1
1
7
8
7
7
1
-6
-11
-15
-18
-21
-19
-17
-14
-13
-15
-17
-16
-17
-19
-20
-15
-13
-15
-15
-17
-15
-16
-12
-9
-8
-3
-4
-9
-12
-11
-10
-9
-9
-6
-2
0
-1
0
3
3
4
6
6
6
5
8
11
11
12
14
13
13
14
14
15
17
16
15
13
10
7
5
3
3
2
3
5
2
2
2
0
0
0
-3
1
2
5
6
6
6
3
1
1
-1
-3
0
2
3
2
0
-2
-2
-2
-3
-5
0
-1
-4
-6
-8
-8
-8
-7
-8
-7
-6
-7
-5
-1
2
3
8
7
5
5
3
1
0
1
2
1
-1
-1
-3
-2
-5
-6
-4
-9
-11
-10
-9
-9
-11
-10
-5
-4
-2
0
-1
-2
-1
-1
0
4
9
11
7
5
3
3
4
3
2
2
5
2
-1
-4
-5
-3
-5
-4
-3
-2
1
2
0
3
1
3
5
5
1
-1
-2
-3
-1
2
4
4
6
6
5
6
4
4
4
3
2
1
3
1
-3
-4
-2
3
1
1
1
1
0
-1
1
0
-2
-4
-6
-6
-6
-4
-2
-2
-2
-1
1
0
-1
-6
-8
-6
-4
-3
-3
1
3
4
6
6
9
12
13
12
7
4
4
4
5
5
4
4
2
1
2
0
0
1
0
-1
-1
-1
-3
-4
-8
-6
-5
-4
-4
-3
-2
-2
-2
-2
-3
-3
-2
0
-1
0
1
-2
-3
-3
-5
-7
-4
-3
-1
1
0
0
0
1
1
1
0
2
0
0
2
-1
0
-2
-5
-6
-3
-6
-6
-3
-3
-3
-3
-2
-3
-2
-4
-5
-7
-6
-5
-4
-1
0
-2
-2
0
1
0
0
0
3
2
2
2
4
4
2
2
4
4
3
5
5
3
2
3
3
3
3
4
3
3
3
4
4
4
4
2
0
0
-1
2
3
3
2
3
6
6
9
7
9
8
7
8
5
4
4
3
3
2
-1
-2
-3
-4
-5
-4
-5
-6
-6
-10
-10
-10
-11
-9
-9
-8
-7
-7
-8
-6
-7
-7
-6
-7
-5
-3
-3
-2
-1
0
0
1
0
2
2
0
-1
-1
-3
-3
-3
-3
-1
-1
-1
3
4
3
4
2
4
3
