-60
-39
-18
0
16
29
41
58
77
94
108
112
103
76
31
-27
-95
-164
-224
-269
-291
-287
-255
-191
-104
-2
112
223
317
385
421
420
378
297
182
45
-100
-241
-357
-434
-466
-447
-382
-273
-141
-3
129
235
303
334
328
292
232
157
76
-2
-71
-127
-164
-182
-179
-159
-125
-79
-32
11
48
77
95
106
109
105
95
78
57
36
10
-16
-41
-65
-84
-95
-96
-82
-58
-27
11
53
95
132
152
147
115
58
-15
-95
-175
-236
-273
-281
-257
-204
-120
-17
90
187
259
306
314
290
235
159
66
-31
-118
-186
-223
-235
-222
-188
-138
-78
-14
44
86
111
118
111
91
68
46
23
0
-19
-31
-38
-38
-34
-28
-17
-3
14
34
52
66
69
64
50
26
-5
-41
-72
-97
-111
-114
-100
-77
-42
-2
37
74
101
116
117
109
89
67
40
9
-24
-55
-84
-106
-117
-119
-107
-84
-49
-3
44
87
119
138
138
120
82
31
-25
-82
-132
-171
-190
-185
-153
-95
-23
60
138
209
255
271
254
201
116
17
-89
-185
-255
-298
-308
-284
-232
-159
-73
15
99
176
236
277
297
292
262
210
139
57
-37
-125
-200
-256
-288
-296
-276
-225
-150
-59
41
139
223
281
309
306
275
214
130
33
-67
-156
-219
-260
-268
-242
-194
-126
-46
36
109
160
185
181
149
95
24
-55
-131
-194
-233
-237
-201
-141
-63
25
108
184
241
272
276
250
201
132
54
-30
-112
-192
-258
-302
-329
-328
-300
-243
-163
-66
38
142
238
318
378
410
413
382
314
213
90
-53
-201
-338
-448
-519
-538
-503
-416
-284
-118
65
249
407
527
588
585
522
407
254
82
-90
-241
-357
-428
-447
-414
-343
-249
-144
-39
54
130
183
212
219
207
181
142
97
46
-7
-63
-112
-154
-180
-185
-171
-134
-73
1
76
147
201
236
244
229
187
120
34
-68
-170
-259
-320
-349
-336
-283
-193
-75
60
190
301
378
410
395
336
237
113
-25
-163
-285
-382
-445
-463
-435
-361
-243
-101
49
193
321
416
469
481
443
368
257
123
-17
-153
-269
-355
-408
-419
-392
-330
-237
-127
-13
97
193
270
326
354
352
318
257
173
74
-31
-132
-219
-286
-325
-330
-300
-232
-141
-36
70
165
238
281
289
265
211
136
44
-51
-140
-210
-254
-267
-248
-204
-135
-51
38
120
190
238
257
252
220
163
86
-6
-100
-191
-265
-309
-320
-298
-246
-168
-71
39
142
228
284
309
301
259
192
103
6
-86
-166
-225
-257
-262
-243
-203
-144
-74
-1
75
143
197
233
247
233
202
156
101
36
-28
-88
-137
-171
-188
-187
-168
-135
-93
-41
19
73
123
160
176
170
145
103
51
-5
-59
-107
-144
-166
-171
-156
-127
-85
-33
25
81
131
168
195
195
168
117
46
-35
-115
-185
-236
-255
-239
-191
-117
-24
74
160
230
279
294
274
220
139
42
-58
-153
-227
-274
-287
-266
-218
-154
-75
7
83
145
185
211
222
219
201
168
124
69
8
-57
-112
-158
-190
-203
-194
-168
-123
-64
-2
58
107
146
172
180
172
146
104
48
-12
-70
-120
-158
-180
-184
-173
-148
-111
-66
-16
34
77
117
151
168
167
146
110
59
2
-58
-105
-137
-151
-145
-118
-74
-17
44
94
134
151
145
121
74
12
-58
-125
-181
-221
-232
-214
-169
-102
-26
53
122
171
196
197
175
135
86
36
-10
-46
-65
-77
-87
-87
-85
-79
-70
-56
-36
-8
22
52
83
106
121
121
112
95
63
24
-18
-58
-88
-106
-112
-102
-83
-55
-19
19
58
90
113
122
125
115
98
75
43
8
-29
-65
-97
-121
-133
-129
-111
-78
-33
20
71
110
133
143
130
97
49
-8
-70
-130
-181
-215
-227
-211
-169
-107
-29
54
129
187
218
218
186
133
66
-2
-62
-102
-124
-127
-116
-92
-61
-29
-1
22
37
46
51
55
62
65
63
54
42
19
-6
-30
-57
-85
-108
-121
-118
-103
-74
-35
12
65
117
166
204
231
236
219
174
108
28
-59
-141
-208
-252
-268
-258
-218
-158
-80
4
84
151
198
216
206
174
124
64
-4
-72
-133
-183
-216
-232
-222
-191
-143
-82
-12
60
122
169
201
210
201
169
120
64
4
-51
-91
-122
-130
-115
-90
-56
-21
10
38
58
71
82
89
86
74
54
27
-5
-43
-81
-113
-133
-141
-135
-112
-74
-22
37
97
149
189
218
225
210
171
107
31
-50
-128
-194
-237
-255
-250
-217
-164
-97
-24
50
115
164
191
195
179
148
106
52
2
-45
-92
-128
-153
-167
-171
-164
-147
-121
-88
-45
7
65
124
179
220
241
238
207
150
75
-14
-99
-171
-221
-243
-238
-206
-147
-69
20
106
180
235
261
254
217
155
74
-14
-100
-177
-230
-255
-252
-220
-165
-95
-13
70
143
199
234
245
233
201
154
98
36
-24
-74
-119
-152
-172
-182
-177
-162
-138
-106
-66
-21
30
81
128
165
186
189
168
129
74
9
-62
-126
-175
-205
-213
-201
-172
-130
-77
-20
35
82
119
142
150
143
123
96
63
27
-6
-28
-40
-46
-43
-33
-21
-7
7
20
28
32
30
21
8
-8
-27
-45
-60
-69
-74
-70
-58
-43
-20
6
36
61
81
94
100
97
79
58
29
-3
-34
-60
-75
-83
-87
-81
-67
-49
-26
-1
24
47
63
74
82
85
86
75
54
27
-6
-44
-80
-109
-131
-137
-128
-108
-77
-41
-4
27
53
69
77
80
80
77
70
63
57
53
49
42
26
5
-20
-50
-81
-106
-124
-134
-131
-111
-73
-26
28
83
130
164
181
180
161
123
67
8
-47
-96
-138
-164
-177
-178
-166
-145
-112
-67
-22
28
74
117
155
182
201
205
195
171
134
83
24
-37
-98
-154
-198
-229
-240
-229
-196
-146
-80
-6
69
139
195
232
240
222
181
119
47
-30
-99
-154
-187
-198
-187
-154
-111
-61
-13
30
64
88
104
109
99
83
67
46
25
7
-8
-22
-33
-42
-49
-53
-52
-49
-41
-27
-6
18
40
54
55
50
33
9
-23
-58
-90
-113
-123
-120
-100
-62
-14
38
89
132
164
179
179
160
120
70
16
-42
-94
-137
-167
-183
-178
-157
-125
-81
-27
28
83
131
168
192
203
196
171
137
93
38
-22
-80
-128
-164
-182
-184
-167
-134
-87
-36
19
65
103
127
137
133
117
92
59
22
-16
-48
-75
-94
-107
-109
-102
-87
-62
-32
1
35
62
81
91
87
69
41
8
-29
-66
-96
-118
-126
-122
-102
-66
-22
28
77
118
147
161
159
142
110
66
17
-31
-78
-120
-147
-163
-162
-149
-125
-92
-49
-1
49
98
138
171
191
193
179
147
105
57
3
-50
-96
-131
-155
-168
-165
-150
-118
-78
-32
17
61
97
123
135
137
127
112
87
55
18
-21
-60
-94
-118
-132
-138
-131
-113
-83
-46
-9
31
62
86
97
94
81
63
37
7
-22
-46
-63
-71
-70
-61
-45
-28
-11
8
25
36
45
46
42
31
14
-4
-25
-45
-62
-73
-72
-61
-39
-9
29
65
96
119
131
129
114
88
53
13
-20
-49
-71
-91
-105
-111
-113
-109
-94
-69
-36
2
46
95
140
176
197
198
179
138
85
27
-39
-99
-154
-195
-216
-215
-196
-160
-112
-54
6
66
117
157
182
189
180
152
113
67
15
-37
-84
-118
-138
-146
-142
-128
-108
-80
-51
-19
12
39
61
74
80
79
72
60
39
14
-8
-27
-41
-45
-42
-31
-17
-1
15
27
32
29
21
6
-14
-33
-46
-49
-46
-39
-26
-7
14
36
58
77
89
98
102
96
84
62
29
-13
-57
-102
-140
-164
-170
-165
-142
-107
-63
-14
34
78
113
136
147
146
135
116
89
54
21
-15
-46
-70
-93
-111
-123
-123
-115
-97
-74
-47
-16
15
38
56
70
76
78
77
72
66
59
51
43
36
28
12
-7
-28
-45
-60
-68
-68
-62
-53
-42
-31
-17
-2
9
21
32
47
65
78
86
90
82
65
42
17
-10
-33
-57
-77
-86
-92
-89
-85
-77
-69
-61
-45
-25
-1
26
51
72
89
96
96
86
64
37
2
-34
-63
-87
-97
-99
-96
-84
-68
-47
-25
-4
16
31
46
61
72
83
83
76
61
40
19
-2
-16
-24
-30
-27
-17
1
18
32
38
38
32
20
6
-7
-18
-26
-34
-39
-41
-38
-30
-19
-4
13
28
42
56
61
64
57
42
27
8
-14
-32
-51
-65
-75
-79
-79
-69
-53
-38
-22
-3
19
38
59
73
80
81
75
62
41
13
-21
-59
-97
-127
-146
-150
-141
-120
-89
-46
-3
38
74
98
112
114
108
92
68
40
7
-26
-52
-69
-76
-70
-51
-24
8
42
74
102
122
127
119
98
68
36
4
-28
-56
-79
-101
-114
-122
-119
-106
-84
-53
-17
21
57
91
120
138
143
134
113
81
42
0
-44
-81
-112
-137
-148
-144
-130
-101
-61
-19
27
66
98
124
131
125
104
69
30
-12
-53
-85
-107
-117
-110
-94
-74
-48
-18
11
34
52
62
62
56
45
27
7
-16
-38
-50
-58
-56
-48
-32
-8
17
44
72
96
114
121
115
103
79
51
18
-19
-57
-91
-123
-149
-164
-169
-156
-125
-83
-26
37
103
161
206
234
238
219
179
123
55
-14
-80
-134
-174
-199
-212
-209
-190
-158
-111
-51
12
75
129
174
204
212
201
170
123
69
9
-47
-100
-139
-166
-185
-187
-181
-163
-132
-93
-48
-8
32
64
85
100
106
99
87
67
45
22
2
-18
-32
-41
-47
-40
-27
-8
13
37
56
66
70
67
56
39
18
-4
-26
-47
-65
-80
-83
-77
-68
-45
-8
27
64
97
117
127
125
108
80
42
2
-37
-73
-100
-120
-131
-130
-121
-104
-73
-37
4
44
79
110
130
142
138
120
92
55
14
-27
-66
-92
-113
-125
-124
-118
-99
-71
-45
-19
9
29
48
59
59
54
45
31
14
-3
-17
-22
-29
-33
-30
-29
-20
-7
9
26
43
58
61
58
50
34
20
5
-12
-27
-40
-51
-61
-62
-59
-52
-35
-10
17
48
76
98
116
118
103
82
48
13
-18
-49
-74
-91
-104
-107
-102
-89
-62
-28
5
40
68
91
110
117
115
106
84
61
35
0
-35
-67
-95
-112
-118
-117
-105
-89
-71
-48
-23
0
25
41
55
64
65
64
55
42
25
3
-15
-32
-43
-45
-44
-37
-23
-14
-9
-7
-10
-10
-13
-14
-10
-8
0
4
8
12
8
5
9
5
10
20
23
33
40
45
47
49
45
31
19
4
-13
-22
-42
-59
-70
-75
-64
-49
-26
13
43
75
104
118
122
112
90
62
23
-15
-50
-77
-90
-92
-92
-81
-69
-55
-31
-12
8
22
29
31
26
12
-2
-17
-31
-34
-35
-34
-25
-18
0
9
18
26
20
29
26
12
16
-4
-21
-31
-49
-42
-40
-39
-26
-22
-7
5
13
30
44
52
64
68
64
62
50
36
20
-7
-30
-47
-69
-79
-83
-75
-56
-39
-14
11
35
61
82
98
107
106
91
68
37
1
-36
-65
-85
-85
-80
-59
-38
-23
3
16
30
49
54
72
72
59
53
20
-8
-34
-69
-86
-100
-100
-88
-73
-49
-31
-7
12
21
30
34
32
41
37
30
29
13
3
-4
-15
-18
-23
-21
-18
-12
7
9
18
26
23
33
36
27
23
9
-9
-21
-39
-50
-43
-38
-23
2
10
31
46
48
65
68
65
66
57
46
29
5
-13
-44
-63
-73
-87
-72
-58
-53
-17
5
22
52
61
75
73
65
55
27
9
-18
-47
-63
-81
-93
-81
-81
-76
-58
-49
-29
-2
2
23
43
42
47
37
31
28
19
14
1
-12
-18
-26
-23
-18
-10
3
10
23
26
21
28
19
7
6
-10
-14
-26
-35
-22
-30
-33
-24
-30
-22
11
15
33
61
48
65
66
35
35
19
-9
-4
-31
-39
-30
-38
-24
-27
-22
-19
-11
5
11
30
48
43
57
42
31
14
-1
-14
-26
-21
-27
-34
-33
-34
-45
-26
-31
-16
-1
10
26
38
54
49
36
32
8
-2
-3
-14
-3
-8
-6
-18
-18
-23
-33
-10
-15
-9
41
12
29
39
-21
3
-17
-41
0
-13
-8
6
-7
-9
-2
-12
-15
-2
-1
9
15
24
17
5
9
-7
-11
-5
-32
-20
-4
-19
1
9
3
21
16
23
26
35
43
30
45
31
2
11
-4
-33
-28
-43
-51
-44
-43
-33
-5
-8
18
11
15
15
-5
2
-21
-18
-19
-27
-23
-6
-11
-9
11
11
22
37
45
46
45
55
30
19
14
-23
-24
-46
-45
-34
-37
-15
-21
-7
-16
-8
2
-13
-4
5
-1
17
21
17
25
7
7
-15
-41
-30
-53
-40
-13
-21
11
4
18
14
14
39
40
61
57
65
46
36
9
-21
-11
-28
-34
-26
-25
-13
-7
23
-5
14
26
-17
12
-2
-34
-12
-32
-59
-26
-49
-47
0
-24
9
51
15
68
61
44
60
30
7
0
-22
-12
-36
-16
-19
-56
-19
-55
-36
4
-17
27
39
21
12
14
8
-16
20
16
-14
45
6
4
4
-4
-30
-33
-29
-51
-32
-20
-9
24
30
46
58
16
47
28
14
14
9
6
-7
-10
-23
-33
-18
-23
16
-6
46
37
-19
27
-17
-22
25
-21
-6
-16
-31
-36
-46
-23
-24
8
17
21
26
35
16
38
38
11
35
-14
-19
4
-19
-16
-6
-17
-42
-25
-33
-67
27
-22
5
47
-18
29
18
18
14
37
19
7
5
-28
-26
-43
-43
-17
-30
-14
-6
-28
-4
-18
4
10
-1
18
21
23
21
8
27
-15
9
-1
-16
11
-15
-6
9
1
-9
18
-4
21
21
31
13
42
23
0
12
-17
-5
-16
11
13
30
22
22
-11
-5
-7
-12
-4
0
-1
11
-13
-8
-7
-48
14
-15
-8
-9
-16
-24
-25
-27
-21
-12
-9
11
-3
34
7
9
18
26
45
23
34
10
-9
-21
-26
-38
-30
-22
-27
23
6
5
7
-2
-28
1
-18
-20
-17
-22
-9
7
12
12
12
-26
-10
-30
-7
16
-2
19
-11
-5
-14
-9
6
18
28
35
53
31
30
22
6
1
-1
-4
7
-12
22
8
14
17
-6
-6
-12
-5
4
21
8
5
-27
-43
-59
-68
-42
-14
-2
15
22
16
9
11
11
16
22
46
31
43
45
21
33
3
-5
-11
-27
-23
-29
-14
-15
-14
-24
-35
-23
-23
-12
1
-2
23
2
-12
-4
-44
-26
-42
-44
-6
-22
-5
-3
1
11
7
4
15
19
34
59
56
55
50
22
8
7
-18
7
-15
-7
25
0
20
16
1
20
10
11
-8
-27
-12
-30
-13
-17
-35
-44
-45
-61
-53
-21
-11
-4
14
38
24
44
39
42
33
69
42
21
32
-7
-8
-4
7
18
14
24
-9
-32
-11
-16
-8
4
6
-15
-18
-28
-39
-43
-43
-59
-54
-51
-65
-42
-49
-32
9
-2
29
44
17
44
42
43
52
68
47
39
40
-6
-4
-15
-38
-18
-11
7
22
39
48
38
27
-2
-1
-24
-21
0
-17
7
-6
-43
-58
-63
-76
-51
-16
-9
10
18
7
16
13
16
30
19
13
29
14
18
26
17
18
20
7
-11
9
5
22
31
18
5
-26
-41
-47
-41
-28
-12
-9
-10
-23
-41
-55
-53
-57
-39
-13
-12
1
11
30
-3
-11
-12
-29
6
9
22
50
56
65
51
48
56
27
44
44
42
35
20
0
3
-1
-16
8
-16
5
14
10
15
-14
-35
-64
-85
-86
-74
-58
-35
-21
-10
-1
1
15
28
44
48
45
24
5
-9
-9
-13
20
38
33
36
25
26
17
23
5
-9
-19
-38
-33
-24
-6
15
11
23
31
22
13
-4
-25
-35
-30
-59
-64
-66
-61
-35
-35
5
24
23
34
3
25
30
25
40
25
37
32
6
19
7
7
18
-3
-10
-16
-26
-31
-17
-21
10
13
20
35
24
26
8
-17
-29
-40
-56
-61
-57
-38
-32
-13
-2
1
18
34
44
59
81
73
60
41
21
-6
-22
-23
-28
-24
-8
0
-16
-1
0
1
6
5
13
12
4
5
-18
-24
-19
-39
-32
-19
-15
-24
-31
-37
-58
-49
-52
-39
-9
-2
6
21
29
35
43
40
45
38
33
19
-4
-2
-3
-14
-1
-6
-10
-10
-9
11
24
47
61
26
31
7
-21
-18
-24
-10
-1
-4
-19
-17
-24
-30
-8
-8
-11
7
-7
-3
0
1
13
22
36
43
31
32
8
-8
1
-16
-13
-20
-26
-17
-17
5
12
23
35
31
41
33
25
7
-16
-22
-30
-42
-36
-24
-37
-13
-9
-14
-3
-11
-1
1
7
14
13
11
9
-3
-8
-6
-7
-5
15
13
9
11
-5
-12
-22
-25
-29
-21
-12
-16
-11
-5
-4
2
11
26
32
35
34
20
5
-4
-16
-26
-34
-43
-33
-34
-26
-9
4
22
26
18
14
13
10
9
7
5
-4
-5
-12
-16
-13
-13
-4
-12
-9
-3
-12
-6
5
11
27
36
38
38
33
34
32
25
15
4
-20
-26
-30
-25
-14
5
24
30
42
49
50
51
50
38
28
3
-17
-44
-69
-83
-94
-83
-70
-52
-26
2
13
28
39
39
49
50
42
31
24
13
3
-6
-6
-13
-22
-24
-16
-5
7
24
32
37
41
31
15
18
-1
-3
-13
-30
-35
-42
-46
-50
-48
-40
-33
-39
-24
-17
-2
8
11
9
4
6
-1
-4
-2
7
-3
-11
-27
-36
-47
-53
-53
-43
-25
-20
-11
-11
4
-1
0
1
0
-2
-5
-18
-31
-35
-40
-42
-45
-38
-27
-10
-8
11
17
22
27
20
20
30
21
3
2
-9
-16
-23
-19
-14
3
17
28
49
61
81
90
102
112
113
109
110
108
100
114
110
109
110
108
103
105
114
130
148
166
189
204
216
228
223
219
217
197
183
154
134
111
89
76
67
68
81
93
107
128
147
150
134
104
46
-28
-107
-192
-280
-369
-458
-543
-629
-708
-774
-829
-882
-940
-992
-1060
-1164
-1306
-1495
-1679
-1865
-2038
-2184
-2305
-2351
-2308
-2164
-1920
-1553
-1104
-570
16
619
1243
1846
2388
2828
3160
3375
3488
3494
3402
3247
3053
2841
2621
2407
2216
2044
1870
1682
1477
1233
954
617
224
-211
-671
-1155
-1624
-2061
-2424
-2661
-2793
-2775
-2610
-2311
-1878
-1348
-738
-95
552
1174
1727
2179
2511
2711
2779
2724
2561
2302
1970
1598
1184
764
359
-29
-387
-710
-1005
-1258
-1452
-1604
-1700
-1754
-1753
-1710
-1632
-1501
-1334
-1146
-939
-735
-555
-392
-269
-184
-133
-140
-182
-263
-387
-526
-706
-909
-1137
-1413
-1737
-2116
-2589
-3108
-3684
-4265
-4802
-5301
-5694
-5974
-6067
-5933
-5559
-4959
-4141
-3159
-2019
-774
501
1786
3008
4123
5092
5879
6498
6948
7200
7281
7199
7006
6732
6383
5991
5552
5082
4563
3976
3337
2601
1773
851
-180
-1266
-2396
-3509
-4525
-5410
-6080
-6486
-6592
-6349
-5761
-4854
-3662
-2257
-709
874
2399
3790
4973
5886
6469
6730
6699
6444
5992
5385
4665
3926
3217
2528
1912
1333
804
287
-247
-804
-1384
-1994
-2651
-3328
-3973
-4508
-4929
-5185
-5228
-5049
-4621
-3963
-3110
-2086
-940
240
1374
2409
3296
3961
4359
4446
4234
3768
3079
2235
1296
358
-485
-1231
-1822
-2245
-2521
-2681
-2815
-2969
-3174
-3481
-3976
-4708
-5637
-6699
-7831
-8981
-10083
-10989
-11565
-11724
-11388
-10552
-9197
-7354
-5128
-2614
51
2735
5299
7579
9474
10918
11880
12369
12414
12058
11399
10552
9617
8683
7810
7031
6350
5756
5200
4630
3987
3213
2274
1130
-216
-1723
-3319
-4890
-6322
-7511
-8346
-8715
-8580
-7928
-6795
-5254
-3382
-1305
825
2869
4696
6214
7338
7982
8157
7889
7243
6300
5121
3830
2519
1269
130
-855
-1648
-2256
-2718
-3083
-3390
-3659
-3911
-4191
-4494
-4787
-5030
-5171
-5188
-5032
-4655
-4035
-3195
-2157
-968
335
1663
2898
3988
4847
5429
5681
5569
5121
4353
3342
2159
885
-367
-1527
-2516
-3266
-3782
-4043
-4075
-3951
-3732
-3519
-3371
-3351
-3564
-4033
-4759
-5697
-6778
-7964
-9175
-10247
-11047
-11445
-11351
-10742
-9565
-7866
-5724
-3218
-489
2318
5047
7530
9625
11256
12382
13000
13101
12733
11991
11004
9909
8787
7729
6786
6001
5382
4857
4403
3960
3449
2791
1918
795
-550
-2066
-3695
-5324
-6836
-8086
-8951
-9340
-9201
-8529
-7374
-5804
-3899
-1814
330
2383
4250
5825
6980
7678
7936
7775
7248
6405
5293
4051
2750
1461
221
-950
-2001
-2924
-3714
-4382
-4927
-5321
-5574
-5704
-5687
-5480
-5066
-4453
-3686
-2771
-1700
-502
751
1980
3150
4218
5085
5723
6119
6233
6075
5616
4864
3893
2769
1557
315
-894
-1980
-2867
-3511
-3905
-4075
-4025
-3805
-3525
-3265
-3073
-3004
-3170
-3631
-4359
-5315
-6442
-7703
-9041
-10299
-11311
-11950
-12126
-11786
-10879
-9405
-7433
-5053
-2376
466
3320
5998
8348
10279
11725
12647
13030
12913
12367
11524
10502
9387
8277
7248
6355
5621
5012
4480
3996
3487
2870
2077
1063
-144
-1520
-3036
-4590
-6079
-7383
-8369
-8948
-9054
-8648
-7754
-6390
-4657
-2676
-549
1594
3642
5473
6947
8006
8636
8840
8637
8059
7164
6020
4678
3235
1759
280
-1134
-2482
-3743
-4851
-5774
-6478
-6969
-7267
-7335
-7148
-6664
-5888
-4900
-3734
-2416
-990
510
2012
3427
4687
5727
6507
6994
7177
7057
6628
5886
4883
3689
2396
1063
-266
-1526
-2635
-3509
-4141
-4532
-4686
-4631
-4413
-4114
-3823
-3583
-3452
-3558
-3957
-4631
-5523
-6575
-7782
-9081
-10294
-11272
-11896
-12078
-11763
-10881
-9428
-7487
-5138
-2483
335
3196
5900
8303
10310
11869
12938
13488
13510
13084
12343
11372
10269
9097
7965
6960
6071
5266
4543
3886
3236
2513
1648
618
-567
-1880
-3288
-4729
-6116
-7314
-8220
-8742
-8835
-8470
-7657
-6421
-4828
-2997
-1026
968
2894
4623
6039
7083
7759
8068
7973
7483
6663
5623
4418
3049
1586
124
-1272
-2595
-3870
-5057
-6017
-6751
-7283
-7617
-7727
-7528
-7035
-6282
-5313
-4113
-2714
-1185
382
1936
3449
4853
6047
6939
7534
7836
7820
7463
6761
5781
4601
3260
1839
389
-1004
-2239
-3274
-4062
-4555
-4771
-4736
-4511
-4198
-3834
-3511
-3307
-3310
-3618
-4194
-5032
-6080
-7298
-8594
-9852
-10908
-11618
-11905
-11644
-10837
-9457
-7558
-5239
-2601
192
3033
5722
8102
10067
11554
12562
13052
13018
12540
11757
10781
9690
8557
7473
6526
5702
4978
4347
3779
3234
2611
1846
909
-181
-1415
-2783
-4216
-5627
-6889
-7912
-8603
-8865
-8693
-8050
-6972
-5492
-3713
-1762
286
2313
4197
5804
7054
7935
8424
8488
8123
7395
6384
5159
3743
2194
596
-975
-2465
-3878
-5144
-6186
-6966
-7469
-7708
-7647
-7246
-6530
-5536
-4328
-2914
-1335
321
1950
3473
4857
6060
7005
7617
7893
7849
7493
6819
5838
4664
3364
1983
548
-890
-2199
-3322
-4236
-4939
-5398
-5584
-5526
-5305
-4999
-4654
-4327
-4101
-4087
-4357
-4870
-5602
-6518
-7624
-8839
-9998
-10939
-11544
-11743
-11463
-10640
-9274
-7404
-5116
-2506
282
3109
5789
8195
10206
11771
12868
13439
13467
13038
12280
11330
10224
9027
7855
6817
5913
5111
4378
3739
3159
2515
1735
793
-262
-1438
-2745
-4139
-5530
-6770
-7752
-8405
-8676
-8526
-7931
-6877
-5437
-3694
-1751
308
2367
4257
5888
7182
8128
8669
8734
8348
7607
6580
5320
3849
2249
633
-961
-2455
-3835
-5045
-6045
-6842
-7387
-7671
-7675
-7365
-6779
-5945
-4859
-3567
-2072
-438
1225
2853
4368
5728
6849
7644
8080
8140
7801
7092
6040
4735
3265
1644
-31
-1655
-3123
-4341
-5266
-5893
-6189
-6178
-5903
-5413
-4828
-4219
-3688
-3313
-3200
-3432
-3982
-4800
-5842
-7100
-8493
-9863
-10991
-11768
-12096
-11939
-11208
-9873
-7998
-5671
-3002
-128
2808
5607
8102
10229
11928
13116
13742
13799
13371
12595
11596
10433
9181
7940
6813
5831
4995
4256
3631
3081
2512
1838
1030
110
-944
-2161
-3492
-4841
-6109
-7154
-7894
-8252
-8200
-7710
-6759
-5387
-3715
-1863
86
2023
3835
5394
6624
7496
7984
8061
7687
6968
6006
4870
3549
2057
490
-978
-2339
-3611
-4818
-5896
-6705
-7309
-7715
-7841
-7657
-7130
-6370
-5433
-4187
-2665
-970
740
2378
3985
5469
6708
7615
8123
8258
8017
7405
6443
5195
3768
2234
635
-943
-2363
-3526
-4422
-5101
-5503
-5583
-5368
-4963
-4455
-3934
-3424
-3038
-2888
-3032
-3487
-4211
-5165
-6352
-7697
-9077
-10326
-11260
-11805
-11883
-11457
-10451
-8829
-6714
-4219
-1482
1380
4225
6847
9085
10893
12241
13073
13323
13041
12413
11553
10514
9353
8172
7120
6229
5454
4793
4217
3707
3187
2546
1737
800
-279
-1510
-2910
-4388
-5781
-6973
-7906
-8508
-8707
-8482
-7797
-6700
-5244
-3528
-1658
267
2164
3870
5305
6441
7231
7638
7626
7225
6577
5758
4741
3558
2202
831
-441
-1660
-2836
-3959
-4949
-5708
-6317
-6739
-6858
-6649
-6128
-5429
-4493
-3180
-1638
-1
1613
3170
4688
6029
7023
7669
7908
7743
7226
6314
5106
3672
2118
529
-1110
-2623
-3845
-4745
-5366
-5703
-5704
-5360
-4764
-4062
-3289
-2543
-1942
-1558
-1499
-1811
-2466
-3438
-4652
-6093
-7684
-9273
-10665
-11701
-12296
-12415
-11982
-10935
-9247
-7062
-4535
-1797
1078
3925
6501
8689
10477
11843
12709
12991
12806
12341
11689
10850
9866
8862
7959
7192
6463
5762
5088
4439
3717
2818
1739
558
-721
-2158
-3734
-5278
-6625
-7719
-8547
-9035
-9074
-8655
-7797
-6537
-4972
-3160
-1212
734
2617
4322
5772
6895
7644
8025
7997
7625
6988
6126
5057
3794
2422
1116
-126
-1315
-2504
-3574
-4416
-5104
-5655
-5999
-6021
-5725
-5263
-4647
-3747
-2541
-1192
147
1403
2613
3785
4764
5455
5822
5880
5703
5255
4500
3529
2442
1296
75
-1188
-2303
-3193
-3906
-4462
-4787
-4818
-4603
-4255
-3807
-3313
-2840
-2491
-2324
-2440
-2876
-3603
-4557
-5713
-7077
-8565
-9957
-11079
-11853
-12212
-12108
-11427
-10123
-8274
-6005
-3436
-666
2206
4947
7397
9503
11253
12561
13307
13474
13255
12765
12027
11062
9964
8888
7915
7012
6161
5371
4663
3991
3216
2288
1238
108
-1156
-2626
-4191
-5660
-6938
-8008
-8818
-9215
-9120
-8563
-7552
-6139
-4404
-2470
-433
1603
3526
5205
6579
7607
8226
8409
8187
7636
6826
5739
4402
2922
1388
-66
-1450
-2779
-3939
-4866
-5543
-5988
-6226
-6140
-5718
-5098
-4331
-3422
-2311
-1052
165
1241
2220
3124
3923
4495
4777
4836
4712
4392
3855
3150
2363
1496
502
-587
-1620
-2526
-3321
-4036
-4602
-4938
-5033
-4912
-4645
-4291
-3872
-3461
-3128
-3041
-3274
-3764
-4466
-5404
-6617
-8028
-9378
-10500
-11319
-11762
-11740
-11115
-9854
-8034
-5761
-3150
-317
2602
5388
7868
9982
11679
12887
13510
13541
13164
12515
11647
10575
9390
8281
7338
6505
5737
5041
4467
3941
3284
2459
1510
449
-786
-2260
-3858
-5405
-6770
-7903
-8763
-9243
-9228
-8691
-7674
-6271
-4556
-2588
-477
1596
3469
5093
6454
7494
8079
8190
7912
7361
6570
5523
4283
2932
1525
136
-1201
-2489
-3664
-4729
-5627
-6317
-6804
-6959
-6757
-6268
-5555
-4643
-3417
-1888
-277
1265
2671
3990
5185
6084
6623
6819
6691
6255
5503
4532
3430
2230
958
-354
-1591
-2630
-3463
-4118
-4614
-4902
-4908
-4676
-4319
-3917
-3503
-3112
-2820
-2764
-3027
-3563
-4308
-5267
-6489
-7929
-9371
-10581
-11513
-12125
-12309
-11931
-10890
-9264
-7176
-4672
-1909
988
3846
6448
8710
10562
11930
12778
13045
12850
12399
11739
10881
9885
8909
8103
7418
6765
6130
5524
4936
4231
3315
2209
940
-463
-2048
-3758
-5407
-6846
-8010
-8849
-9307
-9259
-8663
-7584
-6109
-4354
-2412
-352
1690
3552
5104
6357
7321
7907
8047
7806
7347
6755
5953
4925
3776
2631
1551
446
-737
-1876
-2911
-3815
-4655
-5431
-5925
-6066
-5936
-5605
-5040
-4088
-2795
-1405
-25
1308
2629
3844
4766
5344
5593
5544
5223
4593
3710
2677
1560
411
-792
-1943
-2919
-3717
-4358
-4850
-5130
-5168
-5023
-4702
-4311
-3920
-3512
-3137
-2852
-2838
-3219
-3871
-4668
-5631
-6846
-8292
-9660
-10693
-11393
-11759
-11714
-11048
-9675
-7806
-5583
-3067
-296
2597
5270
7557
9519
11122
12284
12852
12861
12594
12156
11537
10753
9918
9223
8669
8143
7594
7042
6504
5853
4938
3744
2335
788
-922
-2794
-4665
-6369
-7781
-8802
-9384
-9469
-9035
-8129
-6781
-5121
-3311
-1413
469
2200
3631
4714
5532
6098
6326
6202
5838
5420
4915
4234
3425
2566
1733
792
-367
-1611
-2795
-3906
-5009
-6084
-6919
-7308
-7251
-6778
-5988
-4802
-3170
-1273
712
2607
4312
5807
6888
7436
7480
7094
6363
5228
3779
2272
844
-492
-1737
-2801
-3561
-4057
-4385
-4506
-4451
-4280
-4045
-3765
-3409
-3080
-2842
-2677
-2607
-2661
-3009
-3647
-4406
-5268
-6282
-7533
-8889
-9983
-10724
-11179
-11314
-11019
-10063
-8523
-6638
-4417
-1921
759
3410
5773
7842
9633
11073
12054
12460
12436
12213
11840
11281
10523
9745
9099
8482
7806
7074
6355
5610
4642
3395
2018
575
-949
-2576
-4251
-5750
-6981
-7849
-8331
-8436
-8086
-7321
-6213
-4816
-3274
-1671
-89
1360
2618
3593
4318
4886
5278
5436
5380
5212
5042
4787
4347
3739
2998
2140
1066
-226
-1601
-2974
-4266
-5469
-6505
-7124
-7212
-6747
-5872
-4707
-3130
-1185
879
2788
4387
5739
6732
7184
7106
6619
5847
4783
3450
2068
812
-265
-1226
-2098
-2758
-3192
-3503
-3758
-3979
-4116
-4181
-4254
-4251
-4145
-4018
-3869
-3702
-3469
-3279
-3431
-3849
-4377
-5016
-5869
-7094
-8446
-9558
-10431
-11041
-11345
-11152
-10249
-8803
-6961
-4754
-2240
559
3285
5671
7734
9516
10990
11933
12221
12142
11893
11492
10899
10142
9467
8948
8455
7925
7346
6798
6197
5318
4144
2777
1311
-270
-2043
-3824
-5407
-6720
-7679
-8230
-8279
-7825
-6990
-5751
-4193
-2519
-844
731
2213
3468
4310
4868
5257
5485
5498
5269
5039
4868
4623
4225
3661
3031
2249
1169
-127
-1508
-2831
-4107
-5365
-6408
-7003
-7017
-6517
-5688
-4496
-2877
-958
1004
2715
4154
5341
6086
6248
5888
5215
4335
3151
1739
424
-650
-1546
-2367
-3070
-3506
-3771
-4031
-4281
-4497
-4651
-4787
-4937
-4933
-4765
-4529
-4195
-3768
-3238
-2803
-2737
-2934
-3290
-3891
-4838
-6236
-7769
-9080
-10172
-10984
-11417
-11248
-10258
-8680
-6679
-4247
-1467
1525
4311
6636
8648
10350
11620
12269
12305
12103
11854
11492
11011
10490
10154
9980
9734
9363
8882
8304
7478
6196
4542
2673
682
-1400
-3538
-5504
-7101
-8265
-8894
-8994
-8563
-7649
-6402
-4860
-3176
-1576
-132
1102
2103
2776
3072
3202
3347
3476
3505
3469
3564
3835
4062
4045
3794
3371
2691
1592
103
-1543
-3136
-4668
-6119
-7240
-7720
-7460
-6656
-5489
-3889
-1842
437
2539
4192
5464
6366
6726
6448
5633
4596
3469
2160
812
-330
-1106
-1611
-2065
-2409
-2550
-2652
-2907
-3343
-3798
-4181
-4616
-5071
-5308
-5212
-4855
-4350
-3702
-2882
-2113
-1695
-1656
-1917
-2521
-3605
-5190
-6975
-8617
-10039
-11168
-11883
-11862
-10925
-9292
-7127
-4512
-1511
1651
4556
6976
8957
10502
11497
11816
11597
11194
10784
10346
9876
9519
9469
9611
9672
9536
9230
8734
7830
6331
4373
2164
-182
-2642
-5045
-7058
-8474
-9272
-9441
-8958
-7843
-6285
-4535
-2722
-1008
400
1420
2030
2304
2301
2043
1801
1769
1977
2432
3030
3832
4813
5634
6064
5995
5414
4335
2585
295
-2176
-4542
-6599
-8276
-9336
-9430
-8524
-6855
-4711
-2238
527
3218
5399
6817
7522
7656
7140
5932
4379
2865
1558
474
-378
-758
-661
-324
-50
-1
-86
-441
-1330
-2650
-4160
-5609
-6888
-7973
-8510
-8297
-7516
-6313
-4871
-3211
-1584
-544
-208
-494
-1348
-2736
-4801
-7212
-9409
-11214
-12443
-13014
-12717
-11272
-8986
-6206
-3134
56
3262
5989
7896
9082
9667
9826
9522
8811
8196
7916
8033
8443
9033
9978
11096
11966
12323
12025
11154
9675
7436
4645
1602
-1393
-4089
-6349
-7886
-8569
-8489
-7725
-6465
-4870
-3166
-1650
-447
306
504
276
-215
-703
-1042
-1201
-924
-63
1349
3082
4850
6561
7983
8807
8793
7855
6174
3850
952
-2204
-5235
-7670
-9280
-10131
-10094
-9090
-7239
-4803
-2252
157
2343
4043
5032
5192
4721
3995
3082
2012
1005
408
377
661
1073
1622
2221
2609
2433
1614
391
-1148
-3078
-5199
-7086
-8390
-8992
-9029
-8371
-6872
-4860
-2695
-702
980
2273
2721
2113
701
-1308
-3655
-6271
-8976
-11149
-12532
-13087
-12788
-11705
-9712
-7061
-4296
-1634
695
2692
4236
5077
5399
5426
5458
5641
5942
6559
7666
9116
10693
12100
13248
14049
14143
13406
11836
9623
7002
4075
1114
-1556
-3750
-5279
-6165
-6375
-5936
-5134
-4173
-3242
-2551
-2175
-2229
-2634
-3217
-3866
-4417
-4679
-4390
-3457
-1970
-38
2212
4600
6790
8443
9427
9694
9187
7858
5751
3210
602
-1848
-4027
-5839
-6999
-7390
-7133
-6430
-5429
-4149
-2745
-1569
-692
-9
590
1055
1204
1230
1416
1821
2348
2813
3272
3795
4159
4214
3896
3295
2492
1353
-103
-1668
-3124
-4327
-5309
-6070
-6403
-6268
-5772
-5013
-4068
-2928
-1801
-948
-349
-10
88
-227
-1191
-2472
-3906
-5491
-7090
-8772
-10128
-10908
-11337
-11312
-10781
-9668
-7985
-6157
-4284
-2372
-475
1398
2948
4247
5452
6553
7695
8711
9627
10675
11701
12581
13135
13262
13132
12630
11577
10029
8117
6103
4032
1959
83
-1506
-2645
-3410
-3971
-4238
-4356
-4359
-4305
-4477
-4732
-5008
-5267
-5325
-5256
-4914
-4153
-3020
-1529
136
1932
3778
5435
6734
7482
7777
7714
7179
6219
4922
3480
2078
667
-709
-1940
-2957
-3715
-4358
-4871
-5149
-5206
-5054
-4840
-4531
-3990
-3212
-2256
-1287
-334
685
1674
2534
3149
3554
3825
3830
3559
3052
2379
1679
888
-25
-964
-1877
-2688
-3372
-3964
-4419
-4652
-4641
-4424
-4025
-3441
-2641
-1790
-1044
-433
-5
238
60
-747
-1957
-3462
-5171
-6983
-8901
-10477
-11467
-11959
-11903
-11298
-10023
-8153
-6082
-4031
-2071
-142
1672
3112
4271
5325
6432
7651
8749
9824
11063
12334
13412
13982
14016
13692
12929
11557
9577
7295
5076
2982
994
-783
-2120
-2890
-3355
-3767
-4103
-4329
-4505
-4850
-5467
-6118
-6574
-6767
-6702
-6311
-5375
-3848
-1927
146
2201
4209
6024
7344
8025
8107
7773
7103
6093
4915
3750
2775
1998
1216
492
-187
-961
-1837
-2927
-4112
-5201
-6190
-6937
-7351
-7288
-6612
-5447
-3877
-2089
-250
1557
3029
4055
4595
4629
4302
3612
2667
1706
831
133
-390
-768
-989
-1147
-1325
-1606
-2003
-2461
-2973
-3427
-3726
-3867
-3713
-3209
-2515
-1735
-951
-300
183
245
-408
-1594
-3140
-5009
-7031
-9115
-10936
-12056
-12546
-12499
-11797
-10439
-8515
-6326
-4208
-2227
-302
1489
2931
4119
5262
6468
7820
9133
10341
11644
12913
13877
14337
14200
13604
12596
11064
9034
6834
4789
2929
1238
-212
-1314
-1987
-2505
-3140
-3806
-4457
-5132
-5887
-6739
-7439
-7717
-7557
-6991
-5985
-4515
-2635
-540
1478
3230
4729
5916
6638
6887
6772
6504
6283
5988
5567
5231
4971
4623
4010
2958
1559
-44
-1943
-4051
-6061
-7722
-8869
-9451
-9439
-8741
-7374
-5612
-3783
-1975
-319
1025
1993
2440
2509
2439
2232
1979
1754
1625
1691
1859
1935
1849
1655
1284
655
-193
-1171
-2061
-2752
-3275
-3528
-3393
-2890
-2164
-1328
-521
87
500
560
227
-451
-1686
-3254
-4907
-6697
-8419
-10022
-11312
-11960
-12137
-11915
-11205
-9969
-8244
-6324
-4400
-2481
-488
1559
3372
4964
6502
7987
9461
10673
11553
12393
13111
13513
13427
12833
12023
11046
9725
8003
6121
4407
2825
1220
-387
-1816
-2868
-3758
-4733
-5662
-6357
-6749
-6986
-7199
-7191
-6771
-5971
-4980
-3932
-2697
-1228
321
1755
2946
4059
5163
6088
6749
7144
7483
7818
7866
7579
7024
6319
5433
4077
2343
451
-1499
-3377
-5186
-6744
-7806
-8409
-8526
-8198
-7512
-6497
-5320
-4109
-2948
-1921
-978
-131
638
1323
1915
2532
3117
3604
3977
4115
4068
3780
3178
2403
1448
407
-580
-1513
-2235
-2753
-3054
-3032
-2851
-2545
-2183
-1836
-1423
-1171
-1171
-1269
-1552
-1941
-2578
-3702
-4892
-6090
-7480
-8894
-10295
-11286
-11629
-11654
-11321
-10435
-8921
-6987
-5024
-3070
-1103
898
2752
4168
5426
6707
8004
9301
10322
11223
12202
13066
13545
13407
12820
12000
10824
9158
7032
4940
3186
1534
-41
-1436
-2401
-2901
-3420
-4111
-4753
-5247
-5620
-6098
-6621
-6835
-6586
-5891
-4978
-3818
-2216
-318
1640
3347
4725
5980
7005
7594
7773
7704
7586
7389
7011
6485
5854
5113
4075
2675
1018
-945
-3148
-5376
-7481
-9197
-10385
-11033
-10969
-10248
-9074
-7532
-5771
-3949
-2252
-822
286
1176
1984
2635
3171
3676
4155
4684
5081
5175
5032
4642
4002
3048
1844
645
-416
-1291
-2003
-2479
-2585
-2422
-2176
-1964
-1835
-1715
-1665
-1864
-2301
-2787
-3206
-3573
-4006
-4660
-5374
-5997
-6743
-7682
-8693
-9588
-10061
-10205
-10182
-9721
-8610
-6933
-4961
-2950
-908
1257
3395
5143
6459
7598
8689
9677
10391
10788
11194
11701
11985
11814
11223
10433
9526
8263
6515
4640
3004
1585
203
-1138
-2174
-2757
-3182
-3755
-4424
-4956
-5276
-5588
-5977
-6173
-5879
-5078
-4012
-2805
-1342
424
2264
3808
4930
5828
6613
7136
7235
7046
6890
6841
6644
6130
5429
4689
3794
2486
708
-1310
-3342
-5357
-7324
-9014
-10157
-10652
-10556
-9997
-9022
-7612
-5946
-4263
-2722
-1377
-123
1068
2086
2904
3637
4378
5063
5563
5821
5895
5779
5349
4599
3638
2578
1497
381
-681
-1557
-2227
-2665
-2953
-3170
-3266
-3245
-3179
-3125
-3056
-2919
-2719
-2508
-2373
-2263
-2184
-2395
-3010
-3930
-5084
-6392
-7784
-9137
-10106
-10445
-10251
-9607
-8494
-6947
-5063
-3114
-1397
93
1481
2733
3790
4701
5626
6739
7986
9131
10088
10941
11654
11967
11663
10829
9704
8412
6895
5170
3547
2249
1252
428
-333
-976
-1465
-1986
-2699
-3580
-4424
-5046
-5427
-5593
-5468
-4855
-3737
-2365
-923
524
1950
3305
4330
4950
5382
5710
5942
6047
6003
5965
5985
5903
5543
4866
3916
2685
1191
-657
-2803
-4916
-6922
-8733
-10132
-11050
-11292
-10850
-9980
-8741
-7162
-5336
-3446
-1717
-209
1125
2389
3484
4304
4992
5555
5970
6204
6148
5869
5424
4737
3779
2653
1489
369
-608
-1491
-2280
-2812
-3134
-3312
-3369
-3376
-3304
-3167
-3068
-2998
-2803
-2504
-2232
-1919
-1575
-1234
-1007
-1242
-1884
-2705
-3817
-5198
-6711
-8076
-8902
-9178
-9066
-8553
-7573
-6145
-4501
-2904
-1482
-192
1082
2256
3214
4087
5109
6348
7650
8763
9652
10492
11166
11335
10933
10137
9165
8104
6847
5484
4264
3280
2451
1679
930
186
-596
-1454
-2455
-3516
-4445
-5137
-5490
-5505
-5228
-4560
-3521
-2310
-1082
84
1202
2181
2927
3486
3893
4248
4522
4659
4765
4819
4703
4409
3939
3238
2294
1145
-120
-1424
-2772
-4223
-5664
-6939
-8001
-8701
-8924
-8724
-8115
-7143
-5855
-4310
-2704
-1172
221
1451
2484
3268
3859
4262
4387
4309
4141
3946
3693
3296
2764
2175
1557
916
315
-188
-614
-983
-1234
-1404
-1488
-1509
-1500
-1420
-1314
-1249
-1149
-969
-738
-565
-450
-276
-101
-71
-359
-1057
-2011
-3192
-4656
-6239
-7781
-9034
-9744
-9931
-9665
-8986
-7953
-6621
-5148
-3756
-2559
-1493
-474
466
1361
2343
3511
4858
6275
7652
8957
10113
10932
11288
11208
10763
10045
9126
8046
6935
5896
4937
4042
3151
2241
1312
312
-796
-1996
-3201
-4260
-5110
-5718
-6031
-6009
-5625
-4955
-4095
-3133
-2172
-1260
-436
316
1062
1762
2424
3097
3762
4398
4891
5188
5318
5238
4910
4328
3547
2694
1799
892
8
-882
-1790
-2757
-3767
-4720
-5550
-6168
-6518
-6561
-6251
-5621
-4756
-3830
-2998
-2222
-1482
-805
-259
103
341
533
702
866
1075
1373
1729
2073
2352
2539
2617
2537
2316
2012
1702
1449
1230
1067
950
815
680
537
362
146
-160
-527
-925
-1328
-1681
-1992
-2284
-2621
-3057
-3563
-4207
-5102
-6199
-7376
-8432
-9186
-9567
-9472
-8857
-7821
-6491
-5017
-3557
-2238
-1134
-204
612
1433
2358
3405
4564
5784
7016
8235
9329
10137
10605
10735
10552
10091
9390
8520
7566
6583
5625
4768
4011
3290
2545
1721
802
-214
-1327
-2451
-3455
-4212
-4658
-4785
-4631
-4265
-3762
-3232
-2778
-2416
-2127
-1849
-1541
-1184
-722
-114
603
1340
2024
2636
3125
3417
3465
3297
3003
2651
2227
1747
1250
755
245
-306
-928
-1593
-2255
-2936
-3616
-4245
-4786
-5205
-5494
-5634
-5577
-5314
-4898
-4386
-3821
-3226
-2635
-2083
-1569
-1087
-601
-104
419
974
1538
2087
2588
3032
3411
3701
3896
3979
3952
3872
3774
3641
3460
3226
2960
2672
2341
1944
1506
1043
580
129
-312
-713
-1085
-1450
-1790
-2097
-2352
-2530
-2641
-2698
-2686
-2592
-2434
-2277
-2170
-2112
-2061
-2012
-1995
-2010
-2014
-1950
-1807
-1638
-1475
-1311
-1167
-1092
-1102
-1186
-1317
-1439
-1545
-1619
-1616
-1518
-1348
-1155
-975
-803
-650
-531
-447
-378
-260
-77
148
427
775
1197
1653
2088
2494
2895
3289
3646
3955
4233
4511
4790
5041
5281
5521
5741
5895
5924
5830
5623
5290
4840
4271
3630
2970
2308
1645
972
311
-312
-905
-1473
-2025
-2521
-2925
-3245
-3506
-3697
-3806
-3852
-3840
-3774
-3665
-3520
-3345
-3153
-2928
-2683
-2433
-2187
-1951
-1738
-1566
-1402
-1237
-1102
-1006
-947
-906
-861
-824
-811
-811
-799
-772
-729
-666
-585
-492
-420
-389
-380
-385
-388
-392
-380
-308
-158
75
363
650
921
1170
1366
1516
1629
1729
1857
2011
2157
2294
2426
2521
2574
2568
2485
2347
2148
1893
1607
1295
970
632
301
-17
-335
-672
-1038
-1439
-1863
-2303
-2744
-3167
-3542
-3839
-4059
-4205
-4271
-4280
-4232
-4135
-4010
-3844
-3628
-3350
-3011
-2624
-2171
-1650
-1083
-497
73
619
1154
1654
2079
2428
2707
2925
3082
3177
3204
3190
3153
3088
2997
2876
2727
2563
2381
2184
1978
1776
1593
1443
1331
1270
1265
1303
1378
1492
1631
1784
1928
2051
2152
2206
2221
2207
2175
2127
2061
1982
1898
1823
1714
1544
1330
1076
784
440
41
-370
-755
-1116
-1472
-1822
-2147
-2446
-2749
-3074
-3409
-3726
-3999
-4233
-4429
-4553
-4585
-4530
-4408
-4230
-3975
-3653
-3294
-2919
-2535
-2134
-1717
-1296
-875
-436
25
484
924
1335
1698
1999
2206
2312
2341
2322
2265
2164
2034
1910
1810
1707
1572
1412
1258
1098
902
670
432
236
75
-69
-190
-269
-300
-303
-303
-313
-315
-310
-312
-329
-345
-343
-320
-301
-294
-295
-296
-310
-369
-473
-609
-767
-940
-1133
-1325
-1491
-1619
-1717
-1778
-1804
-1806
-1799
-1817
-1855
-1897
-1932
-1914
-1817
-1611
-1295
-924
-537
-176
142
410
628
841
1088
1409
1801
2213
2613
2924
3114
3182
3157
3144
3199
3363
3644
3981
4342
4622
4726
4613
4278
3831
3369
2972
2698
2525
2421
2311
2116
1800
1338
777
178
-385
-829
-1150
-1376
-1583
-1828
-2118
-2456
-2800
-3117
-3350
-3466
-3456
-3343
-3189
-3045
-2951
-2925
-2927
-2917
-2846
-2681
-2433
-2119
-1776
-1448
-1169
-973
-861
-811
-809
-811
-793
-732
-615
-461
-287
-120
-1
67
33
-102
-266
-410
-406
-236
91
533
977
1376
1616
1644
1468
1174
911
783
848
1065
1373
1654
1804
1764
1532
1187
807
479
268
186
202
216
139
-82
-421
-803
-1184
-1513
-1781
-1989
-2146
-2304
-2496
-2735
-2959
-3112
-3160
-3074
-2876
-2599
-2313
-2074
-1907
-1784
-1657
-1464
-1163
-747
-214
376
958
1475
1872
2145
2316
2426
2535
2683
2900
3188
3492
3775
4000
4127
4148
4055
3865
3627
3394
3192
3023
2863
2687
2477
2207
1864
1460
1039
652
333
88
-85
-201
-292
-390
-535
-711
-883
-1027
-1128
-1149
-1079
-920
-704
-498
-351
-262
-234
-269
-349
-439
-508
-545
-558
-582
-630
-700
-800
-925
-1061
-1155
-1175
-1143
-1101
-1076
-1088
-1132
-1224
-1357
-1491
-1589
-1602
-1560
-1488
-1388
-1290
-1221
-1197
-1216
-1246
-1220
-1124
-1000
-853
-679
-512
-379
-293
-245
-204
-140
-65
-8
46
100
118
81
-19
-165
-312
-437
-550
-654
-728
-790
-885
-1052
-1341
-1777
-2341
-2979
-3598
-4082
-4325
-4295
-4002
-3494
-2861
-2196
-1598
-1118
-740
-407
-26
464
1083
1826
2648
3494
4296
5000
5566
5977
6237
6362
6385
6324
6187
5978
5695
5340
4931
4482
4027
3586
3176
2789
2415
2027
1597
1115
588
46
-471
-916
-1244
-1438
-1512
-1512
-1485
-1445
-1389
-1326
-1265
-1201
-1135
-1030
-883
-714
-530
-348
-158
14
153
236
243
198
112
6
-127
-304
-536
-819
-1141
-1472
-1783
-2056
-2246
-2327
-2320
-2276
-2257
-2305
-2408
-2528
-2599
-2573
-2440
-2231
-2021
-1833
-1687
-1593
-1511
-1456
-1373
-1230
-1035
-816
-637
-504
-442
-418
-402
-393
-336
-253
-147
-18
109
256
374
416
369
256
142
73
76
144
260
394
505
554
526
460
376
294
240
208
202
170
50
-209
-596
-1071
-1601
-2123
-2581
-2900
-3003
-2894
-2577
-2111
-1575
-1035
-565
-177
145
452
797
1194
1692
2267
2876
3490
4023
4451
4769
4957
5033
5030
4978
4892
4774
4633
4465
4277
4046
3733
3315
2811
2270
1717
1184
697
272
-55
-292
-447
-548
-627
-667
-689
-682
-646
-613
-560
-488
-390
-279
-179
-86
-19
19
12
-75
-233
-453
-709
-943
-1100
-1163
-1167
-1157
-1201
-1314
-1498
-1761
-2070
-2343
-2502
-2520
-2409
-2269
-2126
-1993
-1903
-1853
-1840
-1846
-1829
-1786
-1746
-1698
-1647
-1565
-1497
-1450
-1422
-1457
-1523
-1647
-1801
-1910
-1971
-1956
-1852
-1699
-1501
-1318
-1170
-1033
-913
-782
-650
-533
-388
-211
-29
187
397
620
841
992
1102
1139
1149
1160
1192
1269
1373
1507
1641
1715
1729
1683
1560
1369
1117
803
483
182
-102
-331
-483
-533
-497
-417
-322
-234
-166
-128
-112
-86
-22
105
308
560
848
1142
1418
1648
1818
1944
2059
2194
2323
2461
2591
2683
2738
2733
2682
2615
2543
2479
2415
2342
2250
2126
1948
1708
1432
1129
840
560
287
47
-175
-380
-567
-739
-879
-977
-1048
-1102
-1136
-1137
-1133
-1121
-1078
-1024
-943
-855
-799
-770
-769
-794
-838
-879
-894
-899
-880
-872
-887
-908
-966
-1030
-1093
-1180
-1278
-1381
-1471
-1546
-1622
-1700
-1805
-1887
-1916
-1918
-1871
-1805
-1741
-1680
-1676
-1683
-1687
-1699
-1651
-1586
-1481
-1315
-1159
-976
-822
-684
-538
-413
-270
-153
-33
103
232
353
444
508
545
542
519
518
560
664
808
952
1084
1198
1272
1315
1334
1315
1271
1227
1160
1091
1049
1032
1050
1068
1077
1052
988
876
690
492
302
165
83
27
-14
-76
-147
-234
-336
-421
-477
-483
-446
-390
-293
-155
16
199
373
533
684
795
851
884
923
988
1060
1156
1245
1301
1337
1308
1252
1190
1105
1021
916
806
712
632
604
592
608
661
680
648
567
457
352
266
218
212
243
258
235
136
-6
-132
-256
-329
-325
-307
-279
-291
-377
-492
-632
-768
-927
-1073
-1181
-1294
-1369
-1437
-1477
-1467
-1419
-1336
-1272
-1222
-1207
-1243
-1288
-1344
-1360
-1312
-1252
-1163
-1087
-1053
-1058
-1099
-1172
-1208
-1216
-1212
-1174
-1130
-1058
-999
-928
-856
-771
-636
-524
-429
-354
-285
-179
-74
66
218
343
448
493
500
510
539
588
684
808
914
990
1011
995
969
993
1028
1046
1075
1060
1023
977
902
856
828
812
789
725
641
531
433
370
351
362
378
384
347
289
228
166
122
98
100
114
123
107
90
102
155
239
327
385
437
478
488
474
455
454
495
533
552
581
609
655
713
764
823
875
869
842
784
707
640
561
487
429
392
307
169
18
-126
-235
-331
-420
-526
-583
-640
-725
-789
-851
-860
-843
-832
-846
-857
-838
-823
-800
-759
-691
-617
-548
-494
-484
-475
-470
-475
-446
-393
-350
-319
-310
-303
-344
-411
-475
-573
-657
-725
-812
-861
-888
-904
-885
-871
-841
-790
-760
-709
-640
-584
-525
-483
-453
-428
-412
-404
-415
-386
-336
-277
-208
-167
-136
-133
-127
-114
-84
-19
52
158
252
343
431
458
494
507
508
518
551
618
694
800
868
912
934
915
841
727
597
500
449
397
348
270
186
120
49
23
20
42
87
121
152
151
147
188
276
422
564
662
746
802
879
958
1052
1175
1284
1360
1366
1282
1148
1011
892
814
798
785
714
606
462
315
173
51
-56
-128
-173
-237
-343
-476
-551
-568
-550
-525
-527
-521
-510
-500
-485
-462
-409
-345
-291
-274
-282
-281
-277
-238
-217
-223
-260
-366
-485
-615
-690
-723
-718
-703
-705
-715
-759
-835
-910
-932
-928
-920
-892
-879
-873
-825
-760
-704
-620
-505
-436
-443
-471
-510
-550
-508
-469
-419
-320
-227
-150
-128
-123
-102
-101
-88
-60
-38
-4
34
86
143
259
383
454
466
448
408
353
314
257
262
327
395
432
400
343
313
272
200
132
64
41
79
92
116
145
175
216
254
258
226
210
223
264
349
424
463
486
466
436
379
331
319
340
395
425
430
387
301
237
193
175
191
203
233
272
298
297
311
367
423
470
483
470
476
500
517
524
539
557
554
509
442
358
291
242
181
116
52
-6
-64
-115
-172
-222
-264
-316
-354
-394
-421
-429
-406
-345
-267
-183
-114
-75
-61
-85
-145
-213
-278
-316
-331
-328
-289
-233
-179
-138
-117
-132
-184
-249
-330
-406
-483
-536
-577
-599
-588
-594
-622
-659
-708
-768
-799
-806
-780
-731
-685
-638
-628
-632
-649
-685
-695
-675
-608
-504
-401
-290
-211
-137
-68
-19
32
69
105
140
177
222
261
313
373
402
411
388
337
290
250
249
249
274
302
284
249
192
124
73
34
33
61
95
142
157
172
191
213
229
228
247
273
312
349
387
431
493
571
630
673
692
702
705
709
699
677
650
610
563
516
485
444
402
374
335
287
235
163
89
40
7
-6
-2
10
21
28
24
2
-32
-51
-45
-22
37
106
155
208
242
256
243
209
163
124
99
65
33
-3
-3
14
13
-10
-75
-170
-258
-341
-432
-503
-533
-525
-515
-524
-569
-626
-668
-688
-699
-712
-708
-685
-654
-605
-546
-484
-418
-363
-331
-344
-371
-396
-402
-359
-269
-152
-63
7
33
6
-49
-125
-200
-239
-236
-216
-189
-155
-136
-142
-163
-200
-259
-326
-390
-437
-458
-441
-391
-328
-255
-188
-146
-151
-175
-211
-220
-168
-85
30
164
276
371
426
439
425
396
369
337
311
310
336
398
473
540
580
579
517
406
283
165
101
71
97
158
229
308
367
395
393
377
353
317
290
286
297
335
407
486
559
608
606
565
507
445
399
372
373
400
433
457
446
399
331
257
170
89
25
-29
-54
-65
-71
-78
-84
-91
-109
-140
-183
-224
-252
-254
-232
-192
-144
-97
-78
-76
-76
-92
-88
-74
-50
-25
-3
6
-3
-10
-18
-29
-56
-83
-124
-179
-235
-284
-329
-351
-356
-376
-409
-457
-498
-545
-580
-597
-604
-598
-578
-561
-543
-533
-524
-506
-472
-434
-399
-359
-314
-263
-209
-167
-145
-139
-131
-119
-115
-109
-99
-78
-41
-4
12
-5
-45
-97
-150
-194
-241
-289
-319
-316
-281
-239
-209
-174
-144
-122
-107
-112
-117
-83
-18
65
157
243
315
377
423
455
475
505
534
559
590
615
641
658
676
680
663
622
561
492
431
385
339
310
302
302
303
292
263
230
193
156
113
77
64
80
119
160
195
213
225
228
227
219
214
214
228
258
285
306
326
336
342
335
302
253
195
146
109
82
55
33
3
-23
-62
-118
-185
-259
-320
-368
-401
-429
-439
-436
-422
-414
-413
-425
-444
-459
-471
-481
-484
-462
-416
-361
-302
-256
-223
-203
-201
-204
-213
-214
-204
-185
-158
-132
-117
-124
-150
-194
-251
-302
-343
-374
-382
-377
-361
-359
-365
-380
-399
-409
-414
-417
-412
-397
-365
-318
-257
-192
-124
-53
14
66
94
113
141
179
226
283
321
347
358
363
356
345
335
333
340
350
343
319
288
250
220
192
168
130
86
52
32
23
23
33
52
79
96
105
99
91
90
101
130
171
210
251
295
332
362
377
379
371
366
369
372
381
393
404
413
403
365
312
261
208
160
124
96
72
51
38
19
4
-14
-44
-77
-107
-124
-133
-138
-133
-121
-95
-61
-41
-26
-19
-8
6
28
51
63
73
85
99
106
99
83
63
42
18
-13
-43
-65
-87
-113
-148
-194
-245
-293
-332
-366
-400
-427
-457
-477
-485
-484
-477
-470
-458
-448
-434
-412
-399
-379
-344
-303
-266
-238
-215
-201
-187
-176
-170
-164
-162
-157
-153
-152
-150
-153
-152
-146
-140
-132
-132
-133
-139
-148
-152
-148
-137
-116
-89
-57
-24
11
37
54
74
97
132
175
220
265
310
348
378
398
415
432
445
460
468
470
464
457
446
435
421
403
386
373
359
340
319
294
267
235
204
171
135
102
72
47
27
14
10
14
21
21
20
17
3
-13
-27
-31
-22
-4
15
29
37
33
24
10
-1
-8
-15
-23
-33
-51
-67
-82
-103
-118
-135
-155
-182
-216
-251
-284
-301
-306
-301
-289
-280
-273
-274
-280
-287
-295
-291
-269
-239
-200
-162
-129
-100
-76
-55
-36
-13
9
36
67
101
133
163
183
198
205
213
213
200
183
165
152
140
131
121
114
105
92
71
40
4
-30
-55
-71
-90
-109
-125
-133
-138
-136
-129
-122
-115
-102
-91
-85
-81
-74
-56
-29
1
27
52
70
84
89
88
81
71
61
51
41
31
19
7
-3
-17
-34
-54
-77
-103
-124
-143
-152
-156
-158
-153
-142
-127
-113
-99
-88
-75
-60
-44
-24
1
31
68
104
138
162
181
197
209
216
226
244
259
269
273
267
255
238
218
197
180
158
137
117
93
77
58
42
21
1
-16
-32
-47
-60
-71
-78
-79
-82
-84
-87
-93
-99
-108
-113
-117
-118
-113
-104
-94
-87
-84
-81
-86
-94
-103
-109
-116
-119
-118
-118
-117
-111
-104
-98
-92
-89
-89
-91
-97
-105
-107
-100
-92
-85
-82
-79
-74
-72
-64
-55
-41
-23
-6
7
15
22
35
48
64
75
87
104
114
125
137
151
166
182
195
204
201
192
186
178
174
169
165
159
148
128
102
77
50
28
16
8
3
1
0
-1
-8
-21
-37
-56
-73
-87
-95
-90
-82
-70
-51
-29
-19
-16
-18
-20
-23
-29
-33
-38
-36
-31
-25
-23
-25
-30
-40
-52
-64
-72
-71
-69
-62
-57
-55
-59
-66
-73
-80
-82
-80
-75
-71
-66
-59
-53
-44
-30
-19
-8
2
7
9
8
7
11
18
28
39
46
54
58
60
55
51
48
39
36
33
26
24
20
14
8
0
-7
-10
-11
-14
-18
-22
-27
-30
-31
-27
-22
-13
-4
7
14
22
35
42
50
55
57
52
47
45
44
49
54
56
58
59
60
60
56
53
50
45
41
35
28
23
23
18
11
4
-2
-6
-13
-24
-34
-40
-47
-49
-50
-48
-47
-49
-46
-47
-47
-48
-50
-51
-49
-50
-52
-56
-61
-62
-63
-64
-62
-61
-56
-51
-51
-48
-41
-36
-29
-25
-16
-12
-10
-9
-10
-8
-7
-2
2
9
16
20
24
32
37
46
55
59
66
68
71
76
83
92
98
102
100
97
89
80
70
65
61
58
50
44
42
38
37
37
31
24
11
-9
-32
-54
-70
-81
-87
-90
-97
-103
-113
-126
-139
-147
-144
-138
-128
-120
-110
-100
-90
-80
-70
-60
-52
-44
-41
-39
-34
-29
-21
-8
2
13
24
30
30
33
34
37
45
54
67
77
88
94
94
96
94
96
103
109
112
114
121
123
128
132
138
142
147
148
145
137
128
120
115
114
114
113
108
98
78
60
41
28
15
4
-9
-25
-44
-64
-82
-99
-107
-116
-125
-135
-147
-161
-173
-182
-186
-182
-173
-167
-164
-166
-168
-168
-167
-161
-152
-139
-132
-125
-122
-117
-112
-105
-98
-88
-82
-75
-64
-57
-49
-38
-25
-10
4
15
18
18
21
28
33
44
55
63
72
76
78
79
88
97
109
122
133
144
151
152
151
147
140
134
128
128
127
126
120
112
99
89
83
77
72
67
63
54
45
37
32
29
26
21
15
5
-7
-23
-39
-54
-66
-73
-74
-77
-84
-92
-101
-108
-111
-111
-106
-94
-79
-69
-63
-58
-54
-50
-45
-39
-34
-32
-28
-31
-33
-37
-40
-42
-39
-30
-22
-17
-13
-12
-14
-11
-6
3
13
23
29
34
38
38
40
41
43
43
42
37
32
28
23
22
27
35
49
59
62
64
58
52
51
52
53
58
62
60
57
51
46
40
35
29
20
12
0
-13
-31
-46
-63
-78
-84
-91
-96
-102
-108
-112
-115
-118
-116
-109
-102
-98
-94
-88
-79
-70
-64
-56
-57
-49
-43
-42
-37
-33
-26
-19
-11
-8
-9
-6
-6
-5
-2
4
13
25
36
45
51
56
64
67
74
78
83
89
95
97
101
107
112
118
125
130
132
129
128
127
126
124
122
119
115
111
105
93
80
71
60
53
46
35
24
12
-1
-13
-27
-41
-54
-63
-67
-73
-82
-93
-104
-114
-121
-130
-136
-139
-138
-137
-135
-131
-128
-124
-121
-119
-120
-118
-114
-110
-109
-106
-101
-99
-97
-93
-87
-80
-71
-59
-47
-34
-23
-15
-6
1
4
10
18
23
31
42
50
57
63
63
67
68
69
74
78
84
86
91
97
100
102
106
110
112
114
115
114
113
112
110
108
101
94
82
69
57
42
28
13
2
-7
-11
-11
-10
-9
-15
-21
-25
-30
-38
-42
-46
-52
-54
-53
-54
-57
-55
-55
-57
-60
-61
-60
-60
-60
-56
-53
-50
-46
-41
-35
-33
-27
-20
-18
-16
-14
-15
-16
-14
-12
-11
-2
3
9
15
18
16
14
15
18
16
17
19
22
26
30
34
37
42
45
45
47
49
51
52
48
44
41
37
30
24
19
12
4
1
-6
-9
-12
-13
-19
-25
-28
-36
-42
-49
-59
-65
-70
-73
-74
-75
-74
-72
-69
-66
-65
-63
-60
-58
-56
-53
-45
-37
-31
-25
-20
-14
-8
-4
-2
1
0
1
1
0
2
3
8
13
15
19
24
22
20
16
18
17
18
22
28
36
42
46
50
54
59
60
61
62
60
61
68
68
72
74
78
83
86
87
87
87
85
82
77
71
64
58
49
41
33
29
26
21
15
6
-2
-12
-20
-28
-33
-37
-41
-41
-43
-46
-47
-49
-52
-54
-60
-65
-66
-66
-64
-60
-60
-60
-63
-65
-67
-70
-71
-74
-75
-74
-75
-73
-70
-65
-63
-57
-50
-45
-43
-44
-44
-45
-44
-43
-38
-33
-28
-23
-16
-13
-12
-13
-14
-13
-12
-12
-11
-8
-2
6
14
23
33
44
51
61
70
73
77
79
83
83
84
86
83
81
81
78
75
70
66
61
56
50
46
43
39
34
30
29
28
25
25
24
20
18
21
20
16
12
8
1
-4
-6
-11
-14
-16
-19
-19
-18
-19
-22
-24
-25
-32
-35
-39
-43
-44
-45
-44
-41
-38
-37
-37
-37
-38
-37
-34
-30
-28
-25
-24
-24
-24
-22
-19
-16
-16
-16
-15
-11
-7
-3
3
10
14
19
24
27
29
27
26
24
19
14
15
13
12
11
12
14
15
15
16
16
13
11
7
5
3
0
-1
-3
-6
-10
-8
-10
-11
-9
-12
-16
-20
-25
-29
-33
-37
-39
-41
-40
-41
-40
-37
-34
-34
-33
-29
-27
-27
-27
-28
-29
-31
-33
-32
-32
-28
-25
-22
-19
-14
-9
-4
2
7
13
21
27
31
38
42
48
50
52
52
52
49
47
47
47
49
51
53
56
58
61
68
66
67
68
69
69
66
66
62
58
53
48
41
38
33
29
24
19
13
7
3
-5
-12
-22
-28
-34
-39
-44
-45
-47
-49
-47
-46
-44
-40
-35
-34
-35
-39
-44
-47
-53
-57
-61
-62
-61
-60
-55
-51
-47
-41
-38
-35
-35
-34
-33
-36
-38
-40
-40
-39
-35
-31
-24
-19
-14
-9
-5
-1
3
7
12
15
22
26
28
29
32
29
28
29
27
24
19
17
17
17
21
24
25
27
26
25
24
23
20
17
13
11
11
13
15
16
20
24
27
31
32
33
30
26
21
14
8
2
-4
-11
-15
-20
-23
-21
-21
-18
-17
-15
-14
-14
-13
-12
-12
-10
-11
-11
-11
-12
-12
-14
-15
-15
-12
-7
-5
-3
1
2
4
6
7
9
11
11
13
12
13
13
12
13
12
12
12
12
12
13
13
13
15
17
18
18
17
14
15
14
16
17
18
19
21
21
21
22
20
19
18
14
8
2
-5
-10
-16
-20
-24
-27
-30
-33
-36
-37
-38
-40
-38
-33
-31
-31
-32
-30
-29
-27
-25
-26
-27
-28
-30
-31
-32
-29
-28
-25
-25
-26
-26
-24
-23
-21
-15
-11
-7
0
6
11
18
21
25
25
25
23
21
18
16
11
8
11
10
12
14
17
20
24
27
30
32
35
36
36
35
33
32
30
28
22
20
18
18
17
15
13
12
9
7
3
1
3
2
0
0
-2
-4
-6
-8
-12
-16
-15
-17
-17
-16
-14
-15
-14
-15
-17
-19
-23
-27
-30
-33
-34
-31
-28
-24
-22
-17
-9
-7
-3
1
4
5
7
7
7
7
6
5
6
7
11
11
12
12
11
13
12
12
11
10
11
11
10
8
4
3
4
2
3
3
2
2
1
2
-1
-2
1
3
4
8
8
7
6
4
4
5
5
6
6
5
6
5
4
1
-1
-3
-3
-4
-5
-6
-6
-8
-9
-10
-10
-10
-9
-8
-6
-5
-6
-5
-7
-7
-9
-11
-14
-15
-13
-10
-7
-5
-2
-1
-1
-1
0
1
1
3
6
5
5
5
2
1
-1
-3
-5
-5
-6
-5
-6
-5
-5
-6
-6
-5
-4
-3
-2
-2
-1
0
-2
-1
3
5
7
8
10
11
11
9
7
3
0
-4
-7
-7
-9
-8
-4
0
0
2
4
5
6
6
4
5
5
7
7
8
8
7
7
6
5
4
4
5
3
3
5
5
5
8
9
12
13
13
11
9
6
4
3
-1
-4
-5
-6
-6
-9
-8
-4
-4
-1
0
3
5
8
6
4
2
0
-4
-8
-8
-9
-8
-6
-5
-6
-3
0
1
2
3
0
-3
-4
-6
-9
-10
-14
-16
-15
-14
-14
-13
-11
-8
-9
-8
-5
-2
1
3
9
11
14
14
13
13
12
12
13
13
16
18
19
17
12
9
9
6
4
1
-2
-4
-8
-10
-10
-13
-13
-13
-12
-12
-13
-13
-12
-10
-10
-7
-3
-2
-2
-5
-6
-9
-10
-10
-6
-6
-6
-8
-8
-8
-8
-8
-9
-9
-10
-9
-9
-9
-10
-7
-5
-4
0
2
3
7
7
9
10
10
10
9
10
13
13
15
18
19
20
20
18
15
13
11
10
11
13
15
17
19
19
20
20
19
16
12
7
4
1
-1
-2
0
0
1
0
0
-1
-2
-3
-5
-8
-10
-9
-8
-10
-11
-9
-11
-13
-13
-13
-15
-14
-15
-15
-15
-13
-12
-13
-14
-13
-11
-13
-11
-11
-8
-5
-6
-4
-4
-4
-4
-4
-4
-3
-5
-3
-1
0
3
4
7
5
6
5
5
9
8
9
9
8
8
9
10
12
12
13
12
11
10
10
11
11
12
8
7
6
3
2
1
-2
-1
-1
-1
-2
-3
-2
-2
-2
-1
-1
-2
-4
-2
-3
-3
-4
-6
-8
-11
-13
-14
-15
-14
-13
-13
-12
-11
-10
-7
-8
-7
-6
-5
-6
-8
-10
-11
-12
-12
-14
-13
-9
-5
-1
4
6
9
10
10
9
7
4
3
0
-2
-2
-3
-1
1
0
1
3
3
4
6
11
14
14
15
14
14
15
15
16
15
15
15
15
15
13
12
10
10
8
7
8
9
9
9
6
4
2
1
-2
-2
-2
-2
-4
-4
-6
-5
-7
-6
-7
-10
-11
-12
-13
-14
-14
-14
-12
-10
-10
-11
-9
-7
-9
-10
-7
-3
-2
-1
-2
-4
-7
-10
-10
-9
-9
-9
-9
-7
-8
-4
1
4
6
7
8
7
7
9
8
8
8
6
5
4
2
1
3
3
2
3
8
8
10
8
7
9
8
8
9
9
9
9
10
9
9
9
8
7
6
5
6
8
9
9
8
8
5
4
2
0
-4
-10
-13
-16
-17
-18
-17
-18
-19
-20
-21
-20
-20
-15
-12
-10
-10
-7
-5
-6
-5
-5
-5
-5
-2
-1
-3
-5
-6
-7
-7
-7
-9
-7
-8
-9
-9
-8
-7
-6
-4
-2
-3
-4
-1
0
4
5
5
6
9
10
9
8
6
7
6
7
10
11
13
16
17
16
18
17
15
13
11
9
11
11
11
12
11
10
8
7
6
5
4
4
4
2
2
1
-1
-4
-6
-9
-10
-11
-12
-14
-16
-15
-16
-16
-12
-8
-5
-3
-1
1
3
4
3
3
3
2
3
2
1
2
0
0
1
-1
-3
-3
-2
-4
-4
-7
-5
-6
-7
-8
-9
-10
-10
-11
-7
-4
0
3
4
6
5
4
2
2
0
0
0
1
3
5
6
9
13
17
18
18
17
16
15
14
11
9
7
6
6
3
1
-3
-7
-9
-13
-15
-13
-13
-12
-10
-8
-6
-4
-4
-3
-3
-3
-6
-8
-8
-8
-9
-10
-8
-11
-11
-8
-8
-9
-9
-10
-10
-7
-7
-6
-4
-4
-2
-1
-1
-2
-2
-4
-4
-4
-4
-2
-1
-1
-2
-1
1
4
6
6
7
7
7
9
9
12
13
14
17
16
15
15
14
14
13
11
11
11
11
12
11
12
13
13
13
13
11
10
9
6
4
3
2
0
2
1
-1
-2
-3
-3
-1
1
3
4
5
7
9
9
8
3
-1
-2
-5
-9
-11
-12
-14
-14
-11
-13
-15
-18
-19
-21
-20
-22
-20
-19
-17
-16
-16
-16
-18
-18
-19
-19
-19
-20
-21
-21
-21
-21
-19
-18
-14
-10
-5
-2
5
7
11
15
14
15
15
14
14
12
11
10
10
9
10
10
11
12
12
15
18
18
19
22
22
22
21
19
17
15
13
10
7
3
-2
-3
-6
-7
-9
-9
-8
-10
-7
-3
-2
-1
1
0
-2
-4
-8
-11
-13
-15
-16
-18
-18
-18
-17
-15
-12
-12
-8
-5
-4
-2
1
4
6
8
11
13
14
14
15
15
13
13
8
8
5
1
1
1
0
1
1
2
2
4
6
9
13
17
19
21
22
22
20
18
15
12
8
3
1
0
-1
-2
-1
0
0
0
2
1
0
-2
-4
-6
-7
-8
-10
-13
-14
-14
-17
-20
-22
-20
-19
-18
-19
-18
-17
-16
-14
-13
-12
-10
-9
-10
-10
-13
-16
-16
-18
-17
-15
-12
-11
-9
-6
-5
-3
-3
-1
1
1
3
5
8
9
9
10
12
11
9
8
8
5
6
4
4
2
1
2
3
6
7
10
13
13
15
14
16
15
13
10
10
9
7
4
2
1
3
3
4
5
8
10
10
11
8
8
8
6
5
3
2
2
0
0
-4
-5
-8
-11
-13
-15
-16
-15
-14
-12
-10
-8
-4
-1
2
5
4
2
2
1
-1
-3
-2
-2
-1
-2
-3
-5
-5
-5
-5
-5
0
4
7
11
11
12
11
11
7
4
2
1
0
0
1
0
0
-1
-4
-5
-6
-5
-5
-4
-4
-3
-2
-2
-3
-2
-2
0
2
3
4
5
3
0
-3
-5
-7
-7
-8
-8
-7
-5
-3
1
1
1
1
0
1
0
1
0
0
1
-1
-3
-5
-7
-7
-8
-8
-7
-6
-3
-1
0
1
1
-1
0
-1
-1
-1
0
2
4
5
5
3
0
-3
-5
-7
-7
-5
-4
-2
-1
0
2
5
6
7
9
8
8
8
6
5
4
1
0
-2
-4
-3
-1
1
3
4
5
6
7
7
8
9
9
12
12
13
14
14
10
7
5
3
0
-4
-7
-10
-10
-11
-9
-8
-7
-5
-4
-2
2
6
9
10
11
11
9
6
4
-1
-5
-8
-10
-11
-12
-11
-9
-11
-12
-11
-12
-12
-11
-10
-8
-4
-1
3
4
3
2
-1
-4
-8
-11
-13
-12
-12
-10
-6
-4
-1
1
4
8
11
12
12
11
9
6
2
0
1
0
2
0
0
0
1
0
0
1
3
6
8
10
12
15
15
13
12
9
4
0
-2
-3
-4
-2
1
4
5
6
5
4
3
3
2
2
3
5
6
5
2
-2
-5
-11
-18
-20
-19
-17
-16
-14
-11
-8
-7
-7
-7
-7
-7
-8
-7
-6
-2
-2
-4
-4
-7
-9
-8
-9
-9
-6
-4
0
3
8
11
15
16
18
19
20
18
16
14
13
9
6
5
1
-1
-3
-5
-7
-11
-13
-15
-16
-15
-13
-7
-2
5
8
13
16
16
16
15
11
9
7
4
2
0
-4
-7
-11
-14
-16
-17
-16
-14
-9
-2
6
11
18
25
26
26
24
21
15
9
4
-2
-7
-12
-15
-19
-22
-24
-25
-25
-26
-25
-22
-16
-8
-2
6
10
13
13
12
11
7
2
-3
-7
-10
-13
-16
-15
-14
-11
-8
-2
6
13
16
20
24
25
26
25
21
18
11
6
-2
-6
-11
-12
-14
-16
-14
-10
-7
-2
2
8
11
16
21
23
21
18
14
10
6
3
0
-1
-3
-6
-8
-7
-10
-11
-11
-8
-6
-2
3
7
8
6
4
0
-4
-11
-17
-20
-20
-20
-20
-17
-15
-15
-15
-14
-15
-14
-13
-13
-12
-10
-10
-9
-8
-9
-8
-5
-3
-2
0
3
5
8
10
11
12
14
15
18
21
24
27
28
27
25
23
20
16
12
8
6
1
-3
-7
-11
-13
-13
-10
-4
2
8
12
16
20
22
19
15
9
5
-1
-6
-10
-15
-16
-17
-17
-16
-16
-14
-11
-7
-2
2
4
7
9
10
11
8
7
5
1
-4
-8
-13
-19
-22
-23
-22
-22
-20
-15
-11
-7
-3
1
2
4
4
4
5
5
5
5
4
4
3
2
1
2
1
1
0
1
2
1
4
5
7
8
10
13
16
18
16
16
12
9
4
-2
-6
-12
-17
-19
-18
-20
-18
-13
-11
-4
2
7
10
15
15
14
14
12
8
5
2
-1
-4
-7
-9
-9
-11
-9
-10
-8
-5
1
6
8
10
14
16
17
16
13
9
6
0
-5
-9
-13
-16
-18
-17
-17
-14
-10
-7
-4
-2
1
2
4
3
2
1
1
0
0
-1
-2
-4
-4
-7
-9
-9
-10
-8
-6
-4
-1
0
3
7
8
10
11
12
13
11
7
5
-1
-6
-10
-13
-14
-15
-14
-12
-6
0
6
11
15
18
19
19
20
19
17
14
10
6
0
-4
-7
-8
-8
-8
-6
-4
0
1
3
3
5
5
6
5
6
7
6
6
5
5
2
1
-2
-4
-8
-11
-13
-15
-15
-14
-13
-12
-11
-11
-10
-7
-8
-7
-6
-4
-2
1
3
4
3
3
1
-1
-1
-3
-3
-2
-3
-5
-5
-5
-3
-2
1
6
11
16
18
18
19
18
16
12
8
5
0
-4
-9
-13
-18
-19
-20
-21
-17
-11
-5
3
10
16
22
25
26
26
26
24
20
15
8
-1
-8
-14
-20
-25
-27
-26
-23
-19
-12
-7
-2
5
8
11
14
13
12
11
7
1
-5
-11
-15
-18
-20
-21
-19
-16
-13
-10
-5
0
2
5
8
11
15
16
16
17
15
13
9
3
0
-2
-5
-7
-10
-11
-12
-10
-9
-6
-1
5
10
15
19
22
21
19
14
8
1
-4
-8
-10
-11
-12
-10
-10
-9
-7
-4
0
3
6
8
12
13
14
13
9
6
5
4
3
2
-1
-6
-9
-14
-17
-17
-17
-16
-14
-9
-5
-1
1
2
2
2
1
-1
-3
-6
-9
-10
-10
-9
-8
-6
-5
-4
-1
-1
1
1
1
1
2
4
7
7
7
7
7
6
4
3
2
0
-1
-2
-4
-6
-7
-7
-8
-5
-4
1
7
11
15
20
22
21
19
15
11
6
-1
-5
-12
-16
-18
-20
-21
-22
-21
-17
-10
-2
6
12
19
26
29
29
29
27
22
16
9
0
-8
-16
-24
-31
-35
-35
-31
-27
-19
-12
-3
6
14
21
26
30
30
28
26
21
13
3
-6
-13
-20
-25
-26
-26
-24
-21
-16
-10
-5
3
10
17
24
28
30
28
25
18
10
0
-7
-15
-21
-24
-26
-25
-23
-21
-17
-10
-3
5
13
21
29
33
37
34
32
25
17
7
-2
-11
-19
-26
-34
-37
-38
-37
-33
-25
-15
-4
7
17
25
31
34
35
32
28
23
15
8
0
-9
-20
-28
-34
-37
-39
-36
-30
-22
-13
-4
6
14
17
20
21
23
20
16
12
6
-1
-8
-15
-20
-23
-26
-25
-22
-17
-12
-8
0
6
12
17
21
25
28
28
25
21
14
7
-2
-9
-12
-13
-14
-14
-15
-15
-11
-9
-6
0
7
13
18
21
24
23
20
14
8
3
-2
-6
-10
-11
-13
-14
-15
-14
-14
-12
-9
-5
2
9
15
18
20
19
17
12
10
5
0
-5
-8
-11
-13
-15
-17
-17
-17
-14
-10
-5
0
7
10
15
19
19
18
16
11
5
-2
-7
-14
-18
-22
-25
-24
-22
-18
-13
-6
0
8
13
17
21
24
23
21
16
12
6
1
-4
-9
-13
-16
-20
-22
-23
-23
-21
-15
-8
2
10
17
22
26
26
24
20
14
9
2
-3
-6
-12
-15
-19
-20
-19
-17
-13
-6
0
8
15
19
21
21
19
16
13
6
3
-1
-7
-12
-16
-19
-22
-22
-22
-19
-13
-7
-2
5
8
11
14
15
15
12
11
9
5
1
-3
-10
-17
-19
-21
-19
-14
-9
-2
4
11
15
18
18
18
16
15
14
12
10
4
1
-3
-7
-10
-13
-14
-13
-12
-11
-9
-6
-3
1
4
6
9
10
12
13
13
14
13
11
9
6
2
