0
0
0
0
0
0
-1
0
0
-1
0
0
0
0
-1
0
0
0
0
-1
1
0
0
1
0
1
0
0
-1
0
1
0
0
0
-1
0
-1
1
0
0
1
0
0
0
0
0
0
0
0
-1
1
0
-1
1
0
0
0
-1
-1
0
-1
0
0
1
1
0
0
0
0
-1
0
0
-1
-1
0
1
1
0
1
0
0
0
0
-1
1
0
-1
0
-1
0
0
0
0
0
0
0
0
1
1
0
0
-1
0
0
-1
-1
-1
1
-1
0
-1
0
0
0
0
0
-1
0
0
0
1
0
0
0
0
0
0
0
0
0
0
1
1
0
0
0
0
0
0
0
0
0
0
-1
0
-1
0
0
-1
0
0
-1
0
0
0
0
-1
0
0
0
0
0
0
-1
0
0
0
0
0
0
0
0
-1
-1
0
0
1
0
0
-1
0
0
0
0
0
0
-1
0
0
1
0
0
0
1
1
0
0
0
-1
0
0
0
0
1
1
1
1
0
-1
1
1
0
0
0
0
0
1
0
0
0
0
0
0
0
0
0
-1
0
0
-1
-1
0
0
-1
-1
0
0
0
-1
-2
-1
0
-1
-1
-1
-1
0
-1
-1
0
-1
0
0
0
1
0
-1
1
1
0
1
0
1
1
1
0
1
1
1
2
2
2
2
1
2
3
1
3
3
2
2
2
2
3
2
1
1
1
2
1
1
0
1
0
0
1
0
-1
-1
-1
-1
-2
-2
-1
-2
-2
-2
-2
-2
-2
-3
-2
-2
-2
-1
-2
-2
-2
-2
-2
-1
-2
-1
-1
-1
-1
-1
0
-1
0
-1
-1
0
1
1
0
2
1
1
1
1
1
2
1
1
1
2
1
1
1
0
1
0
1
1
0
0
0
0
0
0
0
0
-1
-1
-2
-2
-3
-2
-3
-2
-2
-2
-2
-2
-3
-3
-3
-2
-2
-2
-2
-2
-2
-2
-2
-2
-1
-1
-1
0
0
0
0
1
1
1
2
2
2
3
3
2
3
4
3
4
4
4
4
4
5
5
4
4
5
4
4
4
4
4
3
4
3
2
2
3
2
1
0
1
0
0
-1
-1
-2
-2
-2
-2
-2
-3
-4
-3
-4
-4
-5
-5
-6
-6
-5
-5
-6
-6
-6
-6
-5
-6
-6
-5
-5
-5
-4
-4
-4
-2
-3
-3
-2
-2
0
-1
0
1
1
2
2
2
3
3
3
4
3
4
5
5
5
6
6
6
7
6
7
6
6
6
6
7
6
6
6
5
4
4
3
3
3
3
2
1
1
1
0
-1
-1
-1
-2
-3
-3
-3
-3
-3
-4
-4
-5
-4
-5
-5
-5
-5
-4
-4
-4
-4
-4
-4
-4
-4
-3
-3
-3
-1
-2
-1
-1
-1
0
1
1
2
2
3
3
3
4
4
5
6
7
7
7
8
7
7
7
7
7
6
7
6
5
3
3
2
1
0
-1
-3
-5
-5
-7
-8
-10
-11
-13
-15
-16
-18
-18
-20
-20
-23
-23
-23
-24
-24
-26
-27
-28
-30
-31
-33
-34
-34
-35
-35
-35
-36
-34
-33
-32
-30
-28
-25
-23
-18
-13
-9
-3
2
8
14
21
29
38
45
56
65
76
87
98
108
119
128
138
148
156
163
170
176
180
185
186
186
184
180
175
167
159
148
136
123
107
90
73
53
33
11
-10
-31
-53
-74
-97
-121
-143
-166
-189
-211
-234
-255
-276
-295
-314
-332
-348
-364
-380
-393
-403
-413
-421
-428
-433
-438
-438
-439
-437
-436
-433
-426
-416
-404
-385
-362
-335
-305
-269
-228
-182
-132
-79
-23
36
99
167
236
304
371
436
499
560
616
667
714
757
793
825
852
874
890
901
903
900
888
870
846
817
781
739
695
644
591
535
474
411
345
277
208
135
61
-14
-90
-167
-242
-315
-386
-456
-517
-576
-628
-675
-719
-757
-791
-819
-845
-864
-876
-880
-876
-866
-846
-818
-787
-749
-703
-656
-606
-550
-491
-427
-359
-289
-218
-146
-75
-1
68
135
200
261
318
371
416
458
496
531
563
595
623
643
660
672
677
679
675
664
649
629
604
573
536
491
441
389
329
263
192
113
29
-61
-155
-255
-357
-463
-572
-681
-788
-894
-997
-1096
-1190
-1280
-1365
-1439
-1509
-1571
-1627
-1671
-1704
-1722
-1722
-1704
-1668
-1610
-1533
-1434
-1313
-1172
-1015
-840
-652
-449
-234
-9
229
467
706
942
1175
1403
1624
1836
2035
2220
2390
2544
2681
2799
2894
2965
3012
3034
3032
3006
2956
2881
2784
2665
2523
2360
2177
1978
1766
1539
1300
1051
794
531
264
-4
-274
-543
-810
-1068
-1317
-1555
-1782
-1990
-2181
-2356
-2511
-2645
-2759
-2851
-2921
-2971
-2994
-2989
-2959
-2901
-2816
-2709
-2580
-2430
-2262
-2078
-1883
-1675
-1456
-1230
-996
-757
-515
-271
-27
211
443
666
878
1080
1269
1442
1600
1743
1870
1980
2074
2149
2207
2246
2268
2272
2262
2233
2187
2123
2039
1936
1812
1670
1512
1336
1147
945
736
514
287
52
-187
-427
-672
-916
-1159
-1399
-1632
-1857
-2074
-2280
-2471
-2648
-2809
-2952
-3075
-3174
-3250
-3301
-3328
-3330
-3304
-3249
-3161
-3038
-2883
-2695
-2471
-2219
-1945
-1651
-1339
-1014
-678
-334
19
376
737
1097
1449
1789
2113
2420
2709
2979
3229
3460
3665
3848
4006
4139
4243
4316
4357
4362
4336
4285
4205
4102
3973
3823
3648
3451
3233
2991
2727
2442
2141
1827
1500
1163
819
475
126
-222
-570
-914
-1250
-1579
-1894
-2193
-2479
-2741
-2981
-3195
-3384
-3546
-3682
-3794
-3878
-3930
-3954
-3945
-3906
-3834
-3731
-3592
-3424
-3234
-3025
-2803
-2566
-2314
-2051
-1776
-1490
-1198
-903
-605
-307
-12
274
547
809
1058
1294
1521
1737
1939
2124
2289
2433
2557
2655
2724
2766
2784
2779
2752
2704
2635
2546
2436
2302
2143
1956
1749
1527
1284
1031
767
493
213
-72
-364
-661
-963
-1262
-1563
-1854
-2136
-2405
-2657
-2893
-3107
-3303
-3474
-3622
-3745
-3848
-3929
-3980
-3992
-3958
-3878
-3750
-3577
-3365
-3115
-2825
-2504
-2152
-1778
-1382
-970
-547
-105
350
809
1261
1696
2110
2504
2873
3224
3548
3845
4114
4355
4568
4752
4902
5013
5081
5107
5093
5044
4962
4851
4717
4555
4366
4150
3909
3643
3350
3035
2701
2349
1986
1615
1237
857
472
83
-314
-711
-1104
-1495
-1873
-2234
-2574
-2888
-3176
-3437
-3667
-3869
-4040
-4186
-4308
-4410
-4480
-4513
-4508
-4459
-4371
-4246
-4088
-3896
-3672
-3424
-3158
-2886
-2603
-2303
-1979
-1635
-1276
-911
-550
-198
142
469
773
1049
1298
1520
1730
1933
2123
2299
2456
2591
2703
2792
2857
2893
2903
2890
2860
2815
2759
2681
2579
2447
2284
2099
1887
1652
1393
1117
831
550
284
27
-231
-497
-770
-1050
-1337
-1623
-1901
-2170
-2427
-2672
-2901
-3110
-3298
-3468
-3628
-3778
-3917
-4043
-4137
-4183
-4170
-4096
-3963
-3778
-3543
-3259
-2926
-2549
-2142
-1722
-1289
-839
-367
130
643
1154
1637
2082
2494
2878
3231
3551
3835
4080
4298
4496
4681
4845
4980
5067
5108
5106
5076
5022
4946
4842
4709
4549
4369
4167
3942
3682
3387
3056
2702
2328
1944
1555
1158
756
352
-48
-445
-843
-1240
-1638
-2021
-2386
-2729
-3046
-3338
-3603
-3843
-4054
-4228
-4373
-4493
-4587
-4647
-4658
-4620
-4530
-4398
-4235
-4041
-3813
-3555
-3269
-2967
-2660
-2353
-2037
-1703
-1354
-997
-641
-295
32
342
645
933
1204
1451
1677
1885
2079
2260
2421
2557
2661
2733
2782
2808
2806
2776
2721
2652
2573
2477
2358
2207
2028
1826
1620
1417
1207
984
745
505
272
49
-180
-434
-709
-990
-1269
-1531
-1732
-1898
-2116
-2429
-2775
-3115
-3499
-3945
-4394
-4797
-5177
-5502
-5657
-5584
-5368
-5085
-4714
-4238
-3674
-3010
-2212
-1349
-533
240
1034
1833
2567
3214
3758
4123
4282
4324
4336
4324
4277
4217
4145
4055
3996
4027
4126
4210
4256
4308
4393
4496
4655
4895
5140
5274
5293
5258
5169
4968
4624
4177
3635
2975
2231
1490
796
83
-672
-1411
-2083
-2715
-3321
-3829
-4215
-4532
-4807
-4981
-5010
-4961
-4895
-4791
-4597
-4366
-4164
-3965
-3703
-3405
-3151
-2924
-2667
-2408
-2230
-2107
-1940
-1732
-1554
-1425
-1276
-1086
-900
-712
-460
-137
181
465
775
1147
1531
1861
2151
2422
2637
2758
2813
2849
2855
2791
2682
2581
2495
2384
2233
2061
1852
1576
1245
910
593
288
4
-223
-388
-541
-743
-1016
-1348
-1775
-2268
-2742
-3145
-3464
-3689
-3784
-3772
-3756
-3816
-3957
-4184
-4574
-5106
-5584
-5782
-5658
-5284
-4630
-3650
-2475
-1373
-445
380
1138
1756
2247
2773
3404
4049
4570
4958
5161
5065
4618
3971
3306
2692
2203
1987
2155
2574
3078
3609
4176
4644
4867
4917
4981
5116
5237
5344
5496
5600
5425
4885
4091
3114
1923
593
-620
-1524
-2124
-2502
-2659
-2636
-2592
-2632
-2692
-2647
-2476
-2217
-1854
-1349
-766
-257
23
-36
-470
-1242
-2216
-3233
-4123
-4759
-5120
-5256
-5202
-4946
-4538
-4085
-3642
-3132
-2453
-1611
-652
387
1417
2223
2625
2635
2368
1873
1191
507
28
-230
-387
-446
-323
-75
104
175
314
639
1077
1531
2025
2542
2923
3024
2904
2689
2379
1917
1368
864
407
-92
-588
-978
-1304
-1717
-2160
-2373
-2260
-2040
-1896
-1797
-1721
-1796
-2076
-2370
-2464
-2343
-2100
-1802
-1544
-1454
-1638
-2205
-3302
-4875
-6457
-7473
-7735
-7374
-6375
-4670
-2573
-705
643
1705
2677
3440
3968
4556
5411
6309
6913
7126
6937
6163
4726
2931
1227
-152
-1075
-1295
-701
394
1526
2585
3659
4592
5102
5288
5584
6136
6652
6933
7090
7083
6514
5167
3366
1560
-146
-1743
-2941
-3458
-3445
-3272
-3041
-2642
-2162
-1832
-1610
-1204
-553
85
545
909
1142
904
-26
-1378
-2730
-3985
-5192
-6133
-6484
-6338
-6080
-5793
-5217
-4328
-3444
-2693
-1805
-640
521
1412
2094
2633
2756
2266
1391
535
-221
-977
-1526
-1653
-1462
-1247
-1048
-657
-59
506
957
1487
2173
2803
3190
3439
3645
3633
3213
2541
1924
1413
853
273
-112
-270
-407
-625
-780
-777
-759
-874
-1051
-1153
-1237
-1470
-1841
-2166
-2352
-2487
-2562
-2383
-1918
-1483
-1383
-1563
-1984
-3030
-4974
-7192
-8621
-8942
-8641
-7889
-6269
-3846
-1537
5
1137
2348
3412
4017
4548
5502
6598
7197
7179
6752
5757
3970
1827
61
-1136
-1964
-2202
-1414
154
1720
3004
4319
5650
6467
6599
6724
7300
7895
7979
7691
7324
6562
4957
2773
724
-945
-2425
-3590
-3978
-3547
-2831
-2195
-1537
-794
-223
97
497
1197
1946
2409
2521
2248
1371
-159
-1999
-3759
-5332
-6640
-7415
-7477
-7042
-6459
-5784
-4905
-3844
-2754
-1647
-463
727
1727
2406
2748
2691
2152
1186
44
-1048
-1977
-2631
-2874
-2698
-2325
-1892
-1347
-638
93
717
1337
2039
2686
3072
3260
3382
3340
2918
2156
1363
696
110
-414
-699
-674
-571
-623
-729
-690
-574
-556
-667
-794
-987
-1403
-1954
-2394
-2586
-2585
-2348
-1787
-1059
-503
-378
-843
-2199
-4533
-7205
-9138
-9803
-9432
-8240
-6114
-3276
-675
981
1934
2777
3515
3887
4224
5100
6410
7397
7663
7310
6272
4253
1479
-1167
-2996
-3856
-3708
-2395
-196
2102
3936
5364
6510
7081
6978
6761
7068
7773
8263
8338
8097
7289
5401
2576
-307
-2578
-4211
-5241
-5322
-4331
-2820
-1488
-497
326
910
1107
1133
1458
2172
2869
3107
2723
1721
98
-2020
-4284
-6237
-7566
-8190
-8143
-7517
-6448
-5170
-3875
-2604
-1345
-132
892
1702
2379
2936
3183
2838
1912
617
-810
-2236
-3463
-4161
-4222
-3787
-3071
-2100
-892
336
1314
1961
2419
2769
2953
3039
3116
3122
2852
2199
1387
603
-91
-725
-1194
-1364
-1323
-1198
-1019
-693
-354
-229
-401
-730
-1072
-1463
-1902
-2257
-2286
-1901
-1281
-626
49
682
809
-348
-2984
-6274
-8980
-10521
-10993
-10313
-8222
-5068
-1972
278
1776
2946
3733
3974
4128
4796
5933
6968
7586
7712
7019
5120
2250
-751
-3298
-5142
-5818
-4728
-2114
921
3542
5770
7635
8573
8333
7644
7431
7683
7812
7770
7857
7700
6408
3786
688
-2084
-4349
-5979
-6434
-5434
-3555
-1606
93
1537
2506
2801
2654
2557
2736
2990
3088
2791
1918
396
-1624
-3874
-6076
-7814
-8713
-8675
-7988
-6887
-5409
-3658
-1948
-492
748
1807
2545
2916
3104
3153
2808
1824
395
-1100
-2546
-3887
-4839
-5046
-4484
-3564
-2496
-1134
387
1606
2331
2785
3123
3124
2722
2183
1835
1541
1044
461
43
-232
-658
-1153
-1419
-1338
-1172
-1125
-1005
-710
-436
-539
-954
-1446
-2048
-2770
-3339
-3231
-2485
-1529
-617
180
393
-971
-3978
-7438
-9848
-10900
-10889
-9622
-6801
-3014
250
2363
3706
4694
4997
4570
4255
4704
5631
6334
6765
6970
6390
4467
1585
-1255
-3584
-5249
-5604
-3986
-834
2502
5293
7633
9363
9764
8796
7539
6916
6730
6467
6309
6509
6392
5005
2470
-255
-2610
-4710
-6232
-6357
-4908
-2755
-728
1086
2606
3315
2988
2250
1800
1681
1590
1556
1610
1482
699
-823
-2946
-5563
-8310
-10463
-11249
-10604
-8789
-6097
-2770
642
3406
5153
5859
5704
4922
3925
3050
2233
1205
-142
-1674
-3322
-5013
-6397
-7007
-6628
-5408
-3490
-949
1830
4230
5712
6268
6067
5198
3801
2227
946
91
-466
-936
-1363
-1738
-2081
-2404
-2596
-2437
-1945
-1408
-1104
-1063
-1139
-1378
-1917
-2601
-3052
-2994
-2585
-1976
-1181
-380
-371
-1969
-4845
-7777
-9700
-10571
-10459
-9022
-6157
-2738
-51
1640
2789
3601
3751
3441
3572
4540
5800
6717
7265
7356
6418
4188
1332
-1155
-2878
-3840
-3668
-1972
791
3580
5869
7704
8941
9121
8237
7177
6670
6549
6361
6103
5927
5457
4151
2084
-4
-1646
-2943
-3835
-3818
-2691
-1000
531
1620
2353
2577
2117
1241
587
334
251
170
137
135
-252
-1204
-2542
-4048
-5889
-8033
-9746
-10335
-9610
-7818
-5042
-1465
2165
4834
6185
6578
6137
4878
3158
1701
730
-187
-1356
-2567
-3519
-4421
-5359
-5889
-5499
-4281
-2633
-532
2146
4907
6713
7166
6742
5807
4179
2027
183
-707
-1036
-1451
-1801
-1582
-1053
-1010
-1418
-1737
-1795
-2090
-2698
-3069
-2868
-2511
-2445
-2409
-2050
-1399
-944
-1221
-2762
-5567
-8866
-11360
-12334
-11933
-10306
-7381
-3559
-106
2244
3832
5152
5892
5625
5002
4910
5300
5486
5413
5356
4778
2976
174
-2493
-4383
-5510
-5484
-3677
-374
3079
5949
8438
10548
11458
10752
9341
8308
7600
6661
5772
5414
5078
3625
1024
-1616
-3485
-4836
-5762
-5445
-3486
-662
1865
3850
5446
6273
5782
4319
2832
1694
580
-541
-1298
-1696
-2307
-3536
-5039
-6348
-7325
-7988
-8061
-7241
-5639
-3632
-1515
609
2453
3561
3748
3286
2623
1850
916
-98
-972
-1652
-2315
-2953
-3426
-3607
-3540
-3198
-2538
-1600
-523
601
1646
2365
2577
2409
2081
1599
1016
504
281
155
-19
-154
-51
163
206
79
-113
-447
-1223
-2272
-3122
-3549
-3779
-3946
-3801
-3197
-2270
-1288
-473
-449
-2091
-5319
-8820
-11027
-11619
-10968
-9041
-5692
-1688
1440
3203
4283
5149
5311
4582
3959
4233
4949
5223
5118
4965
4209
2169
-750
-3214
-4654
-5157
-4467
-2098
1433
4687
7039
8860
10311
10692
9759
8446
7684
7302
6659
5947
5517
4882
3098
254
-2496
-4457
-5722
-6298
-5549
-3360
-651
1634
3386
4825
5541
5159
4071
3126
2536
1783
748
-393
-1646
-3392
-5629
-7607
-8651
-8714
-8148
-6994
-5233
-3176
-1190
624
2382
3771
4360
4211
3722
3127
2239
1005
-312
-1446
-2493
-3528
-4280
-4470
-4061
-3235
-2040
-517
1083
2339
3095
3467
3539
3215
2398
1287
216
-552
-1015
-1225
-1146
-893
-774
-843
-898
-855
-906
-1293
-1923
-2509
-2960
-3258
-3175
-2701
-2097
-1488
-918
-844
-2266
-5476
-9245
-11825
-12688
-12344
-10787
-7611
-3334
383
2710
4245
5533
6075
5491
4822
5123
5987
6307
6039
5650
4722
2458
-838
-3717
-5416
-6162
-5771
-3530
339
4319
7205
9104
10410
10712
9714
8289
7613
7642
7475
6887
6386
5813
4193
1225
-2092
-4529
-5915
-6459
-5721
-3389
-236
2339
3823
4563
4763
4188
2975
2049
1864
1947
1612
946
238
-909
-3003
-5723
-7936
-8980
-8927
-7957
-5998
-3311
-790
890
1854
2563
2885
2512
1753
1385
1595
1755
1438
808
84
-989
-2490
-3794
-4210
-3781
-2995
-1953
-566
870
1784
2051
2062
1973
1602
975
588
714
1033
1205
1218
1219
1077
491
-424
-1293
-1920
-2512
-3264
-3998
-4449
-4532
-4407
-4078
-3319
-2127
-1242
-1954
-4639
-8159
-10805
-11842
-11721
-10601
-8104
-4580
-1387
671
2092
3506
4557
4592
4222
4578
5498
6047
6059
5946
5412
3680
843
-1821
-3508
-4531
-4749
-3268
-51
3413
5849
7443
8797
9501
8948
7985
7992
8840
9184
8651
8109
7670
6203
3142
-309
-2760
-4179
-5078
-5030
-3359
-758
1346
2443
3058
3401
3057
2168
1643
1942
2372
2168
1306
67
-1650
-4006
-6451
-8156
-8686
-8177
-6878
-4974
-2826
-911
463
1398
2028
2331
2267
2012
1856
1841
1705
1199
320
-766
-1895
-2855
-3331
-3101
-2227
-977
308
1186
1469
1295
942
592
177
-178
-219
107
465
779
1254
1778
1977
1566
854
189
-441
-1220
-1937
-2356
-2702
-3167
-3629
-3575
-2911
-2394
-3176
-5638
-8935
-11731
-13073
-12867
-11230
-8259
-4451
-880
1646
3253
4322
4864
4606
3965
3827
4427
5144
5398
5115
4078
1961
-1062
-3996
-5910
-6603
-5989
-3695
136
4248
7402
9417
10707
11132
10217
8404
7002
6654
6774
6815
6836
6780
5813
3276
-147
-2967
-4472
-4896
-4354
-2632
41
2605
4182
4788
4788
4010
2381
629
-275
-265
-107
-233
-565
-1207
-2647
-4793
-6748
-7677
-7597
-6795
-5237
-3015
-723
954
1942
2498
2599
1967
890
122
-9
56
-138
-506
-881
-1421
-2242
-2847
-2712
-1885
-805
351
1554
2480
2715
2356
1815
1269
691
124
-123
22
302
500
658
726
645
412
111
-21
-160
-485
-945
-1359
-1757
-2185
-2465
-2306
-1847
-2447
-5045
-8768
-11812
-13093
-12976
-11925
-9576
-5822
-2119
164
1531
2928
4320
4741
4276
4325
5341
6146
5965
5419
4650
2881
-246
-3569
-5646
-6505
-6542
-5134
-1816
2114
4942
6615
8209
9734
10103
9320
8852
9388
9828
9232
8241
7563
6267
3300
-542
-3365
-4461
-4709
-4568
-3488
-1421
484
1403
1754
2131
2346
2005
1655
2055
2922
3317
2875
1935
471
-1797
-4518
-6627
-7413
-7085
-6128
-4762
-3156
-1881
-1316
-1042
-498
272
902
1409
2071
2765
2864
2155
1116
88
-978
-2101
-2883
-2877
-2159
-1249
-457
183
491
319
-180
-542
-361
225
831
1347
1861
2252
2390
2220
1803
1298
647
-124
-889
-1588
-2244
-2726
-2918
-2836
-2333
-1531
-1188
-2444
-5639
-9560
-12319
-13090
-12389
-10601
-7688
-4180
-1320
240
1164
2292
3472
4053
4400
5372
6708
7420
7098
6079
4409
1710
-1828
-4977
-6696
-7024
-6014
-3477
110
3383
5370
6408
7307
8081
8275
8306
8951
9971
10435
10011
9126
7834
5483
1961
-1468
-3504
-4121
-3964
-3268
-2018
-782
-307
-524
-647
-264
354
994
1899
3048
3762
3512
2426
783
-1352
-3767
-5736
-6485
-5970
-4776
-3435
-2330
-1804
-1956
-2404
-2417
-1656
-458
729
1780
2658
3169
2962
1885
317
-1239
-2407
-2954
-2754
-1799
-400
758
1212
1007
477
-78
-497
-539
-58
702
1284
1523
1555
1564
1577
1410
982
483
-52
-577
-949
-1208
-1495
-1887
-2298
-2310
-1652
-1053
-1891
-4701
-8557
-11745
-13173
-12953
-11322
-8327
-4629
-1624
-31
741
1641
2748
3445
3887
4910
6508
7700
7806
6989
5372
2806
-546
-3711
-5616
-6141
-5471
-3537
-711
1915
3558
4540
5516
6586
7403
8085
9178
10374
10822
10293
9262
7891
5688
2502
-653
-2531
-3032
-2900
-2425
-1601
-742
-470
-870
-1280
-1158
-610
118
1196
2533
3427
3201
1904
164
-1668
-3487
-4942
-5534
-5198
-4415
-3683
-3230
-3103
-3312
-3522
-3154
-1962
-361
1031
1891
2259
2195
1708
855
-73
-767
-1153
-1232
-960
-458
-19
109
-127
-513
-766
-772
-497
137
987
1654
1817
1494
990
666
645
891
1323
1720
1691
1076
150
-746
-1496
-2050
-2280
-2002
-1462
-1673
-3556
-6818
-10160
-12357
-12961
-12162
-10026
-6676
-3180
-815
348
1216
2422
3720
4665
5593
6976
8168
8182
6987
5097
2787
45
-2807
-4859
-5562
-5253
-4205
-2356
-106
1748
2922
3931
5318
6858
8098
9185
10327
10864
10144
8597
7144
5877
4135
1863
-91
-1105
-1688
-2343
-2821
-2739
-2435
-2389
-2357
-1693
-284
1121
2032
2567
2898
2740
1814
379
-1008
-2080
-2976
-3706
-4005
-3872
-3729
-3968
-4428
-4605
-4194
-3203
-1772
-104
1347
2116
2110
1708
1296
894
431
105
88
262
331
210
-23
-446
-1232
-2123
-2487
-2030
-1029
-4
718
1083
1042
625
153
35
359
849
1200
1251
1050
508
-246
-947
-1441
-1780
-1878
-1490
-938
-1402
-3911
-7731
-11004
-12493
-12397
-11317
-9216
-6152
-3358
-1984
-1543
-686
1087
3119
4985
7017
9220
10426
9762
7761
5329
2842
415
-1535
-2554
-2775
-2770
-2622
-2144
-1648
-1390
-807
796
3269
5854
8107
10133
11621
11666
10204
8459
7348
6484
5154
3582
2436
1556
118
-1879
-3571
-4513
-5083
-5523
-5258
-3841
-1827
-173
888
1643
2051
1809
1062
493
394
331
-202
-1063
-1864
-2592
-3422
-4259
-4754
-4846
-4705
-4217
-3113
-1628
-442
141
488
984
1430
1604
1676
1838
1910
1664
1237
928
625
-62
-1013
-1720
-1947
-1927
-1794
-1312
-535
86
136
-163
-290
-142
-22
45
353
572
258
-531
-1184
-1205
-895
-653
-310
30
-1073
-4460
-8843
-11950
-12712
-12092
-10995
-9006
-6112
-4013
-3686
-3780
-2594
-18
2552
4569
6783
9168
10380
9866
8634
7373
5872
3815
1773
501
-307
-1307
-2206
-2350
-2076
-1818
-1179
474
2804
4743
6166
7731
9360
10060
9708
9493
9992
10162
8943
6873
5005
3283
1092
-1191
-2484
-2802
-3403
-4734
-5842
-5885
-5239
-4626
-3859
-2458
-769
371
904
1274
1567
1408
756
280
330
321
-354
-1514
-2721
-3849
-4857
-5313
-4811
-3684
-2828
-2520
-2199
-1596
-1041
-673
-10
1266
2696
3464
3425
3042
2432
1362
46
-919
-1283
-1290
-1254
-1080
-793
-828
-1474
-2285
-2614
-2236
-1419
-586
0
271
186
-267
-749
-995
-804
-200
83
-1096
-4159
-7978
-10708
-11498
-11077
-10359
-9314
-7886
-6762
-6459
-6166
-4574
-1530
1708
4200
6250
8110
9111
8750
7719
7115
7152
7134
6491
5293
3708
1680
-416
-1844
-2206
-1650
-420
1235
2938
4267
5073
5737
6518
7218
7718
8338
9233
9872
9624
8476
6949
5316
3524
1830
707
76
-755
-2200
-3868
-5083
-5661
-5699
-5152
-4113
-3030
-2427
-2375
-2405
-2203
-1820
-1241
-313
726
1349
1169
223
-1110
-2464
-3483
-3866
-3460
-2634
-1981
-1789
-1977
-2266
-2518
-2643
-2301
-1235
291
1576
2137
2131
1934
1657
1280
941
776
773
729
522
377
256
-102
-661
-1183
-1651
-2090
-2455
-2720
-2710
-2563
-2506
-2255
-1564
-533
510
679
-1186
-4891
-8691
-10676
-10347
-9037
-7926
-6931
-6149
-6432
-7594
-7974
-6117
-2492
968
3349
5197
6657
7013
6357
5835
6305
7428
8091
7800
6728
4990
2749
690
-424
-394
545
1896
3093
3634
3508
3325
3771
4813
5982
7237
8557
9382
9088
7944
6906
6403
5920
5017
4128
3517
2587
753
-1539
-3354
-4395
-5003
-5240
-4769
-3942
-3648
-4215
-4874
-4728
-3795
-2617
-1424
-124
909
1148
619
-138
-653
-947
-1054
-901
-616
-724
-1519
-2544
-3207
-3368
-3209
-2819
-2124
-1240
-517
-144
97
456
869
1253
1549
1714
1716
1526
1256
1074
1044
967
749
495
185
-300
-1100
-2146
-3099
-3641
-3613
-3064
-2212
-1375
-722
-519
-1567
-4368
-7969
-10280
-10144
-8650
-7621
-7515
-7652
-7936
-8731
-9227
-7809
-4156
-117
2400
3434
4048
4467
4281
4065
4943
6888
8520
8648
7444
5714
3959
2498
1788
2017
2778
3544
3944
3764
3118
2605
3016
4478
6318
7832
8839
9161
8418
6892
5679
5621
6338
6816
6596
5818
4389
2055
-595
-2364
-2775
-2537
-2450
-2592
-2914
-3774
-5350
-6784
-6963
-5872
-4373
-3050
-1940
-1231
-1249
-1750
-1942
-1379
-469
257
717
843
297
-933
-2126
-2532
-2096
-1405
-1016
-1054
-1495
-2185
-2710
-2611
-1826
-666
505
1384
1734
1441
751
265
339
849
1439
1832
1903
1632
1074
402
-173
-699
-1389
-2143
-2606
-2564
-2220
-1876
-1554
-1465
-2529
-5347
-8635
-10203
-9392
-7913
-7611
-8185
-8411
-8399
-8851
-8936
-7043
-3285
185
1819
2390
3068
3646
3699
4010
5531
7614
8574
7731
5986
4294
2957
2256
2485
3312
3865
3735
3177
2522
1996
2081
3304
5348
7128
7993
8240
8161
7639
6954
6900
7709
8384
7981
6840
5689
4380
2460
513
-502
-693
-1144
-2292
-3507
-4430
-5410
-6459
-6764
-5899
-4594
-3839
-3711
-3658
-3502
-3360
-2967
-1921
-565
360
619
649
660
286
-518
-1128
-992
-540
-458
-830
-1281
-1639
-1993
-2158
-1858
-1105
-384
-69
-80
-239
-404
-401
-22
645
1247
1464
1297
1005
673
298
31
-21
-112
-492
-1084
-1523
-1586
-1544
-1599
-1627
-1892
-3373
-6270
-9044
-9883
-8905
-8168
-8791
-9750
-9934
-9797
-9837
-8945
-6103
-2360
136
920
1427
2429
3302
3778
4837
6893
8742
9040
7858
6364
5194
4361
4001
4173
4371
3960
3056
2200
1718
1727
2429
3838
5275
5945
5872
5693
5694
5859
6429
7656
8994
9372
8444
6914
5571
4432
3265
2148
1218
319
-817
-2089
-3336
-4587
-5783
-6654
-6838
-6348
-5567
-4904
-4520
-4185
-3654
-2798
-1780
-941
-319
196
653
863
685
291
-99
-243
-120
156
228
-326
-1352
-2188
-2277
-1882
-1511
-1166
-641
-50
102
-313
-775
-852
-598
-246
272
890
1185
863
195
-137
84
332
140
-298
-634
-820
-984
-1080
-898
-665
-1320
-3569
-6574
-8594
-8827
-8233
-8362
-9383
-10224
-10402
-10440
-10387
-9326
-6812
-3852
-1848
-834
126
1399
2623
3793
5412
7320
8598
8575
7521
6253
5368
5081
5236
5464
5334
4711
3816
2851
2127
2154
3093
4329
5087
5220
5186
5217
5149
5203
5965
7382
8505
8619
8000
7293
6463
5249
4079
3543
3335
2497
724
-1350
-3085
-4483
-5645
-6256
-6188
-5940
-6086
-6549
-6800
-6516
-5717
-4568
-3237
-2044
-1244
-713
-167
423
784
853
832
864
903
787
451
-51
-544
-825
-853
-846
-1047
-1308
-1282
-1009
-817
-825
-780
-443
30
341
417
420
384
271
261
457
792
893
407
-397
-1007
-1176
-1132
-1086
-916
-695
-1155
-3123
-5933
-7782
-7795
-7050
-7261
-8519
-9652
-10154
-10514
-10672
-9612
-7120
-4497
-3012
-2283
-1205
277
1541
2694
4373
6403
7777
8009
7619
7250
7059
6978
6951
6839
6377
5552
4614
3667
2845
2548
3013
3742
4014
3782
3634
3848
4082
4377
5291
6774
7874
7945
7420
6966
6509
5698
4865
4537
4329
3269
1269
-743
-2137
-3221
-4311
-5151
-5577
-5967
-6701
-7404
-7399
-6672
-5715
-4845
-4079
-3415
-2942
-2523
-1854
-828
191
778
960
955
937
887
692
384
134
108
233
207
-111
-502
-719
-807
-960
-1171
-1250
-1099
-838
-550
-174
150
221
83
25
295
769
1018
764
182
-305
-474
-446
-444
-415
-342
-852
-2631
-5199
-6971
-7069
-6568
-7113
-8693
-9886
-10044
-9963
-10092
-9554
-7733
-5567
-4357
-3822
-2706
-825
874
2095
3641
5742
7421
7845
7406
7099
7288
7657
7888
7851
7430
6617
5570
4491
3662
3392
3712
4134
4130
3768
3497
3470
3485
3658
4438
5664
6514
6584
6360
6361
6323
5849
5208
4885
4594
3600
1873
179
-984
-1905
-2940
-3954
-4817
-5682
-6708
-7595
-7838
-7352
-6497
-5686
-5045
-4592
-4231
-3731
-2942
-1887
-782
62
536
730
936
1236
1357
1160
864
839
983
801
246
-281
-423
-408
-661
-1090
-1358
-1386
-1377
-1321
-996
-567
-393
-542
-612
-190
455
770
621
322
227
331
448
444
387
264
-492
-2311
-4693
-6271
-6307
-5889
-6588
-8393
-9787
-9972
-9742
-9693
-9175
-7562
-5665
-4684
-4283
-3219
-1354
297
1393
2761
4722
6405
6968
6812
6930
7526
8102
8297
8167
7852
7372
6727
5960
5239
4809
4713
4625
4215
3649
3304
3175
3033
3007
3520
4453
5099
5127
4978
5085
5248
5128
4947
4950
4812
3988
2541
1089
-23
-954
-1917
-2827
-3631
-4540
-5699
-6782
-7260
-7003
-6392
-5892
-5656
-5458
-5064
-4440
-3605
-2558
-1470
-705
-354
-80
474
1137
1375
1149
967
1140
1340
1120
636
356
398
361
-66
-657
-1097
-1354
-1537
-1550
-1255
-927
-924
-1205
-1270
-834
-268
-20
-145
-317
-271
-74
140
330
491
355
-658
-2627
-4610
-5431
-5170
-5307
-6753
-8649
-9601
-9599
-9592
-9606
-8815
-7143
-5720
-5138
-4460
-2855
-943
315
1267
2854
4818
6028
6226
6363
7101
7975
8350
8278
8121
7892
7468
6928
6432
6091
5858
5623
5279
4794
4323
3942
3546
3169
3117
3600
4279
4635
4647
4628
4652
4499
4194
4102
4250
4091
3249
2053
1038
262
-573
-1550
-2474
-3291
-4207
-5307
-6256
-6569
-6250
-5830
-5656
-5644
-5467
-5066
-4531
-3837
-2957
-2111
-1545
-1233
-753
86
823
1050
945
1039
1358
1460
1119
699
628
775
692
232
-366
-918
-1351
-1585
-1495
-1254
-1245
-1529
-1818
-1745
-1312
-855
-685
-849
-986
-742
-132
426
647
681
333
-930
-2966
-4493
-4547
-4139
-5016
-7173
-8807
-9029
-8961
-9395
-9427
-8199
-6581
-5886
-5620
-4414
-2408
-895
-59
1259
3360
5009
5423
5429
6093
7152
7784
7917
7989
8064
7869
7471
7155
6935
6697
6475
6264
5932
5456
5007
4655
4275
3908
3931
4389
4728
4605
4343
4291
4243
3909
3518
3499
3647
3269
2251
1188
493
-52
-792
-1611
-2289
-3005
-4041
-5186
-5830
-5781
-5502
-5474
-5640
-5678
-5524
-5266
-4814
-3994
-2991
-2297
-2017
-1663
-933
-131
301
419
699
1213
1521
1350
943
726
745
781
658
332
-204
-912
-1439
-1475
-1175
-1054
-1419
-1916
-2102
-1926
-1624
-1410
-1343
-1439
-1484
-1207
-590
40
356
271
-432
-1823
-3248
-3765
-3497
-3851
-5561
-7503
-8272
-8183
-8432
-8875
-8424
-7115
-6212
-6045
-5395
-3688
-1929
-904
155
2068
4112
5158
5419
5960
6978
7769
8073
8259
8458
8351
7876
7452
7259
7036
6621
6196
5889
5583
5207
4789
4345
3955
3860
4181
4564
4609
4436
4394
4432
4202
3749
3488
3465
3220
2493
1627
991
419
-402
-1374
-2155
-2742
-3489
-4457
-5246
-5493
-5364
-5329
-5534
-5740
-5723
-5559
-5344
-4922
-4229
-3490
-3005
-2634
-1996
-1132
-476
-228
5
581
1278
1602
1440
1151
1094
1259
1338
1127
582
-131
-714
-924
-821
-729
-921
-1346
-1752
-1905
-1782
-1513
-1350
-1360
-1353
-1109
-699
-350
-95
95
-134
-1189
-2669
-3466
-3191
-3039
-4252
-6329
-7655
-7821
-7939
-8475
-8513
-7479
-6374
-6147
-6000
-4851
-3146
-2035
-1295
233
2486
4079
4545
4904
5920
6967
7430
7646
8078
8427
8279
7967
7883
7828
7481
7013
6710
6454
6009
5474
5027
4606
4177
3985
4145
4289
4155
3936
3890
3838
3496
3071
2879
2839
2520
1872
1244
796
332
-352
-1084
-1647
-2186
-2956
-3860
-4534
-4791
-4931
-5209
-5510
-5582
-5502
-5470
-5357
-4898
-4181
-3637
-3320
-2767
-1794
-853
-417
-278
84
658
1006
986
896
967
1086
1120
1080
861
283
-547
-1114
-1159
-1010
-1131
-1542
-1945
-2173
-2280
-2271
-2146
-2057
-2082
-2032
-1658
-1044
-502
-248
-471
-1345
-2547
-3191
-2853
-2517
-3422
-5213
-6363
-6376
-6363
-6947
-7198
-6422
-5485
-5371
-5393
-4471
-3056
-2229
-1707
-331
1738
3153
3575
4000
5066
6198
6881
7407
7973
8237
8067
7955
8181
8314
7979
7428
6983
6569
6051
5657
5419
5025
4434
4118
4283
4375
4003
3573
3550
3637
3335
2842
2654
2684
2410
1795
1259
959
529
-219
-928
-1296
-1555
-2185
-3138
-3935
-4327
-4554
-4913
-5299
-5504
-5549
-5567
-5500
-5205
-4784
-4482
-4248
-3779
-2953
-2082
-1472
-1060
-628
-134
292
573
729
783
839
1051
1315
1289
773
73
-341
-414
-441
-671
-1057
-1423
-1730
-1964
-2059
-2018
-1993
-2022
-1936
-1608
-1152
-741
-423
-367
-912
-1981
-2708
-2515
-2143
-2861
-4590
-5861
-6022
-5958
-6456
-6795
-6195
-5313
-5138
-5245
-4474
-3045
-2125
-1791
-898
860
2337
2861
3211
4171
5284
5950
6470
7176
7635
7479
7270
7594
8038
7970
7566
7281
6976
6383
5807
5603
5470
5023
4571
4547
4625
4286
3742
3541
3563
3244
2591
2190
2162
2018
1552
1125
963
728
140
-551
-970
-1239
-1706
-2371
-2922
-3274
-3607
-4031
-4462
-4765
-4953
-5061
-5052
-4870
-4594
-4325
-4066
-3679
-3099
-2461
-1921
-1532
-1151
-680
-207
115
253
327
428
587
717
683
421
-18
-410
-616
-740
-982
-1378
-1746
-1984
-2134
-2260
-2379
-2452
-2447
-2320
-2039
-1656
-1250
-922
-858
-1287
-2103
-2721
-2755
-2613
-3000
-3919
-4675
-4976
-5293
-5829
-5962
-5239
-4252
-3826
-3815
-3496
-2758
-2066
-1423
-348
1057
2063
2439
2773
3521
4418
5132
5783
6476
6945
7025
7049
7317
7604
7653
7602
7578
7373
6836
6284
6032
5875
5479
4988
4738
4579
4167
3610
3282
3164
2876
2366
1981
1779
1464
996
709
689
576
137
-430
-888
-1304
-1797
-2258
-2605
-2959
-3411
-3872
-4232
-4517
-4742
-4822
-4724
-4542
-4381
-4224
-4013
-3751
-3431
-3007
-2507
-2073
-1773
-1512
-1184
-795
-438
-160
111
392
596
675
683
673
632
486
212
-149
-535
-881
-1104
-1246
-1437
-1711
-1927
-1949
-1820
-1677
-1572
-1449
-1327
-1300
-1476
-1878
-2346
-2751
-3083
-3411
-3733
-4007
-4286
-4668
-5032
-5050
-4598
-3970
-3512
-3248
-2993
-2657
-2288
-1780
-989
-54
725
1306
1921
2656
3333
3810
4238
4797
5401
5899
6296
6635
6824
6786
6638
6551
6555
6495
6331
6110
5889
5691
5530
5385
5161
4846
4534
4297
4052
3686
3231
2785
2363
1925
1529
1243
999
681
249
-207
-645
-1097
-1513
-1800
-1977
-2191
-2524
-2945
-3365
-3751
-4079
-4273
-4329
-4326
-4295
-4219
-4084
-3920
-3710
-3376
-2947
-2545
-2234
-1943
-1612
-1251
-895
-549
-214
37
123
86
30
-9
-79
-233
-475
-775
-1091
-1393
-1650
-1836
-1958
-2076
-2211
-2288
-2221
-2057
-1955
-1984
-2085
-2230
-2474
-2826
-3161
-3334
-3333
-3297
-3402
-3690
-4002
-4082
-3794
-3245
-2695
-2313
-2066
-1804
-1403
-862
-280
242
672
1066
1524
2117
2777
3331
3654
3842
4158
4751
5483
6077
6395
6540
6671
6833
6980
7091
7137
7027
6716
6337
6083
5945
5705
5244
4707
4261
3885
3452
2950
2470
2052
1655
1259
885
529
160
-209
-511
-748
-1009
-1373
-1816
-2226
-2521
-2694
-2822
-3032
-3388
-3807
-4091
-4136
-4033
-3963
-3994
-4063
-4082
-4014
-3866
-3657
-3442
-3288
-3187
-3044
-2785
-2441
-2099
-1812
-1565
-1316
-1021
-690
-396
-208
-127
-80
-23
8
-72
-283
-542
-758
-895
-989
-1066
-1123
-1153
-1168
-1184
-1230
-1375
-1674
-2100
-2543
-2888
-3092
-3202
-3314
-3489
-3671
-3724
-3579
-3288
-2975
-2702
-2456
-2159
-1714
-1084
-361
266
688
1000
1406
1994
2658
3217
3604
3863
4103
4443
4930
5454
5818
5940
5946
6000
6129
6254
6306
6251
6078
5851
5665
5517
5315
5010
4687
4400
4103
3767
3454
3199
2912
2548
2196
1905
1583
1135
656
280
-40
-446
-965
-1473
-1900
-2282
-2627
-2902
-3121
-3383
-3708
-4005
-4189
-4266
-4287
-4268
-4218
-4167
-4064
-3845
-3515
-3197
-2978
-2816
-2662
-2491
-2307
-2089
-1845
-1630
-1453
-1271
-1048
-777
-518
-337
-256
-256
-270
-266
-267
-321
-414
-527
-664
-836
-1004
-1115
-1184
-1273
-1429
-1687
-2075
-2561
-3031
-3368
-3565
-3745
-4013
-4327
-4520
-4442
-4087
-3617
-3217
-2925
-2636
-2167
-1453
-628
99
602
941
1280
1752
2346
2920
3334
3574
3753
4007
4381
4803
5150
5383
5546
5697
5872
6068
6209
6229
6119
5935
5754
5602
5443
5237
4976
4683
4393
4114
3811
3435
3015
2638
2333
2052
1742
1416
1097
790
479
150
-201
-584
-973
-1330
-1598
-1801
-2003
-2257
-2564
-2856
-3066
-3176
-3257
-3421
-3690
-3964
-4108
-4090
-3996
-3903
-3838
-3774
-3702
-3568
-3331
-3013
-2714
-2514
-2392
-2263
-2077
-1852
-1625
-1416
-1219
-1034
-881
-786
-737
-692
-596
-452
-319
-246
-233
-264
-310
-374
-486
-718
-1141
-1730
-2348
-2849
-3174
-3378
-3576
-3827
-4071
-4162
-3971
-3531
-3022
-2615
-2340
-2068
-1615
-910
-72
674
1168
1477
1808
2293
2891
3451
3852
4086
4249
4478
4826
5200
5428
5448
5388
5385
5454
5494
5440
5323
5206
5115
5064
5037
4989
4898
4776
4654
4505
4252
3864
3412
2983
2588
2192
1742
1227
684
186
-221
-565
-944
-1412
-1906
-2298
-2532
-2663
-2781
-2973
-3247
-3542
-3754
-3838
-3866
-3910
-3975
-3994
-3955
-3892
-3798
-3634
-3424
-3254
-3138
-3005
-2802
-2586
-2406
-2241
-2041
-1824
-1648
-1500
-1340
-1172
-1040
-940
-836
-710
-573
-432
-287
-147
-47
7
46
70
47
-34
-202
-458
-833
-1322
-1824
-2251
-2576
-2840
-3077
-3287
-3435
-3472
-3355
-3113
-2828
-2548
-2219
-1763
-1157
-476
177
764
1283
1767
2247
2741
3203
3567
3829
4046
4273
4501
4683
4790
4840
4865
4880
4870
4843
4812
4777
4726
4653
4570
4479
4387
4296
4221
4169
4122
4034
3870
3647
3407
3178
2937
2640
2245
1770
1268
794
374
-18
-466
-1019
-1630
-2195
-2641
-2978
-3259
-3536
-3824
-4090
-4273
-4347
-4354
-4354
-4389
-4422
-4384
-4231
-3991
-3738
-3544
-3439
-3346
-3187
-2941
-2661
-2422
-2261
-2172
-2100
-1980
-1779
-1540
-1333
-1199
-1103
-976
-808
-625
-448
-292
-147
5
182
369
514
568
545
501
443
307
32
-345
-744
-1116
-1446
-1734
-1999
-2251
-2485
-2625
-2601
-2428
-2215
-2035
-1860
-1593
-1170
-617
-28
498
908
1252
1616
2025
2435
2780
3034
3213
3362
3518
3696
3862
3964
4008
4054
4144
4242
4269
4213
4115
4029
3959
3906
3857
3824
3819
3839
3863
3854
3760
3584
3383
3196
2995
2714
2320
1858
1395
936
455
-69
-614
-1145
-1632
-2049
-2377
-2641
-2886
-3120
-3320
-3455
-3521
-3553
-3578
-3610
-3641
-3663
-3667
-3652
-3599
-3484
-3309
-3118
-2961
-2824
-2653
-2429
-2166
-1906
-1682
-1531
-1449
-1386
-1270
-1091
-921
-832
-805
-762
-664
-540
-428
-329
-231
-129
-3
153
305
378
318
140
-94
-354
-656
-1005
-1362
-1679
-1943
-2167
-2365
-2512
-2596
-2614
-2563
-2428
-2215
-1962
-1687
-1363
-972
-534
-89
341
754
1157
1559
1961
2358
2728
3069
3394
3698
3952
4124
4218
4259
4260
4231
4197
4168
4120
4043
3958
3879
3802
3711
3601
3501
3428
3362
3277
3180
3085
2982
2851
2691
2490
2237
1935
1603
1273
938
567
134
-334
-784
-1178
-1522
-1845
-2168
-2487
-2765
-2975
-3126
-3246
-3363
-3483
-3597
-3667
-3659
-3588
-3509
-3439
-3360
-3228
-3041
-2828
-2622
-2447
-2299
-2156
-1986
-1771
-1558
-1405
-1325
-1289
-1229
-1115
-963
-802
-664
-540
-421
-300
-175
-49
80
197
289
363
422
438
340
118
-184
-527
-897
-1290
-1679
-2020
-2290
-2482
-2599
-2628
-2580
-2478
-2337
-2146
-1875
-1533
-1147
-744
-346
40
410
787
1197
1627
2024
2352
2621
2879
3169
3494
3821
4093
4266
4349
4391
4415
4422
4386
4280
4122
3970
3872
3842
3833
3778
3645
3455
3257
3094
2972
2861
2712
2496
2229
1955
1692
1419
1110
744
345
-55
-434
-800
-1165
-1535
-1916
-2268
-2565
-2796
-2973
-3135
-3309
-3496
-3665
-3783
-3841
-3846
-3806
-3725
-3610
-3452
-3246
-2990
-2719
-2478
-2281
-2101
-1908
-1700
-1505
-1352
-1239
-1152
-1073
-981
-895
-830
-785
-746
-698
-624
-524
-401
-272
-161
-71
15
106
181
233
270
289
266
181
55
-77
-196
-324
-489
-670
-843
-1006
-1156
-1284
-1387
-1466
-1517
-1514
-1422
-1260
-1088
-944
-804
-606
-320
25
381
719
1031
1341
1669
2011
2335
2617
2844
3034
3226
3413
3558
3634
3638
3617
3622
3661
3696
3700
3665
3615
3558
3494
3406
3267
3074
2864
2677
2526
2383
2216
2011
1778
1548
1331
1111
862
579
255
-90
-463
-865
-1272
-1657
-2001
-2313
-2580
-2805
-3008
-3195
-3348
-3440
-3467
-3464
-3437
-3365
-3246
-3086
-2917
-2740
-2560
-2386
-2218
-2054
-1893
-1747
-1614
-1490
-1363
-1230
-1099
-981
-891
-833
-795
-766
-729
-702
-679
-636
-560
-479
-401
-321
-244
-172
-116
-78
-36
8
33
11
-53
-147
-280
-435
-584
-704
-809
-902
-975
-1023
-1041
-1042
-1032
-1008
-954
-860
-736
-573
-381
-172
33
229
447
710
1016
1333
1636
1918
2196
2481
2769
3035
3243
3380
3461
3527
3597
3667
3717
3724
3691
3631
3569
3511
3425
3299
3134
2950
2765
2569
2354
2118
1869
1630
1392
1156
909
631
322
-5
-328
-651
-969
-1290
-1602
-1897
-2185
-2470
-2757
-3018
-3230
-3372
-3446
-3472
-3455
-3400
-3318
-3209
-3065
-2889
-2698
-2502
-2302
-2080
-1840
-1607
-1399
-1210
-1024
-846
-687
-549
-432
-331
-242
-174
-112
-59
-26
-17
-6
28
90
143
166
171
173
182
201
219
232
225
180
97
5
-86
-189
-307
-431
-536
-629
-719
-816
-918
-1010
-1093
-1156
-1165
-1114
-1040
-973
-907
-810
-663
-478
-281
-74
143
363
592
839
1086
1311
1498
1670
1855
2041
2195
2299
2356
2390
2431
2483
2537
2563
2549
2503
2458
2431
2416
2381
2318
2240
2169
2122
2076
2006
1901
1776
1639
1505
1380
1243
1083
900
686
457
213
-44
-312
-591
-877
-1152
-1403
-1621
-1815
-1990
-2137
-2253
-2326
-2358
-2349
-2321
-2280
-2222
-2148
-2053
-1955
-1856
-1756
-1659
-1562
-1462
-1361
-1271
-1195
-1130
-1053
-952
-850
-765
-701
-653
-612
-572
-524
-466
-402
-342
-288
-239
-203
-182
-182
-177
-146
-106
-69
-72
-124
-208
-312
-403
-474
-544
-625
-713
-780
-820
-836
-844
-854
-857
-854
-832
-784
-701
-602
-502
-405
-294
-148
34
230
437
650
860
1063
1256
1443
1613
1771
1919
2066
2212
2344
2445
2512
2581
2652
2725
2790
2838
2861
2854
2815
2753
2647
2484
2290
2075
1873
1694
1522
1349
1148
925
687
458
250
64
-111
-284
-451
-620
-791
-956
-1107
-1239
-1352
-1450
-1527
-1574
-1604
-1626
-1657
-1694
-1719
-1717
-1698
-1662
-1624
-1615
-1624
-1612
-1558
-1473
-1369
-1274
-1187
-1120
-1071
-1012
-949
-895
-881
-895
-911
-909
-902
-897
-881
-855
-823
-792
-744
-668
-573
-475
-382
-297
-222
-171
-142
-123
-105
-99
-116
-133
-146
-154
-164
-195
-240
-283
-304
-310
-312
-331
-371
-411
-425
-398
-336
-252
-157
-56
63
206
356
496
618
728
839
964
1097
1231
1352
1452
1531
1591
1642
1686
1719
1743
1752
1756
1765
1787
1810
1815
1799
1764
1725
1690
1656
1609
1538
1437
1314
1199
1107
1031
955
865
762
649
531
413
271
109
-60
-221
-348
-442
-522
-614
-718
-831
-943
-1025
-1070
-1088
-1093
-1105
-1119
-1137
-1146
-1140
-1118
-1080
-1037
-1007
-1004
-1013
-1032
-1047
-1056
-1052
-1051
-1073
-1116
-1167
-1210
-1231
-1245
-1253
-1240
-1201
-1139
-1066
-991
-920
-861
-807
-749
-686
-624
-589
-599
-632
-655
-650
-619
-569
-511
-457
-410
-370
-328
-279
-232
-193
-159
-113
-55
7
61
109
159
234
330
427
503
549
582
633
720
841
959
1047
1101
1124
1142
1168
1195
1215
1231
1264
1329
1408
1480
1536
1580
1621
1648
1656
1639
1584
1478
1334
1189
1068
977
900
832
775
715
648
565
471
380
293
213
142
73
-19
-141
-279
-405
-503
-566
-599
-602
-581
-564
-557
-554
-560
-582
-623
-671
-703
-713
-708
-688
-655
-614
-566
-525
-496
-473
-465
-473
-488
-507
-541
-591
-646
-688
-698
-692
-690
-699
-725
-759
-792
-795
-761
-713
-672
-636
-609
-592
-586
-579
-560
-521
-470
-418
-371
-334
-318
-324
-337
-336
-313
-281
-257
-241
-235
-238
-249
-269
-281
-289
-297
-291
-260
-197
-111
-19
61
127
182
225
254
276
301
324
351
387
444
518
593
662
724
776
825
869
907
941
959
965
964
952
935
914
895
892
901
925
945
956
969
983
990
983
949
886
799
694
597
524
490
480
481
488
493
480
451
406
351
299
239
174
104
29
-46
-115
-169
-215
-270
-340
-412
-473
-519
-554
-578
-598
-626
-677
-744
-824
-901
-978
-1043
-1085
-1104
-1106
-1108
-1111
-1105
-1094
-1092
-1105
-1127
-1149
-1158
-1156
-1139
-1105
-1053
-996
-932
-856
-770
-671
-563
-451
-350
-266
-208
-167
-129
-86
-47
-22
-7
5
29
76
138
202
264
315
359
405
458
507
535
538
526
512
510
524
548
580
614
639
653
658
654
645
625
593
553
517
486
459
434
408
385
373
368
360
339
316
304
326
378
445
488
487
463
438
430
433
433
410
371
322
269
225
202
196
201
217
240
257
259
243
222
216
230
260
301
337
361
365
343
310
270
232
194
143
72
-10
-90
-164
-207
-226
-247
-287
-352
-431
-511
-579
-640
-691
-723
-743
-760
-780
-804
-830
-857
-871
-858
-829
-795
-769
-754
-739
-722
-701
-674
-635
-594
-553
-508
-461
-413
-381
-363
-353
-347
-333
-311
-281
-237
-169
-89
-10
52
93
119
133
136
121
99
76
70
84
115
151
186
217
250
284
318
347
359
362
359
348
337
332
338
349
361
367
364
351
332
320
312
306
300
285
272
256
239
215
183
159
148
157
181
215
265
324
384
419
430
410
365
318
281
258
244
225
196
167
153
166
190
216
230
226
197
151
91
38
-5
-31
-35
-20
9
30
32
21
-3
-36
-65
-91
-119
-153
-187
-206
-198
-154
-93
-29
20
35
22
-7
-45
-85
-119
-138
-141
-139
-143
-175
-230
-302
-382
-447
-494
-526
-553
-573
-584
-586
-589
-595
-609
-636
-662
-671
-654
-612
-557
-488
-412
-340
-277
-225
-184
-141
-102
-58
-7
44
86
116
132
128
108
82
69
74
97
126
154
177
213
263
319
374
425
457
471
472
461
449
439
435
440
457
470
474
463
445
432
416
398
376
340
297
254
215
196
200
218
247
278
296
295
280
256
237
230
223
207
179
140
96
44
-6
-48
-95
-149
-208
-267
-321
-351
-353
-338
-310
-288
-270
-256
-246
-235
-220
-198
-169
-139
-117
-107
-108
-108
-106
-96
-75
-59
-62
-87
-121
-150
-162
-162
-159
-164
-176
-193
-210
-228
-239
-237
-215
-171
-109
-45
3
33
35
17
-15
-56
-99
-142
-176
-199
-220
-231
-229
-218
-191
-157
-119
-78
-39
2
45
91
121
140
152
159
163
167
167
158
149
143
136
121
102
80
57
40
28
8
-18
-40
-58
-67
-63
-59
-50
-42
-33
-20
-8
1
11
22
29
35
44
42
25
-11
-54
-91
-118
-125
-105
-75
-38
0
25
30
18
-9
-45
-73
-83
-70
-42
-7
35
71
106
142
164
162
141
106
62
24
-2
-13
-17
-12
-5
-2
-2
-7
-11
-8
9
33
73
129
191
253
322
382
420
434
418
391
355
312
263
207
148
106
87
91
114
143
163
177
177
167
153
126
93
59
38
30
23
20
8
-8
-20
-24
-25
-27
-31
-46
-65
-89
-122
-153
-181
-202
-212
-208
-187
-155
-128
-116
-121
-148
-194
-250
-304
-340
-352
-340
-308
-273
-254
-245
-245
-246
-241
-230
-211
-186
-157
-126
-88
-49
-12
13
28
29
16
-9
-38
-61
-73
-67
-39
5
51
84
94
86
67
42
18
0
-24
-46
-62
-70
-64
-49
-30
-7
15
39
64
85
94
92
69
37
0
-40
-72
-96
-107
-102
-86
-67
-43
-22
3
32
60
84
98
102
104
113
131
159
187
214
227
223
200
157
103
48
6
-26
-48
-53
-55
-52
-44
-33
-22
-9
1
16
30
38
48
65
92
127
162
191
210
216
215
212
191
161
123
88
69
67
73
85
97
106
123
140
148
137
100
50
-3
-48
-80
-85
-78
-58
-35
-25
-29
-53
-83
-106
-120
-132
-152
-173
-191
-197
-183
-165
-150
-151
-159
-160
-159
-153
-146
-146
-140
-123
-99
-75
-54
-37
-28
-21
-14
-7
3
12
23
27
26
13
-10
-35
-51
-60
-69
-76
-84
-83
-68
-44
-16
8
29
42
51
50
45
33
19
13
11
21
37
54
72
87
100
103
111
116
119
121
117
106
92
82
81
79
75
69
55
39
29
19
14
18
24
37
48
67
87
98
96
79
53
21
-7
-23
-29
-19
-14
-20
-45
-80
-112
-140
-154
-162
-170
-175
-170
-154
-131
-101
-80
-70
-68
-72
-71
-58
-45
-27
-13
-1
3
-3
-19
-42
-69
-100
-124
-136
-129
-110
-88
-71
-61
-57
-51
-36
-21
-2
14
27
41
58
77
99
124
141
148
142
124
104
87
72
63
54
47
43
35
24
11
-3
-18
-19
-9
17
50
80
108
129
147
157
160
150
126
90
58
30
1
-20
-34
-37
-33
-29
-31
-37
-46
-54
-53
-47
-40
-27
-6
27
70
107
138
156
168
178
183
172
140
91
36
-17
-61
-93
-112
-116
-108
-94
-80
-67
-62
-64
-71
-74
-77
-72
-55
-32
-9
13
29
41
53
62
70
67
51
21
-11
-37
-63
-73
-70
-48
-18
10
35
47
45
42
36
31
31
31
38
55
73
90
97
90
72
43
11
-15
-41
-61
-72
-75
-76
-78
-83
-92
-105
-120
-131
-133
-127
-115
-103
-98
-96
-98
-104
-107
-113
-117
-119
-120
-119
-118
-118
-127
-141
-153
-164
-175
-180
-182
-176
-169
-158
-139
-105
-61
-26
0
21
43
64
81
97
111
127
142
148
145
136
130
130
130
125
111
100
104
115
135
157
173
183
190
191
195
195
199
196
186
177
162
146
125
100
69
30
-3
-32
-50
-53
-43
-30
-13
7
28
54
77
94
100
100
94
80
66
52
30
10
-8
-22
-28
-36
-42
-49
-56
-65
-81
-102
-121
-134
-137
-127
-114
-103
-99
-98
-103
-110
-115
-131
-149
-168
-179
-175
-160
-145
-139
-144
-162
-179
-191
-196
-201
-201
-195
-177
-155
-129
-100
-72
-44
-14
10
29
49
64
74
71
57
37
13
-6
-10
-1
18
31
34
40
41
39
41
48
65
91
131
181
232
274
301
308
298
278
259
246
240
231
211
193
178
156
131
103
71
33
2
-26
-49
-64
-76
-78
-75
-68
-55
-41
-31
-25
-22
-21
-17
-17
-18
-18
-21
-26
-34
-43
-51
-58
-61
-57
-50
-39
-23
-3
12
26
32
33
33
28
28
28
27
22
16
11
0
-16
-32
-47
-59
-65
