0
0
0
0
0
0
-1
1
1
0
0
0
0
-1
0
0
0
0
-1
1
-1
-1
-1
0
0
-1
0
1
-1
0
1
0
0
0
0
1
0
-1
0
0
1
0
0
0
0
1
0
-1
0
0
1
0
-1
0
0
0
0
-1
0
0
0
1
0
0
-1
0
0
-1
0
0
-1
-1
0
0
1
-1
0
0
0
-1
0
1
-1
0
0
0
0
0
0
1
1
1
1
1
0
0
0
0
1
1
1
0
0
0
1
0
0
0
-1
1
1
-1
-1
0
0
1
0
0
0
0
0
0
-1
0
1
0
1
0
0
0
0
-1
-1
0
1
0
0
-1
-1
0
0
0
-1
0
1
0
0
0
0
-1
0
0
-1
0
0
0
0
0
0
0
0
0
0
-1
0
0
0
0
0
0
0
1
-1
1
0
0
-1
0
0
0
1
0
0
0
-1
0
0
1
0
0
0
0
0
0
0
0
0
0
-1
0
1
0
0
0
0
0
0
1
-1
0
-1
0
0
0
0
0
1
-1
0
0
0
0
-1
0
0
0
0
0
1
0
0
0
0
-1
-1
-1
-1
0
0
0
0
0
0
0
0
-1
-1
0
-1
0
0
0
-1
0
0
0
0
0
0
0
1
0
0
0
0
0
0
0
0
-1
0
1
1
0
0
0
0
0
0
0
0
0
0
0
1
0
0
0
0
0
1
1
0
0
0
0
0
-1
0
0
0
0
0
1
1
0
0
1
0
0
0
1
0
1
1
0
1
1
0
0
0
0
1
0
0
0
0
0
1
0
1
1
0
0
0
0
0
0
0
0
0
0
0
0
1
-1
0
1
0
0
0
0
0
1
0
-1
0
0
1
0
0
1
0
0
0
0
0
0
0
0
0
0
0
0
0
0
0
0
0
1
0
0
-1
0
1
-1
0
0
0
0
0
0
-1
0
1
0
0
1
0
-1
0
0
-1
0
0
0
0
0
0
0
0
0
0
0
0
0
0
1
0
1
-1
0
0
0
0
-1
0
0
0
0
0
0
0
1
0
0
0
0
0
0
0
-1
0
1
0
0
0
0
0
-1
0
0
0
0
0
1
0
0
1
0
0
1
-1
0
0
0
0
0
1
0
0
-1
0
0
0
-1
1
0
0
1
-1
-1
0
0
0
0
0
0
0
0
0
0
0
0
1
0
0
0
0
0
1
1
1
0
-1
0
1
0
0
0
0
0
0
0
0
0
0
0
1
0
0
1
-1
0
0
0
0
0
0
0
1
0
0
-1
0
0
0
0
0
-1
0
-1
0
1
-1
0
0
0
-1
1
0
-1
1
-1
0
0
0
0
0
0
0
1
0
0
1
0
0
-1
0
0
0
0
0
0
0
0
0
0
0
0
0
1
0
0
0
0
0
0
0
1
0
0
0
1
0
0
0
0
-1
0
1
-1
0
0
0
0
-1
0
1
0
0
0
0
0
0
0
0
0
0
0
0
1
-1
0
0
0
0
0
0
-1
0
-1
-1
0
0
0
0
0
0
1
-1
0
0
0
0
0
1
1
1
-1
0
0
1
-1
-1
1
-1
0
0
-1
1
0
1
0
0
1
0
-1
0
0
0
-1
0
-1
1
1
0
0
0
-1
0
0
1
0
0
0
-1
0
0
0
0
0
-1
0
0
-1
-1
1
1
0
1
0
1
0
0
0
0
0
-1
0
0
0
0
0
0
-1
0
-1
1
0
1
0
0
1
-1
1
0
0
0
0
0
0
1
0
-1
0
-1
0
0
0
0
0
0
0
0
0
0
-1
0
-1
0
0
1
0
0
0
0
0
0
0
0
1
0
0
0
0
0
0
0
0
0
0
0
0
0
-1
1
0
0
1
0
0
0
1
0
0
0
0
0
0
1
-1
-1
-1
0
1
0
-1
0
-1
0
0
1
0
-1
-1
0
0
-1
1
0
1
0
0
0
0
1
1
1
0
0
1
-1
0
0
0
0
0
1
-1
0
0
0
0
0
0
0
1
0
1
0
0
0
0
0
0
0
0
0
-1
0
-1
-1
0
-1
0
0
0
0
-1
0
1
0
0
-1
1
0
-1
-1
-1
0
-1
0
1
-1
0
0
0
-1
1
0
0
0
1
0
1
0
-1
0
0
0
1
0
0
0
0
-1
0
0
0
0
0
0
0
1
0
1
0
-1
0
0
-1
2
0
0
-1
0
0
-1
0
0
0
0
0
0
0
0
0
0
0
1
0
1
0
0
-1
0
0
0
-1
0
1
-1
-1
0
-1
0
0
0
1
1
0
0
0
0
0
1
1
0
0
0
0
1
-1
0
1
1
-1
0
0
-1
0
0
0
0
0
0
1
1
0
-1
0
0
0
-1
1
0
0
1
1
-1
1
0
1
0
0
0
0
1
0
-1
0
1
-1
-1
0
-1
0
0
1
0
0
-1
0
1
0
-1
1
0
0
0
0
0
1
1
-1
0
1
0
0
0
0
0
0
0
-1
1
0
0
1
0
0
0
0
0
0
1
0
-1
0
0
1
0
0
0
0
0
0
0
-1
-1
0
-1
1
0
0
1
-1
0
0
0
0
-1
0
0
-1
0
1
0
1
0
0
0
-1
0
0
0
0
0
1
1
0
0
0
-1
-1
0
0
-1
-1
0
1
1
0
1
0
0
2
1
0
0
-1
-1
-1
0
0
0
0
0
0
-1
-1
-1
0
0
0
1
0
1
1
1
-1
-1
0
-1
0
0
0
0
1
1
0
-2
-1
-2
-1
0
0
-1
1
0
0
0
1
0
0
-1
1
1
-1
0
0
0
0
0
0
0
0
-1
0
0
-1
1
1
0
0
0
0
0
0
0
0
-1
0
-1
0
-1
-1
0
-1
0
-1
0
1
1
0
0
1
-1
-1
1
0
1
-1
0
0
1
1
0
1
-1
0
-1
-1
0
1
-1
0
0
1
0
0
0
0
-1
0
0
1
1
1
0
1
1
0
0
1
0
0
-1
-1
0
0
1
1
1
0
0
0
0
-1
0
-1
-1
-1
0
0
1
0
1
1
-1
0
-1
0
0
-1
1
1
1
1
0
-1
0
-2
-1
0
0
0
1
1
0
0
-1
0
0
0
1
-1
0
0
0
0
0
1
0
0
1
0
0
0
0
1
1
2
1
1
0
0
0
1
1
0
1
0
0
0
0
-2
-1
-1
0
0
1
0
0
1
1
0
-1
0
-1
-1
1
1
1
0
0
1
1
-2
-1
-1
-2
-2
0
1
0
0
1
0
-1
-1
-1
-1
-1
1
1
1
0
0
-1
-2
0
-1
-1
0
0
-1
1
0
0
1
0
0
1
0
-1
0
1
1
1
0
1
0
0
-1
0
-1
0
0
0
0
0
0
0
-1
-1
-1
-2
0
1
0
0
0
0
-1
0
-2
-2
0
0
1
1
2
1
0
0
-1
-1
-1
0
1
0
1
0
0
1
0
-1
-1
0
1
1
1
1
1
1
1
1
-1
-1
0
-1
0
2
1
1
1
1
0
-1
0
1
1
0
-1
1
1
1
0
-1
-1
-1
-2
-1
1
0
-1
1
1
1
0
0
-1
-2
-1
0
0
1
1
3
1
-2
-4
-2
-3
-2
-1
0
1
3
2
1
-1
-3
-2
-3
0
2
4
3
3
1
0
-1
-2
-1
-1
0
1
0
0
1
0
0
0
0
0
0
0
-1
-1
0
0
0
0
1
1
-1
-2
-1
0
1
2
2
1
0
0
0
0
0
-1
-1
0
-1
-1
1
1
-1
-2
-1
-1
-2
-2
-1
0
1
2
3
2
2
0
-2
-2
-2
-1
1
1
2
0
0
-1
-1
-1
0
1
1
1
1
2
0
-1
0
0
-1
0
2
2
2
2
0
-1
-3
-2
-2
-2
-1
1
2
1
0
-2
-4
-4
-6
-5
-2
0
2
3
2
1
-1
-2
-3
-2
-2
-1
-1
0
1
0
0
0
-3
-3
-3
-4
-2
0
1
2
1
2
1
1
0
-1
0
-1
0
1
1
2
2
2
1
0
0
1
0
1
1
2
4
4
4
5
4
4
3
3
3
3
2
2
5
4
4
3
3
1
0
-1
0
1
3
4
5
5
3
1
0
1
0
0
2
2
2
1
1
-1
-2
-4
-5
-5
-5
-4
-5
-2
-3
-3
-2
-2
-3
-5
-5
-6
-6
-3
-3
-3
-4
-5
-5
-5
-8
-8
-7
-7
-7
-5
-5
-5
-4
-4
-4
-5
-4
-4
-3
-3
-3
-2
-2
-1
-1
-2
-2
-2
-3
-3
-2
1
2
2
3
4
4
3
4
4
5
4
4
3
3
3
2
2
1
-1
0
-1
-1
-1
-2
-1
-2
-3
-3
-2
1
1
1
1
1
1
2
1
-2
-2
0
2
3
2
5
8
7
9
13
17
18
20
21
23
27
31
34
44
54
61
63
68
74
76
76
75
75
75
73
71
65
54
38
20
6
-6
-14
-15
-14
-18
-22
-25
-23
-22
-20
-16
-11
-9
-8
-3
1
-1
-12
-31
-51
-73
-106
-146
-183
-214
-245
-272
-292
-299
-286
-266
-246
-224
-201
-188
-187
-185
-175
-147
-94
-17
58
119
134
92
-11
-159
-321
-469
-579
-636
-629
-566
-451
-302
-140
18
155
254
322
377
446
534
629
732
840
932
965
937
861
747
600
437
288
172
107
80
92
133
198
266
307
315
296
270
252
259
302
382
484
574
631
644
619
556
462
353
250
176
145
155
194
249
291
290
235
136
6
-132
-249
-341
-403
-440
-466
-513
-590
-676
-769
-851
-899
-902
-849
-763
-662
-575
-523
-515
-549
-621
-732
-867
-997
-1088
-1160
-1260
-1463
-1847
-2431
-3175
-3994
-4791
-5423
-5739
-5690
-5293
-4543
-3432
-2042
-556
871
2145
3226
4049
4607
5018
5382
5707
5935
6060
6078
5938
5562
4914
4007
2879
1612
316
-886
-1872
-2520
-2789
-2755
-2511
-2099
-1551
-969
-434
61
597
1207
1868
2573
3325
4063
4654
5014
5091
4861
4320
3516
2519
1437
382
-556
-1307
-1862
-2267
-2542
-2683
-2748
-2813
-2830
-2761
-2642
-2462
-2160
-1694
-1121
-527
22
466
732
804
697
455
142
-150
-403
-631
-809
-927
-1050
-1252
-1518
-1811
-2109
-2399
-2660
-2851
-2949
-2947
-2885
-2769
-2601
-2388
-2159
-1937
-1724
-1481
-1157
-766
-358
49
441
739
847
735
458
90
-347
-866
-1390
-1783
-2061
-2404
-2926
-3583
-4308
-5071
-5802
-6290
-6318
-5833
-4938
-3682
-2052
-138
1818
3598
5114
6334
7215
7738
7972
8035
8015
7927
7709
7292
6651
5811
4745
3420
1877
240
-1300
-2644
-3694
-4282
-4260
-3695
-2809
-1741
-535
652
1643
2484
3352
4267
5147
5989
6789
7395
7636
7483
6978
6045
4637
2912
1118
-623
-2257
-3628
-4585
-5155
-5482
-5641
-5605
-5377
-5012
-4543
-3937
-3188
-2359
-1491
-606
226
886
1324
1543
1483
1100
494
-191
-904
-1629
-2285
-2809
-3232
-3582
-3837
-4019
-4158
-4220
-4156
-4000
-3777
-3424
-2900
-2292
-1686
-1070
-417
219
744
1123
1425
1749
2091
2324
2388
2364
2291
2011
1418
689
42
-533
-1184
-1920
-2618
-3272
-4048
-5114
-6394
-7662
-8773
-9640
-10096
-9816
-8659
-6818
-4564
-2042
649
3282
5551
7297
8549
9389
9842
9956
9860
9682
9469
9124
8455
7370
5973
4368
2510
425
-1617
-3301
-4519
-5248
-5403
-4911
-3845
-2442
-979
398
1712
2962
4020
4817
5487
6181
6836
7281
7475
7470
7177
6409
5146
3578
1850
12
-1811
-3398
-4605
-5398
-5777
-5758
-5432
-4923
-4323
-3662
-2957
-2195
-1345
-332
773
1801
2667
3260
3548
3449
2920
2035
951
-223
-1443
-2587
-3495
-4122
-4541
-4823
-4985
-5038
-5018
-4968
-4873
-4670
-4326
-3894
-3388
-2737
-1944
-1166
-490
138
716
1135
1390
1606
1785
1797
1659
1519
1415
1259
1015
715
338
-162
-788
-1456
-2090
-2695
-3335
-4075
-4959
-6006
-7140
-8133
-8757
-8942
-8672
-7819
-6342
-4433
-2304
18
2478
4794
6658
7995
8874
9351
9471
9314
8945
8404
7688
6745
5517
4060
2519
984
-561
-2094
-3429
-4342
-4729
-4605
-3966
-2796
-1232
486
2187
3772
5154
6243
7003
7432
7509
7268
6843
6319
5656
4800
3808
2724
1500
128
-1247
-2437
-3387
-4128
-4640
-4826
-4642
-4172
-3497
-2652
-1694
-716
247
1173
1998
2682
3241
3612
3622
3221
2560
1791
900
-164
-1318
-2410
-3371
-4211
-4903
-5356
-5513
-5438
-5242
-4960
-4551
-4019
-3464
-2970
-2541
-2150
-1786
-1402
-978
-566
-211
99
337
485
621
800
974
1084
1122
1000
697
372
144
-158
-693
-1211
-1591
-2036
-2637
-3148
-3460
-3918
-4856
-6119
-7319
-8286
-8982
-9233
-8790
-7594
-5813
-3658
-1266
1314
3965
6346
8057
9029
9537
9756
9602
9098
8521
7974
7203
5972
4448
2915
1387
-275
-2009
-3537
-4632
-5203
-5199
-4571
-3341
-1655
225
2020
3601
5031
6317
7229
7599
7602
7489
7206
6581
5675
4657
3483
2005
304
-1336
-2673
-3662
-4330
-4658
-4614
-4262
-3693
-2946
-2077
-1190
-322
563
1435
2208
2878
3483
3969
4143
3905
3381
2635
1689
545
-704
-1886
-2912
-3789
-4478
-4893
-4992
-4854
-4586
-4241
-3809
-3279
-2710
-2186
-1756
-1438
-1221
-1079
-1015
-1047
-1096
-1053
-932
-840
-772
-642
-437
-223
-35
118
213
252
229
78
-260
-709
-1124
-1462
-1789
-2072
-2216
-2247
-2290
-2397
-2566
-2924
-3611
-4610
-5841
-7209
-8424
-9023
-8763
-7785
-6240
-4104
-1488
1194
3595
5660
7394
8604
9111
9025
8681
8298
7894
7419
6791
5946
4813
3368
1639
-190
-1844
-3142
-4048
-4528
-4380
-3479
-1962
-125
1771
3545
5001
5991
6555
6894
7116
7147
6910
6433
5737
4807
3621
2151
407
-1468
-3272
-4847
-5977
-6395
-6048
-5178
-4000
-2626
-1202
136
1365
2471
3364
4011
4444
4653
4626
4420
4045
3399
2376
1026
-498
-2049
-3484
-4650
-5438
-5843
-5895
-5608
-5031
-4254
-3345
-2402
-1572
-943
-457
-54
232
394
472
446
234
-181
-705
-1201
-1586
-1903
-2207
-2359
-2158
-1680
-1170
-649
-15
536
677
410
-21
-487
-983
-1407
-1699
-1910
-2022
-1962
-1853
-1898
-2141
-2602
-3537
-5088
-6881
-8365
-9360
-9819
-9413
-7908
-5630
-3055
-269
2708
5454
7500
8810
9531
9663
9278
8687
8132
7562
6855
5936
4671
2961
973
-991
-2799
-4405
-5559
-5945
-5515
-4433
-2746
-509
1926
4047
5626
6753
7503
7877
7974
7948
7826
7499
6877
5965
4750
3145
1137
-1112
-3406
-5588
-7394
-8412
-8426
-7576
-6124
-4247
-2184
-251
1396
2758
3849
4666
5264
5647
5739
5565
5159
4476
3391
1876
54
-1904
-3818
-5462
-6571
-7002
-6830
-6209
-5254
-4102
-2933
-1835
-789
150
873
1402
1838
2144
2222
2086
1764
1191
329
-695
-1718
-2621
-3233
-3382
-3184
-2872
-2323
-1325
-250
350
590
812
744
89
-674
-985
-1037
-1157
-1215
-1115
-1141
-1414
-1727
-2090
-2855
-4213
-5962
-7783
-9417
-10569
-10865
-10045
-8196
-5700
-2953
-134
2728
5440
7589
8885
9447
9580
9363
8767
8026
7442
6874
5845
4160
2050
-194
-2387
-4338
-5781
-6519
-6452
-5597
-4081
-2054
341
2832
4996
6546
7516
8106
8423
8525
8525
8468
8187
7461
6274
4750
2888
613
-1927
-4413
-6566
-8153
-8905
-8629
-7417
-5534
-3269
-957
1111
2766
4026
4955
5496
5685
5762
5865
5778
5277
4426
3282
1665
-440
-2707
-4791
-6493
-7665
-8148
-7940
-7183
-6038
-4685
-3298
-2031
-988
-104
716
1442
2007
2446
2789
2860
2472
1672
597
-622
-1856
-3010
-3897
-4291
-4051
-3335
-2437
-1432
-289
871
1603
1757
1681
1531
1053
247
-369
-473
-393
-548
-832
-1027
-1292
-1856
-2650
-3388
-4186
-5518
-7431
-9221
-10276
-10618
-10300
-8942
-6368
-3285
-440
2202
4921
7415
9112
9895
10056
9829
9203
8302
7433
6673
5771
4418
2463
37
-2364
-4221
-5413
-6078
-6077
-5106
-3422
-1565
460
2858
5250
6897
7619
7946
8176
8106
7732
7393
7051
6235
4735
2820
819
-1304
-3567
-5685
-7356
-8452
-8906
-8570
-7334
-5369
-3102
-890
1120
2866
4277
5214
5802
6333
6758
6765
6397
5855
4961
3423
1343
-885
-3075
-5143
-6754
-7649
-7887
-7616
-6915
-5876
-4679
-3545
-2518
-1497
-496
439
1349
2297
3173
3796
3912
3388
2368
1053
-480
-2047
-3218
-3766
-3860
-3608
-2810
-1579
-413
405
1030
1648
2139
2388
2490
2583
2515
2119
1432
656
-20
-662
-1459
-2359
-3047
-3467
-3945
-4544
-5016
-5648
-7086
-9064
-10498
-10958
-10911
-10183
-7942
-4469
-1183
1438
4175
7091
9060
9636
9656
9615
9086
7972
7115
6744
6158
4969
3334
1240
-1295
-3621
-5062
-5774
-6021
-5366
-3606
-1446
551
2693
5156
7018
7619
7601
7724
7814
7487
7098
6995
6622
5262
3184
1020
-1164
-3480
-5608
-7079
-7909
-8205
-7656
-6182
-4323
-2442
-527
1224
2499
3451
4497
5479
6044
6422
6787
6705
5931
4862
3676
1899
-602
-3130
-5127
-6687
-7844
-8224
-7739
-6925
-6213
-5459
-4462
-3377
-2402
-1397
-197
1031
2137
3188
4102
4517
4169
3139
1666
-99
-1891
-3227
-3804
-3636
-3005
-2224
-1306
-252
674
1240
1510
1748
2072
2402
2790
3152
3165
2798
2212
1326
37
-1392
-2516
-3277
-3965
-4539
-4728
-4614
-4613
-5215
-6680
-8678
-10413
-11401
-11649
-10933
-8644
-4913
-1109
1829
4419
7096
9096
9677
9380
9172
9013
8428
7723
7490
7464
6756
4962
2417
-433
-3283
-5581
-6798
-6902
-6023
-4289
-2166
-118
1801
3659
5130
5767
5842
6057
6556
7003
7337
7676
7758
6934
4918
2275
-344
-2763
-4788
-6097
-6538
-6253
-5474
-4322
-3048
-1949
-964
-58
613
1220
2063
3181
4479
5766
6659
6810
6249
5202
3558
1265
-1114
-3029
-4590
-5931
-6838
-7152
-7002
-6658
-6272
-5892
-5449
-4824
-3841
-2487
-934
810
2656
4255
5032
4880
4153
2995
1406
-327
-1600
-2232
-2435
-2180
-1423
-463
241
645
958
1005
875
972
1539
2458
3327
3782
3693
3062
1902
340
-1349
-2731
-3672
-4369
-4799
-4812
-4647
-4585
-4620
-5305
-7191
-9615
-11253
-11741
-11666
-10550
-7321
-2765
762
2762
4845
7297
8661
8523
8365
9074
9610
9316
9054
9296
9080
7458
4679
1352
-2186
-5293
-7072
-7398
-6826
-5507
-3550
-1743
-690
67
1225
2548
3344
3942
5191
6862
8142
8906
9425
9257
7617
4810
1886
-631
-2655
-3959
-4320
-4051
-3743
-3699
-3777
-3793
-3866
-4047
-3952
-3227
-1823
141
2404
4623
6371
7310
7173
5937
4193
2753
1682
632
-386
-1146
-1790
-2803
-4219
-5571
-6574
-7283
-7690
-7533
-6554
-4833
-2709
-571
1178
2311
2869
3001
2793
2396
2063
1913
1811
1574
1212
890
634
364
61
-291
-524
-438
-79
371
801
1363
1967
2173
1864
1343
778
44
-803
-1568
-2171
-2690
-3142
-3414
-3634
-3949
-4403
-4902
-5525
-6830
-8821
-10447
-10884
-10563
-9978
-8300
-4905
-1248
950
2252
4059
5983
6832
6953
7750
9229
10007
9842
9667
9562
8495
6169
3466
841
-1815
-4056
-5034
-4831
-4315
-3698
-2875
-2300
-2224
-2047
-1126
301
1768
3456
5546
7362
8316
8696
8802
8240
6721
4820
3311
2140
1107
404
-17
-586
-1611
-2918
-4261
-5333
-5846
-5757
-5118
-3898
-2163
-460
822
1852
2809
3400
3304
3111
3291
3469
3300
2926
2589
1857
208
-1967
-3885
-5386
-6584
-7148
-6846
-5995
-5072
-4160
-3166
-2337
-1669
-857
88
953
1718
2518
3219
3443
3258
2916
2457
1880
1286
927
821
844
891
877
764
362
-253
-675
-674
-357
-183
-327
-579
-839
-1320
-2073
-2754
-3166
-3274
-3499
-3830
-3846
-3606
-3421
-3803
-5247
-7380
-9117
-9861
-9841
-9210
-7321
-4052
-1116
30
484
1707
3190
3868
4269
5812
8175
9718
10196
10497
10501
9240
6760
4074
1792
-145
-1517
-1911
-1813
-2026
-2513
-3011
-3681
-4553
-4955
-4184
-2392
-226
2122
4677
6719
7640
7754
7521
7063
6439
6019
6070
6124
5708
4927
3796
2010
-207
-2327
-4090
-5460
-6399
-6627
-6235
-5574
-4733
-3751
-2862
-2126
-1308
-379
650
1848
3174
4404
5038
4911
4320
3365
1984
460
-875
-1821
-2494
-3109
-3634
-3953
-4204
-4460
-4564
-4360
-3744
-2852
-1729
-513
445
1101
1617
1951
1986
1934
2087
2416
2632
2630
2637
2571
2152
1407
567
17
-155
-204
-313
-480
-644
-1058
-1868
-2698
-3025
-3199
-3789
-4382
-4387
-4061
-4099
-4290
-4072
-4348
-6232
-8724
-9921
-9738
-9390
-8588
-6163
-2958
-1388
-1427
-612
1492
3089
3651
4838
7305
9268
9711
9852
10434
10205
8361
5938
3958
2536
1393
678
307
-487
-1746
-3013
-4207
-5293
-5584
-4493
-2667
-984
568
2543
4494
5461
5796
6217
6686
6881
7055
7601
7971
7546
6426
4947
2949
490
-1422
-2373
-3058
-4091
-4977
-5137
-5288
-5856
-5979
-5028
-3747
-2915
-1963
-536
769
1488
2127
2944
3308
3096
2898
2982
2740
1860
773
-148
-1007
-2082
-3040
-3438
-3446
-3434
-3449
-3256
-2768
-2181
-1600
-1086
-685
-364
-34
423
883
1287
1685
2010
2102
1836
1571
1527
1543
1253
743
670
887
948
675
243
-309
-1234
-2204
-2814
-2845
-2804
-3134
-3588
-4149
-4624
-5131
-5382
-5443
-6296
-7932
-9360
-9681
-9426
-8876
-7278
-4719
-2585
-2090
-1691
147
2450
4062
5235
7227
9349
9969
9532
9597
10143
9584
7807
6063
4908
3869
2488
1293
177
-1333
-2896
-4211
-5022
-5191
-4438
-2937
-1558
-649
327
1771
3030
3749
4528
5651
6641
7117
7444
7804
7650
6803
5651
4362
2745
960
-353
-1112
-2020
-3481
-4801
-5302
-5475
-5805
-5912
-4996
-3516
-2746
-2683
-2179
-840
195
331
528
1489
2435
2465
2072
1947
1736
918
-196
-742
-703
-707
-847
-847
-815
-1158
-1586
-1640
-1447
-1328
-1323
-1034
-549
-425
-613
-429
119
254
-119
-239
501
1283
1189
969
1487
2081
1837
1136
807
844
381
-464
-753
-596
-865
-1851
-2986
-3848
-4497
-5239
-5690
-5950
-7122
-9040
-10437
-10636
-10426
-10082
-8655
-6142
-4384
-4145
-3183
-509
2188
3653
4940
7345
9580
10147
9954
10547
11168
10466
8945
7748
7042
6000
4522
3091
1421
-711
-2645
-3971
-5026
-5782
-5571
-4578
-3915
-3825
-3220
-1681
-436
289
1589
3618
5389
6305
7130
8206
8621
8013
7304
6931
6155
4776
3545
2786
1527
-658
-2333
-2889
-3587
-4871
-5490
-4707
-3886
-4309
-4851
-4231
-3277
-3197
-3344
-2509
-959
-37
78
491
1277
1639
1449
1353
1760
2192
2261
2167
1941
1438
844
421
34
-492
-1056
-1377
-1549
-1943
-2431
-2557
-2240
-1998
-2207
-2407
-1957
-1179
-800
-636
156
1365
1975
1810
1720
2041
1998
1282
735
840
787
-57
-1111
-1812
-2535
-3645
-4655
-5488
-7186
-9596
-11066
-11003
-10859
-11103
-10149
-7888
-6537
-6982
-6396
-3296
-120
1337
2784
6026
9085
9761
9398
10416
11859
11692
10599
10141
10197
9355
7655
6085
4531
2451
330
-1285
-2782
-4169
-4904
-4971
-5259
-6075
-6312
-5509
-4598
-3911
-2635
-566
1347
2518
3615
5044
6194
6827
7529
8320
8538
8075
7568
7206
6130
4244
2573
1494
204
-1625
-2970
-3206
-3347
-4554
-5974
-6301
-5985
-6192
-6732
-6313
-4932
-3932
-3760
-3272
-2000
-863
-418
-42
977
2172
2913
3327
3717
3946
3813
3500
3094
2498
1787
1180
589
-313
-1399
-2065
-2146
-2272
-2845
-3431
-3336
-2788
-2601
-2665
-2185
-921
126
395
588
1224
1867
1750
1350
1487
1810
1428
509
-184
-627
-1341
-2425
-3305
-4451
-6602
-8786
-9745
-9841
-10272
-10542
-9541
-8032
-7841
-8306
-6879
-4005
-1980
-928
1128
4418
6630
7056
7737
9649
10945
10844
10706
11227
11476
10556
9371
8417
7070
5272
3688
2340
555
-1167
-2238
-3050
-4435
-5953
-6340
-5974
-6046
-6300
-5490
-4017
-2980
-2329
-1130
680
2150
3239
4435
5591
6256
6844
7631
7837
7149
6624
6707
6095
4316
3057
3086
2635
692
-1199
-1732
-2137
-3779
-5624
-5992
-5525
-5930
-6809
-6821
-5987
-5437
-5402
-4945
-3759
-2581
-1738
-769
329
1337
2204
2893
3317
3424
3375
3302
3013
2337
1660
1255
1006
574
-203
-900
-1228
-1492
-2009
-2405
-2134
-1458
-1405
-1966
-2044
-1418
-965
-1038
-919
-400
-333
-1152
-1854
-1632
-1233
-1648
-2318
-2796
-4123
-6416
-8028
-7931
-7489
-7914
-7798
-6491
-5868
-6870
-7077
-4951
-2557
-1691
-898
1605
4143
4698
4504
5851
7890
8584
8425
8961
10108
10166
9168
8482
8204
7489
6325
5390
4460
3194
1917
902
-309
-1839
-2900
-3198
-3602
-4420
-4735
-4343
-4032
-4100
-3767
-2607
-1386
-716
-106
818
1662
2247
2889
3747
4418
4721
5098
5485
5311
4852
4709
4579
3837
2786
2222
1901
879
-591
-1600
-2211
-3044
-4161
-4841
-4890
-5008
-5481
-5756
-5424
-4917
-4620
-4273
-3474
-2469
-1736
-1137
-331
571
1191
1483
1661
1883
2006
1936
1843
1792
1595
1125
631
328
190
61
-10
17
-39
-295
-722
-1118
-1372
-1445
-1360
-1361
-1661
-2023
-2240
-2505
-2885
-3261
-3482
-4317
-6164
-7825
-8241
-7812
-7837
-7890
-7031
-5982
-6028
-6503
-5343
-2988
-1370
-517
1215
3724
5182
5283
5752
7263
8273
8425
8721
9546
9898
9097
8139
7619
7144
6365
5551
4712
3569
2387
1365
408
-637
-1456
-1744
-2053
-2849
-3536
-3644
-3650
-3878
-3912
-3148
-2142
-1656
-1355
-812
-224
105
607
1492
2375
2997
3541
4037
4167
4202
4463
4719
4530
4052
3771
3476
2640
1501
743
225
-594
-1702
-2507
-2977
-3666
-4569
-5113
-5012
-4764
-4689
-4627
-4353
-3887
-3418
-2928
-2286
-1432
-605
-27
358
777
1226
1475
1492
1596
1872
1929
1573
1124
979
969
775
507
458
455
56
-528
-744
-614
-702
-1223
-1731
-1880
-2087
-2477
-2759
-2976
-3602
-5210
-7110
-8213
-8373
-8341
-8453
-8165
-7505
-7258
-7624
-7311
-5563
-3507
-2204
-916
1198
3316
4337
4749
5979
7729
8768
9145
9699
10534
10640
9762
8781
8255
7847
6981
5882
4892
3938
2811
1453
120
-915
-1552
-2017
-2647
-3344
-3587
-3507
-3672
-4004
-3889
-3134
-2543
-2392
-2025
-1299
-668
-299
282
1175
1877
2237
2604
3107
3461
3777
4315
4759
4677
4257
3905
3593
3005
2213
1705
1336
595
-437
-1296
-1898
-2558
-3353
-3925
-4117
-4228
-4418
-4597
-4574
-4368
-4095
-3774
-3418
-3026
-2617
-2190
-1817
-1437
-988
-550
-198
108
454
760
965
1041
1176
1396
1435
1261
1040
885
779
677
610
547
181
-481
-1115
-1490
-1594
-1637
-1865
-2717
-4474
-6498
-7742
-8109
-8244
-8242
-7795
-7277
-7491
-8071
-7627
-5914
-4205
-3061
-1488
797
2621
3311
3956
5626
7489
8450
8963
9939
10934
10957
10175
9673
9668
9351
8446
7294
6166
4938
3522
2094
799
-270
-1093
-1814
-2770
-3789
-4327
-4523
-4897
-5275
-5035
-4266
-3743
-3762
-3617
-2869
-2052
-1515
-901
89
1113
1708
2043
2515
3184
3876
4461
4845
4991
5022
4927
4547
3867
3186
2753
2337
1600
647
-181
-979
-1923
-2860
-3445
-3579
-3687
-4022
-4468
-4712
-4646
-4427
-4176
-3840
-3400
-3072
-2963
-2902
-2647
-2273
-1945
-1653
-1376
-1114
-809
-427
-106
61
245
535
622
380
245
463
723
592
299
347
339
-2
-305
-333
-841
-2693
-4920
-5868
-5806
-6125
-6778
-6769
-6384
-7191
-8623
-8434
-6478
-4838
-4399
-3297
-927
824
1116
1659
3840
6204
7266
7934
9408
10812
10903
10269
10334
10999
11063
10335
9352
8433
7377
6080
4745
3459
2339
1393
274
-1240
-2703
-3588
-4164
-5037
-5891
-5957
-5492
-5439
-5828
-5812
-5202
-4649
-4288
-3419
-1987
-708
51
691
1554
2469
3346
4220
4944
5266
5349
5428
5419
5149
4804
4579
4110
3167
2059
1193
428
-602
-1616
-2227
-2608
-3227
-4167
-4909
-5188
-5257
-5277
-5121
-4752
-4407
-4362
-4361
-4073
-3587
-3093
-2635
-2043
-1465
-1178
-1103
-887
-400
-2
102
168
308
350
163
-68
26
212
133
-145
-385
-386
-289
-478
-1417
-3125
-4742
-5505
-5669
-5884
-6133
-5976
-6009
-6978
-8035
-7594
-5709
-4312
-3947
-3109
-1228
255
614
1314
3408
5614
6556
7104
8399
9754
9965
9593
9996
10998
11363
10688
9790
9069
8205
7069
5942
5074
4277
3228
1795
163
-1243
-2182
-3025
-4055
-4886
-5158
-5345
-6035
-6810
-6899
-6357
-5820
-5294
-4394
-3341
-2575
-2003
-1164
29
1256
2359
3333
4136
4725
5146
5393
5457
5432
5428
5277
4762
4006
3296
2632
1759
756
-54
-629
-1348
-2305
-3171
-3761
-4220
-4702
-5051
-5103
-4978
-4940
-5052
-5106
-4911
-4610
-4380
-4070
-3503
-2860
-2542
-2488
-2228
-1624
-1088
-880
-670
-308
-76
-167
-224
5
192
12
-351
-441
-206
9
-477
-2009
-3925
-5020
-5124
-5241
-5672
-5672
-5340
-6035
-7616
-7906
-6080
-4256
-3900
-3461
-1549
344
598
617
2345
4851
6069
6357
7439
9057
9565
9028
9107
10165
10893
10583
9905
9420
8844
7938
6946
6140
5515
4866
3867
2412
934
-120
-972
-2052
-3133
-3737
-4117
-4885
-5881
-6360
-6168
-5858
-5704
-5400
-4758
-4013
-3389
-2752
-1829
-594
682
1691
2422
3102
3820
4321
4490
4624
4948
5216
4912
4164
3515
3089
2486
1577
779
320
-155
-985
-1942
-2603
-3003
-3450
-3964
-4276
-4273
-4225
-4368
-4571
-4559
-4363
-4257
-4310
-4196
-3780
-3329
-3087
-2885
-2459
-1969
-1673
-1590
-1495
-1286
-998
-693
-471
-442
-503
-520
-595
-660
-389
72
-327
-1994
-3781
-4549
-4740
-5223
-5563
-5160
-5023
-6199
-7507
-7146
-5628
-4764
-4426
-3134
-1160
-121
-11
897
2955
4722
5574
6520
8050
9141
9213
9153
9801
10690
10989
10674
10201
9646
8875
7885
6881
6136
5591
4869
3575
2001
785
-83
-1161
-2404
-3060
-3079
-3401
-4387
-5168
-5138
-4920
-5131
-5191
-4487
-3555
-3187
-3116
-2483
-1298
-321
246
925
1875
2623
2834
2866
3225
3784
4023
3819
3526
3313
2928
2184
1354
778
325
-315
-1092
-1743
-2190
-2605
-3111
-3594
-3898
-4003
-4002
-4005
-4037
-4022
-3906
-3760
-3646
-3472
-3145
-2807
-2713
-2803
-2709
-2319
-1991
-1967
-1964
-1735
-1514
-1521
-1520
-1251
-941
-903
-1019
-940
-565
-70
301
111
-867
-2212
-3274
-3892
-4278
-4394
-4188
-4255
-5197
-6375
-6631
-5942
-5195
-4543
-3414
-1965
-1093
-802
-22
1599
3229
4410
5580
6965
8044
8470
8769
9476
10352
10896
10993
10841
10491
9846
8932
7992
7260
6626
5728
4381
2792
1371
243
-746
-1599
-2208
-2655
-3247
-4123
-4907
-5195
-5099
-4955
-4812
-4446
-3896
-3458
-3158
-2664
-1793
-825
-48
624
1347
2022
2422
2603
2885
3281
3486
3307
2909
2524
2101
1505
839
325
-151
-767
-1484
-2099
-2555
-2978
-3447
-3892
-4170
-4267
-4259
-4242
-4194
-4065
-3933
-3865
-3793
-3613
-3291
-2976
-2760
-2525
-2212
-1942
-1857
-1850
-1706
-1497
-1408
-1357
-1148
-853
-706
-693
-669
-657
-695
-620
-312
80
417
559
117
-1148
-2611
-3338
-3387
-3531
-3787
-3636
-3565
-4591
-6139
-6367
-4983
-3593
-2903
-1905
-328
555
441
961
2982
5115
6097
6661
7742
8675
8671
8541
9348
10517
10813
10247
9659
9155
8235
7024
6190
5887
5522
4627
3307
1920
667
-431
-1342
-1957
-2268
-2577
-3236
-4150
-4818
-4984
-4866
-4680
-4350
-3838
-3338
-2984
-2624
-2041
-1195
-261
550
1154
1625
2019
2242
2248
2214
2326
2439
2240
1714
1149
659
60
-671
-1243
-1536
-1859
-2460
-3133
-3598
-3925
-4279
-4555
-4556
-4373
-4259
-4262
-4216
-4022
-3752
-3505
-3282
-3012
-2659
-2307
-2063
-1896
-1700
-1500
-1439
-1473
-1395
-1151
-914
-778
-643
-461
-306
-220
-148
-45
74
189
288
422
679
989
1010
418
-691
-1820
-2557
-2893
-2995
-2882
-2644
-2717
-3378
-4101
-4081
-3358
-2603
-1955
-1037
36
706
1096
1936
3323
4561
5321
6003
6858
7517
7726
7840
8223
8687
8828
8618
8334
8044
7523
6733
6018
5593
5195
4459
3476
2614
1881
997
25
-677
-1086
-1556
-2196
-2706
-2904
-3007
-3173
-3212
-2996
-2690
-2464
-2223
-1821
-1345
-949
-586
-179
196
466
683
862
928
870
790
690
447
88
-226
-503
-932
-1468
-1964
-2380
-2844
-3394
-3873
-4204
-4475
-4714
-4813
-4720
-4543
-4412
-4325
-4223
-4055
-3778
-3399
-3013
-2668
-2357
-2128
-2037
-1984
-1750
-1320
-929
-707
-552
-414
-363
-359
-250
-18
182
239
188
115
102
189
348
523
606
461
26
-583
-1165
-1583
-1813
-1876
-1861
-1887
-1990
-2103
-2098
-1915
-1546
-1004
-341
317
888
1479
2223
3048
3784
4458
5181
5834
6219
6438
6762
7159
7361
7355
7366
7360
7055
6445
5846
5365
4854
4272
3760
3298
2695
1941
1215
605
70
-384
-735
-1022
-1310
-1584
-1773
-1837
-1790
-1657
-1447
-1208
-1006
-849
-688
-519
-398
-280
-104
52
95
62
29
-65
-292
-576
-819
-1069
-1414
-1797
-2124
-2438
-2798
-3172
-3482
-3743
-4013
-4243
-4379
-4473
-4550
-4564
-4460
-4295
-4129
-3925
-3652
-3349
-3057
-2734
-2349
-1977
-1687
-1451
-1218
-1009
-855
-689
-473
-283
-175
-118
-63
-15
-13
-29
-47
-81
-109
-84
6
126
218
266
268
234
186
173
186
137
-7
-189
-328
-375
-343
-240
-98
24
122
228
383
641
1038
1532
1998
2383
2724
3031
3240
3392
3635
3997
4321
4508
4618
4679
4624
4429
4224
4111
4006
3822
3567
3291
2968
2570
2150
1807
1557
1318
1042
758
511
288
78
-42
-18
75
115
117
153
203
211
187
202
202
98
-70
-211
-318
-471
-673
-882
-1086
-1317
-1575
-1809
-2024
-2243
-2465
-2667
-2864
-3055
-3214
-3332
-3438
-3584
-3707
-3728
-3675
-3613
-3542
-3386
-3145
-2904
-2671
-2400
-2091
-1842
-1682
-1528
-1310
-1061
-863
-716
-595
-510
-495
-544
-591
-573
-520
-507
-532
-547
-545
-582
-655
-687
-643
-577
-532
-471
-336
-150
7
126
257
400
490
521
568
656
729
760
803
890
982
1042
1101
1183
1260
1300
1358
1484
1640
1758
1855
1980
2097
2127
2079
2052
2069
2056
1997
1989
2078
2172
2179
2153
2156
2141
2056
1949
1884
1825
1716
1597
1540
1548
1565
1557
1526
1476
1406
1349
1367
1449
1529
1555
1502
1377
1208
1051
930
800
630
430
203
-89
-416
-710
-992
-1330
-1702
-2012
-2270
-2532
-2771
-2920
-2992
-3053
-3091
-3078
-3042
-3053
-3091
-3075
-2967
-2812
-2653
-2450
-2176
-1887
-1639
-1405
-1144
-910
-766
-668
-545
-415
-338
-313
-317
-352
-429
-524
-623
-737
-882
-1038
-1180
-1318
-1440
-1507
-1482
-1403
-1312
-1231
-1139
-1057
-983
-839
-594
-298
1
283
548
780
979
1183
1403
1617
1787
1899
1964
2007
2022
1992
1939
1874
1774
1596
1371
1180
1035
893
745
620
473
283
103
7
-21
-45
-63
-54
-42
-29
49
231
466
669
817
934
1073
1250
1465
1725
2001
2243
2396
2476
2525
2568
2585
2556
2475
2353
2229
2096
1932
1739
1528
1283
958
557
154
-199
-528
-851
-1125
-1314
-1467
-1650
-1855
-2027
-2143
-2225
-2274
-2295
-2271
-2199
-2090
-1968
-1788
-1527
-1267
-1109
-1062
-1024
-950
-863
-771
-638
-476
-370
-372
-438
-495
-526
-579
-663
-720
-741
-771
-851
-958
-1050
-1148
-1297
-1474
-1586
-1607
-1598
-1600
-1581
-1527
-1474
-1456
-1409
-1277
-1093
-903
-692
-423
-126
127
352
607
884
1121
1302
1473
1639
1749
1810
1885
1989
2052
2019
1917
1787
1621
1396
1170
997
846
669
439
189
-57
-304
-548
-747
-893
-998
-1067
-1087
-1033
-919
-778
-619
-450
-283
-113
107
374
674
974
1263
1534
1761
1929
2049
2151
2237
2305
2344
2365
2344
2239
2018
1716
1413
1151
917
679
434
187
-65
-328
-588
-806
-960
-1092
-1252
-1392
-1434
-1372
-1296
-1233
-1121
-959
-843
-801
-747
-620
-469
-351
-239
-89
94
256
341
349
327
287
208
85
6
12
4
-109
-291
-441
-569
-729
-917
-1062
-1181
-1329
-1520
-1685
-1755
-1758
-1743
-1736
-1715
-1693
-1688
-1673
-1580
-1386
-1111
-806
-525
-291
-99
103
329
562
808
1045
1248
1383
1461
1521
1592
1647
1631
1507
1314
1109
922
756
615
487
339
136
-142
-423
-632
-773
-907
-1024
-1060
-1027
-992
-988
-966
-888
-779
-652
-505
-293
-37
182
345
509
723
938
1101
1201
1283
1360
1411
1449
1491
1503
1454
1345
1210
1064
890
705
515
318
117
-65
-224
-341
-428
-504
-561
-602
-638
-690
-726
-695
-615
-503
-336
-102
129
279
343
346
322
302
353
499
688
843
929
942
879
754
595
451
337
250
166
89
2
-99
-236
-408
-582
-734
-873
-1007
-1108
-1167
-1178
-1165
-1123
-1063
-1012
-983
-980
-977
-925
-800
-634
-472
-298
-116
37
145
250
385
492
548
587
648
723
797
881
920
852
676
481
328
203
93
32
3
-75
-244
-422
-531
-607
-726
-855
-918
-914
-891
-873
-832
-779
-751
-763
-780
-726
-553
-312
-117
13
142
291
382
403
471
636
796
821
776
779
819
780
648
539
494
415
250
105
62
60
-27
-185
-294
-357
-435
-544
-608
-579
-501
-410
-340
-303
-287
-270
-236
-168
-11
224
445
583
639
676
704
751
831
922
984
984
939
871
795
735
706
666
564
399
244
153
68
-24
-117
-196
-294
-429
-538
-579
-571
-583
-645
-699
-713
-712
-690
-594
-426
-278
-198
-143
-71
13
116
251
379
478
541
595
638
663
677
667
641
588
526
459
407
354
264
137
-8
-170
-328
-453
-548
-633
-728
-803
-846
-874
-909
-943
-970
-979
-948
-873
-770
-673
-600
-557
-518
-443
-348
-268
-176
-47
72
134
180
261
344
376
367
353
328
276
229
208
198
182
129
50
-21
-112
-242
-353
-381
-368
-386
-368
-263
-172
-182
-208
-131
-33
-15
-16
61
164
213
265
404
587
708
727
702
683
667
661
705
798
852
828
729
602
470
334
248
225
201
128
32
-47
-117
-196
-250
-240
-185
-159
-158
-158
-173
-222
-257
-236
-157
-47
68
163
167
106
60
49
58
89
175
275
312
289
254
230
188
127
63
4
-3
27
52
49
56
50
-48
-231
-351
-342
-307
-301
-291
-260
-274
-361
-464
-518
-523
-519
-530
-537
-498
-390
-288
-239
-229
-239
-273
-317
-330
-268
-161
-56
-4
-8
-47
-73
-85
-98
-78
-27
29
36
-2
-65
-122
-185
-217
-168
-64
27
48
21
-44
-136
-219
-220
-117
45
176
225
203
186
175
145
130
180
271
317
307
299
320
337
327
308
305
318
307
222
123
86
136
186
173
127
85
35
-39
-83
-51
58
127
77
3
25
109
122
104
171
295
313
223
210
304
368
294
180
143
168
163
135
132
137
104
1
-92
-76
1
20
-46
-91
-66
-41
-49
-60
-17
49
77
41
-20
-35
-1
16
15
49
99
68
-24
-89
-93
-107
-157
-204
-252
-283
-314
-337
-349
-343
-341
-380
-437
-467
-454
-449
-435
-400
-349
-324
-308
-271
-262
-258
-245
-219
-233
-291
-306
-258
-200
-169
-124
-72
-82
-142
-207
-260
-281
-237
-118
-3
97
163
187
147
98
147
249
328
344
371
436
499
524
529
525
481
383
294
285
341
404
467
490
441
313
176
91
65
100
152
209
236
216
147
49
-25
-85
-120
-97
-3
74
79
42
7
-35
-111
-158
-147
-122
-131
-149
-115
-51
-31
-68
-136
-189
-228
-237
-205
-158
-90
-26
21
23
0
12
45
73
99
155
223
254
256
266
294
325
330
292
235
186
161
110
28
-40
-54
-37
-37
-53
-100
-199
-335
-432
-443
-383
-307
-245
-241
-295
-375
-425
-421
-393
-346
-298
-242
-213
-213
-254
-307
-329
-323
-288
-244
-185
-150
-156
-181
-178
-161
-156
-132
-75
-10
36
83
128
140
128
131
138
126
142
223
304
310
257
189
124
82
96
160
220
255
287
284
236
174
153
156
181
250
345
411
399
365
316
272
244
238
239
230
225
211
192
156
105
40
-22
-61
-81
-90
-80
-69
-95
-154
-189
-177
-189
-240
-244
-161
-123
-155
-165
-120
-83
-92
-76
-22
27
38
30
33
55
68
53
38
70
115
98
39
-10
-29
-41
-51
-32
-2
-6
-52
-102
-123
-97
-57
-41
-64
-77
-72
-84
-116
-125
-87
-51
-59
-73
-80
-133
-220
-272
-252
-217
-206
-222
-253
-268
-281
-292
-277
-222
-165
-137
-124
-101
-65
-38
-14
32
70
62
42
74
131
159
159
167
178
156
106
62
58
84
134
190
232
222
138
27
-33
-20
33
106
195
276
278
192
104
88
107
105
91
93
111
120
116
117
106
73
33
6
-7
-30
-59
-64
-40
-2
18
24
15
-7
-35
-41
-11
15
11
-24
-35
-6
46
94
132
152
128
54
-7
1
57
123
159
163
134
77
36
8
-11
-27
-24
-17
-11
-18
-45
-65
-78
-71
-64
-63
-73
-65
-51
-42
-65
-86
-60
-57
-78
-93
-40
0
-9
-39
-73
-109
-161
-163
-137
-129
-147
-159
-152
-186
-231
-252
-242
-259
-292
-288
-267
-247
-219
-171
-139
-125
-120
-129
-153
-173
-164
-125
-49
37
80
69
62
95
127
158
178
205
211
190
178
190
229
262
295
318
339
323
264
219
189
168
129
106
113
137
159
155
121
30
-67
-135
-178
-189
-153
-71
0
2
-33
-68
-80
-89
-93
-63
-32
8
28
47
59
59
66
69
87
111
144
145
104
76
80
91
74
47
59
77
87
78
82
93
84
67
38
11
-20
-15
38
110
169
193
185
115
28
-20
-3
29
38
50
59
48
6
-46
-94
-136
-162
-177
-191
-210
-214
-207
-222
-258
-287
-280
-275
-312
-361
-377
-363
-350
-321
-253
-192
-189
-212
-213
-182
-161
-138
-101
-54
-5
38
58
41
36
57
86
93
122
203
263
243
190
177
176
144
104
88
99
96
76
44
31
40
30
-9
-62
-66
-35
-5
-6
-11
4
7
-5
-17
6
38
45
56
84
114
119
129
136
128
134
150
171
167
161
169
183
180
163
154
131
102
73
54
48
56
69
55
28
14
23
27
12
7
2
-8
-32
-54
-44
8
57
53
36
44
52
18
-30
-27
-1
-6
-29
-7
46
54
7
-49
-75
-114
-167
-192
-172
-134
-117
-103
-116
-140
-174
-195
-214
-245
-247
-227
-204
-210
-195
-174
-186
-218
-226
-176
-138
-122
-123
-101
-59
-4
47
78
111
142
147
117
100
129
170
183
186
200
226
212
165
131
125
125
96
58
30
16
-14
-67
-113
-119
-85
-67
-84
-111
-107
-107
-128
-142
-115
-64
-40
-26
10
41
43
30
30
49
83
118
128
117
122
152
185
173
163
175
192
178
123
80
51
38
-1
-21
-7
37
73
58
14
-13
-19
-50
-94
-102
-47
14
46
59
88
120
118
97
48
51
79
97
87
76
131
186
208
153
114
92
50
-25
-113
-145
-143
-125
-132
-151
-188
-244
-327
-423
-463
-425
-354
-309
-292
-276
-275
-299
-338
-337
-264
-147
-56
-22
-5
16
33
38
76
147
219
272
302
304
288
282
281
263
239
233
254
252
210
168
144
109
37
-13
-9
8
-11
-75
-127
-157
-167
-165
-145
-125
-123
-130
-150
-170
-173
-130
-74
-41
-24
-5
18
21
13
7
14
37
70
94
80
52
59
87
78
40
24
39
26
-21
-45
-10
25
9
-11
-6
3
-20
-50
-52
-27
4
14
35
76
124
151
155
156
151
144
146
181
227
264
285
297
300
252
178
114
87
72
45
37
47
40
-17
-96
-151
-178
-208
-248
-284
-299
-308
-315
-311
-296
-267
-242
-238
-246
-229
-204
-184
-156
-105
-36
17
39
44
32
31
35
52
77
102
113
109
101
83
58
45
39
37
23
-1
-22
-50
-85
-108
-107
-109
-116
-123
-125
-130
-132
-106
-76
-59
-31
21
60
51
22
13
24
38
54
97
131
132
127
136
129
100
63
34
32
41
60
72
83
81
55
22
-14
-32
-57
-68
-45
-13
11
15
25
28
28
9
-2
15
55
93
115
136
145
144
126
122
144
186
218
217
210
211
220
204
180
170
174
176
150
121
102
86
58
5
-57
-104
-138
-172
-214
-228
-219
-214
-248
-303
-321
-316
-319
-329
-305
-265
-251
-251
-239
-199
-158
-128
-110
-78
-39
-23
-9
7
34
61
93
114
111
108
103
91
60
34
40
49
30
-7
-37
-59
-81
-86
-71
-54
-56
-67
-69
-57
-39
-24
-1
20
46
71
84
87
94
117
112
107
125
156
172
160
132
103
92
84
75
66
56
37
9
-15
-47
-72
-87
-91
-106
-122
-121
-123
-132
-145
-135
-120
-107
-90
-71
-67
-61
-32
6
34
56
94
135
153
142
150
180
204
219
231
236
238
221
198
186
181
183
170
135
94
74
63
35
-19
-55
-58
-54
-83
-116
-116
-110
-134
-163
-159
-131
-124
-144
-143
-104
-74
-86
-114
-116
-106
-108
-109
-91
-65
-43
-38
-44
-48
-48
-44
-36
-33
-33
-30
-37
-52
-56
-46
-30
-29
-49
-66
-74
-61
-47
-37
-35
-28
-21
-27
-33
-30
-22
-14
7
28
54
73
95
103
90
87
109
147
170
163
156
173
178
158
139
138
140
108
63
36
35
33
15
-19
-60
-94
-106
-112
-127
-138
-134
-127
-131
-148
-149
-122
-103
-107
-105
-72
-32
-21
-22
-8
25
49
47
46
67
92
100
92
86
98
105
89
68
57
56
51
35
29
38
49
36
11
1
4
-2
-19
-32
-27
-5
6
-4
-27
-40
-55
-67
-63
-43
-5
19
24
9
3
8
5
7
12
30
48
61
63
53
36
21
8
-3
-12
-13
-21
-39
-60
-77
-80
-87
-105
-115
-113
-109
-119
-111
-95
-71
-56
-54
-37
-15
4
9
8
18
33
39
45
62
78
83
74
62
59
62
62
52
50
40
32
23
5
-6
-7
6
13
3
-10
-14
-26
-43
-48
-36
-19
-13
-3
1
-3
-20
-32
-28
-21
-12
5
33
44
35
24
25
27
33
49
63
61
57
56
61
65
68
72
63
55
51
47
39
27
20
24
29
13
-15
-36
-50
-64
-80
-83
-68
-67
-83
-101
-109
-105
-107
-108
-102
-86
-70
-61
-50
-35
-19
-2
8
18
31
45
60
70
72
69
67
68
68
73
77
82
72
54
37
28
26
16
3
-14
-20
-30
-47
-59
-63
-64
-63
-62
-57
-48
-39
-34
-35
-36
-25
-17
-19
-22
-17
-6
8
21
31
36
31
23
18
13
9
8
13
14
-1
-25
-35
-39
-53
-68
-76
-70
-73
-81
-83
-65
-42
-31
-30
-24
0
26
41
56
69
92
109
112
118
128
137
131
122
117
122
126
128
130
123
109
91
76
66
46
16
-13
-28
-44
-61
-71
-73
-74
-81
-87
-88
-82
-75
-78
-88
-90
-73
-57
-48
-36
-25
-28
-43
-56
-45
-13
5
-1
-12
-7
0
-5
-12
-22
-22
-25
-37
-45
-39
-33
-45
-64
-73
-68
-60
-59
-53
-36
-15
5
11
9
18
31
46
51
60
77
100
113
101
94
98
99
94
91
89
83
70
54
41
32
23
8
-9
-24
-33
-39
-49
-56
-66
-67
-72
-81
-85
-87
-81
-81
-80
-81
-83
-75
-67
-58
-49
-34
-25
-21
-21
-20
-16
-8
4
16
22
28
36
45
55
59
65
67
62
63
71
79
80
74
68
65
51
29
13
10
12
9
5
6
15
15
5
-2
-2
-2
-3
1
9
10
1
-11
-12
2
13
21
26
31
34
28
20
21
25
23
5
-7
-13
-24
-44
-58
-60
-63
-69
-78
-71
-60
-48
-44
-45
-43
-38
-30
-27
-17
-9
1
9
8
2
4
14
20
24
25
32
41
48
51
57
59
59
54
47
37
28
19
10
1
-6
-5
-4
-10
-26
-36
-33
-34
-43
-51
-53
-47
-47
-52
-50
-40
-27
-26
-27
-21
-9
-1
-3
-3
-1
-1
-6
-13
-14
-9
-6
-9
-12
-11
-8
-8
-9
-10
-10
-8
-7
-7
-8
-3
-2
-3
-2
2
15
30
40
42
47
51
53
55
56
57
56
55
50
48
50
46
33
18
10
4
-1
-2
-6
-9
-12
-16
-20
-23
-32
-39
-39
-42
-44
-44
-43
-41
-43
-46
-39
-25
-9
-2
-2
4
13
15
9
5
8
19
27
27
27
32
33
27
17
16
21
26
19
16
20
20
14
0
-2
-1
-6
-14
-13
-7
8
15
16
14
7
0
6
10
14
16
12
15
10
-1
-13
-21
-25
-30
-37
-35
-29
-33
-41
-48
-53
-51
-49
-45
-37
-30
-26
-24
-18
-13
-14
-13
-8
-3
4
9
16
19
19
17
10
11
22
28
31
37
41
40
35
28
21
23
20
21
21
17
11
6
2
1
-7
-15
-11
-3
3
4
3
6
6
0
-7
-3
8
10
9
8
12
11
4
-4
-7
-6
-4
-11
-12
-2
1
-5
-16
-21
-20
-21
-20
-17
-9
-3
-12
-24
-30
-32
-36
-42
-37
-26
-15
-7
0
13
22
27
27
26
30
33
34
33
34
32
24
16
12
13
13
9
12
17
19
13
3
-6
-12
-23
-33
-34
-31
-25
-30
-34
-38
-36
-36
-42
-36
-25
-13
-8
-5
-3
1
3
4
7
15
26
33
32
29
28
28
26
24
23
29
40
41
42
43
39
29
16
10
7
7
6
3
1
1
-2
-9
-11
-7
-9
-10
-10
-9
-8
-15
-21
-22
-22
-26
-28
-27
-16
-17
-22
-22
-19
-13
-12
-17
-13
-3
-3
-10
-12
0
8
6
3
9
15
12
5
3
9
9
1
-5
-2
-3
-5
-5
-2
6
11
11
8
13
18
18
12
8
12
14
12
8
7
6
3
-5
-8
-4
-1
-5
-11
-13
-12
-14
-22
-26
-24
-20
-19
-17
-13
-12
-11
-15
-17
-18
-18
-17
-15
-6
4
8
7
6
7
6
4
4
9
14
17
18
20
23
20
10
4
10
18
22
19
18
21
22
16
9
10
16
18
12
12
15
15
6
-3
-3
-2
0
-4
-2
3
5
-2
-13
-19
-21
-23
-28
-29
-25
-20
-20
-24
-28
-26
-25
-28
-28
-25
-20
-15
-13
-13
-10
-9
-10
-13
-13
-8
-6
-2
5
12
18
24
27
27
36
39
39
40
41
38
35
31
31
34
36
35
34
35
33
25
16
12
6
4
2
1
4
11
10
9
8
5
4
2
2
1
-2
-5
-12
-17
-23
-30
-37
-42
-44
-45
-47
-47
-48
-48
-49
-50
-52
-52
-51
-47
-44
-44
-46
-50
-51
-47
-47
-46
-38
-26
-18
-13
-8
-5
3
7
8
10
15
17
15
14
16
18
20
24
30
37
45
48
48
50
48
47
42
44
49
49
46
46
49
52
52
48
45
44
39
31
29
28
28
22
18
18
19
15
11
10
7
4
0
-6
-10
-12
-15
-15
-17
-18
-19
-23
-25
-24
-26
-26
-28
-28
-27
-23
-22
-24
-25
-26
-29
-35
-37
-37
-35
-39
-38
-31
-28
-25
-22
-18
-15
-10
-5
-3
-1
0
3
1
-1
-1
1
3
6
7
7
9
8
12
15
14
15
13
12
11
9
10
5
2
3
5
7
7
7
4
4
2
-2
1
7
8
11
13
15
17
16
13
10
9
9
7
7
9
10
8
5
3
0
-1
0
-3
-1
0
4
3
-3
-6
-8
-7
-10
-9
-7
-7
-5
-9
-10
-9
-6
-8
-11
-14
-12
-12
-10
-10
-10
-6
-3
-6
-5
-3
-5
-7
-11
-19
-17
-15
-15
-14
-14
-11
-6
-6
-6
-4
-3
-4
-2
1
4
10
11
15
15
16
19
21
22
21
20
19
19
19
17
17
15
12
7
5
5
3
3
4
5
8
11
13
12
12
10
6
7
7
5
3
3
3
3
2
0
0
-4
-5
-6
-9
-10
-10
-11
-11
-12
-12
-17
-15
-14
-16
-19
-18
-17
-14
-12
-12
-9
-6
-4
-10
-12
-10
-10
-11
-14
-16
-14
-11
-8
-11
-13
-13
-11
-14
-14
-8
-1
7
8
9
12
17
15
12
14
17
17
14
11
8
11
9
9
6
4
6
7
8
9
12
16
15
8
1
5
4
1
-1
-1
7
11
11
11
12
14
14
11
7
9
12
10
8
5
5
3
-4
-7
-7
-5
-6
-10
-12
-10
-8
-8
-10
-7
-3
-2
-10
-11
-6
0
1
-2
-3
1
2
-3
-4
-1
2
0
-5
-8
-6
-2
-3
-8
-11
-8
-7
-9
-11
-12
-14
-17
-19
-21
-19
-16
-14
-12
-9
-4
1
5
4
7
10
12
14
14
17
16
10
3
2
1
1
5
8
11
12
9
7
9
13
15
15
17
18
18
17
15
14
14
9
5
3
4
6
6
5
3
4
5
4
1
-4
-6
-6
-5
-7
-4
-3
1
0
-3
-3
-7
-7
-9
-11
-10
-10
-12
-14
-15
-19
-18
-19
-19
-14
-10
-9
-9
-13
-18
-18
-17
-16
-17
-15
-14
-11
-12
-11
-7
-3
2
4
5
7
11
10
9
11
13
16
16
16
16
17
16
13
11
12
16
16
15
14
13
13
10
11
8
8
6
3
2
-1
-2
-4
-3
-4
0
2
1
-5
-4
-2
0
-2
-5
-4
-4
-4
-5
-7
-5
-5
-2
-5
-9
-10
-13
-13
-13
-16
-15
-13
-16
-18
-20
-19
-18
-19
-18
-15
-12
-9
-6
-4
-1
-1
0
-2
-5
-6
-3
1
2
4
11
13
15
14
11
12
14
13
11
10
11
14
10
9
10
10
10
7
8
8
9
8
7
6
5
5
5
6
5
8
10
12
12
12
10
5
3
4
4
3
2
1
2
1
-1
-1
0
2
4
5
8
8
11
9
7
3
4
8
7
8
8
6
1
-2
-4
-8
-10
-12
-12
-13
-13
-9
-10
-10
-12
-16
-16
-12
-11
-13
-15
-16
-16
-15
-16
-13
-13
-9
-5
-4
-2
0
2
-2
2
0
2
2
-1
-3
-3
-1
-3
-2
1
4
3
6
3
2
2
1
-2
-4
-4
-6
-6
-7
-5
-4
-2
-3
0
2
4
5
6
11
14
16
15
16
15
15
13
12
13
13
14
15
17
15
13
11
10
11
11
9
9
9
8
4
2
1
-3
-8
-13
-14
-14
-14
-15
-18
-15
-15
-17
-18
-19
-19
-19
-18
-20
-19
-17
-17
-15
-14
-12
-9
-8
-3
3
2
4
4
2
1
2
4
2
1
1
1
1
1
2
1
3
4
1
-1
-1
0
1
2
3
2
2
3
5
6
7
8
9
12
14
12
13
13
11
11
9
7
5
7
6
3
1
2
2
4
5
4
5
2
3
-4
-4
-5
-7
-10
-11
-11
-9
-10
-9
-5
-4
-1
0
2
2
3
3
2
0
-4
-2
0
-1
1
1
1
0
-2
-3
-1
0
1
4
4
5
6
7
10
13
12
12
12
9
5
2
1
2
0
0
0
1
1
-1
-4
-5
-5
-5
-3
-2
-2
-5
-4
-5
-4
-2
-3
-3
-3
-4
-5
-6
-4
-1
1
1
4
4
5
4
1
1
0
-2
-3
-6
-6
-8
-10
-12
-13
-13
-14
-11
-12
-13
-12
-10
-11
-11
-11
-10
-8
-5
-3
1
2
3
5
5
6
3
2
1
-1
-3
-4
-2
0
3
2
4
3
2
5
5
6
5
6
8
6
5
6
7
9
13
11
10
11
6
2
1
3
6
7
9
13
15
13
11
9
8
7
8
9
11
10
12
12
10
6
5
4
4
4
4
3
3
1
-1
-2
-5
-4
-5
-6
-7
-6
-5
-5
-3
-4
-3
-2
-4
-5
-8
-11
-12
-14
-14
-14
-14
-15
-14
-13
-11
-10
-9
-5
-4
-4
-4
-2
-2
-5
-5
-5
-3
-3
-2
-2
-1
-2
0
-3
-4
-4
-4
-2
1
-1
0
2
3
2
2
2
-1
-1
-1
0
-2
-1
-3
-5
-6
-6
-6
-5
-2
-4
-2
-1
-1
-3
-2
-3
-1
1
4
6
7
9
8
10
10
10
9
11
9
8
10
11
12
10
12
13
11
12
9
7
4
5
3
-1
1
4
4
3
2
0
-3
-2
-3
-4
-1
1
0
0
1
-2
-2
-4
-6
-4
-4
-5
-4
-5
-4
-6
-3
-1
-1
1
2
0
0
1
-1
-2
-2
-3
-3
-4
-5
-6
-7
-5
-4
-4
-2
0
2
4
3
2
-1
-3
-5
-7
-8
-8
-7
-7
-6
-5
-4
-6
-7
-9
-12
-12
-11
-9
-6
-4
0
2
1
1
-1
-2
1
0
3
3
2
4
6
4
5
4
4
5
6
9
10
10
11
11
11
11
7
6
2
1
1
2
1
-2
-3
-3
-4
-3
-4
-5
-5
-3
-1
0
2
5
8
7
8
8
7
8
7
5
4
6
3
5
5
7
9
7
7
6
4
2
0
0
-2
-2
-2
-2
-1
-2
1
5
7
10
13
13
14
13
11
10
9
8
5
4
1
-1
-4
-5
-6
-7
-9
-9
-9
-7
-4
-2
-1
1
0
0
1
-2
0
2
1
2
1
1
-2
-6
-9
-10
-13
-14
-15
-14
-14
-12
-12
-13
-13
-16
-16
-17
-16
-15
-17
-16
-15
-16
-15
-12
-13
-13
-11
-12
-11
-11
-9
-9
-11
-12
-11
-11
-10
-8
-7
-4
-4
-6
-6
-3
-2
-1
3
5
10
11
11
12
11
13
11
12
12
13
14
15
17
18
18
18
17
15
15
15
14
12
11
13
13
12
14
11
12
14
13
10
7
2
0
2
2
1
0
3
4
3
7
7
8
9
8
9
9
7
5
3
2
-2
-3
-3
-5
-3
-3
-2
-1
1
2
2
3
2
3
3
4
5
5
5
5
1
0
2
1
0
-1
-2
-2
-1
-2
-2
-5
-5
-7
-8
-9
-10
-8
-8
-8
-9
-10
-10
-11
-12
-11
-11
-12
-14
-15
-15
-13
-11
-12
-10
-10
-8
-9
-7
-7
-7
-7
-6
-7
-7
-7
-7
-7
-9
-9
-8
-7
-8
-7
-7
-7
-5
-4
0
1
1
2
3
4
5
8
8
7
6
5
6
6
4
4
5
5
5
7
7
7
2
1
1
1
2
4
6
6
6
7
5
4
3
1
4
5
7
10
11
12
9
6
5
4
3
4
6
8
9
10
10
10
10
11
10
11
11
12
13
13
12
12
13
11
11
9
8
2
-3
-3
-4
-6
-5
-5
-6
-7
-10
-11
-11
-11
-12
-13
-13
-12
-10
-9
-8
-9
-8
-9
-10
-11
-10
-9
-7
-4
-4
-4
-3
-4
-5
-6
-8
-9
-9
-8
-7
-7
-7
-7
-5
-4
-5
-5
-5
-5
-3
-3
-2
-1
-1
0
2
2
3
7
6
6
6
7
5
5
5
4
4
5
6
7
8
10
8
9
12
10
10
9
11
9
10
11
10
10
9
7
4
2
1
-1
-4
-7
-8
-8
-7
-5
-3
-3
-1
-2
-2
-3
-3
-2
-2
0
-1
-1
0
0
0
-2
-2
-3
-3
-2
0
0
0
-3
-4
-6
-7
-10
-10
-11
-11
-13
-13
-14
-12
-10
-12
-11
-12
-10
-10
-10
-8
-7
-6
-5
-3
-2
-1
0
2
3
3
2
3
5
2
4
4
6
8
8
11
11
12
11
12
14
12
12
11
12
9
10
10
11
12
10
10
10
8
7
7
2
0
-1
-3
-3
-3
-3
-3
-2
-2
-1
1
4
4
4
5
3
5
5
6
6
5
5
3
1
-1
-3
-4
-6
-8
-9
-8
-8
-10
-13
-12
-12
-12
-11
-9
-9
-8
-5
-3
-3
-4
-2
-3
-4
-2
-1
-2
0
-1
-4
-1
-1
0
1
1
2
4
3
5
7
4
5
4
2
3
2
3
4
1
0
1
1
1
0
1
1
2
1
2
2
1
0
-1
-3
-4
-6
-8
-7
-8
-8
-6
-6
-5
-6
-5
-6
-6
-6
-7
-6
-6
-6
-7
-6
-7
-6
-6
-4
-4
-5
-3
