-5
-6
-6
-7
-7
-6
-6
-5
-5
-5
-4
-4
-4
-3
-3
-3
-2
-2
-1
-2
-2
-1
-2
-1
-2
-1
0
0
0
1
2
4
4
5
7
7
8
8
8
10
11
11
13
14
15
16
19
19
19
20
21
23
24
25
24
23
22
22
22
23
22
21
19
18
17
16
14
15
14
13
12
11
10
7
4
3
0
-3
-7
-9
-11
-14
-15
-18
-19
-21
-20
-21
-23
-23
-26
-27
-30
-32
-34
-35
-39
-43
-46
-51
-53
-53
-55
-56
-59
-60
-62
-64
-64
-65
-64
-67
-69
-70
-71
-71
-73
-74
-75
-76
-78
-79
-77
-75
-71
-67
-64
-59
-54
-46
-38
-30
-22
-14
-6
3
12
20
32
43
55
67
81
94
109
124
141
156
171
185
201
215
227
239
248
259
269
278
285
293
298
303
307
307
306
302
297
287
278
267
252
237
218
198
179
156
134
110
86
59
31
5
-19
-43
-69
-95
-124
-152
-182
-211
-238
-263
-286
-308
-328
-347
-363
-380
-392
-404
-417
-431
-441
-448
-452
-453
-452
-449
-448
-442
-435
-427
-416
-407
-395
-384
-372
-358
-344
-330
-318
-308
-297
-291
-287
-281
-276
-272
-271
-274
-278
-283
-282
-276
-266
-255
-240
-219
-192
-160
-123
-83
-37
13
69
132
196
262
331
401
471
543
614
685
755
820
878
928
969
1006
1036
1061
1082
1092
1094
1088
1076
1058
1038
1014
981
940
891
834
772
711
647
582
515
447
373
299
229
160
92
23
-46
-114
-181
-246
-310
-371
-431
-490
-542
-589
-628
-660
-686
-707
-723
-731
-729
-722
-710
-696
-679
-660
-638
-613
-586
-561
-536
-509
-481
-455
-431
-408
-388
-367
-345
-322
-300
-281
-266
-253
-242
-235
-231
-232
-236
-243
-253
-266
-279
-290
-303
-315
-329
-342
-355
-368
-373
-379
-384
-392
-403
-413
-423
-431
-439
-445
-452
-461
-468
-475
-481
-484
-490
-495
-503
-512
-516
-517
-517
-513
-503
-486
-462
-426
-379
-319
-254
-176
-86
11
118
233
356
484
614
743
876
1007
1133
1255
1370
1477
1573
1656
1732
1802
1863
1913
1955
1986
2004
2012
2008
1993
1964
1922
1873
1812
1740
1659
1567
1464
1352
1228
1098
960
821
678
531
380
227
77
-70
-215
-363
-512
-661
-806
-941
-1064
-1175
-1279
-1377
-1469
-1550
-1614
-1662
-1691
-1706
-1711
-1703
-1683
-1644
-1587
-1518
-1439
-1357
-1272
-1186
-1096
-1001
-903
-804
-707
-619
-533
-453
-378
-305
-240
-184
-139
-104
-76
-53
-36
-23
-20
-30
-49
-72
-93
-116
-144
-178
-214
-251
-283
-311
-338
-365
-396
-432
-472
-516
-560
-603
-647
-694
-742
-798
-858
-919
-980
-1042
-1109
-1181
-1255
-1328
-1387
-1429
-1456
-1468
-1464
-1434
-1376
-1288
-1170
-1027
-862
-676
-464
-229
24
294
569
846
1122
1398
1670
1935
2189
2430
2652
2854
3037
3198
3337
3449
3532
3585
3612
3611
3583
3539
3475
3391
3287
3163
3019
2857
2681
2489
2285
2063
1826
1582
1334
1080
824
555
278
-3
-282
-554
-821
-1080
-1328
-1558
-1771
-1967
-2139
-2295
-2427
-2540
-2633
-2692
-2730
-2747
-2743
-2716
-2670
-2608
-2529
-2437
-2335
-2223
-2101
-1970
-1830
-1689
-1546
-1392
-1238
-1083
-934
-791
-652
-519
-395
-278
-169
-66
33
131
225
311
387
447
495
532
560
580
587
574
547
509
460
399
326
243
146
42
-62
-164
-260
-348
-429
-503
-573
-637
-697
-757
-813
-869
-928
-988
-1049
-1113
-1186
-1272
-1374
-1487
-1606
-1716
-1810
-1883
-1933
-1958
-1947
-1893
-1788
-1637
-1447
-1225
-970
-681
-355
4
384
776
1160
1542
1916
2273
2605
2904
3168
3391
3581
3739
3865
3955
4012
4032
4022
3984
3924
3845
3749
3642
3525
3400
3266
3124
2976
2816
2641
2441
2222
1981
1717
1436
1136
821
489
150
-194
-535
-876
-1221
-1560
-1890
-2205
-2496
-2753
-2974
-3159
-3308
-3423
-3506
-3558
-3583
-3580
-3549
-3492
-3404
-3289
-3152
-2992
-2806
-2594
-2366
-2126
-1882
-1642
-1405
-1164
-911
-657
-403
-156
78
303
511
696
851
971
1054
1113
1159
1197
1225
1236
1231
1205
1163
1100
1020
923
811
685
552
419
293
187
114
61
7
-56
-143
-250
-369
-471
-551
-647
-788
-974
-1180
-1415
-1695
-2008
-2337
-2695
-3096
-3498
-3829
-4067
-4208
-4226
-4093
-3836
-3482
-3025
-2464
-1836
-1195
-540
133
814
1480
2133
2771
3340
3765
4036
4187
4239
4192
4084
3952
3800
3629
3480
3393
3365
3355
3343
3342
3355
3399
3494
3661
3888
4120
4321
4480
4570
4544
4370
4041
3570
2993
2354
1712
1091
474
-164
-833
-1527
-2215
-2863
-3434
-3872
-4156
-4290
-4285
-4165
-3962
-3717
-3459
-3204
-2965
-2730
-2493
-2261
-2024
-1790
-1589
-1459
-1400
-1396
-1440
-1526
-1626
-1698
-1716
-1668
-1549
-1353
-1084
-776
-444
-93
254
575
865
1120
1345
1534
1668
1722
1687
1566
1374
1149
931
732
546
377
223
76
-64
-206
-343
-478
-620
-772
-930
-1082
-1227
-1383
-1550
-1715
-1875
-2019
-2134
-2201
-2214
-2189
-2162
-2153
-2158
-2173
-2204
-2282
-2434
-2700
-3110
-3623
-4103
-4392
-4402
-4137
-3618
-2893
-2036
-1143
-275
582
1420
2211
2977
3751
4512
5183
5667
5912
5878
5540
4952
4242
3530
2897
2402
2088
1951
1957
2072
2272
2522
2773
3022
3310
3663
4070
4480
4837
5058
5040
4739
4184
3430
2540
1595
695
-78
-703
-1210
-1615
-1969
-2301
-2603
-2846
-2980
-2976
-2827
-2549
-2207
-1881
-1633
-1501
-1511
-1645
-1864
-2107
-2309
-2443
-2487
-2467
-2425
-2408
-2404
-2384
-2345
-2255
-2087
-1828
-1503
-1149
-790
-465
-217
-50
60
148
260
399
560
733
867
912
862
738
567
378
201
60
-44
-130
-189
-205
-193
-182
-179
-175
-170
-171
-170
-161
-180
-267
-424
-634
-895
-1220
-1573
-1901
-2186
-2445
-2663
-2787
-2798
-2716
-2550
-2292
-1943
-1539
-1103
-655
-265
-70
-245
-897
-1978
-3258
-4400
-5131
-5320
-4964
-4138
-3016
-1848
-814
69
876
1666
2487
3420
4495
5589
6478
6971
6972
6475
5533
4320
3095
2081
1366
958
820
874
1031
1228
1466
1759
2116
2573
3172
3896
4655
5325
5786
5907
5602
4920
3992
2951
1904
962
208
-355
-801
-1200
-1599
-2024
-2473
-2866
-3079
-3034
-2748
-2300
-1793
-1359
-1131
-1180
-1482
-1947
-2452
-2871
-3093
-3087
-2929
-2737
-2591
-2509
-2465
-2408
-2272
-2018
-1657
-1225
-776
-371
-74
67
42
-93
-248
-329
-285
-119
118
330
465
513
477
366
229
112
27
-29
-55
-26
11
7
-45
-109
-161
-192
-185
-133
-61
-39
-85
-181
-343
-627
-991
-1338
-1656
-2001
-2384
-2719
-2914
-2923
-2757
-2444
-2043
-1597
-1169
-806
-567
-559
-970
-1946
-3357
-4800
-5831
-6251
-6068
-5333
-4132
-2743
-1508
-541
311
1192
2081
2976
3991
5168
6286
7053
7324
7089
6319
5038
3488
2067
1076
589
536
789
1208
1668
2125
2548
2935
3322
3807
4445
5195
5964
6619
6965
6764
5957
4727
3344
1962
684
-354
-1035
-1435
-1705
-1893
-2013
-2150
-2382
-2577
-2532
-2207
-1734
-1200
-624
-158
-70
-468
-1187
-2022
-2836
-3514
-3892
-3926
-3768
-3610
-3500
-3383
-3227
-3026
-2741
-2311
-1745
-1104
-473
51
348
352
123
-196
-475
-650
-671
-512
-222
83
288
353
292
163
46
-2
14
55
109
182
236
217
118
-22
-176
-307
-339
-220
-19
134
174
95
-141
-588
-1200
-1811
-2301
-2685
-3005
-3192
-3161
-2932
-2671
-2415
-2083
-1627
-1103
-643
-293
-150
-538
-1793
-3716
-5577
-6726
-7050
-6676
-5601
-3897
-2050
-629
295
1084
1954
2779
3528
4433
5613
6773
7498
7637
7244
6321
4859
3089
1473
412
3
95
471
990
1587
2192
2704
3103
3527
4135
4908
5686
6370
6921
7155
6778
5740
4346
2950
1657
465
-500
-1103
-1413
-1637
-1852
-2005
-2122
-2299
-2486
-2462
-2087
-1461
-787
-233
39
-111
-692
-1542
-2438
-3192
-3669
-3844
-3795
-3666
-3507
-3368
-3222
-2966
-2584
-2078
-1537
-1020
-544
-122
147
168
-43
-375
-706
-916
-911
-675
-304
40
233
258
164
5
-175
-334
-423
-404
-325
-293
-367
-497
-606
-684
-715
-615
-346
-24
211
335
351
172
-256
-789
-1283
-1789
-2372
-2897
-3206
-3387
-3552
-3543
-3139
-2432
-1702
-1008
-235
450
486
-582
-2577
-4802
-6572
-7552
-7667
-6836
-5099
-2918
-999
285
1148
1920
2616
3159
3766
4757
6039
7118
7610
7493
6833
5571
3748
1749
136
-697
-721
-131
818
1888
2887
3655
4109
4318
4527
4991
5724
6521
7176
7557
7473
6729
5389
3769
2133
587
-745
-1634
-1985
-1977
-1862
-1752
-1679
-1720
-1887
-1994
-1814
-1295
-628
-23
437
699
673
235
-525
-1390
-2261
-3316
-4737
-6291
-7540
-8198
-8179
-7291
-5393
-2898
-533
1248
2501
3296
3532
3266
2813
2411
1940
1257
438
-379
-1240
-2214
-3093
-3563
-3549
-3169
-2385
-1094
475
1831
2710
3190
3315
3029
2436
1885
1536
1221
849
564
417
111
-544
-1398
-2209
-2956
-3656
-4039
-3873
-3312
-2796
-2564
-2509
-2510
-2497
-2411
-2067
-1344
-515
-237
-1211
-3386
-5956
-8025
-9273
-9696
-8997
-6956
-4077
-1475
316
1616
2715
3381
3487
3692
4607
6016
7190
7839
8062
7681
6332
4032
1428
-791
-2200
-2606
-2021
-677
1051
2898
4560
5704
6203
6371
6616
6957
7258
7553
7967
8188
7728
6523
4954
3282
1434
-424
-1771
-2258
-2153
-1890
-1647
-1472
-1517
-1876
-2227
-2204
-1731
-1013
-243
459
901
904
390
-571
-1814
-3083
-4138
-4877
-5311
-5490
-5435
-5200
-4771
-4087
-3156
-2126
-1173
-309
497
1177
1573
1622
1386
936
328
-321
-799
-1011
-1030
-983
-868
-648
-398
-217
-100
57
259
452
562
554
464
378
373
376
351
399
609
806
739
443
77
-365
-1022
-1762
-2392
-2995
-3765
-4604
-5181
-5406
-5295
-4705
-3516
-2034
-700
339
932
468
-1591
-4661
-7362
-8907
-9442
-9049
-7383
-4595
-1813
-56
848
1562
2166
2419
2672
3631
5275
6878
7918
8398
8233
7075
4919
2336
15
-1642
-2310
-1800
-368
1354
2953
4395
5564
6195
6313
6405
6788
7298
7696
8046
8340
8130
6979
5044
2887
849
-996
-2415
-3028
-2825
-2270
-1819
-1567
-1467
-1540
-1707
-1651
-1106
-170
835
1688
2277
2388
1747
310
-1628
-3646
-5402
-6622
-7088
-6790
-6028
-5179
-4353
-3402
-2303
-1253
-383
434
1325
2165
2708
2888
2654
1984
898
-434
-1592
-2302
-2528
-2338
-1836
-1178
-559
-109
137
232
253
245
193
16
-143
-80
292
753
1069
1198
1149
876
244
-561
-1336
-1958
-2436
-2787
-2987
-3155
-3416
-3805
-4062
-4003
-3582
-2848
-1745
-420
351
-378
-2839
-5970
-8496
-9988
-10528
-9801
-7451
-4172
-1313
517
1845
3092
3852
3865
3729
4243
5332
6407
7250
7807
7672
6277
3812
1064
-1274
-2781
-3120
-2172
-477
1332
3133
5096
6820
7668
7732
7669
7852
7925
7849
8035
8400
8088
6573
4351
2094
-69
-2132
-3555
-3842
-3223
-2390
-1617
-877
-283
-163
-465
-757
-729
-368
278
1131
1781
1784
1002
-268
-1800
-3414
-4798
-5577
-5705
-5541
-5279
-4811
-4056
-3183
-2448
-1764
-896
89
949
1571
2083
2452
2433
1909
1071
277
-366
-832
-1060
-997
-768
-649
-683
-838
-973
-1051
-1011
-894
-851
-853
-731
-365
33
349
657
991
1132
948
507
47
-481
-1193
-2091
-3038
-3967
-4809
-5384
-5523
-5047
-4217
-3217
-2069
-823
-120
-969
-3523
-6712
-9148
-10371
-10519
-9411
-6811
-3397
-630
875
1787
2769
3502
3611
3750
4621
6047
7150
7681
7816
7292
5610
2955
321
-1589
-2604
-2610
-1556
56
1562
2882
4439
6114
7267
7781
8276
8981
9417
9294
9051
8962
8316
6502
3939
1562
-393
-2132
-3402
-3725
-3247
-2684
-2281
-1807
-1255
-959
-913
-718
-140
705
1619
2482
2986
2878
2141
860
-1198
-4012
-6821
-8685
-9276
-8969
-7755
-5624
-3069
-912
547
1624
2401
2777
2841
3093
3490
3475
2707
1446
113
-1312
-2763
-3829
-4074
-3467
-2342
-890
651
1808
2256
2048
1670
1266
887
692
839
1211
1264
972
407
-305
-1267
-2285
-2904
-3197
-3402
-3738
-3961
-4037
-3994
-3749
-3191
-2404
-1664
-979
-594
-1216
-3525
-6950
-9953
-11603
-12109
-11629
-9657
-6281
-2892
-738
560
1994
3405
3966
3987
4620
6124
7507
8191
8511
8421
7102
4341
1203
-1266
-2810
-3408
-2699
-868
1168
2782
4173
5535
6457
6757
7062
7956
9056
9743
10009
10120
9597
7805
4954
2030
-343
-2212
-3425
-3597
-2724
-1646
-1046
-963
-1052
-1252
-1577
-1581
-902
316
1529
2489
3078
2947
1751
-245
-2348
-4107
-5368
-5850
-5348
-4330
-3589
-3456
-3529
-3512
-3450
-3290
-2686
-1465
28
1432
2594
3422
3523
2693
1286
-46
-893
-1252
-1136
-528
302
731
437
-344
-1123
-1730
-2247
-2488
-2087
-1023
188
1141
1881
2401
2381
1611
524
-327
-925
-1457
-1987
-2311
-2662
-3478
-4606
-5343
-5157
-4503
-3764
-2743
-1266
-183
-993
-3859
-7388
-9969
-11368
-11870
-10984
-8193
-4374
-1474
-94
782
1953
2911
3165
3540
4809
6587
7913
8610
8781
7959
5737
2627
-245
-2272
-3250
-2947
-1428
435
1768
2715
3874
5129
5911
6393
7366
8883
10055
10442
10483
10413
9519
7266
4331
1726
-333
-2128
-3329
-3432
-2795
-2374
-2533
-2812
-2869
-2796
-2565
-1820
-458
1139
2527
3510
3820
3162
1551
-473
-2296
-3660
-4367
-4376
-3909
-3504
-3581
-4080
-4592
-4685
-4221
-3254
-1955
-518
852
1981
2758
3113
2985
2451
1791
1327
1206
1318
1454
1323
742
-313
-1580
-2669
-3376
-3637
-3394
-2627
-1618
-769
-193
358
930
1261
1183
862
503
-84
-854
-1537
-2009
-2559
-3395
-4024
-4101
-3806
-3406
-2654
-1590
-1587
-3929
-7954
-11279
-12570
-12530
-11711
-9472
-5602
-1915
-137
396
1312
2703
3389
3585
4647
6731
8453
8969
8782
7870
5485
1846
-1390
-3072
-3555
-3095
-1367
1145
2912
3376
3677
4656
5581
5800
6241
7927
10095
11202
11212
10964
10182
7833
4177
1015
-634
-1495
-2316
-2632
-2057
-1426
-1686
-2560
-3076
-3012
-2763
-2150
-688
1385
3046
3720
3617
2900
1441
-510
-2172
-3042
-3308
-3348
-3123
-2772
-2899
-3765
-4798
-5171
-4701
-3934
-3004
-1703
-160
1010
1494
1656
1771
1730
1396
1154
1406
1980
2261
2065
1593
866
-366
-1786
-2794
-2981
-2528
-1970
-1348
-792
-259
-46
120
287
436
364
-120
-563
-958
-1112
-1457
-1896
-2294
-2562
-2673
-2771
-2368
-1377
-389
-1160
-4461
-8851
-12184
-13396
-13257
-12049
-9338
-5547
-2483
-1253
-650
633
2342
3347
4021
5625
8000
9793
10203
9500
7651
4480
588
-2595
-4176
-4416
-3532
-1707
205
1164
1396
2221
4031
5748
6767
7947
9866
11538
11873
11326
10778
9653
6974
3443
805
-370
-1062
-1871
-2360
-2436
-2860
-3872
-4628
-4389
-3413
-2272
-929
775
2339
3147
3231
2760
1759
318
-1106
-1861
-1973
-2042
-2361
-2779
-3309
-4148
-5112
-5486
-4692
-3139
-1698
-702
119
902
1359
1384
1251
1325
1573
1694
1765
1989
2211
1960
1123
158
-644
-1508
-2483
-2994
-2532
-1559
-801
-464
-130
310
514
563
575
639
334
-432
-1279
-1961
-2483
-2909
-3000
-2823
-2556
-2310
-1687
-429
212
-1471
-5608
-10222
-12984
-13524
-12783
-10925
-7541
-3741
-1637
-1558
-1597
-135
1894
3154
4323
6527
8956
9842
9080
7739
6006
3174
-134
-2195
-2431
-1775
-944
22
634
306
-324
330
2557
5192
7378
9386
11234
11964
11180
9872
8951
7888
5983
3830
2532
1995
1106
-369
-1730
-2872
-4207
-5425
-5473
-4144
-2494
-1471
-811
-149
169
5
-59
538
1397
1869
1913
1843
1506
570
-870
-2359
-3733
-5053
-6088
-6246
-5394
-4061
-2931
-2276
-1885
-1482
-911
-138
888
1991
2914
3435
3651
3644
3288
2466
1469
607
-227
-1321
-2301
-2686
-2526
-2367
-2346
-1957
-1230
-663
-547
-287
256
543
32
-722
-997
-1082
-1489
-2014
-2050
-1772
-1552
-1177
-330
-248
-2748
-7396
-11501
-13131
-12908
-11930
-9841
-6505
-3864
-3549
-4229
-3413
-808
1866
3991
6546
9426
10882
10260
8658
6954
4741
1954
-185
-916
-975
-988
-603
-68
-398
-1556
-1672
482
3662
6244
8381
10541
11686
10805
9019
8324
8666
8318
6939
5761
5136
3870
1449
-1042
-2734
-4194
-5776
-6450
-5369
-3411
-2147
-1808
-1646
-1359
-1192
-856
194
1685
2541
2366
1742
1068
255
-689
-1372
-1720
-2327
-3442
-4414
-4616
-4290
-4138
-4148
-3771
-2903
-1908
-802
659
2027
2550
2217
1888
2079
2199
1870
1499
1232
535
-935
-2360
-2728
-2248
-1889
-1800
-1428
-806
-431
-675
-942
-674
-517
-881
-1306
-1181
-705
-625
-1051
-1314
-1082
-784
-254
365
-424
-3629
-8374
-12072
-13208
-12692
-11415
-8963
-5723
-3840
-4116
-4767
-3572
-586
2218
4538
7266
9841
10655
9511
7920
6633
5080
2950
1368
977
850
279
-498
-1223
-2264
-3065
-2031
1032
4481
7064
9089
10685
10902
9409
7911
8120
9019
8943
7994
7027
5869
3546
426
-1812
-2624
-3074
-3635
-3778
-3574
-3806
-4666
-5228
-4661
-3345
-2013
-593
913
1926
1886
1150
465
74
-115
-123
162
120
-1007
-2909
-4521
-5330
-5531
-5256
-4187
-2508
-1097
-430
-84
527
1090
1227
1327
1965
2749
2962
2515
1800
1006
-151
-1485
-2269
-2193
-1927
-1792
-1664
-1471
-1408
-1738
-1951
-1458
-740
-452
-518
-784
-1109
-1522
-1719
-1430
-826
-339
247
854
-218
-3855
-8671
-11859
-12347
-11477
-10309
-8438
-5971
-4769
-5515
-6275
-4756
-1200
2346
5247
8084
10319
10619
9081
7354
6453
5928
5212
4626
4069
2806
879
-1073
-2673
-3884
-4038
-2193
1132
4125
5789
6704
7278
7094
6363
6503
8353
10532
11191
10270
8656
6597
3774
718
-1173
-1660
-1756
-2169
-2721
-3397
-4497
-5869
-6713
-6320
-5086
-3440
-1423
493
1495
1248
550
238
315
449
809
1503
1560
142
-2268
-4228
-4955
-4869
-4448
-3740
-2836
-2297
-2255
-2006
-1008
285
1130
1718
2543
3312
3292
2544
1858
1379
656
-287
-735
-461
-339
-823
-1413
-1618
-1779
-2247
-2547
-2152
-1397
-1082
-1254
-1642
-2114
-2417
-2226
-1275
36
1131
1632
591
-2877
-7853
-11542
-12154
-10727
-9264
-8127
-6783
-6257
-7502
-8916
-7840
-3934
445
3835
6810
9495
10526
9435
7850
7180
7256
7292
7323
7316
6236
3740
738
-1788
-3540
-4123
-2792
102
2807
4022
4373
4805
5135
5260
6029
8115
10463
11342
10565
9163
7585
5618
3592
2239
1602
911
-442
-2274
-4399
-6520
-7838
-7728
-6433
-4858
-3508
-2378
-1599
-1500
-1640
-1030
441
2016
2987
3254
2743
1186
-1187
-3363
-4278
-4018
-3221
-2497
-2454
-3187
-4325
-4990
-4458
-2913
-962
1051
2690
3266
2685
1644
985
929
983
981
1086
953
272
-832
-1775
-2126
-2077
-1987
-2011
-1950
-1819
-1804
-1868
-1939
-1934
-1976
-1962
-1507
-670
291
1223
1989
1332
-2009
-6945
-10588
-11135
-10060
-9331
-8814
-7950
-7658
-8864
-9923
-8283
-4021
237
3085
5491
7722
8657
8104
7712
8568
9769
10159
9699
8629
6563
3617
1154
-9
-528
-857
-341
1096
2107
1855
1422
2204
3716
4827
5979
7934
9801
10084
9027
8119
7808
7364
6524
5813
5198
3896
1600
-1006
-3425
-5500
-6760
-6833
-6129
-5635
-5678
-5749
-5573
-5261
-4505
-2802
-563
1109
1729
1791
1700
1101
-53
-1137
-1557
-1480
-1336
-1433
-2003
-3103
-4426
-5181
-4852
-3721
-2452
-1359
-472
50
205
369
841
1515
1898
1849
1645
1479
1186
676
268
94
-335
-1256
-2346
-3078
-3241
-3426
-3470
-3065
-2640
-2651
-2883
-2633
-1923
-1173
-499
781
1635
-274
-4566
-8396
-9284
-8393
-8190
-8462
-7919
-7398
-8641
-10276
-9414
-5611
-1458
1054
3050
5249
6409
6183
6147
7651
9770
10939
11033
10366
8571
5699
3352
2582
2486
2148
1892
2256
2319
1337
566
1282
2840
3698
4215
5666
7370
7779
7126
7097
7971
8417
7948
7433
7049
5652
3107
858
-450
-1648
-3352
-4933
-5615
-6012
-6786
-7263
-6890
-6225
-5826
-5242
-3737
-1791
-678
-177
718
1699
1691
575
-496
-709
-571
-711
-886
-1091
-1840
-3029
-3717
-3454
-2852
-2401
-1873
-1060
-580
-783
-887
-274
570
904
950
1203
1438
1152
687
768
999
570
-603
-1576
-1923
-2369
-2914
-3085
-2956
-3184
-3878
-4134
-3299
-1999
-996
-102
-364
-3223
-7525
-10070
-9114
-6936
-6475
-7233
-7467
-7801
-9276
-10172
-8199
-4041
-794
414
1454
2996
3662
3466
4429
7214
9921
10863
10361
9208
7294
5035
4070
4707
5274
4846
4249
4033
3210
1794
1577
3143
4705
4693
4252
4687
5184
4909
5033
6666
8343
8352
7265
6611
6245
5075
3616
2883
2409
760
-1919
-3834
-4582
-5170
-5953
-6319
-6089
-6053
-6437
-6207
-4876
-3519
-2730
-1771
-324
738
596
-169
-387
-109
56
190
390
85
-1096
-2365
-2799
-2610
-2440
-2255
-1670
-1065
-1266
-1943
-2087
-1428
-782
-572
-238
385
733
306
23
612
1223
1012
283
-228
-727
-1422
-1949
-1947
-1815
-2459
-3272
-3295
-2670
-1671
-470
-157
-2389
-6682
-9933
-9622
-7408
-6849
-7964
-8702
-8857
-9483
-10044
-8487
-4860
-1836
-767
78
1629
2671
2967
4031
6596
9011
9884
9800
9202
7774
6073
5642
6474
6620
5427
4370
4178
3612
2445
2491
4284
5823
5502
4683
4883
5105
4472
4309
5978
8044
8207
6913
6028
5646
4750
3817
3804
3805
2170
-786
-2751
-3039
-3228
-3941
-4477
-4638
-5296
-6577
-6977
-5753
-4216
-3539
-2858
-1645
-1041
-1698
-2479
-1922
-623
205
644
1023
709
-731
-1933
-1662
-850
-879
-1427
-1327
-868
-1225
-2093
-2218
-1540
-1266
-1540
-1423
-862
-752
-1438
-1373
92
1247
862
-476
-1105
-775
-540
-702
-763
-930
-1999
-3121
-3164
-2237
-1200
-626
-274
-1327
-4824
-8649
-9397
-7037
-5527
-6868
-8897
-9459
-9518
-10223
-9669
-6349
-2345
-701
-798
-108
1208
1822
2510
4906
8095
9525
8981
8291
7860
6955
6249
6951
7942
7072
4897
3696
3680
3316
2793
3713
5523
5814
4381
3556
4158
4649
4510
5127
6771
7439
6241
4883
4880
5420
5328
4903
4409
3014
480
-1477
-1726
-1353
-1699
-2597
-3274
-4052
-5326
-6182
-5780
-4763
-4231
-3990
-3385
-2783
-2840
-3197
-2853
-1833
-1055
-780
-474
-265
-655
-1046
-583
313
400
-377
-785
-459
-301
-748
-1170
-1285
-1601
-2126
-2128
-1340
-914
-1363
-1800
-1563
-1000
-1054
-1450
-1205
-486
-133
-338
-578
-796
-1168
-1439
-1181
-348
147
379
866
63
-3017
-6562
-7634
-6037
-5227
-6998
-9127
-9646
-9888
-10720
-10265
-7564
-4485
-3485
-3647
-2423
-370
930
2139
4469
7042
7986
7766
7951
8275
7914
7709
8496
8750
7025
4698
4057
4683
4578
3986
4153
4517
3798
2596
2758
4018
4491
4169
4822
6322
6643
5555
4953
5578
6110
5725
5162
4800
3762
1790
352
149
-85
-1240
-2496
-2999
-3443
-4421
-5139
-4940
-4541
-4770
-4890
-4182
-3426
-3493
-3906
-3760
-3146
-2604
-1929
-968
-374
-594
-930
-491
332
605
197
-69
239
442
72
-412
-747
-1213
-1708
-1763
-1456
-1572
-2257
-2498
-1980
-1541
-1731
-2240
-2278
-2026
-1879
-1439
-744
-451
-1042
-1632
-1191
-221
312
405
1108
1601
-179
-3538
-5775
-5413
-4491
-5522
-7580
-8734
-9180
-10064
-10530
-9067
-6565
-5067
-4811
-3962
-2065
-515
688
2638
5106
6581
6831
7171
7879
8123
8110
8897
9729
8801
6617
5408
5735
5838
5123
4986
5371
4756
3170
2514
3384
3943
3382
3354
4630
5490
4890
4165
4601
5363
5331
5012
4984
4485
2982
1554
1148
1096
453
-545
-1249
-1973
-3193
-4459
-5105
-5245
-5348
-5264
-4800
-4395
-4533
-4867
-4715
-4065
-3359
-2661
-1878
-1379
-1346
-1311
-633
336
723
464
200
261
176
-85
-283
-489
-915
-1533
-1823
-1824
-1996
-2233
-2101
-1632
-1352
-1653
-2215
-2496
-2483
-2191
-1681
-1325
-1421
-1919
-2127
-1674
-1077
-721
-394
336
1181
727
-1357
-3499
-3996
-3242
-3537
-5564
-7626
-8409
-8703
-9232
-8923
-7301
-5760
-5555
-5589
-4366
-2567
-1188
247
2430
4529
5547
6052
6876
7647
7965
8486
9465
9677
8432
7108
6891
7032
6470
5846
5837
5589
4435
3325
3326
3725
3445
3082
3481
3933
3575
3075
3446
4300
4651
4530
4548
4359
3427
2391
2008
1963
1481
621
41
-465
-1368
-2370
-3077
-3646
-4358
-4858
-4787
-4563
-4779
-5124
-5061
-4736
-4428
-3990
-3208
-2484
-2355
-2325
-1629
-505
243
352
219
172
131
47
82
157
-72
-626
-1023
-1103
-1257
-1588
-1847
-1539
-1090
-1250
-1720
-2207
-2374
-2260
-2221
-2204
-2382
-2804
-2971
-2486
-1605
-836
-352
144
495
-439
-2390
-3365
-2650
-1806
-2887
-5320
-6855
-7256
-7840
-8550
-8072
-6663
-5897
-6004
-5518
-3885
-2494
-1782
-552
1425
3071
3879
4706
5990
6914
7270
8010
9031
8944
7914
7449
7931
8087
7224
6651
6890
6562
5222
4264
4418
4453
3587
2948
3461
4002
3521
2878
3096
3634
3634
3424
3641
3847
3431
2745
2371
2074
1412
709
306
23
-565
-1447
-2366
-3254
-3896
-4144
-4170
-4365
-4817
-5258
-5378
-5074
-4468
-3827
-3474
-3366
-3167
-2683
-1988
-1184
-489
-157
-158
-254
-61
253
285
-1
-322
-401
-487
-842
-1355
-1754
-1876
-1888
-1861
-1828
-1941
-2366
-2707
-2514
-2076
-1873
-2157
-2485
-2372
-1960
-1481
-1027
-527
197
446
-724
-2487
-3088
-2216
-1729
-3130
-5177
-5975
-5992
-6543
-7079
-6530
-5476
-5194
-5384
-4511
-2906
-2024
-1590
-335
1494
2549
2959
3986
5548
6387
6557
7263
8150
8056
7448
7737
8573
8267
7020
6656
7266
7062
5883
5244
5280
4698
3480
3171
3767
3759
2950
2659
3221
3435
3005
2865
3221
3289
2768
2348
2186
1775
1159
897
941
491
-660
-1934
-2822
-3359
-3682
-3744
-3872
-4393
-5046
-5402
-5344
-5025
-4584
-4017
-3612
-3514
-3385
-2768
-1820
-1136
-872
-854
-798
-592
-256
85
71
-292
-621
-802
-983
-1296
-1556
-1674
-1822
-2089
-2298
-2344
-2447
-2576
-2505
-2253
-2091
-2257
-2489
-2450
-2120
-1680
-1181
-579
110
627
128
-1317
-2364
-2152
-1489
-2198
-4106
-5276
-5155
-5108
-5938
-6343
-5563
-4763
-4739
-4503
-3106
-1587
-1096
-814
406
1842
2591
3330
4658
5967
6367
6421
7043
7532
7406
7533
8310
8594
7569
6518
6753
7384
7019
6045
5573
5250
4333
3492
3589
4086
3786
2956
2676
2791
2558
2106
2194
2745
2775
2167
1621
1383
1122
795
671
497
-185
-1300
-2195
-2639
-2973
-3240
-3416
-3722
-4371
-5141
-5518
-5391
-4949
-4416
-4003
-3917
-3984
-3632
-2706
-1704
-1262
-1268
-1241
-1055
-659
-201
91
32
-415
-738
-736
-737
-958
-1262
-1393
-1480
-1737
-2137
-2501
-2664
-2667
-2531
-2422
-2490
-2701
-2790
-2529
-1997
-1459
-1066
-693
-456
-856
-1642
-1934
-1414
-1295
-2673
-4466
-5002
-4575
-4711
-5357
-5226
-4449
-4259
-4619
-3986
-2224
-1021
-863
-468
753
1878
2414
3211
4586
5522
5651
5880
6461
6702
6670
7173
8156
8345
7448
6767
6876
6971
6646
6466
6533
5942
4654
3870
4184
4578
4107
3397
3182
3138
2811
2541
2719
2874
2532
2045
1898
1814
1273
631
381
191
-431
-1359
-2090
-2632
-3268
-3767
-3809
-3779
-4250
-4900
-5124
-4973
-4873
-4774
-4380
-3891
-3690
-3559
-2980
-2060
-1503
-1499
-1555
-1302
-924
-708
-636
-653
-768
-905
-860
-786
-1043
-1570
-1878
-1728
-1593
-1833
-2287
-2701
-2993
-3135
-2938
-2540
-2432
-2588
-2411
-1638
-702
-151
-308
-1093
-1887
-1915
-1154
-961
-2307
-4194
-5054
-4894
-4782
-4936
-4753
-4340
-4353
-4387
-3443
-1977
-1141
-891
-183
1095
2029
2461
3094
4028
4685
5159
5923
6575
6533
6177
6379
7101
7407
7209
7100
7026
6533
5907
5761
5920
5579
4810
4381
4497
4512
4194
3949
3886
3755
3480
3324
3297
2971
2438
2152
2184
2038
1471
766
87
-500
-1012
-1369
-1652
-2137
-2880
-3633
-4105
-4248
-4275
-4405
-4629
-4731
-4690
-4713
-4783
-4560
-4017
-3449
-3141
-2969
-2614
-2121
-1670
-1314
-997
-708
-599
-705
-825
-734
-483
-340
-418
-692
-1057
-1403
-1666
-1798
-1898
-2098
-2428
-2729
-2849
-2803
-2654
-2557
-2441
-2068
-1423
-814
-742
-1337
-1953
-1926
-1388
-1377
-2418
-3704
-4298
-4370
-4547
-4701
-4384
-3957
-3922
-3894
-3078
-1868
-1194
-949
-227
1048
2062
2647
3299
4074
4596
4861
5333
5911
6147
6239
6509
6723
6547
6293
6498
6843
6708
6253
5946
5692
5184
4731
4767
4995
4806
4268
3970
3962
3884
3695
3551
3362
2911
2428
2190
2006
1626
1205
924
582
-23
-714
-1220
-1577
-2037
-2560
-2998
-3452
-3985
-4414
-4581
-4544
-4527
-4601
-4693
-4753
-4754
-4489
-3896
-3279
-2928
-2816
-2723
-2477
-2101
-1646
-1259
-1133
-1259
-1307
-1076
-806
-813
-951
-945
-966
-1247
-1538
-1560
-1628
-2096
-2564
-2502
-2130
-2065
-2140
-1894
-1485
-1295
-1316
-1454
-1784
-2185
-2232
-2088
-2604
-3831
-4595
-4315
-3926
-4105
-4313
-3948
-3540
-3515
-3153
-1887
-676
-402
-364
413
1544
2192
2611
3431
4213
4334
4350
4941
5638
5743
5675
6038
6475
6421
6208
6361
6509
6259
6005
6078
6064
5569
5045
5003
5087
4878
4576
4498
4368
3916
3502
3433
3339
2822
2166
1840
1666
1308
812
387
12
-477
-902
-1161
-1494
-2126
-2786
-3141
-3230
-3295
-3518
-3815
-4154
-4436
-4487
-4332
-4172
-4097
-4057
-3986
-3854
-3619
-3280
-2867
-2495
-2316
-2342
-2369
-2256
-1944
-1617
-1385
-1264
-1224
-1266
-1325
-1308
-1185
-1055
-1111
-1344
-1594
-1793
-1902
-1911
-1836
-1659
-1451
-1300
-1230
-1259
-1527
-1910
-2190
-2267
-2451
-3054
-3788
-4131
-4148
-4271
-4409
-4115
-3499
-3107
-2950
-2407
-1426
-685
-289
320
1265
1997
2364
2857
3571
3947
3920
4181
4815
5144
5057
5161
5593
5752
5515
5504
5845
5903
5534
5369
5510
5462
5137
5038
5264
5280
4988
4840
4922
4788
4410
4188
4097
3723
3092
2689
2535
2103
1361
786
497
62
-622
-1175
-1460
-1805
-2365
-2802
-2957
-3118
-3485
-3849
-3966
-3918
-3930
-4010
-4066
-4069
-4000
-3872
-3631
-3352
-3203
-3238
-3263
-3083
-2741
-2482
-2433
-2460
-2439
-2329
-2089
-1711
-1416
-1392
-1466
-1429
-1292
-1262
-1354
-1381
-1326
-1341
-1392
-1354
-1260
-1195
-1092
-822
-636
-920
-1618
-2210
-2380
-2452
-2800
-3344
-3810
-4167
-4420
-4359
-3896
-3380
-3144
-2981
-2448
-1539
-724
-172
384
1067
1746
2326
2891
3437
3790
3925
4122
4442
4660
4707
4802
5065
5295
5333
5275
5242
5150
4977
4903
4976
4973
4785
4628
4648
4720
4727
4772
4910
4917
4632
4261
4027
3826
3476
3000
2553
2095
1518
944
520
144
-368
-982
-1474
-1816
-2181
-2594
-2903
-3052
-3157
-3301
-3427
-3513
-3638
-3755
-3729
-3570
-3460
-3491
-3520
-3426
-3275
-3150
-3047
-2991
-3035
-3135
-3109
-2924
-2728
-2648
-2596
-2456
-2269
-2093
-1914
-1733
-1621
-1587
-1511
-1323
-1132
-1055
-997
-784
-421
-69
130
198
211
166
32
-212
-641
-1259
-1946
-2528
-2916
-3185
-3469
-3789
-4069
-4178
-3934
-3372
-2795
-2348
-1914
-1322
-622
42
646
1241
1798
2206
2557
2997
3468
3808
4016
4236
4447
4559
4622
4756
4921
4963
4842
4680
4539
4398
4304
4317
4376
4391
4389
4454
4567
4594
4506
4425
4361
4255
4054
3729
3288
2836
2481
2183
1807
1330
849
411
-50
-550
-1019
-1432
-1855
-2272
-2589
-2817
-3081
-3408
-3649
-3730
-3714
-3654
-3582
-3550
-3569
-3535
-3359
-3129
-3032
-3029
-2930
-2737
-2620
-2616
-2594
-2512
-2480
-2496
-2396
-2204
-2100
-2101
-2061
-1935
-1842
-1825
-1748
-1564
-1435
-1379
-1222
-935
-676
-500
-295
11
235
193
1
-194
-461
-874
-1354
-1788
-2165
-2554
-2926
-3163
-3290
-3351
-3245
-2929
-2526
-2153
-1792
-1355
-839
-317
239
861
1392
1752
2110
2608
3127
3519
3828
4181
4512
4679
4767
4920
5051
5028
4919
4853
4791
4624
4433
4382
4418
4372
4248
4197
4222
4197
4113
4058
3991
3827
3612
3455
3326
3072
2658
2201
1787
1415
1087
775
374
-137
-654
-1089
-1477
-1894
-2314
-2656
-2947
-3268
-3599
-3865
-4057
-4181
-4230
-4192
-4122
-4117
-4150
-4088
-3882
-3608
-3397
-3289
-3201
-3049
-2835
-2597
-2388
-2231
-2143
-2111
-2069
-1962
-1806
-1691
-1691
-1762
-1820
-1797
-1662
-1462
-1247
-1050
-828
-576
-292
-20
215
376
415
365
264
109
-159
-550
-965
-1310
-1638
-1973
-2251
-2409
-2486
-2539
-2528
-2361
-2067
-1720
-1341
-929
-516
-137
253
726
1247
1752
2218
2664
3101
3510
3894
4259
4558
4772
4903
4979
4975
4880
4743
4600
4474
4380
4304
4237
4181
4136
4114
4084
4031
3975
3879
3701
3455
3208
2995
2784
2562
2323
2028
1647
1260
968
716
385
-41
-495
-926
-1371
-1807
-2151
-2443
-2780
-3155
-3449
-3648
-3813
-4019
-4212
-4295
-4285
-4241
-4174
-4054
-3914
-3769
-3588
-3323
-3023
-2786
-2626
-2498
-2358
-2184
-1995
-1817
-1720
-1740
-1769
-1741
-1674
-1627
-1610
-1549
-1442
-1336
-1190
-948
-672
-465
-313
-119
103
198
123
19
-54
-190
-436
-705
-937
-1162
-1371
-1462
-1431
-1425
-1494
-1515
-1396
-1192
-974
-741
-514
-335
-154
124
474
801
1105
1454
1843
2209
2549
2910
3237
3466
3649
3857
4060
4174
4192
4160
4126
4106
4117
4138
4104
4013
3932
3897
3883
3863
3803
3673
3476
3273
3102
2896
2579
2223
1921
1655
1395
1138
891
611
268
-66
-321
-587
-959
-1369
-1712
-1985
-2271
-2574
-2835
-3055
-3279
-3459
-3537
-3560
-3616
-3691
-3673
-3556
-3417
-3294
-3160
-3018
-2892
-2733
-2513
-2299
-2178
-2123
-2028
-1855
-1666
-1510
-1378
-1309
-1305
-1291
-1195
-1038
-902
-816
-736
-642
-557
-470
-394
-360
-406
-503
-606
-704
-814
-935
-1025
-1090
-1159
-1213
-1205
-1115
-1001
-907
-810
-670
-492
-303
-137
-33
19
89
222
405
584
730
903
1113
1349
1616
1915
2209
2451
2645
2840
3045
3182
3248
3312
3416
3528
3584
3571
3527
3471
3438
3455
3462
3406
3298
3159
3002
2841
2669
2483
2287
2056
1817
1592
1373
1169
993
821
620
386
138
-117
-399
-672
-921
-1181
-1456
-1701
-1881
-2020
-2168
-2316
-2439
-2572
-2711
-2802
-2832
-2857
-2931
-3014
-3022
-2955
-2863
-2751
-2641
-2569
-2496
-2335
-2079
-1823
-1648
-1540
-1442
-1333
-1224
-1099
-967
-873
-836
-795
-702
-601
-536
-485
-428
-394
-427
-522
-632
-742
-856
-961
-1054
-1174
-1338
-1490
-1560
-1537
-1489
-1457
-1419
-1359
-1266
-1100
-857
-603
-415
-300
-170
38
300
562
796
985
1148
1351
1630
1939
2195
2382
2562
2764
2968
3158
3324
3446
3528
3620
3753
3880
3943
3945
3935
3920
3896
3861
3798
3680
3498
3292
3085
2850
2555
2237
1954
1729
1515
1294
1035
743
454
206
0
-231
-531
-870
-1191
-1471
-1721
-1950
-2152
-2337
-2526
-2689
-2788
-2857
-2961
-3089
-3164
-3161
-3120
-3086
-3060
-3026
-2984
-2905
-2767
-2601
-2461
-2344
-2209
-2038
-1854
-1660
-1459
-1305
-1224
-1174
-1085
-962
-855
-766
-684
-619
-579
-534
-451
-352
-311
-359
-437
-489
-536
-621
-748
-894
-1032
-1132
-1169
-1143
-1103
-1074
-1037
-958
-810
-614
-426
-285
-174
-60
68
206
345
497
678
877
1066
1248
1431
1627
1838
2042
2225
2381
2527
2685
2866
3065
3249
3388
3479
3556
3636
3707
3757
3782
3750
3661
3532
3376
3202
3019
2815
2585
2339
2095
1863
1644
1440
1242
1046
856
650
426
180
-90
-361
-608
-837
-1064
-1294
-1524
-1753
-1971
-2161
-2331
-2492
-2642
-2779
-2891
-2948
-2964
-2969
-2961
-2937
-2902
-2850
-2774
-2688
-2597
-2499
-2372
-2230
-2097
-1980
-1869
-1743
-1611
-1478
-1346
-1220
-1111
-1011
-906
-789
-694
-617
-555
-496
-462
-459
-464
-481
-501
-524
-541
-572
-645
-741
-825
-853
-839
-824
-804
-754
-669
-555
-415
-273
-143
-27
106
278
461
627
768
903
1050
1198
1341
1477
1614
1729
1822
1917
2034
2169
2297
2413
2547
2686
2791
2863
2922
2991
3043
3057
3054
3029
2985
2935
2883
2808
2676
2485
2278
2082
1906
1734
1551
1348
1115
886
690
514
337
142
-63
-266
-480
-692
-892
-1101
-1310
-1510
-1689
-1859
-2009
-2143
-2253
-2342
-2408
-2441
-2454
-2453
-2446
-2433
-2412
-2404
-2391
-2333
-2236
-2140
-2066
-1994
-1897
-1771
-1629
-1490
-1374
-1296
-1228
-1136
-1009
-885
-794
-729
-667
-601
-531
-460
-408
-385
-371
-355
-348
-367
-408
-459
-512
-556
-586
-610
-644
-676
-679
-634
-552
-477
-423
-356
-263
-156
-50
52
144
227
329
469
628
767
889
1006
1126
1253
1385
1525
1675
1828
1979
2130
2262
2368
2459
2562
2667
2741
2786
2799
2790
2758
2717
2672
2612
2537
2446
2357
2247
2104
1935
1768
1613
1453
1279
1104
915
712
507
310
125
-63
-254
-445
-640
-829
-1020
-1203
-1377
-1542
-1703
-1850
-1971
-2076
-2144
-2195
-2238
-2271
-2293
-2278
-2251
-2210
-2160
-2115
-2070
-2020
-1955
-1866
-1767
-1670
-1587
-1498
-1395
-1284
-1165
-1051
-940
-849
-768
-681
-603
-536
-484
-454
-434
-428
-425
-418
-417
-428
-452
-466
-478
-503
-539
-564
-571
-560
-533
-492
-444
-397
-349
-271
-181
-92
-18
68
161
248
328
412
509
589
672
776
900
1022
1136
1260
1399
1552
1705
1854
1972
2062
2148
2238
2327
2379
2386
2375
2368
2365
2366
2359
2295
2178
2063
1983
1916
1824
1710
1578
1439
1294
1155
1024
877
707
531
381
239
68
-108
-272
-421
-573
-732
-887
-1035
-1179
-1309
-1406
-1498
-1603
-1705
-1784
-1830
-1869
-1924
-1974
-1999
-2013
-2010
-1974
-1925
-1886
-1856
-1814
-1749
-1666
-1584
-1501
-1408
-1314
-1209
-1094
-980
-885
-810
-740
-669
-602
-549
-505
-469
-434
-393
-354
-334
-337
-343
-343
-334
-317
-309
-320
-353
-388
-412
-414
-403
-397
-395
-386
-373
-341
-286
-215
-133
-43
57
170
286
400
525
655
788
926
1069
1227
1385
1533
1671
1804
1923
2037
2154
2263
2353
2411
2450
2479
2487
2478
2466
2440
2385
2301
2205
2106
1995
1868
1738
1599
1446
1278
1116
957
783
598
420
257
100
-55
-212
-363
-513
-665
-808
-934
-1057
-1183
-1300
-1401
-1499
-1591
-1681
-1759
-1826
-1885
-1926
-1951
-1956
-1951
-1936
-1910
-1877
-1837
-1794
-1736
-1670
-1613
-1557
-1494
-1418
-1336
-1253
-1166
-1091
-1022
-955
-885
-807
-730
-660
-592
-518
-445
-388
-333
-272
-217
-162
-116
-91
-87
-92
-94
-88
-83
-102
-137
-170
-187
-175
-151
-132
-116
-102
-69
-6
68
141
214
286
361
441
526
620
723
826
944
1068
1184
1280
1375
1479
1593
1683
1766
1853
1921
1972
2018
2063
2089
2087
2064
2049
2030
2000
1956
1900
1827
1732
1634
1539
1442
1319
1177
1042
911
777
638
496
344
189
25
-135
-290
-451
-617
-776
-914
-1046
-1171
-1285
-1383
-1477
-1551
-1606
-1654
-1701
-1739
-1764
-1774
-1766
-1754
-1741
-1733
-1715
-1679
-1633
-1580
-1533
-1487
-1439
-1388
-1331
-1259
-1188
-1121
-1061
-1001
-930
-862
-796
-723
-659
-602
-554
-501
-446
-397
-355
-307
-263
-230
-210
-194
-171
-159
-147
-125
-98
-75
-54
-25
9
47
86
131
183
224
271
328
387
436
477
532
601
672
745
829
918
1003
1087
1180
1275
1369
1455
1541
1615
1668
1710
1748
1787
1815
1834
1842
1839
1811
1772
1739
1704
1660
1601
1530
1454
1367
1267
1166
1059
937
798
653
508
360
208
64
-78
-232
-401
-564
-716
-856
-984
-1108
-1225
-1340
-1440
-1527
-1598
-1654
-1699
-1724
-1740
-1750
-1754
-1746
-1718
-1690
-1654
-1611
-1567
-1522
-1472
-1403
-1325
-1245
-1165
-1082
-1003
-929
-859
-788
-715
-648
-591
-532
-477
-434
-386
-327
-274
-233
-200
-172
-143
-114
-86
-59
-39
-22
-9
6
24
49
76
105
143
174
199
230
262
310
364
406
451
494
546
609
675
739
805
879
952
1026
1099
1169
1230
1288
1347
1407
1456
1483
1502
1511
1514
1505
1494
1476
1446
1408
1363
1319
1268
1211
1154
1090
1027
961
887
812
734
648
561
471
378
274
165
55
-50
-157
-264
-377
-483
-589
-696
-794
-883
-971
-1061
-1144
-1222
-1289
-1350
-1401
-1438
-1464
-1491
-1510
-1521
-1525
-1517
-1500
-1478
-1447
-1416
-1379
-1333
-1278
-1219
-1154
-1087
-1022
-957
-886
-819
-756
-688
-624
-570
-521
-470
-420
-370
-326
-288
-252
-209
-166
-119
-69
-28
3
37
75
113
141
166
190
209
232
257
282
301
319
339
368
406
450
488
532
581
634
695
756
817
871
929
986
1038
1084
1115
1146
1178
1215
1246
1261
1269
1277
1279
1290
1292
1275
1252
1222
1190
1159
1122
1076
1022
956
900
843
784
717
638
558
481
405
325
237
143
50
-42
-130
-217
-305
-393
-487
-576
-660
-744
-826
-899
-967
-1033
-1097
-1150
-1184
-1222
-1245
-1263
-1274
-1278
-1282
-1276
-1270
-1258
-1244
-1224
-1197
-1163
-1132
-1099
-1062
-1019
-973
-924
-878
-832
-788
-746
-699
-654
-613
-574
-533
-493
-451
-411
-372
-328
-276
-231
-190
-156
-118
-75
-35
9
52
93
135
176
220
268
305
339
380
424
467
511
559
600
641
681
733
787
828
866
902
936
973
1005
1030
1051
1064
1077
1094
1109
1119
1116
1107
1101
1096
1079
1055
1031
996
961
929
897
859
814
766
721
678
632
581
523
456
387
312
239
172
94
13
-59
-132
-202
-270
-336
-397
-459
-520
-577
-629
-682
-735
-788
-840
-887
-929
-964
-999
-1038
-1073
-1092
-1107
-1112
-1107
-1102
-1092
-1083
-1063
-1032
-1001
-971
-941
-909
-878
-840
-799
-751
-704
-659
-606
-542
-484
-427
-373
-318
-264
-217
-170
-128
-95
-63
-26
9
34
52
68
87
108
124
139
154
163
174
187
200
213
225
237
257
272
287
305
330
355
381
412
445
474
493
519
553
582
608
634
659
686
710
732
761
781
792
805
823
837
850
863
871
874
869
864
859
843
823
797
766
730
688
641
591
541
483
421
360
297
231
159
91
21
-48
-116
-176
-235
-298
-359
-415
-473
-527
-581
-629
-672
-710
-743
-774
-799
-819
-837
-850
-859
-870
-881
-882
-883
-880
-874
-870
-865
-854
-835
-808
-780
-751
-723
-691
-657
-622
-584
-548
-509
-473
-430
-382
-338
-292
-250
-206
-164
-127
-93
-66
-40
-15
8
29
54
74
91
112
137
154
170
193
208
230
254
276
296
311
328
343
358
374
385
389
392
396
400
405
415
418
424
439
451
459
469
475
484
498
515
531
543
552
561
571
581
594
602
606
611
606
608
611
605
595
575
552
527
501
476
448
411
372
337
301
267
229
190
146
104
62
23
-8
-50
-94
-138
-174
-211
-251
-290
-335
-377
-422
-458
-493
-534
-577
-617
-651
-677
-706
-734
-756
-777
-791
-794
-795
-798
-801
-800
-795
-785
-774
-763
-747
-725
-698
-664
-630
-596
-566
-534
-496
-459
-425
-391
-356
-322
-291
-255
-224
-193
-158
-125
-91
-56
-25
7
41
78
109
146
185
218
254
291
320
345
366
387
407
423
437
446
456
469
485
498
510
517
521
528
540
550
557
567
568
570
577
583
589
592
593
590
591
588
583
577
569
563
552
538
521
501
476
450
426
397
361
324
288
252
214
178
145
118
92
64
34
4
-29
-58
-84
-116
-150
-186
-225
-261
-293
-326
-356
-389
-421
-452
-486
-515
-551
-586
-616
-641
-666
-688
-703
-720
-726
-719
-719
-715
-709
-695
-680
-660
-637
-610
-588
-563
-531
-503
-470
-441
-413
-381
-341
-311
-279
-247
-214
-179
-141
-105
-70
-32
3
42
81
118
155
189
219
242
259
277
298
311
320
329
332
334
337
339
339
335
333
329
327
326
324
317
314
311
304
303
304
304
301
303
306
311
312
316
324
329
337
344
350
353
353
350
345
337
323
308
300
286
274
260
249
236
222
214
205
195
185
174
163
152
136
122
103
83
61
38
21
1
-19
-44
-71
-100
-131
-160
-192
-222
-247
-276
-303
-330
-359
-381
-401
-420
-438
-455
-470
-480
-487
-486
-483
-484
-488
-490
-485
-479
-472
-457
-444
-427
-412
-392
-371
-349
-330
-306
-276
-247
-217
-190
-159
-131
-100
-68
-42
-19
2
21
38
59
76
95
110
124
140
154
167
176
183
190
189
187
181
176
176
175
177
183
186
191
196
199
205
206
208
209
216
217
221
225
225
228
226
218
208
200
191
187
183
183
183
181
185
187
186
184
190
190
192
191
192
191
190
189
186
184
176
167
155
145
136
123
114
103
89
72
63
45
26
8
-6
-16
-30
-44
-60
-79
-96
-108
-125
-140
-157
-175
-193
-205
-223
-238
-249
-264
-275
-287
-292
-301
-306
-312
-318
-323
-326
-324
-319
-315
-310
-299
-290
-273
-262
-249
-227
-207
-186
-168
-146
-126
-107
-88
-69
-56
-47
-41
-31
-7
18
40
65
83
90
97
110
121
132
147
161
174
191
199
203
204
202
202
204
215
220
216
213
210
195
174
158
139
121
105
93
78
64
44
29
13
-3
-12
-21
-26
-35
-41
-48
-50
-57
-60
-60
-66
-62
-55
-49
-43
-33
-25
-23
-21
-19
-12
-3
5
14
24
29
35
39
41
54
56
55
62
66
77
85
89
92
94
90
84
79
77
74
72
70
62
50
41
40
35
35
34
28
22
7
-1
-15
-27
-39
-52
-63
-72
-78
-84
-86
-92
-99
-103
-107
-117
-124
-124
-125
-127
-129
-130
-130
-133
-134
-132
-132
-126
-122
-116
-114
-109
-104
-93
-79
-67
-52
-38
-30
-19
-7
7
16
22
28
35
42
48
55
64
68
76
75
74
76
76
76
78
81
83
86
89
91
89
87
87
86
79
70
59
49
41
30
19
16
8
1
-1
-8
-11
-18
-28
-35
-43
-46
-47
-47
-46
-42
-39
-33
-33
-34
-35
-29
-24
-18
-2
5
14
24
30
35
43
53
60
67
72
72
71
70
70
70
70
74
76
77
77
77
74
71
66
59
54
48
41
31
26
16
4
-8
-17
-26
-35
-41
-48
-53
-61
-68
-75
-83
-88
-92
-97
-96
-96
-97
-97
-99
-98
-95
-94
-92
-89
-83
-83
-76
-72
-69
-63
-58
-50
-41
-30
-24
-13
-5
-1
3
7
11
15
17
19
24
27
35
41
45
51
50
51
53
53
50
47
45
45
48
46
49
49
45
42
38
33
28
21
19
16
12
9
1
-4
-11
-15
-23
-29
-34
-36
-32
-32
-34
-35
-34
-36
-37
-37
-38
-36
-32
-31
-30
-24
-21
-20
-18
-17
-13
-12
-12
-6
-5
-4
0
3
4
7
15
20
24
29
33
36
35
34
36
37
37
41
46
49
48
49
54
53
50
48
44
40
40
36
36
31
31
29
32
35
37
37
40
38
36
28
26
25
20
18
18
19
18
21
22
22
23
23
21
17
14
11
11
11
5
2
1
-3
-11
-16
-19
-27
-32
-39
-41
-43
-45
-48
-51
-53
-55
-54
-57
-58
-65
-69
-71
-75
-74
-70
-66
-66
-63
-63
-66
-68
-70
-69
-68
-63
-57
-53
-47
-44
-44
-41
-33
-28
-21
-15
-9
-6
-1
1
6
11
17
19
19
23
24
22
20
23
21
21
21
22
25
26
26
26
28
28
25
25
24
24
26
24
24
24
24
23
18
16
15
15
17
15
16
21
25
32
39
43
47
50
55
57
60
57
52
52
49
46
52
52
54
55
51
50
48
44
40
37
34
29
26
22
14
6
0
-4
-11
-16
-15
-19
-19
-22
-25
-29
-33
-38
-44
-48
-55
-56
-57
-62
-66
-72
-72
-75
-77
-79
-77
-71
-66
-61
-55
-54
-50
-43
-42
-38
-36
-37
-34
-31
-27
-28
-25
-24
-26
-26
-23
-21
-17
-14
-11
-7
0
7
9
12
16
20
24
29
29
30
30
32
31
28
31
34
37
41
45
42
43
43
42
42
41
40
41
34
29
23
17
12
4
-1
0
-6
-9
-10
-14
-14
-15
-14
-13
-12
-9
-7
-3
0
3
10
16
20
20
23
26
32
35
41
45
48
51
53
51
53
54
54
56
55
53
50
47
42
35
32
26
21
17
13
11
4
-1
-7
-13
-20
-26
-29
-31
-29
-30
-31
-30
-31
-37
-38
-35
-38
-41
-41
-40
-44
-45
-44
-47
-48
-49
-51
-50
-51
-52
-55
-55
-55
-58
-58
-57
-55
-56
-54
-54
-50
-50
-46
-44
-44
-41
-38
-34
-34
-31
-26
-26
-21
-20
-19
-14
-8
0
6
14
17
23
27
32
35
39
41
43
43
44
44
45
46
45
47
52
55
57
59
61
64
62
63
64
66
65
65
66
66
62
58
56
53
48
44
43
38
35
30
30
25
21
18
14
10
6
1
-3
-6
-9
-15
-18
-20
-26
-32
-36
-39
-45
-46
-45
-49
-50
-52
-54
-53
-55
-55
-55
-58
-57
-58
-58
-58
-64
-63
-57
-55
-49
-44
-38
-34
-25
-21
-16
-9
-5
0
2
5
8
11
12
13
14
14
17
19
22
22
23
25
24
23
23
20
18
16
14
11
9
11
10
11
11
11
10
11
11
12
12
14
14
12
14
14
14
14
15
13
14
11
7
6
4
3
5
5
6
7
9
10
14
14
15
13
11
9
5
1
-4
-5
-7
-7
-10
-10
-10
-8
-7
-6
-3
-4
-4
-4
-4
-2
-2
-1
0
0
5
9
13
16
16
16
20
19
20
19
18
17
14
12
10
11
9
9
8
6
6
7
6
3
1
0
1
-1
-3
-7
-7
-11
-13
-17
-18
-19
-22
-22
-23
-23
-24
-21
-22
-22
-22
-23
-22
-22
-23
-25
-27
-30
-30
-33
-35
-37
-36
-36
-36
-33
-29
-26
-22
-15
-13
-10
-3
-1
0
1
2
3
4
9
11
13
16
17
19
21
24
24
27
29
27
25
26
23
18
14
12
10
7
6
7
5
3
2
-1
-4
-8
-13
-14
-16
-16
-18
-14
-13
-12
-9
-6
-2
-1
3
3
6
11
14
17
19
21
21
24
24
25
26
29
28
27
27
25
27
24
26
24
25
26
26
24
22
23
22
19
19
13
14
12
10
8
7
9
8
5
4
3
-1
-3
-4
-4
-6
-5
-9
-10
-11
-12
-14
-16
-18
-18
-20
-21
-24
-24
-26
-25
-26
-28
-26
-28
-28
-29
-28
-29
-26
-26
-26
-20
-20
-20
-20
-18
-20
-22
-22
-21
-21
-21
-20
-19
-18
-15
-14
-12
-7
-3
1
4
9
9
10
11
11
9
8
6
5
6
6
7
11
12
