-1
0
0
0
1
0
0
-1
0
1
0
0
1
1
0
0
0
0
-1
0
-1
-1
-1
-1
0
0
0
0
0
-1
-1
0
0
0
0
-1
-1
-1
-1
0
0
0
-1
0
-1
-1
-1
0
0
0
0
1
0
0
-1
0
-1
-1
-1
0
0
0
-1
-1
-1
1
0
1
0
0
1
0
-1
0
0
0
1
0
0
0
1
1
1
0
0
0
1
0
1
0
1
2
1
0
0
1
1
1
1
0
1
0
0
-1
0
0
0
1
0
0
0
0
0
1
0
0
1
0
0
1
1
0
1
0
0
0
0
0
0
0
0
1
0
1
1
-1
-1
0
-2
-1
-1
0
-1
-2
-1
0
0
0
-1
0
-1
-1
-1
-1
-2
-1
0
1
0
0
0
0
0
0
0
-1
0
0
-1
0
-1
-1
-1
0
0
0
-1
0
1
-1
1
0
0
-1
-1
-1
-1
-1
-1
-1
0
1
1
1
0
0
0
0
0
-1
-1
0
0
0
1
0
0
1
1
1
1
1
0
0
-1
1
0
0
1
0
0
0
0
-1
1
0
0
1
1
0
0
0
1
1
0
0
1
0
0
-1
1
1
0
0
0
1
1
0
0
-1
0
1
0
0
-1
0
-1
0
-1
0
0
-1
0
1
1
1
1
1
0
0
0
1
0
0
0
0
0
0
0
-1
-1
0
-1
1
-1
-1
-1
-1
0
0
0
-1
0
0
0
0
1
0
0
0
-1
0
0
0
0
-1
-1
0
0
0
0
0
1
0
0
0
-1
-1
-2
-1
-1
-1
-2
-1
0
-1
-1
-1
-1
0
0
0
0
0
0
0
0
-1
0
0
0
0
1
1
1
1
0
1
2
2
1
1
0
1
1
0
1
0
0
0
0
1
1
2
1
-1
0
1
0
2
1
0
1
0
0
0
1
0
1
1
1
2
1
0
1
0
0
1
-1
0
0
1
-1
0
-1
0
-1
-1
-1
0
-1
0
-1
-1
-1
-1
-2
-1
-1
-1
0
-1
0
-1
-1
-1
-1
0
0
0
0
0
-2
0
-1
-1
1
0
1
-1
-1
0
0
0
-2
0
-1
1
0
0
0
0
0
0
1
-1
0
-1
-1
0
-1
0
-1
-1
0
1
0
-2
-1
-1
0
-1
-1
-2
-2
0
1
0
0
0
-1
-1
0
0
0
0
0
1
0
0
0
1
1
1
1
1
-1
-1
-1
0
0
0
-1
0
1
1
1
1
1
1
3
0
0
1
0
0
0
0
1
1
1
2
2
2
2
2
2
0
0
0
1
0
0
0
0
1
0
1
1
0
0
0
0
0
-1
0
-1
-1
1
1
0
0
0
1
0
-1
-1
-1
-1
-1
-1
-1
0
-1
0
0
-1
0
-1
-1
-1
0
0
0
0
-1
-1
-1
-1
-1
1
-1
-1
-1
-2
-2
-1
0
0
-1
-1
-1
0
0
-1
0
0
1
0
0
0
-1
0
0
0
1
0
-1
0
0
0
1
1
0
1
1
1
0
1
0
0
0
0
0
0
0
1
1
0
-1
0
0
0
0
0
0
0
0
1
1
1
0
1
2
0
2
0
0
-1
-2
-1
-1
0
2
2
0
0
0
0
2
1
-1
-1
0
-1
0
0
-1
0
1
0
1
1
0
1
1
0
1
0
0
0
0
1
1
1
0
-1
0
0
0
0
-2
-1
-1
-1
-1
-1
0
0
-1
-1
0
-1
-2
-3
-2
0
0
-1
-1
-1
0
-1
-2
-1
0
0
1
0
1
-1
-2
0
1
0
1
0
0
1
0
1
1
0
1
1
1
-1
0
0
0
0
1
0
1
0
0
0
1
0
1
0
0
-1
-1
0
0
2
2
1
0
-1
0
1
0
1
0
0
0
-1
0
0
1
1
2
1
0
1
-1
0
1
1
0
0
0
-1
0
-2
-1
0
0
0
0
-1
-2
-1
0
-1
0
0
1
1
0
0
0
0
0
-1
0
-1
0
0
2
0
0
1
1
-1
0
0
0
0
-1
0
0
0
0
-2
0
0
1
1
0
0
0
-1
-1
0
1
1
-1
0
0
0
0
0
0
0
1
0
-1
0
-2
-1
-1
0
0
0
0
0
0
0
1
0
1
0
0
0
0
-1
-1
0
-1
1
0
0
0
0
-1
0
-1
0
0
0
0
-1
1
1
0
1
2
1
0
1
2
2
1
0
0
0
0
1
0
0
1
0
-1
0
0
-1
0
0
0
0
0
-1
0
0
0
0
0
0
1
0
-1
0
-1
-1
0
1
1
1
0
-1
0
0
-1
0
0
0
0
-1
0
-1
0
0
0
0
0
0
0
-1
0
-1
-1
-1
-1
0
0
-1
0
-1
1
0
-1
-1
-1
0
0
1
0
0
0
0
0
1
1
0
0
0
0
0
1
0
0
1
1
0
0
0
2
1
1
-1
0
-1
0
1
0
1
-1
0
0
0
1
0
1
1
1
1
0
0
1
0
0
0
0
0
1
-1
-1
-1
0
0
0
1
1
1
1
0
0
0
0
0
1
1
1
0
1
1
-1
1
0
0
0
0
1
0
0
0
-1
0
0
1
1
-1
-1
1
1
1
0
0
-1
1
1
1
-1
-2
0
0
0
-1
-1
-1
-1
-1
-2
-1
0
0
-1
0
-1
-1
0
-1
-1
-2
-1
-1
0
-1
0
-2
-1
-1
-1
-1
0
-1
-1
0
-1
0
0
1
-1
1
1
2
1
0
0
0
1
-1
0
1
0
1
0
0
0
1
2
1
0
1
1
1
1
2
2
1
1
1
0
1
-1
-1
0
1
1
0
0
0
1
1
1
0
1
1
0
1
-1
0
-1
0
2
0
0
-1
0
1
0
0
-1
-1
-1
0
0
-1
0
-1
0
-1
-1
-1
-1
0
1
1
0
0
1
0
0
0
1
1
1
0
1
-1
1
1
0
0
1
0
1
1
0
1
0
0
1
0
0
0
1
2
1
1
1
1
0
0
0
0
1
-1
0
-1
0
0
-1
0
-1
-1
-1
0
-2
-1
-1
-1
0
0
-2
-2
0
0
0
0
0
-2
-2
0
1
0
0
-1
0
0
0
0
0
-1
0
0
0
-2
-1
0
1
1
0
0
1
1
0
0
-1
0
1
1
0
0
1
2
1
1
1
0
2
2
2
1
1
-1
0
1
1
0
1
0
1
0
0
0
-1
0
0
0
0
1
-1
-1
-1
0
-1
-2
-1
0
0
0
-1
0
-1
-2
-1
-1
0
0
0
0
0
-1
0
-1
0
0
-1
-1
0
0
0
-1
-2
-1
-1
0
0
0
0
0
0
0
0
0
0
0
1
1
0
0
-1
0
0
1
0
0
0
1
1
0
0
0
0
0
0
0
-1
1
0
0
0
0
0
0
0
0
1
1
0
0
0
-1
0
1
0
0
0
-1
-1
0
-1
-1
-1
0
0
0
1
0
0
0
1
0
0
1
0
0
1
2
1
1
1
1
1
1
1
1
2
1
1
1
1
1
1
1
1
1
1
1
1
0
0
0
0
0
0
-1
-1
0
-2
0
0
-1
-1
1
0
-1
0
-2
0
0
-1
0
-1
0
0
-2
-1
0
0
-1
-1
-1
-1
-1
-2
-1
-1
-1
-2
-1
-1
-2
-1
-1
-1
-1
-2
0
-1
-1
-1
0
0
0
0
0
0
0
0
2
0
-1
0
0
-1
0
0
-1
0
0
0
0
0
1
0
1
0
0
1
0
0
0
0
1
1
1
1
1
0
1
0
0
-2
0
0
0
1
-1
0
1
1
1
0
1
1
0
0
1
1
0
0
0
1
1
0
0
1
2
0
0
0
0
0
1
0
1
0
0
-1
1
0
1
1
0
0
1
0
-1
1
0
0
0
0
0
0
0
0
0
-1
-1
-1
-1
0
-1
-1
0
0
-2
-1
0
0
0
-1
-1
-2
-1
1
0
-1
0
-1
-1
-1
-1
-2
0
-1
-1
-1
0
-1
0
-2
-1
0
0
0
0
0
-1
0
0
1
0
0
1
0
1
0
1
0
1
1
1
1
2
2
1
2
0
1
1
1
1
1
2
1
1
1
3
2
2
3
1
2
1
0
0
2
1
1
2
0
1
0
1
0
1
0
1
0
0
0
-1
0
-1
-1
-1
-1
0
0
0
-1
0
-1
-1
-1
-1
0
-1
-2
-1
-1
-1
-1
-1
-2
-2
-2
-1
-2
-1
-2
-2
-3
-2
-1
-1
-2
-2
-2
-1
-1
-2
-1
-1
-1
0
0
0
0
-1
0
-1
1
0
-1
0
-1
0
0
0
1
0
1
0
1
1
1
0
0
0
0
0
1
0
0
0
0
1
1
1
-1
1
-1
1
0
0
0
0
0
1
2
3
3
2
3
3
2
1
1
0
-1
-1
-2
-1
-2
-1
-1
-1
-1
-1
-2
-3
-4
-3
-3
-2
-2
-3
-1
-1
0
0
-1
-2
-1
-1
1
2
0
0
1
0
1
0
1
0
0
2
2
1
1
2
2
3
2
3
3
2
2
3
3
3
2
3
3
2
1
0
0
0
0
1
1
1
0
-1
-2
-2
-2
-2
-2
-1
-1
-1
-1
-1
-1
-2
-2
-1
-2
0
0
0
-1
-2
-2
0
-1
0
0
-1
0
0
0
0
0
-1
-1
1
2
1
-1
-1
-2
-1
-1
-2
-1
-1
1
2
3
2
0
-1
0
2
4
5
5
5
5
4
2
2
3
4
7
7
8
5
3
1
1
-1
-3
-2
-1
-1
1
0
-3
-6
-8
-8
-8
-6
-3
-2
1
-1
-3
-3
-4
-6
-5
-1
1
3
5
5
2
0
-1
-2
-1
1
2
6
7
4
2
1
0
0
-1
1
1
2
3
2
1
0
3
6
10
12
12
9
6
2
0
-1
-3
-5
-2
1
2
1
-4
-6
-7
-6
-2
-4
-6
-8
-10
-11
-13
-16
-18
-19
-18
-16
-12
-9
-11
-13
-15
-18
-20
-21
-19
-17
-13
-9
-8
-9
-8
-7
-8
-6
-4
-2
1
5
6
6
3
2
2
5
8
10
11
10
9
6
5
5
6
9
14
14
14
13
10
9
11
11
10
12
13
15
15
14
8
6
6
11
15
17
16
12
12
11
11
10
7
6
8
12
14
11
7
3
3
5
6
6
4
1
1
0
0
-1
-2
-2
3
8
9
6
1
-4
-7
-8
-11
-12
-12
-10
-8
-7
-9
-15
-17
-14
-9
-7
-5
-6
-7
-11
-17
-22
-24
-24
-22
-19
-15
-10
-7
-6
-8
-14
-17
-18
-16
-13
-11
-10
-9
-9
-9
-10
-9
-9
-5
0
7
11
11
9
7
5
10
13
17
20
22
23
23
23
22
22
24
28
31
33
34
32
28
25
22
20
22
26
28
30
30
28
23
16
11
9
9
11
13
13
10
4
0
-4
-8
-13
-13
-10
-10
-10
-14
-17
-23
-27
-28
-28
-26
-25
-25
-25
-28
-30
-34
-36
-36
-35
-29
-22
-17
-17
-18
-20
-23
-23
-21
-20
-17
-14
-14
-11
-11
-10
-8
-7
-5
-2
3
9
11
8
5
3
1
3
4
3
5
9
10
9
4
-1
-6
-4
1
1
0
-2
-7
-12
-13
-19
-24
-25
-24
-20
-17
-17
-20
-25
-26
-24
-23
-17
-13
-12
-10
-10
-12
-12
-12
-10
-4
2
8
11
13
11
7
4
4
11
16
22
25
25
25
25
22
21
25
30
36
42
46
48
48
46
46
44
46
48
49
50
51
48
45
42
39
34
30
30
26
26
24
22
18
15
12
9
8
3
0
-3
-4
-9
-8
-6
-6
-5
-5
-6
-8
-13
-20
-24
-27
-27
-24
-21
-17
-12
-10
-10
-10
-13
-11
-9
-7
-4
-2
-1
-1
-4
-7
-11
-11
-9
-8
-4
0
-1
-3
-6
-11
-18
-23
-23
-20
-18
-12
-10
-12
-16
-22
-26
-29
-28
-27
-25
-21
-19
-20
-23
-25
-29
-28
-26
-25
-23
-24
-25
-28
-34
-40
-41
-42
-40
-35
-29
-24
-22
-23
-26
-28
-29
-26
-20
-15
-8
-1
4
5
5
5
4
5
8
12
16
19
22
25
27
29
30
33
37
42
45
46
48
45
44
42
39
37
38
39
43
44
46
46
43
40
32
28
28
28
29
27
23
18
14
7
-1
-7
-9
-10
-9
-6
-4
-2
-4
-7
-11
-12
-11
-14
-12
-11
-8
-4
-2
-3
-7
-12
-17
-20
-21
-17
-10
-4
1
2
-2
-11
-18
-23
-24
-19
-15
-10
-6
-5
-7
-12
-21
-28
-34
-32
-22
-10
0
6
7
2
-1
-4
-6
-1
6
10
12
11
6
-2
-14
-23
-30
-30
-28
-23
-17
-12
-14
-16
-22
-27
-28
-22
-14
-5
3
9
11
9
7
3
-1
-2
0
4
10
17
19
22
20
13
5
1
1
4
7
9
11
10
7
2
-1
-5
-8
-7
-3
4
9
17
24
26
23
20
16
12
15
18
26
29
32
31
24
15
7
2
0
0
5
10
15
14
8
2
1
1
5
9
14
17
19
20
18
16
15
14
11
12
11
16
20
22
22
17
13
7
3
-2
-2
-2
-1
1
1
-3
-9
-17
-26
-33
-36
-32
-25
-18
-13
-11
-13
-17
-20
-23
-25
-23
-22
-18
-16
-17
-24
-31
-40
-44
-44
-41
-32
-22
-15
-10
-9
-13
-18
-25
-26
-22
-16
-9
-3
-2
-1
-6
-13
-20
-23
-20
-10
1
11
18
21
20
18
14
11
12
18
28
34
37
36
34
27
22
16
15
20
24
31
36
37
36
33
29
25
20
18
16
15
12
8
1
-6
-13
-20
-23
-22
-23
-19
-13
-5
-2
-2
-8
-13
-20
-23
-23
-21
-17
-16
-19
-28
-41
-57
-67
-66
-59
-47
-36
-26
-19
-18
-20
-22
-23
-20
-13
0
13
21
20
11
0
-15
-25
-24
-13
6
29
47
56
56
46
29
14
8
11
25
43
56
64
56
39
19
2
-6
-4
10
30
45
53
54
47
31
16
1
-4
3
15
31
39
39
27
6
-19
-40
-51
-52
-39
-19
-2
10
12
2
-16
-37
-51
-52
-38
-15
12
31
34
20
-4
-29
-47
-50
-40
-15
14
37
47
42
23
-7
-29
-41
-31
-3
28
51
54
35
3
-25
-45
-48
-34
-6
23
44
50
39
15
-11
-34
-43
-38
-17
11
34
42
32
9
-15
-35
-42
-39
-24
-4
10
18
16
1
-16
-33
-44
-48
-39
-21
-4
9
8
-1
-14
-37
-54
-62
-54
-38
-15
6
17
21
10
-7
-26
-37
-36
-19
9
40
60
67
56
29
1
-22
-32
-22
4
31
52
59
46
17
-17
-43
-49
-36
-7
34
73
98
98
74
30
-18
-47
-51
-27
12
55
85
95
81
41
-8
-50
-66
-51
-9
44
93
111
91
41
-26
-84
-117
-111
-68
-3
60
103
107
67
-4
-78
-125
-130
-95
-32
36
86
100
71
16
-49
-101
-122
-99
-51
8
58
78
65
22
-38
-93
-122
-114
-77
-16
45
85
92
65
18
-38
-79
-96
-80
-40
12
60
86
79
40
-18
-72
-106
-110
-81
-29
23
58
67
50
12
-28
-61
-74
-62
-28
16
56
80
77
47
-1
-51
-87
-91
-52
5
54
80
75
43
-4
-56
-96
-110
-88
-38
25
78
102
91
46
-15
-77
-106
-88
-30
39
99
128
121
87
40
-7
-41
-46
-17
36
100
146
156
123
55
-21
-83
-108
-91
-37
29
84
115
118
97
52
1
-43
-62
-47
-3
62
119
144
120
48
-44
-112
-137
-112
-60
-2
35
47
39
12
-27
-65
-95
-102
-80
-35
13
42
41
6
-54
-105
-124
-95
-33
28
61
61
44
20
4
-7
-19
-26
-19
5
35
55
51
21
-26
-74
-107
-111
-76
-17
36
66
65
40
8
-20
-39
-49
-45
-27
3
34
53
48
23
-8
-43
-66
-66
-42
-2
41
69
76
58
16
-39
-94
-124
-120
-82
-28
25
50
48
28
-9
-49
-83
-97
-87
-52
-9
31
59
68
54
18
-20
-38
-25
12
51
71
71
59
39
25
20
25
40
57
72
83
85
78
65
46
20
1
-9
-6
8
16
21
15
-7
-32
-44
-42
-23
-2
4
1
-6
-4
8
19
16
0
-14
-12
4
20
22
6
-24
-60
-85
-93
-83
-71
-62
-65
-72
-74
-65
-45
-24
-9
-12
-21
-22
-14
6
39
59
64
53
39
30
26
26
18
12
16
26
44
70
88
93
85
71
60
64
85
103
102
81
42
10
-6
-5
7
9
-3
-24
-46
-60
-65
-66
-56
-34
-1
35
69
87
83
48
-13
-82
-125
-124
-86
-31
5
7
-16
-47
-85
-127
-164
-181
-162
-98
-6
78
122
118
70
-1
-72
-120
-120
-74
-8
50
84
90
78
54
22
-9
-39
-33
18
96
163
190
175
128
80
45
37
44
45
26
-15
-55
-80
-84
-74
-64
-69
-83
-88
-84
-79
-76
-90
-121
-145
-146
-127
-84
-36
-7
-15
-54
-101
-138
-147
-127
-86
-35
14
42
43
12
-43
-104
-147
-161
-141
-90
-18
42
68
40
-26
-92
-117
-82
-1
108
214
276
295
274
219
151
97
82
97
128
152
166
171
153
100
20
-46
-72
-43
38
134
190
182
129
53
-16
-55
-54
-16
38
73
73
46
13
-18
-48
-81
-102
-107
-75
-15
32
32
-23
-97
-151
-159
-121
-57
11
53
61
33
-13
-56
-76
-72
-48
-10
43
111
169
182
133
37
-59
-103
-60
53
185
275
284
226
145
75
24
-2
-5
24
84
152
201
201
145
28
-121
-243
-290
-241
-120
22
126
175
171
124
43
-61
-171
-246
-249
-173
-51
52
90
47
-74
-229
-353
-403
-367
-263
-142
-42
30
77
95
66
-34
-181
-294
-302
-203
-52
87
153
132
49
-55
-137
-183
-172
-109
-16
75
144
181
180
127
28
-66
-105
-68
26
132
198
194
148
107
104
137
162
161
125
95
102
126
128
64
-66
-199
-266
-244
-144
-22
73
95
30
-86
-197
-247
-217
-133
-43
12
38
47
45
18
-52
-148
-234
-276
-240
-143
-23
55
62
9
-73
-152
-205
-218
-196
-152
-91
-33
0
-4
-38
-79
-118
-152
-158
-113
-14
79
123
106
66
83
180
309
388
365
271
180
135
134
137
118
95
81
81
91
109
125
124
71
-21
-114
-122
-10
179
353
423
378
278
181
85
-2
-80
-117
-105
-49
30
98
133
106
22
-90
-180
-203
-169
-117
-90
-82
-71
-38
-2
4
-29
-101
-200
-296
-350
-331
-222
-59
91
167
156
82
7
-31
-36
-24
-9
10
36
71
116
162
196
188
116
-16
-159
-261
-285
-224
-94
60
190
250
218
111
-12
-83
-84
-16
86
179
242
270
249
202
147
98
52
-28
-137
-230
-238
-134
38
190
238
188
83
-16
-68
-80
-47
30
117
157
121
21
-94
-171
-184
-165
-129
-97
-95
-120
-160
-160
-90
66
234
299
232
82
-54
-113
-99
-66
-58
-79
-107
-118
-100
-47
19
76
95
52
-59
-173
-215
-164
-35
118
225
250
196
77
-66
-195
-272
-277
-212
-106
-18
20
4
-23
-32
-8
22
3
-71
-154
-194
-151
-46
66
146
160
114
27
-60
-121
-144
-130
-114
-99
-90
-66
-11
46
66
38
-22
-81
-107
-106
-78
-36
24
94
146
171
160
130
97
82
76
87
106
105
75
19
-46
-89
-84
-49
-15
-21
-85
-158
-173
-92
55
182
224
178
99
77
154
267
342
321
214
75
-50
-133
-163
-141
-84
-25
4
-9
-45
-68
-70
-46
-11
28
81
114
96
22
-96
-194
-226
-197
-147
-134
-170
-213
-218
-147
-29
88
158
141
30
-116
-205
-166
-4
189
287
226
41
-165
-286
-294
-234
-157
-90
-47
-48
-80
-102
-69
26
153
251
261
192
99
33
5
5
14
36
72
105
130
138
147
170
206
231
200
104
-11
-85
-81
-8
86
137
108
-16
-202
-371
-434
-337
-117
119
263
274
194
98
47
41
42
31
-1
-16
9
65
112
100
15
-108
-218
-292
-317
-282
-180
-21
133
207
176
56
-90
-183
-208
-167
-82
37
156
232
229
138
9
-104
-144
-82
47
168
219
165
56
-21
-15
43
73
42
-27
-74
-51
37
120
128
64
-35
-103
-113
-62
19
98
135
122
59
-20
-76
-104
-99
-65
-28
6
52
105
118
55
-73
-203
-258
-206
-91
20
89
120
140
173
181
109
-42
-210
-294
-271
-162
-34
56
94
89
66
43
20
-18
-70
-116
-160
-181
-133
0
169
288
296
172
-30
-192
-246
-190
-93
-3
60
106
154
193
215
204
150
79
3
-66
-130
-177
-172
-110
-6
101
149
116
-3
-167
-313
-378
-316
-162
36
205
282
266
186
100
63
76
125
135
89
-5
-95
-97
-3
154
268
270
157
-26
-201
-319
-334
-249
-91
101
229
256
204
111
48
32
58
84
102
108
108
139
192
259
317
310
243
99
-98
-274
-394
-387
-247
-48
126
179
73
-133
-320
-393
-318
-157
-24
8
-56
-142
-191
-191
-134
-54
-7
-23
-109
-219
-294
-280
-176
-39
60
87
46
-17
-59
-58
-24
-4
-15
-59
-126
-164
-164
-143
-77
27
145
260
294
212
31
-170
-262
-203
-5
248
422
443
315
86
-137
-266
-291
-229
-128
-37
29
72
108
139
140
110
31
-85
-165
-156
-64
84
204
260
230
119
-28
-170
-242
-247
-193
-85
43
122
129
68
-44
-159
-209
-161
-45
89
169
154
90
35
7
11
23
1
-20
-3
73
176
234
223
162
103
79
77
55
8
-38
-70
-50
6
55
55
12
-58
-139
-158
-90
29
149
227
230
177
99
31
-15
3
71
149
198
163
47
-95
-202
-244
-208
-110
-13
46
44
-34
-120
-156
-114
-18
66
95
54
-37
-120
-148
-120
-54
22
60
46
-32
-144
-226
-232
-150
-6
102
106
31
-98
-209
-242
-193
-66
86
181
161
34
-109
-228
-252
-190
-94
0
24
5
-27
-25
47
152
268
308
243
131
18
-37
1
114
268
403
475
450
310
87
-136
-305
-348
-264
-112
39
126
175
188
206
220
193
126
14
-100
-170
-153
-32
126
263
324
289
177
5
-146
-253
-299
-264
-171
-22
139
236
237
147
16
-102
-161
-165
-184
-222
-260
-269
-219
-90
41
128
175
134
39
-26
-53
-38
33
82
85
56
22
28
86
114
74
-58
-210
-319
-390
-322
-221
-98
40
139
239
293
258
156
18
-108
-181
-215
-159
-73
25
107
103
64
-59
-200
-304
-359
-289
-176
-42
57
89
101
60
43
10
-66
-77
-78
-65
-36
-39
-56
-55
-22
-40
-43
-55
-78
-13
40
77
89
40
-9
-54
-97
-118
-127
-76
-16
53
93
45
24
-38
-57
-58
-44
62
135
190
173
115
102
94
163
158
172
149
70
14
-109
-124
-136
-55
3
-85
-106
-226
-229
-131
-46
126
113
57
-44
-199
-153
-77
85
257
244
211
54
-41
-96
-124
-24
-8
61
62
-19
15
-23
18
87
85
110
58
-31
-153
-188
-79
30
176
242
171
140
95
-7
-64
-57
-37
161
275
362
383
256
239
126
73
95
9
3
-37
-128
-68
-28
84
152
149
-45
-176
-121
-74
90
135
113
161
226
275
192
119
-22
-117
-109
-101
-72
-73
-25
-54
-167
-216
-319
-297
-173
1
205
233
248
84
-37
-10
-42
-12
25
-65
-120
-182
-225
-226
-240
-174
-207
-212
-205
-317
-177
40
163
362
375
321
255
130
37
-114
-117
-157
-133
-66
-132
-168
-240
-179
-121
-78
-27
-58
14
25
-29
-40
-7
69
149
217
203
79
-137
-345
-525
-586
-440
-311
-57
170
210
227
130
79
-13
-25
27
-54
-54
-110
-163
-117
-121
-55
11
43
-4
-174
-299
-402
-261
-26
177
471
469
344
138
-65
-129
-178
7
106
189
232
127
68
-29
16
-33
14
175
69
17
-15
-19
204
324
320
210
-48
-130
-416
-345
-229
-191
256
373
504
472
218
176
-4
-54
-139
-316
-199
-98
55
200
193
141
117
117
79
47
29
-39
15
177
260
393
322
238
119
-27
-150
-310
-397
-367
-183
-26
170
240
131
13
-87
-174
-230
-198
-190
-58
158
113
137
77
-95
-123
-150
-118
-45
9
48
123
255
321
287
243
-34
-213
-328
-495
-505
-384
-314
-200
33
66
14
125
-20
-116
-21
-50
80
240
434
448
469
488
254
164
37
-119
-350
-543
-537
-590
-355
-111
-18
118
229
182
199
261
188
143
52
98
91
26
95
-12
-8
3
-5
-49
-244
-201
-442
-437
-336
-351
-62
146
366
365
271
252
-19
21
-14
-127
-43
-75
-15
7
-17
-117
-150
-115
-73
24
-133
-228
-212
-243
-25
91
140
144
127
99
48
-71
-186
-77
-53
22
157
55
44
176
236
360
309
289
250
121
107
-306
-574
-522
-476
-154
98
209
388
303
390
327
425
347
135
186
170
244
161
102
-34
-123
-170
-300
-431
-469
-470
-330
-70
41
227
226
169
202
-30
-161
-204
-274
-60
-76
53
92
67
130
-20
55
-115
-230
-160
-278
-165
-207
-318
-249
-306
-91
152
354
482
378
299
99
54
19
-207
-149
-134
-165
-36
-52
-157
-111
-223
-349
-380
-461
-521
-346
-159
116
416
359
462
451
253
304
37
-104
-168
-295
-168
-169
106
262
260
220
26
-103
-212
-180
-187
-161
4
223
440
605
732
433
276
169
-25
-63
-65
-122
-162
-5
-25
-39
70
-100
-50
50
140
234
92
-27
-109
-144
-111
-12
92
199
284
112
67
-6
-150
-98
-197
-35
86
-16
17
9
-210
-189
-193
-135
47
-100
-160
-187
-151
36
73
193
202
179
176
23
64
-94
-154
-99
-156
-70
33
5
-1
64
-34
-12
60
69
-32
-75
-28
-63
157
184
124
57
-16
-122
-153
-37
-17
155
264
264
299
95
-176
-405
-562
-474
-369
-212
-23
156
290
240
263
272
166
171
236
68
157
89
-225
-125
-140
-134
-159
-211
-370
-274
-217
-252
37
-78
-123
-154
-118
90
64
153
245
179
229
61
5
35
25
29
47
111
-54
-280
-331
-208
-156
-231
-147
-138
3
82
-18
156
227
112
270
119
102
28
-280
-197
-249
-135
-195
-305
-89
-83
-5
-24
-48
17
-66
23
78
175
177
154
54
115
51
-50
-42
-7
129
205
156
112
162
-26
-85
-86
-106
-67
-68
1
101
83
81
92
11
70
43
193
228
301
342
120
169
67
-55
24
16
35
-8
-63
-148
-161
-72
-115
3
-34
29
137
87
264
311
271
286
107
-114
-120
-333
-324
-10
-12
152
241
112
18
99
41
24
87
-70
87
117
83
138
-110
45
84
-4
-8
-273
-316
-256
-154
15
246
237
105
95
-53
-114
-75
-126
-141
-84
-82
21
-7
-106
-6
-170
1
210
201
273
123
-113
-186
-304
-318
-77
3
115
255
277
90
-97
-332
-699
-547
-460
-101
369
439
554
273
124
-80
-366
-283
-207
66
325
320
424
237
-70
-300
-500
-491
-525
-272
-68
15
98
10
-45
-115
-110
-149
-102
43
68
116
114
-27
-132
-256
-231
-178
-175
-55
55
80
43
1
-185
-279
-365
-459
-181
-24
165
297
345
330
189
91
-170
-263
-321
-311
-70
186
311
333
414
211
33
-134
-260
-242
-193
-49
66
209
408
297
275
329
52
133
131
44
161
114
163
132
262
169
46
160
42
156
226
91
189
84
-87
-35
-160
-91
40
121
112
188
160
13
35
-75
-29
-29
-5
76
81
120
138
86
-9
-54
-214
-216
-93
-24
42
154
139
89
71
-39
-35
-31
13
117
141
45
-9
-64
-144
-107
-175
-117
75
144
239
279
199
127
-25
-106
-136
-224
-186
-141
-97
-100
-156
-264
-266
-159
-135
-91
-39
-81
-110
-35
-55
-157
-252
-276
-367
-326
-248
-179
-50
-16
18
43
-31
-164
-268
-254
-99
16
110
165
85
-32
-138
-283
-311
-284
-276
-217
-31
96
167
196
133
83
-67
-141
-163
-77
35
143
281
314
330
249
113
78
36
6
50
80
125
173
88
61
-83
-82
76
131
253
331
330
308
272
214
219
190
289
412
476
447
350
215
31
-112
-288
-340
-325
-207
-30
128
224
190
136
5
-15
-66
-7
125
247
339
253
122
-66
-242
-332
-338
-235
-156
-61
20
28
-32
-121
-203
-171
-76
22
105
164
207
124
70
-51
-227
-364
-462
-453
-397
-328
-224
-184
-206
-278
-418
-418
-380
-255
-65
33
163
204
146
15
-104
-248
-394
-300
-232
-177
-91
-163
-260
-359
-442
-507
-528
-415
-303
-111
41
155
159
44
-74
-220
-255
-186
-97
37
258
321
254
79
-67
-133
-153
-14
142
337
474
516
535
520
534
533
643
779
839
844
787
729
671
612
566
569
606
674
729
774
792
799
830
841
878
831
805
869
957
1029
1062
947
708
402
85
-99
-182
-175
-113
29
167
324
384
336
203
-2
-89
-63
-17
125
242
262
237
104
-164
-541
-929
-1274
-1473
-1526
-1515
-1475
-1534
-1671
-1901
-2251
-2532
-2693
-2778
-2697
-2480
-2214
-2174
-2432
-2829
-3309
-3747
-4251
-4836
-5329
-5673
-5800
-5728
-5446
-4863
-4066
-3061
-1858
-520
912
2309
3575
4661
5552
6226
6654
6854
6888
6803
6599
6343
6036
5715
5437
5159
4886
4635
4423
4248
4072
3817
3343
2588
1659
651
-390
-1412
-2305
-2987
-3501
-3815
-3871
-3676
-3228
-2646
-1998
-1201
-306
620
1535
2402
3197
3836
4237
4393
4340
4122
3753
3276
2729
2212
1789
1370
923
407
-204
-842
-1446
-2103
-2781
-3429
-4030
-4502
-4773
-4907
-4869
-4703
-4478
-4164
-3807
-3364
-2827
-2272
-1771
-1355
-1095
-915
-828
-914
-1103
-1367
-1701
-2128
-2537
-2939
-3301
-3617
-3912
-3988
-3875
-3752
-3801
-4027
-4357
-4627
-4945
-5432
-5907
-6228
-6227
-5922
-5281
-4329
-3134
-1770
-442
907
2336
3838
5267
6520
7480
8184
8671
8817
8707
8413
7966
7395
6776
6185
5714
5363
5038
4713
4350
3943
3557
3143
2635
1916
982
-96
-1155
-2118
-3001
-3731
-4224
-4450
-4371
-3924
-3139
-2064
-853
353
1556
2775
3898
4801
5451
5875
6112
6094
5865
5477
4961
4356
3645
2875
2194
1694
1317
988
608
90
-610
-1509
-2572
-3730
-4845
-5801
-6536
-6998
-7105
-6827
-6252
-5529
-4711
-3815
-2865
-1898
-1052
-408
110
501
722
788
669
321
-219
-863
-1477
-1990
-2433
-2877
-3347
-3725
-3946
-4162
-4543
-5257
-6205
-7158
-8050
-8908
-9836
-10654
-11107
-11057
-10480
-9403
-7761
-5666
-3307
-840
1654
4209
6703
8868
10523
11670
12375
12744
12715
12269
11499
10486
9406
8360
7435
6730
6275
5934
5572
5134
4599
3981
3170
2017
500
-1233
-3020
-4653
-6049
-7199
-7905
-8153
-7869
-7043
-5677
-3842
-1688
513
2431
4065
5392
6438
7115
7288
7103
6704
6091
5331
4573
3879
3269
2750
2294
1969
1780
1501
1025
245
-833
-2044
-3336
-4644
-5824
-6871
-7682
-8193
-8305
-7911
-7102
-5972
-4674
-3260
-1776
-338
908
1856
2432
2641
2561
2186
1668
1091
423
-286
-1021
-1756
-2409
-3026
-3618
-4113
-4540
-4882
-5204
-5585
-6173
-7009
-7934
-8899
-9794
-10651
-11381
-11654
-11349
-10477
-9164
-7449
-5306
-2809
-139
2491
5051
7519
9737
11551
12846
13595
13902
13704
12979
11850
10503
9149
7902
6839
5988
5413
5023
4646
4201
3656
2987
2093
853
-803
-2690
-4591
-6346
-7825
-8964
-9576
-9463
-8595
-7146
-5291
-3123
-721
1728
3892
5640
7040
8148
8736
8650
8000
7087
6173
5110
3886
2704
1755
1060
529
168
65
129
50
-359
-1128
-2118
-3209
-4412
-5619
-6717
-7450
-7662
-7432
-6775
-5796
-4511
-3016
-1558
-148
1264
2640
3892
4730
5098
5059
4643
3915
2749
1298
-183
-1508
-2586
-3474
-4120
-4538
-4776
-4899
-4907
-4755
-4596
-4539
-4755
-5440
-6413
-7580
-8824
-10059
-11316
-12291
-12693
-12307
-11163
-9431
-7125
-4406
-1445
1593
4522
7371
9937
11928
13273
13910
14016
13701
12924
11758
10405
9050
7811
6736
5816
5132
4680
4280
3768
3085
2201
1161
-120
-1768
-3626
-5450
-7070
-8302
-9142
-9526
-9329
-8465
-7058
-5163
-2866
-327
2251
4583
6643
8265
9403
9986
9909
9334
8395
7181
5839
4342
2866
1575
349
-717
-1590
-2219
-2548
-2751
-2879
-2983
-3148
-3429
-4030
-4865
-5749
-6578
-7015
-7180
-6870
-6106
-5135
-3751
-2079
-223
1679
3546
5234
6559
7368
7518
7080
6181
4784
2981
1038
-861
-2541
-3948
-5036
-5700
-6013
-6103
-6042
-5818
-5413
-5082
-5057
-5285
-5873
-6743
-7926
-9347
-10494
-11378
-11948
-12101
-11754
-10578
-8795
-6614
-4031
-1129
2084
5276
8149
10675
12653
14030
14654
14368
13563
12354
10819
9102
7271
5657
4446
3592
3046
2812
2792
2853
2827
2568
2003
1170
94
-1348
-2994
-4667
-6103
-7038
-7610
-7766
-7360
-6357
-4791
-2731
-417
2031
4485
6719
8583
9865
10533
10468
9729
8414
6716
4993
3212
1419
-248
-1623
-2644
-3440
-4087
-4481
-4599
-4667
-4789
-4984
-5241
-5515
-5807
-6162
-6432
-6539
-6373
-5851
-5134
-4175
-3005
-1545
111
1805
3502
5042
6434
7418
7811
7646
7037
6036
4587
2840
895
-963
-2617
-4139
-5364
-6232
-6682
-6740
-6611
-6293
-5728
-5036
-4423
-4219
-4310
-4561
-5204
-6262
-7818
-9330
-10357
-11217
-11763
-11771
-10877
-9004
-6710
-4173
-1340
1788
4938
7624
9781
11562
12864
13583
13463
12648
11578
10211
8696
7117
5625
4559
3917
3573
3359
3268
3305
3310
3119
2567
1702
704
-472
-1990
-3668
-5300
-6496
-7051
-7193
-6852
-5904
-4336
-2271
-123
1920
3982
5994
7689
8766
9281
9461
9206
8381
6895
5122
3507
1890
212
-1489
-2953
-3830
-4508
-5172
-5699
-5967
-5848
-5707
-5598
-5358
-5050
-4734
-4596
-4478
-4099
-3479
-2625
-1613
-481
887
2303
3595
4777
5684
6347
6696
6620
6183
5442
4440
3228
1795
234
-1279
-2611
-3863
-5067
-6095
-6861
-7176
-7214
-7099
-6724
-6078
-5296
-4871
-4907
-4967
-5141
-5717
-6876
-8412
-9426
-9934
-10390
-10733
-10730
-9793
-8135
-6314
-4258
-1764
1309
4396
6874
8861
10616
12092
12947
12797
12158
11444
10528
9367
7842
6356
5285
4627
4128
3750
3608
3710
3887
3642
2851
1744
629
-626
-2231
-4002
-5540
-6391
-6766
-6979
-6803
-5875
-4168
-1977
186
2295
4545
6692
8322
9077
9261
9244
8945
8026
6455
4788
3398
1965
154
-1756
-3328
-4370
-5262
-6202
-6906
-7216
-7208
-7184
-7140
-6772
-6066
-5185
-4251
-3217
-1967
-686
485
1529
2466
3412
4300
5037
5611
6061
6383
6471
6240
5738
5096
4398
3589
2508
1227
-172
-1586
-2984
-4473
-5878
-7016
-7671
-7996
-8272
-8283
-7886
-7156
-6505
-6435
-6485
-6229
-6095
-6418
-7453
-8532
-8912
-9194
-9676
-10139
-9922
-8607
-6963
-5304
-3324
-718
2306
4873
6860
8746
10615
12149
12780
12503
11967
11257
10194
8730
7004
5640
4781
4105
3494
3076
3094
3425
3511
3069
2312
1585
910
-174
-1810
-3583
-4913
-5592
-6066
-6384
-6117
-4947
-3078
-1169
711
2879
5284
7356
8528
8988
9262
9372
8891
7617
5946
4451
2998
1279
-619
-2309
-3496
-4567
-5737
-6694
-7128
-7143
-7172
-7363
-7345
-6786
-5899
-4913
-3992
-3136
-2062
-838
420
1600
2725
3993
5258
6277
6908
7295
7584
7509
6883
5810
4618
3566
2427
929
-763
-2361
-3650
-4762
-5947
-6941
-7529
-7671
-7575
-7450
-7073
-6316
-5371
-4704
-4631
-4728
-4611
-4662
-5417
-6981
-8569
-9456
-10106
-10854
-11295
-10791
-9210
-7340
-5482
-3203
-301
2801
5313
7263
9097
10860
12204
12515
11952
11166
10374
9448
8157
6724
5677
5184
4880
4414
4028
4030
4289
4328
3755
2812
2002
1184
-95
-1860
-3635
-4857
-5543
-6134
-6512
-6119
-4822
-3080
-1415
250
2277
4573
6465
7456
7857
8128
8165
7506
6060
4433
3130
1818
143
-1591
-2838
-3547
-4247
-5133
-5768
-5861
-5754
-5761
-5926
-5904
-5483
-4910
-4288
-3566
-2713
-1557
-101
1374
2740
4069
5514
6880
7735
8004
8022
7967
7592
6559
5050
3552
2214
847
-752
-2346
-3688
-4769
-5675
-6557
-7171
-7442
-7445
-7294
-7172
-6809
-6083
-5228
-4520
-4283
-4365
-4319
-4251
-4678
-5786
-7308
-8447
-9069
-9807
-10458
-10598
-9814
-8317
-6756
-4850
-2252
763
3577
5728
7497
9308
10956
11978
12103
11545
10889
10178
9225
7987
6700
5922
5473
4989
4405
4026
3959
3799
3155
2200
1363
670
-244
-1690
-3273
-4513
-5339
-5916
-6305
-6157
-5220
-3742
-2074
-408
1525
3704
5620
6844
7381
7629
7748
7415
6424
5022
3701
2547
1397
271
-676
-1367
-2352
-3685
-4868
-5674
-6196
-6950
-7572
-7585
-7056
-6161
-5045
-3574
-1937
-311
1391
3250
5097
6577
7557
8177
8374
8133
7588
6852
5994
4803
3325
1948
759
-306
-1475
-2798
-3932
-4713
-5229
-5698
-6344
-6869
-7114
-7264
-7460
-7631
-7338
-6587
-5993
-6023
-6365
-6252
-5720
-5687
-6568
-7720
-8112
-7983
-8254
-8849
-9092
-8410
-7316
-6381
-5078
-2861
-47
2560
4632
6524
8639
10637
11908
12247
11999
11639
11061
10038
8579
7088
6006
5223
4478
3805
3419
3371
3362
2924
2137
1360
815
211
-930
-2351
-3486
-4090
-4520
-5041
-5272
-4720
-3515
-2189
-945
519
2483
4449
5810
6532
7072
7750
8021
7348
6078
4826
3737
2213
236
-1455
-2626
-3688
-5091
-6351
-6862
-7028
-7153
-7112
-6537
-5335
-4005
-2599
-1047
532
1988
3191
4138
4900
5386
5711
5863
5657
5177
4543
3988
3387
2542
1657
880
200
-466
-1363
-2460
-3617
-4796
-5855
-6847
-7695
-8194
-8308
-8028
-7691
-7235
-6317
-5004
-3605
-2737
-2405
-2021
-1567
-1750
-2935
-4791
-6351
-7332
-8519
-9804
-10595
-10311
-9186
-7968
-6377
-4012
-988
2045
4544
6739
8941
10869
12084
12277
11666
10934
10132
9140
7831
6468
5626
5152
4658
4117
3894
4138
4491
4417
3921
3366
2862
2023
379
-1646
-3462
-4735
-5689
-6725
-7296
-6969
-5908
-4527
-3095
-1275
1126
3586
5568
6901
7846
8520
8595
7793
6279
4614
3113
1496
-436
-2167
-3327
-4097
-4940
-5823
-5971
-5418
-4742
-4144
-3417
-2434
-1450
-694
-89
496
955
1423
1926
2307
2521
2688
3081
3478
3599
3642
3838
4107
4019
3343
2369
1417
382
-941
-2555
-4074
-5151
-5975
-6829
-7589
-7815
-7404
-6789
-6355
-5764
-4533
-3017
-1992
-1903
-2197
-2136
-2199
-3118
-5052
-7100
-8363
-9372
-10637
-11773
-11882
-10650
-8946
-7137
-4690
-1440
2066
4942
7064
9059
10939
12273
12687
12209
11445
10586
9495
8078
6533
5509
5139
4944
4574
4263
4426
4864
4844
4093
3086
2193
1287
-157
-2191
-4169
-5662
-6611
-7350
-7766
-7289
-5882
-3958
-2118
-336
1906
4373
6368
7496
7989
8416
8596
8015
6626
4954
3478
1988
207
-1702
-3237
-4141
-4813
-5393
-5614
-5366
-4824
-4361
-3951
-3196
-2206
-1312
-624
-81
521
1146
1665
2122
2490
2810
3185
3540
3834
3988
4034
4051
3900
3481
2697
1635
487
-815
-2349
-4034
-5534
-6543
-7219
-7825
-8294
-8276
-7766
-7192
-6604
-5698
-4404
-3255
-2875
-2996
-2941
-2988
-3718
-5299
-7053
-8048
-8811
-9765
-10656
-10773
-9599
-8019
-6428
-4439
-1678
1748
4862
7236
9333
11228
12638
13074
12432
11545
10607
9522
8200
6659
5510
4835
4337
3879
3572
3714
4284
4600
4317
3620
2802
1991
578
-1424
-3395
-4857
-5717
-6471
-6976
-6740
-5563
-3814
-1999
-76
2134
4556
6537
7712
8259
8513
8485
7776
6296
4555
3048
1643
-97
-2039
-3532
-4445
-5119
-5943
-6605
-6522
-5952
-5293
-4756
-4064
-2957
-1911
-1156
-626
-68
678
1293
1691
2034
2472
3018
3420
3618
3806
4027
4124
3998
3602
2963
2031
844
-407
-1740
-3243
-4696
-5974
-6933
-7604
-8092
-8049
-7639
-7049
-6303
-5309
-4034
-2883
-2317
-2338
-2386
-2593
-3215
-4582
-6443
-7800
-8907
-10014
-10938
-11236
-10353
-8900
-7308
-5249
-2450
894
3976
6361
8467
10465
12031
12773
12505
11860
11098
10079
8794
7222
5940
5224
4780
4456
4124
4068
4457
4747
4565
3942
3090
2351
1236
-480
-2322
-3912
-4968
-5876
-6769
-7080
-6488
-5169
-3593
-1919
198
2744
5140
6823
7786
8517
9100
8938
7706
5899
4251
2839
1067
-1140
-3033
-4116
-4741
-5364
-5827
-5637
-4878
-4127
-3626
-3094
-2313
-1549
-1092
-813
-404
199
898
1473
1921
2380
2880
3429
3736
3773
3729
3620
3397
2924
2084
1091
54
-1208
-2528
-3988
-5319
-6311
-7229
-7951
-8414
-8463
-8040
-7535
-7079
-6150
-4828
-3486
-2605
-2574
-2468
-2492
-3162
-4496
-6452
-7720
-8508
-9555
-10587
-11181
-10379
-8695
-7137
-5277
-2627
769
4135
6550
8595
10726
12358
13178
12890
12187
11541
10446
8978
7294
5867
5030
4415
3878
3537
3517
3957
4384
4311
3944
3340
2651
1562
-181
-2029
-3616
-4769
-5636
-6384
-6551
-5783
-4325
-2566
-831
1106
3452
5606
7093
7762
8020
8247
7906
6808
5229
3596
2274
706
-1181
-2910
-4162
-4824
-5511
-6199
-6325
-5912
-5321
-4966
-4706
-4136
-3333
-2540
-1882
-1224
-402
577
1486
2292
2935
3662
4407
5048
5494
5619
5704
5560
5010
4011
2728
1340
-92
-1694
-3323
-4775
-6026
-6986
-7886
-8547
-8724
-8416
-7702
-6910
-6107
-4950
-3687
-2669
-2375
-2794
-2978
-3244
-4017
-5449
-7256
-8349
-9112
-10151
-10926
-11018
-9915
-8208
-6587
-4403
-1623
1500
4364
6556
8622
10506
11814
12433
12188
11577
10887
9788
8447
6922
5612
4863
4350
3993
3758
3733
4027
4125
3819
3334
2683
2011
1043
-442
-1976
-3400
-4404
-5223
-5980
-5977
-5021
-3481
-1723
43
2034
4290
6103
7211
7753
8000
8050
7461
6134
4548
3037
1633
86
-1502
-2631
-3131
-3505
-3934
-4351
-4498
-4360
-4525
-4710
-4748
-4549
-4110
-3658
-2990
-2095
-1081
116
1423
2680
3973
5123
6130
6876
7022
6767
6124
5221
4137
2689
1075
-509
-1962
-3325
-4668
-5942
-6847
-7390
-7860
-8176
-8269
-7965
-7312
-6677
-6053
-5270
-4256
-3198
-2518
-2445
-2498
-2467
-2882
-3976
-5646
-7044
-7928
-9024
-10054
-10525
-9991
-8704
-7366
-5620
-3196
-324
2497
4893
6957
8953
10547
11502
11704
11288
10831
10087
9091
7929
6764
6091
5575
5000
4575
4410
4516
4616
4281
3771
3264
2575
1616
139
-1418
-2734
-3834
-4763
-5534
-5760
-5216
-4157
-2801
-1168
768
2886
4674
5971
6917
7485
7627
7129
6125
4847
3461
2076
642
-662
-1728
-2489
-3043
-3564
-4002
-4271
-4441
-4646
-4872
-4937
-4742
-4338
-3790
-3121
-2299
-1296
-99
1340
2783
4037
5151
6085
6845
7059
6696
5983
5060
3973
2621
1080
-506
-2018
-3455
-4851
-6051
-6882
-7324
-7510
-7659
-7561
-7042
-6439
-5938
-5486
-4802
-3861
-3006
-2359
-1974
-1986
-2160
-2486
-3264
-4364
-5784
-7032
-7844
-8798
-9648
-10113
-9920
-8967
-7820
-6221
-3939
-1194
1743
4303
6507
8618
10251
11278
11586
11347
11133
10665
9827
8789
7586
6822
6321
5780
5372
5121
5171
5204
4804
4025
3056
1873
443
-1248
-2790
-3906
-4727
-5309
-5750
-5687
-4897
-3743
-2405
-931
895
3063
4949
6122
6709
6976
6842
6276
5134
3895
2934
1975
1053
-30
-949
-1520
-2064
-2484
-2920
-3173
-3217
-3430
-3689
-4056
-4369
-4463
-4470
-4139
-3434
-2443
-1126
269
1620
2896
3965
5011
5788
6042
5941
5478
4809
3702
2037
275
-1351
-2784
-4115
-5321
-6114
-6453
-6695
-6852
-6833
-6499
-5876
-5394
-4890
-4241
-3542
-2902
-2505
-2126
-1651
-1250
-1306
-1640
-2010
-2692
-3647
-5159
-6689
-7693
-8626
-9485
-10063
-9996
-9116
-7857
-6406
-4506
-2117
565
3110
5346
7505
9401
10854
11634
11718
11672
11354
10735
9886
8877
8154
7608
6993
6383
5896
5553
5191
4534
3713
2796
1716
453
-1094
-2624
-3934
-4986
-5727
-6233
-6312
-5798
-4850
-3540
-1975
-289
1495
3129
4447
5477
5939
5987
5679
4949
4141
3100
2082
1333
657
155
-228
-470
-606
-913
-1412
-1965
-2546
-3216
-3952
-4605
-4909
-4963
-4647
-3937
-2857
-1406
159
1767
3225
4443
5331
5694
5605
5105
4272
3211
1923
480
-893
-2156
-3247
-4150
-4838
-5178
-5431
-5448
-5329
-5086
-4650
-4327
-4063
-3894
-3765
-3486
-3252
-3098
-2764
-2443
-2071
-1894
-1987
-1974
-2440
-3384
-4616
-5927
-6896
-8037
-9275
-10082
-10318
-9766
-8875
-7634
-5685
-3267
-522
2175
4667
7234
9471
10983
11843
12077
12151
11854
10945
9847
8767
7940
7229
6430
5879
5666
5535
5372
4836
4160
3385
2132
548
-1338
-3154
-4636
-5951
-6860
-7262
-7049
-6236
-5116
-3696
-1874
58
1904
3448
4653
5639
6143
6157
5799
5232
4489
3639
2857
2187
1536
855
343
-47
-323
-666
-1121
-1620
-2223
-2806
-3420
-3902
-4252
-4398
-4309
-3942
-3231
-2211
-918
313
1503
2660
3676
4298
4397
4119
3639
2876
1665
343
-886
-1826
-2687
-3562
-4168
-4483
-4545
-4623
-4690
-4547
-4261
-3968
-3789
-3664
-3364
-3085
-2953
-2791
-2537
-2008
-1538
-1223
-990
-870
-905
-1588
-2758
-4227
-5676
-7001
-8481
-9799
-10645
-10738
-10182
-9126
-7468
-5063
-2171
787
3687
6413
8865
10607
11551
11853
11727
11373
10682
9808
8851
7978
7338
6871
6484
6195
5996
5782
5412
4687
3655
2294
577
-1403
-3483
-5298
-6732
-7670
-8071
-7924
-7115
-5806
-4127
-2237
-280
1716
3537
4878
5637
5939
5949
5620
4947
4177
3579
3297
3153
3028
3061
3096
2961
2604
1988
1235
145
-1391
-3105
-4880
-6385
-7491
-8255
-8416
-7870
-6536
-4560
-2427
-251
1830
3604
4860
5406
5492
5205
4478
3355
1931
469
-702
-1667
-2416
-2814
-2883
-2605
-2315
-2055
-1977
-2147
-2550
-3178
-3825
-4384
-4755
-4955
-4936
-4624
-4044
-3171
-2133
-1091
-68
682
1067
1078
307
-1168
-3152
-5465
-7526
-9613
-11402
-12413
-12551
-11572
-9956
-7718
-4775
-1409
1948
4956
7497
9711
11353
12088
12036
11380
10692
9800
8713
7728
6995
6817
6827
6855
6998
7147
7103
6662
5607
4164
2380
177
-2214
-4697
-6787
-8241
-9016
-9023
-8360
-6948
-4948
-2710
-447
1615
3294
4472
5013
5098
4807
4185
3522
3007
2754
2805
2991
3395
4078
4665
4949
4669
3971
2951
1457
-475
-2827
-5198
-7291
-8952
-9920
-10143
-9525
-8171
-6383
-4285
-1917
438
2418
3770
4545
4920
4901
4422
3485
2440
1478
659
67
-312
-358
-264
-274
-534
-1056
-1649
-2378
-3308
-4340
-5302
-5830
-5840
-5634
-5173
-4399
-3354
-2049
-779
354
1478
2233
2435
2154
1317
285
-1249
-3393
-5622
-7774
-9358
-10592
-11669
-12046
-11533
-10077
-8082
-5873
-3281
-449
2199
4330
5936
7357
8489
9039
9187
9105
9297
9705
9893
10084
10294
10591
10829
10550
9849
8869
7519
5759
3497
1143
-936
-2860
-4619
-6255
-7390
-7701
-7434
-6754
-5807
-4497
-2842
-1215
55
935
1672
2316
2702
2769
2785
2990
3555
4235
4882
5662
6341
6833
6933
6589
5971
4900
3106
777
-1687
-3929
-5740
-7455
-8890
-9675
-9704
-8998
-7898
-6427
-4737
-3054
-1550
-342
768
1657
2070
2143
2006
1936
2024
2078
2186
2391
2568
2586
2306
1827
1168
193
-1121
-2588
-3860
-4789
-5429
-5797
-5807
-5294
-4318
-3303
-2314
-1265
-234
558
944
865
710
466
-251
-1103
-2015
-2760
-3388
-4478
-5657
-6701
-7523
-8104
-8848
-9421
-9497
-9149
-8277
-6989
-5147
-2738
-278
2015
4136
6211
8271
9846
10863
11387
11567
11628
11334
10821
10201
9524
8873
8070
7203
6295
5330
4245
2812
1164
-484
-2017
-3331
-4579
-5753
-6520
-6874
-6804
-6381
-5673
-4470
-3009
-1512
-150
1081
2353
3440
4247
4770
5113
5585
6098
6495
6735
6802
6783
6511
5831
4783
3450
2071
539
-1218
-3041
-4871
-6326
-7528
-8566
-9192
-9409
-9095
-8413
-7511
-6238
-4636
-2882
-1245
170
1458
2562
3451
3994
4159
4185
4085
3875
3521
3006
2463
1901
1196
305
-679
-1556
-2371
-3197
-3990
-4628
-4895
-4893
-4648
-4177
-3466
-2629
-1921
-1368
-1017
-729
-532
-532
-570
-695
-901
-1104
-1441
-1760
-2292
-3389
-4779
-6269
-7428
-8252
-9094
-9734
-9878
-9275
-7957
-6151
-3929
-1383
1263
3661
5672
7500
9078
10173
10656
10525
10229
10016
9800
9466
9099
8810
8588
8257
7649
6932
6111
4923
3172
1049
-1041
-2765
-4145
-5338
-6197
-6482
-6125
-5380
-4450
-3337
-2068
-789
210
872
1546
2392
3254
3812
4137
4565
5228
5920
6312
6537
6751
6775
6377
5462
4297
3067
1582
-269
-2263
-4031
-5445
-6659
-7817
-8712
-9080
-8958
-8533
-7940
-7126
-6048
-4846
-3725
-2635
-1442
-184
955
1767
2371
2944
3568
4001
4053
3832
3536
3163
2567
1744
814
-157
-1288
-2540
-3648
-4346
-4634
-4645
-4538
-4185
-3469
-2556
-1707
-1121
-715
-409
-315
-444
-693
-872
-823
-845
-1044
-1123
-1011
-750
-800
-1654
-2920
-4308
-5684
-7056
-8502
-9456
-9629
-9115
-8052
-6487
-4232
-1492
1081
3140
4727
6232
7570
8301
8472
8339
8282
8424
8576
8796
9277
9829
10134
9890
9083
8031
6713
4927
2783
606
-1239
-2649
-3721
-4454
-4741
-4638
-4330
-3931
-3453
-2827
-2144
-1569
-1176
-882
-450
198
1043
2002
3015
4272
5627
6771
7564
7861
7797
7200
5912
4172
2271
600
-924
-2498
-3877
-4994
-5705
-6178
-6651
-6811
-6739
-6693
-6670
-6664
-6332
-5627
-4808
-3806
-2520
-907
845
2424
3753
4660
5108
5081
4553
3838
3059
2241
1403
540
-203
-759
-1221
-1692
-2124
-2478
-2828
-3169
-3476
-3672
-3739
-3737
-3517
-2987
-2193
-1280
-367
496
1128
1429
1316
903
530
108
-358
-678
-975
-1135
-1543
-2713
-4123
-5458
-6584
-7521
-8625
-9445
-9532
-9107
-8289
-7154
-5493
-3232
-969
987
2686
4312
5865
6884
7319
7530
7772
8202
8614
8956
9437
9958
10251
10096
9461
8565
7467
6047
4294
2327
460
-1132
-2495
-3606
-4393
-4656
-4386
-3890
-3337
-2781
-2217
-1648
-1295
-1141
-885
-387
366
1226
2055
2970
3941
4703
5132
5249
5177
4952
4372
3457
2463
1539
731
-118
-979
-1632
-2118
-2546
-3077
-3772
-4487
-5172
-5745
-6114
-6178
-5812
-5057
-3982
-2765
-1547
-352
742
1546
1956
2034
1914
1655
1271
811
390
240
328
526
719
816
783
489
-132
-980
-1830
-2473
-2854
-2957
-2706
-2072
-1151
-266
337
735
953
913
494
-250
-1014
-1556
-1952
-2362
-2564
-2280
-1548
-873
-1000
-1937
-3187
-4578
-6130
-7961
-9646
-10453
-10282
-9369
-7870
-5697
-2932
-251
1768
3182
4434
5666
6420
6510
6345
6376
6791
7341
7919
8798
9904
10804
11058
10556
9594
8305
6486
4156
1736
-251
-1575
-2442
-3027
-3255
-3123
-2847
-2777
-3001
-3245
-3425
-3658
-4063
-4393
-4240
-3560
-2487
-1097
581
2477
4140
5161
5650
5797
5681
5233
4442
3653
3166
2871
2564
2156
1768
1372
681
-373
-1583
-2717
-3739
-4769
-5743
-6374
-6540
-6312
-5750
-4921
-3896
-2877
-2095
-1538
-1113
-851
-796
-810
-612
-100
544
1141
1662
2077
2252
2097
1684
1239
794
229
-360
-810
-994
-901
-736
-394
264
984
1567
1706
1369
834
-21
-1201
-2419
-3361
-3677
-3464
-3000
-2228
-1300
-635
-857
-2253
-4176
-6009
-7578
-8982
-10187
-10539
-9720
-8126
-6081
-3718
-1076
1484
3179
3893
4168
4401
4584
4519
4495
5046
6295
7868
9285
10384
11195
11456
10950
9700
7931
6077
4236
2417
838
-344
-993
-1173
-1226
-1358
-1604
-1992
-2563
-3406
-4470
-5445
-6049
-6180
-5886
-5085
-3646
-1722
271
1998
3382
4504
5265
5490
5271
4862
4420
3946
3506
3294
3481
3884
4040
3706
2928
1833
413
-1375
-3330
-5013
-6220
-7015
-7424
-7331
-6813
-6119
-5518
-5103
-4590
-3948
-3257
-2611
-1986
-1206
-277
665
1579
2412
3111
3599
3790
3706
3396
2884
2217
1487
853
457
298
318
350
301
159
-75
-308
-469
-613
-751
-872
-1067
-1330
-1742
-2279
-2643
-2737
-2656
-2506
-2339
-1968
-1423
-1175
-1756
-3214
-4916
-6368
-7528
-8507
-9233
-9239
-8366
-7067
-5535
-3720
-1671
312
1737
2559
3230
3999
4702
5208
5728
6586
7824
9093
10044
10676
11032
10856
9904
8386
6744
5264
3819
2228
742
-310
-1017
-1677
-2438
-3199
-3769
-4247
-4779
-5283
-5569
-5559
-5322
-4838
-3989
-2652
-967
683
2100
3284
4220
4929
5362
5562
5720
5832
5923
5937
5752
5371
4668
3660
2452
1125
-143
-1421
-2811
-4182
-5410
-6302
-6770
-6900
-6667
-6164
-5514
-4798
-4113
-3473
-2970
-2585
-2115
-1416
-460
587
1563
2438
3127
3504
3527
3311
2983
2647
2288
1904
1555
1213
844
349
-210
-689
-1092
-1412
-1696
-1891
-1820
-1606
-1390
-1182
-1005
-899
-976
-1335
-1934
-2629
-3215
-3603
-3767
-3582
-2945
-1933
-893
-438
-940
-2248
-3915
-5474
-6780
-7795
-8334
-8134
-7157
-5609
-3764
-1857
-148
1130
1862
2190
2495
3006
3645
4364
5220
6271
7580
8921
9966
10525
10428
9667
8410
6887
5369
3984
2750
1678
808
185
-308
-821
-1487
-2385
-3350
-4201
-4834
-5142
-5130
-4736
-3904
-2778
-1445
6
1436
2691
3505
3833
3932
4027
4212
4398
4562
4788
5023
5129
4970
4463
3640
2515
1167
-214
-1408
-2333
-3131
-3924
-4706
-5325
-5644
-5813
-6039
-6269
-6330
-6066
-5564
-5045
-4427
-3489
-2238
-922
276
1396
2431
3170
3408
3214
2973
2900
2869
2835
2809
2859
2903
2657
2057
1278
505
-233
-1085
-1981
-2634
-2896
-2850
-2701
-2462
-2035
-1479
-1066
-968
-1159
-1540
-2071
-2746
-3371
-3611
-3342
-2623
-1612
-417
722
1187
455
-1344
-3523
-5422
-6896
-7981
-8336
-7607
-5873
-3732
-1746
-27
1320
2042
1985
1443
1063
1230
1861
2842
4167
5880
7726
9152
9788
9569
8699
7376
5782
4225
3040
2380
2169
2170
2195
2176
1975
1373
271
-1245
-2835
-4051
-4696
-4766
-4306
-3384
-2115
-761
359
1086
1490
1674
1652
1491
1472
1886
2711
3621
4353
4871
5187
5158
4646
3704
2522
1339
292
-553
-1119
-1407
-1579
-1867
-2452
-3379
-4477
-5552
-6529
-7329
-7727
-7468
-6497
-5044
-3430
-1833
-334
938
1825
2264
2367
2339
2286
2231
2245
2415
2791
3317
3800
3952
3664
2957
1989
864
-376
-1540
-2422
-2866
-2901
-2637
-2192
-1717
-1386
-1335
-1543
-1895
-2353
-2925
-3514
-3939
-4079
-3933
-3540
-2902
-1991
-901
126
865
1040
343
-1255
-3350
-5269
-6532
-7124
-7182
-6704
-5627
-4126
-2642
-1525
-827
-421
-140
152
636
1473
2670
4107
5587
6954
8119
9003
9445
9244
8390
7210
6195
5619
5405
5350
5329
5252
4962
4265
3139
1715
157
-1390
-2820
-3961
-4602
-4674
-4267
-3621
-2986
-2457
-2027
-1656
-1361
-1225
-1202
-1117
-726
108
1245
2453
3511
4248
4608
4573
4223
3673
2985
2259
1671
1374
1346
1319
1021
405
-435
-1444
-2611
-3849
-4972
-5784
-6193
-6170
-5665
-4705
-3514
-2412
-1626
-1116
-711
-329
42
416
880
1555
2382
3131
3633
3862
3838
3534
2902
2031
1154
422
-174
-676
-1043
-1167
-1084
-990
-1017
-1212
-1587
-2149
-2879
-3625
-4145
-4315
-4180
-3839
-3373
-2841
-2352
-1998
-1752
-1543
-1335
-1103
-813
-420
-4
129
-333
-1398
-2749
-3973
-4846
-5320
-5377
-4973
-4107
-2942
-1781
-893
-373
-153
-73
81
480
1161
2006
2832
3593
4420
5403
6379
7049
7313
7330
7288
7198
6961
6591
6216
5886
5570
5213
4795
4270
3471
2305
944
-280
-1118
-1572
-1777
-1811
-1694
-1512
-1429
-1539
-1804
-2141
-2475
-2693
-2608
-2120
-1362
-596
-15
375
628
708
566
233
-123
-313
-314
-186
1
181
297
276
85
-250
-676
-1133
-1537
-1791
-1858
-1733
-1450
-1077
-675
-364
-278
-416
-666
-909
-1059
-1117
-1062
-854
-517
-181
15
-33
-330
-791
-1302
-1733
-1990
-2057
-1937
-1680
-1356
-1016
-716
-526
-490
-529
-493
-315
-40
217
430
629
777
857
894
980
1173
1408
1599
1724
1843
1942
1933
1762
1483
1199
940
667
343
-6
-320
-632
-993
-1393
-1801
-2134
-2386
-2571
-2600
-2429
-2083
-1688
-1365
-1161
-1069
-1126
-1347
-1680
-1989
-2160
-2147
-1963
-1655
-1238
-799
-432
-199
-70
21
107
210
349
585
892
1164
1322
1393
1443
1472
1466
1485
1668
2039
2485
2838
3094
3295
3393
3344
3142
2909
2729
2575
2402
2267
2196
2149
2045
1829
1567
1331
1154
1041
989
1009
1097
1231
1400
1579
1716
1719
1536
1212
816
409
30
-326
-613
-777
-802
-711
-570
-412
-277
-258
-396
-700
-1125
-1614
-2160
-2741
-3294
-3749
-4059
-4237
-4291
-4223
-4066
-3861
-3647
-3419
-3151
-2844
-2547
-2280
-1981
-1547
-987
-419
56
396
656
873
973
946
829
674
498
318
192
196
323
488
591
587
502
339
48
-345
-723
-953
-958
-747
-382
70
526
906
1153
1246
1246
1207
1132
981
741
455
219
65
-37
-99
-125
-127
-140
-195
-297
-428
-583
-730
-824
-843
-792
-684
-554
-453
-434
-487
-551
-585
-580
-514
-344
-83
233
554
853
1134
1389
1630
1849
2049
2201
2270
2223
2058
1795
1494
1212
994
846
802
874
1027
1219
1422
1630
1837
2019
2148
2230
2255
2232
2171
2081
1984
1863
1698
1530
1414
1333
1226
1018
722
412
137
-109
-324
-476
-561
-661
-874
-1206
-1598
-1989
-2389
-2808
-3173
-3368
-3385
-3321
-3222
-3070
-2855
-2626
-2418
-2217
-2003
-1812
-1735
-1773
-1843
-1872
-1859
-1838
-1784
-1630
-1369
-1045
-748
-543
-402
-339
-393
-556
-745
-901
-1032
-1164
-1268
-1243
-1073
-802
-478
-89
375
828
1166
1383
1535
1661
1757
1796
1836
1932
2071
2170
2144
1979
1702
1336
891
443
92
-88
-129
-87
9
183
393
554
604
545
442
304
156
33
-39
-78
-141
-233
-312
-344
-309
-217
-74
103
259
342
339
238
50
-183
-418
-569
-579
-462
-268
-68
99
224
289
319
355
445
606
822
1066
1365
1698
1981
2173
2252
2250
2167
2002
1786
1574
1430
1369
1353
1368
1392
1391
1297
1056
677
224
-222
-600
-870
-975
-897
-737
-578
-475
-413
-380
-383
-403
-402
-357
-302
-286
-346
-500
-753
-1080
-1409
-1653
-1799
-1860
-1882
-1898
-1919
-1954
-2007
-2048
-2056
-2025
-1955
-1851
-1717
-1562
-1385
-1205
-1011
-812
-612
-462
-430
-505
-654
-809
-927
-952
-855
-624
-319
-19
240
449
598
664
654
584
493
367
219
53
-135
-327
-492
-585
-545
-348
-60
227
442
558
573
499
351
201
122
161
300
499
754
1039
1318
1531
1640
1647
1552
1312
892
375
-126
-436
-438
-129
414
996
1443
1608
1484
1142
723
412
331
547
1002
1562
2024
2203
2045
1644
1149
730
479
395
437
473
359
9
-500
-988
-1220
-1063
-533
236
1028
1633
1911
1847
1514
1048
572
227
73
49
23
-120
-421
-813
-1178
-1422
-1491
-1364
-1100
-820
-639
-634
-779
-963
-1082
-1095
-1004
-869
-775
-761
-835
-954
-1079
-1167
-1212
-1213
-1156
-1041
-890
-755
-651
-567
-451
-262
-49
96
125
66
-23
-108
-149
-133
-49
39
24
-142
-405
-695
-986
-1244
-1440
-1534
-1519
-1431
-1329
-1231
-1121
-971
-742
-451
-170
29
127
157
176
237
404
648
881
1040
1101
1050
881
598
251
-15
-99
-5
199
408
532
549
488
413
400
496
660
803
847
769
603
386
146
-73
-215
-238
-147
42
290
541
748
868
891
840
744
631
558
584
749
1052
1420
1759
2009
2123
2056
1806
1418
981
596
337
257
369
605
870
1095
1236
1261
1136
858
505
181
-37
-125
-95
24
160
243
231
133
-21
-209
-420
-639
-840
-997
-1089
-1098
-1023
-913
-809
-760
-779
-831
-875
-874
-838
-787
-746
-747
-823
-989
-1238
-1524
-1773
-1897
-1865
-1660
-1347
-1079
-960
-1053
-1310
-1611
-1838
-1912
-1810
-1519
-1078
-616
-285
-183
-308
-591
-946
-1261
-1443
-1404
-1167
-838
-486
-142
185
458
675
834
952
1031
1025
927
783
664
627
675
778
914
1039
1140
1182
1144
1058
975
917
882
849
760
605
403
195
52
37
187
484
853
1192
1409
1434
1284
1009
681
417
296
306
409
572
756
902
953
883
697
429
107
-220
-509
-739
-874
-919
-822
-570
-236
86
327
453
462
349
141
-68
-172
-121
68
339
622
861
1010
1057
1005
864
659
407
150
-75
-253
-392
-501
-587
-646
-667
-638
-545
-399
-224
-83
-31
-48
-106
-158
-178
-138
-13
154
323
439
470
411
247
-32
-397
-755
-998
-1078
-1016
-868
-676
-516
-447
-504
-689
-930
-1182
-1406
-1541
-1524
-1346
-1040
-689
-386
-178
-65
-40
-87
-171
-248
-243
-151
-46
22
30
0
-53
-158
-282
-382
-414
-359
-266
-194
-159
-156
-208
-313
-419
-469
-422
-285
-84
177
499
850
1127
1238
1174
984
744
523
373
336
405
571
776
948
1030
961
755
467
177
-46
-188
-216
-185
-138
-76
17
140
250
324
359
358
318
247
182
138
125
121
117
121
125
112
93
118
214
342
450
496
480
386
200
-38
-240
-314
-227
1
306
601
791
812
671
438
205
43
-53
-88
-74
-15
66
120
125
68
-12
-109
-224
-332
-423
-498
-569
-631
-629
-542
-393
-230
-122
-81
-108
-194
-311
-435
-532
-605
-650
-645
-575
-439
-278
-139
-32
56
131
181
206
205
166
83
-41
-163
-258
-306
-314
-314
-324
-363
-435
-513
-586
-652
-689
-682
-613
-498
-354
-195
-54
56
122
145
157
208
287
359
389
385
390
411
442
475
517
561
566
502
405
315
225
123
-19
-166
-268
-299
-260
-197
-113
-3
123
221
260
239
181
95
-27
-154
-224
-182
-46
151
364
538
631
627
544
415
253
103
12
4
81
205
321
373
310
123
-124
-352
-514
-577
-550
-460
-319
-159
-24
67
128
186
263
360
478
580
624
558
372
108
-180
-447
-666
-778
-768
-664
-504
-323
-143
-2
43
-25
-161
-319
-427
-438
-313
-67
208
421
557
627
603
479
274
46
-134
-244
-312
-338
-316
-273
-246
-255
-283
-284
-246
-183
-112
-50
5
36
26
-4
-44
-83
-101
-67
43
209
376
479
486
404
269
123
-4
-104
-150
-106
46
264
459
580
604
542
410
225
32
-144
-245
-246
-171
-59
39
68
16
-95
-232
-361
-446
-472
-434
-315
-139
48
202
283
280
211
129
56
-14
-71
-101
-97
-63
-46
-68
-141
-233
-299
-334
-311
-214
-47
159
353
463
426
251
-30
-335
-576
-697
-672
-499
-227
48
217
245
127
-81
-288
-427
-440
-314
-63
241
491
638
655
542
351
134
-50
-148
-153
-81
32
153
233
206
79
-117
-288
-376
-391
-360
-273
-108
94
258
323
268
110
-73
-207
-229
-122
102
392
635
745
671
433
88
-290
-594
-733
-675
-461
-167
134
364
467
427
281
98
-54
-133
-99
34
225
416
548
586
536
403
209
-5
-173
-260
-267
-205
-116
-23
29
22
-22
-76
-136
-201
-239
-213
-129
-33
33
31
-55
-210
-380
-497
-528
-438
-225
83
419
692
823
791
641
407
149
-66
-171
-146
-19
138
251
273
185
-6
-246
-453
-573
-601
-541
-415
-267
-122
-20
11
-5
-45
-118
-212
-290
-306
-261
-177
-82
-4
42
26
-36
-88
-104
-76
-23
61
157
218
220
144
11
-128
-232
-275
-258
-188
-63
75
158
164
109
27
-56
-141
-218
-264
-246
-176
-91
-7
43
50
4
-75
-140
-153
-102
-7
123
282
442
566
627
598
479
319
175
81
54
83
140
193
218
195
123
34
-55
-126
-164
-161
-108
-10
98
173
177
122
43
-50
-134
-192
-218
-212
-179
-114
-39
37
93
112
106
96
96
109
117
123
137
157
163
113
25
-62
-114
-116
-72
47
224
399
534
597
568
444
244
8
-200
-320
-358
-331
-267
-224
-221
-271
-368
-485
-572
-596
-543
-428
-274
-114
17
73
45
-38
-130
-190
-199
-153
-56
43
128
160
139
89
37
16
34
88
154
201
211
159
50
-90
-244
-391
-505
-547
-519
-443
-339
-225
-134
-69
-20
25
55
59
44
14
-9
-20
-10
23
59
92
102
102
109
113
134
165
212
282
367
448
483
465
407
316
211
107
21
-24
-40
-39
-27
-4
41
94
122
137
140
144
141
127
106
72
12
-78
-183
-271
-320
-316
-260
-149
10
180
328
418
445
422
365
296
245
229
264
324
364
365
300
163
-13
-199
-368
-478
-525
-499
-426
-326
-207
-107
-45
-21
-32
-84
-163
-255
-337
-403
-436
-416
-343
-236
-119
-10
68
116
154
182
216
274
341
382
361
272
123
-61
-230
-348
-390
-356
-267
-150
-48
8
-15
-95
-177
-231
-240
-202
-139
-80
-49
-65
-138
-253
-357
-410
-416
-380
-316
-224
-117
-24
44
100
168
233
290
339
368
364
314
234
131
47
0
7
59
131
205
278
325
347
338
316
294
248
175
77
-24
-120
-187
-226
-216
-162
-71
45
150
229
263
262
231
176
116
73
52
19
-34
-105
-172
-224
-243
-220
-161
-73
33
156
274
370
418
430
413
372
303
222
137
46
-39
-113
-165
-187
-176
-147
-115
-91
-70
-49
-47
-57
-65
-61
-53
-70
-125
-213
-319
-430
-519
-537
-485
-369
-223
-75
51
135
188
212
215
213
209
201
171
108
4
-131
-262
-366
-418
-403
-320
-184
-28
113
206
247
234
170
76
-28
-124
-213
-290
-348
-377
-367
-321
-259
-178
-69
49
165
277
368
422
437
409
350
254
114
-55
-228
-366
-430
-419
-321
-152
57
278
471
584
617
592
527
434
313
189
72
-44
-182
-331
-483
-595
-639
-607
-482
-279
-38
201
388
480
488
428
329
225
142
97
80
77
68
34
-33
-126
-219
-281
-255
-125
79
305
521
679
746
712
576
355
82
-203
-466
-674
-781
-772
-662
-471
-222
50
297
491
595
601
521
371
183
-1
-157
-284
-393
-499
-603
-692
-726
-687
-561
-335
-44
247
484
630
659
583
426
230
29
-141
-270
-360
-414
-459
-501
-527
-517
-450
-325
-146
57
242
382
458
455
373
238
66
-119
-312
-486
-595
-627
-573
-449
-261
-37
187
392
552
643
647
592
500
388
259
126
-19
-188
-365
-524
-626
-644
-547
-337
-43
271
538
716
784
744
619
458
301
166
51
-46
-141
-257
-381
-492
-554
-536
-415
-199
79
362
588
723
760
701
566
393
212
34
-130
-269
-369
-436
-456
-415
-313
-165
15
210
397
539
612
614
555
435
259
51
-171
-405
-623
-787
-852
-813
-661
-415
-124
151
354
465
480
420
315
197
91
-8
-99
-176
-251
-364
-496
-604
-647
-583
-409
-146
158
438
636
705
640
463
206
-77
-341
-546
-676
-722
-698
-651
-584
-499
-394
-245
-37
224
493
728
887
949
898
736
479
164
-168
-475
-736
-905
-951
-869
-664
-372
-44
267
517
690
770
769
701
588
437
277
112
-64
-237
-402
-556
-653
-670
-608
-456
-238
16
261
458
583
626
587
495
348
172
0
-140
-251
-330
-375
-396
-380
-317
-194
-2
252
524
772
957
1025
950
745
440
75
-293
-613
-837
-934
-894
-729
-497
-226
38
257
417
511
555
556
520
454
361
233
76
-108
-296
-468
-596
-665
-654
-567
-417
-221
-11
178
315
403
427
393
318
217
91
-39
-160
-267
-359
-430
-461
-460
-419
-331
-197
-24
167
331
456
515
486
377
204
-10
-246
-464
-630
-702
-666
-535
-336
-116
84
227
292
299
266
211
170
167
213
275
331
333
263
114
-92
-306
-474
-547
-516
-388
-205
-5
165
287
358
369
321
246
159
69
-17
-93
-159
-226
-271
-281
-237
-135
1
155
290
383
413
388
329
246
156
61
-41
-134
-199
-235
-237
-203
-152
-83
-4
75
144
199
227
233
226
224
226
218
203
152
70
-38
-158
-266
-332
-360
-360
-331
-282
-206
-119
-27
55
126
172
211
244
241
196
103
-7
-114
-196
-230
-194
-94
35
166
274
329
317
239
107
-52
-218
-348
-408
-406
-329
-205
-63
55
131
157
131
74
10
-35
-50
-22
30
91
134
137
89
-2
-105
-206
-273
-288
-254
-190
-107
-21
58
123
151
157
147
123
96
68
46
36
34
38
54
69
72
68
54
37
19
5
-1
5
21
32
19
-29
-91
-160
-212
-226
-205
-135
-26
96
206
277
295
249
154
49
-33
-75
-70
-31
20
65
77
58
4
-63
-126
-159
-147
-115
-68
-12
40
65
63
46
11
-30
-71
-113
-139
-153
-143
-109
-50
24
98
179
246
290
300
284
229
138
29
-78
-175
-248
-292
-290
-257
-208
-146
-79
-20
24
46
56
55
31
-2
-25
-36
-30
-9
26
72
110
130
116
59
-27
-122
-191
-224
-209
-161
-76
30
113
163
168
123
42
-39
-105
-142
-130
-69
30
136
233
295
308
277
205
110
27
-36
-80
-100
-107
-111
-126
-151
-174
-182
-170
-132
-68
16
112
196
244
250
208
125
25
-57
-123
-164
-173
-146
-92
-35
16
52
70
76
78
83
89
92
83
57
25
-23
-58
-70
-81
-85
-90
-91
-75
-45
4
59
117
170
213
241
249
216
149
58
-43
-140
-208
-238
-244
-220
-176
-124
-69
-11
51
119
172
213
224
201
150
78
1
-79
-136
-180
-195
-181
-156
-124
-96
-82
-80
-68
-45
-5
57
119
162
164
129
66
-16
-91
-148
-190
-209
-205
-184
-161
-123
-91
-56
-8
62
147
228
289
297
255
164
49
-61
-151
-202
-214
-180
-105
-23
51
102
121
113
96
84
77
70
55
23
-17
-58
-96
-116
-120
-114
-100
-74
-41
-17
1
12
21
31
50
73
90
99
85
58
15
-35
-77
-107
-120
-126
-129
-111
-66
-5
76
169
251
306
318
281
198
90
-21
-114
-171
-182
-151
-92
-24
33
59
58
38
15
12
37
71
103
128
129
98
38
-31
-97
-142
-156
-133
-90
-34
23
53
68
71
60
46
40
37
40
42
28
-3
-47
-90
-123
-141
-139
-119
-88
-48
-4
40
84
123
137
123
81
14
-71
-158
-230
-274
-283
-250
-185
-97
-7
57
89
87
66
35
20
29
37
40
39
33
12
-18
-52
-82
-102
-102
-81
-43
6
57
104
133
149
145
137
125
100
68
26
-22
-79
-129
-154
-161
-148
-100
-32
46
121
180
224
237
226
170
89
3
-98
-181
-239
-254
-233
-179
-100
-9
73
134
170
172
163
150
140
133
127
112
84
44
-10
-73
-129
-166
-180
-154
-97
-18
66
141
182
202
193
156
108
53
10
-35
-74
-104
-140
-182
-219
-232
-213
-150
-52
60
169
252
288
272
203
90
-43
-168
-264
-318
-319
-266
-193
-120
-51
8
51
84
109
133
144
138
117
91
57
14
-33
-88
-137
-185
-214
-210
-177
-118
-48
34
111
173
215
235
225
186
131
70
16
-38
-85
-128
-169
-213
-239
-226
-179
-99
6
124
238
324
371
366
312
205
66
-77
-200
-279
-311
-304
-261
-209
-147
-73
-3
62
112
152
177
192
188
161
116
54
-18
-88
-147
-197
-226
-227
-193
-133
-56
35
121
198
247
264
245
192
122
52
-7
-47
-75
-100
-125
-146
-162
-161
-139
-99
-22
83
197
293
349
349
287
168
17
-134
-252
-309
-305
-251
-173
-90
-15
35
61
69
70
80
100
126
154
160
138
87
17
-51
-111
-151
-167
-157
-130
-88
-39
8
54
88
118
134
128
109
74
35
-10
-56
-109
-164
-212
-239
-249
-232
-191
-119
-23
83
185
250
266
227
135
12
-110
-217
-276
-275
-210
-100
21
130
193
204
167
95
16
-54
-91
-98
-74
-23
28
60
66
48
22
-12
-43
-57
-56
-45
-24
0
19
39
53
62
69
60
51
49
49
47
36
15
-14
-39
-57
-63
-48
-10
53
124
185
225
224
174
81
-40
-154
-231
-259
-228
-146
-38
74
168
218
219
171
93
3
-83
-142
-163
-148
-114
-74
-44
-20
-9
-15
-19
-16
-10
3
21
44
68
89
107
107
93
66
21
-19
-55
-79
-103
-113
-106
-96
-71
-35
7
48
92
128
156
173
168
131
54
-45
-149
-234
-283
-272
-215
-123
-20
64
126
153
144
99
46
3
-27
-41
-39
-35
-34
-49
-75
-100
-117
-117
-99
-58
3
62
113
148
167
160
133
95
48
-6
-62
-109
-133
-141
-133
-108
-80
-52
-31
-12
15
44
84
127
152
158
141
101
35
-49
-125
-179
-193
-159
-85
8
100
166
187
166
126
71
23
-6
-9
8
28
41
31
0
-45
-93
-127
-138
-111
-60
5
66
110
140
159
154
130
86
38
-12
-56
-83
-103
-109
-107
-94
-71
-38
-1
32
58
81
95
99
96
73
39
0
-34
-64
-82
-86
-71
-48
-24
1
23
34
34
22
8
2
2
6
14
12
1
-28
-74
-121
-152
-163
-145
-97
-34
31
82
115
125
111
84
55
12
-19
-36
-52
-58
-58
-59
-68
-83
-96
-99
-89
-67
-31
7
44
71
82
80
67
38
4
-21
-43
-57
-60
-45
-21
0
16
27
26
26
33
43
61
74
84
81
64
26
-20
-58
-91
-104
-96
-57
-3
52
96
116
118
94
58
25
0
-13
-13
-9
-4
-14
-22
-33
-58
-79
-92
-92
-70
-33
5
45
68
74
64
44
21
3
-9
-7
8
24
51
76
86
74
42
2
-39
-64
-66
-52
-22
18
57
83
87
66
29
-15
-47
-62
-53
-24
11
49
86
96
76
36
-8
-40
-59
-65
-61
-45
-27
-16
-18
-26
-35
-41
-30
2
42
85
110
114
89
45
-7
-63
-104
-123
-119
-93
-51
2
51
85
96
86
55
15
-21
-46
-57
-67
-78
-91
-102
-116
-129
-136
-125
-96
-41
32
100
162
199
200
165
104
27
-47
-101
-123
-113
-79
-29
13
40
42
21
-17
-51
-68
-66
-34
15
59
93
108
91
46
-14
-71
-114
-130
-117
-80
-24
33
76
106
116
107
86
54
22
-8
-32
-39
-46
-53
-63
-70
-81
-93
-88
-66
-23
37
103
165
203
209
180
117
35
-55
-117
-138
-130
-90
-43
1
22
29
11
-18
-45
-59
-43
-7
46
97
124
121
83
18
-52
-106
-141
-140
-103
-44
18
67
95
95
77
46
15
-8
-22
-26
-22
-24
-27
-40
-59
-76
-96
-105
-92
-58
-13
45
106
154
174
163
122
60
-11
-82
-118
-128
-104
-65
-18
26
37
25
-6
-41
-69
-75
-53
-3
61
123
159
156
121
64
-1
-67
-112
-123
-98
-45
15
69
115
126
112
78
43
8
-20
-35
-41
-43
-44
-50
-55
-58
-59
-57
-38
-8
24
59
87
113
123
111
83
36
-15
-60
-95
-103
-89
-61
-27
2
10
-1
-21
-39
-51
-54
-38
-11
26
62
86
83
53
3
-56
-107
-136
-130
-91
-31
31
72
96
100
81
47
9
-24
-45
-61
-75
-84
-85
-80
-70
-51
-28
4
37
65
88
104
114
114
101
74
42
8
-30
-58
-71
-66
-50
-33
-19
-15
-24
-41
-58
-67
-56
-32
9
63
100
117
116
92
44
-11
-58
-88
-94
-72
-32
15
57
90
103
94
68
31
-2
-27
-47
-63
-78
-91
-105
-105
-92
-62
-22
18
57
87
107
114
107
92
72
48
27
10
-5
-22
-36
-47
-51
-48
-38
-21
-5
11
19
18
20
32
47
64
76
74
68
56
31
-5
-45
-76
-86
-78
-58
-35
-12
10
25
33
33
28
16
5
-13
-40
-66
-88
-105
-116
-104
-78
-37
13
56
86
99
98
81
60
32
1
-36
-67
-89
-106
-117
-108
-95
-74
-35
-1
29
46
49
49
45
33
25
17
17
22
21
15
1
-17
-34
-45
-53
-54
-45
-23
8
39
65
79
81
65
33
-5
-43
-71
-90
-91
-72
-45
-8
34
76
104
120
119
110
96
76
58
40
24
7
-15
-33
-46
-60
-64
-54
-41
-18
14
41
55
58
48
28
7
-7
-11
-7
5
20
30
24
7
-16
-42
-56
-66
-57
-24
14
49
76
87
79
57
20
-24
-66
-96
-112
-111
-88
-55
-18
21
56
75
90
97
90
71
46
20
-4
-30
-51
-69
-83
-91
-92
-85
-71
-54
-33
-7
17
26
30
34
31
16
0
-11
-13
-8
-4
0
-2
-3
-9
-18
-21
-18
-6
6
18
24
19
4
-20
-53
-85
-110
-121
-112
-86
-52
-11
28
58
83
103
108
101
89
76
58
42
31
19
6
-8
-20
-35
-52
-62
-56
-42
-20
8
37
68
88
96
90
74
50
22
3
-10
-18
-14
-9
-2
3
2
4
10
20
31
38
33
23
-3
-43
-82
-119
-140
-145
-125
-85
-28
27
72
104
116
113
94
69
41
18
1
-5
-6
-4
-6
-16
-33
-44
-55
-54
-38
-8
33
70
90
95
85
58
25
-9
-41
-63
-70
-69
-59
-45
-31
-17
-9
-6
-3
5
14
18
21
14
-1
-25
-55
-87
-110
-119
-106
-70
-19
34
83
125
145
143
113
70
23
-17
-48
-64
-63
-58
-50
-49
-58
-73
-93
-109
-108
-89
-51
6
68
118
146
147
124
80
22
-34
-75
-98
-99
-86
-57
-23
9
36
52
58
61
66
63
58
43
23
-7
-45
-82
-110
-124
-118
-85
-35
29
94
149
183
181
151
101
42
-11
-53
-73
-73
-63
-47
-32
-21
-21
-23
-27
-29
-18
4
39
77
107
125
128
116
81
35
-18
-61
-86
-85
-68
-38
-4
17
32
34
30
24
16
12
13
12
10
4
-16
-47
-78
-104
-119
-114
-88
-38
27
91
138
161
157
130
80
16
-39
-80
-98
-96
-88
-81
-81
-83
-93
-103
-107
-97
-69
-30
19
69
110
127
120
93
46
-10
-61
-97
-110
-101
-73
-35
2
35
47
39
18
-4
-21
-23
-12
4
18
24
17
-9
-43
-67
-82
-86
-67
-26
23
80
133
164
173
157
122
75
26
-14
-39
-48
-54
-59
-67
-73
-82
-87
-77
-53
-16
29
78
122
152
161
143
98
38
-20
-69
-97
-104
-94
-65
-25
11
36
49
50
35
19
9
7
16
31
46
56
46
20
-12
-48
-75
-87
-76
-39
5
49
81
96
93
74
47
15
-16
-37
-50
-55
-59
-59
-62
-66
-66
-67
-53
-24
5
41
74
98
106
95
66
21
-32
-82
-115
-135
-129
-106
-74
-38
-5
15
24
29
24
14
2
-3
-6
2
10
14
6
-12
-33
-56
-69
-70
-52
-19
21
50
71
81
67
42
14
-10
-20
-22
-14
-4
4
7
2
-7
-19
-24
-24
-11
7
31
51
63
59
39
11
-19
-49
-66
-70
-60
-40
-7
28
59
82
93
95
85
70
45
25
9
-8
-20
-28
-40
-49
-53
-53
-48
-34
-16
7
28
46
56
57
51
37
15
-5
-15
-18
-15
-11
-11
-16
-24
-28
-23
-15
1
21
44
56
58
48
30
6
-24
-50
-62
-69
-61
-43
-20
8
32
51
61
60
53
39
24
20
17
13
9
-6
-31
-50
-60
-68
-66
-57
-37
-12
13
31
41
40
25
6
-23
-49
-67
-66
-52
-31
-9
6
18
16
4
-7
-9
-2
13
37
58
68
61
40
7
-37
-77
-112
-124
-114
-87
-43
5
48
80
93
95
81
64
48
35
24
18
16
8
-7
-33
-59
-83
-93
-87
-64
-25
15
53
77
83
68
35
-6
-47
-74
-87
-83
-58
-21
18
47
63
61
52
43
40
46
55
73
82
76
56
19
-25
-68
-101
-118
-113
-85
-41
12
62
99
110
105
93
69
47
21
5
-5
-6
-9
-15
-25
-44
-66
-88
-100
-97
-79
-43
-1
35
59
63
49
23
-5
-37
-64
-79
-75
-56
-26
0
22
33
33
29
21
18
23
36
48
57
48
23
-14
-59
-104
-136
-148
-139
-109
-68
-21
23
56
75
82
76
64
46
36
39
42
43
39
29
7
-21
-52
-78
-94
-89
-67
-31
13
58
93
105
96
61
21
-15
-45
-56
-52
-31
-8
16
32
38
40
31
21
24
36
58
80
93
93
69
29
-22
-75
-116
-133
-127
-102
-53
-1
46
76
89
85
67
47
29
22
24
30
30
24
12
-12
-42
-73
-97
-112
-105
-80
-37
12
58
89
100
89
59
20
-21
-57
-87
-95
-87
-69
-44
-24
-7
-1
6
13
26
46
68
85
87
77
54
19
-24
-64
-103
-125
-121
-101
-68
-24
19
53
72
80
73
60
47
28
11
-8
-19
-32
-44
-53
-67
-76
-73
-67
-56
-29
5
40
72
94
102
93
66
29
-11
-48
-72
-85
-83
-65
-42
-19
10
33
50
55
59
64
68
71
64
50
27
-3
-38
-68
-89
-98
-88
-71
-43
-10
21
51
72
89
95
88
78
63
49
35
19
0
-17
-32
-51
-65
-75
-75
-73
-59
-31
2
32
56
77
84
82
72
50
25
-4
-29
-45
-54
-53
-42
-26
-11
0
1
2
8
15
26
35
36
26
9
-17
-44
-73
-97
-112
-113
-102
-78
-39
8
52
86
112
117
106
86
62
29
-2
-25
-46
-64
-78
-87
-96
-101
-100
-88
-69
-42
-16
16
52
79
93
95
88
68
40
8
-25
-49
-63
-63
-52
-34
-9
15
31
46
52
57
63
59
54
44
27
5
-16
-40
-65
-77
-79
-70
-50
-18
21
53
78
92
94
85
75
56
34
7
-18
-36
-50
-61
-67
-71
-71
-66
-58
-39
-14
13
42
69
87
93
95
83
64
38
9
-20
-38
-49
-48
-39
-21
-2
17
32
38
38
31
25
11
-3
-15
-28
-39
-46
-56
-66
-73
-68
-60
-46
-25
-2
22
42
54
56
53
41
19
-5
-25
-36
-40
-37
-33
-28
-23
-18
-15
-11
-3
6
12
18
25
30
34
38
32
20
7
-2
-10
-12
-13
-15
-11
-5
-1
7
14
16
15
8
-5
-20
-32
-40
-44
-43
-31
-18
-5
2
3
6
5
6
9
21
36
46
53
57
52
43
28
9
-15
-36
-45
-50
-50
-43
-33
-23
-14
-8
-6
-4
0
10
27
40
54
65
67
64
46
30
21
11
3
-2
-4
0
7
11
8
2
-8
-21
-34
-42
-42
-37
-27
-15
-5
3
12
10
6
0
-5
-3
5
18
33
42
43
40
28
10
-12
-34
-49
-56
-63
-61
-51
-42
-34
-27
-25
-24
-18
-11
2
17
35
49
58
55
44
28
7
-14
-33
-42
-43
-38
-27
-16
-9
-12
-17
-30
-43
-49
-44
-30
-15
9
31
47
53
47
33
13
-2
-11
-12
-7
1
14
26
31
31
22
11
-3
-11
-19
-20
-21
-22
-20
-22
-26
-32
-38
-37
-25
-13
7
29
47
60
64
64
56
45
32
23
17
16
17
10
5
-1
-8
-17
-24
-23
-24
-19
-10
5
19
27
29
21
10
-4
-16
-25
-29
-28
-18
-3
10
20
30
36
42
42
40
35
30
21
14
7
4
0
-3
-8
-15
-23
-28
-22
-15
-5
4
9
6
1
-7
-18
-27
-35
-43
-49
-52
-51
-42
-27
-10
0
9
15
9
1
-4
-8
-8
-6
-3
-4
-6
-13
-20
-28
-33
-33
-30
-21
-6
9
27
47
62
68
65
56
37
18
-4
-22
-36
-44
-46
-39
-37
-35
-36
-37
-31
-29
-17
0
17
34
47
52
51
41
28
11
1
-4
-6
0
5
14
22
29
27
16
6
-1
-8
-12
-12
-10
-9
-6
-6
-6
-10
-15
-21
-25
-22
-11
6
25
45
57
67
62
44
20
-2
-19
-28
-26
-19
-7
3
3
-2
-11
-19
-27
-28
-21
-4
11
26
44
48
41
23
2
-18
-25
-23
-11
6
16
25
33
31
26
17
7
-4
-14
-16
-16
-13
-9
-5
-2
-6
-15
-26
-35
-38
-32
-21
-6
10
27
37
34
21
-3
-28
-46
-56
-54
-44
-30
-15
-5
-4
-7
-14
-20
-20
-15
-7
0
4
5
-3
-20
-37
-48
-55
-53
-43
-25
-7
10
30
43
51
51
40
30
23
16
12
10
7
1
-5
-9
-12
-12
-14
-13
-5
7
21
36
49
56
55
41
21
0
-17
-27
-24
-14
0
20
31
31
30
17
6
-6
-13
-13
-10
-3
5
6
1
-7
-19
-32
-43
-50
-44
-27
-9
11
30
41
47
46
36
23
6
-9
-16
-13
-4
9
21
25
20
3
-13
-19
-16
-10
2
17
37
49
52
42
25
6
-13
-26
-31
-29
-17
-3
12
17
17
15
7
1
0
5
10
19
22
21
15
3
-9
-23
-37
-49
-52
-48
-43
-32
-23
-13
-5
-4
-8
-19
-30
-32
-29
-17
-1
19
30
33
31
19
8
0
-3
-2
4
10
12
9
1
-11
-24
-37
-47
-49
-43
-29
-11
9
19
23
20
13
8
2
-3
-2
1
7
17
24
24
19
9
-3
-13
-16
-15
-5
8
24
33
34
31
14
-2
-18
-28
-30
-26
-14
-5
6
10
11
5
-1
-4
-2
4
13
21
24
27
17
9
4
-5
-14
-22
-21
-22
-21
-17
-14
-12
-10
-10
-10
-13
-15
-14
-12
-5
-1
8
13
18
18
13
8
4
5
10
17
23
28
29
23
12
-6
-21
-34
-40
-37
-30
-20
-11
-5
-1
-3
-8
-9
-6
2
10
21
29
36
35
26
12
-3
-17
-28
-29
-21
-14
-8
0
5
4
-1
-8
-11
-9
-5
4
17
29
40
43
39
32
20
8
7
6
9
16
25
31
31
23
8
-8
-23
-34
-37
-32
-22
-11
0
5
2
-4
-7
-10
-11
-4
4
13
21
28
31
26
18
10
0
-10
-19
-23
-22
-20
-20
-16
-13
-10
-9
-13
-15
-14
-10
-2
7
13
18
23
21
17
10
2
-7
-8
-8
-4
6
7
5
-3
-14
-21
-28
-32
-28
-21
-10
-1
1
5
5
3
-1
-2
-3
-3
2
6
12
18
20
17
12
1
-7
-15
-20
-23
-20
-13
-6
-2
-1
0
-8
-15
-18
-21
-26
-27
-23
-20
-16
-11
-7
-2
1
5
12
20
25
27
26
22
17
8
1
-2
-4
-2
-4
-7
-7
-6
-5
-3
1
4
9
13
21
28
32
35
29
23
20
15
10
8
6
6
9
10
8
6
5
2
1
-1
-1
3
6
7
4
0
-2
-5
-7
-8
-6
-3
1
11
17
22
25
26
24
19
9
0
-9
-17
-24
-28
-26
-24
-21
-17
-17
-18
-21
-19
-12
-4
6
12
11
8
2
-5
-10
-13
-20
-19
-16
-15
-14
-14
-15
-16
-17
-22
-22
-18
-12
-7
-1
5
3
-2
-7
-11
-14
-12
-9
-4
2
9
12
13
9
4
0
-6
-9
-13
-14
-13
-9
-1
4
6
5
5
3
4
7
15
22
29
35
36
35
30
25
19
9
6
2
4
6
7
7
5
6
4
3
-2
-2
-1
6
13
15
16
15
11
6
-1
-8
-7
-7
-6
-6
-4
0
1
0
3
2
-2
-2
-2
-1
-2
-3
3
8
10
11
10
4
-5
-12
-14
-11
-8
-7
-7
-10
-11
-11
-7
-7
-6
-2
-2
-1
0
-3
-3
-2
-6
-10
-9
-6
-5
-5
-7
-7
-10
-14
-18
-21
-21
-17
-13
-8
-1
2
5
8
9
5
3
1
-1
-1
1
3
4
9
10
11
9
8
6
4
2
1
3
5
5
1
-1
2
3
6
11
12
15
18
18
16
10
6
-2
-9
-10
-10
-12
-12
-11
-10
-9
-3
-2
-4
-6
-6
-6
-6
-4
0
4
7
9
10
11
8
4
0
-3
-9
-13
-13
-10
-6
0
0
2
2
2
-1
0
4
7
10
10
10
7
2
-1
-5
-4
1
5
9
11
13
13
8
5
1
0
-3
-8
-10
-9
-8
-7
-3
2
4
7
9
6
5
6
6
6
3
2
2
1
2
1
-1
-4
-7
-8
-11
-10
-12
-13
-4
-4
-4
-4
-2
0
0
-3
-3
-7
-8
-9
-13
-15
-16
-17
-14
-12
-13
-12
-8
-6
-6
-8
-6
-4
-2
1
0
1
-1
-2
-3
-5
-3
0
2
6
6
7
9
10
12
10
11
9
7
10
11
13
16
17
19
21
23
22
21
18
13
10
4
2
-1
0
2
2
2
1
-2
-6
-7
-9
-8
-8
-5
0
3
7
8
8
9
7
6
4
1
-2
-6
-8
-9
-8
-6
-9
-8
-7
-5
-7
-7
-7
-9
-10
-6
-5
-3
-7
-9
-10
-7
-4
-1
4
8
11
15
13
10
8
4
3
0
-3
-5
-6
-7
-9
-12
-12
-9
-5
1
4
5
3
2
2
4
3
2
2
1
0
1
-2
-7
-10
-14
-13
-14
-11
-8
-8
-7
-6
-5
-4
-4
-1
0
0
-1
-2
3
9
14
20
24
27
27
26
23
19
14
5
-2
-8
-13
-15
-19
-17
-14
-12
-11
-10
-8
-6
-5
-5
-2
1
5
7
9
8
7
2
-3
-9
-13
-13
-12
-10
-3
0
-1
-3
-3
-3
-5
-4
-1
0
3
8
9
8
7
7
7
5
4
4
7
9
11
15
14
14
13
12
12
9
6
2
-1
-1
1
3
2
0
-6
-7
-2
-1
0
2
4
5
6
5
4
0
-3
-8
-9
-9
-7
-6
-3
0
-3
-3
-4
-2
-4
-4
-6
-9
-12
-15
-15
-19
-20
-19
-16
-13
-7
-1
1
3
1
2
5
5
5
5
5
6
3
1
-2
-4
-7
-11
-13
-13
-12
-9
-6
-1
-1
3
7
8
7
4
3
2
3
3
4
7
9
8
9
10
13
13
13
12
9
7
7
4
5
3
2
4
2
0
-3
-2
-1
2
5
9
13
16
16
12
5
0
-1
-2
-1
1
0
-1
-4
-8
-9
-9
-8
-5
-2
-1
-2
-1
-4
-5
-9
-11
-9
-8
-7
-7
-6
-3
-1
1
2
5
6
7
9
6
6
3
1
1
-1
-2
-1
-1
0
1
0
3
4
7
7
9
9
10
11
11
9
5
1
0
-5
-6
-5
-5
-6
-5
-4
-5
-5
-3
0
5
8
10
11
9
4
-2
-9
-14
-17
-18
-16
-14
-10
-9
-8
-9
-9
-10
-10
-11
-11
-9
-12
-12
-11
-11
-8
-6
-9
-11
-12
-11
-7
-3
2
5
10
10
9
7
5
7
8
7
5
4
5
5
4
2
3
4
5
7
9
9
10
10
12
12
10
8
7
6
6
7
7
10
7
8
11
13
13
13
8
5
2
-2
-5
-6
-5
-2
-2
-2
-3
-6
-7
-8
-9
-6
-2
-2
-3
-4
-5
-6
-8
-9
-9
-8
-9
-7
-11
-11
-11
-10
-8
-6
-5
-2
0
0
2
2
0
2
2
-1
-3
-1
-2
0
4
9
13
14
13
13
9
3
2
0
-2
-2
-4
-5
-6
-8
-9
-11
-10
-10
-7
-4
-1
1
2
2
-2
-3
0
1
3
7
9
9
9
6
2
-1
-1
0
2
4
8
9
11
12
12
11
9
8
9
11
10
9
6
6
6
9
9
10
9
8
5
2
0
-3
-4
-7
-6
-9
-12
-14
-18
-19
-16
-13
-7
-2
2
5
4
3
0
-3
-3
-5
-9
-11
-10
-10
-10
-7
-9
-9
-7
-6
-5
-5
-5
-6
-6
-3
-1
-1
-2
3
2
2
4
4
5
6
5
4
2
2
2
2
2
2
0
1
4
5
6
3
-5
-7
-8
-10
-7
-5
-2
1
1
1
3
3
1
-1
-2
-1
-3
-2
-1
1
0
2
5
5
6
7
5
1
-2
-2
-1
1
3
6
7
5
5
2
2
1
-1
0
0
-1
-3
-2
-3
-2
-1
1
1
1
2
2
-3
-2
-2
-1
2
5
6
6
7
6
3
4
6
8
7
7
9
7
7
4
1
-1
-5
-7
-8
-6
-4
-3
-4
-5
-5
-6
-8
-10
-9
-9
-6
-6
-4
-2
0
2
2
1
0
-1
-5
-5
0
3
6
8
9
7
4
0
-4
-9
-12
-13
-11
-7
-6
-6
-8
-9
-8
-6
-3
-3
-1
0
0
1
1
4
6
7
6
9
12
16
15
12
9
6
3
0
4
6
7
6
7
4
1
-1
-5
-5
-4
-4
-5
-6
-6
-8
-10
-9
-10
-10
-7
-8
-10
-13
-10
-7
-5
-2
0
4
7
10
13
13
12
12
11
12
12
10
13
14
15
15
14
12
11
9
8
6
5
4
3
2
-1
-4
-8
-8
-10
-11
-10
-9
-6
-7
-5
-7
-7
-7
-8
-8
-10
-9
-9
-10
-9
-7
-7
-5
-5
-6
-5
-6
-7
-7
-5
-8
-6
-5
-5
-3
-3
-2
-2
-2
-1
-1
0
2
4
4
6
5
4
4
2
1
1
0
1
2
3
4
3
4
6
8
10
12
12
13
13
9
6
3
0
-2
-3
-2
0
2
4
3
0
-2
-5
-8
-9
-11
-11
-12
-10
-8
-5
-2
-1
-2
-1
-1
0
2
4
3
3
2
2
2
4
4
0
0
0
0
1
4
6
7
8
10
9
9
6
3
1
-1
1
2
1
2
-2
-3
-1
0
-1
-2
-2
-2
-3
-3
-5
-5
-5
-3
-1
-3
-5
-6
-4
-4
-2
-2
2
3
3
3
4
6
6
6
7
7
4
3
1
0
-1
-2
-2
-2
-5
-6
-6
-10
-11
-11
-10
-9
-7
-5
-4
1
5
7
10
11
12
10
10
8
3
0
-3
-3
-4
-6
-6
-4
-3
-1
-2
-2
1
1
-1
-1
-3
-4
-8
-7
-11
-9
-8
-6
-5
-4
-3
-3
-2
0
1
2
4
3
4
-1
-4
-6
-5
-1
1
3
6
6
5
6
7
9
11
10
8
4
4
6
7
6
7
9
8
5
-2
-5
-5
-5
-1
3
6
7
7
5
2
1
-1
0
2
4
7
6
4
-1
-4
-8
-5
-4
-4
-3
-1
-1
-3
-7
-11
-10
-9
-7
-5
-5
-6
-8
-9
-10
-10
-9
-7
-3
-1
2
1
1
-1
0
1
1
2
3
3
3
3
4
4
7
10
14
19
15
13
12
9
6
5
5
4
1
-2
-4
-4
-5
-5
-7
-9
-12
-12
-12
-12
-10
-7
-4
-1
1
2
3
2
-2
-5
-4
-2
-1
0
3
0
0
1
3
5
5
2
-2
-4
-6
-4
-4
-3
-3
-3
-4
-2
-1
3
2
2
3
1
-1
-1
-2
-5
-6
-7
-6
-6
-5
-4
-2
2
2
3
4
5
4
5
6
4
3
4
4
3
1
2
5
7
10
10
8
7
4
4
4
4
5
4
2
0
0
3
3
3
0
1
0
1
3
5
6
6
7
7
6
5
5
7
5
3
1
0
-3
-6
-7
-9
-9
-8
-10
-10
-12
-14
-14
-12
-9
-8
-5
-5
-7
-11
-12
-11
-9
-8
-5
-5
-1
4
5
5
4
4
2
2
4
6
7
7
5
3
0
-1
0
0
2
4
2
0
-2
-2
0
1
2
2
1
0
-3
-6
-7
-9
-10
-8
-7
-1
4
5
8
7
7
5
3
-1
-4
-6
-4
-3
-2
3
5
6
6
6
7
8
6
7
5
3
3
2
2
0
-2
-4
-4
-7
-5
-4
-2
-2
-3
0
2
3
5
4
6
4
1
-1
-3
-4
0
2
3
2
0
-1
-1
-2
-1
-1
0
0
-1
0
-1
-2
-2
-4
-5
-5
-2
0
-1
0
-1
-2
-2
-5
-7
-6
-7
-6
-5
-2
0
4
4
6
7
6
6
3
1
1
1
-1
1
1
0
1
0
1
-1
-1
-2
-2
-2
0
3
3
-2
-3
-3
-2
-1
-1
1
-2
-1
0
3
2
0
-2
0
0
2
5
6
8
9
10
12
9
9
7
6
3
-1
-1
-2
0
0
-1
-2
-2
-2
-1
-2
-2
-4
-4
-6
-6
-5
-5
-3
-3
-2
-1
-1
-1
-1
0
0
-1
0
1
4
5
5
5
4
4
3
1
2
0
-1
3
2
3
1
-1
-2
-2
-2
1
0
1
1
0
-2
-4
-3
-3
-3
-4
-4
-7
-11
-12
-9
-7
-7
-7
-6
-5
-2
-1
0
0
0
-2
-3
-3
-3
-3
-1
3
4
6
5
3
0
-4
-6
-8
-9
-6
-4
-3
-1
0
0
1
3
4
6
8
9
10
10
10
9
9
10
10
11
10
11
9
7
4
4
3
3
-1
-2
-6
-8
-8
-5
-3
-1
2
2
-1
-3
-5
-4
-4
-3
-2
-1
-2
-3
-3
-2
3
2
3
2
2
0
0
0
0
0
2
4
5
5
6
7
4
3
1
2
3
6
7
9
8
6
5
3
2
-2
-4
-7
-8
-8
-9
-11
-11
-10
-13
-12
-11
-9
-8
-9
-8
-6
-3
0
0
0
0
2
4
3
4
2
1
0
-4
-7
-7
-8
-6
-6
-4
-3
-4
-3
-4
-7
-7
-7
-6
-6
-7
-5
-3
-1
-1
-1
1
1
3
5
4
5
7
7
8
7
8
8
9
10
10
9
7
7
5
6
8
10
12
10
8
9
9
8
7
4
2
0
0
2
3
2
1
0
-1
-5
-8
-8
-10
-9
-7
-6
-5
-4
-2
-2
-3
-2
-1
0
1
3
6
6
5
5
4
5
3
2
0
-2
-2
-6
-6
-5
-5
-5
-5
-5
-6
-7
-6
-5
-4
-2
0
0
-1
-2
-1
0
3
4
7
7
8
8
6
5
4
4
2
-2
-5
-4
-1
-1
1
0
-1
-3
-4
-4
-5
-5
-3
-2
-2
-4
-4
-5
-6
-4
-4
-4
-5
-5
-5
-4
-4
-6
-4
-4
-2
2
4
4
6
8
8
7
7
5
4
3
4
6
5
6
4
3
3
2
0
0
-1
-3
-5
-6
-5
-2
-2
-1
-2
-3
-1
0
2
3
4
3
4
5
5
5
4
3
2
4
3
3
2
3
1
-1
1
-1
1
2
2
4
3
1
0
-1
-1
-3
-1
-1
-3
-2
0
1
0
-1
-2
-2
-2
-2
-1
-2
-3
-2
-1
-1
-1
-1
-1
-1
-3
-5
-6
-6
-8
-8
-5
-4
-1
-1
-3
-5
-6
-4
-3
-2
0
1
0
1
0
-1
-1
1
1
4
6
5
5
5
4
4
6
6
8
7
6
7
6
9
11
9
8
7
4
2
3
1
1
-2
-4
-6
-6
-6
-7
-6
-7
-8
-8
-8
-6
-4
-3
-2
-5
-6
-6
-6
-7
-3
0
-2
-3
-3
-1
-1
-1
-1
-2
-1
-2
-2
-2
-1
-1
0
2
1
1
-1
-1
-1
0
1
3
3
4
5
7
9
11
11
11
10
7
6
7
6
7
6
6
6
9
11
14
15
14
12
9
6
5
5
1
0
-4
-7
-9
-9
-10
-10
-10
-13
-16
-19
-19
-20
-20
-17
-17
-16
-15
-16
-16
-13
-11
-8
-2
-1
2
2
2
3
4
4
5
7
8
10
10
11
9
7
5
4
1
0
1
2
4
3
2
2
1
0
-1
0
1
1
2
3
4
6
6
6
6
3
2
4
3
6
6
3
1
0
-1
0
-1
0
-1
-1
1
1
0
-1
-4
-5
-5
-5
-6
-10
-10
-11
-12
-10
-10
-11
-12
-11
-7
-5
-2
1
3
3
2
3
7
10
13
15
18
16
15
17
17
16
16
15
13
12
10
10
9
8
4
-1
-5
-8
-10
-11
-13
-14
-15
-18
-20
-22
-22
-21
-18
-17
-13
-11
-9
-9
-8
-7
-6
-3
-3
-2
-1
0
2
3
7
9
8
8
10
10
9
10
9
8
6
3
2
1
2
0
0
-1
-1
-2
-1
-2
1
1
1
2
2
2
4
6
5
6
6
4
2
1
1
0
1
3
2
2
3
3
3
2
0
0
-1
-3
-6
-9
-7
-7
-9
-9
-9
-7
-6
-4
-3
-4
-3
-3
-3
-2
-1
0
1
2
4
5
8
8
7
10
12
10
12
10
9
8
4
3
3
2
1
1
2
0
-1
-1
0
0
-1
-1
0
-1
0
0
-1
-3
-3
-3
-4
-1
-1
0
1
1
0
-2
0
0
0
0
0
-2
-3
-3
-3
-2
-3
-4
-4
-3
-4
-5
-5
-5
-5
-4
0
-1
0
-1
0
-3
-4
-4
-6
-3
-2
0
2
2
3
2
3
5
4
4
4
2
2
1
0
-1
-1
0
1
1
0
-3
-4
-5
-5
-7
-8
-7
-8
-8
-6
-5
-5
-5
-4
-3
-4
-4
-3
-1
0
1
3
4
4
5
5
6
4
4
4
3
5
5
4
2
0
2
2
3
3
3
4
5
3
2
0
-1
-2
0
0
1
1
2
3
5
7
6
7
5
5
4
3
4
4
4
4
4
4
2
2
3
1
1
-2
-3
-4
-7
-7
-8
-6
-7
-6
-6
-7
-9
-9
-8
-10
-10
-8
-8
-5
-3
-2
2
3
6
6
7
5
7
6
7
7
6
6
8
7
9
10
9
8
7
5
4
3
1
0
-1
1
-1
0
-1
-1
-1
-2
-5
-6
-9
-8
-8
-6
-5
-4
-2
-1
-2
-3
-2
-2
-1
-1
-2
-1
-1
-1
1
1
0
2
3
2
4
2
0
0
-3
-3
-3
-3
-2
-1
0
2
2
1
1
-2
-2
-2
-3
