141
-38
39
-102
108
-86
89
-83
-10
-16
-107
145
-142
100
59
-40
105
-76
20
53
-95
55
-96
105
-104
-23
-62
-22
30
-121
46
-54
-32
-144
-30
-14
-62
-87
-12
-33
-54
-100
-80
60
-75
-12
-31
-23
-77
-72
-14
7
54
1
82
13
-110
5
-28
69
-61
-54
166
-87
-161
16
-51
6
-41
-113
85
38
-68
38
123
36
70
-42
205
-20
-2
158
-77
209
-63
4
61
-31
-95
35
61
-56
50
-60
41
-24
-102
74
-16
50
-48
18
154
-96
-4
157
1
17
9
66
44
56
-80
150
79
-158
178
-18
35
-46
-49
190
-88
-34
129
-41
32
-90
52
121
-71
37
34
60
-117
39
65
-22
6
-59
81
23
-109
29
57
-46
-7
26
100
-94
-31
87
26
3
-48
-10
9
-170
77
-53
139
-51
-163
151
-188
63
-41
93
46
-72
-12
11
-6
-33
-28
17
114
-226
100
-88
-49
-87
-101
37
-29
-77
-7
50
-63
-83
17
40
-66
-10
-34
89
-62
-72
4
-28
-1
-159
92
169
-124
79
-65
89
-86
-152
156
60
-48
-75
10
16
-78
-192
248
-38
-12
35
-4
68
-182
-56
40
62
-125
-22
62
-60
-128
31
126
45
-73
140
33
15
5
-46
196
-96
-53
155
-65
30
-50
39
100
-89
-38
59
-43
-66
13
42
109
-78
-8
113
6
-32
23
180
61
11
3
65
-6
-155
86
85
-27
-10
42
79
-39
-23
97
55
-76
19
37
75
-107
-24
110
2
-66
-9
102
23
-84
74
105
6
-70
-63
66
-89
-7
85
49
48
-103
66
34
-75
94
21
62
-40
-120
82
-38
-94
14
2
11
-71
-42
44
-31
-38
-80
66
-57
-81
-60
-48
-14
-90
48
30
-22
-11
-17
31
38
1
88
33
-52
-33
-33
-9
-71
-47
39
-12
-38
-27
-30
1
-71
-7
42
33
0
-10
19
-15
3
43
69
69
-5
-2
14
-26
-2
-29
14
19
-6
5
25
5
-75
-13
-31
7
-17
-6
24
-61
-31
-44
-43
49
4
-14
88
14
17
55
2
27
42
-19
-5
-6
-53
-24
-40
-26
-59
-28
-3
-29
-53
-19
-23
-26
-25
-48
2
-7
-102
20
20
-10
23
-10
34
-36
5
44
60
36
-4
26
47
7
26
73
32
64
10
7
27
-18
-7
19
32
13
18
13
15
-5
19
69
24
63
42
11
43
-1
-3
53
-34
-18
15
-29
37
-2
-17
-34
-52
-26
1
-42
5
-23
-61
-13
-62
-10
-15
-47
46
39
29
52
5
9
2
-16
50
71
31
40
5
29
-8
-6
39
34
19
-9
-9
-34
-27
-44
-25
-14
-55
-9
-31
-29
2
-35
27
-5
-14
51
4
7
14
-1
45
17
14
56
19
-22
-18
-4
-39
-65
-107
-89
-91
-157
-138
-119
-177
-148
-138
-86
-37
-80
-4
11
62
102
120
157
174
152
160
187
183
177
129
119
101
90
45
55
-15
-43
-26
-89
-34
-45
-89
-31
-52
-29
26
5
48
54
69
138
142
150
147
120
130
113
116
165
170
143
137
128
153
137
117
162
153
157
115
58
15
-49
-117
-102
-150
-204
-294
-397
-413
-495
-520
-519
-548
-617
-660
-712
-727
-735
-766
-753
-794
-867
-923
-972
-1033
-1067
-1066
-1045
-999
-976
-969
-905
-851
-697
-492
-247
61
340
595
853
1113
1400
1695
1967
2263
2522
2706
2783
2840
2827
2791
2729
2665
2599
2451
2244
2008
1743
1452
1156
908
731
513
365
192
74
-86
-268
-324
-376
-365
-329
-295
-270
-344
-457
-494
-660
-942
-1241
-1559
-1810
-2138
-2521
-2878
-3562
-4327
-4930
-5256
-5307
-5484
-5521
-5460
-5528
-5457
-5240
-4644
-3985
-3385
-2483
-1467
-492
321
1112
2020
2772
3464
4348
5332
6088
6420
6600
6777
6782
6627
6505
6369
6046
5470
4811
4149
3332
2352
1413
551
-273
-1103
-1876
-2538
-3303
-4163
-4946
-5524
-5793
-5870
-5867
-5755
-5595
-5321
-4876
-4152
-3167
-2067
-975
135
1323
2443
3471
4386
5222
6010
6601
7057
7360
7294
6904
6289
5688
5136
4448
3669
2877
1973
946
-99
-893
-1483
-2054
-2490
-2738
-2713
-2639
-2566
-2402
-2219
-2089
-1951
-1699
-1465
-1340
-1408
-1616
-2018
-2916
-4307
-5599
-6516
-7084
-7582
-8187
-8753
-9408
-10071
-10381
-10130
-9512
-8594
-7315
-5777
-4267
-2952
-1599
12
1599
3082
4856
6876
8709
9909
10654
11242
11642
11848
11991
12103
11933
11312
10412
9332
7940
6351
4766
3351
1969
497
-923
-2281
-3759
-5352
-6766
-7779
-8311
-8530
-8630
-8606
-8532
-8317
-7827
-7029
-5933
-4709
-3466
-2115
-611
918
2368
3647
4859
5927
6803
7642
8436
8999
8994
8548
8078
7576
6853
5883
4825
3706
2413
1067
-75
-987
-1968
-2984
-3791
-4354
-4771
-5082
-5041
-4705
-4299
-3804
-3152
-2322
-1714
-1481
-1236
-879
-557
-350
-286
-393
-1027
-2586
-4517
-6056
-6979
-7441
-8027
-8815
-9697
-10717
-11567
-11912
-11644
-10957
-9901
-8353
-6542
-4868
-3537
-2137
-425
1297
3113
5323
7800
9807
10801
11219
11677
12236
12698
13046
13241
12983
12147
10989
9662
8090
6326
4705
3342
2025
549
-1071
-2723
-4528
-6421
-7900
-8661
-8811
-8688
-8678
-8712
-8513
-8028
-7245
-6115
-4538
-2618
-895
423
1701
3086
4357
5483
6809
8298
9316
9605
9641
9649
9210
8296
7542
7071
6158
4540
2934
1641
185
-1577
-2930
-3551
-4245
-5319
-6126
-6329
-6380
-6621
-6463
-5528
-4499
-3775
-3051
-2064
-1204
-834
-410
471
1319
1610
1565
1645
1466
59
-2521
-4934
-6291
-6829
-7219
-7901
-8927
-10354
-11938
-12905
-12878
-12231
-11211
-9696
-7847
-6206
-4981
-3669
-1826
150
1977
4162
6955
9589
11099
11513
11721
12344
13183
13842
14138
13914
13089
11784
10156
8381
6635
5056
3667
2215
488
-1443
-3396
-5315
-7209
-8780
-9611
-9553
-9045
-8822
-9064
-9219
-8668
-7394
-5771
-3924
-1806
220
1662
2729
3883
5193
6459
7660
8947
9990
10294
9994
9521
8910
7940
6888
6198
5490
4075
2067
206
-1272
-2785
-4246
-5130
-5625
-6243
-7001
-7404
-7331
-7215
-6877
-5838
-4414
-3303
-2530
-1649
-451
636
1358
2070
2805
3178
3185
3204
3289
2810
908
-1966
-4471
-5850
-6442
-7098
-8246
-9691
-11294
-12791
-13614
-13530
-12807
-11764
-10364
-8662
-6970
-5490
-3852
-1845
171
2144
4614
7579
10079
11293
11644
12186
13140
14056
14584
14708
14294
13174
11605
9918
8227
6600
5055
3496
1683
-414
-2495
-4437
-6398
-8318
-9653
-10105
-9929
-9728
-9859
-10056
-9851
-8997
-7420
-5396
-3222
-1130
504
1728
2897
4272
5867
7463
8851
9934
10472
10430
10063
9492
8725
7867
7090
6256
4896
2890
797
-934
-2414
-3711
-4713
-5511
-6351
-7195
-7742
-7775
-7437
-6872
-5888
-4666
-3588
-2660
-1688
-558
549
1463
2338
3226
3818
3959
3943
4007
3923
2933
525
-2510
-4931
-6243
-6875
-7702
-8960
-10445
-12044
-13386
-14085
-13996
-13245
-11931
-10190
-8418
-6908
-5395
-3489
-1352
673
2895
5694
8586
10629
11458
11893
12693
13765
14682
15118
14945
14097
12668
10987
9280
7671
6197
4740
2999
816
-1495
-3594
-5515
-7424
-9081
-10054
-10241
-10085
-10202
-10591
-10720
-10112
-8674
-6661
-4419
-2227
-405
931
2139
3579
5284
7118
8784
10059
10800
10906
10612
10193
9677
9019
8287
7495
6276
4389
2192
256
-1315
-2670
-3778
-4673
-5625
-6784
-7726
-8012
-7794
-7339
-6597
-5478
-4354
-3568
-2787
-1687
-449
552
1400
2416
3358
3704
3591
3613
3864
3734
2526
84
-2856
-5292
-6664
-7194
-7901
-9325
-11104
-12769
-13986
-14613
-14449
-13392
-11846
-10249
-8734
-7223
-5584
-3657
-1507
704
3118
5883
8669
10585
11296
11704
12691
14091
15116
15437
15201
14377
12923
11140
9541
8265
6984
5481
3562
1237
-1202
-3421
-5305
-7072
-8618
-9527
-9742
-9843
-10380
-10978
-10957
-10032
-8333
-6237
-4031
-2083
-632
524
1822
3568
5670
7670
9203
10166
10608
10597
10328
10058
9732
9168
8291
7166
5650
3703
1646
-33
-1331
-2596
-3808
-4888
-5958
-7065
-7888
-8007
-7554
-7017
-6432
-5623
-4739
-3961
-3203
-2152
-822
379
1322
2115
2836
3234
3286
3530
3949
4013
3058
738
-2203
-4729
-6216
-6731
-7302
-8583
-10300
-12055
-13496
-14308
-14240
-13206
-11587
-10031
-8695
-7358
-5880
-3978
-1723
537
2926
5499
8009
9893
10753
11290
12287
13625
14726
15165
14971
14135
12644
10872
9375
8310
7285
5909
3968
1547
-943
-3132
-4876
-6394
-7731
-8614
-9100
-9517
-10136
-10674
-10533
-9579
-8024
-6179
-4279
-2555
-1211
-45
1316
3093
5164
7086
8522
9312
9598
9665
9681
9714
9605
9106
8096
6742
5173
3342
1491
2
-1139
-2333
-3775
-5112
-6091
-6875
-7477
-7589
-7185
-6563
-5879
-5132
-4307
-3546
-2765
-1605
-152
1069
1773
2204
2646
3014
3239
3496
3903
4086
3613
2354
144
-2665
-5118
-6412
-6759
-7261
-8454
-10043
-11761
-13393
-14382
-14069
-12662
-10981
-9517
-8291
-7215
-6064
-4302
-1825
809
3296
5800
8209
9912
10638
11192
12287
13656
14659
15046
14848
13918
12381
10715
9366
8330
7241
5878
3958
1491
-1011
-3012
-4467
-5847
-7196
-8140
-8766
-9436
-10148
-10392
-9935
-9032
-7736
-6176
-4635
-3355
-2175
-748
818
2508
4382
6231
7607
8222
8484
8789
9106
9297
9238
8809
7844
6393
4771
3242
1912
744
-442
-1772
-3177
-4488
-5491
-6197
-6628
-6715
-6500
-6086
-5582
-5041
-4434
-3670
-2745
-1588
-306
739
1462
1967
2370
2759
3198
3694
3979
3939
3692
3157
1549
-1359
-4239
-5849
-6283
-6701
-7721
-9037
-10709
-12683
-14113
-14099
-12824
-11180
-9687
-8527
-7652
-6824
-5284
-2739
-98
2206
4562
6979
8789
9555
10055
11190
12678
13807
14379
14431
13782
12490
10992
9737
8916
8260
7296
5569
3065
554
-1355
-2741
-4019
-5262
-6272
-7200
-8206
-9173
-9741
-9651
-8999
-7905
-6685
-5626
-4607
-3395
-1984
-621
775
2484
4292
5616
6318
6860
7494
8081
8447
8553
8353
7724
6786
5747
4602
3475
2475
1434
91
-1446
-2663
-3427
-4149
-4933
-5454
-5625
-5597
-5435
-5036
-4538
-4093
-3569
-2795
-1889
-1142
-477
264
899
1328
1612
1911
2226
2367
2444
2491
2262
1101
-1251
-3870
-5641
-6222
-6462
-7149
-8212
-9667
-11444
-12949
-13186
-11950
-10307
-9010
-8086
-7322
-6598
-5423
-3211
-476
1978
3991
5805
7324
8143
8782
10006
11599
12861
13436
13524
13145
12168
10945
9977
9383
8793
7801
6211
4094
1958
207
-1074
-2071
-2985
-3799
-4781
-6038
-7178
-7738
-7553
-6997
-6335
-5671
-5121
-4614
-3917
-2833
-1637
-566
524
1710
2767
3452
4014
4683
5223
5462
5643
5966
6061
5616
4827
4078
3546
2998
2280
1438
526
-359
-1221
-2030
-2678
-3144
-3471
-3700
-3744
-3601
-3355
-3104
-2876
-2558
-2147
-1659
-1135
-725
-420
-154
130
382
535
634
754
941
1084
1024
318
-1359
-3565
-5445
-6359
-6585
-6819
-7415
-8542
-10040
-11362
-11805
-11179
-10040
-8823
-7698
-6764
-6045
-5116
-3360
-1090
971
2664
4257
5740
6768
7559
8719
10170
11280
11791
11968
11869
11370
10648
10013
9511
8838
7920
6798
5372
3783
2349
1313
497
-380
-1277
-2131
-2933
-3637
-4091
-4245
-4225
-4160
-4139
-4098
-3888
-3403
-2760
-2139
-1637
-1318
-1108
-805
-221
472
1021
1457
1813
2028
2100
2299
2723
3026
3059
2972
2832
2541
2168
2011
1978
1668
1011
382
59
-170
-434
-598
-730
-1070
-1582
-1817
-1674
-1586
-1823
-2171
-2345
-2446
-2457
-2276
-2091
-2170
-2467
-2544
-2148
-1541
-985
-549
-353
-498
-1213
-2434
-3739
-4703
-5095
-5241
-5434
-5872
-6812
-8123
-9191
-9259
-8367
-7102
-5929
-5081
-4612
-4439
-3907
-2564
-776
938
2353
3540
4376
4801
5342
6386
7619
8509
8990
9207
9126
8748
8266
7985
7861
7659
7307
6683
5761
4755
3920
3368
2922
2392
1800
1196
574
-42
-533
-827
-939
-1033
-1288
-1644
-1944
-2112
-2231
-2401
-2562
-2684
-2877
-3067
-3016
-2767
-2595
-2530
-2346
-1957
-1528
-1002
-187
632
1059
1256
1682
2294
2697
2946
3305
3573
3360
2876
2582
2408
2073
1618
1261
829
91
-673
-1190
-1616
-2223
-2836
-3165
-3339
-3568
-3777
-3813
-3750
-3693
-3522
-3112
-2582
-2103
-1720
-1377
-981
-509
-17
327
299
-218
-1145
-2059
-2511
-2508
-2409
-2614
-3221
-4107
-5068
-5708
-5708
-5121
-4400
-3966
-3819
-3743
-3565
-3139
-2402
-1432
-441
368
992
1475
1937
2529
3282
4098
4755
5236
5660
6038
6326
6483
6563
6623
6665
6667
6592
6468
6288
5926
5340
4680
4154
3736
3256
2687
2080
1437
707
-22
-596
-1041
-1448
-1841
-2237
-2646
-3080
-3405
-3524
-3513
-3449
-3374
-3264
-3104
-2899
-2576
-2106
-1559
-993
-454
62
574
1055
1474
1803
2072
2295
2399
2362
2217
2024
1702
1172
583
56
-449
-970
-1381
-1560
-1630
-1725
-1814
-1854
-1904
-1965
-1875
-1608
-1325
-1155
-1123
-1107
-1035
-895
-681
-446
-265
-175
-103
51
266
385
313
124
-164
-580
-1099
-1609
-1969
-2250
-2615
-3155
-3758
-4215
-4503
-4671
-4690
-4549
-4343
-4196
-4033
-3751
-3366
-2862
-2191
-1432
-766
-211
408
1124
1807
2441
3138
3815
4271
4503
4683
4921
5163
5360
5505
5516
5360
5163
4996
4833
4623
4355
4028
3569
3025
2530
2132
1822
1549
1265
964
686
523
471
448
380
210
-44
-303
-498
-624
-774
-991
-1285
-1631
-1927
-2080
-2094
-2106
-2202
-2295
-2296
-2164
-1897
-1562
-1299
-1228
-1262
-1203
-1019
-789
-534
-314
-209
-253
-346
-308
-145
60
278
450
538
538
478
403
322
268
251
205
79
-104
-307
-548
-813
-1013
-1076
-1029
-1011
-1097
-1265
-1422
-1473
-1404
-1231
-1006
-838
-784
-847
-995
-1152
-1231
-1168
-1026
-932
-971
-1143
-1375
-1570
-1649
-1567
-1398
-1259
-1199
-1206
-1248
-1284
-1228
-1036
-781
-548
-376
-229
-61
102
261
469
735
1020
1284
1529
1753
1932
2081
2235
2372
2475
2584
2741
2925
3065
3146
3194
3230
3260
3296
3359
3434
3429
3246
2926
2602
2321
2046
1747
1425
1062
645
224
-160
-496
-815
-1094
-1307
-1505
-1692
-1850
-1954
-2010
-2048
-2043
-2005
-1962
-1888
-1753
-1562
-1332
-1074
-814
-607
-445
-275
-82
120
305
458
519
464
358
272
248
267
277
209
16
-260
-514
-664
-718
-760
-834
-939
-1104
-1318
-1512
-1610
-1577
-1493
-1435
-1429
-1453
-1473
-1437
-1330
-1192
-1050
-925
-810
-716
-654
-570
-489
-461
-482
-519
-536
-567
-632
-716
-803
-843
-806
-712
-599
-512
-459
-411
-344
-224
-45
151
334
487
654
863
1068
1197
1237
1239
1264
1354
1498
1630
1673
1597
1472
1381
1384
1459
1512
1504
1442
1377
1373
1422
1487
1521
1505
1481
1468
1468
1485
1476
1400
1270
1118
986
860
715
549
375
223
110
28
-35
-97
-165
-225
-265
-281
-279
-263
-244
-232
-244
-270
-288
-294
-299
-299
-288
-277
-307
-380
-461
-520
-557
-587
-624
-679
-753
-841
-921
-993
-1072
-1162
-1267
-1370
-1456
-1535
-1608
-1699
-1811
-1911
-1973
-1981
-1948
-1902
-1861
-1828
-1780
-1701
-1589
-1451
-1296
-1125
-972
-822
-659
-485
-304
-121
75
276
459
622
754
858
949
1057
1195
1320
1392
1386
1319
1230
1137
1072
1044
1025
989
914
812
712
635
613
632
668
714
749
781
815
865
958
1074
1178
1247
1289
1330
1382
1444
1495
1500
1427
1290
1130
983
856
717
529
288
33
-197
-392
-544
-657
-759
-868
-971
-1043
-1084
-1097
-1088
-1051
-983
-886
-768
-655
-589
-561
-527
-446
-301
-138
-17
36
29
36
88
171
273
346
339
230
50
-133
-274
-359
-404
-448
-545
-723
-936
-1121
-1242
-1310
-1335
-1319
-1311
-1356
-1434
-1477
-1446
-1340
-1157
-931
-728
-603
-515
-381
-187
39
273
500
670
749
764
784
832
894
953
988
974
907
808
711
644
605
583
552
507
445
401
402
436
475
494
514
555
615
694
764
824
867
886
879
857
847
837
806
728
612
471
312
150
12
-98
-193
-296
-428
-583
-728
-821
-848
-832
-827
-863
-925
-971
-961
-874
-728
-580
-474
-420
-375
-288
-129
75
267
393
440
452
477
555
673
767
772
686
543
408
313
239
175
90
-31
-182
-337
-473
-582
-653
-678
-676
-670
-692
-736
-798
-846
-827
-727
-569
-432
-365
-352
-350
-312
-223
-85
77
198
241
231
226
264
330
383
393
357
299
254
234
209
159
87
16
-38
-56
-37
-15
-10
-23
-28
-4
53
127
197
239
259
276
313
372
416
431
423
424
442
461
453
385
278
174
109
90
92
82
25
-86
-208
-293
