-1
-1
0
0
0
0
0
0
0
-1
1
0
0
1
0
0
0
1
1
0
0
0
0
0
0
-1
0
0
0
0
0
0
0
-1
0
0
0
0
-1
0
0
0
0
0
0
0
-1
0
0
0
0
0
0
0
0
1
1
0
0
-1
1
0
0
0
0
1
0
0
0
0
1
0
-1
0
0
1
-1
1
0
-1
-1
-1
0
0
0
1
0
0
1
-1
0
0
1
0
0
1
0
0
-1
0
0
0
1
-1
0
0
0
0
-1
0
0
-1
0
-1
0
0
0
0
0
0
0
0
0
-1
0
0
1
0
1
0
-1
0
1
1
0
0
1
0
0
0
-1
-1
0
0
1
0
-1
0
0
0
0
1
0
0
0
1
0
0
1
-1
0
0
0
0
0
0
-1
0
1
0
0
1
1
-1
0
0
0
0
0
-1
0
-1
0
1
0
-1
0
0
0
-1
0
-1
0
1
-1
-1
-1
0
1
0
0
0
0
0
0
0
1
0
-1
0
1
0
1
-1
0
0
-1
0
1
0
1
-1
-1
0
1
0
0
0
0
0
1
0
0
0
-1
1
-1
0
1
0
0
1
0
-1
0
0
-1
0
0
0
1
0
0
0
0
0
0
0
0
0
0
1
-1
1
0
0
1
0
0
0
0
-1
1
0
0
0
-1
0
0
1
0
1
0
0
0
-1
0
0
-1
-1
0
0
0
0
1
1
1
-1
-1
0
1
-1
-1
0
0
-1
0
-1
0
1
0
0
0
-1
-1
0
0
1
0
1
1
0
0
0
-1
1
0
0
0
0
-1
0
0
1
0
-1
0
0
-1
0
0
1
0
0
1
1
0
-1
1
0
0
1
0
0
0
-1
-1
0
0
-1
-1
0
-1
0
0
0
0
0
0
0
0
0
-1
-1
0
0
0
0
0
-1
0
0
-2
1
-1
0
0
-1
0
0
0
1
0
0
0
1
0
0
-1
1
0
0
-1
0
0
0
0
1
0
0
0
0
0
0
0
0
0
-1
0
0
-1
-1
0
1
0
-1
0
-1
1
0
1
1
0
0
0
0
0
1
-1
0
0
-1
1
0
-1
0
-1
0
0
0
-1
0
1
0
0
1
0
0
1
0
0
0
1
0
0
0
0
0
0
0
0
1
0
0
0
0
1
0
0
0
0
-1
-1
0
0
-1
0
-1
-1
0
0
1
0
0
0
0
0
1
0
1
0
0
1
0
1
0
0
1
1
0
1
0
0
0
-1
0
0
-1
-1
-1
-1
0
0
0
-1
0
0
0
1
0
0
0
0
-1
-1
0
0
0
0
-1
0
0
0
0
0
0
1
-1
0
0
0
0
0
-1
1
0
0
0
1
0
1
0
0
0
-1
0
0
1
0
0
0
0
0
-1
0
-1
1
1
0
0
1
0
0
0
-1
1
-1
0
0
0
0
0
0
0
0
-1
1
0
0
1
0
0
0
0
-1
0
-1
0
0
0
0
0
0
0
1
0
-2
1
-1
0
0
0
0
-1
1
1
0
1
0
0
0
0
0
0
1
0
0
0
0
0
-1
0
1
-1
0
-1
0
-1
0
0
-1
-2
0
0
0
-1
-1
1
-1
1
-1
0
-1
-1
0
0
0
0
0
0
0
0
0
0
0
1
-1
1
0
0
0
-1
-1
-1
0
0
0
1
0
0
0
0
0
1
2
1
-1
1
1
0
1
1
1
1
0
1
1
0
0
0
0
1
1
2
0
0
0
0
0
0
0
0
1
0
0
1
0
-1
0
1
-1
0
0
0
0
-1
0
0
-1
-1
0
-1
0
0
-1
0
0
-1
-1
1
0
0
-1
-1
0
0
-1
0
0
1
0
0
0
2
-1
0
0
0
0
0
0
1
1
0
-1
1
0
0
-1
1
0
0
0
0
-1
0
0
0
0
0
0
0
0
-1
0
0
0
-1
-1
0
0
-1
1
0
-1
0
0
0
1
0
-1
-1
0
0
0
0
-1
0
0
0
0
-1
0
0
0
-1
0
-1
0
-1
-1
-1
0
-1
-2
-1
0
0
-1
0
-1
0
1
0
1
0
1
2
1
1
1
1
2
1
2
3
2
2
2
2
3
2
1
2
2
2
2
2
2
1
0
0
2
1
0
-1
-1
-1
-2
-1
-1
-2
-2
-2
-2
-4
-4
-3
-4
-4
-3
-4
-3
-4
-5
-5
-3
-4
-3
-4
-4
-3
-4
-3
-2
-1
-1
0
0
0
2
2
1
2
3
3
4
4
5
6
6
6
7
7
7
9
7
8
8
7
7
7
6
6
5
4
4
3
1
1
0
0
-2
-2
-3
-4
-5
-6
-6
-6
-8
-8
-10
-9
-10
-12
-12
-13
-12
-13
-11
-13
-13
-12
-12
-13
-11
-10
-10
-8
-8
-5
-4
-3
-2
-1
1
3
5
6
7
10
13
13
15
16
18
20
20
22
24
25
25
26
26
27
28
27
27
26
25
24
23
21
20
19
17
14
12
9
7
4
1
-2
-5
-10
-11
-15
-19
-21
-25
-27
-31
-33
-36
-38
-41
-43
-45
-46
-47
-49
-51
-53
-53
-54
-56
-57
-57
-58
-57
-56
-55
-52
-49
-47
-42
-38
-33
-28
-23
-16
-9
-1
8
17
27
37
45
55
64
74
81
87
96
102
107
113
118
122
126
129
132
134
135
135
132
128
123
117
110
102
93
85
75
66
58
46
35
23
13
1
-12
-26
-41
-55
-71
-86
-99
-115
-129
-144
-157
-166
-175
-181
-187
-193
-194
-195
-194
-195
-194
-192
-187
-181
-175
-169
-160
-149
-139
-130
-122
-111
-101
-92
-83
-72
-63
-55
-48
-41
-35
-25
-17
-11
-3
6
20
32
47
59
72
88
105
125
145
166
183
202
219
235
249
260
269
273
280
285
289
291
291
285
274
263
249
232
213
193
172
153
135
117
95
79
60
42
24
7
-8
-24
-38
-54
-74
-96
-118
-141
-161
-183
-207
-229
-245
-259
-268
-275
-281
-285
-286
-284
-280
-273
-265
-252
-235
-210
-181
-148
-115
-78
-41
0
44
94
142
191
240
291
344
389
430
463
489
510
522
528
527
521
508
490
465
437
404
365
323
279
231
179
128
71
13
-48
-111
-175
-241
-300
-363
-422
-483
-542
-603
-663
-721
-778
-831
-884
-935
-983
-1026
-1067
-1105
-1141
-1176
-1209
-1235
-1253
-1266
-1273
-1274
-1260
-1235
-1195
-1144
-1081
-1004
-913
-804
-681
-549
-409
-260
-104
58
225
391
560
727
888
1047
1204
1353
1492
1621
1737
1843
1940
2023
2089
2138
2170
2191
2197
2186
2162
2123
2073
2011
1940
1857
1759
1653
1537
1414
1282
1141
993
837
679
517
354
188
21
-145
-313
-478
-639
-798
-955
-1107
-1247
-1378
-1500
-1610
-1709
-1786
-1845
-1888
-1913
-1922
-1911
-1885
-1837
-1775
-1703
-1618
-1528
-1429
-1319
-1201
-1080
-955
-831
-706
-580
-459
-343
-233
-134
-35
61
154
243
322
400
475
551
620
681
738
787
832
868
904
932
956
974
983
984
974
952
916
873
816
752
677
588
495
392
277
159
36
-101
-244
-383
-523
-663
-800
-938
-1070
-1203
-1330
-1453
-1570
-1687
-1798
-1894
-1977
-2053
-2116
-2165
-2197
-2207
-2189
-2147
-2079
-1988
-1873
-1729
-1556
-1357
-1144
-918
-679
-427
-158
129
418
708
995
1282
1572
1855
2127
2378
2613
2830
3035
3219
3378
3506
3604
3673
3721
3741
3729
3691
3625
3533
3416
3283
3125
2945
2738
2515
2280
2030
1765
1489
1207
920
626
330
32
-267
-568
-861
-1145
-1420
-1689
-1948
-2194
-2422
-2631
-2823
-2992
-3134
-3251
-3335
-3385
-3408
-3403
-3373
-3312
-3229
-3126
-3001
-2858
-2696
-2517
-2318
-2108
-1891
-1671
-1447
-1215
-974
-732
-491
-249
-7
238
484
723
943
1144
1330
1497
1646
1769
1874
1950
2005
2045
2068
2077
2064
2031
1978
1907
1825
1732
1624
1496
1352
1190
1026
851
663
463
250
25
-199
-427
-652
-872
-1090
-1301
-1506
-1695
-1872
-2049
-2216
-2362
-2488
-2598
-2693
-2775
-2840
-2885
-2909
-2903
-2866
-2798
-2701
-2582
-2437
-2259
-2051
-1813
-1550
-1274
-976
-652
-303
59
434
801
1154
1493
1819
2136
2441
2730
3002
3254
3488
3705
3893
4050
4164
4233
4258
4256
4237
4200
4152
4090
4005
3896
3764
3604
3415
3194
2943
2671
2392
2109
1829
1541
1231
889
519
132
-262
-653
-1040
-1419
-1780
-2111
-2412
-2683
-2938
-3184
-3422
-3641
-3815
-3939
-4001
-4018
-3997
-3935
-3824
-3668
-3491
-3306
-3118
-2914
-2692
-2433
-2142
-1842
-1541
-1259
-984
-713
-444
-189
46
271
491
709
928
1127
1294
1421
1518
1591
1642
1676
1698
1707
1704
1693
1667
1630
1571
1494
1397
1283
1150
1001
851
697
540
372
197
4
-209
-430
-644
-854
-1074
-1302
-1528
-1731
-1906
-2055
-2199
-2352
-2515
-2684
-2844
-3008
-3190
-3381
-3534
-3610
-3585
-3451
-3208
-2879
-2490
-2062
-1612
-1132
-619
-77
477
1045
1629
2211
2769
3264
3659
3928
4075
4112
4072
3993
3908
3818
3722
3633
3557
3490
3418
3318
3195
3070
2968
2900
2891
2936
3004
3045
3036
2972
2841
2639
2369
2044
1684
1321
966
613
253
-130
-560
-1032
-1520
-1991
-2412
-2773
-3068
-3284
-3423
-3495
-3528
-3528
-3493
-3431
-3337
-3195
-2984
-2697
-2349
-1974
-1590
-1229
-931
-720
-596
-545
-539
-555
-559
-544
-512
-479
-435
-381
-333
-281
-208
-87
97
363
702
1060
1388
1650
1843
1960
1993
1938
1827
1666
1475
1273
1072
872
635
362
62
-233
-515
-788
-1059
-1295
-1474
-1619
-1744
-1853
-1923
-1939
-1925
-1934
-1987
-2081
-2205
-2322
-2399
-2389
-2265
-2052
-1843
-1718
-1703
-1825
-2168
-2807
-3629
-4358
-4766
-4816
-4536
-3921
-2997
-1943
-995
-215
497
1217
1915
2583
3303
4140
5025
5775
6230
6330
6071
5461
4573
3613
2807
2249
1895
1698
1686
1876
2178
2421
2529
2581
2692
2901
3219
3659
4185
4638
4827
4680
4257
3624
2791
1794
787
-77
-737
-1236
-1629
-1944
-2252
-2596
-2936
-3171
-3224
-3092
-2816
-2427
-1960
-1494
-1146
-997
-1061
-1326
-1746
-2242
-2728
-3134
-3435
-3626
-3708
-3658
-3483
-3222
-2897
-2499
-2029
-1506
-950
-381
163
659
1085
1411
1609
1675
1652
1562
1424
1225
980
723
501
355
273
266
318
412
545
694
865
1028
1163
1235
1226
1188
1143
1062
868
580
258
-88
-449
-801
-1083
-1325
-1574
-1821
-2015
-2105
-2140
-2195
-2328
-2488
-2585
-2627
-2592
-2424
-2085
-1655
-1325
-1164
-1153
-1381
-2149
-3499
-4963
-5919
-6207
-6108
-5666
-4624
-2988
-1352
-237
527
1363
2295
3039
3665
4558
5756
6802
7279
7263
6927
6186
4877
3203
1679
662
119
-168
-217
154
960
1867
2503
2896
3327
3862
4319
4693
5222
5910
6335
6139
5466
4626
3592
2183
562
-809
-1694
-2241
-2614
-2775
-2728
-2670
-2751
-2829
-2699
-2344
-1875
-1324
-691
-93
314
449
278
-269
-1161
-2180
-3097
-3911
-4693
-5399
-5816
-5808
-5526
-5082
-4459
-3619
-2634
-1590
-499
599
1521
2123
2456
2670
2763
2563
2054
1412
824
286
-283
-852
-1283
-1455
-1356
-999
-473
126
763
1404
2024
2512
2836
2984
2937
2725
2381
2006
1533
864
84
-618
-1078
-1382
-1601
-1713
-1777
-1924
-2279
-2613
-2683
-2503
-2276
-2153
-1941
-1648
-1432
-1428
-1499
-1411
-1249
-1116
-1017
-863
-1002
-2051
-3967
-6006
-7339
-7971
-8225
-7850
-6396
-3998
-1642
71
1398
2690
3828
4499
4986
5710
6723
7554
7846
7728
7282
6345
4682
2547
601
-752
-1540
-1970
-1925
-1107
417
2111
3404
4291
5030
5643
5938
6029
6338
6914
7286
6996
6206
5213
3903
2012
-243
-2162
-3406
-4106
-4436
-4284
-3653
-2936
-2458
-2145
-1724
-1183
-687
-239
288
875
1318
1410
1113
374
-821
-2309
-3781
-5018
-6072
-6948
-7472
-7365
-6680
-5697
-4633
-3465
-2119
-698
668
1833
2712
3230
3469
3551
3435
2939
2025
931
-79
-960
-1700
-2295
-2632
-2544
-2078
-1243
-239
694
1431
2071
2667
3124
3381
3444
3320
2930
2363
1755
1163
416
-492
-1294
-1752
-1827
-1754
-1593
-1526
-1687
-2045
-2343
-2313
-2130
-1945
-1794
-1583
-1429
-1476
-1578
-1520
-1281
-1123
-965
-593
-299
-1018
-3148
-5754
-7581
-8376
-8831
-8916
-7785
-5211
-2328
-324
1088
2604
4161
5075
5434
6076
7117
7911
7963
7608
7220
6506
5026
2808
521
-1210
-2189
-2646
-2718
-2081
-436
1848
3882
5197
6083
6805
7112
6878
6568
6800
7182
6878
5870
4748
3633
1949
-445
-2738
-4197
-4856
-5059
-4758
-3727
-2340
-1222
-568
-58
528
961
1099
1130
1275
1484
1449
1003
174
-928
-2252
-3769
-5319
-6722
-7840
-8599
-8756
-8084
-6663
-4908
-3116
-1210
755
2472
3601
4184
4384
4205
3697
3064
2415
1551
313
-1029
-2123
-2953
-3632
-4041
-3884
-3146
-1962
-489
1056
2373
3237
3713
3980
4034
3773
3156
2360
1503
655
-158
-906
-1490
-1950
-2146
-2017
-1602
-1304
-1395
-1800
-2077
-1940
-1625
-1366
-1251
-1192
-1380
-1660
-1710
-1359
-1020
-892
-497
299
544
-1103
-4181
-6950
-8283
-8906
-9481
-9153
-6995
-3698
-1068
467
1825
3474
4735
5163
5554
6571
7814
8396
8212
7682
6891
5590
3613
1245
-959
-2371
-2838
-2836
-2636
-1731
294
2779
4569
5579
6516
7463
7737
7199
6842
7035
7041
6098
4616
3319
1963
23
-2296
-4046
-4887
-5131
-4958
-4188
-2838
-1442
-399
368
1050
1621
1992
2103
2003
1697
1303
752
-206
-1587
-3065
-4253
-5334
-6315
-6997
-7244
-7433
-7863
-8027
-7498
-6276
-4774
-2818
-108
2890
5350
6769
7376
7165
6036
4320
2634
1247
-167
-1599
-2693
-3262
-3649
-4133
-4331
-3910
-2904
-1559
93
2000
3649
4667
5175
5580
5722
5180
3946
2548
1321
157
-1048
-2105
-2685
-2959
-3044
-3097
-3042
-2989
-2992
-2963
-2796
-2324
-1684
-1054
-696
-540
-386
-183
-250
-556
-630
-309
-537
-2514
-5713
-8461
-9614
-10037
-10312
-9599
-6994
-3288
-498
1078
2328
3880
5034
5326
5625
6594
7941
8660
8548
7982
6952
5175
2515
-300
-2357
-3247
-3204
-2819
-2070
-544
1809
4167
5641
6391
7114
7916
8221
7936
7728
7826
7492
6120
4220
2533
950
-1046
-3182
-4595
-4976
-4698
-4112
-3125
-1848
-700
152
873
1632
2225
2544
2696
2726
2522
1866
798
-567
-2120
-3700
-5174
-6357
-7235
-7942
-8463
-8669
-8238
-7154
-5664
-3937
-2077
-9
1986
3586
4544
4847
4664
4008
3033
1858
680
-552
-1821
-2863
-3618
-4113
-4448
-4459
-3813
-2479
-692
1122
2787
4211
5196
5680
5637
5194
4319
3105
1796
556
-442
-1274
-1954
-2478
-2723
-2647
-2312
-1978
-1815
-1834
-1888
-1747
-1333
-644
10
476
543
327
-35
-463
-846
-1421
-1728
-1381
-455
-397
-2432
-5706
-8431
-9526
-10098
-10513
-9715
-6797
-2767
268
2225
3929
5684
6473
6057
5809
6389
7246
7292
6748
6259
5624
4248
1855
-675
-2535
-3332
-3324
-2998
-2237
-564
2178
4997
6817
7726
8352
8856
8576
7545
6766
6554
6194
4807
2903
1306
-100
-1977
-4238
-5741
-5950
-5354
-4499
-3220
-1360
527
1813
2508
2984
3354
3408
3130
2670
2085
1264
27
-1669
-3556
-5242
-6420
-7221
-7759
-7880
-7345
-6443
-5815
-5488
-5168
-4386
-3327
-1727
432
2882
4976
6069
6286
5632
4302
2404
422
-1142
-2208
-2746
-2907
-2822
-2708
-2763
-2729
-2387
-1606
-509
765
2245
3701
4850
5437
5575
5263
4353
2848
1157
-192
-1202
-2045
-2760
-3036
-2871
-2635
-2508
-2539
-2581
-2661
-2568
-2035
-1225
-412
36
262
293
311
322
99
-262
-499
-344
-652
-2611
-5967
-9050
-10440
-10765
-10900
-10202
-7590
-3615
-384
1505
3029
4868
6199
6248
6028
6572
7771
8348
7883
6920
5655
3967
1542
-966
-2828
-3593
-3394
-2803
-1847
-290
2141
4748
6596
7524
8161
8837
8977
8415
7777
7513
6927
5246
2905
880
-790
-2703
-4653
-5734
-5580
-4794
-3813
-2429
-598
1036
1939
2417
2868
3324
3505
3345
3034
2446
1497
90
-1638
-3392
-5056
-6406
-7487
-8054
-8060
-7622
-7249
-7226
-7075
-6318
-4804
-3017
-921
1622
4263
6141
6721
6383
5302
3620
1525
-262
-1374
-2151
-2722
-2974
-2761
-2617
-2797
-2886
-2353
-1196
179
1747
3511
5054
5743
5602
5188
4694
3739
2126
442
-832
-1693
-2442
-2955
-3009
-2864
-2796
-2924
-3049
-3200
-3348
-3052
-2168
-1046
-286
107
413
548
235
-359
-812
-949
-747
-148
464
-357
-3256
-6920
-9365
-10311
-11024
-11270
-9571
-5593
-1530
867
2456
4379
6180
6548
6066
6377
7583
8528
8423
7865
7015
5339
2589
-538
-2947
-4248
-4404
-3832
-2771
-1153
1235
4011
6073
7044
7566
8349
8876
8556
7969
7948
7990
6854
4562
2253
376
-1799
-4335
-6128
-6351
-5634
-4789
-3624
-1870
-41
1077
1633
2243
2967
3417
3584
3646
3471
2719
1374
-375
-2456
-4574
-6361
-7535
-8159
-8271
-7959
-7743
-7834
-7784
-6842
-5105
-3124
-829
1994
4905
6799
7302
6878
5756
3951
1775
36
-1021
-1728
-2263
-2542
-2603
-2914
-3538
-3955
-3583
-2275
-465
1534
3419
4972
5802
5880
5494
4650
3449
1842
368
-738
-1404
-1806
-2122
-2312
-2589
-2659
-2679
-2750
-3067
-3262
-2942
-2314
-1571
-855
-165
-3
-302
-685
-704
-733
-957
-704
203
661
-1208
-4940
-8369
-9956
-10492
-11013
-10506
-7871
-3792
-603
1108
2492
4182
5387
5405
5337
6225
7791
8867
8854
8136
6858
4843
1968
-1136
-3301
-3918
-3313
-2496
-1657
-113
2322
4642
5782
6206
7014
8130
8558
8200
8166
8665
8447
6616
3959
1634
-411
-2706
-4809
-5679
-5301
-4537
-3817
-2649
-1053
184
607
771
1354
2263
3099
3754
4157
4046
3092
1411
-707
-2965
-5101
-6730
-7412
-7276
-6923
-7206
-8004
-8663
-8402
-7221
-5358
-2765
361
3545
5919
7224
7358
6369
4431
2097
190
-1113
-1932
-2450
-2670
-2736
-3022
-3553
-4045
-3955
-3006
-1280
897
3000
4696
5819
6352
6259
5482
4293
2775
1216
-204
-1287
-1897
-2379
-2829
-3380
-3545
-3399
-3178
-3129
-3079
-2596
-1935
-1105
-380
389
778
704
390
78
-169
-537
-403
288
714
-838
-4518
-8397
-10585
-11081
-11235
-10799
-8594
-4674
-1140
656
1741
3337
5016
5593
5547
6282
7981
9377
9408
8385
6706
4373
1303
-1839
-3893
-4334
-3492
-2418
-1434
-217
1643
3601
4767
5294
6058
7413
8511
8947
9208
9618
9283
7346
4442
1845
-174
-2291
-4319
-5284
-4926
-4253
-3871
-3274
-2093
-857
-159
415
1408
2678
3730
4492
4975
4829
3720
1804
-307
-2332
-4184
-5809
-6800
-6876
-6539
-6813
-8162
-9497
-9634
-8237
-6012
-3171
229
3554
5942
6894
6851
5896
4253
2320
792
-106
-736
-1275
-1897
-2660
-3642
-4618
-5144
-4895
-3746
-1704
810
3168
4698
5323
5323
4975
4449
3844
3241
2413
1436
435
-260
-1119
-2181
-3297
-4042
-4198
-4204
-3714
-3159
-2342
-1854
-1484
-1014
-761
-413
-492
-321
-146
193
497
574
1055
1439
843
-2211
-6796
-10292
-11317
-10829
-10376
-9179
-6251
-2665
-557
-100
642
2402
4101
4955
5977
8004
10092
10809
9767
7779
5271
2389
-510
-2558
-3067
-2300
-1188
-675
-653
-276
841
2013
2747
3791
5944
8443
9786
9883
9802
9667
8268
5418
2608
932
-166
-1451
-2451
-2739
-2869
-3586
-4419
-4459
-3777
-2931
-1979
-430
1524
3243
4313
4796
4716
3778
2222
587
-685
-1825
-3032
-4035
-4615
-5099
-6343
-8401
-10383
-11057
-9971
-7558
-4322
-820
2411
4706
5788
5772
5054
4143
3279
2641
2135
1679
1018
-173
-1987
-4103
-5938
-6977
-6847
-5332
-2676
268
2539
3628
3862
3747
3691
3847
4239
4708
4739
4030
2723
1134
-663
-2752
-4655
-5550
-5185
-4055
-3123
-2644
-2541
-2569
-2553
-2470
-2038
-1426
-738
-229
181
670
1051
1274
1370
1711
1626
-324
-4271
-8335
-10250
-10155
-9575
-8869
-7150
-4372
-2323
-1839
-1642
-242
2105
4061
5680
7624
9791
10919
10181
8190
5802
3615
1582
28
-593
-223
448
282
-754
-1646
-1451
-497
630
2199
4675
7435
9093
9400
9310
9216
8384
6448
4474
3442
2902
1908
493
-718
-1898
-3508
-5160
-5803
-5237
-4239
-3237
-2021
-487
848
1672
2163
2594
2789
2606
2205
1625
847
-452
-2130
-3898
-5459
-6749
-8089
-9143
-9426
-8504
-6763
-4867
-2936
-1163
436
1585
2428
3121
3602
3883
3769
3399
2575
1406
25
-1465
-2785
-3784
-4125
-3833
-2942
-1672
-333
716
1242
1550
1902
2473
3003
3509
4009
4111
3568
2250
844
-379
-1431
-2301
-2766
-2499
-2234
-2239
-2479
-2540
-2484
-2651
-2627
-2234
-1434
-897
-778
-709
-644
-514
-526
-368
234
1075
1315
-647
-4437
-8072
-9590
-9347
-9021
-8370
-6664
-4078
-2569
-2571
-2323
-611
1970
3964
5606
7695
9769
10578
9614
7805
6036
4385
2840
1628
1273
1505
1506
478
-1271
-2490
-2341
-1171
304
2290
4879
7280
8234
7947
7617
7646
7358
6352
5440
5141
4831
3778
2094
276
-1646
-3735
-5182
-5384
-4627
-3696
-2897
-1998
-1226
-756
-421
194
1093
1814
2222
2365
2317
1874
549
-1170
-2612
-3525
-4748
-6991
-9238
-10254
-9518
-7949
-6019
-3733
-1483
188
1098
1945
2921
3773
4325
4622
4743
4207
2967
1324
-437
-2089
-3407
-3956
-3810
-3127
-2247
-1341
-739
-540
-344
93
1137
2383
3709
4591
4638
3819
2264
895
-352
-1139
-1640
-1606
-1401
-1755
-2454
-3308
-3752
-4209
-4502
-4172
-3141
-1950
-1217
-813
-397
-181
-303
-221
834
2200
1953
-930
-5178
-8052
-8700
-8305
-7964
-7185
-5473
-3983
-3941
-4528
-3745
-1139
1814
4060
6140
8489
10176
10035
8569
7190
6291
5273
3994
3326
3616
3797
2567
36
-2251
-3029
-2359
-942
958
3403
5585
6334
5713
5071
5411
6109
6342
6465
7022
7440
6574
4570
2487
674
-1241
-3115
-3900
-3368
-2633
-2682
-3298
-3722
-3940
-4077
-3682
-2235
-113
1559
2284
2339
1949
955
-638
-2239
-3331
-3897
-4337
-4906
-5568
-6059
-6175
-6060
-5669
-4878
-3598
-2013
-576
477
1125
1520
1750
1838
1988
2156
2237
1996
1490
806
-57
-931
-1489
-1415
-860
-300
-7
104
86
6
-91
161
674
1166
1356
1246
1102
802
366
-135
-429
-379
-417
-681
-1133
-1469
-1654
-2149
-2844
-3497
-3478
-2941
-2269
-1580
-915
-239
-75
-184
123
926
945
-1211
-4680
-7027
-7162
-6412
-6351
-6430
-5706
-4786
-4873
-5415
-4342
-1291
2014
4159
5576
7110
8228
8085
7143
6536
6613
6524
5884
5144
4678
4016
2341
-2
-1766
-1913
-778
684
2116
3471
4327
3938
2860
2584
3831
5661
6856
7406
7649
7276
5762
3736
2242
1498
733
-226
-780
-813
-1178
-2475
-3979
-4809
-4871
-4523
-3724
-2379
-967
-233
-296
-583
-654
-640
-916
-1354
-1667
-1798
-2175
-3079
-4137
-4864
-4978
-4756
-4308
-3576
-2640
-1769
-1262
-997
-677
-251
237
687
1229
1751
1902
1537
840
296
33
-86
-132
18
332
591
521
261
-10
-102
71
392
819
1207
1413
1233
597
-139
-594
-551
-209
-5
-95
-668
-1309
-1757
-1827
-1757
-1943
-2237
-2509
-2460
-2190
-1774
-1258
-933
-840
-537
327
908
-607
-4231
-7589
-8322
-6936
-5820
-5547
-5212
-4555
-4810
-5957
-5922
-3522
77
2910
4926
6818
8198
8104
6797
5921
6295
7201
7433
6815
5966
5039
3509
1154
-1004
-1587
-547
906
1927
2851
3684
3681
2663
2008
3112
5277
6879
7467
7657
7339
5847
3759
2563
2607
2780
2165
1158
206
-967
-2679
-4224
-4866
-4682
-4153
-3482
-2633
-2145
-2345
-2943
-3224
-2808
-2007
-1192
-610
-379
-637
-1554
-2750
-3755
-4063
-3609
-2734
-1916
-1759
-2123
-2601
-2879
-2938
-2618
-1752
-636
259
596
497
89
-410
-614
-392
97
658
1261
1696
1654
1179
693
505
453
538
847
1344
1655
1449
826
126
-411
-798
-873
-592
-61
230
-8
-728
-1522
-2018
-2037
-1706
-1462
-1406
-1611
-1788
-1880
-1818
-1427
-834
-197
33
114
511
800
-416
-3678
-6801
-7507
-6101
-5020
-5290
-5667
-5577
-5867
-6731
-6477
-3886
-224
2492
3918
4980
5960
6239
5985
6167
7281
8430
8431
7282
5800
4571
3136
1347
-21
-29
1049
1798
1678
1348
1388
1335
1038
1393
2994
5001
6023
6005
5762
5469
4701
3769
3749
4627
5017
4070
2523
1252
-1
-1543
-2827
-3105
-2728
-2565
-2790
-3091
-3366
-3784
-4092
-3842
-2955
-1922
-1399
-1239
-1118
-938
-1256
-2711
-4161
-4631
-3915
-2950
-2560
-2216
-2282
-2724
-3173
-2873
-1543
-313
472
844
1041
922
451
210
349
778
1060
1107
902
418
62
-26
24
-51
-101
230
797
1069
997
796
595
314
53
-42
-33
-48
-226
-363
-659
-1045
-1426
-1602
-1429
-1391
-1689
-2298
-2829
-2893
-2460
-1610
-799
-389
-187
297
731
-502
-3555
-6414
-6921
-5687
-5119
-5607
-5934
-5825
-6278
-7122
-6582
-4134
-1411
274
1522
3201
4660
5102
4964
5640
7346
8868
9201
8203
6807
5620
4439
3100
2157
2231
2783
2540
1454
769
979
1265
1164
1567
3021
4463
4600
4164
4351
4976
5094
4764
4983
5563
5458
4439
3382
2562
1544
306
-541
-877
-1496
-2628
-3712
-4341
-4756
-5245
-5403
-4856
-4103
-3853
-4051
-4143
-3796
-3356
-2955
-2387
-1648
-1004
-727
-659
-664
-749
-916
-965
-781
-519
-529
-1005
-1776
-2350
-2380
-2072
-1857
-1811
-1613
-1202
-860
-712
-431
144
797
1336
1835
2240
2210
1712
1340
1467
1925
2133
1779
1209
625
121
-314
-745
-1030
-1154
-1136
-1079
-1362
-1901
-2415
-2654
-2627
-2640
-2553
-2249
-1934
-1808
-1801
-1448
-836
-352
171
1103
1941
1090
-1769
-4544
-5085
-3967
-3488
-4311
-5250
-5618
-6119
-6858
-6476
-4415
-1933
-502
200
1350
2827
3770
4113
4963
6709
8267
8665
8057
7430
6910
5925
4537
3544
3490
3639
3110
2179
1669
1627
1321
750
809
1707
2482
2530
2492
3026
3673
3738
3631
3985
4384
4136
3492
3209
3176
2722
1801
924
267
-494
-1424
-2174
-2715
-3325
-3985
-4436
-4632
-4920
-5344
-5579
-5457
-5103
-4674
-4102
-3415
-2725
-2064
-1408
-744
-236
69
296
444
465
436
336
57
-391
-785
-934
-1036
-1322
-1611
-1617
-1450
-1318
-1166
-834
-386
-46
229
527
724
708
695
893
1252
1523
1600
1548
1192
657
244
149
156
-169
-558
-721
-726
-933
-1429
-1862
-2170
-2421
-2641
-2641
-2517
-2554
-2546
-2233
-1686
-1323
-1062
-220
881
812
-1082
-3346
-3949
-3018
-2449
-3096
-4003
-4399
-4851
-5662
-5790
-4341
-2320
-1256
-975
-195
1274
2394
2809
3545
5281
7093
7722
7368
7157
7318
7030
5937
5003
4864
4858
4094
3004
2658
2869
2606
1775
1422
1943
2401
2221
2170
2812
3481
3333
2923
3114
3629
3641
3155
2929
2957
2618
1837
1153
740
164
-750
-1564
-2050
-2473
-3058
-3676
-4102
-4403
-4704
-4964
-5097
-5107
-5005
-4797
-4442
-3972
-3390
-2687
-1968
-1309
-813
-503
-304
-99
121
178
69
-85
-156
-206
-355
-521
-623
-743
-936
-1066
-983
-772
-656
-473
-70
334
357
164
266
699
1054
1137
1303
1540
1439
1003
668
711
701
267
-189
-245
-180
-491
-1089
-1567
-1839
-2190
-2571
-2633
-2516
-2537
-2630
-2449
-1967
-1610
-1310
-616
66
-419
-2166
-3633
-3457
-2461
-2389
-3352
-4176
-4454
-4839
-5328
-4876
-3221
-1661
-1204
-1133
-327
1059
2082
2677
3635
5102
6302
6609
6528
6798
7241
7122
6299
5588
5389
5162
4416
3642
3472
3460
2921
2126
2018
2547
2711
2298
2100
2514
2894
2774
2706
3036
3298
3052
2647
2597
2536
2063
1430
1137
1035
551
-340
-1225
-1902
-2527
-3111
-3529
-3793
-4121
-4588
-4976
-5115
-5086
-5041
-4962
-4683
-4150
-3475
-2817
-2197
-1671
-1277
-957
-571
-61
321
365
144
-20
-62
-133
-300
-424
-375
-288
-337
-448
-556
-661
-738
-689
-368
-4
84
-63
-111
109
409
586
660
811
955
956
876
765
722
533
216
-26
-132
-191
-497
-974
-1552
-2016
-2292
-2418
-2418
-2500
-2502
-2405
-2233
-1934
-1440
-694
-518
-1499
-2887
-3355
-2653
-2217
-2813
-3654
-3849
-3741
-3998
-4048
-3102
-1700
-1065
-1161
-731
563
1755
2273
2724
3794
4877
5141
4949
5272
6239
6839
6486
5754
5408
5294
4847
4230
4025
4166
3945
3148
2441
2371
2543
2426
2258
2460
2831
2764
2346
2235
2554
2790
2640
2453
2410
2227
1714
1217
1002
783
296
-420
-1103
-1716
-2389
-2986
-3389
-3749
-4211
-4696
-4913
-4774
-4589
-4536
-4546
-4436
-4118
-3629
-3018
-2365
-1801
-1389
-1037
-710
-429
-256
-174
-97
20
137
184
144
77
63
93
82
-6
-130
-241
-271
-179
-38
16
-89
-234
-284
-187
67
319
394
268
170
306
533
672
696
578
246
-258
-613
-667
-699
-1011
-1586
-2108
-2361
-2373
-2303
-2278
-2267
-2138
-1876
-1511
-1018
-702
-1180
-2458
-3447
-3155
-2298
-2374
-3390
-3996
-3711
-3521
-3864
-3726
-2664
-1670
-1499
-1281
-100
1335
1974
2160
2936
4212
4975
4954
4991
5666
6490
6675
6177
5637
5450
5332
4966
4621
4606
4584
3959
3052
2724
3048
3186
2774
2435
2575
2735
2564
2462
2726
2894
2588
2211
2232
2263
1833
1217
899
804
383
-298
-880
-1328
-1823
-2379
-2755
-3103
-3689
-4377
-4827
-4879
-4745
-4644
-4578
-4591
-4561
-4305
-3787
-3155
-2653
-2312
-2015
-1587
-1086
-689
-529
-525
-406
-150
79
123
114
211
322
378
395
419
356
177
130
256
359
236
32
16
157
331
461
559
539
317
115
149
398
578
508
324
93
-183
-502
-710
-731
-820
-1161
-1651
-1980
-2064
-2107
-2144
-2074
-1897
-1776
-1684
-1315
-835
-977
-2023
-3041
-2957
-2276
-2411
-3539
-4324
-4033
-3591
-3745
-3809
-3055
-2112
-1810
-1559
-456
991
1660
1738
2394
3719
4600
4589
4532
5129
5886
6041
5692
5460
5526
5504
5211
4937
4855
4637
3989
3306
3175
3444
3436
3021
2729
2779
2771
2513
2452
2743
2851
2484
2134
2220
2295
1852
1221
1007
1047
722
13
-619
-1032
-1502
-2129
-2608
-2900
-3356
-4105
-4767
-4951
-4804
-4733
-4830
-4840
-4624
-4280
-3872
-3399
-2911
-2488
-2123
-1674
-1170
-806
-674
-678
-614
-392
-110
40
-5
-100
-69
104
278
353
331
238
196
285
396
375
225
142
224
387
532
603
541
346
194
239
399
501
476
437
332
7
-407
-637
-663
-772
-1123
-1517
-1733
-1791
-1850
-1917
-1912
-1805
-1657
-1511
-1251
-876
-884
-1711
-2820
-3085
-2437
-2192
-3084
-4071
-4061
-3628
-3727
-3917
-3303
-2290
-1881
-1770
-911
505
1368
1598
2193
3428
4388
4510
4463
5013
5849
6155
5792
5394
5422
5565
5376
5064
5044
5089
4594
3702
3282
3565
3732
3300
2834
2852
2927
2579
2188
2283
2498
2282
1872
1763
1792
1467
916
664
699
491
-78
-643
-1041
-1442
-1886
-2192
-2388
-2807
-3533
-4164
-4381
-4372
-4482
-4701
-4772
-4614
-4410
-4197
-3854
-3418
-3053
-2767
-2351
-1786
-1367
-1229
-1114
-779
-378
-180
-190
-221
-163
-57
108
291
363
285
184
250
450
591
539
399
376
494
633
705
746
759
668
572
624
786
832
719
634
551
289
-73
-214
-133
-263
-774
-1307
-1501
-1470
-1505
-1635
-1694
-1637
-1561
-1531
-1391
-985
-667
-1100
-2239
-3031
-2770
-2241
-2644
-3705
-4162
-3856
-3794
-4184
-3999
-2946
-2091
-1966
-1673
-532
671
1137
1396
2234
3347
3927
4026
4315
4941
5407
5355
5066
4961
5052
5025
4809
4714
4824
4701
4076
3468
3466
3788
3706
3274
3116
3283
3216
2827
2694
2904
2908
2507
2212
2257
2107
1512
983
910
875
399
-299
-843
-1297
-1798
-2144
-2280
-2600
-3312
-3999
-4234
-4199
-4292
-4505
-4589
-4518
-4392
-4187
-3877
-3533
-3220
-2953
-2652
-2264
-1863
-1544
-1341
-1142
-814
-484
-374
-521
-657
-556
-278
5
200
281
233
154
236
517
779
840
769
760
825
845
816
823
848
772
630
585
659
692
603
476
325
49
-282
-444
-438
-553
-919
-1321
-1543
-1635
-1702
-1697
-1582
-1473
-1476
-1494
-1332
-955
-687
-965
-1757
-2384
-2271
-1830
-1979
-2801
-3428
-3424
-3348
-3552
-3437
-2617
-1815
-1678
-1615
-803
365
1027
1348
2091
3112
3650
3704
3984
4658
5111
5022
4806
4843
4978
4914
4694
4571
4564
4421
3998
3574
3482
3595
3503
3156
2933
2959
2887
2579
2411
2558
2634
2312
1927
1852
1831
1484
983
722
591
243
-253
-602
-940
-1519
-2145
-2466
-2618
-3016
-3590
-3963
-4112
-4324
-4568
-4587
-4432
-4403
-4487
-4344
-3941
-3539
-3260
-2977
-2619
-2280
-1971
-1620
-1223
-857
-550
-348
-268
-235
-101
176
425
520
493
464
500
611
774
909
934
840
791
887
1026
1122
1181
1213
1143
1022
1000
1066
1017
840
719
702
550
211
-72
-208
-371
-672
-938
-1074
-1235
-1483
-1600
-1481
-1336
-1415
-1640
-1712
-1577
-1364
-1175
-1148
-1470
-2084
-2583
-2613
-2404
-2499
-2970
-3399
-3483
-3343
-3168
-2919
-2495
-2041
-1737
-1404
-718
281
1135
1579
1933
2596
3370
3803
3913
4119
4553
4876
4870
4787
4838
4832
4608
4407
4490
4646
4471
4029
3744
3731
3698
3482
3261
3180
3068
2811
2579
2504
2447
2190
1827
1563
1355
1019
595
288
100
-161
-549
-951
-1338
-1782
-2195
-2405
-2500
-2788
-3330
-3816
-3999
-3989
-4008
-4093
-4200
-4290
-4296
-4099
-3730
-3404
-3229
-3087
-2810
-2404
-1995
-1656
-1409
-1218
-983
-666
-362
-210
-184
-113
78
318
525
650
683
663
717
895
1058
1086
1036
1046
1144
1253
1327
1316
1191
1032
981
1036
1036
896
709
550
394
200
-10
-220
-461
-677
-802
-881
-1028
-1230
-1398
-1495
-1499
-1415
-1304
-1279
-1363
-1426
-1333
-1214
-1363
-1831
-2323
-2496
-2392
-2362
-2586
-2899
-3052
-3044
-3001
-2823
-2361
-1770
-1345
-1054
-560
212
934
1427
1890
2512
3130
3518
3775
4104
4453
4610
4573
4539
4603
4654
4598
4492
4408
4309
4102
3836
3677
3668
3620
3395
3106
2907
2781
2622
2415
2204
1977
1704
1442
1257
1081
776
359
1
-229
-431
-680
-931
-1177
-1507
-1962
-2415
-2735
-2962
-3210
-3478
-3676
-3837
-4044
-4247
-4335
-4294
-4205
-4074
-3862
-3605
-3402
-3250
-3019
-2642
-2212
-1849
-1544
-1244
-988
-803
-599
-307
5
238
393
552
697
761
771
848
1001
1112
1135
1151
1216
1255
1207
1153
1167
1204
1197
1149
1136
1163
1162
1083
975
897
819
682
511
406
362
222
-69
-368
-529
-602
-729
-889
-997
-1072
-1177
-1283
-1283
-1195
-1151
-1221
-1338
-1377
-1362
-1404
-1576
-1806
-1969
-2052
-2125
-2185
-2181
-2125
-2126
-2161
-2054
-1730
-1310
-974
-715
-442
-117
222
584
1018
1473
1836
2070
2275
2554
2877
3131
3260
3315
3392
3504
3660
3867
4074
4160
4060
3884
3751
3696
3649
3549
3400
3180
2895
2596
2345
2106
1844
1573
1320
1127
997
892
748
527
260
41
-126
-297
-493
-728
-1015
-1397
-1814
-2151
-2383
-2611
-2905
-3205
-3450
-3637
-3802
-3940
-3999
-3967
-3912
-3816
-3639
-3417
-3212
-3073
-2938
-2728
-2440
-2126
-1834
-1548
-1279
-1041
-839
-622
-346
-53
215
460
707
918
1059
1120
1158
1206
1281
1366
1415
1416
1408
1398
1409
1439
1456
1465
1446
1415
1382
1334
1263
1171
1059
932
794
630
440
248
80
-64
-190
-323
-488
-663
-795
-837
-827
-849
-955
-1123
-1280
-1379
-1449
-1548
-1738
-2040
-2368
-2594
-2676
-2677
-2681
-2739
-2793
-2756
-2598
-2355
-2068
-1787
-1539
-1292
-965
-498
50
568
982
1326
1683
2085
2499
2894
3250
3534
3740
3904
4074
4247
4352
4352
4303
4238
4157
4057
3951
3845
3698
3486
3271
3114
2975
2813
2642
2480
2309
2103
1863
1641
1452
1256
997
667
305
-62
-443
-833
-1225
-1622
-2034
-2459
-2842
-3130
-3347
-3571
-3815
-4017
-4131
-4194
-4242
-4253
-4210
-4154
-4095
-3977
-3756
-3489
-3258
-3071
-2875
-2661
-2433
-2171
-1843
-1491
-1186
-921
-659
-374
-74
227
518
763
961
1124
1264
1388
1487
1572
1637
1673
1674
1658
1675
1715
1752
1755
1725
1688
1656
1631
1604
1553
1466
1341
1206
1090
976
824
605
347
101
-98
-264
-431
-613
-774
-892
-965
-1014
-1053
-1104
-1178
-1243
-1291
-1337
-1430
-1600
-1817
-2017
-2168
-2296
-2419
-2543
-2645
-2674
-2588
-2389
-2134
-1873
-1610
-1320
-978
-572
-114
352
788
1184
1566
1956
2337
2659
2915
3118
3273
3397
3505
3594
3632
3604
3533
3454
3390
3339
3285
3199
3086
2995
2941
2896
2830
2731
2610
2474
2304
2126
1971
1812
1593
1297
973
637
294
-58
-413
-783
-1184
-1598
-1984
-2301
-2536
-2741
-2960
-3181
-3382
-3535
-3621
-3667
-3695
-3694
-3664
-3609
-3521
-3406
-3270
-3109
-2938
-2741
-2501
-2236
-1962
-1719
-1496
-1241
-957
-683
-428
-194
22
208
372
550
744
910
996
1043
1118
1236
1346
1417
1462
1499
1531
1574
1634
1691
1710
1647
1545
1473
1436
1376
1244
1061
887
722
554
382
205
37
-124
-277
-404
-490
-594
-726
-853
-913
-910
-909
-929
-963
-985
-1013
-1051
-1105
-1178
-1296
-1476
-1666
-1811
-1922
-2030
-2136
-2224
-2296
-2328
-2273
-2132
-1913
-1675
-1424
-1129
-767
-354
67
476
862
1226
1558
1872
2168
2447
2687
2858
2995
3143
3279
3372
3423
3461
3485
3489
3478
3467
3459
3421
3344
3243
3127
2987
2816
2625
2426
2211
1974
1715
1443
1166
884
578
270
-16
-287
-555
-831
-1130
-1446
-1748
-2009
-2208
-2371
-2536
-2700
-2828
-2914
-2973
-3020
-3059
-3091
-3124
-3141
-3108
-3017
-2910
-2817
-2729
-2611
-2451
-2269
-2071
-1851
-1607
-1343
-1069
-799
-538
-290
-85
81
227
357
480
584
675
761
842
908
946
975
1012
1054
1101
1152
1205
1230
1226
1219
1222
1225
1197
1130
1029
936
864
806
724
585
420
277
179
99
-6
-127
-261
-388
-478
-530
-558
-615
-705
-793
-826
-795
-749
-745
-794
-849
-889
-915
-945
-995
-1078
-1205
-1337
-1419
-1436
-1414
-1409
-1407
-1357
-1247
-1101
-943
-769
-572
-352
-112
151
426
686
925
1141
1371
1605
1823
2017
2168
2309
2449
2581
2697
2796
2879
2942
2970
2961
2922
2849
2751
2649
2536
2399
2237
2034
1813
1611
1434
1269
1094
886
657
436
249
95
-48
-217
-422
-629
-813
-977
-1132
-1284
-1444
-1630
-1813
-1948
-2038
-2113
-2205
-2303
-2394
-2462
-2512
-2522
-2488
-2449
-2414
-2368
-2268
-2120
-1970
-1827
-1661
-1489
-1316
-1142
-953
-763
-595
-453
-306
-157
-28
70
131
197
256
290
315
355
390
411
410
395
403
441
498
544
592
628
643
653
674
710
726
705
667
638
626
617
571
496
417
341
277
229
186
128
45
-64
-173
-254
-311
-368
-431
-497
-555
-592
-618
-645
-682
-723
-756
-782
-799
-806
-805
-807
-809
-796
-751
-668
-574
-490
-399
-274
-118
55
223
384
538
695
864
1039
1211
1370
1493
1592
1681
1769
1850
1919
1972
2005
2020
2015
2002
1991
1972
1941
1890
1817
1733
1642
1540
1438
1332
1211
1082
946
805
658
501
335
174
22
-136
-290
-439
-597
-775
-964
-1121
-1255
-1383
-1501
-1612
-1707
-1783
-1839
-1858
-1841
-1821
-1803
-1776
-1716
-1643
-1574
-1509
-1431
-1336
-1243
-1151
-1063
-977
-896
-820
-739
-639
-540
-473
-423
-358
-278
-205
-148
-107
-66
-25
13
46
67
85
87
84
104
148
199
236
251
268
288
308
322
334
337
321
301
280
265
243
190
126
68
10
-37
-88
-133
-166
-194
-217
-232
-247
-274
-309
-345
-354
-339
-337
-358
-377
-397
-393
-371
-349
-333
-326
-327
-315
-265
-198
-143
-101
-57
18
134
261
384
487
585
695
822
968
1104
1211
1297
1378
1458
1532
1590
1628
1663
1695
1720
1733
1723
1699
1676
1663
1655
1625
1567
1487
1392
1294
1197
1098
976
833
682
536
399
259
101
-56
-208
-348
-478
-600
-724
-853
-976
-1078
-1139
-1196
-1255
-1323
-1381
-1421
-1459
-1490
-1517
-1537
-1534
-1517
-1495
-1465
-1433
-1398
-1355
-1303
-1248
-1174
-1102
-1039
-965
-896
-825
-762
-713
-651
-569
-487
-408
-346
-308
-284
-251
-209
-163
-131
-120
-107
-91
-70
-48
-24
-11
5
18
27
51
82
124
171
204
215
211
209
230
261
278
282
270
244
224
218
214
195
154
93
33
-10
-49
-93
-140
-191
-237
-270
-285
-285
-280
-264
-251
-222
-166
-103
-30
57
167
284
389
489
581
671
761
852
950
1054
1141
1210
1280
1359
1432
1492
1549
1603
1647
1675
1687
1690
1685
1662
1620
1568
1515
1452
1371
1275
1176
1064
948
835
722
613
511
401
278
144
4
-134
-280
-421
-564
-706
-844
-978
-1112
-1233
-1341
-1443
-1514
-1550
-1568
-1585
-1600
-1613
-1615
-1596
-1568
-1545
-1527
-1506
-1479
-1448
-1408
-1363
-1321
-1271
-1206
-1127
-1039
-955
-877
-793
-687
-572
-460
-369
-301
-247
-199
-137
-76
-24
5
10
21
44
77
109
133
152
159
167
181
209
227
232
230
227
236
243
247
251
251
252
249
252
246
236
216
194
184
160
136
102
61
26
0
-28
-54
-79
-97
-107
-105
-85
-71
-57
-45
-26
-1
40
95
149
205
258
324
389
452
518
595
677
750
809
859
913
968
1027
1087
1145
1189
1228
1261
1292
1323
1346
1363
1372
1377
1384
1380
1363
1329
1275
1208
1129
1052
972
887
791
684
579
467
353
237
120
0
-129
-253
-376
-499
-623
-736
-837
-932
-1025
-1106
-1176
-1240
-1294
-1353
-1388
-1417
-1448
-1472
-1482
-1485
-1490
-1487
-1488
-1480
-1473
-1461
-1444
-1408
-1361
-1312
-1258
-1203
-1144
-1082
-1013
-935
-855
-778
-701
-626
-554
-489
-430
-374
-315
-255
-190
-134
-81
-29
20
69
116
162
221
277
324
369
405
438
465
484
504
517
530
539
540
540
531
508
490
471
450
427
410
392
372
354
334
319
305
294
286
280
275
273
277
288
297
304
314
317
327
342
373
412
444
474
499
529
559
590
632
674
716
748
773
797
816
835
852
865
873
874
874
873
871
866
854
832
804
775
745
704
664
614
554
492
424
352
272
184
90
-6
-90
-170
-262
-356
-441
-524
-599
-667
-740
-807
-871
-931
-986
-1027
-1064
-1096
-1126
-1151
-1177
-1194
-1201
-1206
-1207
-1208
-1199
-1183
-1167
-1145
-1125
-1096
-1062
-1027
-988
-948
-903
-851
-800
-746
-699
-656
-602
-544
-483
-427
-369
-313
-261
-210
-159
-106
-54
-9
36
78
115
152
184
218
256
288
325
356
385
411
439
479
513
536
551
559
569
578
586
586
583
575
572
572
561
551
539
523
504
488
473
452
435
418
408
399
395
393
387
386
377
367
357
352
349
349
365
381
402
421
444
467
489
513
542
567
588
599
605
610
606
600
595
592
578
556
530
499
459
418
381
347
312
275
233
187
138
81
20
-42
-105
-166
-225
-283
-341
-399
-452
-503
-553
-589
-623
-658
-693
-728
-758
-789
-820
-848
-870
-895
-905
-921
-934
-941
-948
-947
-939
-924
-906
-887
-868
-847
-830
-805
-774
-740
-710
-677
-645
-614
-583
-557
-526
-492
-462
-440
-403
-356
-313
-267
-220
-170
-129
-92
-52
-16
12
43
68
102
137
171
202
239
274
302
343
382
417
444
468
490
511
535
551
570
592
606
616
622
629
636
641
647
650
650
656
662
667
669
673
676
679
684
683
676
674
674
670
663
650
643
633
619
607
587
574
562
545
530
509
485
461
434
403
374
349
315
274
234
195
153
112
78
39
-6
-46
-88
-130
-167
-208
-256
-305
-347
-387
-426
-463
-502
-540
-586
-624
-655
-688
-713
-741
-768
-783
-790
-801
-808
-813
-816
-819
-814
-810
-811
-811
-810
-798
-785
-766
-744
-718
-688
-663
-644
-616
-586
-554
-522
-492
-461
-428
-398
-370
-346
-323
-296
-267
-236
-204
-171
-137
-107
-78
-48
-11
26
61
100
142
172
204
237
272
305
335
360
383
405
419
430
441
456
463
473
486
496
502
509
520
533
546
553
560
569
578
587
594
597
601
607
614
619
618
615
610
604
603
599
597
596
594
591
577
563
545
521
497
469
441
419
396
370
338
307
278
252
218
189
166
130
99
67
37
6
-32
-64
-95
-129
-170
-210
-246
-279
-312
-346
-371
-399
-422
-447
-468
-484
-504
-521
-536
-547
-557
-570
-578
-591
-599
-611
-621
-626
-631
-637
-635
-630
-628
-625
-623
-613
-602
-591
-573
-559
-542
-523
-504
-480
-457
-429
-398
-365
-334
-308
-273
-241
-214
-184
-162
-139
-118
-101
-84
-71
-59
-48
-36
-32
-24
-14
-2
16
27
40
60
82
102
120
137
157
175
190
204
222
239
253
270
286
299
314
327
343
357
372
391
410
427
437
447
456
466
473
482
491
498
508
511
515
514
518
517
522
534
537
545
552
554
553
554
549
534
521
503
482
457
430
407
377
349
327
306
280
249
215
192
161
125
92
63
31
-6
-36
-74
-110
-144
-183
-218
-256
-295
-333
-369
-405
-441
-470
-499
-525
-549
-570
-587
-602
-623
-638
-650
-655
-660
-669
-668
-670
-668
-666
-660
-649
-639
-630
-610
-589
-567
-545
-523
-500
-480
-461
-444
-429
-413
-393
-370
-349
-326
-300
-273
-243
-211
-184
-147
-111
-78
-45
-17
13
39
63
88
112
137
158
178
196
216
234
243
260
275
280
292
304
313
326
337
350
364
372
384
391
392
401
409
417
433
442
452
463
477
482
492
500
504
510
516
517
514
508
497
484
471
462
449
436
428
419
411
403
393
378
369
356
345
330
312
292
268
245
226
203
177
151
124
94
64
34
6
-21
-46
-79
-100
-117
-140
-167
-194
-225
-249
-273
-298
-322
-345
-367
-389
-408
-430
-449
-467
-482
-499
-517
-525
-531
-543
-550
-553
-561
-569
-570
-575
-580
-584
-582
-588
-591
-585
-580
-572
-562
-552
-539
-520
-496
-471
-443
-419
-393
-365
-334
-302
-268
-234
-204
-176
-135
-89
-53
-15
21
54
77
110
140
167
190
210
233
256
276
291
306
320
330
338
349
363
375
385
396
409
417
422
430
432
432
431
426
420
412
404
393
383
376
362
351
343
333
323
315
306
290
290
286
281
278
275
270
269
269
265
260
257
249
239
233
220
212
205
192
179
163
148
137
125
112
97
79
63
44
22
3
-21
-44
-63
-79
-95
-108
-122
-137
-150
-169
-181
-193
-209
-221
-232
-245
-261
-277
-290
-308
-322
-336
-356
-367
-385
-404
-416
-428
-437
-445
-443
-439
-437
-434
-431
-423
-417
-414
-411
-406
-400
-394
-383
-372
-359
-344
-328
-303
-286
-269
-240
-218
-192
-170
-146
-121
-100
-75
-50
-21
6
34
63
90
117
139
160
182
197
212
232
251
267
283
295
309
320
328
337
341
348
352
356
357
358
355
349
344
339
328
321
317
305
298
288
282
279
274
267
261
255
252
250
244
241
236
230
226
216
207
202
195
181
171
161
145
127
109
92
74
63
43
28
19
9
1
-7
-11
-23
-38
-47
-53
-62
-79
-97
-109
-126
-135
-147
-163
-177
-189
-206
-217
-228
-235
-245
-255
-269
-285
-295
-310
-324
-336
-340
-348
-351
-352
-354
-361
-361
-362
-364
-369
-369
-369
-366
-355
-350
-345
-335
-325
-312
-300
-289
-277
-261
-245
-227
-198
-165
-136
-107
-75
-42
-12
12
41
69
92
125
150
172
192
207
225
239
252
263
274
282
287
292
293
299
299
294
297
298
296
302
302
302
300
292
288
280
276
265
252
244
234
223
213
198
182
170
156
142
118
109
101
86
78
67
53
42
35
27
25
24
24
25
25
31
33
34
39
34
32
35
38
39
37
37
38
37
38
37
33
31
28
23
16
11
8
2
-4
-16
-29
-35
-39
-45
-49
-56
-62
-70
-78
-87
-101
-114
-129
-143
-153
-166
-178
-189
-197
-205
-220
-224
-230
-241
-249
-253
-259
-265
-272
-279
-282
-285
-288
-291
-293
-293
-291
-290
-278
-270
-264
-256
-248
-238
-222
-204
-190
-173
-155
-137
-121
-102
-76
-57
-36
-12
11
31
52
71
91
113
137
157
176
194
211
228
238
251
253
261
270
275
283
289
295
293
298
297
291
296
294
285
282
274
268
259
251
243
235
226
219
212
203
191
180
169
155
139
122
110
95
75
58
41
31
15
6
-3
-16
-26
-35
-42
-53
-62
-68
-73
-76
-81
-87
-87
-93
-94
-92
-91
-92
-92
-91
-92
-92
-94
-95
-94
-93
-96
-97
-95
-92
-93
-99
-99
-98
-102
-108
-116
-124
-131
-139
-152
-161
-169
-169
-172
-183
-186
-181
-183
-187
-195
-200
-197
-201
-203
-203
-200
-198
-190
-178
-174
-165
-153
-142
-133
-120
-108
-96
-81
-65
-49
-37
-18
3
25
45
62
81
100
118
131
141
150
166
179
194
206
221
231
246
260
263
274
279
281
278
277
275
265
258
248
237
224
211
201
188
175
160
151
138
123
105
90
76
59
43
23
4
-16
-36
-54
-67
-77
-89
-96
-103
-103
-105
-107
-108
-109
-104
-99
-94
-93
-84
-76
-71
-64
-60
-58
-54
-48
-45
-41
-40
-36
-30
-25
-16
-14
-12
-5
2
0
-4
-8
-9
-13
-16
-14
-12
-9
-12
-15
-15
-16
-20
-28
-32
-38
-44
-52
-59
-70
-77
-81
-91
-96
-100
-102
-109
-114
-121
-120
-121
-122
-123
-127
-123
-121
-121
-115
-108
-103
-98
-92
-89
-86
-85
-76
-66
-60
-56
-46
-35
-31
-24
-19
-11
-2
2
16
29
39
45
51
59
67
73
84
95
104
110
118
133
