-73
-69
-78
-81
-70
-69
-75
-78
-64
-49
-56
-65
-42
-18
-21
-8
33
66
85
94
113
132
131
135
129
128
134
116
102
86
76
72
47
33
30
26
17
1
2
14
13
14
29
57
66
88
118
135
155
186
198
193
213
242
240
218
222
246
234
180
143
154
146
74
27
24
-10
-95
-150
-158
-165
-225
-267
-263
-291
-354
-415
-465
-488
-509
-534
-537
-513
-532
-606
-677
-741
-791
-814
-791
-766
-719
-658
-644
-629
-582
-494
-391
-255
-41
192
396
574
747
913
1036
1127
1250
1360
1400
1372
1311
1245
1152
1028
937
888
832
738
655
610
519
418
379
366
367
401
444
484
490
480
503
492
492
518
551
573
567
560
571
556
495
450
423
392
331
270
201
106
-1
-138
-264
-362
-448
-565
-661
-728
-860
-1027
-1221
-1402
-1629
-1923
-2187
-2386
-2590
-2870
-3246
-3626
-3977
-4371
-4692
-4808
-4683
-4478
-4281
-3927
-3424
-2948
-2540
-2036
-1315
-536
201
1029
1944
2750
3334
3818
4386
4908
5278
5563
5847
6044
5998
5787
5512
5120
4565
3887
3168
2413
1543
629
-236
-1036
-1836
-2569
-3130
-3549
-3857
-3948
-3802
-3494
-3059
-2490
-1849
-1190
-548
107
854
1604
2329
3041
3722
4320
4700
4879
4942
4915
4786
4538
4199
3743
3113
2318
1396
453
-453
-1358
-2162
-2726
-3077
-3353
-3573
-3639
-3544
-3322
-2980
-2541
-2014
-1493
-1041
-640
-308
-43
130
157
119
189
356
342
43
-374
-752
-1097
-1482
-1783
-1868
-1972
-2409
-3038
-3494
-4079
-5395
-7128
-8301
-8697
-9042
-9463
-9199
-8340
-7970
-8118
-7582
-6012
-4477
-3386
-1792
647
2884
4305
5615
7191
8288
8698
9272
10426
11449
11614
11231
10765
10118
9092
7918
6923
5963
4757
3371
1986
618
-838
-2482
-4134
-5368
-5974
-6065
-5875
-5508
-5042
-4611
-4154
-3425
-2363
-1083
309
1762
3198
4460
5529
6336
6753
6810
6866
7128
7276
6892
6150
5413
4438
2994
1572
663
-105
-1320
-2666
-3536
-4178
-5098
-6121
-6600
-6583
-6469
-6312
-5760
-4836
-4136
-3692
-3104
-2161
-1210
-486
160
750
1093
1173
1059
861
615
283
-108
-732
-1517
-2142
-2542
-2978
-3471
-3586
-3496
-3936
-4819
-5462
-6026
-7420
-9397
-10429
-10215
-10031
-10265
-9698
-8225
-7453
-7548
-6732
-4423
-2249
-993
797
3633
5992
7101
8053
9533
10501
10536
10805
11824
12554
12099
10975
9912
8761
7408
6178
5236
4314
3113
1734
291
-1066
-2210
-3370
-4785
-5971
-6055
-5302
-4893
-4950
-4516
-3486
-2672
-1890
-188
2076
3531
4193
5424
7247
8247
8164
8200
8505
8106
7065
6490
6265
5047
2879
1148
194
-1006
-2726
-4082
-4901
-5886
-7061
-7621
-7514
-7596
-8044
-8088
-7347
-6322
-5380
-4266
-2930
-1649
-477
784
2175
3251
3839
4160
4288
4201
3823
3359
2722
1546
90
-1055
-1790
-2816
-4238
-5059
-4966
-4723
-4584
-3796
-2664
-2910
-4513
-5280
-4736
-5329
-7927
-9742
-9167
-8579
-9603
-9845
-7652
-5751
-6334
-6765
-4211
-760
508
916
3174
6208
7330
7302
8640
10696
10944
9708
9577
10801
11079
9655
8074
7337
6604
5231
3970
3349
2758
1440
-389
-1823
-2505
-2995
-3926
-4927
-4980
-4159
-3548
-3363
-2739
-1519
-662
-182
1031
3045
4554
5062
5550
6518
7253
7348
7287
7112
6259
4903
3880
3183
2009
468
-720
-1584
-2736
-4119
-4984
-5361
-6046
-6851
-6891
-6116
-5451
-5398
-5275
-4585
-3595
-2617
-1464
64
1539
2467
3009
3663
4422
4729
4440
4028
3805
3359
2328
918
-486
-1657
-2795
-3972
-4746
-4943
-5058
-5685
-6229
-5614
-4356
-3864
-4418
-4512
-3644
-3915
-6231
-8493
-8829
-8495
-9475
-10153
-8392
-5999
-5812
-6913
-5919
-3142
-1696
-1292
725
4286
6400
6440
7174
9225
10387
9825
9405
10432
11284
10602
9125
7916
6937
5558
4089
3255
2967
2415
962
-800
-1854
-2331
-3067
-4155
-4393
-3411
-2578
-2538
-2308
-1186
-323
-613
-479
1425
3841
4943
5213
6172
7091
6798
6328
6982
7716
6792
5160
4407
3699
1706
-680
-1738
-2081
-3370
-5016
-5599
-5513
-6244
-7550
-7777
-6845
-5940
-5494
-4651
-3202
-2061
-1460
-565
1117
2797
3680
4117
4585
4839
4589
4029
3439
2782
2018
1299
402
-922
-2386
-3457
-4147
-4982
-5648
-5423
-4771
-4911
-5634
-5192
-3651
-2903
-3316
-3088
-1666
-1663
-4339
-7124
-7799
-7754
-9016
-9817
-8077
-5943
-6212
-7675
-7009
-4600
-3339
-2805
-591
3019
5227
5504
6266
7932
8834
8599
8767
10133
11119
10680
9456
8135
6908
5701
4799
4324
3901
3399
2342
742
-779
-1722
-2189
-2904
-3481
-3084
-2193
-1845
-1934
-1559
-872
-607
-150
1350
3140
3706
3338
3668
4687
5254
5377
5956
6680
6184
4888
4316
4220
2952
392
-1532
-2196
-3030
-4491
-5478
-5583
-6132
-7573
-8114
-6946
-5572
-5301
-5377
-4351
-2644
-1314
-346
856
2114
2604
2733
3559
4939
5655
5070
4070
3491
3075
2462
1664
826
-200
-1411
-2330
-2634
-2614
-2936
-3789
-4581
-4582
-3968
-3433
-3129
-2947
-2996
-3265
-3141
-2397
-2445
-4506
-7336
-8873
-8983
-9064
-9012
-7961
-7014
-7482
-8293
-7190
-4667
-3115
-2450
-923
1591
3550
4655
6158
7772
8361
8303
8923
10414
11280
10743
9415
7999
6896
6112
5569
5089
4263
2933
1216
-406
-1328
-1702
-2217
-3168
-3915
-3722
-3142
-2934
-2804
-2175
-1241
-695
-6
1583
3315
4085
4038
4278
4856
5118
5313
5814
6129
5591
4610
3983
3498
2595
1230
-299
-1786
-3095
-3951
-4438
-4945
-5604
-6228
-6534
-6325
-5642
-4791
-4117
-3515
-2617
-1462
-295
747
1721
2533
3035
3513
4099
4616
4758
4361
3568
2651
2030
1644
1073
214
-799
-1683
-2403
-3000
-3473
-4010
-4502
-4723
-4716
-4649
-4446
-3881
-3235
-2886
-2410
-1629
-1784
-3924
-6855
-8406
-8601
-8856
-8863
-7775
-6750
-7442
-8698
-8047
-5793
-3982
-2776
-922
1516
3175
4000
5110
6487
7331
7699
8459
9698
10490
10305
9301
7907
6695
6054
5923
5707
4955
3832
2382
675
-710
-1233
-1295
-1827
-2716
-3054
-2693
-2272
-2109
-1778
-1174
-746
-376
548
1995
3099
3203
2933
3351
4493
5559
6043
6262
6325
5744
4665
3863
3298
2004
-141
-1818
-2401
-2785
-3593
-4368
-4786
-5401
-6309
-6491
-5489
-4227
-3647
-3416
-2690
-1555
-503
524
1746
2966
3741
4063
4378
4687
4644
4107
3428
3135
2983
2527
1719
634
-680
-2129
-3192
-3737
-4295
-4840
-5106
-5000
-4874
-4831
-4339
-3733
-3753
-4532
-5801
-7163
-8523
-9491
-9777
-9679
-9239
-8694
-8338
-8223
-7896
-6614
-4850
-3212
-1436
774
2895
4030
4787
6156
7719
8718
9274
10122
10956
10803
9882
9008
8447
7780
6822
5986
5256
4250
2883
1460
275
-814
-1837
-2616
-3122
-3428
-3608
-3592
-3403
-3133
-2668
-1942
-1092
-231
758
2041
3278
4246
5066
5739
6208
6316
6172
6005
5888
5880
5459
4268
2809
1563
359
-1359
-3104
-3906
-4265
-5141
-6396
-7056
-6980
-7104
-7321
-6728
-5352
-4123
-3509
-2822
-1632
-366
734
1945
3397
4724
5379
5380
5193
5093
5046
4768
4284
3677
2734
1367
-144
-1393
-2218
-2783
-3224
-3688
-4351
-4957
-5282
-5258
-4862
-4287
-3822
-3580
-3193
-2721
-3349
-5390
-7295
-7854
-7915
-8498
-8459
-7094
-6329
-7455
-8515
-7215
-4840
-3710
-2928
-846
1505
2313
2495
4147
6530
7683
7819
8385
9471
9855
9416
8964
8558
8038
7454
6964
6424
5655
4809
3569
1918
722
398
144
-958
-2251
-2711
-2744
-3062
-3238
-2580
-1733
-1717
-2000
-1326
186
1308
1757
2389
3361
3739
3411
3524
4506
5257
5068
4573
4368
3569
1792
362
35
-260
-1474
-2523
-2680
-3136
-4534
-5640
-5404
-4700
-4600
-4426
-3415
-2243
-1892
-1872
-924
774
2166
2846
3295
3979
4385
4191
3831
3778
3839
3259
2151
1273
792
173
-995
-2064
-2610
-3124
-3839
-4404
-4479
-4358
-4325
-4180
-3877
-3501
-3344
-4054
-5841
-7826
-8739
-8664
-8742
-9024
-8708
-8174
-8560
-9349
-8639
-6377
-4496
-3555
-2237
-115
1498
2183
3372
5487
7220
7872
8360
9426
10205
10063
9615
9443
9332
8807
8088
7457
6676
5673
4501
3295
2117
1049
119
-1010
-2188
-2858
-2937
-3007
-3405
-3622
-3436
-3275
-3178
-2592
-1291
141
1106
1633
2036
2577
3358
4069
4416
4755
5372
5659
4925
3863
3583
3394
2173
631
180
239
-847
-2517
-3037
-2818
-3528
-4801
-4817
-3728
-3381
-3881
-3666
-2493
-1645
-1403
-653
846
2006
2310
2464
2984
3455
3460
3225
3090
2963
2553
1802
898
10
-808
-1606
-2411
-3077
-3432
-3513
-3626
-3943
-4166
-4020
-3777
-3740
-3946
-4504
-5753
-7506
-8672
-8747
-8515
-8614
-8622
-8261
-8233
-8666
-8306
-6628
-4833
-3797
-2780
-1067
613
1700
3008
4922
6494
7106
7577
8578
9441
9624
9622
9768
9637
9122
8686
8402
7839
6976
6057
4945
3561
2288
1410
514
-633
-1491
-1796
-2090
-2771
-3356
-3371
-3283
-3478
-3423
-2686
-1710
-1284
-1152
-612
213
879
1272
1825
2726
3550
3909
3702
3351
3201
2910
2228
1496
1282
1223
439
-647
-1064
-929
-1266
-2127
-2426
-2118
-2136
-2496
-2352
-1594
-1205
-1408
-1294
-538
221
444
518
943
1420
1552
1435
1445
1570
1375
740
47
-395
-744
-1318
-2067
-2568
-2679
-2600
-2563
-2681
-2814
-2878
-2914
-3141
-3804
-4687
-5583
-6518
-7467
-8047
-7824
-7336
-7420
-7932
-8044
-7412
-6603
-5800
-4540
-3022
-1989
-1546
-748
942
2730
3960
4897
5950
6932
7433
7771
8380
9076
9434
9264
8888
8616
8414
8094
7505
6805
6107
5208
4044
2924
2191
1626
743
-328
-1122
-1654
-2301
-2994
-3252
-3118
-3126
-3350
-3388
-3129
-2920
-2806
-2503
-2045
-1749
-1534
-1018
-274
214
381
635
1036
1192
1100
1327
1888
2016
1519
1284
1724
2003
1582
1203
1367
1389
856
511
875
1139
657
135
284
627
441
47
100
339
171
-286
-517
-476
-644
-1141
-1592
-1763
-1844
-2187
-2704
-2926
-2707
-2461
-2610
-2875
-2799
-2674
-3087
-4027
-4890
-5425
-5969
-6573
-6864
-6647
-6294
-6386
-6846
-7028
-6562
-5786
-5218
-4612
-3629
-2693
-2228
-1775
-576
999
1994
2522
3314
4388
5133
5535
6184
6986
7340
7227
7199
7489
7675
7568
7411
7222
6831
6180
5571
5191
4848
4423
3818
3038
2223
1491
879
280
-236
-553
-904
-1460
-1989
-2134
-2070
-2239
-2491
-2453
-2267
-2314
-2444
-2162
-1654
-1518
-1651
-1506
-1133
-1061
-1169
-789
-39
273
121
358
1106
1518
1437
1664
2350
2570
2052
1812
2255
2512
2152
1910
2191
2175
1388
655
596
637
151
-436
-586
-702
-1268
-1957
-2231
-2305
-2678
-3176
-3359
-3426
-3718
-4002
-3896
-3588
-3468
-3341
-2952
-2611
-2646
-2947
-3336
-3799
-4189
-4215
-3999
-3967
-4115
-4238
-4447
-4780
-4784
-4190
-3552
-3353
-3200
-2643
-2012
-1656
-1163
-280
423
611
899
1748
2621
3033
3371
3900
4196
4122
4268
4904
5512
5760
5911
6059
5986
5759
5698
5798
5801
5745
5672
5359
4808
4404
4292
4091
3612
3148
2767
2166
1433
1032
946
595
-145
-757
-1041
-1378
-1893
-2253
-2450
-2908
-3631
-4073
-4039
-3923
-3988
-3950
-3632
-3316
-3110
-2714
-1971
-1236
-804
-440
116
731
1172
1535
2023
2452
2567
2426
2293
2258
2158
1933
1656
1383
1096
764
426
106
-174
-410
-690
-1063
-1475
-1790
-1986
-2207
-2452
-2630
-2749
-2918
-3095
-3025
-2698
-2366
-2179
-2039
-1829
-1604
-1381
-1157
-1132
-1441
-1904
-2228
-2391
-2521
-2572
-2602
-2886
-3441
-3789
-3563
-3089
-2798
-2603
-2291
-2017
-1948
-1750
-1094
-321
80
219
526
981
1282
1510
1928
2429
2696
2767
2948
3301
3647
3906
4094
4177
4149
4106
4086
4081
4162
4363
4506
4448
4354
4431
4541
4445
4221
4053
3819
3330
2741
2349
2086
1625
946
309
-179
-626
-1056
-1385
-1677
-2078
-2556
-2913
-3026
-2940
-2769
-2623
-2571
-2575
-2509
-2284
-1938
-1551
-1188
-886
-667
-505
-323
-67
196
368
466
578
729
828
831
742
550
253
-54
-255
-377
-544
-767
-981
-1170
-1363
-1513
-1581
-1620
-1662
-1690
-1696
-1735
-1796
-1800
-1746
-1709
-1683
-1573
-1417
-1339
-1337
-1311
-1274
-1346
-1525
-1656
-1679
-1682
-1698
-1698
-1697
-1772
-1890
-1922
-1826
-1663
-1468
-1262
-1091
-995
-917
-792
-663
-525
-320
-34
230
415
605
810
947
1034
1211
1538
1872
2120
2344
2564
2734
2841
3008
3295
3611
3872
4063
4198
4244
4201
4144
4090
4025
3910
3716
3440
3109
2783
2461
2097
1724
1385
1077
713
298
-38
-260
-495
-796
-1060
-1204
-1268
-1306
-1273
-1151
-1018
-965
-938
-850
-691
-482
-258
-79
2
30
70
78
3
-87
-143
-255
-494
-737
-864
-961
-1144
-1350
-1495
-1658
-1877
-2033
-2051
-2051
-2168
-2357
-2517
-2621
-2690
-2714
-2662
-2603
-2625
-2693
-2706
-2630
-2512
-2358
-2147
-1934
-1775
-1643
-1482
-1306
-1160
-1019
-845
-672
-567
-519
-444
-325
-233
-214
-230
-269
-323
-369
-361
-266
-121
15
131
245
382
492
554
607
665
733
846
1051
1316
1536
1712
1870
2027
2235
2542
2923
3240
3407
3493
3565
3624
3671
3751
3816
3738
3521
3312
3168
3012
2813
2596
2338
2013
1680
1417
1201
976
732
472
218
0
-141
-222
-295
-386
-471
-519
-507
-444
-372
-348
-390
-459
-518
-549
-568
-589
-657
-778
-937
-1102
-1251
-1360
-1444
-1571
-1762
-1951
-2089
-2186
-2242
-2255
-2252
-2293
-2367
-2427
-2428
-2389
-2366
-2375
-2397
-2423
-2461
-2485
-2473
-2414
-2364
-2348
-2331
-2289
-2194
-2029
-1807
-1554
-1291
-1035
-811
-601
-384
-144
117
364
574
750
883
948
959
975
1010
1005
959
895
815
729
659
617
573
536
548
609
694
808
978
1168
1288
1346
1437
1628
1868
2084
2294
2505
2656
2719
2774
2898
3024
3039
2952
2845
2748
2595
2360
2109
1881
1633
1317
1009
813
674
492
243
1
-178
-321
-437
-492
-502
-523
-600
-679
-675
-593
-495
-424
-403
-420
-444
-453
-455
-461
-482
-547
-653
-768
-836
-842
-841
-862
-901
-939
-974
-1024
-1064
-1070
-1090
-1184
-1333
-1457
-1527
-1563
-1582
-1589
-1607
-1677
-1791
-1875
-1880
-1818
-1774
-1804
-1854
-1890
-1888
-1845
-1736
-1551
-1335
-1146
-990
-777
-497
-226
-20
150
329
491
595
691
816
935
961
898
853
867
879
832
748
680
595
484
395
372
373
351
330
361
464
593
707
801
923
1072
1227
1377
1522
1653
1715
1693
1649
1648
1669
1637
1529
1376
1214
1055
897
751
617
464
305
142
-4
-116
-212
-321
-432
-477
-462
-411
-363
-327
-281
-226
-173
-107
-14
95
172
203
222
265
307
297
274
257
265
269
242
215
176
125
38
-50
-101
-135
-192
-295
-398
-468
-520
-577
-628
-653
-680
-757
-866
-949
-1029
-1126
-1230
-1309
-1344
-1387
-1447
-1485
-1464
-1386
-1279
-1141
-954
-752
-568
-407
-219
-21
173
355
519
684
823
902
927
913
876
818
739
648
543
393
195
-21
-214
-354
-463
-548
-603
-615
-596
-558
-486
-381
-260
-148
-35
117
291
448
571
669
748
802
838
887
957
1001
994
939
855
751
650
558
468
373
263
141
18
-80
-154
-230
-318
-386
-426
-453
-482
-502
-498
-489
-499
-493
-438
-375
-332
-290
-226
-160
-124
-102
-67
-28
3
36
87
150
181
175
175
