-1
0
0
-1
-1
0
0
0
0
-1
0
0
-1
1
0
1
1
0
0
0
1
0
1
0
2
1
-1
1
0
0
-1
0
1
-1
1
0
0
1
-1
0
0
0
1
-1
0
0
0
-1
-1
0
0
1
0
-1
1
0
-1
0
1
0
-1
0
1
1
-1
1
0
-1
0
0
1
0
0
1
0
0
0
0
0
-1
1
-1
1
0
-1
0
-1
2
0
0
1
-1
0
-2
0
-1
0
0
-1
2
-1
1
0
-1
1
0
1
0
1
0
0
-1
0
1
-1
0
1
-3
1
-2
-1
2
-2
1
-2
0
1
-2
1
0
0
-1
-1
1
0
1
-2
0
0
1
1
-1
0
1
-1
0
0
1
0
0
2
-1
0
0
0
2
0
0
0
1
1
0
1
0
-1
0
-1
0
1
0
1
0
0
0
-1
1
0
1
-1
-1
0
-1
0
0
1
0
-2
1
0
0
1
-2
0
0
0
0
0
0
-2
1
-1
1
0
0
0
0
0
-1
1
-1
2
-1
0
1
-2
1
-2
0
-1
-1
1
0
1
-1
1
2
-1
-1
-1
1
-2
-1
-1
1
0
-1
1
0
1
-1
-1
2
-1
0
-1
0
1
-1
-1
0
1
0
0
0
-1
0
-1
1
0
0
-1
0
0
0
0
0
0
0
2
-1
0
-1
1
0
-1
2
-2
2
0
-1
1
0
0
-1
0
0
0
0
0
-1
1
0
0
1
0
-2
2
-1
2
1
-1
1
-1
1
0
0
0
-1
1
0
-1
1
0
1
0
-2
2
-2
2
0
0
1
-2
3
-2
1
-1
-1
2
-1
2
-1
0
0
-1
2
-1
1
0
-1
1
-2
1
0
0
1
0
0
0
1
0
-1
1
0
0
0
-1
0
0
-1
1
0
0
2
-2
2
-1
-1
3
-2
3
0
0
2
-1
-1
1
-2
0
0
-2
2
-1
1
0
-1
2
-1
1
-1
0
1
-1
0
0
1
1
-1
1
-1
0
1
-1
2
0
-2
3
-2
1
1
-2
3
-1
-1
2
-2
0
1
-3
5
0
-1
2
-2
3
-2
1
0
1
1
-2
5
-2
1
1
0
2
-2
0
0
0
-1
1
1
-3
3
-4
1
2
-4
6
-5
3
0
-3
4
-3
3
-3
3
-1
-1
1
-3
5
-3
2
0
-1
1
-3
1
-2
3
-2
-1
4
-4
1
-1
1
1
-2
4
-3
3
0
-2
3
-1
0
1
-2
1
0
-2
0
-2
3
-2
0
1
0
1
-3
4
-5
3
-3
0
4
-6
6
-5
3
1
-3
5
-3
4
-3
2
-1
0
3
-3
4
-4
2
-1
-3
3
-4
3
0
1
1
-2
4
-4
4
0
-1
4
-1
1
0
2
-3
3
0
-2
5
-5
4
-2
-2
3
-3
1
-2
2
-2
1
1
-3
3
-3
0
-1
2
-2
-1
1
-2
3
-5
3
-2
-3
6
-6
3
0
-4
3
-1
-3
4
-2
-1
2
-3
2
0
-2
2
0
-3
2
-1
-1
3
-4
3
1
-4
3
0
-2
0
0
-2
2
0
-5
6
-3
0
3
-5
5
-3
-1
4
-2
2
0
1
-2
3
-4
0
6
-10
12
-8
0
10
-14
13
-5
3
0
-4
6
-7
2
-3
3
1
-5
6
-4
7
-4
-5
13
-13
6
-6
0
11
-15
14
-7
5
6
-14
18
-8
1
1
-3
4
0
-6
1
5
-5
3
-8
5
8
-17
11
-1
3
0
-9
13
-1
-9
4
2
1
-6
-2
5
3
-11
3
5
-5
3
-9
8
9
-19
12
2
-6
10
-11
4
6
-5
-5
4
3
-4
-1
-2
4
-2
-6
3
-5
6
-7
-5
6
-4
4
-11
12
2
-16
20
-21
10
3
-14
17
-10
8
-7
3
5
-4
-2
5
0
-7
9
-9
3
7
-13
15
-12
8
-5
-12
27
-24
12
3
-8
19
-25
13
3
-8
-1
7
-3
0
4
-18
28
-28
12
4
-3
13
-22
29
-23
13
1
-23
46
-42
29
-8
-23
57
-75
53
-22
2
30
-56
47
-9
-15
-6
21
-10
15
-8
-16
53
-37
-14
16
11
-14
-8
8
4
15
-45
21
24
-28
10
-6
12
13
-40
17
12
-13
5
-12
23
14
-54
60
-56
46
-21
-22
47
-34
45
-70
51
-14
-12
-1
-24
71
-75
45
-25
9
35
-78
70
-42
43
-43
-13
59
-55
17
-2
-9
41
-39
-6
34
2
-38
43
-18
-3
41
-66
27
56
-82
36
37
-65
57
-31
-37
85
-72
19
25
-51
72
-79
14
37
-33
12
-9
24
-17
10
-31
24
8
-32
43
-53
60
-21
-44
48
-8
-17
25
-7
-8
40
-32
-50
84
-37
-27
27
26
-15
-6
15
-30
67
-99
74
-21
3
21
-82
123
-140
76
-16
-38
77
-69
59
-56
63
-67
25
26
-88
141
-143
99
-30
-29
68
-115
137
-112
62
-13
-9
22
-37
50
-67
81
-84
99
-43
-60
169
-198
147
-67
-22
123
-134
92
-63
81
-47
-61
100
-68
41
-21
-33
69
-19
-52
30
-9
14
4
-129
166
-37
-126
162
-116
71
38
-175
202
-63
-70
96
-81
80
-54
-30
65
-43
22
-32
24
45
-42
5
-14
18
-2
-28
10
31
15
-59
40
-10
-1
17
-59
70
-38
75
-106
1
156
-185
91
-16
20
24
-90
103
-80
97
-95
5
96
-130
111
-121
100
21
-191
255
-177
61
71
-133
136
-50
-55
78
-56
6
24
-23
14
27
-50
20
19
-18
-33
34
6
-36
47
-109
140
-102
2
16
-37
142
-232
151
16
-76
38
-56
95
-57
20
-56
110
-75
-15
50
-50
75
-64
36
-45
61
-28
-70
122
-114
85
-49
-14
29
4
-26
-25
94
-32
-64
59
63
-192
215
-157
52
100
-202
180
-43
-39
-17
68
-27
-32
50
-5
-8
4
3
-24
36
-25
9
4
55
-64
27
18
-83
72
-16
-16
-11
133
-146
29
97
-144
119
-66
42
27
-49
23
-10
5
-97
102
-31
-19
18
14
-2
-24
-21
61
-28
-28
51
-36
47
-46
-28
84
-106
50
59
-113
103
-11
-32
38
-77
78
-5
-63
43
7
-27
-13
25
-73
105
-95
-1
90
-83
-19
55
-60
-4
57
-143
205
-131
-59
242
-236
100
43
-101
111
-65
25
8
46
-66
16
40
-78
74
-29
-32
81
-52
20
-26
12
3
-26
60
-66
74
12
-110
115
-53
-19
-21
53
-1
-80
159
-150
40
27
-78
63
-50
19
41
-74
81
-73
44
-9
-101
160
-86
21
-14
30
21
-117
131
-88
81
-14
-108
201
-119
-64
145
-163
88
59
-168
143
-8
-112
123
-114
64
23
-78
77
-67
94
-65
-19
65
36
-112
116
-16
-8
55
-119
174
-112
46
-15
28
14
-53
55
-41
85
-82
-46
153
-92
-40
103
-24
-6
-8
6
7
6
-45
-11
82
-88
16
66
-74
52
-63
45
-31
-4
40
-96
130
-129
81
-37
-43
50
-42
31
-68
132
-97
4
64
-87
46
27
-76
84
29
-118
132
-61
-73
94
-72
4
52
-47
2
-13
12
-81
40
-44
-19
81
-124
81
-1
-64
15
0
-4
23
-4
-43
101
-113
43
-15
-26
52
-87
71
-52
66
-136
86
1
-150
156
-71
-33
50
-57
27
25
-91
66
4
-22
25
-6
22
24
-29
10
23
43
-58
52
22
24
-8
38
14
19
50
-74
105
8
-21
24
26
72
-73
27
54
9
13
-24
99
4
-19
23
72
-35
35
8
-35
154
-153
53
81
-136
119
-81
0
67
-122
65
-44
14
-28
-69
102
-142
57
-21
-61
99
-118
9
37
-72
-31
2
-44
-5
9
-88
39
-14
-44
-12
-26
44
-37
-40
11
-1
-40
-84
83
-54
-25
44
-82
79
-61
-58
67
-39
0
-14
8
12
7
-39
1
68
-52
50
-3
19
69
-65
6
86
-46
-4
37
-21
11
-1
-62
15
37
-64
14
44
0
-14
-9
16
20
-47
15
42
5
-5
-7
29
-3
-40
36
4
15
6
-24
21
32
-32
1
46
-19
59
-18
21
58
-15
4
37
7
56
-5
-1
77
-5
39
16
26
55
8
10
71
4
3
44
-7
40
19
-17
15
35
-38
15
19
-38
33
-52
-12
28
-55
-32
13
-24
-27
-2
-42
4
-19
-71
13
-26
-57
-21
-48
-46
-41
-43
-52
-30
-46
-37
-27
-58
0
-22
-77
7
-25
-40
-5
-40
-11
5
-35
-14
-10
-13
-29
-35
1
5
-11
-23
18
9
-13
21
12
32
56
24
39
70
34
21
45
32
25
35
10
22
22
-28
-8
-17
-40
-43
-44
-50
-49
-62
-72
-45
-64
-60
-41
-36
-40
-20
-4
-8
32
34
38
69
85
73
80
104
91
99
109
96
113
91
80
123
92
103
109
113
120
100
104
101
111
123
83
137
145
118
130
128
145
126
138
150
131
126
100
96
91
63
54
61
34
21
2
-41
-64
-99
-135
-131
-146
-186
-192
-207
-251
-269
-296
-302
-291
-320
-298
-307
-315
-312
-341
-333
-326
-310
-328
-337
-305
-346
-359
-379
-381
-382
-408
-394
-463
-522
-566
-618
-619
-633
-583
-524
-462
-405
-371
-253
-173
-97
58
244
405
525
689
792
869
966
1002
1072
1169
1151
1142
1128
1059
1008
898
781
750
651
524
426
342
267
125
44
39
23
9
-3
65
108
117
215
294
392
463
548
638
673
747
782
775
828
802
753
707
611
527
392
249
95
-43
-199
-404
-566
-738
-893
-990
-1076
-1078
-1080
-1115
-1114
-1089
-1042
-973
-897
-771
-628
-536
-497
-481
-516
-640
-803
-910
-990
-1140
-1358
-1589
-1947
-2479
-3024
-3456
-3745
-3923
-3954
-3803
-3563
-3320
-3054
-2697
-2202
-1634
-930
-57
930
1942
2832
3598
4251
4706
5082
5371
5623
5822
5892
5804
5502
5061
4412
3642
2828
2014
1260
537
-135
-747
-1330
-1888
-2408
-2831
-3062
-3153
-3086
-2805
-2407
-1967
-1440
-897
-366
146
603
1120
1616
2032
2402
2706
2895
2852
2666
2436
2100
1686
1214
824
446
-34
-522
-1018
-1478
-1945
-2380
-2675
-2770
-2779
-2748
-2620
-2444
-2248
-2072
-1875
-1564
-1194
-856
-486
-112
250
454
554
648
699
745
784
804
788
702
492
224
-43
-270
-463
-622
-683
-709
-792
-864
-935
-997
-987
-898
-723
-492
-222
-28
63
116
110
117
132
127
131
64
-121
-413
-766
-1102
-1474
-1843
-2198
-2491
-2876
-3435
-4009
-4415
-4668
-4748
-4641
-4318
-3814
-3303
-2809
-2228
-1550
-759
142
1185
2406
3636
4731
5588
6217
6610
6825
6958
6996
7043
7023
6757
6224
5446
4437
3289
2075
896
-101
-885
-1526
-2036
-2522
-3033
-3516
-3942
-4145
-4038
-3567
-2745
-1728
-710
258
1110
1812
2375
2860
3391
3948
4421
4708
4796
4587
3972
3051
2081
1143
201
-740
-1564
-2259
-2957
-3692
-4316
-4761
-5099
-5269
-5193
-4831
-4251
-3575
-2822
-2043
-1306
-629
-5
589
1193
1758
2224
2555
2732
2722
2477
2075
1614
1131
640
150
-285
-669
-1098
-1490
-1815
-1998
-1990
-1881
-1689
-1419
-1094
-707
-319
52
483
935
1300
1454
1373
1255
1148
908
510
153
-37
-379
-1040
-1818
-2399
-2734
-3077
-3347
-3447
-3599
-4191
-5400
-6698
-7453
-7588
-7393
-6951
-6056
-4802
-3686
-2982
-2332
-1341
-104
1154
2585
4535
6670
8218
8886
8927
8692
8231
7612
7153
7007
6932
6490
5497
4162
2666
1021
-654
-2082
-2952
-3199
-3092
-2998
-3091
-3243
-3365
-3414
-3131
-2265
-786
950
2492
3704
4650
5305
5540
5493
5472
5698
6007
6081
5875
5327
4332
2856
1067
-543
-1727
-2616
-3393
-4015
-4459
-4969
-5717
-6527
-7046
-7116
-6776
-6032
-4853
-3416
-2151
-1284
-587
169
958
1683
2472
3426
4272
4698
4622
4146
3318
2192
1005
91
-483
-959
-1524
-2206
-2981
-3780
-4452
-4721
-4519
-4011
-3281
-2342
-1231
-212
508
1049
1574
2081
2516
2999
3593
4030
3891
3172
2327
1591
826
-119
-1031
-1612
-2101
-2923
-4036
-4930
-5374
-5697
-6014
-5880
-5242
-5083
-6214
-7792
-8324
-7641
-6753
-5954
-4435
-2108
-173
573
1013
2202
3717
4622
5280
6778
8964
10379
10155
9020
7865
6631
5091
3756
3334
3463
3059
1728
104
-1178
-2319
-3653
-4803
-4985
-4055
-2750
-1680
-887
-261
181
412
838
1943
3628
5359
6582
7107
7170
6921
6308
5345
4309
3619
3312
2921
2127
1037
-262
-1897
-3803
-5395
-6060
-5993
-5873
-5865
-5681
-5344
-5262
-5458
-5303
-4447
-3315
-2289
-1146
287
1523
2048
2050
2110
2322
2441
2416
2475
2587
2332
1581
573
-431
-1441
-2397
-3078
-3290
-3149
-3019
-3007
-2973
-2763
-2389
-1910
-1177
-148
981
2005
2810
3422
3807
3911
3867
3728
3483
3181
2834
2352
1615
699
-149
-757
-1235
-1835
-2601
-3261
-3607
-3920
-4558
-5285
-5579
-5399
-5148
-4897
-4162
-3064
-2900
-4497
-6678
-7502
-6702
-5664
-4981
-3732
-1642
-53
55
-326
306
1683
2523
3027
4593
7256
9158
8897
7239
5758
4817
3937
3256
3423
4292
4602
3511
1678
260
-620
-1587
-2573
-2691
-1478
210
1204
1295
1049
809
557
619
1604
3485
5356
6266
6135
5607
5126
4579
3745
2908
2629
2883
3021
2482
1305
-106
-1657
-3376
-4722
-4986
-4289
-3575
-3476
-3685
-3717
-3745
-4077
-4299
-3790
-2605
-1328
-299
574
1102
767
-362
-1557
-2204
-2284
-1994
-1335
-509
-31
-208
-765
-1238
-1544
-1733
-1627
-1046
-116
674
938
670
75
-518
-760
-454
344
1301
2044
2427
2537
2433
2132
1778
1601
1651
1741
1611
1150
382
-605
-1524
-2073
-2049
-1717
-1592
-1787
-2024
-2202
-2663
-3537
-4207
-4076
-3505
-3186
-2861
-1867
-997
-2136
-5457
-8347
-8519
-6945
-5899
-5433
-3885
-1378
-177
-997
-1685
-519
1407
2419
3264
5674
8919
10314
8866
6470
5145
4745
4263
3921
4529
5570
5355
3225
538
-1125
-1871
-2719
-3601
-3304
-1482
361
718
-134
-871
-883
-502
239
1849
4183
6084
6581
5938
5169
4733
4295
3647
3187
3365
3824
3659
2481
833
-776
-2428
-4084
-5036
-4621
-3465
-2894
-3288
-3797
-3804
-3776
-4072
-3964
-2739
-912
480
1260
1774
1660
344
-1501
-2394
-1839
-730
85
620
862
438
-616
-1622
-2101
-2163
-1967
-1402
-515
196
281
-254
-1074
-1734
-1772
-961
453
1851
2666
2855
2713
2496
2308
2125
1976
1962
1979
1849
1356
301
-1100
-2281
-2795
-2630
-2237
-2036
-2133
-2582
-3200
-3628
-3753
-3662
-3476
-3289
-3078
-2719
-2043
-1584
-2714
-5694
-8449
-8835
-7331
-6118
-5658
-4439
-2348
-1270
-1839
-2112
-520
1738
2907
3705
5894
8972
10483
9316
7035
5575
5029
4586
4280
4683
5384
4958
2823
281
-1108
-1524
-2118
-2945
-2768
-1158
452
674
-87
-625
-551
-144
720
2539
4953
6661
6864
6048
5222
4804
4522
4139
3843
3855
4023
3721
2475
658
-1103
-2649
-4027
-4863
-4608
-3540
-2852
-3138
-3741
-3882
-3642
-3474
-3204
-2200
-555
872
1568
1756
1620
810
-787
-2377
-2948
-2594
-2173
-2126
-2122
-1987
-2126
-2698
-3228
-3194
-2758
-2205
-1453
-375
558
749
343
-22
31
511
1294
2186
2926
3296
3315
3072
2627
2127
1725
1408
1175
1012
669
-196
-1510
-2654
-3101
-2949
-2571
-2144
-1882
-2068
-2579
-2921
-2943
-2935
-2973
-2736
-2243
-1827
-1394
-947
-1658
-4552
-8119
-9378
-7829
-6106
-5748
-5077
-2867
-1043
-1486
-2574
-1575
1066
2802
3437
5188
8479
10723
9924
7392
5718
5439
5297
4824
4864
5632
5672
3642
505
-1498
-1857
-2177
-3315
-3877
-2533
-505
-29
-1064
-1683
-1111
-339
179
1475
4032
6430
7151
6504
5821
5644
5483
4974
4471
4360
4445
4134
2988
1175
-735
-2482
-4173
-5518
-5735
-4681
-3570
-3663
-4518
-4751
-4189
-3849
-3790
-2823
-723
994
1313
1147
1398
1372
357
-777
-868
-261
-77
-443
-744
-930
-1421
-2178
-2644
-2583
-2387
-2321
-2150
-1699
-1290
-1267
-1424
-1256
-679
73
953
1959
2860
3380
3558
3650
3677
3465
3062
2617
2191
1729
1078
140
-918
-1718
-2097
-2331
-2679
-2951
-3022
-3148
-3477
-3688
-3519
-3260
-3177
-3016
-2750
-2696
-2636
-2186
-2227
-4245
-7572
-9248
-8065
-6367
-6144
-5966
-3950
-1512
-1218
-2290
-1689
998
3184
3753
4719
7525
10218
10136
7742
5740
5370
5451
4876
4391
4937
5455
4050
941
-1445
-1736
-1440
-2268
-3238
-2416
-258
849
125
-642
-90
942
1439
2107
3995
6355
7351
6642
5709
5598
5761
5246
4205
3515
3348
2974
1840
260
-1075
-2128
-3508
-5138
-5905
-5174
-3933
-3639
-4093
-3938
-3033
-2528
-2691
-2338
-892
498
883
946
1384
1531
632
-620
-1001
-549
-147
-44
9
-86
-648
-1555
-2253
-2508
-2588
-2671
-2642
-2354
-1961
-1849
-2042
-2115
-1731
-896
152
1234
2262
2984
3175
2942
2693
2707
2732
2332
1635
1076
526
-421
-1515
-2015
-1986
-2261
-2834
-2877
-2472
-2637
-3529
-4147
-4051
-3942
-4149
-4014
-3160
-2106
-1657
-2545
-4952
-7704
-8830
-7872
-6534
-5879
-4678
-2153
-93
-254
-1289
-695
1343
2795
3494
5281
8460
10749
10289
8032
6123
5153
4294
3379
3347
4458
5198
3930
1237
-787
-1411
-1931
-3093
-3558
-2028
332
1353
915
614
1046
1267
1007
1604
3870
6452
7540
7117
6446
6018
5159
3688
2556
2424
2734
2533
1618
469
-690
-2167
-4071
-5771
-6313
-5471
-4127
-3201
-2728
-2392
-2312
-2738
-3202
-2762
-1251
440
1423
1564
1206
496
-617
-1747
-2152
-1589
-660
-75
149
270
-45
-1113
-2387
-2895
-2515
-1922
-1413
-879
-502
-749
-1470
-1879
-1435
-453
486
1334
2280
3142
3464
3155
2717
2493
2152
1405
574
144
-86
-745
-1731
-2342
-2406
-2479
-2951
-3520
-3822
-3994
-4129
-4011
-3542
-3032
-2914
-2924
-2500
-2340
-3884
-6995
-9306
-8900
-7034
-6109
-5815
-4204
-1568
-294
-1092
-1502
345
2850
3927
4444
6495
9663
11105
9606
7297
6261
5891
4731
3188
3077
4450
4774
2564
-330
-1431
-1186
-1957
-3847
-4152
-1870
499
795
91
492
1676
1793
1097
1826
4535
7100
7613
6852
6630
6802
5906
3929
2550
2649
3121
2561
1185
86
-682
-2043
-4264
-6101
-6249
-5166
-4318
-4053
-3488
-2401
-1914
-2559
-3008
-2015
-382
292
61
264
976
905
-200
-953
-526
153
65
-320
-131
260
-93
-1222
-2138
-2222
-2003
-2078
-2219
-1992
-1591
-1627
-2114
-2135
-1218
8
854
1423
2252
3231
3652
3439
3156
2966
2451
1449
497
80
-97
-538
-1212
-1888
-2489
-3104
-3801
-4432
-4743
-4648
-4301
-4016
-3962
-3929
-3695
-3225
-2883
-3630
-5935
-8537
-9352
-8048
-6502
-5791
-4658
-2272
-325
-388
-1146
-244
2083
3660
4144
5453
8277
10592
10307
8135
6434
5848
5032
3505
2714
3700
4900
3944
1216
-683
-842
-1103
-2723
-4029
-2959
-534
685
416
639
1963
2611
1617
858
2362
5178
6856
6800
6567
6994
6916
5424
3558
2836
3114
2945
1839
881
666
194
-1601
-4112
-5643
-5585
-4937
-4515
-3931
-2859
-1997
-2322
-3325
-3497
-2361
-1047
-686
-863
-641
-162
-264
-826
-828
-56
587
577
509
1026
1498
978
-288
-1161
-1227
-1111
-1259
-1373
-1268
-1415
-2155
-2896
-2751
-1766
-734
-65
681
1799
2787
2997
2581
2163
1882
1392
714
380
537
632
92
-798
-1400
-1929
-2890
-4121
-5038
-5288
-5113
-4833
-4506
-4328
-4295
-4083
-4179
-5631
-8225
-10103
-9712
-7932
-6721
-5786
-3608
-735
734
208
-207
1374
3732
4908
5445
7116
9911
11555
10450
8124
6751
6184
4935
2959
2132
3296
4362
3181
789
-490
-502
-1257
-3377
-4540
-3170
-920
23
69
992
2650
3078
1885
1117
2261
4379
5696
6119
6799
7696
7501
5713
3513
2362
2169
1745
868
410
686
643
-851
-3273
-5064
-5691
-5901
-6064
-5397
-3610
-2070
-2135
-3232
-3666
-3053
-2621
-2943
-2962
-1811
-244
526
679
1198
2010
2134
1388
882
1439
2377
2437
1553
620
60
-563
-1499
-2209
-2246
-2074
-2352
-2804
-2555
-1600
-828
-716
-622
159
1243
1888
2150
2454
2615
2151
1113
412
646
1146
931
-13
-1016
-1732
-2523
-3655
-4505
-4633
-4509
-4647
-4965
-4889
-4375
-4625
-6626
-9525
-11277
-10773
-9148
-7977
-6754
-4356
-1590
-217
-443
-309
1493
3616
4596
5260
7168
10134
11991
11377
9635
8438
7611
6178
4267
3310
3818
4136
2925
985
-93
-193
-996
-3167
-4817
-4453
-3023
-2169
-1827
-569
1515
2580
2046
1459
2211
3818
4786
5006
5711
7174
8209
7746
6270
5060
4311
3299
1902
923
922
1251
745
-754
-2412
-3628
-4663
-5979
-6982
-6739
-5636
-4912
-5037
-5185
-4680
-4217
-4443
-4650
-3827
-1960
-24
1344
2552
3797
4505
4191
3298
2843
3068
3220
2779
2063
1506
912
-284
-1931
-3204
-3724
-3934
-4222
-4179
-3304
-2069
-1464
-1596
-1596
-914
-41
429
783
1554
2442
2632
2131
1804
1941
1840
994
-87
-636
-862
-1523
-2610
-3428
-3756
-4155
-4896
-5340
-5157
-5434
-7250
-9857
-11318
-10985
-10143
-9613
-8353
-5634
-2785
-1469
-1330
-476
1582
3341
4001
4845
7198
10251
11857
11444
10549
10139
9397
7481
5363
4759
5447
5448
3989
2406
1865
1505
-170
-2700
-4149
-3997
-3605
-3827
-3699
-2215
-349
223
-421
-620
432
1814
2568
3147
4437
6158
7175
7113
6791
6839
6764
5835
4302
3175
2890
2785
2102
962
-76
-927
-2041
-3529
-4830
-5529
-5980
-6672
-7372
-7479
-6947
-6388
-6157
-5889
-5186
-4172
-3155
-2067
-605
1187
2716
3551
3871
4181
4485
4432
3923
3240
2853
2700
2371
1663
792
-12
-873
-1942
-2890
-3208
-2896
-2477
-2372
-2399
-2169
-1882
-1901
-2121
-2000
-1355
-753
-551
-393
188
943
1136
643
36
-396
-815
-1353
-1818
-1927
-1948
-2211
-2600
-3180
-4377
-6325
-8455
-9804
-10199
-10204
-9742
-8345
-6206
-4334
-3504
-3180
-2269
-769
515
1470
2870
5283
7901
9413
9810
10053
10434
10189
8884
7457
7105
7481
7315
6390
5649
5499
5055
3445
1217
-408
-1254
-2051
-3039
-3425
-2704
-1720
-1475
-1898
-2118
-1726
-1257
-1125
-893
59
1542
2788
3423
3847
4448
4943
4793
4074
3517
3526
3666
3403
2830
2473
2406
2085
1171
-31
-1118
-2131
-3329
-4566
-5286
-5358
-5185
-5236
-5475
-5512
-5315
-5133
-5004
-4661
-3794
-2552
-1449
-558
380
1433
2294
2583
2475
2492
2655
2665
2465
2279
2306
2276
1784
979
279
-173
-597
-1195
-1686
-1750
-1620
-1674
-1906
-1996
-1889
-1896
-2088
-2121
-1758
-1266
-1069
-1224
-1479
-1712
-1947
-2166
-2245
-2077
-1811
-1636
-1730
-2329
-3623
-5418
-7092
-8125
-8553
-8540
-7969
-6741
-5232
-4127
-3658
-3333
-2673
-1774
-987
-156
1263
3331
5355
6666
7451
8234
8860
8776
7983
7309
7327
7557
7402
7102
7192
7496
7136
5787
4189
2955
1883
648
-430
-699
-209
180
-42
-563
-875
-982
-1305
-1865
-2087
-1631
-806
-135
312
886
1650
2181
2158
1810
1623
1700
1756
1652
1620
1894
2275
2326
1926
1281
577
-240
-1195
-2110
-2653
-2752
-2680
-2621
-2589
-2509
-2509
-2740
-3080
-3251
-3117
-2810
-2515
-2168
-1628
-1009
-546
-318
-182
-30
41
-27
-29
228
671
1017
1111
1074
1033
890
498
-75
-572
-831
-929
-968
-940
-806
-642
-593
-680
-788
-854
-980
-1289
-1704
-2016
-2137
-2112
-2036
-1948
-1817
-1731
-1980
-2890
-4506
-6317
-7615
-8226
-8439
-8373
-7729
-6380
-4949
-4151
-3847
-3354
-2479
-1688
-1227
-515
1050
3134
4863
5920
6789
7809
8519
8360
7621
7137
7172
7215
6950
6817
7222
7700
7378
6139
4684
3450
2197
724
-520
-889
-519
-195
-330
-622
-685
-703
-1124
-1822
-2170
-1848
-1124
-422
278
1210
2197
2735
2598
2129
1814
1705
1534
1300
1336
1803
2307
2341
1891
1263
546
-438
-1635
-2559
-2862
-2747
-2589
-2450
-2182
-1801
-1572
-1635
-1831
-1945
-1898
-1752
-1558
-1252
-767
-199
208
272
94
-103
-274
-490
-705
-733
-478
-102
182
311
314
164
-157
-614
-990
-1132
-1078
-884
-686
-545
-456
-433
-480
-540
-574
-625
-834
-1247
-1649
-1825
-1847
-1925
-2065
-2051
-1875
-2084
-3208
-5038
-6823
-8033
-8766
-9224
-9095
-8027
-6415
-5121
-4511
-4096
-3312
-2410
-1895
-1517
-472
1503
3688
5296
6436
7609
8669
8977
8448
7844
7800
7991
7802
7393
7415
7911
8070
7280
5871
4481
3145
1559
-55
-1015
-1083
-832
-868
-1133
-1287
-1381
-1762
-2401
-2812
-2673
-2131
-1454
-627
481
1704
2661
3138
3221
3108
2913
2682
2534
2633
2985
3403
3589
3361
2737
1784
552
-833
-2091
-2913
-3230
-3234
-3118
-2951
-2812
-2840
-3073
-3342
-3407
-3230
-2938
-2580
-2075
-1390
-682
-160
123
276
390
399
263
130
205
469
701
757
734
743
686
393
-101
-583
-914
-1134
-1261
-1222
-1040
-917
-1019
-1232
-1354
-1362
-1397
-1513
-1646
-1792
-1959
-2067
-2012
-1858
-1747
-1702
-1786
-2347
-3729
-5670
-7381
-8404
-8978
-9325
-9067
-7820
-6082
-4825
-4317
-3807
-2822
-1831
-1228
-486
1231
3728
5917
7213
8142
9210
9936
9627
8638
8046
8158
8196
7670
7166
7284
7471
6700
4969
3254
1984
608
-1156
-2526
-2720
-2212
-2112
-2590
-2868
-2617
-2483
-2934
-3349
-2895
-1716
-575
313
1462
3054
4408
4914
4802
4720
4796
4612
4048
3632
3742
4025
3858
3163
2302
1310
-174
-2144
-3927
-4885
-5108
-5088
-4961
-4542
-3957
-3671
-3868
-4088
-3807
-3078
-2276
-1489
-492
732
1751
2225
2318
2376
2378
2137
1686
1354
1341
1343
1046
510
78
-175
-492
-1005
-1546
-1918
-2141
-2323
-2398
-2218
-1814
-1418
-1247
-1274
-1334
-1412
-1659
-2091
-2466
-2522
-2325
-2164
-2141
-2031
-1679
-1456
-2105
-3934
-6301
-8184
-9215
-9777
-10008
-9396
-7727
-5876
-4903
-4621
-3947
-2566
-1321
-677
252
2448
5389
7649
8801
9645
10593
10887
9958
8688
8320
8678
8508
7460
6563
6440
6184
4693
2402
640
-344
-1510
-3140
-4102
-3575
-2513
-2400
-3164
-3487
-2906
-2358
-2395
-2156
-772
1181
2505
3151
4082
5511
6437
6185
5493
5415
5801
5667
4784
3979
3696
3253
1944
244
-885
-1508
-2593
-4417
-6035
-6663
-6739
-7022
-7276
-6756
-5572
-4624
-4176
-3428
-1871
-182
759
1205
2037
3327
4222
4289
4119
4267
4319
3640
2539
1883
1726
1209
-82
-1422
-2035
-2187
-2590
-3233
-3496
-3253
-3038
-3116
-3063
-2486
-1700
-1256
-1189
-1103
-844
-666
-737
-844
-699
-408
-311
-462
-526
-398
-656
-2141
-4863
-7791
-9731
-10618
-11174
-11388
-10652
-8944
-7382
-6800
-6547
-5471
-3642
-2077
-866
1149
4485
7911
9926
10659
11247
11888
11693
10531
9650
9922
10397
9628
7799
6313
5527
4202
1593
-1207
-2811
-3497
-4425
-5513
-5538
-4367
-3564
-4155
-5080
-4754
-3306
-2021
-1073
599
3269
5653
6722
7132
7899
8664
8345
7111
6370
6739
7175
6570
5221
3984
2757
818
-1678
-3642
-4572
-5239
-6399
-7631
-8077
-7846
-7806
-8161
-8161
-7251
-5825
-4415
-2851
-745
1509
3164
3946
4499
5386
6104
6205
5876
5567
5166
4262
2917
1652
675
-388
-1759
-3051
-3771
-4001
-4220
-4584
-4798
-4643
-4284
-3884
-3272
-2245
-1001
23
656
1076
1440
1616
1398
834
282
81
133
48
-259
-440
-507
-1344
-3847
-7466
-10481
-11904
-12362
-12650
-12299
-10566
-8182
-6770
-6577
-6127
-4485
-2511
-1114
572
3905
8270
11470
12544
12684
12978
12767
11219
9359
8907
9620
9469
7597
5424
4175
2860
14
-3620
-5925
-6473
-6837
-7684
-7682
-5956
-4089
-3980
-4846
-4466
-2444
-421
902
2804
6035
9098
10264
10070
10158
10560
9878
7939
6426
6354
6507
5371
3304
1575
161
-2032
-4872
-6799
-7127
-7038
-7770
-8783
-8803
-7935
-7343
-7230
-6513
-4594
-2329
-640
856
2864
4958
6023
6022
6036
6555
6877
6386
5513
4761
3771
1994
-203
-1859
-2791
-3697
-4875
-5686
-5651
-5205
-5002
-5023
-4779
-4161
-3505
-2723
-1485
135
1635
2600
3115
3357
3276
2879
2412
1935
1355
592
-108
-648
-1302
-2220
-3079
-3849
-5429
-8373
-11642
-13399
-13428
-13068
-12829
-11706
-9106
-6427
-5211
-4631
-2851
-8
2236
3618
5872
9727
13140
14134
13452
12994
12863
11650
9365
7873
7884
7643
5505
2370
275
-802
-2689
-5707
-7894
-7986
-7311
-7435
-7545
-6033
-3572
-2318
-2434
-1751
835
3725
5346
6517
8617
10901
11572
10696
9978
9853
8937
6654
4452
3565
3114
1621
-750
-2749
-4140
-5783
-7723
-8748
-8263
-7375
-7354
-7823
-7549
-6393
-5327
-4596
-3326
-997
1396
2985
4235
5593
6644
6590
5727
5129
5128
4973
4150
3004
1853
353
-1758
-3840
-5013
-5400
-5729
-6122
-6055
-5307
-4387
-3723
-3039
-2090
-1189
-409
669
2305
4035
5083
5354
5222
4641
3496
2142
1079
375
-396
-1385
-2271
-2955
-3653
-4318
-4903
-6002
-8386
-11631
-13793
-13725
-12581
-11751
-10744
-8427
-5497
-3799
-3210
-1705
1217
3758
5050
6658
9923
13367
14606
13731
12601
11809
10278
7783
5903
5700
5683
3849
643
-1814
-2945
-4379
-7007
-9038
-8743
-7237
-6456
-6088
-4381
-1608
-21
-175
168
2535
5509
7230
8183
9834
11648
11790
10257
8908
8359
7151
4477
1871
866
558
-788
-3042
-4726
-5610
-6815
-8400
-8853
-7520
-5783
-5034
-4841
-4076
-2940
-2340
-2005
-824
1308
3249
4351
5192
6147
6486
5536
3921
2837
2440
1991
1178
349
-490
-1953
-4139
-6075
-6846
-6632
-6152
-5622
-4724
-3536
-2597
-2011
-1269
-43
1341
2381
3232
4398
5664
6264
5917
5133
4494
3763
2544
1089
-216
-1457
-2831
-4136
-5056
-5625
-6011
-6139
-6509
-8144
-11052
-13554
-13993
-12845
-11669
-10350
-7709
-4344
-2181
-1489
-390
2052
4319
5451
6963
10117
13441
14623
13633
12297
11161
9205
6428
4408
4027
4029
2653
132
-1980
-3296
-4909
-7250
-8911
-8515
-6833
-5473
-4351
-2416
67
1445
1328
1593
3541
6040
7613
8637
10219
11672
11235
9137
7283
6168
4476
1792
-230
-494
-407
-1625
-3629
-5008
-5834
-7051
-8198
-7754
-5717
-3782
-2948
-2491
-1684
-961
-969
-889
496
2707
4418
5169
5616
5915
5236
3313
1285
309
59
-375
-991
-1351
-1834
-3194
-5191
-6703
-6980
-6319
-5234
-3807
-2119
-665
96
368
858
1828
2851
3546
4214
5243
6103
6017
5018
3701
2398
765
-1184
-2605
-3268
-3736
-4393
-5129
-5596
-6030
-6695
-6777
-6196
-6477
-8500
-11052
-11793
-10391
-9073
-8435
-6743
-3705
-1254
-742
-542
1508
4180
5219
5474
7165
10151
11840
10900
9068
7784
6182
3624
1378
858
1464
1175
-485
-2014
-2451
-2581
-3409
-4205
-3376
-994
1191
2378
3700
5734
7042
6448
5301
5672
7182
7830
7311
7111
7390
6427
3665
871
-575
-1552
-3241
-4713
-4623
-3875
-4132
-5106
-5262
-4349
-3691
-3560
-2429
117
2540
3614
3841
4210
4366
3359
1860
1249
1407
1206
199
-858
-1422
-2244
-3794
-5207
-5721
-5522
-5129
-4577
-3542
-2325
-1715
-1822
-2033
-1764
-918
187
1320
2506
3593
4060
3817
3454
3285
3154
2928
2732
2955
3311
2956
1957
772
-459
-1592
-2679
-3430
-3496
-3632
-4311
-4921
-5150
-5020
-4820
-4524
-3358
-2346
-3696
-6941
-9558
-9902
-8961
-8794
-8364
-5705
-2417
-1109
-1633
-1526
195
1321
1047
2084
5580
9110
10037
8633
7230
6136
3982
1366
266
1170
2409
2147
934
389
324
-479
-1932
-2319
-537
2040
3633
4619
6147
7574
7309
5661
4761
5468
6239
5888
5458
5853
5811
3922
1032
-983
-1907
-2942
-4147
-4195
-2980
-2135
-2546
-3271
-3175
-2582
-2284
-1740
-106
2082
3509
3662
3129
2446
1429
27
-914
-957
-700
-993
-1912
-2819
-3657
-4770
-5763
-5993
-5437
-4524
-3540
-2373
-1175
-532
-558
-719
-500
291
1511
2807
3824
4321
4097
3331
2575
2094
1758
1499
1372
1513
1655
1347
778
112
-787
-1618
-2130
-2290
-2207
-2365
-2786
-3050
-3111
-3053
-2984
-2885
-2046
-619
-456
-2806
-6546
-9082
-9435
-9379
-9817
-9015
-6270
-3713
-3333
-3937
-3016
-1040
-252
-103
1987
6059
9146
9344
8085
7200
6027
3566
1263
1153
2727
3586
2749
1623
1246
740
-730
-1968
-1236
1185
3379
4476
5424
6762
7326
6176
4521
4278
5314
5899
5585
5587
6024
5214
2571
-205
-1528
-2045
-2895
-3487
-2808
-1679
-1635
-2529
-2994
-2582
-2165
-2002
-1215
542
2323
3161
3036
2287
1003
-679
-2013
-2338
-2048
-2093
-2685
-3363
-3974
-4730
-5564
-5843
-5301
-4286
-3109
-1699
-172
813
972
631
359
533
1160
2186
3362
4012
3733
2813
1839
1282
930
557
343
476
915
1327
1380
931
103
-704
-1069
-1011
-732
-416
-304
-652
-1585
-2502
-2815
-2783
-2760
-2443
-1472
-951
-2665
-6290
-9275
-10296
-10516
-10962
-10414
-7654
-4460
-3233
-3395
-2704
-929
103
292
1958
5693
8885
9514
8543
7743
6803
4481
1862
1081
2137
3038
2485
1342
827
402
-814
-1959
-1492
663
2829
3958
4950
6452
7359
6695
5445
5220
5965
6272
5982
6167
6557
5709
3287
780
-604
-1454
-2522
-3161
-2746
-2102
-2255
-2959
-3147
-2797
-2709
-2723
-1958
-268
1309
1924
1785
1255
192
-1280
-2422
-2731
-2528
-2560
-2896
-3239
-3595
-4080
-4577
-4683
-4237
-3456
-2434
-1028
477
1500
1667
1152
694
650
1041
1829
2641
2994
2703
1983
1279
821
387
52
27
220
670
1258
1684
1725
1285
659
298
279
350
389
21
-958
-2052
-2760
-2879
-2870
-2973
-2401
-947
-390
-2483
-6366
-9421
-10329
-10596
-11226
-10475
-7448
-4289
-3462
-4156
-3598
-1707
-708
-443
1661
5874
9257
9638
8420
7734
6768
4158
1352
863
2469
3468
2624
1413
980
248
-1558
-2887
-1957
639
2800
3923
5138
6695
7175
5999
4667
4659
5444
5690
5653
6325
7006
6012
3392
938
-358
-1278
-2417
-2871
-2161
-1432
-1639
-2226
-2249
-2028
-2413
-2972
-2499
-944
506
1152
1191
817
-264
-1848
-2794
-2667
-2247
-2336
-2658
-2664
-2629
-3106
-3819
-4028
-3669
-3052
-2142
-711
814
1613
1537
1112
878
887
1166
1831
2596
2901
2569
1930
1367
877
279
-122
-106
129
517
1076
1521
1401
715
106
9
215
397
503
392
-175
-1099
-1948
-2519
-3102
-3729
-3753
-2670
-1614
-2525
-5611
-8791
-10166
-10392
-10857
-10761
-8575
-5258
-3422
-3479
-3093
-1261
166
368
1439
4783
8325
9372
8503
7863
7260
5122
2166
939
1964
2989
2463
1407
984
480
-944
-2236
-1776
293
2334
3573
4802
6339
7205
6712
5636
5259
5614
5795
5774
6174
6660
6026
3927
1607
157
-784
-1789
-2506
-2545
-2433
-2771
-3214
-3126
-2821
-2925
-3084
-2434
-1057
103
635
834
700
-199
-1622
-2436
-2233
-1900
-2269
-2948
-3237
-3361
-3795
-4269
-4086
-3406
-2740
-1955
-729
657
1405
1332
1029
924
964
1091
1467
1971
2164
1845
1303
882
639
520
495
672
939
1233
1616
1969
2052
1740
1366
1226
1305
1231
989
555
-196
-1132
-2308
-3246
-3677
-3811
-3697
-3265
-2295
-1662
-2887
-6061
-9127
-10308
-10266
-10169
-9679
-7482
-4572
-3413
-3909
-3868
-2255
-692
27
1721
5243
8541
9311
8282
7251
6126
3999
1642
1038
2142
3034
2500
1314
523
-245
-1322
-2021
-1204
990
3146
4540
5549
6661
7340
6859
5808
5453
6066
6741
6973
7087
7020
5988
3765
1416
-52
-873
-1589
-2055
-2044
-1999
-2454
-3153
-3544
-3785
-4076
-3897
-2795
-1219
-40
534
765
425
-660
-1766
-1952
-1507
-1447
-1949
-2330
-2399
-2831
-3685
-4157
-3877
-3394
-3044
-2330
-1056
-8
145
-138
-96
273
539
741
1215
1780
1939
1540
1064
857
727
613
654
912
1227
1439
1621
1792
1760
1436
1084
1016
1100
1234
1211
939
345
-679
-1622
-2411
-2949
-3408
-3686
-3348
-2451
-1443
-1723
-3983
-7278
-9524
-9930
-9740
-9420
-8084
-5433
-3385
-3345
-3760
-2888
-1311
-546
227
2830
6254
8075
7622
6590
5799
4336
2303
1138
1789
2911
3048
2227
1336
742
-65
-799
-747
537
2437
3927
4956
5824
6473
6354
5563
5150
5651
6434
6751
6748
6752
6216
4537
2247
519
-420
-1254
-2017
-2218
-1918
-2066
-3019
-4016
-4565
-4730
-4603
-3850
-2380
-825
259
745
633
-89
-998
-1364
-1099
-775
-770
-890
-1064
-1632
-2531
-3313
-3630
-3639
-3501
-2850
-1787
-830
-579
-719
-650
-397
-102
227
968
1864
2284
2176
1823
1551
1313
1195
1435
1816
2044
1998
1981
1924
1523
1000
618
611
835
1156
1451
1334
570
-708
-1913
-2802
-3347
-3778
-4211
-4350
-4149
-3637
-2844
-1896
-1545
-2710
-5167
-7244
-7646
-7234
-7172
-6928
-5556
-3834
-3509
-4133
-3719
-2246
-1280
-990
427
3147
5083
5074
4459
4658
4578
3364
2209
2542
3701
3943
3256
2829
2982
2786
2014
1687
2412
3630
4364
4619
5070
5658
5753
5146
4525
4525
4760
4727
4654
4829
4771
3801
2194
945
363
-71
-661
-1140
-1376
-1695
-2183
-2654
-3065
-3594
-4026
-3757
-2848
-1940
-1404
-1078
-958
-1365
-1967
-2127
-1813
-1609
-1697
-1450
-1026
-1123
-1795
-2337
-2383
-2437
-2518
-2149
-1207
-383
-216
-251
-84
106
71
66
576
1329
1856
2105
2218
2280
2041
1567
1244
1285
1495
1519
1348
1227
1232
1154
881
648
685
796
633
304
116
-165
-785
-1869
-2875
-3521
-4092
-4282
-4000
-3175
-2257
-1598
-1327
-2267
-4413
-6654
-7716
-7708
-7536
-6997
-5597
-4109
-3885
-4609
-4698
-3977
-3309
-2648
-863
2018
4168
4899
5001
5094
4633
3455
2855
3530
4705
5282
5279
5126
4651
3612
2397
1783
2028
2819
3775
4647
5339
5498
4947
3996
3192
3005
3304
3815
4379
4973
5227
4721
3523
2205
1144
283
-262
-271
0
-236
-1116
-2164
-2906
-3547
-4131
-4125
-3543
-2851
-2486
-2205
-1953
-2128
-2736
-3166
-3054
-2711
-2355
-1851
-1321
-1216
-1592
-2014
-2153
-2171
-2027
-1505
-678
-28
296
483
470
162
-274
-368
8
566
1148
1720
2001
1877
1524
1263
1151
1059
1158
1571
2074
2347
2400
2305
2012
1396
771
421
392
458
388
209
-251
-832
-1545
-2337
-3046
-3577
-3693
-3545
-3273
-3021
-2843
-2608
-2676
-3284
-4366
-5363
-5671
-5732
-5904
-5999
-5577
-4820
-4555
-4699
-4514
-3749
-2926
-2269
-1133
544
2005
2759
3274
4088
4603
4391
3950
3943
4377
4738
4994
5232
5266
4988
4558
4272
4070
3898
3808
3760
3751
3774
3869
3834
3516
3125
2898
2901
3098
3437
3640
3371
2736
2084
1505
863
320
215
351
220
-222
-710
-1225
-1984
-2851
-3328
-3318
-3093
-2862
-2586
-2408
-2678
-3283
-3798
-3892
-3632
-3232
-2650
-1979
-1497
-1402
-1587
-1715
-1658
-1475
-1199
-706
-39
510
752
744
749
731
567
486
755
1292
1591
1444
1193
1029
865
624
606
923
1193
1258
1287
1502
1673
1496
1130
853
667
488
366
359
354
127
-253
-647
-1033
-1504
-2027
-2505
-2846
-2931
-2846
-2747
-2771
-2901
-2920
-2898
-3062
-3429
-3896
-4283
-4589
-4769
-4667
-4261
-3791
-3565
-3537
-3357
-2751
-1957
-1352
-886
-271
459
1060
1475
1933
2356
2303
1940
1860
2366
3035
3400
3611
3834
3901
3725
3631
3898
4282
4443
4499
4666
4843
4762
4420
4041
3692
3391
3239
3268
3309
3206
2942
2635
2287
1907
1620
1435
1253
982
711
479
230
-116
-517
-865
-1180
-1460
-1687
-1881
-2121
-2398
-2611
-2666
-2605
-2530
-2476
-2419
-2376
-2409
-2483
-2582
-2615
-2538
-2380
-2211
-2108
-2061
-1981
-1819
-1614
-1355
-1089
-870
-707
-549
-285
46
334
439
394
395
529
809
1093
1248
1264
1202
1168
1230
1359
1450
1383
1196
1078
1125
1203
1168
941
591
245
-31
-168
-232
-361
-623
-1003
-1366
-1636
-1854
-2103
-2385
-2523
-2443
-2186
-1848
-1612
-1597
-1872
-2330
-2767
-3086
-3271
-3414
-3537
-3612
-3617
-3531
-3388
-3274
-3259
-3231
-2978
-2427
-1714
-1035
-508
-163
44
223
507
979
1623
2345
3030
3638
4153
4556
4803
4865
4872
4948
5105
5260
5343
5402
5357
5151
4822
4489
4257
4112
4096
4150
4149
4027
3799
3504
3144
2713
2264
1842
1427
1031
715
436
103
-331
-756
-1052
-1279
-1487
-1669
-1827
-2015
-2273
-2527
-2670
-2725
-2839
-3057
-3286
-3410
-3450
-3466
-3450
-3359
-3200
-3056
-2917
-2703
-2425
-2197
-2071
-1928
-1630
-1242
-888
-595
-347
-189
-195
-295
-307
-183
3
144
278
466
620
647
556
481
486
485
441
461
595
708
688
607
601
610
489
235
36
-49
-140
-307
-493
-640
-811
-1012
-1141
-1119
-1028
-992
-1028
-1049
-994
-946
-1016
-1255
-1635
-2058
-2430
-2675
-2795
-2869
-2984
-3163
-3294
-3256
-3050
-2796
-2562
-2260
-1818
-1280
-752
-272
177
585
977
1425
1957
2499
2940
3257
3512
3740
3939
4107
4245
4342
4411
4487
4592
4657
4634
4545
4451
4359
4225
4039
3821
3580
3318
3059
2843
2650
2420
2138
1843
1547
1233
894
576
318
140
18
-107
-292
-557
-875
-1220
-1558
-1827
-1984
-2097
-2263
-2465
-2617
-2690
-2746
-2821
-2889
-2914
-2867
-2714
-2470
-2238
-2111
-2094
-2123
-2129
-2018
-1746
-1410
-1180
-1092
-1021
-908
-836
-848
-827
-719
-625
-585
-492
-289
-132
-163
-279
-282
-122
73
229
396
568
641
560
461
475
540
540
456
387
369
301
107
-171
-436
-686
-923
-1060
-1042
-940
-886
-924
-992
-1026
-1020
-1041
-1129
-1286
-1527
-1838
-2169
-2437
-2615
-2747
-2866
-2933
-2872
-2662
-2377
-2078
-1808
-1564
-1322
-1008
-554
-12
520
946
1249
1497
1791
2178
2594
2990
3358
3695
3972
4141
4231
4278
4277
4200
4119
4134
4189
4176
4064
3930
3821
3690
3539
3425
3372
3322
3216
3063
2880
2641
2342
2025
1735
1474
1203
913
630
361
79
-228
-547
-877
-1214
-1532
-1805
-2007
-2187
-2372
-2513
-2633
-2766
-2916
-3049
-3119
-3167
-3209
-3195
-3105
-3011
-2967
-2958
-2923
-2823
-2706
-2563
-2373
-2175
-2012
-1877
-1764
-1640
-1501
-1356
-1221
-1078
-899
-696
-461
-213
42
246
391
518
668
830
980
1105
1174
1195
1178
1159
1154
1113
1021
919
844
789
691
521
309
72
-185
-416
-587
-705
-826
-962
-1044
-1047
-1040
-1092
-1156
-1167
-1115
-1064
-1076
-1165
-1349
-1617
-1889
-2067
-2118
-2120
-2191
-2300
-2318
-2185
-1962
-1747
-1569
-1387
-1174
-905
-550
-140
221
483
704
1007
1452
1938
2344
2646
2902
3188
3520
3856
4169
4415
4554
4616
4692
4832
4961
4977
4877
4757
4659
4549
4392
4202
3978
3712
3418
3148
2910
2636
2287
1888
1522
1222
922
591
255
-73
-409
-786
-1173
-1530
-1857
-2156
-2421
-2629
-2801
-3020
-3292
-3531
-3680
-3759
-3834
-3915
-4007
-4087
-4106
-4056
-3952
-3827
-3706
-3583
-3441
-3229
-2956
-2688
-2459
-2230
-1933
-1572
-1238
-968
-730
-503
-298
-111
101
335
516
610
664
750
854
898
861
810
798
810
805
794
793
764
682
588
559
572
542
436
306
240
217
182
145
113
58
-20
-89
-95
-40
-18
-76
-170
-221
-215
-210
-233
-306
-463
-723
-1051
-1363
-1601
-1776
-1933
-2067
-2133
-2134
-2095
-2011
-1868
-1656
-1395
-1094
-721
-276
193
600
916
1179
1442
1725
2019
2346
2702
3022
3260
3418
3575
3757
3911
4012
4085
4161
4221
4238
4228
4205
4144
3996
3800
3632
3516
3421
3283
3078
2836
2566
2255
1906
1545
1187
817
424
51
-257
-517
-814
-1145
-1488
-1803
-2088
-2348
-2549
-2709
-2884
-3094
-3293
-3443
-3561
-3668
-3753
-3776
-3726
-3638
-3526
-3394
-3262
-3159
-3084
-2984
-2823
-2632
-2450
-2270
-2093
-1943
-1855
-1799
-1710
-1556
-1378
-1198
-1009
-820
-676
-599
-523
-401
-242
-112
-24
62
183
317
436
544
670
777
833
871
953
1075
1169
1192
1186
1190
1173
1096
986
904
828
724
609
518
434
317
162
36
-22
-14
15
28
40
43
30
-18
-69
-119
-209
-321
-434
-524
-591
-687
-826
-948
-999
-983
-911
-790
-626
-448
-282
-106
94
310
508
699
933
1233
1547
1823
2036
2209
2355
2513
2693
2896
3088
3230
3311
3343
3323
3242
3111
2961
2828
2730
2663
2603
2526
2397
2232
2042
1858
1708
1567
1421
1251
1063
860
642
393
121
-151
-416
-665
-882
-1076
-1267
-1488
-1750
-2011
-2247
-2465
-2676
-2868
-3031
-3161
-3285
-3409
-3502
-3558
-3602
-3621
-3584
-3484
-3347
-3195
-3026
-2835
-2627
-2442
-2272
-2104
-1920
-1733
-1552
-1348
-1121
-920
-772
-663
-559
-458
-382
-312
-216
-90
20
106
170
221
258
273
306
396
511
599
664
726
792
839
861
877
893
903
903
897
894
878
817
711
598
494
406
333
283
279
318
362
390
423
495
603
729
865
991
1062
1073
1035
963
873
759
615
467
353
277
222
154
75
8
-19
1
76
184
288
354
381
422
491
576
661
750
861
994
1132
1258
1366
1444
1497
1537
1596
1688
1774
1810
1802
1764
1708
1649
1590
1532
1458
1352
1210
1064
927
786
620
435
261
103
-38
-166
-280
-395
-520
-652
-769
-853
-932
-1033
-1146
-1261
-1384
-1516
-1641
-1749
-1831
-1911
-1985
-2030
-2059
-2066
-2066
-2051
-2031
-2021
-2015
-1982
-1912
-1813
-1706
-1595
-1478
-1377
-1281
-1192
-1097
-1007
-931
-874
-825
-779
-740
-708
-700
-707
-721
-731
-717
-688
-641
-574
-503
-423
-328
-230
-135
-54
22
92
175
265
352
449
546
627
680
723
766
812
867
936
1029
1124
1195
1225
1234
1219
1173
1100
1013
934
851
746
602
422
203
-35
-245
-389
-450
-450
-425
-384
-323
-259
-187
-114
-28
87
220
378
558
735
874
956
1013
1087
1178
1278
1399
1534
1668
1765
1825
1854
1869
1869
1863
1892
1959
2031
2084
2112
2112
2069
1976
1860
1748
1641
1527
1406
1269
1108
908
670
422
190
-21
-222
-414
-592
-771
-965
-1185
-1405
-1616
-1812
-1980
-2120
-2208
-2263
-2312
-2353
-2375
-2394
-2423
-2455
-2471
-2461
-2435
-2409
-2372
-2336
-2305
-2287
-2258
-2194
-2106
-2004
-1881
-1731
-1579
-1448
-1343
-1250
-1154
-1055
-939
-791
-632
-483
-361
-257
-146
-35
66
180
308
431
550
657
753
829
876
912
959
1034
1113
1175
1223
1246
1235
1194
1158
1137
1122
1108
1095
1086
1065
1023
962
914
888
867
861
865
869
863
821
732
612
478
351
252
175
118
40
-79
-225
-375
-502
-589
-638
-645
-606
-534
-452
-371
-304
-261
-225
-168
-66
68
225
382
520
628
713
780
847
932
1036
1160
1301
1438
1546
1618
1641
1626
1605
1585
1577
1580
1569
1551
1494
1401
1278
1139
1001
867
742
635
530
408
262
81
-122
-337
-551
-737
-898
-1038
-1182
-1324
-1462
-1598
-1723
-1840
-1938
-2024
-2087
-2113
-2112
-2097
-2083
-2081
-2078
-2058
-2013
-1948
-1878
-1792
-1704
-1609
-1517
-1417
-1320
-1230
-1143
-1042
-907
-759
-620
-497
-372
-267
-175
-99
-25
60
136
211
282
356
416
448
473
506
554
604
648
686
721
746
757
762
772
778
778
791
821
843
855
854
857
858
861
883
909
941
957
949
921
889
848
793
716
619
511
381
240
84
-93
-274
-453
-614
-740
-826
-878
-913
-931
-947
-944
-912
-849
-764
-659
-534
-400
-266
-143
-26
77
183
299
436
603
770
907
1008
1076
1117
1148
1182
1229
1294
1377
1448
1504
1536
1525
1483
1428
1386
1360
1356
1344
1311
1241
1124
977
809
645
495
367
249
131
3
-132
-284
-458
-633
-790
-926
-1030
-1102
-1168
-1243
-1331
-1433
-1536
-1625
-1694
-1740
-1747
-1732
-1701
-1666
-1641
-1624
-1618
-1609
-1588
-1534
-1455
-1370
-1288
-1223
-1164
-1118
-1079
-1042
-993
-923
-835
-737
-632
-532
-441
-364
-289
-196
-80
67
229
390
550
692
801
899
987
1061
1124
1173
1233
1285
1322
1328
1299
1242
1169
1094
1024
974
935
883
827
772
715
649
574
502
446
400
355
304
248
169
58
-70
-199
-320
-455
-573
-662
-736
-803
-876
-940
-994
-1027
-1037
-1022
-979
-928
-869
-804
-724
-634
-540
-444
-338
-216
-79
72
217
349
468
574
679
782
880
969
1046
1106
1155
1199
1250
1301
1334
1362
1377
1383
1380
1376
1365
1342
1317
1277
1234
1189
1133
1057
960
848
728
607
496
394
289
173
45
-100
-232
-353
-473
-598
-719
-841
-956
-1057
-1151
-1237
-1325
-1411
-1476
-1510
-1513
-1497
-1474
-1449
-1422
-1400
-1358
-1302
-1242
-1181
-1122
-1061
-996
-922
-855
-795
-742
-690
-633
-561
-489
-420
-355
-305
-261
-220
-171
-112
-49
10
72
121
163
209
249
296
343
390
436
478
512
531
537
532
522
510
510
519
530
526
513
483
444
410
380
361
345
331
310
283
246
202
148
94
45
1
-32
-60
-95
-131
-168
-208
-242
-273
-288
-286
-275
-248
-225
-202
-181
-161
-140
-117
-86
-55
-11
38
87
143
204
257
302
345
396
456
522
583
640
687
717
737
754
769
784
780
777
785
793
798
799
796
784
761
730
700
674
641
590
537
479
422
360
280
196
93
-14
-113
-196
-267
-333
-404
-483
-555
-626
-687
-740
-774
-786
-791
-786
-773
-765
-770
-778
-787
-770
-744
-708
-669
-637
-605
-602
-609
-617
-614
-607
-582
-545
-507
-475
-451
-439
-426
-406
-390
-352
-302
-242
-182
-130
-92
-70
-62
-47
-29
-4
44
92
140
177
199
211
222
230
235
253
281
306
323
323
298
246
186
135
96
72
55
41
29
8
-20
-51
-77
-89
-96
-94
-77
-70
-72
-85
-103
-126
-141
-148
-147
-136
-122
-110
-101
-90
-86
-67
-36
5
50
100
152
194
231
267
301
330
356
380
400
419
434
446
457
466
473
489
506
524
527
527
528
522
516
508
508
500
485
470
451
432
419
401
384
368
360
359
357
353
333
307
271
226
190
160
125
85
43
14
-20
-62
-105
-147
-181
-209
-223
-224
-218
-221
-243
-262
-276
-296
-311
-320
-322
-316
-319
-326
-339
-358
-381
-410
-431
-443
-451
-463
-476
-493
-528
-562
-592
-615
-623
-627
-625
-611
-602
-601
-603
-598
-580
-559
-533
-507
-479
-456
-436
-419
-409
-389
-369
-353
-330
-305
-282
-264
-244
-230
-207
-180
-150
-111
-70
-31
1
35
79
120
155
200
242
281
319
351
390
427
459
488
514
551
582
607
630
642
642
638
629
619
598
573
545
519
501
482
454
430
403
376
346
315
286
252
225
199
173
143
119
89
57
39
27
17
13
7
0
-10
-20
-30
-42
-47
-51
-52
-47
-36
-26
-13
1
15
30
49
77
104
129
154
176
192
207
217
226
234
246
248
252
258
263
260
256
250
230
214
200
188
171
155
130
101
71
36
2
-32
-63
-91
-124
-158
-185
-220
-261
-314
-363
-404
-440
-476
-510
-536
-567
-601
-635
-660
-689
-715
-732
-743
-744
-747
-754
-754
-748
-743
-741
-724
-695
-665
-636
-604
-569
-539
-510
-475
-438
-403
-367
-325
-282
-238
-199
-164
-127
-89
-51
-5
46
95
146
198
249
295
339
385
427
460
500
537
571
601
620
635
645
655
661
674
678
682
684
677
669
651
634
614
589
564
535
502
460
415
370
319
275
226
179
140
104
63
30
2
-28
-50
-67
-73
-81
-83
-87
-92
-99
-107
-117
-123
-130
-130
-134
-133
-128
-124
-126
-119
-103
-86
-60
-39
-17
2
19
30
47
61
76
99
124
146
155
165
173
179
181
189
203
214
222
225
223
209
190
168
142
123
100
75
52
26
-4
-42
-78
-113
-146
-173
-198
-216
-237
-260
-278
-298
-323
-342
-363
-386
-403
-418
-432
-449
-467
-487
-499
-512
-522
-528
-535
-538
-542
-544
-545
-548
-551
-542
-527
-511
-487
-457
-431
-397
-361
-318
-274
-235
-192
-149
-103
-55
-9
29
62
97
136
170
207
246
281
311
345
374
388
404
419
426
433
445
456
468
483
486
493
500
502
505
507
499
485
466
443
419
391
370
346
323
299
278
248
214
181
146
112
80
51
24
5
-12
-28
-44
-61
-77
-97
-112
-119
-127
-139
-148
-154
-156
-154
-155
-151
-147
-143
-139
-134
-127
-123
-115
-110
-103
-97
-91
-77
-70
-63
-57
-51
-42
-30
-15
-1
14
27
37
47
55
58
60
61
61
63
72
87
95
106
116
124
127
125
128
127
123
115
108
104
95
82
69
58
45
24
8
-3
-17
-33
-50
-64
-76
-90
-104
-114
-124
-133
-144
-156
-169
-186
-204
-217
-232
-248
-266
-278
-286
-290
-292
-292
-292
-285
-278
-272
-261
-254
-250
-244
-239
-231
-224
-219
-204
-192
-169
-147
-126
-107
-93
-72
-52
-26
-1
23
46
69
88
104
120
133
147
158
173
189
201
215
218
227
232
234
235
237
237
234
233
230
226
218
209
200
190
179
169
155
143
130
114
97
88
77
65
53
37
25
12
3
-4
-13
-21
-28
-36
-43
-51
-64
-69
-68
-72
-73
-71
-64
-56
-51
-48
-48
-50
-52
-52
-51
-42
-30
-19
-6
3
6
17
23
28
30
37
46
59
68
76
89
94
103
111
117
122
125
127
121
113
105
98
88
78
65
52
42
26
12
5
-8
-20
-21
-32
-39
-49
-55
-59
-67
-68
-71
-69
-65
-65
-64
-66
-72
-77
-85
-96
-104
-109
-109
-112
-106
-101
-93
-84
-73
-67
-65
-62
-58
-54
-54
-51
-50
-42
-36
-29
-20
-12
-5
-4
-2
-3
-3
-4
-1
6
2
2
3
-6
-16
-26
-33
-41
-45
-48
-50
-48
-49
-49
-48
-44
-41
-44
-44
-44
-49
-49
-39
-36
-27
-23
-15
-9
-8
-2
1
4
7
12
13
10
10
9
9
9
3
-1
1
-2
0
2
6
8
6
6
5
6
4
1
-5
-6
-11
-18
-21
-25
-33
-34
-30
-25
-18
-11
-4
7
19
27
36
44
50
58
70
84
93
105
118
130
137
151
164
171
179
182
184
181
175
170
165
157
149
141
137
131
132
131
131
130
119
113
103
91
81
74
64
52
40
24
11
0
-6
-16
-27
-37
-49
-67
-83
-102
-127
-140
-142
-148
-150
-152
