-2
0
2
-3
2
-1
2
-2
2
0
-1
0
0
2
0
1
0
1
2
-2
2
1
1
-1
0
4
-4
2
-2
1
1
-3
3
0
1
0
2
-1
1
-1
-1
2
-1
-2
-1
2
-3
-1
1
2
-1
-1
3
1
-2
0
2
0
-1
0
2
1
-2
0
1
0
0
-1
1
1
-2
-3
1
0
-2
0
-1
1
-2
0
1
0
-1
1
0
1
-1
0
1
-2
2
-2
2
-1
-1
0
-1
0
0
0
0
3
-2
1
0
-1
0
0
1
0
0
0
-1
1
2
0
-1
1
2
-2
1
1
-1
-1
-1
2
0
2
-2
1
1
-1
1
-3
3
0
-3
1
2
0
-2
1
1
1
-2
2
2
0
-1
1
2
-1
0
0
2
-2
-1
3
-1
-2
1
1
-2
-3
3
0
-1
2
2
0
-1
0
1
-1
-1
-1
2
2
-4
3
3
-2
-3
1
3
-2
-3
4
2
-3
-1
2
1
-2
-1
3
1
-2
0
1
3
-4
-1
1
0
1
-5
4
-1
-3
0
1
0
-2
-1
1
0
-2
1
1
1
-2
-1
2
0
-2
1
1
0
-1
-1
2
1
-3
0
4
0
-3
2
1
-2
-1
3
1
-3
1
0
0
-2
-1
1
0
0
-1
2
0
-2
-1
2
1
-4
1
1
1
-2
-1
2
-1
-1
0
3
0
0
1
0
0
-1
0
-2
1
1
0
1
0
-1
-2
0
0
0
1
1
-1
-1
0
-1
0
0
1
2
-1
0
1
0
-3
1
2
0
0
2
2
-2
-1
0
-1
-1
0
1
1
1
-2
0
0
-1
-1
0
0
-1
1
2
-1
-1
0
-1
-1
-1
1
1
0
1
0
1
-1
-1
1
2
1
1
1
0
0
-2
0
2
0
-2
2
1
0
-2
0
2
-1
0
3
0
1
-1
1
1
-1
0
3
2
2
1
4
1
1
1
2
1
0
2
2
1
-2
0
2
0
1
0
3
2
-2
0
2
0
-3
2
2
-1
-4
0
-2
-4
-5
-3
-2
-4
-4
-2
-2
-4
-3
-4
-2
-4
-5
-2
-6
-5
-7
-7
-8
-8
-8
-9
-8
-8
-9
-9
-9
-10
-9
-8
-7
-5
-6
-6
-4
-2
-3
-2
0
2
1
3
4
4
5
6
6
7
9
9
7
10
12
11
13
16
16
16
17
19
20
20
20
22
23
22
23
23
25
21
23
25
25
23
22
25
23
19
19
21
18
16
16
17
14
11
11
10
5
6
6
1
-2
-3
-7
-11
-12
-15
-20
-19
-22
-26
-29
-30
-33
-35
-36
-37
-38
-39
-41
-41
-42
-44
-45
-44
-45
-44
-45
-44
-44
-43
-43
-44
-42
-40
-40
-39
-37
-36
-35
-35
-32
-30
-28
-26
-24
-22
-21
-18
-17
-14
-12
-10
-7
-5
-5
-2
0
2
4
7
11
12
14
15
19
22
21
24
27
27
29
31
34
35
35
37
39
40
42
43
46
45
46
48
51
50
52
57
57
58
61
63
64
65
66
70
70
70
73
75
74
73
74
75
74
75
74
73
70
70
67
64
61
57
55
53
48
44
40
35
28
22
20
13
4
-1
-6
-11
-19
-26
-30
-38
-44
-50
-54
-58
-67
-72
-74
-82
-88
-93
-96
-101
-108
-110
-111
-119
-126
-128
-132
-137
-143
-148
-152
-158
-169
-167
-168
-173
-171
-167
-166
-168
-167
-159
-159
-158
-149
-138
-131
-126
-117
-101
-93
-83
-64
-36
-15
-2
21
45
59
65
91
116
130
142
166
186
182
189
204
217
224
234
249
258
256
258
263
266
263
259
254
257
255
245
249
238
232
226
223
235
221
220
213
186
167
157
152
127
114
123
119
92
64
30
-38
-113
-150
-171
-201
-231
-278
-327
-397
-517
-612
-676
-714
-740
-744
-737
-810
-1007
-1213
-1383
-1506
-1553
-1511
-1372
-1273
-1235
-1181
-1104
-1007
-873
-630
-285
97
438
727
949
1099
1207
1322
1518
1741
1897
2005
2039
2021
1959
1873
1831
1811
1795
1787
1782
1709
1566
1359
1179
1041
942
925
879
759
583
388
195
54
-1
27
90
175
209
213
186
121
99
150
268
330
357
341
208
-39
-336
-581
-710
-747
-817
-929
-1052
-1307
-1693
-2035
-2243
-2329
-2419
-2494
-2495
-2515
-2902
-3730
-4473
-4841
-4948
-4992
-4854
-4423
-4221
-4489
-4796
-4755
-4371
-3995
-3421
-2250
-910
26
631
1271
1895
2341
2944
4067
5414
6343
6831
7252
7584
7537
7237
7116
7140
6908
6383
5865
5294
4316
2951
1608
644
-58
-781
-1544
-2267
-3035
-3921
-4727
-5217
-5425
-5508
-5576
-5561
-5326
-4975
-4521
-3951
-3114
-1933
-685
565
1737
2813
3654
4234
4861
5506
6030
6286
6260
6008
5485
4834
4213
3598
2942
2278
1678
1092
412
-294
-1001
-1644
-2066
-2233
-2244
-2428
-2772
-3084
-3381
-3656
-3880
-3900
-3650
-3262
-2772
-2313
-2029
-1870
-1766
-1603
-1297
-785
-228
131
313
374
-36
-1575
-3883
-5864
-6924
-7418
-7910
-7978
-7738
-8044
-9073
-9952
-9644
-8774
-7993
-6750
-4669
-2358
-847
143
1348
2554
3506
4729
6711
8718
9840
10326
10827
11238
11176
10960
11054
11086
10526
9693
8977
8152
6778
5035
3599
2589
1619
469
-688
-1766
-3009
-4339
-5361
-5775
-5806
-5830
-5912
-5782
-5358
-4861
-4490
-3985
-3048
-1950
-831
325
1567
2544
3037
3562
4481
5373
5750
5958
6331
6450
5934
5279
4977
4487
3329
2099
1477
929
-201
-1397
-2110
-2630
-3356
-4005
-4041
-4000
-4461
-5030
-5120
-4905
-4825
-4904
-4728
-4284
-3960
-3749
-3662
-3538
-3310
-2991
-2544
-1923
-1048
-267
123
226
144
-831
-3339
-6174
-7625
-7721
-8099
-9050
-9297
-9096
-9836
-11394
-11588
-9964
-8573
-7869
-6278
-3192
-557
421
1357
3103
4727
5756
7267
9713
11446
11729
11816
12544
13108
12785
12402
12477
12075
10679
9207
8390
7478
5669
3632
2217
1128
-294
-1950
-3296
-4406
-5586
-6626
-7033
-6741
-6375
-6353
-6430
-5965
-4827
-3648
-2621
-1482
-156
881
1495
2391
3689
4694
5113
5589
6523
7071
6783
6320
6044
5487
4473
3811
3635
2876
1149
-522
-1345
-1976
-3076
-4033
-4410
-4742
-5368
-5625
-5090
-4562
-4574
-4438
-3481
-2457
-2175
-2152
-1729
-1112
-923
-812
-344
30
-151
-648
-676
-187
309
610
781
1070
1161
215
-2368
-5787
-8330
-9243
-9468
-10049
-10412
-10223
-10490
-11905
-13066
-12177
-10188
-8802
-7585
-5068
-1783
132
778
2066
4223
5963
7249
9293
11746
12790
12418
12390
13110
13395
12824
12411
12257
11240
9333
7780
6985
5778
3666
1680
460
-640
-2251
-3957
-5236
-6403
-7583
-8203
-7872
-7204
-6991
-7131
-6925
-5922
-4315
-2665
-1150
330
1624
2522
3197
4283
5476
6020
6123
6566
7299
7278
6470
5925
5650
4891
3854
3474
3286
1732
-759
-2300
-2718
-3392
-4548
-4920
-4606
-5015
-5874
-5658
-4444
-3739
-3682
-2930
-1366
-433
-416
-124
753
1241
1072
1129
1406
924
-178
-613
-83
534
682
808
1305
1484
1096
-51
-2551
-5977
-8639
-9377
-9288
-9837
-10409
-10395
-10867
-12487
-13585
-12234
-9841
-8603
-7758
-5520
-2443
-736
2
1812
4394
6167
7280
9345
11799
12532
11926
11986
13032
13442
12870
12543
12311
10926
8651
7184
6763
5789
3622
1483
192
-952
-2639
-4282
-5269
-6112
-7224
-8013
-7816
-7151
-7044
-7354
-7152
-5867
-3960
-2243
-771
570
1716
2465
3102
4404
5947
6710
6656
6698
7178
7079
6237
5621
5392
4808
3734
3098
2679
1138
-1147
-2449
-2579
-3091
-4331
-5074
-5094
-5415
-5981
-5400
-3806
-2838
-2833
-2571
-1598
-842
-607
-17
1059
1671
1398
804
496
111
-470
-641
-149
712
1149
1075
903
738
412
-1111
-4085
-7134
-8838
-9137
-9673
-10751
-11138
-11063
-11744
-13119
-12933
-10515
-8485
-7957
-6954
-4115
-1289
-295
661
3142
5660
6821
7801
10051
12052
12136
11667
12399
13609
13568
12618
12046
11393
9754
7809
6958
6750
5484
3126
1046
-237
-1523
-3142
-4340
-4978
-5770
-6923
-7674
-7531
-7147
-7120
-6968
-5988
-4148
-2283
-951
134
1197
2086
2796
3882
5581
6800
6720
6170
6239
6557
6123
5342
5110
4865
3692
2239
1631
1115
-687
-2856
-3622
-3533
-4412
-6016
-6605
-6301
-6430
-6616
-5559
-3754
-2992
-3238
-2847
-1548
-461
175
1102
2164
2276
1475
776
651
618
510
740
1230
1595
1537
1331
1300
1450
1289
-249
-3422
-6809
-8717
-9147
-9705
-10734
-11146
-11088
-11864
-13280
-13083
-10884
-9109
-8589
-7302
-4180
-1517
-724
245
2762
5233
6328
7477
9971
12024
12026
11466
12207
13471
13423
12495
12042
11533
9979
8039
7159
6863
5394
2801
566
-624
-1598
-3014
-4272
-5072
-5976
-7209
-8090
-7967
-7383
-7131
-6918
-5892
-4035
-2265
-1172
-268
970
2276
3371
4581
6205
7360
7188
6606
6811
7397
7132
6278
6004
5792
4489
2741
2048
1760
185
-1987
-2822
-2713
-3674
-5554
-6397
-6032
-6000
-6303
-5550
-4056
-3625
-4221
-3988
-2437
-1038
-425
321
1271
1481
833
449
794
1040
900
953
1269
1469
1296
1011
945
1083
1296
558
-1910
-5230
-7621
-8463
-9182
-10305
-10688
-10340
-10808
-12535
-13157
-11286
-9164
-8532
-7898
-5389
-2505
-1535
-1076
1119
3979
5303
5831
7853
10465
11175
10571
11097
12788
13362
12504
11958
11854
10708
8703
7549
7412
6426
3984
1696
497
-367
-1772
-3177
-3932
-4641
-5834
-7045
-7442
-7168
-6974
-6826
-6162
-4800
-3364
-2419
-1684
-579
838
2014
2980
4284
5602
6024
5719
5858
6664
6831
6058
5630
5733
5028
3490
2582
2529
1739
-172
-1493
-1819
-2555
-4202
-5167
-4714
-4452
-5026
-5127
-4061
-3256
-3604
-3763
-2745
-1378
-805
-617
-41
325
41
-315
-80
491
653
644
797
895
895
898
1249
1778
2019
1336
-1042
-4395
-6999
-7947
-8291
-9235
-9937
-9861
-10242
-11914
-13116
-11819
-9555
-8641
-8328
-6552
-3920
-2693
-2185
-65
3123
4865
5160
6487
9025
10330
10056
10489
12256
13218
12357
11465
11522
11176
9723
8491
8410
7928
5807
3293
1867
1171
37
-1221
-1866
-2475
-3770
-5420
-6379
-6489
-6330
-6139
-5819
-5240
-4623
-4208
-3852
-2950
-1275
423
1481
2290
3349
4104
4157
4343
5338
6140
5774
5121
5139
5102
4130
3181
3089
2736
1236
-286
-756
-1210
-2511
-3554
-3435
-3251
-4159
-5038
-4705
-3986
-3953
-4035
-3193
-2072
-1786
-1916
-1516
-786
-600
-818
-526
209
435
76
-33
514
1093
1132
1217
1790
2482
2210
65
-3114
-5816
-7014
-7276
-7846
-8393
-8676
-9428
-11257
-12817
-11918
-9662
-8592
-8645
-7731
-5400
-3833
-3254
-1511
1516
3631
3980
4774
7075
8861
9121
9542
11206
12456
11895
11084
11418
11662
10724
9609
9550
9478
7865
5459
3852
3192
2407
1212
251
-620
-2037
-3944
-5338
-5569
-5289
-5187
-5378
-5506
-5426
-5379
-5189
-4353
-2773
-1245
-651
-521
46
1028
1834
2524
3681
4605
4412
3837
4133
4945
4831
4122
4024
3951
2798
1285
1049
1399
569
-750
-1092
-1080
-2239
-3812
-3920
-3074
-2974
-3430
-3139
-2315
-2424
-3055
-2716
-1558
-1046
-1502
-1729
-1320
-1032
-979
-382
679
1344
1375
1277
1525
1948
2272
1790
-302
-3361
-5756
-6491
-6623
-7270
-7799
-8003
-8934
-11040
-12328
-11033
-9005
-8486
-8671
-7477
-5505
-4762
-4249
-2009
911
2051
1963
3347
5891
7248
7531
8746
10756
11377
10644
10714
11727
11863
10784
10170
10427
9832
7864
6032
5276
4784
3696
2525
1768
786
-880
-2614
-3403
-3297
-3293
-3896
-4783
-5372
-5640
-5916
-5835
-4923
-3625
-3054
-3354
-3250
-2271
-1257
-603
324
1600
2109
1754
1915
3052
3948
3872
3871
4480
4550
3593
2962
3380
3521
2440
1343
1091
544
-987
-2078
-1673
-1129
-1788
-2701
-2680
-2348
-2600
-2832
-2257
-1687
-2044
-2700
-2726
-2308
-2118
-1822
-1007
-286
-212
-251
344
1198
1675
2003
2039
579
-2486
-5161
-5765
-5368
-5817
-6729
-7147
-7976
-10139
-11868
-10950
-8703
-7945
-8337
-7625
-6031
-5373
-4958
-2812
75
1095
723
1554
3787
5415
6279
7926
9896
10285
9406
9555
10961
11632
11117
10763
10789
9942
8163
7053
7049
6918
5872
4489
3406
2399
1173
3
-670
-859
-1192
-2193
-3447
-4247
-4618
-5038
-5280
-4720
-3923
-4015
-4763
-4881
-4079
-3396
-3004
-2081
-878
-604
-1215
-998
526
1768
1966
2253
3072
3157
2196
1971
3124
3926
3408
2688
2509
1944
825
476
1171
1384
381
-720
-1086
-1252
-1561
-1611
-1356
-1515
-2249
-2876
-2967
-2654
-2196
-1775
-1652
-1885
-2061
-1780
-1096
-249
430
718
636
457
52
-1274
-3363
-4989
-5390
-5483
-6304
-7187
-7595
-8385
-10028
-10935
-9613
-7632
-7094
-7408
-6953
-5815
-5141
-4144
-1732
625
1166
650
1345
3294
4950
6297
7862
8975
8734
7985
8454
9831
10708
10729
10395
9842
8807
7883
7835
8124
7728
6498
5131
4108
3316
2782
2477
2071
1160
-210
-1469
-2184
-2280
-2104
-2223
-2779
-3415
-3797
-3989
-3940
-3395
-2855
-3098
-3772
-3892
-3496
-3435
-3387
-2609
-1676
-1564
-1931
-1476
-463
-42
131
1104
2310
2380
1715
1789
2400
2359
1883
2048
2578
2153
1072
681
1011
1087
678
417
396
62
-399
-467
-249
-212
-508
-995
-1693
-2284
-2395
-2223
-2269
-2572
-2707
-2518
-2310
-2087
-1551
-852
-811
-2144
-4179
-5540
-5737
-5486
-5514
-5637
-5861
-6913
-8589
-9398
-8398
-6753
-6079
-6016
-5595
-4878
-4284
-3201
-999
1021
1489
1069
1362
2664
4000
5274
6733
7581
7161
6339
6681
8031
8919
8920
8614
8249
7630
6989
7035
7582
7756
7027
5771
4746
4144
3758
3409
3172
2927
2197
985
68
-47
83
-234
-675
-820
-1132
-2007
-2822
-2853
-2584
-2794
-3246
-3443
-3682
-4418
-5096
-4865
-4072
-3608
-3549
-3315
-2875
-2743
-2729
-2181
-1160
-411
-205
10
529
1025
1340
1730
2311
2765
2879
2929
3191
3632
4017
4114
3864
3366
2733
1947
1033
289
-131
-587
-1369
-2129
-2404
-2461
-2793
-3193
-3253
-3240
-3566
-3838
-3422
-2730
-2589
-2832
-2710
-2261
-2444
-3470
-4379
-4571
-4542
-4783
-4924
-4656
-4615
-5303
-6020
-5793
-4866
-4237
-4058
-3750
-3277
-3059
-2861
-1968
-571
333
476
587
1122
1765
2367
3218
4188
4648
4468
4286
4578
5151
5686
6076
6212
5994
5559
5304
5530
6137
6655
6589
6046
5590
5490
5542
5635
5845
5769
4861
3565
2934
3114
3196
2722
2069
1295
126
-1060
-1511
-1376
-1597
-2393
-3188
-3770
-4358
-4802
-4717
-4416
-4545
-5025
-5270
-5113
-4797
-4379
-3739
-3068
-2683
-2350
-1663
-641
372
1273
2158
2895
3346
3612
3873
4063
4023
3845
3621
3279
2778
2157
1423
545
-307
-836
-1114
-1469
-1988
-2545
-3067
-3554
-3849
-3799
-3709
-3925
-4354
-4680
-4707
-4490
-3998
-3324
-2834
-2592
-2305
-1759
-1245
-1153
-1367
-1617
-1782
-1841
-1760
-1574
-1562
-1933
-2517
-2919
-2851
-2397
-1916
-1657
-1628
-1630
-1460
-1064
-492
-4
165
57
-117
-61
322
917
1440
1589
1475
1464
1758
2310
2932
3557
4024
4121
4069
4233
4755
5411
5916
6109
5986
5742
5645
5711
5705
5474
5019
4428
3785
3336
3225
3165
2791
2081
1312
629
16
-408
-617
-838
-1350
-2063
-2611
-2868
-2955
-2982
-2966
-2897
-2784
-2610
-2317
-1894
-1350
-762
-299
3
231
482
812
1202
1568
1755
1658
1364
1074
913
844
729
469
43
-530
-1145
-1608
-1784
-1838
-2074
-2544
-3058
-3447
-3627
-3617
-3514
-3479
-3603
-3778
-3812
-3615
-3231
-2823
-2529
-2350
-2196
-1948
-1556
-1026
-487
-102
80
102
51
22
38
26
-104
-358
-614
-852
-1139
-1450
-1700
-1873
-2018
-2120
-2069
-1915
-1821
-1793
-1696
-1487
-1247
-999
-707
-405
-172
60
408
826
1217
1593
1970
2291
2529
2814
3196
3498
3614
3667
3798
3978
4105
4208
4260
4123
3810
3526
3451
3475
3412
3253
2991
2590
2140
1872
1872
1872
1669
1361
1103
982
1033
1238
1432
1366
1105
933
995
1219
1425
1523
1448
1212
967
836
827
776
551
202
-156
-441
-645
-826
-1033
-1347
-1763
-2178
-2502
-2731
-2922
-3079
-3183
-3294
-3445
-3598
-3724
-3825
-3886
-3851
-3723
-3598
-3509
-3430
-3372
-3323
-3201
-2913
-2502
-2158
-1974
-1895
-1827
-1687
-1436
-1097
-774
-607
-589
-613
-562
-369
-103
48
-15
-164
-205
-144
-84
-25
29
-17
-187
-299
-206
-12
103
102
62
56
142
408
818
1164
1284
1246
1245
1351
1506
1675
1825
1873
1815
1751
1781
1878
1959
1993
2006
2032
2118
2250
2377
2445
2432
2406
2420
2461
2495
2517
2549
2591
2600
2566
2490
2393
2325
2320
2332
2287
2135
1877
1564
1300
1166
1091
915
582
181
-180
-473
-667
-789
-962
-1272
-1672
-1987
-2132
-2186
-2254
-2397
-2563
-2712
-2823
-2856
-2813
-2702
-2622
-2616
-2625
-2587
-2461
-2294
-2131
-2001
-1956
-1965
-1943
-1818
-1611
-1452
-1395
-1418
-1480
-1506
-1420
-1212
-1027
-1010
-1125
-1217
-1178
-1010
-789
-605
-538
-556
-535
-387
-169
5
82
106
168
299
480
671
817
872
895
1001
1223
1468
1617
1657
1663
1655
1661
1728
1852
1939
1875
1707
1555
1469
1422
1364
1283
1153
962
792
719
707
620
442
275
209
191
174
163
148
120
98
171
328
459
508
502
507
540
604
713
830
875
823
762
757
748
656
526
446
388
283
146
38
-73
-247
-438
-560
-626
-702
-784
-810
-791
-829
-921
-966
-931
-878
-849
-802
-742
-745
-806
-817
-749
-689
-689
-683
-634
-623
-677
-729
-714
-671
-647
-592
-507
-473
-515
-568
-531
-435
-364
-342
-347
-370
-404
-375
-254
-130
-115
-174
-190
-137
-71
-4
69
96
67
32
66
147
194
190
170
164
152
142
180
242
295
314
334
360
349
332
347
388
399
350
293
265
248
226
218
241
248
213
176
188
242
302
352
386
399
385
348
324
343
365
333
263
198
145
97
72
78
73
21
-38
-49
-6
36
47
42
53
68
71
85
121
137
114
82
87
106
131
191
280
352
346
292
239
204
189
184
181
129
17
-113
-220
-301
-359
-391
-407
-453
-524
-558
-544
-529
-533
-529
-503
-494
-503
-470
-388
