0
0
-1
-1
0
-1
0
0
0
-1
0
1
0
0
0
0
0
0
0
0
-1
0
0
1
0
1
1
0
1
1
0
0
1
0
1
1
1
0
0
0
0
0
0
0
0
0
0
0
-1
0
0
0
0
0
-1
1
0
0
1
0
0
1
0
-1
0
-1
1
1
0
0
0
0
1
-1
0
0
0
0
0
0
0
0
-1
0
0
0
0
0
0
0
0
-1
0
-1
-1
0
-1
0
0
0
0
0
0
0
-1
0
0
1
0
-1
0
0
-1
-1
1
0
0
0
0
0
0
1
-1
1
-1
0
1
-1
-1
0
0
0
0
1
0
0
-1
0
-1
0
-1
-1
0
0
0
0
0
0
0
0
0
1
1
0
0
0
0
0
0
0
0
0
-1
0
0
0
0
0
0
0
0
0
-1
0
0
0
-1
0
0
0
1
0
0
1
1
-1
0
0
1
1
1
0
0
0
0
0
0
0
0
0
0
-1
0
0
1
0
0
0
0
0
0
0
-1
0
1
0
0
0
-1
0
0
0
-1
1
0
0
0
0
0
1
-1
1
0
0
0
0
0
0
0
0
0
0
1
1
-1
0
0
0
-1
1
1
0
-1
0
0
-1
0
0
0
0
0
0
0
0
0
0
0
1
1
0
0
0
0
0
-1
-1
0
0
0
1
0
0
-1
0
-1
1
0
1
0
0
0
-1
1
0
0
0
0
0
0
0
0
1
-1
0
0
0
0
0
0
0
0
0
0
1
-1
0
0
1
0
0
0
0
-1
0
0
0
-1
0
0
1
0
-1
0
0
0
1
0
1
1
0
0
-1
0
0
-1
0
0
0
0
-1
1
0
1
0
1
0
1
0
0
0
0
1
1
0
0
-1
0
0
1
0
-1
0
-1
0
-1
0
0
0
0
-1
0
1
1
0
0
0
0
0
0
1
0
0
-1
0
-1
0
0
0
0
0
0
0
0
0
-1
0
0
0
1
-1
0
0
0
-1
0
-1
1
1
0
0
1
0
0
0
1
0
0
0
0
0
0
1
-1
0
0
0
-1
0
0
0
0
0
-1
0
0
0
0
0
1
1
0
0
0
0
-1
-1
-1
1
1
0
0
0
0
-1
0
0
1
0
0
0
-1
-1
-1
0
0
0
-1
0
-1
0
1
0
0
0
0
0
0
-1
0
0
1
0
0
0
0
1
0
-1
0
0
0
0
0
0
0
1
0
-1
-1
0
0
0
0
0
-1
0
-1
-1
0
0
0
-1
0
0
1
-1
0
0
0
0
0
1
0
0
0
0
1
0
0
0
1
1
1
1
0
0
0
0
1
0
1
0
-1
0
1
0
0
1
-1
1
0
0
0
0
1
0
0
0
0
0
0
0
-1
0
1
0
0
0
0
0
0
0
0
1
1
0
1
-1
0
0
0
0
-1
0
0
-1
0
0
0
0
0
0
-1
0
0
0
0
0
0
0
0
0
1
-1
0
0
1
0
0
0
1
1
0
0
0
0
-1
0
-1
1
0
1
0
1
-1
0
0
1
-1
-1
1
0
0
-1
0
0
0
1
0
0
0
0
0
0
0
0
0
1
0
-1
-1
0
0
0
0
0
1
0
0
0
0
0
-1
0
0
0
0
0
0
0
0
0
0
-1
-1
-1
-1
0
-1
0
0
1
0
0
0
-1
-1
-1
-1
-1
0
0
0
0
1
0
-1
0
0
0
1
0
-1
0
0
0
0
0
0
0
0
1
1
0
0
0
0
0
1
0
0
0
0
1
1
0
0
0
0
0
1
1
0
0
0
0
0
-1
0
0
0
0
-1
0
1
1
0
1
0
0
0
1
0
0
0
0
0
1
0
0
-1
-1
0
0
0
-1
0
0
1
0
1
0
-1
0
0
0
0
0
0
0
0
0
0
0
0
0
0
0
0
0
0
1
0
1
0
-1
0
0
1
0
0
0
0
0
0
-1
1
0
0
0
0
-1
0
0
0
0
0
0
0
0
1
0
-1
0
0
0
0
0
0
0
-1
1
-1
0
2
0
0
0
0
0
1
-1
-1
0
0
1
0
1
0
-1
0
0
0
0
1
0
0
1
1
1
-1
-1
0
0
0
0
0
0
0
0
0
0
0
1
0
0
0
0
0
0
0
0
0
1
0
0
0
0
0
-1
0
0
0
0
0
1
0
0
1
0
0
1
-1
1
0
-1
0
0
1
0
0
-1
0
0
0
0
1
0
0
1
0
-1
0
0
0
0
0
0
0
0
-1
0
0
0
0
0
0
0
0
0
0
1
0
0
-1
-1
1
0
-1
-1
0
0
0
0
1
-1
0
0
0
0
-1
0
0
1
0
0
0
0
0
0
0
0
0
0
0
-1
0
1
0
0
0
0
0
0
-1
1
0
-1
0
0
0
-1
0
0
0
-1
0
0
0
0
0
0
0
0
0
0
0
0
0
0
0
-1
0
0
0
0
0
0
0
0
0
1
0
0
0
0
0
1
0
0
-1
0
0
1
1
0
0
-1
-1
1
1
-1
0
0
0
0
0
0
1
0
0
0
0
0
-1
0
0
1
-1
0
-1
0
0
1
1
0
1
1
0
0
0
-1
0
0
0
0
0
0
0
1
0
0
0
0
0
0
1
0
1
-1
0
0
0
0
0
1
-1
0
1
0
1
0
0
0
0
0
1
-1
0
0
0
-1
0
0
0
0
1
0
0
0
0
-1
1
0
0
0
-1
0
0
0
0
0
-1
0
0
-1
-1
0
0
0
0
0
1
0
0
0
0
0
-1
0
0
0
0
-1
0
0
0
0
1
0
0
0
-1
1
-1
1
0
0
0
-1
-1
0
0
0
-1
0
-1
0
0
0
-1
0
0
0
0
1
0
0
0
0
0
0
1
0
1
0
0
0
0
0
0
1
0
0
0
1
1
0
0
0
0
0
0
0
0
0
1
0
0
0
0
0
0
0
1
0
0
-1
0
0
0
-1
0
0
0
1
0
-1
0
0
0
0
0
0
-1
-1
0
0
-1
1
0
1
0
0
0
0
0
0
1
0
-1
0
-1
0
0
0
0
0
1
-1
-1
0
0
0
0
-1
0
0
0
0
0
0
0
0
0
0
-1
0
0
-1
0
0
-1
0
0
0
0
0
0
0
0
1
0
0
-1
1
0
0
-1
-1
0
0
0
1
-1
0
0
0
-1
1
0
0
0
1
-1
0
0
0
0
0
0
0
0
0
0
0
-1
0
0
0
0
0
0
0
1
0
0
1
-1
0
0
-1
1
0
0
0
0
0
0
0
0
0
0
0
0
0
0
-1
0
0
0
0
0
0
0
-1
0
0
0
-1
0
0
-1
0
0
0
0
0
0
1
1
0
0
0
0
0
0
0
0
0
0
0
1
0
0
0
0
-1
1
0
0
1
0
0
0
0
0
1
1
0
0
0
0
0
-1
0
-1
1
0
1
0
0
1
0
0
1
0
0
0
1
-1
-1
1
0
0
0
-1
0
0
1
0
0
0
0
0
0
-1
0
0
0
-1
0
0
1
1
-1
0
0
0
0
0
0
0
0
0
-1
1
0
0
1
0
0
0
0
1
-1
0
0
0
0
-1
1
0
0
-1
0
0
0
0
0
-1
0
-1
1
0
0
1
0
0
0
0
0
0
0
0
-1
0
0
0
1
0
1
0
0
0
0
-1
0
0
1
1
0
0
0
-1
-1
0
0
0
-1
0
0
1
0
1
0
0
1
0
0
1
0
0
0
0
0
0
0
0
0
0
0
-1
1
0
0
0
0
0
0
0
0
0
0
-1
0
-1
0
0
0
0
0
-1
0
0
0
1
0
0
0
0
0
0
0
0
0
-1
1
1
-1
0
0
0
0
0
0
0
0
0
0
0
0
0
-1
0
0
0
0
0
0
0
0
-1
0
0
0
0
-1
0
-1
0
0
0
0
0
-1
0
0
-1
0
0
0
1
0
0
0
0
0
0
1
0
0
0
0
0
1
0
0
0
1
1
0
0
0
0
0
0
1
1
1
1
1
1
0
-1
0
0
0
-1
-1
0
0
0
0
1
0
0
0
0
0
1
1
1
1
1
1
1
1
1
1
0
1
1
0
0
-2
-2
-1
-2
-3
-3
-3
-2
-4
-4
-4
-4
-4
-4
-4
-3
-3
-4
-2
-1
-2
-1
-1
1
1
1
1
2
3
3
4
5
4
5
5
5
5
4
6
6
5
5
5
4
5
3
2
2
2
2
1
1
-1
-1
-1
-1
-1
-1
-2
-2
-2
-2
-2
-3
-1
-2
-3
-2
-3
-2
-2
-3
-2
-2
-3
-2
-3
-4
-3
-3
-3
-3
-4
-3
-3
-4
-3
-3
-3
-3
-2
-2
-1
-1
0
1
1
4
3
4
5
6
6
8
8
8
10
10
10
11
11
10
10
10
10
10
9
9
8
7
5
4
3
2
0
-1
-3
-5
-6
-7
-9
-10
-11
-12
-14
-13
-16
-16
-17
-18
-18
-19
-19
-19
-18
-20
-19
-19
-17
-17
-16
-15
-15
-13
-12
-10
-8
-8
-6
-5
-4
-1
0
1
3
6
7
8
10
11
13
15
17
18
18
20
22
23
24
26
26
27
27
29
28
28
29
29
28
27
26
26
25
24
21
19
18
16
14
12
10
7
4
2
-1
-3
-6
-9
-12
-14
-16
-19
-20
-22
-24
-25
-27
-28
-29
-29
-29
-31
-30
-30
-29
-27
-27
-26
-24
-23
-20
-19
-16
-14
-12
-10
-8
-6
-3
-1
0
2
3
6
7
8
10
11
12
13
14
14
15
15
14
15
13
14
14
15
15
14
12
11
10
9
8
7
5
2
1
-2
-4
-6
-8
-10
-13
-15
-16
-18
-20
-21
-23
-26
-28
-28
-30
-30
-31
-31
-31
-30
-30
-28
-29
-27
-27
-25
-22
-20
-17
-12
-7
-1
3
7
11
16
21
25
27
29
28
30
30
25
22
20
23
31
41
52
64
78
96
113
129
139
154
170
185
197
201
199
194
184
168
144
115
85
57
29
-1
-34
-70
-109
-147
-188
-231
-275
-308
-332
-345
-352
-352
-347
-341
-336
-332
-329
-323
-311
-286
-251
-213
-170
-120
-67
-14
34
78
122
167
207
241
274
303
322
329
321
302
277
251
223
191
159
136
122
116
108
100
98
103
109
117
124
131
141
152
161
165
165
162
162
161
158
149
142
139
144
155
164
176
199
230
260
278
273
252
224
201
183
168
156
152
150
138
96
28
-53
-143
-234
-332
-430
-518
-593
-660
-730
-828
-979
-1193
-1466
-1756
-2017
-2227
-2392
-2498
-2533
-2509
-2456
-2380
-2266
-2090
-1839
-1538
-1194
-797
-336
169
673
1146
1585
2006
2399
2736
3007
3236
3435
3582
3662
3669
3621
3537
3410
3217
2956
2651
2331
1997
1645
1273
884
506
156
-184
-518
-845
-1138
-1397
-1619
-1794
-1911
-1950
-1917
-1818
-1677
-1499
-1285
-1040
-780
-496
-203
94
395
672
916
1126
1301
1427
1494
1488
1427
1349
1271
1183
1085
984
886
788
663
501
296
41
-266
-602
-947
-1298
-1662
-2028
-2374
-2714
-3120
-3664
-4333
-5012
-5572
-6003
-6365
-6648
-6756
-6631
-6348
-6019
-5647
-5127
-4432
-3655
-2899
-2114
-1181
-95
1017
2033
2983
3954
4928
5780
6435
6959
7442
7850
8072
8102
8064
8033
7920
7587
7043
6435
5834
5134
4238
3220
2238
1333
398
-611
-1584
-2392
-3075
-3773
-4507
-5138
-5528
-5728
-5867
-5958
-5893
-5604
-5159
-4661
-4121
-3461
-2674
-1872
-1166
-505
233
1069
1866
2504
3047
3641
4284
4820
5148
5341
5500
5564
5419
5042
4565
4093
3568
2874
2024
1179
459
-199
-906
-1649
-2279
-2697
-2973
-3217
-3403
-3407
-3238
-3035
-2889
-2732
-2457
-2112
-1853
-1765
-1774
-1808
-1960
-2379
-3086
-3920
-4722
-5468
-6203
-6901
-7423
-7689
-7746
-7674
-7473
-7084
-6509
-5823
-5108
-4361
-3513
-2519
-1414
-257
940
2195
3495
4746
5837
6734
7498
8155
8648
8916
9026
9087
9128
9076
8870
8526
8099
7574
6878
5994
4989
3933
2851
1764
698
-293
-1172
-1955
-2684
-3348
-3898
-4321
-4652
-4913
-5082
-5109
-4962
-4662
-4227
-3660
-2992
-2297
-1628
-1006
-404
215
844
1434
1967
2461
2928
3368
3772
4110
4358
4516
4565
4482
4254
3900
3440
2895
2257
1551
820
128
-502
-1043
-1572
-2069
-2500
-2899
-3204
-3440
-3560
-3561
-3491
-3407
-3281
-3064
-2782
-2533
-2371
-2253
-2180
-2298
-2735
-3476
-4356
-5249
-6164
-7128
-8010
-8592
-8823
-8824
-8689
-8368
-7784
-7018
-6228
-5486
-4698
-3727
-2606
-1439
-243
1075
2594
4179
5635
6881
7994
8995
9733
10098
10168
10150
10115
9929
9545
9094
8687
8272
7679
6867
5963
5027
3981
2793
1545
402
-579
-1504
-2391
-3143
-3664
-3980
-4223
-4443
-4595
-4628
-4597
-4607
-4572
-4425
-4093
-3637
-3119
-2559
-1896
-1078
-287
389
968
1551
2110
2611
3014
3389
3764
4107
4353
4437
4424
4331
4097
3714
3189
2573
1926
1228
528
-93
-629
-1100
-1513
-1872
-2167
-2435
-2681
-2859
-2948
-2947
-2837
-2552
-2124
-1692
-1345
-1054
-832
-876
-1410
-2392
-3551
-4721
-5982
-7399
-8721
-9628
-10074
-10253
-10225
-9818
-8969
-7943
-7041
-6259
-5367
-4287
-3184
-2175
-1128
181
1751
3387
4952
6496
8058
9457
10413
10870
11041
11118
11019
10586
9904
9285
8845
8398
7744
6964
6280
5616
4676
3380
2008
811
-328
-1628
-2988
-4054
-4689
-5104
-5476
-5681
-5530
-5148
-4843
-4709
-4550
-4206
-3799
-3500
-3260
-2865
-2232
-1501
-798
-91
695
1518
2252
2837
3310
3725
4057
4251
4314
4320
4327
4297
4141
3836
3429
2953
2379
1685
947
251
-406
-1071
-1705
-2200
-2551
-2858
-3161
-3360
-3377
-3284
-3167
-2954
-2530
-1974
-1491
-1159
-901
-750
-953
-1679
-2732
-3818
-4934
-6269
-7741
-8945
-9638
-10004
-10221
-10101
-9398
-8294
-7252
-6422
-5548
-4467
-3380
-2510
-1718
-701
612
2016
3379
4789
6345
7895
9153
9997
10557
10967
11140
10890
10264
9565
9000
8451
7733
6948
6350
5901
5249
4254
3189
2297
1381
130
-1325
-2545
-3374
-4076
-4789
-5226
-5130
-4714
-4401
-4222
-3880
-3327
-2908
-2838
-2872
-2692
-2333
-2043
-1803
-1349
-601
202
872
1514
2298
3110
3681
3971
4166
4370
4456
4322
4081
3881
3662
3283
2750
2211
1713
1189
563
-113
-819
-1437
-1976
-2573
-3134
-3570
-3782
-3861
-3903
-3818
-3428
-2815
-2262
-1868
-1494
-1130
-1069
-1574
-2485
-3464
-4488
-5757
-7271
-8658
-9558
-10065
-10378
-10396
-9867
-8809
-7643
-6639
-5632
-4463
-3278
-2338
-1606
-773
288
1451
2619
3892
5389
6987
8409
9507
10341
11006
11420
11425
10983
10293
9574
8836
7994
7085
6284
5672
5049
4251
3379
2611
1877
906
-359
-1628
-2669
-3571
-4456
-5178
-5479
-5405
-5246
-5067
-4670
-4020
-3344
-2929
-2691
-2400
-2008
-1726
-1568
-1295
-852
-329
171
746
1457
2291
3045
3596
4031
4397
4654
4690
4485
4165
3767
3254
2625
1968
1399
897
387
-172
-730
-1222
-1690
-2180
-2703
-3202
-3588
-3863
-4040
-4068
-3845
-3345
-2729
-2146
-1588
-1004
-543
-509
-1008
-1836
-2791
-3957
-5448
-7059
-8384
-9274
-9903
-10305
-10204
-9447
-8329
-7249
-6236
-5078
-3815
-2756
-2019
-1373
-588
308
1186
2122
3311
4774
6292
7635
8777
9796
10668
11208
11250
10868
10288
9623
8773
7732
6703
5889
5243
4516
3678
2958
2451
1882
982
-132
-1148
-2047
-3052
-4157
-5040
-5490
-5672
-5800
-5762
-5330
-4588
-3866
-3322
-2794
-2145
-1528
-1161
-994
-796
-500
-239
-23
328
936
1654
2307
2945
3690
4468
5051
5358
5468
5403
5086
4492
3749
2967
2136
1257
411
-280
-794
-1194
-1553
-1895
-2200
-2456
-2677
-2924
-3175
-3333
-3307
-3132
-2914
-2635
-2224
-1751
-1483
-1617
-2081
-2681
-3427
-4505
-5918
-7353
-8516
-9429
-10215
-10682
-10511
-9727
-8701
-7672
-6460
-4928
-3345
-2082
-1118
-172
827
1701
2417
3212
4271
5475
6601
7625
8663
9734
10639
11165
11257
11029
10576
9874
8873
7684
6529
5496
4483
3414
2450
1774
1278
672
-120
-899
-1543
-2230
-3121
-4050
-4737
-5191
-5625
-6000
-6026
-5587
-4938
-4340
-3715
-2888
-1968
-1225
-709
-242
242
582
706
824
1139
1589
1989
2364
2901
3617
4312
4830
5213
5495
5558
5276
4716
4036
3290
2409
1400
391
-442
-1122
-1648
-2066
-2423
-2618
-2710
-2771
-2859
-2912
-2868
-2746
-2638
-2565
-2414
-2133
-1864
-1864
-2215
-2707
-3229
-3986
-5111
-6444
-7662
-8645
-9581
-10392
-10690
-10358
-9634
-8788
-7781
-6400
-4768
-3247
-1982
-811
378
1455
2315
3104
4000
5025
6017
6913
7848
8858
9843
10612
11064
11213
11120
10783
10144
9189
8061
6893
5679
4379
3068
1994
1215
507
-288
-1029
-1552
-1942
-2489
-3207
-3829
-4270
-4754
-5373
-5831
-5895
-5706
-5472
-5189
-4593
-3680
-2719
-1905
-1130
-279
408
808
1077
1442
1808
2007
2103
2322
2762
3284
3747
4232
4746
5169
5327
5211
4937
4496
3787
2788
1653
548
-445
-1351
-2171
-2813
-3235
-3416
-3416
-3286
-3034
-2715
-2380
-2052
-1795
-1593
-1425
-1320
-1360
-1696
-2296
-2967
-3670
-4537
-5649
-6856
-7853
-8645
-9406
-10014
-10178
-9816
-9199
-8560
-7713
-6446
-4964
-3598
-2413
-1212
80
1288
2316
3297
4361
5468
6476
7364
8215
9086
9913
10517
10797
10855
10778
10561
10038
9207
8289
7346
6292
5060
3802
2773
1948
1024
-26
-924
-1534
-2050
-2729
-3468
-3963
-4281
-4710
-5223
-5512
-5442
-5280
-5283
-5250
-4845
-4166
-3546
-3027
-2379
-1529
-750
-238
248
937
1627
2039
2247
2578
3111
3579
3855
4136
4521
4830
4915
4848
4763
4562
4066
3311
2464
1580
640
-344
-1280
-2108
-2836
-3407
-3745
-3857
-3785
-3578
-3234
-2757
-2258
-1811
-1419
-1104
-964
-1157
-1709
-2444
-3266
-4245
-5454
-6776
-7941
-8843
-9587
-10128
-10276
-9945
-9276
-8513
-7599
-6377
-4943
-3558
-2356
-1235
-51
1125
2172
3127
4103
5158
6192
7094
7941
8846
9759
10479
10843
10949
10968
10829
10341
9479
8466
7473
6376
5076
3759
2696
1857
973
-14
-833
-1341
-1777
-2390
-3072
-3570
-3947
-4460
-5074
-5473
-5546
-5547
-5654
-5658
-5283
-4622
-3971
-3379
-2652
-1767
-950
-340
224
879
1473
1794
1941
2211
2657
3042
3263
3522
3963
4412
4638
4706
4781
4783
4443
3748
2931
2159
1264
223
-817
-1750
-2474
-3088
-3552
-3757
-3667
-3422
-3123
-2726
-2170
-1569
-1091
-787
-618
-617
-947
-1625
-2443
-3314
-4348
-5631
-6980
-8038
-8772
-9416
-9935
-10049
-9624
-8909
-8194
-7343
-6120
-4708
-3480
-2499
-1464
-235
934
1854
2726
3788
4967
6013
6878
7790
8808
9716
10284
10543
10684
10740
10535
9928
9073
8216
7326
6241
4985
3818
2914
2072
1102
129
-582
-1078
-1626
-2339
-2961
-3346
-3717
-4242
-4781
-5071
-5118
-5226
-5419
-5391
-4971
-4445
-4021
-3507
-2748
-1853
-1126
-561
70
819
1410
1684
1896
2300
2761
3011
3131
3418
3884
4258
4417
4529
4711
4741
4406
3818
3213
2562
1654
533
-523
-1365
-2128
-2911
-3506
-3730
-3702
-3586
-3386
-2952
-2279
-1644
-1216
-895
-589
-428
-675
-1363
-2177
-2999
-4024
-5356
-6756
-7828
-8579
-9319
-9982
-10182
-9790
-9125
-8505
-7721
-6484
-5028
-3767
-2723
-1564
-208
1003
1906
2753
3809
4950
5894
6680
7553
8539
9406
9954
10313
10618
10778
10596
10011
9254
8476
7564
6394
5119
3954
2987
2060
1055
138
-523
-1025
-1580
-2231
-2763
-3082
-3395
-3860
-4341
-4606
-4703
-4851
-5065
-5083
-4772
-4349
-3991
-3529
-2785
-1905
-1195
-646
9
759
1302
1544
1760
2115
2423
2498
2556
2879
3333
3620
3755
4008
4353
4435
4127
3670
3236
2630
1649
494
-514
-1363
-2242
-3129
-3750
-3950
-3909
-3795
-3530
-3006
-2259
-1529
-990
-560
-160
96
-12
-593
-1414
-2235
-3175
-4429
-5861
-7107
-7984
-8755
-9587
-10109
-10007
-9480
-8949
-8393
-7385
-5929
-4533
-3456
-2384
-1026
355
1351
2122
3109
4306
5330
6056
6822
7840
8833
9498
9909
10327
10701
10754
10402
9820
9182
8417
7376
6130
4920
3847
2856
1826
814
9
-590
-1128
-1727
-2283
-2662
-2954
-3356
-3883
-4295
-4475
-4611
-4863
-5043
-4920
-4550
-4167
-3796
-3196
-2378
-1611
-1055
-513
163
760
1078
1212
1445
1765
1940
1982
2158
2537
2887
3073
3262
3603
3914
3900
3659
3380
2981
2319
1401
445
-438
-1312
-2222
-2994
-3455
-3647
-3687
-3556
-3197
-2632
-1971
-1328
-776
-315
47
215
88
-417
-1156
-1961
-2917
-4135
-5514
-6745
-7691
-8552
-9389
-9885
-9810
-9365
-8873
-8251
-7181
-5768
-4435
-3301
-2114
-741
546
1519
2394
3424
4489
5352
6058
6838
7739
8530
9082
9532
9967
10263
10295
10071
9672
9110
8322
7301
6164
4988
3804
2657
1562
541
-347
-1053
-1590
-2040
-2471
-2803
-3007
-3202
-3497
-3804
-3994
-4114
-4306
-4519
-4538
-4327
-4015
-3695
-3222
-2505
-1763
-1148
-563
92
701
1058
1206
1388
1633
1744
1709
1770
2032
2301
2465
2687
3077
3435
3518
3415
3322
3113
2563
1745
909
102
-818
-1811
-2608
-3118
-3466
-3698
-3668
-3300
-2752
-2152
-1463
-715
-68
384
674
795
595
-1
-812
-1702
-2787
-4126
-5522
-6696
-7652
-8588
-9398
-9741
-9559
-9149
-8692
-7984
-6819
-5463
-4281
-3212
-1988
-666
439
1256
2100
3114
4057
4774
5481
6369
7283
8033
8639
9234
9749
10033
10063
9896
9518
8882
8028
7031
5917
4720
3545
2490
1514
584
-190
-718
-1118
-1509
-1865
-2076
-2197
-2438
-2802
-3084
-3263
-3499
-3831
-4069
-4060
-3921
-3797
-3566
-3088
-2487
-1963
-1518
-1000
-438
-24
194
361
583
795
927
1051
1293
1625
1967
2322
2716
3146
3517
3732
3773
3660
3369
2858
2153
1319
417
-516
-1417
-2190
-2771
-3153
-3330
-3257
-2961
-2530
-1972
-1298
-601
-32
356
591
681
458
-158
-970
-1862
-2917
-4193
-5541
-6694
-7630
-8517
-9276
-9623
-9499
-9115
-8620
-7873
-6746
-5444
-4233
-3093
-1865
-600
475
1316
2130
3009
3826
4510
5158
5892
6690
7436
8089
8675
9171
9515
9659
9560
9204
8642
7909
6981
5881
4721
3634
2648
1686
783
105
-329
-655
-969
-1222
-1330
-1413
-1634
-1950
-2228
-2459
-2772
-3179
-3506
-3650
-3690
-3687
-3564
-3222
-2719
-2221
-1737
-1190
-632
-198
81
273
459
583
643
698
837
1095
1381
1722
2147
2645
3097
3413
3618
3688
3528
3119
2496
1706
804
-188
-1179
-2021
-2709
-3236
-3518
-3527
-3284
-2873
-2360
-1697
-936
-262
244
631
907
953
618
-25
-779
-1642
-2750
-4061
-5337
-6408
-7367
-8314
-9047
-9318
-9194
-8898
-8451
-7678
-6539
-5309
-4205
-3116
-1917
-735
236
1003
1779
2635
3414
4060
4704
5454
6270
7016
7639
8218
8758
9147
9303
9201
8893
8432
7775
6899
5894
4895
3994
3153
2307
1576
1093
766
442
97
-139
-252
-468
-895
-1347
-1698
-2096
-2677
-3283
-3654
-3820
-4018
-4196
-4093
-3703
-3294
-2994
-2621
-2058
-1532
-1259
-1079
-780
-445
-280
-201
33
435
803
1121
1571
2178
2734
3102
3379
3627
3698
3447
2966
2403
1729
875
-41
-861
-1534
-2105
-2575
-2824
-2800
-2588
-2259
-1820
-1260
-608
-2
477
836
1072
1150
990
520
-164
-940
-1855
-2962
-4187
-5361
-6369
-7277
-8112
-8683
-8862
-8725
-8412
-7931
-7155
-6101
-5008
-4015
-3000
-1906
-840
42
786
1596
2461
3215
3842
4500
5288
6091
6739
7276
7840
8356
8651
8686
8548
8317
7920
7278
6488
5705
4960
4203
3432
2729
2210
1815
1444
1086
768
517
238
-179
-652
-1098
-1547
-2076
-2676
-3182
-3520
-3791
-4049
-4190
-4120
-3909
-3693
-3477
-3145
-2719
-2359
-2098
-1811
-1428
-1042
-735
-419
14
530
1001
1457
1980
2521
2975
3270
3462
3578
3494
3187
2712
2146
1501
768
-21
-712
-1265
-1740
-2074
-2244
-2204
-1986
-1663
-1266
-776
-211
339
750
1032
1231
1272
1050
526
-155
-904
-1840
-2994
-4219
-5319
-6276
-7218
-8080
-8627
-8795
-8748
-8578
-8176
-7413
-6427
-5476
-4542
-3469
-2290
-1207
-313
551
1511
2417
3131
3773
4509
5297
5961
6494
7032
7601
8052
8286
8387
8419
8318
8014
7520
6948
6351
5701
4998
4284
3614
3040
2518
2005
1510
1062
687
293
-203
-721
-1175
-1627
-2174
-2791
-3296
-3642
-3973
-4337
-4569
-4536
-4394
-4296
-4130
-3724
-3203
-2771
-2399
-1902
-1294
-801
-461
-57
475
953
1275
1604
2070
2526
2785
2920
3074
3174
3036
2685
2286
1860
1306
622
-29
-553
-1016
-1437
-1730
-1831
-1791
-1657
-1422
-1071
-658
-244
195
602
908
1107
1195
1158
882
344
-321
-1071
-2009
-3155
-4343
-5400
-6364
-7349
-8209
-8687
-8826
-8813
-8677
-8214
-7359
-6411
-5536
-4585
-3445
-2288
-1346
-534
365
1305
2068
2679
3360
4154
4880
5496
6144
6864
7530
8025
8406
8736
8933
8876
8626
8269
7797
7158
6403
5643
4882
4101
3350
2698
2130
1583
1084
657
253
-211
-718
-1200
-1712
-2319
-2966
-3523
-3990
-4448
-4851
-5051
-5019
-4904
-4751
-4428
-3905
-3349
-2887
-2441
-1896
-1362
-1004
-742
-403
-4
298
504
790
1211
1598
1862
2108
2409
2646
2680
2570
2436
2245
1885
1392
905
478
44
-388
-708
-864
-908
-883
-739
-462
-141
172
513
848
1085
1185
1199
1142
867
325
-331
-1035
-1899
-2989
-4157
-5200
-6150
-7156
-8076
-8644
-8861
-8922
-8862
-8480
-7698
-6774
-5897
-4924
-3762
-2598
-1634
-811
77
994
1728
2330
3005
3776
4521
5184
5897
6702
7435
8014
8508
8942
9188
9162
8934
8572
8042
7318
6499
5700
4882
4028
3232
2541
1935
1344
785
328
-101
-584
-1085
-1548
-1982
-2473
-3018
-3501
-3869
-4191
-4504
-4699
-4713
-4619
-4499
-4320
-3997
-3575
-3219
-2889
-2485
-2031
-1655
-1328
-972
-542
-116
184
525
967
1413
1739
2030
2389
2714
2847
2839
2845
2809
2604
2248
1886
1584
1239
825
498
302
149
-3
-79
0
145
245
368
571
757
831
811
744
587
221
-357
-1032
-1796
-2704
-3748
-4834
-5846
-6781
-7674
-8420
-8898
-9109
-9108
-8917
-8471
-7749
-6881
-5950
-4933
-3852
-2768
-1759
-822
98
964
1736
2472
3232
4000
4748
5486
6254
7013
7677
8237
8722
9077
9236
9187
8995
8658
8141
7437
6684
5938
5097
4223
3409
2706
2064
1442
891
453
56
-386
-844
-1262
-1694
-2209
-2773
-3302
-3768
-4217
-4622
-4896
-5036
-5092
-5052
-4864
-4547
-4190
-3833
-3422
-2955
-2505
-2113
-1728
-1308
-901
-538
-165
274
745
1195
1642
2120
2578
2966
3270
3510
3677
3707
3608
3429
3153
2795
2384
1943
1517
1102
706
389
135
-71
-206
-287
-319
-319
-298
-252
-215
-248
-353
-515
-783
-1213
-1798
-2463
-3190
-4035
-4983
-5922
-6741
-7491
-8178
-8672
-8896
-8859
-8647
-8230
-7543
-6644
-5657
-4637
-3562
-2437
-1357
-388
531
1418
2226
2957
3641
4333
5048
5724
6359
6996
7593
8112
8526
8802
8950
8942
8734
8351
7837
7214
6506
5727
4914
4142
3424
2755
2145
1601
1130
715
307
-109
-530
-989
-1503
-2076
-2700
-3327
-3926
-4496
-5000
-5392
-5653
-5760
-5727
-5563
-5249
-4836
-4383
-3885
-3358
-2828
-2311
-1841
-1384
-923
-474
-9
507
1049
1609
2198
2797
3388
3926
4385
4764
4996
5028
4897
4635
4242
3707
3059
2391
1747
1090
462
-74
-513
-884
-1213
-1463
-1597
-1668
-1726
-1742
-1709
-1639
-1575
-1539
-1529
-1582
-1747
-2035
-2440
-2947
-3556
-4269
-5046
-5824
-6573
-7248
-7773
-8110
-8234
-8130
-7802
-7249
-6492
-5571
-4528
-3426
-2328
-1259
-239
729
1627
2428
3157
3842
4484
5087
5679
6259
6815
7313
7722
8049
8302
8450
8457
8314
8036
7648
7150
6561
5919
5238
4532
3817
3101
2425
1817
1253
700
171
-342
-853
-1371
-1906
-2455
-3021
-3611
-4194
-4727
-5190
-5576
-5866
-6031
-6053
-5957
-5739
-5368
-4878
-4325
-3726
-3084
-2390
-1683
-997
-315
378
1058
1703
2327
2952
3565
4105
4568
4966
5280
5475
5523
5428
5194
4809
4276
3619
2887
2106
1283
450
-336
-1045
-1669
-2188
-2594
-2886
-3065
-3150
-3145
-3059
-2916
-2740
-2554
-2358
-2156
-1990
-1885
-1837
-1867
-2000
-2253
-2618
-3052
-3536
-4101
-4711
-5295
-5776
-6152
-6405
-6484
-6324
-5980
-5492
-4836
-4049
-3150
-2226
-1331
-463
376
1154
1855
2496
3096
3656
4167
4654
5146
5650
6140
6579
6959
7292
7543
7686
7713
7620
7412
7089
6648
6124
5562
4959
4313
3649
2997
2377
1770
1161
571
7
-556
-1134
-1729
-2315
-2898
-3491
-4073
-4600
-5053
-5414
-5689
-5853
-5870
-5739
-5463
-5045
-4510
-3866
-3131
-2350
-1553
-750
23
747
1412
2004
2554
3062
3501
3880
4202
4474
4699
4846
4904
4862
4707
4424
4010
3451
2792
2037
1179
285
-619
-1476
-2261
-2954
-3525
-3943
-4228
-4386
-4418
-4347
-4199
-4013
-3814
-3589
-3335
-3072
-2816
-2542
-2238
-1926
-1621
-1332
-1092
-937
-907
-1010
-1227
-1558
-2027
-2614
-3241
-3847
-4399
-4842
-5099
-5110
-4892
-4454
-3787
-2905
-1877
-809
245
1263
2187
2956
3552
4014
4361
4574
4682
4769
4893
5034
5188
5386
5643
5919
6165
6351
6466
6484
6335
6003
5519
4901
4149
3301
2409
1517
666
-99
-755
-1275
-1663
-1917
-2065
-2137
-2155
-2171
-2177
-2192
-2243
-2324
-2403
-2463
-2495
-2492
-2422
-2259
-2014
-1710
-1345
-909
-424
58
513
941
1332
1656
1902
2091
2233
2305
2312
2278
2212
2116
1969
1772
1546
1281
954
575
162
-287
-760
-1266
-1790
-2297
-2781
-3220
-3602
-3924
-4167
-4323
-4398
-4380
-4277
-4100
-3854
-3555
-3224
-2862
-2464
-2054
-1652
-1262
-881
-515
-174
144
436
694
879
979
1002
938
783
538
209
-193
-647
-1119
-1557
-1927
-2215
-2380
-2415
-2328
-2105
-1752
-1303
-799
-286
225
724
1166
1534
1828
2059
2224
2322
2397
2508
2641
2783
2961
3193
3463
3725
3960
4168
4312
4356
4295
4137
3904
3589
3198
2776
2377
2008
1667
1398
1191
1041
921
809
703
583
416
195
-73
-377
-708
-1050
-1373
-1650
-1867
-2019
-2076
-2045
-1922
-1710
-1448
-1154
-834
-532
-253
-12
168
294
363
374
342
282
189
85
-36
-166
-304
-458
-622
-800
-995
-1220
-1461
-1718
-1984
-2245
-2503
-2736
-2939
-3105
-3212
-3258
-3235
-3148
-2999
-2781
-2509
-2202
-1876
-1526
-1179
-852
-553
-285
-35
183
377
556
735
915
1086
1241
1386
1504
1584
1615
1574
1467
1279
1027
717
370
10
-349
-683
-980
-1204
-1353
-1433
-1430
-1351
-1219
-1053
-867
-675
-491
-337
-206
-89
30
146
265
415
606
829
1091
1398
1745
2114
2471
2816
3136
3410
3609
3720
3741
3672
3517
3281
2996
2678
2333
1981
1642
1327
1054
833
652
507
388
280
191
111
32
-53
-137
-218
-295
-354
-386
-383
-350
-292
-199
-94
27
153
247
298
309
262
153
-15
-237
-496
-793
-1113
-1428
-1709
-1940
-2133
-2275
-2364
-2409
-2424
-2412
-2385
-2356
-2339
-2344
-2355
-2363
-2380
-2389
-2368
-2314
-2233
-2127
-1969
-1771
-1558
-1336
-1105
-876
-666
-479
-307
-145
-2
118
229
342
441
517
581
635
669
677
664
647
615
570
528
493
463
434
412
392
376
352
321
283
238
195
153
109
81
74
87
140
227
338
482
647
823
1000
1180
1346
1488
1598
1682
1744
1779
1788
1781
1768
1754
1734
1722
1726
1736
1735
1716
1676
1626
1554
1455
1341
1215
1074
930
794
669
569
488
423
384
353
326
304
260
195
103
-16
-156
-303
-446
-584
-708
-810
-891
-947
-996
-1033
-1061
-1088
-1122
-1168
-1206
-1246
-1288
-1322
-1349
-1368
-1396
-1414
-1426
-1427
-1429
-1432
-1419
-1405
-1388
-1373
-1362
-1344
-1330
-1334
-1346
-1343
-1341
-1343
-1345
-1331
-1300
-1252
-1185
-1086
-964
-829
-680
-527
-368
-220
-91
22
105
157
191
207
204
190
173
169
163
162
178
201
218
231
249
268
287
291
289
282
259
230
194
175
176
191
230
307
415
555
721
904
1099
1286
1458
1621
1768
1893
1999
2089
2167
2227
2273
2323
2358
2374
2368
2342
2283
2196
2083
1949
1801
1624
1441
1254
1072
895
728
571
423
281
151
38
-77
-202
-333
-474
-639
-819
-997
-1162
-1320
-1454
-1556
-1613
-1629
-1612
-1556
-1482
-1397
-1318
-1250
-1183
-1146
-1130
-1126
-1132
-1154
-1171
-1179
-1173
-1156
-1133
-1096
-1047
-983
-919
-854
-788
-735
-703
-695
-702
-727
-774
-847
-919
-976
-1027
-1063
-1069
-1035
-963
-858
-721
-554
-372
-190
-20
127
242
315
351
355
331
298
255
212
188
179
191
236
300
370
428
472
485
459
392
285
150
-11
-165
-303
-419
-491
-517
-493
-425
-321
-180
-14
165
344
518
681
832
961
1072
1172
1255
1335
1414
1498
1588
1685
1792
1904
2012
2106
2183
2235
2255
2237
2173
2065
1915
1724
1491
1240
980
717
473
248
57
-107
-237
-343
-421
-491
-550
-598
-654
-716
-790
-864
-930
-980
-1013
-1025
-1015
-978
-922
-850
-774
-693
-617
-555
-507
-478
-471
-479
-498
-522
-553
-592
-621
-656
-693
-725
-763
-800
-833
-872
-917
-960
-999
-1035
-1065
-1075
-1065
-1033
-984
-926
-852
-774
-699
-615
-522
-420
-319
-222
-115
-11
77
147
199
229
223
180
120
40
-56
-163
-266
-352
-430
-489
-524
-539
-536
-517
-471
-410
-345
-275
-204
-136
-74
-16
37
94
161
241
332
432
539
647
769
894
1015
1133
1254
1365
1452
1524
1572
1599
1596
1566
1510
1428
1324
1201
1060
917
782
660
552
461
387
327
279
231
181
134
91
40
-7
-39
-61
-76
-83
-77
-60
-33
-7
29
69
100
124
146
175
201
227
257
291
318
329
331
319
290
240
177
102
16
-81
-181
-280
-375
-467
-552
-618
-678
-742
-801
-861
-912
-964
-1016
-1055
-1093
-1124
-1145
-1153
-1149
-1127
-1084
-1035
-973
-901
-829
-751
-673
-596
-528
-464
-412
-370
-341
-322
-317
-324
-326
-328
-334
-337
-333
-323
-315
-300
-275
-239
-201
-161
-120
-69
-12
45
107
175
249
321
387
437
480
514
535
550
568
584
602
635
677
717
758
794
816
826
811
775
722
653
566
472
380
288
202
126
65
22
-8
-23
-23
-23
-17
-12
-6
1
4
12
35
63
92
135
187
245
304
357
403
443
468
486
500
503
502
504
511
528
557
590
620
650
679
692
686
663
621
569
502
424
331
239
137
24
-90
-204
-306
-406
-491
-569
-633
-691
-744
-790
-830
-859
-887
-906
-926
-943
-955
-958
-943
-922
-882
-830
-766
-696
-624
-552
-477
-411
-352
-296
-248
-208
-168
-137
-112
-92
-71
-51
-33
-11
4
12
12
9
3
-5
-14
-25
-37
-56
-79
-107
-128
-154
-183
-203
-217
-220
-217
-208
-183
-150
-122
-91
-59
-28
-5
11
28
36
45
52
63
76
86
92
100
108
115
126
136
154
167
184
209
236
260
283
301
311
317
316
314
312
312
311
314
330
352
383
422
473
525
576
631
677
717
748
765
775
775
764
744
719
686
643
593
541
480
407
337
264
188
107
20
-58
-134
-204
-266
-315
-360
-392
-420
-441
-452
-457
-455
-444
-416
-381
-336
-278
-221
-159
-98
-48
-5
29
49
54
51
42
27
10
-15
-44
-73
-101
-132
-172
-216
-264
-321
-385
-449
-512
-572
-627
-669
-701
-724
-733
-736
-732
-718
-709
-690
-663
-637
-613
-587
-560
-538
-510
-475
-439
-405
-362
-315
-272
-229
-185
-144
-109
-82
-62
-34
-2
29
66
104
150
190
226
269
308
341
366
381
387
384
377
361
343
329
319
310
321
340
361
396
427
463
493
520
542
555
565
570
569
567
560
546
533
520
500
478
461
442
417
384
351
309
265
213
161
111
71
39
11
-4
-19
-27
-24
-12
5
27
58
97
140
191
241
281
318
341
352
355
339
312
277
237
193
147
107
80
55
28
17
2
-25
-55
-90
-131
-174
-226
-276
-327
-388
-454
-519
-582
-640
-699
-747
-781
-813
-838
-856
-859
-858
-854
-839
-824
-807
-784
-761
-736
-704
-670
-633
-589
-542
-491
-438
-381
-323
-265
-203
-141
-82
-31
19
60
93
117
136
145
137
123
107
91
83
75
73
73
72
73
87
104
120
141
164
186
213
249
295
344
393
441
480
512
536
550
552
544
518
486
453
416
372
331
305
280
263
256
258
261
262
267
277
286
297
305
312
319
321
324
332
341
350
357
364
371
375
379
379
375
369
359
344
320
292
270
243
211
176
138
111
86
64
54
46
34
18
-3
-29
-58
-98
-148
-209
-272
-336
-398
-455
-503
-541
-574
-591
-603
-610
-620
-636
-645
-654
-654
-650
-645
-632
-617
-597
-574
-548
-514
-475
-428
-379
-328
-270
-217
-171
-127
-93
-65
-52
-42
-43
-49
-64
-83
-103
-123
-135
-144
-150
-157
-163
-163
-165
-168
-169
-171
-176
-180
-188
-186
-176
-164
-137
-100
-57
-7
52
107
164
218
264
303
340
371
392
410
418
426
428
427
428
426
425
424
423
421
415
406
401
391
369
346
321
297
270
246
231
218
220
227
244
265
287
314
335
359
374
383
392
394
389
378
370
357
340
317
287
252
210
170
126
79
32
-20
-75
-132
-182
-227
-270
-300
-324
-343
-351
-353
-350
-342
-322
-298
-273
-247
-226
-208
-196
-185
-176
-174
-167
-162
-161
-159
-159
-166
-169
-175
-187
-202
-223
-247
-270
-297
-318
-335
-348
-362
-374
-383
-393
-402
-409
-411
-413
-413
-409
-396
-383
-358
-330
-301
-268
-236
-208
-177
-144
-111
-83
-59
-34
-11
12
41
77
114
156
199
241
281
322
354
381
399
407
404
389
369
340
304
263
225
192
161
133
110
90
76
64
58
53
50
50
49
51
57
66
82
104
123
150
178
206
239
267
290
312
331
348
353
354
349
334
312
278
244
207
170
129
93
60
27
9
-2
-5
-6
5
21
36
45
54
64
62
52
37
25
7
-12
-31
-54
-73
-90
-100
-105
-114
-123
-130
-137
-150
-163
-181
-198
-220
-240
-262
-287
-306
-324
-335
-343
-347
-344
-335
-326
-313
-299
-283
-267
-254
-242
-230
-223
-216
-210
-204
-195
-189
-176
-158
-134
-109
-80
-48
-15
10
27
51
64
68
68
67
67
67
70
73
76
78
84
88
93
96
100
102
102
97
92
92
86
74
65
55
43
33
25
28
33
49
68
89
112
134
160
182
198
205
208
213
211
207
206
200
195
192
189
179
171
164
158
148
137
125
105
86
66
44
24
6
-7
-21
-30
-35
-35
-30
-21
-12
-2
12
23
35
44
49
49
46
40
25
11
4
-3
-15
-26
-39
-49
-59
-68
-80
-83
-86
-91
-96
-99
-102
-103
-108
-113
-118
-129
-137
-143
-145
-142
-130
-118
-108
-97
-85
-73
-60
-52
-44
-39
-38
-38
-45
-57
-68
-77
-82
-91
-98
-106
-117
-128
-139
-150
-157
-163
-165
-162
-156
-148
-138
-122
-110
-96
-86
-76
-68
-60
-57
-57
-55
-58
-57
-51
-46
-35
-15
3
19
38
60
84
114
142
178
211
242
273
288
297
301
297
288
277
258
239
228
216
205
194
188
179
166
154
146
136
131
121
110
96
80
64
45
28
9
-3
-11
-14
-10
-3
13
29
44
55
61
61
63
55
42
32
13
-8
-30
-51
-65
-76
-85
-89
-89
-87
-79
-72
-63
-57
-53
-61
-68
-76
-87
-98
-110
-120
-129
-135
-139
-137
-133
-128
-122
-117
-111
-107
-106
-103
-103
-106
-110
-117
-126
-132
-142
-150
-159
-167
-169
-168
-163
-154
-140
-128
-115
-100
-87
-74
-62
-56
-42
-39
-40
-38
-40
-40
-38
-29
-16
-2
18
34
53
72
96
119
140
159
171
178
184
182
175
164
151
139
128
119
112
109
113
119
124
134
136
136
131
126
114
99
85
69
51
39
32
26
24
28
35
39
42
49
55
54
56
56
58
63
61
55
62
61
58
58
55
51
45
41
40
38
38
30
27
21
14
5
-5
-8
-18
-25
-25
-26
-30
-33
-40
-45
-50
-60
-73
-86
-95
-103
-113
-117
-126
-133
-139
-145
-149
-155
-148
-139
-136
-132
-129
-125
-119
-112
-111
-109
-109
-107
-97
-90
-79
-67
-55
-40
-33
-28
-24
-19
-14
-10
-6
-4
-4
-4
-4
-5
-8
-12
-16
-20
-23
-22
-24
-29
-35
-37
-32
-28
-22
-20
-15
-11
-6
1
8
16
24
35
47
61
75
89
102
112
120
126
132
135
130
124
118
107
99
95
89
89
88
88
93
100
106
114
118
122
122
119
118
114
106
98
91
77
70
64
57
56
55
57
55
53
53
54
47
39
27
12
0
-17
-32
-46
-56
-68
-78
-87
-95
-102
-109
-114
-122
-126
-130
-132
-130
-127
-123
-120
-112
-100
-89
-74
-58
-43
-33
-22
-12
-2
7
16
21
22
22
17
7
-4
-19
-30
-39
-50
-59
-68
-76
-84
-94
-98
-102
-106
-109
-113
-117
-120
-120
-123
-117
-110
-100
-87
-71
-53
-38
-22
-12
-3
2
6
7
11
16
23
30
36
42
43
50
56
63
70
80
88
91
94
96
97
99
99
100
103
107
110
119
125
132
136
138
141
140
137
140
142
140
136
127
118
109
99
92
79
65
49
30
11
-9
-24
-37
-45
-55
-60
-53
-46
-39
-32
-28
-27
-28
-32
-36
-42
-45
-45
-45
-44
-40
-34
-28
-24
-22
-21
-21
-26
-34
-44
-52
-59
-65
-66
-67
-66
-63
-64
-63
-66
-65
-67
-71
-73
-78
-85
-86
-83
-87
-87
-82
-80
-77
-74
-72
-73
-71
-68
-64
-59
-55
-49
-47
-43
-37
-37
-31
-26
-28
-29
-28
-22
-15
-7
5
14
25
35
41
46
54
58
62
68
68
64
66
70
70
75
80
82
81
83
82
81
81
80
75
71
66
58
51
46
40
32
32
28
19
13
9
5
5
5
5
5
5
8
8
13
19
26
28
34
37
38
44
49
53
61
67
70
71
71
70
66
60
51
42
34
25
18
11
5
-1
-3
-1
2
4
4
3
-3
-9
-15
-25
-37
-47
-56
-67
-78
-87
-94
-101
-105
-111
-118
-119
-117
-117
-112
-104
-97
-89
-82
-81
-81
-79
-74
-70
-68
-64
-62
-57
-52
-51
-51
-48
-41
-37
-32
-25
-16
-9
2
11
20
31
41
46
52
57
61
64
69
75
75
80
82
77
76
71
67
57
43
32
19
4
-7
-16
-19
-23
-28
-31
-29
-28
-31
-30
-29
-26
-19
-10
-2
6
13
25
36
45
54
59
64
69
74
81
85
91
97
104
109
106
105
100
90
80
68
57
42
28
13
2
-8
-20
-27
-35
-40
-46
-52
-55
-55
-59
-58
-58
-55
-52
-46
-41
-42
-40
-35
-34
-31
-29
-31
-30
-29
-33
-36
-35
-34
-36
-36
-31
-31
-32
-32
-31
-31
-33
-34
-37
-41
-42
-44
-46
-50
-51
-50
-44
-37
-31
-23
-19
-14
-11
-9
-2
3
9
20
24
29
32
31
33
32
33
31
31
32
33
30
26
24
21
15
7
1
-6
-16
-26
-34
-39
-40
-38
-30
-23
-16
-6
5
14
22
30
32
37
43
50
54
59
64
68
73
77
81
83
85
81
74
66
56
48
44
42
40
35
34
35
33
30
21
12
5
-1
-12
-23
-27
-34
-44
-48
-50
-54
-55
-57
-54
-54
-51
-49
-45
-37
-31
-26
-17
-13
-9
-8
-6
-9
-13
-8
-11
-11
-11
-13
-15
-18
-18
-16
-15
-14
-10
-8
-10
-8
-8
-9
-13
-19
-26
-29
-31
-33
-33
-30
-28
-22
-17
-9
0
9
19
24
30
32
33
28
27
21
13
11
4
-1
-6
-10
-14
-19
-21
-27
-28
-30
-30
-30
-29
-29
-30
-30
-27
-22
-20
-16
-11
-7
2
11
16
24
30
36
42
49
55
58
62
62
56
54
47
41
32
21
14
4
-7
-16
-21
-24
-25
-25
-26
-22
-19
-17
-14
-10
-6
0
2
4
3
7
10
11
13
17
18
25
26
27
25
23
22
17
17
16
19
21
22
24
26
30
30
31
33
35
30
25
20
9
-2
-15
-26
-34
-41
-49
-53
-57
-57
-58
-57
-51
-45
-39
-38
-35
-34
-31
-27
-22
-16
-9
-3
3
9
13
19
21
22
22
20
18
18
15
7
0
-10
-13
-18
-21
-22
-22
-23
-25
-25
-23
-20
-18
-12
-10
-10
-3
-1
2
6
12
13
15
16
17
16
15
14
15
16
18
20
22
25
26
24
25
27
24
21
15
11
9
2
-2
-10
-19
-26
-31
-34
-35
-33
-29
-21
-19
-17
-11
-8
-3
2
7
9
13
19
22
22
23
23
24
27
30
34
35
38
36
33
33
32
34
35
34
29
24
14
5
-3
-11
-14
-16
-22
-27
-32
-39
-42
-44
-45
-42
-37
-32
-26
-20
-14
-8
-3
-1
0
2
0
-1
-2
-1
-1
-2
0
-2
-3
-2
0
-1
3
4
3
3
0
-4
-5
-4
-5
-6
-3
-5
-1
2
2
1
-3
-6
-6
-5
-4
-3
0
4
5
8
9
10
11
9
6
4
1
-3
-4
-6
-11
-11
-12
-13
-12
-11
-8
-6
-1
0
2
5
8
11
16
16
14
12
12
9
6
7
6
5
3
2
1
-1
1
0
-3
0
-2
-3
-2
-3
-2
-1
-3
-7
-10
-8
-4
0
5
10
12
12
13
14
17
17
17
13
9
6
-1
-5
-7
-12
-16
-17
-19
-19
-19
-18
-16
-14
-11
-8
-3
1
6
10
15
19
19
19
14
12
8
6
5
4
4
1
-2
1
1
3
3
5
11
11
9
7
3
-2
-8
-15
-24
-26
-26
-29
-26
-24
-20
-14
-12
-8
-2
-3
-2
0
-2
-6
-5
-5
-3
-2
-3
-1
4
6
8
9
10
10
12
11
12
12
11
13
12
13
9
10
7
3
-3
-5
-3
-1
5
9
13
13
17
19
19
17
13
12
11
7
6
4
5
1
0
1
1
0
2
4
4
5
3
3
3
-4
-10
-11
-15
-18
-18
-19
-20
-23
-26
-22
-20
-18
-15
-13
-11
-12
-14
-16
-17
-16
-13
-10
-7
-2
4
7
7
5
0
0
-1
-2
-2
-1
-2
3
6
7
12
15
19
19
16
14
9
6
6
5
1
4
3
4
6
8
6
2
2
0
-5
-8
-9
-14
-14
-12
-11
-7
-4
-7
-8
-6
-4
-2
-1
2
2
3
2
2
4
6
6
8
10
10
12
14
17
18
18
21
17
14
9
3
-2
-5
-8
-8
-6
-7
-8
-7
-6
-6
-5
-6
-9
-12
-15
-9
-4
1
6
12
18
21
21
23
19
16
12
5
0
-1
-3
-4
-3
-4
-6
-7
-9
-12
-14
-13
-15
-19
-23
-24
-24
-23
-21
-20
-16
-12
-6
0
8
13
15
17
18
20
22
25
25
20
16
11
6
0
-5
-9
-13
-14
-17
-16
-15
-14
-12
-3
2
4
8
9
9
6
2
-2
-7
-12
-14
-16
-15
-13
-12
-9
-6
-5
-4
1
3
6
8
12
13
14
15
16
16
15
13
11
7
6
7
7
6
3
2
6
7
8
9
8
1
-3
-4
-7
-10
-12
-14
-13
-13
-11
-9
-3
1
4
2
4
7
5
5
2
0
-4
-6
-8
-8
-8
-7
-7
-5
-4
-4
-3
0
0
-2
0
1
5
5
6
4
2
-1
-2
-1
2
5
7
7
8
9
7
6
4
1
4
3
4
6
6
8
7
5
4
2
-3
-8
-10
-10
-9
-8
-8
-6
-7
-7
-7
-6
-6
-5
-7
-9
-10
-10
-12
-15
-16
-17
-16
-15
-15
-11
-8
-6
-5
-3
2
3
4
3
6
4
4
5
5
10
14
18
23
25
25
24
21
22
19
16
15
13
8
4
2
-2
-3
-5
-7
-8
-8
-10
-10
-11
-10
-9
-6
-2
2
8
8
9
10
12
13
14
10
10
11
7
7
4
2
0
-2
-4
-6
-6
-8
-8
-7
-11
-13
-19
-24
-28
-28
-27
-27
-24
-22
-20
-17
-13
-7
-3
1
3
2
-1
2
3
3
1
2
1
0
2
6
9
14
19
23
24
23
26
25
22
19
17
16
12
8
3
1
-2
-6
-10
-14
-18
-19
-17
-16
-13
-7
-2
4
9
9
12
12
13
10
12
12
11
11
10
9
11
14
15
15
14
14
11
5
-1
-12
-21
-26
-30
-31
-33
-35
-34
-30
-28
-25
-19
-15
-9
-5
0
7
11
10
9
6
-1
-3
-5
-7
-10
-12
-11
-9
-10
-10
-7
-3
2
7
14
18
20
23
24
22
19
16
15
12
10
8
7
5
3
2
-2
-1
-2
-5
-5
-6
-8
-7
-8
-9
-8
-4
-2
-3
-2
-1
1
3
6
8
13
15
15
15
13
13
15
12
11
5
-1
-5
-9
-13
-15
-15
-15
-19
-22
-24
-24
-23
-24
-23
-20
-18
-13
-9
-5
0
0
4
6
8
13
16
16
16
16
15
13
13
13
13
11
11
9
7
4
3
-4
-6
-5
-7
-7
-6
-7
-5
-4
-4
-5
-3
0
0
1
4
4
5
8
9
8
9
10
11
12
14
15
17
21
23
22
21
18
16
11
8
3
-2
-2
-7
-10
-11
-10
-7
-7
-7
-8
-10
-14
-20
-25
-29
-30
-29
-27
-26
-25
-24
-18
-14
-10
-3
4
8
10
10
8
7
7
10
9
9
8
5
1
-1
-1
-3
-4
-8
-11
-10
-9
-8
-6
-4
-1
0
0
0
-1
-1
0
2
0
0
1
2
6
11
14
