-20
-21
-18
-20
-23
-25
-24
-24
-25
-22
-20
-18
-18
-17
-17
-16
-15
-17
-15
-15
-13
-12
-12
-11
-9
-7
-10
-14
-14
-16
-18
-21
-22
-21
-20
-20
-18
-16
-11
-8
-7
-6
-6
-8
-9
-6
-3
-1
4
9
16
22
25
27
30
32
31
30
30
30
31
34
35
35
38
40
42
41
41
38
36
32
29
25
21
20
19
22
23
24
28
30
32
29
28
27
23
20
17
18
19
20
21
22
21
21
19
19
16
13
7
2
-2
-10
-17
-20
-22
-20
-16
-16
-14
-16
-19
-21
-22
-20
-19
-16
-15
-14
-15
-16
-15
-13
-12
-10
-10
-10
-12
-15
-16
-19
-16
-18
-16
-13
-12
-10
-9
-9
-6
-5
-4
-8
-12
-12
-14
-17
-18
-18
-17
-14
-12
-9
-9
-5
-3
0
1
5
6
6
4
1
-1
-2
-1
1
8
10
13
12
7
1
-4
-7
-11
-11
-13
-15
-19
-24
-26
-30
-36
-35
-34
-34
-36
-39
-36
-34
-31
-27
-28
-29
-35
-35
-34
-31
-30
-29
-25
-22
-17
-14
-14
-11
-11
-9
-7
-3
0
3
4
7
6
3
3
3
4
5
9
9
12
22
31
37
39
42
43
43
46
51
52
55
57
59
61
64
67
70
75
76
74
71
63
56
50
44
40
37
36
38
38
38
38
37
36
34
28
24
19
14
9
8
7
6
8
8
5
3
2
-4
-7
-6
-9
-13
-17
-20
-26
-32
-33
-38
-42
-42
-41
-42
-42
-42
-42
-42
-45
-46
-50
-54
-59
-61
-61
-62
-60
-56
-54
-55
-54
-48
-45
-42
-40
-37
-33
-32
-30
-34
-34
-33
-29
-28
-25
-20
-14
-10
-7
-6
-7
-4
-5
-5
-4
0
6
8
12
13
18
20
22
23
22
23
24
24
26
26
28
31
33
35
39
43
43
41
37
32
26
21
15
10
7
3
1
-2
-5
-5
-3
1
2
3
1
0
-3
-5
-11
-15
-21
-21
-24
-25
-23
-23
-21
-16
-16
-17
-19
-15
-13
-13
-11
-9
-6
-5
-2
0
3
4
5
6
9
14
17
22
25
29
33
38
42
45
48
51
58
64
71
74
76
76
75
76
78
80
82
83
81
77
69
66
64
61
57
55
51
49
44
43
42
38
36
31
25
18
10
2
-5
-14
-21
-25
-30
-35
-41
-47
-54
-61
-68
-74
-80
-87
-93
-98
-105
-109
-113
-114
-114
-116
-119
-117
-117
-117
-116
-116
-115
-112
-108
-104
-97
-90
-84
-76
-70
-62
-56
-54
-49
-46
-45
-40
-36
-33
-29
-27
-26
-22
-18
-15
-9
-5
-1
1
1
2
3
4
10
13
18
25
31
36
42
49
55
61
66
71
73
73
76
80
83
85
85
84
85
84
82
80
79
75
71
67
61
59
56
56
56
56
55
56
56
51
50
49
46
39
33
27
24
21
19
19
17
16
16
17
15
15
14
10
8
5
3
0
2
0
-2
-1
1
-1
2
4
5
5
5
4
3
0
0
0
0
1
2
4
6
5
5
7
8
8
6
2
0
-1
-2
-4
-5
-5
-7
-7
-6
-4
-2
-1
-3
-8
-14
-17
-19
-23
-26
-30
-34
-39
-42
-46
-49
-54
-56
-63
-70
-75
-81
-83
-83
-84
-86
-85
-83
-79
-77
-74
-71
-69
-67
-66
-66
-66
-66
-62
-57
-52
-44
-36
-31
-27
-23
-19
-15
-12
-10
-7
-6
-7
-7
-6
-4
-1
3
6
10
14
18
24
29
30
29
31
31
33
34
35
36
35
38
41
46
49
51
53
53
52
50
51
50
49
48
52
54
54
54
52
52
50
48
49
46
44
37
31
23
19
16
13
10
6
5
5
5
7
6
4
4
4
4
5
6
4
5
8
9
10
10
8
7
3
-3
-5
-4
-2
-2
-4
-8
-11
-13
-16
-21
-20
-22
-26
-25
-23
-23
-20
-15
-15
-14
-12
-8
-6
-1
3
7
10
14
14
15
18
20
22
26
29
30
30
32
26
24
25
22
22
23
24
24
26
25
24
21
16
16
15
14
14
14
12
15
10
7
7
7
6
5
5
2
-2
-3
-4
-9
-15
-19
-22
-25
-29
-34
-37
-38
-43
-50
-51
-55
-55
-54
-52
-53
-54
-54
-54
-57
-59
-61
-61
-65
-68
-69
-69
-66
-65
-61
-58
-55
-54
-49
-46
-42
-38
-34
-29
-26
-21
-17
-13
-9
-4
2
7
12
14
16
21
20
21
24
27
28
30
34
35
37
39
41
45
47
50
51
52
55
52
51
55
56
57
60
58
55
53
47
45
42
41
39
38
35
35
33
30
27
24
21
20
18
15
10
9
5
1
-3
-3
-4
-8
-9
-11
-12
-14
-16
-20
-21
-24
-29
-30
-33
-38
-38
-39
-38
-37
-35
-34
-32
-31
-32
-29
-25
-20
-17
-15
-14
-16
-16
-15
-15
-13
-14
-12
-13
-14
-14
-11
-10
-9
-7
-3
-1
3
4
7
9
10
10
13
15
14
17
17
16
17
19
20
19
20
20
21
22
23
24
23
21
21
15
11
9
5
4
2
-1
-1
-2
-2
-4
-4
-3
-2
-2
-3
-3
-4
-5
-7
-9
-8
-9
-11
-13
-13
-14
-14
-17
-18
-19
-17
-16
-13
-10
-9
-7
-6
-5
-6
-6
-5
-5
-4
-4
-1
-1
2
3
4
5
7
8
9
11
11
11
11
11
10
8
10
13
17
17
19
21
21
21
18
16
15
14
15
15
16
16
15
15
14
12
14
16
16
15
12
12
7
8
7
5
7
6
5
2
1
2
1
0
-1
0
0
0
-2
-3
-2
-5
-8
-10
-16
-19
-20
-21
-22
-22
-23
-22
-19
-18
-15
-18
-15
-13
-15
-16
-17
-19
-21
-21
-23
-21
-18
-15
-13
-11
-10
-11
-12
-10
-12
-14
-10
-10
-7
-8
-5
-3
1
4
7
9
9
9
7
5
1
0
0
1
2
4
5
9
11
15
17
18
19
19
17
15
14
14
15
12
9
7
4
5
2
-1
2
3
4
6
3
-1
-5
-10
-11
-15
-17
-17
-16
-15
-16
-19
-21
-25
-25
-28
-27
-28
-27
-28
-28
-30
-28
-26
-24
-19
-19
-18
-20
-20
-21
-20
-17
-16
-15
-15
-13
-11
-11
-11
-11
-9
-6
-2
4
7
12
17
19
22
22
23
22
23
22
25
27
30
32
35
40
41
44
42
43
43
43
43
42
41
42
41
41
42
41
40
42
42
40
41
38
34
29
25
23
22
18
17
16
14
14
13
14
12
8
4
3
0
-4
-6
-11
-14
-17
-20
-22
-23
-23
-24
-24
-21
-20
-19
-19
-17
-17
-18
-18
-19
-19
-22
-23
-25
-28
-29
-31
-33
-35
-36
-35
-32
-30
-30
-30
-29
-27
-27
-25
-24
-26
-24
-20
-18
-17
-17
-14
-11
-11
-8
-8
-6
-6
-5
-5
-5
-3
-3
0
0
0
2
5
5
4
4
3
3
4
1
0
0
-1
-1
0
0
-2
-2
0
0
0
2
2
2
1
0
-1
-2
1
2
5
8
9
10
8
8
7
2
3
2
2
0
-2
1
0
-3
-5
-6
-6
-5
-3
-1
-1
0
-1
0
0
-4
-2
0
0
0
3
5
10
14
17
20
22
23
20
21
20
19
22
22
24
23
22
21
21
22
23
24
23
21
19
18
17
17
19
17
18
18
16
14
13
13
13
15
14
11
10
9
9
6
5
5
3
1
0
-2
-3
-3
-5
-9
-11
-11
-12
-12
-12
-14
-14
-15
-15
-16
-17
-19
-18
-17
-18
-19
-20
-20
-20
-19
-19
-17
-13
-11
-11
-10
-11
-13
-14
-17
-21
-21
-21
-20
-21
-19
-17
-14
-10
-8
-5
-3
-3
-3
-5
-5
-4
-4
-3
-3
-3
-2
0
2
4
4
6
8
7
9
6
3
4
4
5
6
8
8
9
8
9
9
7
8
9
9
9
9
6
4
4
2
1
0
-1
0
0
1
2
2
5
5
4
3
4
3
0
-2
-4
-4
-5
-6
-6
-5
-5
-2
0
-2
-2
-3
-4
-5
-8
-9
-9
-9
-11
-11
-9
-10
-11
-11
-8
-8
-8
-8
-6
-6
-6
-6
-4
-2
-3
-2
0
-2
-1
1
-1
1
2
-1
0
-2
-2
-1
-2
1
2
1
3
3
3
4
6
7
9
9
10
11
10
9
12
14
15
17
19
21
22
24
25
25
23
23
22
19
20
20
19
21
22
17
15
12
9
7
3
3
3
4
3
5
4
3
3
0
-2
-2
-4
-7
-9
-13
-13
-14
-14
-13
-13
-12
-13
-12
-9
-10
-13
-11
-12
-14
-12
-12
-11
-9
-8
-8
-5
-6
-9
-10
-13
-16
-16
-18
-18
-16
-14
-11
-10
-7
-5
-1
0
1
1
0
3
4
3
5
5
8
10
13
16
17
16
15
15
14
11
8
5
1
-3
-7
-6
-6
-7
-4
-3
-3
-1
-3
-5
-6
-8
-8
-8
-6
-6
-4
-2
-1
-1
-1
-2
-2
-2
-2
-1
-3
-6
-7
-8
-8
-8
-8
-10
-8
-7
-8
-6
-5
-4
-3
-2
2
3
6
7
7
8
8
8
6
5
7
7
8
10
11
11
11
10
9
10
10
11
8
8
7
6
5
4
3
2
1
-1
-2
0
0
-1
-1
-1
-2
-3
-2
-3
-1
-2
-3
-5
-6
-6
-5
-4
-6
-7
-8
-9
-9
-6
-6
-6
-7
-4
-1
1
4
5
6
5
6
5
3
0
-2
-3
-5
-6
-8
-9
-6
-6
-5
-1
4
6
8
8
8
9
9
8
7
7
6
7
9
10
11
10
9
5
1
2
2
-2
-2
-4
-5
-7
-5
-6
-4
-3
-4
-6
-8
-8
-8
-8
-6
-7
-7
-6
-7
-3
-1
-1
0
0
-1
-1
-1
-3
-5
-3
-3
-2
-1
-3
-3
-6
-8
-8
-6
-5
-2
2
2
4
6
7
8
7
6
4
6
3
3
2
2
5
3
10
11
11
14
13
12
10
8
9
6
6
4
3
4
5
5
7
9
6
4
4
2
0
-2
-5
-7
-9
-11
-12
-11
-12
-11
-10
-9
-10
-12
-11
-11
-11
-13
-11
-8
-9
-7
-5
-7
-6
-6
-5
-3
-3
0
-1
-2
-1
-2
-2
-2
-3
-4
-2
-2
-3
0
-1
0
0
2
3
5
9
9
8
9
8
8
8
9
9
7
8
11
11
13
15
14
12
10
7
5
5
4
3
2
0
-2
-2
-2
-1
-1
1
3
3
4
1
1
-1
-1
-3
-6
-7
-8
-7
-7
-7
-5
-5
-2
-3
-5
-4
-5
-6
-9
-8
-8
-9
-12
-12
-12
-10
-6
-4
-2
0
0
1
3
2
0
1
-1
-2
-3
-3
-3
-4
-3
0
-1
2
2
4
4
6
3
2
3
2
0
1
2
3
5
7
7
7
7
7
5
5
4
3
6
7
6
6
5
4
1
-1
-1
-1
-2
-3
-5
-5
-1
-2
-3
-4
-5
-5
-7
-6
-6
-7
-6
-6
-7
-7
-5
-4
-3
-1
-1
-2
-1
-4
-5
-4
-4
-1
2
3
7
11
10
9
7
6
5
4
5
8
8
7
6
5
5
6
6
5
4
1
0
-1
-1
-3
-4
0
2
2
5
6
6
5
3
6
6
7
8
7
7
5
3
0
-1
-4
-7
-5
-6
-6
-5
-8
-11
-14
-15
-15
-15
-13
-13
-12
-11
-9
-9
-7
-4
-4
-4
-1
0
1
3
5
4
5
6
7
8
7
5
4
1
0
-3
-2
-2
-2
-1
1
2
1
1
2
2
1
0
1
0
1
2
1
3
7
7
6
7
5
5
4
5
5
4
4
2
4
2
0
-6
-8
-9
-11
-11
-12
-10
-9
-8
-8
-8
-7
-7
-6
-3
-5
-5
-6
-8
-6
-5
-6
-4
-2
0
3
4
6
6
6
5
7
7
8
8
9
9
8
7
9
7
8
9
7
5
2
2
1
2
1
1
-1
-1
-2
-1
0
0
1
1
2
1
4
5
5
6
8
7
7
7
7
4
4
4
3
5
6
5
4
2
3
-1
-4
-6
-8
-8
-9
-10
-12
-12
-14
-14
-11
-9
-7
-7
-6
-5
-4
-2
-2
-2
0
-1
1
2
-1
1
2
2
2
-1
0
-2
-4
-3
-2
-1
0
-1
-2
-2
-2
-3
-4
-4
-3
-3
-1
0
1
1
2
1
1
3
2
5
6
7
7
6
4
4
2
1
1
2
1
2
0
-3
-3
-4
-6
-6
-7
-6
-3
-6
-4
-1
0
1
-1
-3
-3
-6
-6
-6
-6
-6
-3
0
1
1
2
3
3
1
1
0
3
4
5
6
6
7
7
8
8
8
8
7
8
7
5
4
4
4
4
4
4
2
1
0
-1
-1
-1
1
1
1
1
2
3
4
4
2
-1
0
-3
-2
2
4
5
5
5
4
3
1
0
-2
-2
-3
-5
-7
-8
-10
-12
-11
-12
-10
-9
-8
-7
-7
-6
-5
-5
-5
-3
-3
-1
-1
-1
1
1
0
-1
0
1
2
2
4
6
6
5
5
4
2
-1
-3
-3
-4
-4
-3
-1
-2
-1
-1
-1
-2
-1
-1
0
0
-1
0
0
1
1
-1
0
1
0
0
0
-2
-5
-6
-6
-6
-4
-3
-2
-2
0
-1
-3
-2
-6
-9
-7
-7
-6
-6
-6
-6
-5
-5
-3
-1
-1
1
2
2
3
4
4
5
3
4
5
8
11
12
13
14
12
12
11
11
10
12
13
12
14
13
11
11
9
8
9
10
10
11
15
13
13
14
15
12
9
8
8
7
5
5
6
4
3
1
1
1
-2
-5
-4
-3
-5
-5
-6
-8
-9
-12
-11
-11
-14
-13
-14
-13
-15
-17
-14
-13
-11
-10
-11
-10
-8
-7
-8
-10
-11
-11
-11
-11
-13
-15
-14
-12
-12
-11
-10
-10
-12
-11
-14
-17
-19
-20
-20
-19
-16
-14
-10
-10
-9
-7
-7
-8
-10
-10
-9
-10
-10
-7
-3
-2
-1
1
4
5
7
8
9
8
9
10
10
12
11
10
12
13
15
16
17
18
17
18
19
22
26
28
29
30
28
30
29
30
31
32
36
36
39
38
38
38
37
36
35
33
32
31
27
25
24
23
19
17
16
11
12
10
7
5
3
0
-1
1
-3
-5
-8
-15
-17
-21
-26
-26
-29
-31
-32
-35
-37
-41
-46
-46
-48
-50
-51
-52
-53
-54
-57
-59
-62
-63
-65
-66
-64
-62
-61
-61
-58
-57
-60
-60
-58
-59
-59
-59
-55
-52
-50
-48
-44
-42
-39
-34
-31
-28
-26
-22
-14
-8
-4
-1
4
9
14
21
29
32
38
42
50
56
61
65
68
73
77
79
87
92
97
105
113
117
121
123
124
125
126
127
128
129
130
131
133
130
129
123
117
111
101
93
85
78
71
62
56
46
35
28
18
10
3
-9
-7
-14
-22
-23
-37
-42
-48
-59
-59
-64
-71
-75
-80
-88
-91
-99
-108
-111
-120
-124
-129
-128
-125
-124
-120
-119
-118
-119
-118
-118
-117
-114
-116
-116
-119
-117
-117
-117
-113
-110
-109
-112
-112
-117
-118
-119
-123
-125
-124
-126
-123
-126
-125
-126
-128
-130
-135
-140
-142
-143
-139
-135
-131
-123
-117
-104
-96
-82
-66
-53
-41
-21
-5
10
31
48
71
95
119
147
174
200
228
249
273
293
310
324
338
354
368
384
401
420
433
446
455
461
464
469
467
471
468
459
462
452
442
430
411
396
378
362
344
323
302
281
248
225
196
155
124
89
44
10
-32
-77
-106
-159
-197
-227
-281
-310
-346
-390
-417
-456
-491
-522
-555
-580
-611
-634
-654
-683
-692
-705
-717
-715
-719
-724
-719
-722
-717
-705
-705
-689
-670
-662
-636
-610
-589
-558
-535
-507
-470
-437
-404
-366
-329
-290
-252
-213
-175
-138
-103
-65
-27
14
58
102
148
192
239
284
334
378
421
463
501
543
586
627
666
701
731
757
784
803
822
837
848
862
872
876
879
876
865
851
834
813
789
762
729
694
652
608
566
519
471
426
373
322
273
216
165
110
54
10
-37
-82
-120
-163
-194
-230
-263
-284
-309
-323
-337
-348
-352
-360
-364
-365
-369
-366
-368
-369
-364
-362
-356
-348
-338
-323
-313
-299
-289
-285
-269
-267
-258
-245
-252
-235
-234
-240
-226
-239
-239
-234
-258
-260
-267
-293
-295
-320
-343
-342
-368
-369
-373
-391
-383
-397
-399
-403
-416
-422
-435
-442
-452
-460
-469
-479
-487
-499
-507
-516
-521
-524
-531
-528
-534
-537
-537
-535
-529
-521
-508
-493
-474
-452
-427
-395
-358
-320
-273
-221
-162
-91
-18
59
142
225
310
395
483
574
665
753
842
929
1016
1096
1172
1239
1297
1352
1396
1434
1460
1482
1491
1488
1484
1468
1441
1408
1365
1311
1256
1194
1119
1048
965
883
795
695
607
506
402
310
214
117
33
-55
-133
-204
-277
-338
-396
-446
-493
-542
-576
-606
-635
-644
-659
-668
-669
-675
-675
-672
-667
-664
-652
-650
-643
-629
-627
-613
-603
-606
-588
-582
-585
-567
-574
-567
-549
-559
-539
-536
-545
-530
-536
-537
-533
-534
-528
-533
-520
-521
-527
-511
-517
-516
-499
-512
-506
-492
-517
-501
-500
-512
-482
-500
-488
-466
-498
-469
-481
-499
-475
-506
-499
-499
-521
-503
-516
-523
-509
-525
-514
-493
-489
-454
-432
-404
-355
-315
-249
-176
-102
-8
90
202
319
447
576
705
844
980
1114
1266
1406
1551
1698
1811
1926
2027
2097
2162
2209
2230
2249
2244
2218
2187
2124
2047
1958
1841
1720
1584
1437
1283
1117
954
783
606
445
263
89
-82
-257
-414
-584
-724
-861
-1001
-1094
-1199
-1284
-1325
-1389
-1419
-1428
-1443
-1429
-1404
-1379
-1321
-1282
-1227
-1157
-1113
-1039
-971
-913
-834
-760
-713
-631
-564
-539
-435
-421
-385
-265
-327
-224
-150
-249
-78
-95
-170
38
-72
-74
115
-89
26
105
-91
106
35
-61
105
-23
-37
49
-82
-54
-62
-172
-160
-234
-291
-342
-428
-448
-554
-583
-636
-738
-753
-849
-921
-975
-1075
-1125
-1180
-1243
-1256
-1282
-1294
-1270
-1271
-1226
-1171
-1123
-1029
-939
-824
-683
-548
-395
-227
-66
116
306
485
682
878
1067
1267
1460
1627
1806
1969
2095
2237
2363
2457
2560
2626
2668
2720
2715
2710
2689
2631
2573
2484
2388
2266
2135
1994
1825
1664
1476
1276
1097
878
675
495
260
85
-118
-321
-465
-671
-826
-960
-1134
-1243
-1348
-1464
-1516
-1569
-1626
-1625
-1635
-1628
-1604
-1590
-1535
-1525
-1472
-1403
-1409
-1310
-1272
-1253
-1124
-1126
-1051
-933
-960
-833
-754
-805
-642
-595
-676
-463
-509
-576
-289
-498
-410
-184
-465
-164
-179
-310
-14
-155
-120
24
-55
-30
73
42
24
143
64
57
145
25
51
35
-41
-53
-132
-165
-272
-322
-392
-518
-543
-674
-751
-815
-934
-965
-1037
-1102
-1131
-1171
-1199
-1216
-1210
-1200
-1153
-1113
-1049
-949
-865
-719
-590
-453
-264
-103
85
295
486
705
896
1100
1308
1495
1703
1869
2051
2218
2357
2513
2625
2727
2798
2845
2879
2863
2854
2802
2739
2678
2557
2465
2331
2171
2037
1839
1660
1480
1255
1082
855
631
474
195
24
-177
-440
-554
-804
-957
-1076
-1271
-1349
-1470
-1571
-1627
-1696
-1744
-1778
-1763
-1792
-1752
-1696
-1699
-1599
-1536
-1512
-1387
-1322
-1280
-1148
-1106
-1016
-931
-855
-798
-744
-629
-696
-530
-498
-590
-292
-470
-394
-172
-487
-181
-205
-444
-24
-342
-287
25
-427
-57
-72
-362
56
-186
-197
42
-142
-76
34
-23
-35
67
-4
-67
-9
-106
-183
-159
-282
-362
-370
-541
-608
-680
-871
-906
-1023
-1165
-1175
-1282
-1333
-1346
-1419
-1394
-1412
-1377
-1299
-1258
-1104
-990
-852
-653
-488
-286
-82
138
376
591
847
1084
1298
1573
1772
1996
2220
2389
2580
2735
2875
2990
3079
3134
3159
3155
3111
3066
2964
2853
2754
2580
2448
2247
2072
1876
1628
1464
1194
969
782
510
304
113
-149
-315
-515
-719
-837
-1048
-1158
-1280
-1412
-1470
-1569
-1610
-1658
-1684
-1684
-1694
-1669
-1623
-1621
-1559
-1507
-1495
-1415
-1373
-1348
-1276
-1225
-1197
-1124
-1084
-1104
-974
-1031
-1005
-842
-990
-793
-762
-828
-606
-673
-581
-491
-477
-412
-305
-295
-226
-44
-212
79
15
-51
281
-24
182
224
72
236
128
121
86
66
-47
-64
-112
-271
-202
-388
-412
-458
-649
-629
-821
-910
-986
-1138
-1167
-1273
-1319
-1366
-1412
-1415
-1418
-1396
-1356
-1280
-1211
-1104
-952
-816
-632
-467
-294
-85
95
320
531
740
997
1201
1434
1648
1856
2069
2228
2439
2600
2750
2909
3023
3113
3183
3223
3197
3198
3160
3083
3007
2915
2782
2659
2515
2274
2126
1876
1590
1442
1139
889
739
449
196
53
-257
-497
-630
-924
-1083
-1221
-1446
-1540
-1670
-1830
-1904
-1967
-2092
-2088
-2076
-2201
-2054
-2034
-2132
-1889
-1907
-1926
-1673
-1664
-1642
-1387
-1335
-1347
-1031
-1102
-969
-851
-859
-666
-787
-503
-545
-563
-294
-445
-284
-331
-163
-285
-206
27
-333
109
-24
-89
265
-73
231
191
63
416
84
263
398
19
397
201
22
330
-123
46
-22
-321
-123
-402
-511
-455
-703
-821
-775
-1056
-1098
-1076
-1375
-1280
-1386
-1500
-1412
-1538
-1460
-1428
-1431
-1286
-1251
-1117
-957
-838
-645
-468
-248
-54
215
449
667
989
1170
1441
1714
1901
2175
2369
2578
2772
2931
3097
3159
3272
3309
3303
3315
3246
3224
3113
2982
2906
2696
2532
2375
2124
1922
1744
1448
1276
1061
770
621
354
93
-54
-348
-544
-709
-965
-1095
-1271
-1470
-1567
-1701
-1858
-1854
-1991
-2043
-1995
-2103
-2067
-2000
-2074
-1948
-1905
-1921
-1670
-1699
-1640
-1330
-1472
-1363
-1034
-1279
-1100
-749
-1106
-810
-571
-930
-464
-604
-603
-297
-684
-116
-398
-487
313
-601
-4
338
-513
460
104
-29
510
43
425
193
227
447
-41
310
243
-39
135
62
-159
-136
-140
-425
-387
-390
-607
-627
-709
-796
-935
-1091
-1106
-1281
-1327
-1351
-1466
-1445
-1466
-1505
-1573
-1522
-1499
-1517
-1370
-1301
-1080
-878
-770
-457
-293
-48
212
433
737
1016
1306
1550
1840
2121
2325
2538
2757
2938
3070
3269
3366
3412
3551
3506
3462
3497
3362
3290
3242
3027
2959
2824
2557
2434
2137
1920
1655
1325
1197
782
575
360
-36
-241
-537
-848
-1076
-1318
-1541
-1706
-1887
-2012
-2128
-2183
-2255
-2308
-2300
-2297
-2313
-2214
-2115
-2146
-1943
-1869
-1843
-1661
-1538
-1480
-1446
-1151
-1188
-1264
-832
-936
-1100
-592
-699
-1028
-366
-490
-916
-145
-313
-746
-38
-148
-551
30
77
-505
208
292
-448
566
267
-227
789
49
30
794
-27
174
705
-65
180
521
-294
108
73
-540
-102
-438
-596
-431
-841
-800
-900
-1290
-1328
-1443
-1688
-1706
-1769
-1950
-1821
-1833
-1979
-1813
-1763
-1737
-1560
-1472
-1236
-943
-733
-508
-241
100
298
581
873
1183
1495
1679
2039
2283
2535
2857
2958
3218
3460
3521
3648
3779
3809
3813
3805
3727
3688
3599
3435
3270
3056
2851
2570
2303
2047
1758
1458
1146
864
595
293
-7
-259
-555
-875
-1082
-1313
-1583
-1729
-1910
-2094
-2265
-2284
-2395
-2509
-2307
-2446
-2431
-2243
-2262
-2137
-2003
-1841
-1732
-1565
-1320
-1268
-1061
-880
-815
-658
-593
-342
-262
-242
-65
26
-118
-148
155
-265
-217
241
-345
-213
244
-325
-333
1
-370
-501
-155
-192
-504
-46
-10
-460
-14
-85
-333
-56
-84
-90
-15
-74
-118
-210
-387
-364
-602
-809
-613
-871
-1019
-966
-1149
-1391
-1629
-1800
-2018
-2097
-2073
-2313
-2345
-2217
-2391
-2391
-2351
-2263
-2077
-2033
-1799
-1468
-1171
-796
-594
-306
193
457
816
1334
1718
2172
2473
2713
3122
3423
3682
3930
4133
4379
4494
4557
4614
4587
4549
4331
4121
4034
3854
3661
3403
3026
2757
2373
1956
1654
1299
935
566
180
-148
-415
-779
-1113
-1412
-1745
-1903
-2124
-2313
-2368
-2509
-2655
-2776
-2754
-2707
-2706
-2595
-2474
-2380
-2218
-2008
-1826
-1567
-1384
-1275
-1034
-797
-599
-380
-198
-60
68
179
272
368
484
423
334
392
356
237
274
190
34
18
-157
-259
-144
-274
-356
-372
-524
-406
-433
-589
-354
-421
-577
-344
-484
-500
-167
-356
-476
-370
-536
-592
-541
-731
-968
-1023
-1132
-1279
-1439
-1528
-1598
-2043
-2425
-2606
-2745
-2639
-2809
-3089
-3003
-2896
-3051
-3139
-2911
-2557
-2376
-2305
-1909
-1235
-628
-364
-249
248
826
1178
1548
2163
2875
3229
3321
3589
4079
4491
4596
4660
4945
5309
5397
5278
5326
5429
5234
4778
4515
4521
4372
3960
3422
3021
2713
2190
1561
1202
898
421
-190
-708
-994
-1270
-1780
-2319
-2535
-2611
-2821
-3105
-3219
-3120
-3239
-3554
-3509
-3250
-3110
-3030
-2957
-2677
-2278
-2098
-1971
-1589
-1159
-909
-784
-490
38
280
333
587
854
1049
1154
1112
1126
1226
1100
816
784
836
623
350
165
64
-86
-312
-462
-494
-507
-666
-830
-760
-601
-771
-975
-792
-642
-652
-678
-625
-453
-535
-841
-941
-823
-919
-1179
-1421
-1502
-1441
-1638
-2087
-2131
-2024
-2627
-3193
-3259
-3162
-3098
-3472
-3775
-3464
-3184
-3582
-3867
-3290
-2599
-2510
-2598
-2052
-934
-243
-389
-253
802
1699
1804
2033
2967
3969
4161
3786
4159
5180
5572
5250
5233
5837
6188
5756
5269
5468
5808
5366
4608
4489
4725
4401
3450
2808
2796
2584
1788
1085
948
827
74
-859
-1200
-1173
-1545
-2313
-2742
-2636
-2718
-3279
-3678
-3550
-3290
-3418
-3633
-3392
-2929
-2845
-3081
-2921
-2356
-1921
-1763
-1526
-941
-453
-458
-468
-64
444
654
722
1010
1365
1495
1359
1283
1361
1282
1073
1002
1102
1064
723
363
207
129
-158
-489
-596
-630
-811
-1083
-1098
-978
-1082
-1309
-1447
-1421
-1283
-1255
-1200
-1009
-1121
-1391
-1374
-1252
-1416
-1765
-1891
-1819
-1863
-2251
-2423
-2114
-2397
-3469
-4210
-4005
-3582
-3852
-4469
-4372
-3705
-3886
-4673
-4399
-3226
-2637
-2995
-2999
-1621
-192
-132
-356
598
2017
2508
2445
3178
4613
5263
4759
4677
5825
6878
6767
6308
6673
7333
7034
6137
5978
6499
6389
5340
4584
4760
4766
3741
2552
2184
2180
1521
420
-49
10
-555
-1771
-2445
-2268
-2195
-2829
-3521
-3535
-3331
-3654
-4124
-3898
-3290
-3222
-3559
-3448
-2783
-2364
-2475
-2392
-1804
-1204
-1027
-987
-500
119
267
173
432
1035
1377
1252
1161
1377
1495
1234
1016
1136
1172
832
358
96
33
-266
-771
-983
-883
-934
-1230
-1473
-1481
-1487
-1679
-1735
-1462
-1133
-1030
-1015
-871
-648
-555
-506
-287
-170
-363
-534
-449
-512
-1049
-1510
-1604
-1651
-1994
-2471
-2448
-2620
-3861
-5173
-5215
-4377
-4316
-5244
-5545
-4801
-4557
-5399
-5523
-3979
-2575
-2796
-3198
-1909
30
462
-165
469
2506
3690
3574
3964
5441
6376
5756
5240
6391
7968
8046
7171
7169
7916
7712
6501
5987
6573
6737
5535
4278
4226
4351
3270
1718
1208
1506
1136
-154
-1043
-1114
-1532
-2774
-3612
-3278
-2747
-3208
-4142
-4328
-4029
-4134
-4513
-4282
-3427
-3004
-3314
-3400
-2718
-2091
-2073
-2034
-1337
-350
18
-120
76
622
885
863
1109
1756
2220
2019
1669
1679
1777
1606
1272
1163
1160
821
174
-309
-435
-525
-879
-1213
-1279
-1311
-1548
-1872
-1922
-1748
-1671
-1652
-1437
-1009
-786
-872
-956
-748
-355
-172
-163
-191
-148
-95
-269
-755
-1143
-1158
-1221
-1601
-2033
-2068
-2136
-3233
-4831
-5438
-4843
-4456
-5202
-5985
-5649
-5096
-5626
-6392
-5767
-4138
-3476
-3971
-3502
-1513
-82
-351
-562
1009
3056
3574
3321
4210
5834
6221
5394
5618
7421
8625
8003
7173
7637
8301
7733
6701
6797
7544
7116
5602
4756
4924
4629
3158
1805
1720
1883
929
-546
-1221
-1295
-2027
-3349
-3848
-3303
-3128
-4080
-5085
-5016
-4454
-4458
-4705
-4308
-3468
-3168
-3469
-3343
-2418
-1543
-1329
-1251
-661
166
553
621
931
1491
1833
1796
1826
2177
2446
2184
1748
1679
1815
1604
1048
574
284
-88
-637
-1032
-1044
-1111
-1555
-2045
-2244
-2206
-2188
-2256
-2201
-1905
-1645
-1607
-1481
-1068
-695
-547
-491
-231
366
687
397
117
274
486
284
-256
-541
-462
-805
-1722
-2081
-1608
-1836
-3624
-5526
-5715
-4642
-4575
-5976
-6637
-5823
-5532
-6627
-7230
-5841
-4034
-4047
-4836
-3714
-1153
-112
-885
-680
1569
3582
3702
3513
4921
6667
6539
5630
6438
8512
9249
8083
7307
8098
8705
7715
6563
6871
7533
6645
4797
3966
4213
3790
2154
896
904
893
-249
-1657
-2186
-2282
-3007
-4001
-4133
-3579
-3577
-4416
-5002
-4576
-3925
-3889
-3946
-3342
-2457
-2222
-2549
-2301
-1248
-479
-487
-557
17
844
1132
1079
1359
1867
2054
1916
1918
2261
2417
2024
1624
1678
1833
1549
813
218
2
-288
-851
-1322
-1464
-1640
-2127
-2611
-2726
-2491
-2357
-2499
-2531
-2245
-1974
-1856
-1715
-1380
-927
-576
-323
75
508
470
79
-30
368
599
148
-506
-797
-950
-1463
-1881
-1695
-2044
-3863
-5718
-5855
-4764
-4688
-6170
-6920
-6006
-5619
-6716
-7180
-5469
-3575
-3887
-4769
-3382
-673
225
-716
-305
2230
4061
3883
3774
5358
6936
6575
5831
6988
9063
9461
8145
7498
8306
8735
7734
6817
7149
7356
6072
4322
3823
4040
3174
1355
364
523
184
-1370
-2762
-3090
-3230
-4018
-4777
-4632
-4239
-4592
-5320
-5391
-4754
-4248
-4002
-3558
-2924
-2484
-2370
-2068
-1208
-266
266
457
652
1059
1550
1917
2159
2405
2627
2652
2526
2375
2323
2253
2025
1744
1518
1233
668
-88
-720
-1021
-1142
-1447
-1893
-2137
-2303
-2582
-2822
-2813
-2489
-2087
-1967
-2037
-1908
-1507
-1013
-659
-341
255
870
951
514
269
619
1032
1116
1042
717
67
-772
-1433
-1604
-1715
-1903
-1837
-2428
-4455
-6518
-6740
-5490
-5257
-6809
-7592
-6415
-5720
-7063
-8053
-6288
-3764
-3614
-4630
-3355
-324
760
-471
-345
2484
4908
4883
4431
5775
7435
7090
6114
7168
9488
10103
8563
7489
8179
8707
7679
6522
6729
7245
6219
4242
3277
3282
2609
954
-185
-201
-509
-2049
-3637
-4140
-4201
-4692
-5258
-5175
-4791
-5058
-5664
-5572
-4807
-4109
-3681
-3156
-2406
-1878
-1762
-1465
-504
659
1294
1415
1559
1986
2479
2705
2841
3145
3393
3437
3227
2862
2612
2427
2124
1682
1240
911
419
-515
-1515
-2062
-2123
-2249
-2699
-3142
-3337
-3454
-3611
-3591
-3134
-2575
-2381
-2416
-2218
-1480
-717
-341
53
565
1148
1516
1276
969
943
1065
1435
1468
960
427
-287
-1084
-1646
-1777
-1209
-1338
-3485
-6010
-6636
-5499
-5033
-6547
-7736
-6883
-6045
-7154
-8412
-7092
-4468
-4118
-5510
-4806
-1588
346
-695
-1236
1326
4331
4818
4176
5249
7387
7723
6541
6890
9106
10378
9297
7927
8156
8770
8109
6965
6884
7327
6441
4357
2946
2715
2369
1085
-276
-829
-1201
-2285
-3732
-4581
-4891
-5229
-5500
-5368
-5036
-5028
-5294
-5206
-4599
-3938
-3225
-2333
-1566
-1197
-1073
-591
436
1463
2131
2492
2627
2657
2765
3076
3439
3524
3338
3188
3142
2925
2395
1842
1516
1168
567
-18
-477
-1101
-1957
-2697
-2965
-2899
-3002
-3369
-3645
-3656
-3567
-3400
-3053
-2554
-2070
-1835
-1680
-1125
-266
305
532
861
1417
1745
1511
1180
1269
1479
1356
1070
874
445
-445
-1366
-1882
-1877
-1618
-2030
-3791
-6168
-7440
-6828
-5940
-6611
-7773
-7558
-6797
-7300
-8390
-7708
-5218
-3759
-4277
-4104
-1752
459
522
149
1765
4488
5768
5542
5999
7545
8224
7549
7536
9110
10549
10188
8843
8310
8518
8060
6976
6522
6606
5873
4029
2296
1608
1224
75
-1323
-2030
-2403
-3344
-4700
-5537
-5693
-5864
-6185
-6030
-5427
-5165
-5378
-5324
-4678
-3804
-2945
-1930
-818
-104
61
378
1336
2443
3053
3237
3454
3772
3914
3776
3839
4192
4262
3821
3164
2667
2286
1687
901
269
-167
-693
-1485
-2276
-2891
-3367
-3683
-3910
-3972
-3962
-3996
-3938
-3818
-3607
-3176
-2598
-2029
-1569
-1059
-310
500
1222
1719
2047
2371
2451
2352
2337
2275
2310
2253
1737
1112
440
-445
-1270
-1908
-1948
-1822
-3149
-5848
-7816
-7753
-6802
-7157
-8573
-8728
-7706
-7753
-9029
-9098
-6815
-4644
-4664
-4953
-3013
-107
897
429
1408
4113
5984
6077
6357
7999
9233
8665
7965
9023
10820
11015
9584
8541
8482
8120
6959
6089
6117
5831
4176
2081
898
433
-381
-1707
-2727
-3248
-3950
-5044
-5949
-6353
-6472
-6520
-6389
-5864
-5146
-4625
-4320
-4085
-3566
-2412
-951
259
1046
1576
2086
2547
3047
3896
4879
5298
5015
4722
4778
4755
4352
3835
3654
3466
2573
1380
628
160
-551
-1613
-2478
-2777
-3136
-4058
-4955
-5246
-5150
-5143
-5294
-5113
-4498
-4051
-3838
-3365
-2430
-1577
-1163
-640
246
1217
1910
2268
2903
3612
3569
3093
2723
2634
2726
2525
2009
1407
662
-265
-1323
-2144
-2204
-1802
-2369
-4813
-7551
-8440
-7794
-7510
-8513
-9202
-8380
-7825
-8747
-9358
-7932
-5499
-4487
-4671
-3452
-568
1335
1271
1463
3545
5973
6890
7157
8450
10088
10031
8806
8869
10425
11316
10485
9200
8647
8144
6781
5364
4947
4907
3829
1755
-11
-878
-1614
-2829
-4048
-4654
-5037
-5732
-6574
-7106
-7215
-7206
-7085
-6536
-5582
-4558
-3817
-3428
-2983
-2001
-475
1133
2338
3171
3821
4166
4290
4626
5502
6440
6545
5837
5163
4783
4372
3623
2977
2667
2144
1013
-366
-1218
-1676
-2421
-3501
-4145
-4202
-4478
-5224
-5789
-5622
-5195
-5133
-5030
-4328
-3380
-2859
-2631
-2002
-886
140
839
1530
2464
3248
3472
3535
3816
4248
4409
3841
2893
2464
2525
2310
1433
169
-826
-1539
-2423
-2995
-2895
-3548
-6002
-8663
-9440
-8527
-8215
-9497
-10160
-9074
-8520
-9484
-9662
-7459
-4724
-4058
-4462
-2884
353
2181
2165
2865
5196
7196
7664
8056
9751
11370
10945
9568
9714
11139
11660
10530
9129
8479
7714
6004
4351
3851
3666
2292
-11
-1847
-2721
-3416
-4672
-5855
-6243
-6430
-7029
-7658
-7679
-7203
-6879
-6726
-6023
-4603
-3157
-2228
-1537
-643
464
1669
2911
4194
5325
5935
6020
5953
6129
6547
6784
6457
5679
4889
4196
3299
2206
1269
569
-189
-1280
-2474
-3321
-3964
-4720
-5434
-5926
-6098
-6137
-6147
-6059
-5859
-5503
-4877
-4013
-3118
-2336
-1618
-871
-128
647
1489
2403
3242
3822
4268
4644
4770
4686
4512
4307
3989
3211
2322
1856
1465
703
-418
-1562
-2480
-3235
-3687
-3770
-4580
-6894
-9300
-10008
-9263
-8978
-9842
-10104
-9024
-8427
-9030
-8859
-6598
-3992
-3226
-3208
-1474
1593
3456
3587
4260
6414
8222
8558
8743
10153
11671
11314
9775
9386
10344
10695
9537
8118
7378
6503
4662
2794
2201
2154
969
-1306
-3168
-3844
-4292
-5403
-6609
-7079
-6965
-7007
-7332
-7246
-6577
-5936
-5501
-4876
-3650
-1953
-486
449
1180
2090
3230
4361
5349
6213
6851
7009
6713
6332
6271
6248
5805
4974
4000
3056
2015
872
-117
-861
-1729
-2905
-4031
-4740
-5212
-5806
-6400
-6654
-6599
-6440
-6292
-5978
-5383
-4764
-4170
-3407
-2326
-1055
-19
685
1283
1901
2590
3410
4272
4887
4963
4769
4718
4710
4447
3887
3110
2180
1394
1047
798
24
-1308
-2658
-3536
-4172
-4703
-4625
-4475
-5774
-8479
-10547
-10301
-8891
-8702
-9355
-8841
-7408
-7000
-7617
-6907
-4123
-1748
-1326
-965
1335
4268
5371
5166
5990
7990
9304
9411
9878
11266
11812
10444
8789
8712
9593
9496
8120
6688
5670
4351
2477
1030
574
101
-1326
-3183
-4430
-4972
-5627
-6550
-7116
-7166
-7096
-7060
-6651
-5825
-5140
-4729
-4166
-3135
-1773
-349
1044
2267
3085
3598
4227
5127
6035
6611
6852
6807
6345
5604
4918
4398
3861
3078
2104
1175
239
-751
-1680
-2489
-3300
-4104
-4751
-5170
-5409
-5667
-5947
-6018
-5801
-5391
-4828
-4167
-3529
-2884
-2184
-1392
-470
483
1339
2011
2509
2943
3504
4057
4444
4653
4765
4793
4605
4091
3261
2413
1780
1278
714
82
-507
-1197
-2381
-3888
-4871
-4843
-4398
-4626
-6055
-8157
-9722
-10052
-9626
-9394
-9329
-8613
-7368
-6864
-7287
-6900
-4744
-2420
-1576
-1075
1058
4071
5519
5280
5626
7378
8824
8989
9251
10623
11614
10604
8736
8153
8760
8781
7686
6550
5792
4518
2453
780
226
-132
-1296
-2887
-3965
-4526
-5219
-6062
-6530
-6609
-6692
-6666
-6116
-5169
-4419
-4048
-3599
-2752
-1721
-601
787
2256
3257
3653
3983
4713
5555
5953
5942
5889
5808
5473
4907
4351
3873
3232
2232
1109
223
-362
-830
-1467
-2399
-3442
-4243
-4635
-4806
-5045
-5343
-5404
-5256
-5123
-4949
-4453
-3667
-3049
-2694
-2201
-1278
-261
423
905
1495
2120
2576
3002
3563
4094
4269
4125
3991
3919
3490
2562
1676
1316
1274
911
63
-824
-1539
-2451
-3623
-4447
-4425
-3982
-4156
-5425
-7221
-8689
-9321
-9165
-8735
-8375
-7876
-7009
-6064
-5611
-5548
-4935
-3386
-1717
-541
677
2625
4682
5674
5746
6083
7157
8296
9042
9645
10189
10198
9520
8789
8502
8290
7638
6742
5988
5209
4046
2729
1793
1146
194
-1090
-2122
-2572
-2884
-3550
-4355
-4844
-4986
-5087
-5145
-4878
-4382
-4082
-4038
-3823
-3156
-2352
-1676
-983
-138
652
1104
1405
1953
2667
3066
3033
2938
3040
3133
2893
2418
2063
1846
1512
1007
543
257
-48
-595
-1256
-1778
-2090
-2340
-2617
-2859
-3029
-3150
-3262
-3251
-3030
-2707
-2467
-2345
-2112
-1680
-1192
-712
-212
394
969
1293
1525
1787
2031
2198
2269
2424
2703
2798
2607
2200
1730
1326
931
512
20
-573
-1241
-1900
-2422
-2798
-3054
-3192
-3222
-3184
-3356
-3893
-4601
-5127
-5198
-4949
-4627
-4315
-3960
-3515
-3078
-2742
-2470
-2121
-1609
-1004
-396
268
1021
1787
2420
2863
3219
3454
3507
3522
3725
4149
4492
4566
4514
4502
4455
4259
4012
3843
3604
3078
2432
2061
2029
1990
1738
1379
1102
859
614
458
450
497
472
403
452
681
949
1042
876
592
330
209
262
448
693
841
727
312
-173
-490
-630
-749
-987
-1298
-1676
-2182
-2715
-3049
-3108
-3112
-3265
-3460
-3473
-3334
-3225
-3171
-3044
-2807
-2564
-2329
-1944
-1345
-748
-365
-142
115
539
1056
1542
1992
2376
2607
2643
2557
2521
2608
2697
2647
2463
2236
2000
1720
1383
1081
879
695
477
248
21
-265
-670
-1088
-1366
-1509
-1587
-1601
-1541
-1499
-1578
-1720
-1770
-1722
-1685
-1673
-1585
-1372
-1136
-923
-691
-454
-443
-798
-1302
-1639
-1731
-1762
-1818
-1780
-1616
-1534
-1731
-2061
-2263
-2366
-2570
-2816
-2766
-2310
-1760
-1409
-1197
-927
-647
-572
-558
-232
474
1218
1733
2185
2847
3590
4084
4344
4577
4779
4742
4473
4321
4544
4940
5122
4971
4630
4236
3775
3265
2901
2759
2633
2302
1793
1316
969
594
58
-541
-1060
-1494
-1928
-2310
-2500
-2493
-2488
-2646
-2857
-2925
-2875
-2858
-2888
-2834
-2617
-2305
-1991
-1680
-1315
-923
-591
-322
-33
332
727
1037
1226
1380
1568
1748
1847
1843
1784
1698
1539
1322
1153
1082
976
675
240
-146
-438
-726
-995
-1182
-1366
-1681
-2041
-2186
-2062
-1909
-1923
-2010
-1952
-1713
-1439
-1211
-1004
-784
-586
-461
-306
-19
300
459
363
155
-11
-117
-140
-23
211
387
217
-453
-1496
-2579
-3341
-3713
-3871
-3942
-3938
-3840
-3741
-3752
-3814
-3812
-3726
-3556
-3255
-2659
-1753
-754
97
804
1461
2054
2555
3035
3622
4264
4831
5291
5757
6244
6571
6656
6584
6398
5981
5291
4583
4123
3844
3472
2964
2476
1974
1273
352
-500
-1091
-1529
-1927
-2190
-2197
-2105
-2173
-2385
-2526
-2482
-2385
-2324
-2109
-1618
-996
-502
-186
168
618
1001
1246
1457
1755
2015
2050
1918
1806
1757
1641
1439
1300
1309
1303
1073
677
288
-48
-389
-758
-1043
-1243
-1520
-1903
-2237
-2365
-2346
-2335
-2335
-2297
-2251
-2280
-2301
-2153
-1816
-1487
-1296
-1111
-816
-490
-268
-105
112
370
555
666
874
1193
1366
1216
925
791
838
822
587
194
-369
-1170
-2056
-2684
-2878
-2826
-2742
-2625
-2618
-3204
-4593
-6165
-7032
-7063
-6852
-6644
-6006
-4830
-3753
-3260
-2934
-2198
-1283
-697
-162
1009
2700
4100
4944
5822
6975
7755
7714
7391
7433
7616
7364
6852
6703
6882
6734
6008
5138
4386
3395
1937
481
-449
-1010
-1655
-2361
-2731
-2782
-2988
-3469
-3828
-3783
-3604
-3535
-3365
-2799
-1948
-1171
-483
296
1120
1696
2022
2431
3003
3463
3662
3833
4187
4501
4476
4196
3897
3507
2753
1645
544
-338
-1121
-1824
-2247
-2343
-2400
-2688
-3117
-3470
-3801
-4193
-4495
-4451
-4052
-3574
-3196
-2842
-2385
-1873
-1429
-1056
-672
-275
83
451
939
1505
1941
2136
2180
2175
2093
1883
1581
1278
993
723
522
435
406
313
57
-350
-849
-1360
-1818
-2248
-2773
-3485
-4242
-4735
-4813
-4592
-4214
-3668
-3144
-3183
-4236
-5892
-7093
-7322
-6979
-6544
-5789
-4373
-2694
-1506
-866
-203
680
1383
1787
2408
3561
4841
5839
6774
7876
8711
8735
8166
7616
7112
6252
5147
4451
4358
4292
3802
3138
2574
1789
428
-1150
-2271
-2858
-3318
-3693
-3602
-3009
-2406
-2079
-1753
-1206
-711
-525
-375
138
905
1558
2105
2847
3765
4497
4875
5081
5180
4932
4252
3493
2986
2635
2200
1729
1366
955
177
-972
-2199
-3309
-4314
-5154
-5650
-5723
-5503
-5065
-4506
-3959
-3572
-3443
-3344
-3088
-2700
-2267
-1749
-1070
-316
338
849
1300
1691
1905
1878
1712
1533
1377
1262
1268
1412
1547
1503
1276
953
549
69
-368
-617
-711
-803
-965
-1166
-1399
-1694
-2005
-2231
-2409
-2707
-3238
-3907
-4503
-4883
-4949
-4598
-3819
-2891
-2413
-2886
-4133
-5359
-5910
-5911
-5781
-5450
-4464
-2865
-1351
-317
614
1796
2877
3389
3564
3970
4643
5264
5880
6758
7676
8101
8020
7847
7532
6593
5073
3714
2907
2253
1455
881
815
766
173
-760
-1501
-2060
-2774
-3491
-3721
-3423
-3009
-2567
-1751
-535
583
1311
1957
2749
3348
3461
3440
3777
4355
4747
4964
5338
5772
5752
5067
4047
2968
1758
401
-824
-1686
-2272
-2758
-3183
-3614
-4235
-5074
-5871
-6391
-6683
-6827
-6667
-6019
-5008
-3906
-2772
-1530
-293
677
1311
1751
2061
2166
2100
2070
2186
2355
2479
2572
2574
2307
1733
1067
495
-48
-650
-1170
-1443
-1567
-1763
-2019
-2137
-2111
-2118
-2207
-2208
-1992
-1690
-1470
-1334
-1248
-1314
-1599
-1889
-1949
-1944
-2245
-2806
-3145
-3060
-2794
-2437
-1697
-695
-351
-1318
-2968
-4153
-4704
-5276
-5884
-5690
-4422
-2936
-1858
-723
970
2681
3613
3921
4235
4553
4526
4434
4917
5902
6719
7189
7660
8041
7716
6578
5243
4074
2775
1228
-62
-679
-891
-1081
-1170
-990
-814
-982
-1415
-1829
-2187
-2533
-2617
-2157
-1244
-186
981
2372
3776
4704
4976
4895
4749
4488
4017
3521
3225
3060
2830
2520
2212
1843
1211
258
-882
-2088
-3309
-4442
-5297
-5811
-6086
-6210
-6120
-5761
-5216
-4649
-4128
-3619
-3095
-2541
-1909
-1083
5
1251
2433
3364
3984
4289
4282
3981
3428
2710
1939
1214
579
22
-453
-800
-1036
-1245
-1493
-1795
-2159
-2597
-3024
-3287
-3298
-3109
-2797
-2378
-1855
-1262
-640
-56
389
602
593
482
342
155
-63
-225
-360
-673
-1256
-1878
-2259
-2412
-2435
-2199
-1697
-1458
-2045
-3206
-4211
-4890
-5707
-6572
-6772
-6085
-5050
-4072
-2737
-727
1433
3049
4125
4962
5475
5474
5265
5309
5593
5860
6168
6735
7354
7550
7230
6647
5830
4539
2813
1089
-251
-1158
-1708
-1878
-1650
-1190
-731
-385
-154
-88
-241
-527
-721
-652
-335
169
930
1981
3102
3989
4562
4906
4993
4662
3891
2886
1909
1068
362
-160
-471
-675
-934
-1332
-1860
-2476
-3154
-3894
-4663
-5304
-5646
-5660
-5375
-4794
-3959
-3045
-2220
-1537
-917
-314
220
616
1011
1445
1816
2070
2208
2348
2404
2235
1808
1216
535
-194
-924
-1584
-2128
-2525
-2744
-2770
-2651
-2457
-2200
-1869
-1508
-1207
-998
-822
-610
-333
-8
381
859
1422
1935
2159
1978
1561
1172
794
228
-560
-1368
-2079
-2772
-3407
-3782
-3820
-3617
-3180
-2590
-2332
-2887
-3971
-4817
-5277
-5856
-6576
-6719
-5929
-4728
-3566
-2117
-25
2326
4301
5727
6693
7126
7011
6681
6447
6260
6058
6068
6466
6969
7129
6881
6450
5842
4805
3268
1565
54
-1210
-2259
-2990
-3198
-2858
-2165
-1351
-583
-12
266
322
304
241
122
90
335
874
1548
2255
3013
3787
4404
4700
4620
4218
3537
2590
1450
286
-733
-1542
-2167
-2636
-2947
-3113
-3198
-3285
-3462
-3773
-4182
-4591
-4887
-5013
-4966
-4720
-4226
-3491
-2593
-1590
-513
547
1461
2137
2541
2647
2481
2151
1769
1374
972
607
320
81
-166
-419
-642
-842
-1075
-1351
-1610
-1780
-1825
-1720
-1434
-993
-478
27
444
717
813
792
780
846
905
829
608
343
102
-137
-432
-804
-1252
-1786
-2439
-3172
-3834
-4273
-4441
-4312
-3801
-3018
-2414
-2382
-2732
-2985
-3116
-3505
-4149
-4513
-4280
-3669
-2879
-1726
-49
1898
3739
5282
6438
7100
7293
7217
6988
6528
5849
5225
4884
4727
4543
4333
4226
4134
3762
2953
1860
757
-253
-1188
-1997
-2560
-2838
-2829
-2514
-1910
-1131
-289
547
1275
1769
2000
2091
2167
2276
2391
2495
2631
2851
3108
3293
3362
3346
3209
2816
2086
1073
-73
-1227
-2325
-3305
-4102
-4662
-4971
-5036
-4936
-4775
-4566
-4266
-3927
-3697
-3616
-3558
-3381
-3084
-2675
-2095
-1304
-384
503
1326
2107
2790
3226
3338
3195
2862
2348
1684
961
280
-293
-725
-1009
-1182
-1264
-1271
-1220
-1151
-1127
-1163
-1224
-1250
-1216
-1141
-1043
-894
-673
-378
-25
376
751
976
1017
916
717
391
-57
-525
-937
-1330
-1787
-2307
-2745
-2932
-2845
-2615
-2334
-1904
-1287
-784
-781
-1308
-2003
-2585
-3218
-4053
-4856
-5181
-4889
-4138
-3045
-1608
139
1979
3645
4951
5816
6277
6435
6349
6016
5489
4989
4760
4849
5094
5304
5424
5407
5158
4588
3728
2735
1702
636
-436
-1407
-2159
-2610
-2676
-2356
-1813
-1235
-646
-22
545
944
1198
1382
1485
1478
1407
1392
1504
1740
2046
2343
2553
2626
2557
2314
1822
1052
106
-899
-1942
-2986
-3897
-4521
-4838
-4943
-4926
-4817
-4600
-4267
-3856
-3460
-3141
-2919
-2722
-2548
-2371
-2091
-1664
-1021
-206
679
1544
2342
3053
3609
3856
3671
3086
2249
1289
286
-640
-1360
-1811
-2040
-2125
-2101
-1942
-1647
-1328
-1081
-928
-832
-757
-662
-503
-285
-59
139
321
531
778
1029
1266
1472
1570
1482
1221
882
526
116
-441
-1179
-2005
-2755
-3278
-3493
-3403
-3057
-2509
-1838
-1276
-1129
-1443
-1924
-2361
-2910
-3721
-4523
-4898
-4739
-4180
-3253
-1883
-175
1588
3211
4647
5824
6626
7049
7185
7055
6665
6126
5648
5361
5188
5052
4915
4751
4512
4145
3613
2893
1972
898
-211
-1254
-2201
-2983
-3469
-3573
-3356
-2936
-2381
-1712
-954
-158
580
1156
1517
1684
1721
1685
1608
1524
1497
1590
1800
2038
2191
2205
2077
1784
1237
401
-653
-1797
-2919
-3953
-4842
-5526
-5919
-5962
-5706
-5244
-4658
-3999
-3340
-2740
-2229
-1805
-1438
-1086
-710
-290
191
753
1374
1994
2557
3015
3321
3406
3220
2780
2136
1342
473
-374
-1102
-1655
-2001
-2155
-2148
-1998
-1735
-1403
-1082
-815
-614
-492
-442
-414
-354
-260
-124
84
367
666
902
1043
1107
1116
1034
765
320
-175
-636
-1095
-1578
-2034
-2379
-2572
-2620
-2520
-2260
-1859
-1360
-844
-449
-335
-564
-1021
-1578
-2217
-2934
-3606
-4048
-4163
-3945
-3379
-2421
-1102
443
2044
3566
4883
5888
6532
6858
6923
6752
6392
5957
5585
5319
5106
4934
4828
4743
4579
4252
3757
3094
2231
1182
40
-1072
-2051
-2808
-3248
-3350
-3164
-2768
-2225
-1552
-839
-227
187
413
492
440
273
50
-142
-239
-204
-32
249
592
927
1187
1304
1221
923
463
-103
-758
-1465
-2188
-2879
-3480
-3929
-4178
-4236
-4154
-3975
-3710
-3407
-3109
-2801
-2445
-2032
-1602
-1209
-831
-425
4
441
888
1313
1642
1830
1842
1688
1390
1007
587
170
-236
-618
-931
-1138
-1225
-1208
-1077
-852
-629
-494
-436
-391
-330
-268
-220
-157
-50
113
328
609
925
1223
1432
1541
1566
1473
1276
996
648
213
-303
-882
-1451
-1886
-2125
-2197
-2118
-1857
-1436
-930
-415
98
619
1048
1229
1078
611
-82
-898
-1750
-2547
-3199
-3607
-3695
-3435
-2846
-1965
-832
467
1807
3058
4136
5011
5674
6109
6273
6173
5882
5487
5068
4688
4365
4081
3812
3540
3265
2952
2554
2064
1480
790
1
-836
-1642
-2349
-2912
-3276
-3426
-3393
-3184
-2821
-2324
-1730
-1095
-481
42
427
708
892
935
827
631
418
185
-89
-371
-610
-816
-1047
-1327
-1646
-1979
-2305
-2604
-2863
-3087
-3256
-3331
-3291
-3129
-2853
-2469
-2012
-1518
-1033
-583
-154
240
584
844
1012
1087
1074
1008
925
847
776
689
563
388
175
-59
-284
-478
-640
-771
-850
-847
-764
-604
-372
-71
258
556
800
993
1164
1309
1394
1413
1376
1271
1102
881
644
396
133
-129
-399
-651
-871
-1054
-1183
-1262
-1287
-1301
-1326
-1351
-1345
-1271
-1126
-893
-566
-128
380
896
1391
1808
2049
2013
1678
1079
273
-668
-1654
-2547
-3235
-3630
-3684
-3378
-2719
-1764
-621
604
1792
2819
3579
4022
4164
4022
3646
3115
2536
2008
1569
1243
1046
1014
1136
1347
1584
1793
1949
1993
1886
1661
1393
1132
860
594
386
268
246
308
445
605
735
799
775
659
459
178
-160
-529
-900
-1257
-1553
-1745
-1831
-1840
-1804
-1731
-1630
-1510
-1405
-1333
-1299
-1301
-1333
-1387
-1449
-1523
-1577
-1586
-1557
-1484
-1372
-1207
-1017
-838
-687
-568
-487
-447
-451
-494
-555
-601
-617
-592
-536
-461
-379
-300
-229
-188
-175
-189
-219
-232
-227
-190
-108
33
233
447
651
839
1002
1113
1154
1138
1071
948
774
574
385
224
80
-39
-115
-173
-227
-279
-322
-359
-402
-444
-479
-504
-510
-480
-390
-239
-54
171
420
646
779
777
646
370
-63
-622
-1237
-1821
-2318
-2672
-2835
-2774
-2482
-1975
-1286
-450
453
1331
2115
2751
3200
3436
3458
3293
2958
2496
1954
1393
887
489
232
141
213
423
737
1121
1519
1858
2104
2243
2237
2086
1844
1566
1281
1020
807
646
537
481
455
415
360
294
210
97
-54
-211
-372
-517
-644
-765
-872
-982
-1072
-1130
-1148
-1133
-1096
-1042
-976
-920
-900
-918
-972
-1052
-1177
-1349
-1535
-1705
-1849
-1964
-2019
-1995
-1897
-1745
-1547
-1318
-1059
-789
-527
-288
-100
18
72
67
6
-90
-194
-285
-353
-395
-387
-295
-142
55
262
456
618
720
752
711
625
501
347
181
32
-101
-216
-298
-367
-415
-449
-471
-478
-473
-446
-403
-333
-230
-104
34
167
291
402
501
578
638
687
701
661
539
343
86
-220
-565
-932
-1287
-1601
-1834
-1929
-1891
-1703
-1388
-955
-432
105
619
1069
1461
1750
1914
1963
1897
1741
1510
1233
952
700
515
410
375
427
552
751
1017
1331
1660
1958
2207
2381
2465
2479
2425
2318
2162
1974
1764
1547
1356
1189
1054
931
799
648
488
319
151
-10
-160
-315
-472
-641
-810
-950
-1058
-1138
-1209
-1261
-1289
-1301
-1305
-1298
-1293
-1302
-1329
-1385
-1471
-1573
-1669
-1760
-1832
-1862
-1850
-1789
-1680
-1530
-1353
-1175
-1005
-886
-822
-808
-841
-911
-1007
-1099
-1185
-1238
-1234
-1167
-1026
-817
-558
-259
43
318
548
722
836
866
814
685
502
300
96
-73
-196
-252
-226
-131
36
242
461
661
809
891
878
790
643
451
245
57
-83
-164
-179
-131
-48
55
165
246
276
247
152
-5
-207
-426
-630
-803
-920
-968
-934
-804
-598
-318
-2
319
610
836
1015
1117
1143
1102
1002
869
731
628
576
588
672
809
981
1177
1385
1585
1757
1893
1983
2024
2024
1989
1910
1795
1665
1523
1380
1239
1113
1002
914
835
764
699
641
576
482
358
193
4
-186
-376
-561
-731
-885
-1008
-1092
-1144
-1165
-1164
-1161
-1172
-1204
-1246
-1295
-1348
-1407
-1464
-1526
-1591
-1628
-1637
-1605
-1534
-1431
-1324
-1217
-1115
-1024
-955
-926
-936
-983
-1053
-1130
-1206
-1251
-1256
-1217
-1128
-971
-756
-521
-268
-15
205
384
503
567
564
492
359
180
-6
-182
-312
-386
-401
-344
-225
-49
148
340
502
606
654
640
574
475
362
247
146
68
24
15
24
53
86
119
143
162
178
184
182
164
143
114
85
65
56
69
98
139
191
242
290
323
344
346
322
298
266
235
227
259
339
467
633
819
1014
1205
1380
1534
1658
1735
1767
1758
1709
1634
1543
1470
1398
1320
1247
1172
1105
1046
992
931
866
796
717
636
553
453
346
225
91
-52
-194
-318
-436
-553
-666
-772
-858
-925
-979
-1030
-1084
-1142
-1192
-1232
-1254
-1263
-1259
-1254
-1257
-1260
-1266
-1261
-1259
-1265
-1277
-1297
-1315
-1318
-1308
-1288
-1263
-1238
-1215
-1189
-1159
-1120
-1072
-1027
-981
-928
-869
-794
-696
-588
-467
-358
-266
-184
-118
-73
-46
-31
-25
-14
2
35
72
136
211
293
385
486
571
641
690
718
723
709
691
662
614
558
504
445
408
381
356
334
315
297
276
268
261
260
261
255
244
237
225
219
219
223
228
234
235
224
214
190
166
136
93
61
38
30
58
110
182
279
396
533
667
814
954
1081
1196
1281
1330
1352
1345
1314
1249
1177
1099
1011
929
859
803
757
718
685
651
612
566
508
445
376
308
238
174
102
34
-30
-96
-168
-241
-321
-405
-482
-555
-616
-675
-733
-783
-834
-880
-926
-966
-998
-1026
-1054
-1084
-1105
-1124
-1151
-1183
-1222
-1269
-1321
-1370
-1414
-1451
-1471
-1486
-1482
-1458
-1420
-1360
-1289
-1208
-1114
-1007
-892
-773
-654
-541
-436
-341
-260
-187
-122
-62
2
65
135
217
309
406
495
569
631
667
688
692
668
624
569
505
437
383
343
317
305
308
320
346
382
426
475
519
555
581
606
622
627
630
638
643
656
674
694
712
717
705
676
635
586
525
450
363
273
183
108
39
-27
-90
-148
-195
-228
-243
-236
-216
-187
-146
-101
-47
16
73
122
158
176
183
188
189
188
181
180
177
181
200
230
268
306
341
367
385
401
402
395
383
356
321
295
274
271
281
303
342
382
421
447
453
442
409
358
285
188
84
-31
-150
-263
-363
-438
-491
-526
-545
-555
-557
-551
-549
-550
-572
-602
-654
-721
-794
-868
-940
-1009
-1070
-1121
-1155
-1156
-1134
-1090
-1022
-937
-852
-768
-683
-613
-547
-489
-448
-425
-410
-407
-404
-398
-388
-374
-363
-345
-331
-318
-292
-271
-247
-218
-183
-134
-75
-6
75
165
270
377
485
587
687
772
836
886
915
926
913
888
854
819
784
746
712
682
657
641
619
591
560
509
449
375
296
223
151
82
19
-36
-72
-96
-99
-81
-49
-6
44
101
150
194
226
250
263
254
228
204
176
141
112
92
76
73
76
80
91
94
93
84
65
40
12
-22
-52
-82
-115
-126
-130
-122
-98
-53
3
58
114
162
197
217
223
211
182
145
103
54
8
-30
-63
-80
-86
-91
-87
-76
-66
-63
-67
-74
-88
-116
-158
-201
-249
-299
-350
-386
-421
-452
-466
-457
-438
-419
-391
-365
-337
-312
-289
-271
-252
-232
-222
-209
-188
-174
-161
-148
-141
-145
-164
-182
-202
-229
-269
-312
-357
-407
-457
-491
-500
-492
-464
-413
-336
-244
-133
-13
98
197
282
343
381
402
413
411
384
352
324
299
277
267
271
282
298
315
335
359
383
398
394
383
361
313
256
206
164
125
86
59
51
53
62
78
113
151
184
204
226
233
217
206
187
151
115
70
24
-22
-67
-103
-132
-151
-154
-148
-135
-113
-90
-61
-36
-21
-21
-15
-17
-38
-65
-88
-112
-133
-154
-169
-169
-165
-154
-132
-105
-86
-76
-69
-65
-66
-76
-72
-63
-62
-58
-49
-33
-18
-11
-2
15
21
14
-3
-19
-34
-47
-55
-58
-47
-32
-11
6
27
55
81
99
113
121
123
127
131
142
148
156
147
127
107
86
62
43
38
32
20
8
1
-5
-13
-14
-16
-11
-5
1
18
30
42
59
70
73
69
65
68
69
57
41
24
15
7
-6
-20
-36
-58
-86
-123
-171
-212
-246
-261
-267
-272
-277
-275
-261
-242
-216
-191
-168
-147
-132
-109
-83
-59
-34
-7
15
23
34
46
48
44
36
32
25
18
9
-6
-9
-14
-27
-41
-50
-54
-58
-54
-50
-39
-14
4
18
23
23
34
34
33
30
32
39
48
62
76
95
110
118
124
121
98
72
43
15
-16
-42
-52
-52
-46
-27
5
36
65
98
125
142
152
166
175
175
165
156
133
103
73
49
29
15
9
18
34
42
58
69
83
90
83
82
81
82
76
71
65
64
52
31
25
22
18
13
11
15
31
49
58
63
75
82
75
60
39
13
-16
-36
-58
-81
-86
-86
-93
-102
-104
-101
-100
-105
-113
-120
-129
-135
-151
-159
-157
-160
-165
-159
-145
-128
-103
-78
-49
-21
-10
-7
-4
-9
-23
-41
-59
-83
-98
-107
-106
-94
-85
-66
-55
-47
-37
-35
-32
-27
-23
-25
-25
-30
-30
-28
-31
-41
-47
-38
-21
1
28
67
102
124
138
147
149
146
133
117
99
65
21
-16
-38
-56
-69
-70
-68
-73
-75
-64
-54
-39
-14
10
25
23
7
-17
-39
-66
-83
-95
-89
-80
-66
-34
5
41
57
64
69
67
70
66
59
65
62
54
45
36
46
52
52
61
78
94
103
118
135
152
158
157
157
150
138
127
122
123
132
143
148
151
137
113
92
83
81
80
70
64
57
53
53
54
66
68
61
50
37
25
17
18
15
6
-15
-37
-72
-115
-159
-196
-221
-239
-240
-235
-223
-197
-167
-142
-128
-125
-132
-146
-149
-150
-151
-153
-157
-164
-183
-205
-229
-250
-251
-236
-208
-154
-95
-45
-7
24
43
43
47
42
32
28
32
39
31
27
30
26
28
25
18
17
23
31
47
75
100
111
110
102
92
72
45
17
2
6
19
42
73
102
121
129
126
112
97
87
97
113
122
139
151
152
142
122
103
83
63
41
21
11
11
9
0
-8
-17
-24
-33
-42
-52
-57
-51
-43
-42
-28
-22
-20
-21
-19
-13
-14
-16
-21
-24
-24
-9
16
31
35
25
18
14
6
-6
-15
-4
1
-5
-16
-29
-45
-63
-81
-103
-121
-131
-123
-96
-71
-46
-28
-8
5
-10
-24
-27
-18
-7
0
17
23
19
8
-8
-15
-20
-30
-35
-26
2
35
58
68
77
65
38
18
8
-2
1
3
0
8
15
19
16
12
10
1
-8
-10
-6
-3
9
31
38
43
47
43
38
34
24
10
-7
-10
0
5
5
-3
-15
-38
-65
-85
-89
-78
-71
-62
-40
-9
14
26
33
23
-1
-31
-55
-75
-87
-88
-82
-73
-81
-94
-97
-92
-83
-72
-48
-12
20
39
69
98
102
87
53
6
-39
-68
-83
-81
-70
-52
-30
-9
21
60
98
128
165
200
229
259
266
247
210
161
107
61
26
-3
-12
-7
11
34
69
100
110
115
112
108
95
82
73
55
33
13
-24
-75
-107
-119
-130
-139
-147
-138
-125
-114
-88
-58
-26
2
15
11
-10
-45
-77
-95
-106
-120
-136
-152
-166
-178
-185
-184
-178
-167
-159
-139
-102
-62
-20
14
29
33
13
-17
-26
-26
-13
8
30
46
48
40
30
22
18
18
28
31
29
26
19
16
30
56
89
111
120
111
100
99
90
86
90
86
47
-5
-20
-11
-5
-9
-11
0
18
33
49
66
87
113
118
98
68
50
45
38
28
11
-8
-46
-101
-136
-127
-102
-80
-65
-43
-14
6
16
33
57
57
34
8
-8
-21
-42
-50
-42
-37
-34
-35
-37
-41
-56
-81
-85
-67
-42
-12
23
61
83
81
67
45
24
17
9
4
-1
5
14
8
9
2
-12
-34
-41
-37
-23
7
34
51
46
26
12
13
19
20
11
-2
-15
-22
-20
-14
10
28
28
21
6
-4
-12
-7
4
3
3
13
10
-2
-6
1
4
-4
-13
-11
3
12
12
16
26
26
8
-22
-36
-35
-41
-51
-51
-44
-44
-36
-29
-9
11
32
49
60
66
67
50
37
37
43
45
34
22
1
-27
-62
-78
-71
-54
-43
-26
8
34
53
69
87
86
65
34
9
0
-9
-16
-21
-44
-90
-134
-166
-178
-173
-149
-107
-71
-38
-1
32
53
59
54
43
30
21
14
15
12
-3
-22
-31
-40
-48
-52
-50
-59
-58
-48
-22
8
35
74
104
97
71
55
59
55
37
23
17
7
1
0
-5
-20
-38
-50
-54
-25
25
65
86
89
69
35
21
38
58
58
42
33
39
45
49
52
51
35
0
-42
-64
-50
-22
-10
-10
-4
1
-3
-13
-11
4
9
7
0
-10
-2
31
60
59
33
-2
-33
-59
-74
-84
-78
-62
-63
-72
-65
-31
8
17
6
-6
-10
2
12
23
42
51
54
45
26
9
-15
-44
-82
-107
-96
-60
-23
0
14
24
14
-4
-15
-6
16
36
48
47
38
28
18
16
12
4
-4
-30
-61
-75
-71
-60
-57
-36
-19
-18
-7
21
50
53
43
49
56
59
59
66
67
47
5
-58
-101
-117
-113
-105
-78
-33
1
9
25
49
63
59
39
31
29
39
58
83
93
76
37
-13
-56
-75
-74
-62
-56
-46
-25
-9
9
15
24
25
9
9
22
42
56
63
65
45
6
-30
-40
-40
-48
-56
-52
-34
-37
-52
-42
2
42
56
48
33
25
16
3
-3
-1
5
8
9
12
-3
-22
-26
-20
-19
-8
23
44
33
18
18
18
17
5
-13
-26
-19
5
26
36
37
21
-2
-8
4
14
22
27
12
-12
-19
1
30
51
53
36
0
-32
-40
-44
-48
-38
-23
-11
-13
-12
6
18
16
11
7
4
-4
2
9
1
-19
-37
-41
-39
-32
-22
-18
-20
-24
-19
1
23
36
29
21
10
-5
-16
-14
-18
-36
-53
-42
-25
-18
-18
-13
-5
-12
-31
-38
-27
-12
-6
-8
-3
3
-1
-3
10
30
41
38
24
3
-3
5
16
18
6
2
3
1
-5
-9
5
18
18
20
44
81
87
59
20
0
2
12
20
17
12
-10
-36
-56
-52
-36
-26
-18
-13
-9
-2
2
12
28
39
38
26
14
10
13
7
1
-15
-33
-45
-45
-29
-28
-41
-47
-36
-26
-27
-20
7
37
37
5
-30
-37
-24
-14
-23
-26
-20
-21
-32
-33
-18
0
10
15
30
42
38
19
6
9
11
9
6
-7
-22
-25
-27
-29
-26
-3
27
46
45
41
48
71
92
99
93
89
81
55
13
-14
-24
-31
-44
-57
-58
-49
-33
-15
-9
-2
16
25
22
30
43
50
44
29
6
-22
-34
-29
-22
-30
-43
-52
-53
-50
-47
-26
11
45
43
20
14
25
28
10
-8
-5
2
-15
-36
-47
-48
-36
-26
-20
-21
-11
15
34
25
8
7
17
24
19
12
23
27
6
-21
-35
-35
-37
-50
-51
-29
-4
2
-16
-32
-18
5
15
19
37
51
42
20
3
-3
-6
6
25
22
0
-20
-28
-34
-31
-8
15
23
12
-9
-29
-21
8
18
13
4
1
-5
-11
-12
-5
-2
0
5
12
10
14
21
18
9
-3
-5
-7
-21
-30
-20
-7
-5
-8
-10
-15
-9
2
11
13
12
26
36
30
24
25
28
17
10
1
-18
-29
-18
-4
-2
2
8
0
-21
-33
-23
-12
-3
4
-1
-15
-18
-1
15
26
30
28
22
17
14
1
-16
-8
9
12
7
-1
-14
-26
-31
-25
-18
-3
19
29
12
-10
-11
9
27
30
27
21
9
-6
-24
-34
-30
-22
-24
-29
-19
3
15
13
15
22
26
28
31
36
33
25
10
-16
-31
-23
-14
-20
-34
-41
-36
-25
-16
-8
7
31
39
28
14
21
41
45
26
0
-15
-17
-14
-24
-42
-57
-63
-61
-60
-50
-28
5
37
47
41
30
18
10
2
-4
-10
-9
-10
-17
-14
-4
9
15
20
23
25
19
5
9
29
43
33
13
-1
-5
-3
-3
6
20
20
3
-18
-21
-8
5
11
19
21
13
-6
-24
-30
-15
10
22
19
-1
-22
-27
-20
-16
-16
-6
0
-6
-19
-22
-12
13
36
36
17
1
-8
-19
-28
-32
-27
-17
-15
-23
-29
-27
-18
-5
10
20
24
15
0
-7
-6
-2
-4
-5
-4
-13
-31
-38
-28
-10
1
12
24
27
20
14
21
29
28
23
13
3
5
6
3
-2
-3
-1
-6
-20
-28
-11
17
32
28
7
-7
-6
7
14
15
15
17
10
-7
-20
-10
6
8
1
-10
-11
-7
-7
-3
8
16
18
11
9
10
9
5
1
-3
-11
-13
-10
-7
-7
-15
-17
-18
-27
-44
-45
-22
-2
7
15
29
32
19
-4
-19
-8
18
42
42
25
3
-6
-11
-11
-1
17
24
13
-1
-4
6
20
32
36
36
29
14
1
-1
-1
0
6
11
9
5
6
5
-6
-15
-12
-5
-4
-5
-3
3
3
-6
-11
-7
-4
-9
-10
-6
-3
-8
-28
-38
-36
-39
-42
-37
-21
-4
-4
-13
-20
-21
-19
-12
0
10
15
11
9
6
-3
-12
-14
-7
-4
-8
-19
-14
-2
-2
-16
-25
-18
-6
6
14
20
22
16
4
-6
-3
12
24
25
18
7
-4
-12
-10
0
8
19
21
18
12
11
11
9
8
13
19
30
38
32
13
-8
-26
-27
-8
8
13
8
0
-4
-14
-24
-26
-14
5
15
10
2
-1
-2
-11
-12
-2
14
18
19
20
17
8
-6
-12
-5
3
3
-2
-6
-5
0
6
1
-1
7
16
14
4
3
5
5
-1
-12
-11
1
8
6
3
-2
-23
-43
-46
-30
-10
4
12
15
8
-6
-9
-6
1
9
20
22
11
-2
-7
-6
-12
-21
-19
-15
-16
-20
-18
-12
-6
-6
0
13
22
23
25
23
11
-6
-16
-12
-12
-15
-14
-10
-7
-10
-18
-21
-13
-1
7
9
19
28
26
19
7
-4
-3
8
17
19
18
16
6
-13
-23
-20
-10
0
3
0
-9
-14
-16
-10
-2
5
14
16
14
10
6
1
-6
-12
-19
-16
-6
0
1
-10
-17
-16
-8
1
4
7
14
8
-10
-20
-11
5
14
8
9
13
10
-4
-17
-20
-17
-11
-4
5
14
11
4
-6
-11
-8
1
21
40
38
21
7
8
9
4
-1
3
12
12
11
8
6
4
2
-8
-13
-7
1
2
-4
-4
2
3
6
10
22
27
23
16
11
9
2
-5
-5
-5
-8
-15
-14
-11
-11
-7
0
6
10
10
6
4
-2
-11
-11
-7
-4
-5
-12
-16
-17
-11
0
7
-3
-16
-21
-14
-16
-26
-27
-11
3
4
3
11
18
14
3
-6
-3
1
0
-3
-4
-5
-9
-12
-8
0
5
0
-8
-12
-7
-1
6
4
7
12
15
21
15
5
3
1
-4
-6
-6
4
13
7
-4
-19
-20
-10
0
3
3
1
-5
-10
-12
-8
-4
2
4
8
10
11
6
-4
-11
-20
-21
-19
-7
5
11
9
1
0
0
0
-1
-2
0
0
-5
-3
4
9
6
1
