-2
2
1
0
3
-3
8
-6
0
4
-6
5
-1
-2
7
-4
-1
4
-7
4
-2
-6
8
-6
5
0
-4
5
-5
1
1
-3
1
6
-7
5
4
-10
8
-3
-3
8
-6
5
1
-4
4
-4
-2
-1
1
-4
2
0
-1
5
-4
3
4
-4
2
2
-5
7
-2
-5
10
-7
2
2
-5
6
-4
3
3
-1
4
-3
0
-2
2
-1
-6
3
-1
2
-2
1
2
-1
0
-6
9
-5
1
2
-6
6
-6
-7
6
-4
-3
0
-2
4
-1
-3
4
-1
0
2
-1
-1
5
-9
4
-1
-2
-1
-4
0
0
4
-4
2
5
-5
5
0
-1
3
-3
1
3
-1
-1
4
-3
7
1
-1
9
-3
1
3
-4
2
1
-5
3
0
-2
0
-5
4
-6
-1
6
-2
1
2
-1
2
-5
1
1
-1
-2
1
3
-4
2
-5
5
-4
0
3
-3
8
0
-5
6
-5
-7
6
-9
0
7
-9
4
-1
-3
5
-9
6
3
-3
1
4
2
-4
0
0
-1
0
-2
0
8
-2
-4
4
-1
-1
0
-5
7
0
-9
10
-2
-4
5
-10
7
3
-11
10
0
0
4
-7
5
1
-2
0
3
-1
2
-2
0
-2
0
1
-9
9
-2
-1
3
-9
12
-7
-8
14
-10
8
-6
-2
10
-6
1
-6
12
5
-6
10
4
-2
5
0
-6
6
-2
-5
9
-2
1
-6
-3
3
-6
2
-9
4
4
-5
0
3
-3
3
-8
-1
9
-12
-1
-1
3
-3
-7
3
0
-2
-3
0
5
-1
-7
3
3
-5
0
-4
6
1
-3
2
0
5
-1
2
1
1
6
-5
-5
8
-4
-7
2
-2
6
-5
-4
8
-6
0
-2
-1
8
-6
0
6
0
2
-6
3
7
-5
-1
8
1
5
-7
4
5
-7
3
-6
6
-1
-8
5
1
1
-4
-1
3
-2
-2
-2
-1
-2
-2
-3
1
-1
-1
-1
-5
8
-3
-5
5
-2
3
0
-2
8
0
-1
1
4
6
-5
0
6
-1
-3
-1
3
-1
-3
2
0
4
1
-1
2
2
-2
3
-1
-2
7
-9
1
-2
-6
7
-7
1
0
2
0
-3
5
1
-1
4
1
2
3
-4
0
0
-1
2
-4
2
3
-6
-1
-2
-1
-1
-4
2
2
-1
2
-4
2
-2
-2
4
-3
6
1
-1
2
-5
2
-4
-4
4
0
0
-2
0
-1
-7
-4
1
0
-1
-2
2
-1
-6
0
-2
-2
1
0
4
2
4
2
0
0
1
3
-1
2
3
1
0
0
3
3
-2
1
1
1
0
-1
1
-2
-2
-2
-2
0
-3
-1
0
-1
-1
-2
-2
0
-4
-2
0
-3
-1
-3
-2
-1
-1
-2
-1
-1
1
0
-1
1
2
1
2
1
1
2
0
1
1
2
3
3
5
4
6
4
7
8
7
7
7
4
4
3
1
3
1
1
3
2
1
3
1
1
2
0
2
2
-1
-2
0
-4
-1
-4
-6
-3
-4
-6
-5
-5
-5
-4
-8
-6
-3
-8
-7
-6
-5
-5
-7
-5
-3
-4
-7
-3
-2
-4
-2
-4
0
0
-3
0
1
0
-1
1
2
4
1
0
4
2
3
5
4
8
6
6
6
8
4
3
6
6
4
2
2
3
2
-1
0
0
0
0
-1
0
-1
-3
-4
-6
-4
-8
-9
-8
-8
-8
-9
-5
-9
-9
-9
-8
-7
-7
-7
-4
-2
-2
-3
-3
-1
-2
-1
0
1
3
2
4
5
5
5
4
6
8
8
10
10
12
13
13
13
15
18
16
19
21
21
23
22
21
22
19
16
18
16
14
13
11
9
7
2
1
-2
-6
-6
-7
-9
-10
-11
-14
-16
-19
-21
-21
-21
-21
-22
-22
-24
-24
-26
-29
-31
-30
-31
-32
-33
-33
-32
-34
-35
-31
-29
-30
-27
-22
-18
-15
-13
-9
-4
-3
0
4
6
8
9
11
12
14
13
15
16
18
17
17
17
15
15
11
11
11
6
6
5
4
0
2
-1
1
3
-2
2
4
8
10
11
18
23
22
20
18
24
21
17
27
33
36
43
53
66
73
83
101
114
128
144
156
167
174
176
181
179
174
173
165
160
151
145
151
151
142
137
128
117
92
62
40
15
-27
-66
-88
-102
-124
-169
-207
-235
-282
-346
-403
-444
-497
-562
-610
-642
-704
-826
-1013
-1185
-1289
-1350
-1393
-1376
-1285
-1164
-1049
-937
-789
-609
-428
-222
69
455
877
1270
1603
1859
2047
2167
2267
2374
2456
2501
2481
2404
2234
1919
1476
940
361
-198
-691
-1068
-1362
-1669
-2000
-2328
-2618
-2818
-2898
-2790
-2471
-2009
-1462
-865
-257
302
758
1157
1581
2053
2524
2947
3270
3407
3258
2824
2260
1694
1139
565
13
-477
-950
-1481
-2036
-2503
-2848
-3063
-3078
-2828
-2357
-1808
-1300
-805
-304
170
643
1162
1737
2310
2776
3092
3276
3318
3194
2933
2634
2355
2092
1800
1464
1083
629
79
-510
-984
-1304
-1526
-1654
-1672
-1579
-1465
-1411
-1391
-1388
-1369
-1330
-1301
-1279
-1321
-1525
-1957
-2665
-3490
-4230
-4964
-5777
-6550
-7026
-7068
-6951
-6876
-6649
-6114
-5365
-4552
-3600
-2294
-719
817
2229
3618
5013
6244
7149
7787
8277
8631
8804
8789
8616
8243
7593
6667
5541
4331
3110
1930
835
-178
-1128
-1983
-2691
-3268
-3758
-4167
-4365
-4219
-3752
-3046
-2164
-1129
-36
933
1759
2572
3412
4156
4699
5089
5403
5544
5374
4913
4275
3507
2587
1582
637
-234
-1116
-2078
-3069
-3981
-4791
-5476
-5994
-6311
-6427
-6424
-6334
-6124
-5841
-5510
-5091
-4479
-3616
-2616
-1580
-538
438
1259
1896
2415
2866
3195
3399
3533
3586
3412
2977
2380
1730
1080
474
11
-251
-369
-422
-430
-374
-249
-69
191
538
1028
1603
2100
2438
2618
2718
2714
2534
2289
2104
1976
1803
1509
1107
573
-104
-811
-1461
-2057
-2702
-3483
-4403
-5406
-6326
-7082
-7882
-8890
-9805
-10093
-9637
-8895
-8164
-7167
-5709
-4080
-2606
-1126
724
2812
4676
6188
7634
9156
10453
11131
11213
10986
10587
9958
9036
7937
6754
5378
3730
1926
179
-1423
-2945
-4386
-5606
-6507
-7023
-7132
-6919
-6506
-5996
-5212
-3981
-2445
-817
852
2586
4269
5662
6767
7775
8647
9121
9082
8757
8358
7754
6733
5342
3790
2184
493
-1255
-2860
-4202
-5388
-6556
-7629
-8397
-8786
-8916
-8847
-8479
-7742
-6785
-5810
-4822
-3746
-2641
-1656
-718
396
1719
2981
3951
4669
5176
5356
5163
4730
4215
3656
2982
2181
1359
497
-472
-1502
-2481
-3184
-3482
-3469
-3204
-2696
-2001
-1232
-475
297
1132
1977
2729
3399
4005
4454
4646
4583
4291
3817
3223
2561
1931
1297
557
-277
-1112
-1937
-2770
-3644
-4538
-5408
-6321
-7286
-8092
-8538
-8825
-9339
-10041
-10332
-9785
-8731
-7709
-6640
-5101
-3158
-1335
187
1786
3681
5507
6875
7941
9087
10267
10973
10912
10348
9648
8834
7740
6425
5144
3927
2523
884
-692
-1981
-3057
-4050
-4885
-5351
-5370
-5010
-4340
-3497
-2602
-1616
-420
982
2445
3864
5257
6555
7532
8093
8422
8653
8617
8065
7086
6037
5030
3833
2289
545
-1153
-2766
-4369
-5849
-6916
-7504
-7849
-8154
-8292
-7988
-7302
-6573
-5887
-4961
-3648
-2273
-1188
-265
767
1707
2158
2208
2341
2707
2922
2760
2469
2208
1696
744
-335
-1123
-1670
-2288
-2937
-3300
-3317
-3258
-3283
-3205
-2769
-2045
-1250
-406
619
1805
2864
3608
4168
4699
5102
5238
5171
5015
4684
4044
3208
2411
1647
762
-162
-884
-1399
-1930
-2519
-2951
-3138
-3379
-3852
-4367
-4805
-5337
-6086
-6693
-6800
-6818
-7429
-8458
-8965
-8451
-7503
-6793
-6037
-4652
-2812
-1208
-13
1357
3176
4861
5939
6773
7956
9321
10067
9882
9254
8636
7945
6982
5905
4968
4037
2803
1343
44
-956
-1882
-2881
-3738
-4202
-4230
-3912
-3336
-2656
-2015
-1354
-484
604
1778
2950
4110
5197
6012
6494
6804
7034
6997
6479
5608
4774
4067
3185
1943
537
-767
-2015
-3346
-4601
-5448
-5841
-6077
-6352
-6466
-6154
-5534
-4947
-4396
-3596
-2569
-1664
-1020
-369
404
897
866
750
957
1263
1218
918
783
702
315
-367
-947
-1225
-1438
-1749
-1983
-1986
-1881
-1841
-1833
-1654
-1219
-717
-246
348
1157
1993
2586
2980
3373
3713
3790
3636
3478
3333
3008
2469
1922
1466
970
405
-113
-538
-1010
-1580
-2055
-2282
-2417
-2701
-3135
-3599
-4144
-4892
-5654
-6074
-6304
-6974
-8222
-9201
-9097
-8208
-7427
-6887
-5897
-4229
-2556
-1352
-134
1694
3786
5345
6357
7545
9089
10215
10289
9661
9041
8531
7784
6786
5857
5005
3834
2180
453
-885
-1859
-2793
-3743
-4394
-4527
-4251
-3806
-3294
-2699
-1987
-1107
15
1374
2843
4283
5560
6512
7048
7317
7539
7675
7428
6680
5718
4815
3859
2575
1021
-488
-1851
-3215
-4558
-5510
-5880
-6009
-6313
-6673
-6619
-6057
-5389
-4806
-4050
-2998
-2042
-1529
-1175
-625
-120
-30
-182
-47
429
737
663
472
322
69
-444
-996
-1238
-1235
-1305
-1534
-1714
-1666
-1520
-1456
-1306
-827
-106
571
1133
1795
2550
3093
3320
3456
3702
3853
3680
3327
2956
2516
1872
1150
614
212
-281
-832
-1285
-1576
-1883
-2292
-2541
-2533
-2467
-2666
-3269
-4090
-4826
-5300
-5710
-6554
-7849
-8928
-9131
-8550
-7850
-7252
-6333
-4897
-3354
-2098
-867
862
2952
4750
6014
7180
8623
9904
10294
9810
9150
8699
8153
7192
6083
5173
4192
2695
828
-791
-1843
-2638
-3441
-4083
-4313
-4134
-3764
-3313
-2720
-1926
-936
222
1542
3015
4508
5799
6702
7195
7474
7685
7755
7504
6887
6047
5094
4001
2673
1146
-435
-1962
-3415
-4777
-5857
-6480
-6744
-6934
-7152
-7140
-6666
-5908
-5136
-4303
-3296
-2310
-1618
-1082
-318
605
1242
1456
1579
1855
2094
2038
1769
1485
1129
569
-121
-690
-1070
-1460
-1989
-2496
-2742
-2705
-2550
-2309
-1869
-1236
-576
16
655
1405
2090
2561
2899
3194
3340
3218
2927
2628
2283
1776
1196
705
271
-277
-941
-1548
-1970
-2219
-2430
-2625
-2689
-2668
-2846
-3475
-4308
-4797
-5045
-5859
-7503
-9052
-9380
-8619
-7886
-7527
-6807
-5353
-3777
-2711
-1717
57
2444
4505
5923
7274
8923
10243
10409
9667
8975
8698
8341
7470
6402
5541
4564
2994
1073
-495
-1459
-2250
-3093
-3645
-3627
-3268
-2967
-2752
-2372
-1706
-791
313
1589
3001
4443
5731
6629
7051
7196
7291
7316
7051
6454
5745
5055
4143
2754
1046
-606
-2061
-3451
-4735
-5641
-6003
-6092
-6333
-6688
-6743
-6278
-5512
-4755
-3935
-2959
-2088
-1497
-985
-241
600
1044
1071
1095
1271
1394
1209
840
513
157
-409
-1070
-1581
-1905
-2261
-2793
-3207
-3190
-2805
-2363
-2007
-1550
-874
-138
564
1315
2169
2974
3494
3743
3877
3959
3872
3468
2854
2210
1639
1135
616
61
-610
-1497
-2482
-3263
-3664
-3799
-3806
-3640
-3394
-3406
-3864
-4472
-4916
-5650
-7183
-8903
-9491
-8548
-7219
-6511
-5975
-4841
-3415
-2490
-1893
-496
1988
4470
6104
7293
8791
10226
10478
9469
8381
8079
8126
7670
6762
5954
5064
3444
1163
-789
-1799
-2368
-3062
-3658
-3699
-3290
-2963
-2907
-2764
-2260
-1412
-278
1147
2843
4558
5916
6697
6929
6899
6931
7027
6966
6618
6067
5503
4799
3608
1874
-18
-1615
-2865
-3950
-4814
-5217
-5255
-5457
-6107
-6744
-6744
-6119
-5388
-4843
-4231
-3346
-2470
-1870
-1378
-692
127
746
1169
1728
2413
2797
2589
2005
1498
1143
685
100
-449
-909
-1461
-2197
-2821
-3009
-2838
-2613
-2371
-1880
-1072
-213
473
1048
1649
2201
2531
2703
2897
3100
3051
2599
1979
1451
950
247
-712
-1624
-2307
-2808
-3163
-3372
-3444
-3481
-3621
-3892
-4190
-4419
-4773
-5796
-7597
-9308
-9815
-8970
-7783
-6989
-6189
-4880
-3416
-2399
-1612
-165
2122
4436
6245
7861
9687
11224
11453
10362
9050
8392
8236
7872
7128
6269
5123
3297
959
-1123
-2420
-3289
-4199
-4934
-5010
-4426
-3771
-3454
-3295
-2936
-2195
-1025
602
2593
4569
6105
7014
7413
7621
7798
7847
7610
7103
6543
6016
5294
4115
2442
479
-1479
-3181
-4447
-5167
-5442
-5615
-6067
-6859
-7564
-7804
-7668
-7327
-6631
-5369
-3719
-2176
-939
141
1030
1586
1935
2491
3471
4513
5121
5124
4620
3780
2656
1340
108
-827
-1530
-2224
-2932
-3433
-3716
-4040
-4396
-4407
-3781
-2716
-1579
-480
591
1465
1980
2235
2509
2933
3286
3383
3296
3135
2809
2060
891
-411
-1652
-2799
-3741
-4228
-4224
-4077
-4159
-4469
-4787
-5190
-6200
-8100
-10144
-11060
-10355
-8821
-7430
-6214
-4811
-3464
-2705
-2297
-1247
926
3560
5856
7789
9743
11446
12053
11308
9963
8956
8454
8040
7540
7112
6495
5064
2684
109
-1798
-2963
-3876
-4663
-4985
-4623
-3951
-3508
-3342
-3177
-2805
-2155
-1043
755
3079
5322
6859
7526
7568
7389
7207
7025
6836
6667
6495
6095
5211
3799
2014
56
-1877
-3534
-4588
-4972
-5029
-5307
-6106
-7252
-8261
-8736
-8536
-7613
-6100
-4327
-2732
-1530
-489
603
1609
2398
3102
4030
5150
6001
6213
5733
4694
3263
1659
248
-632
-1093
-1619
-2499
-3581
-4479
-5064
-5382
-5389
-4938
-3978
-2744
-1523
-445
465
1128
1550
1874
2324
2996
3737
4218
4198
3654
2717
1541
230
-1017
-2044
-2784
-3201
-3393
-3466
-3587
-3933
-4614
-5979
-8235
-10726
-12188
-11861
-10404
-8997
-7829
-6390
-4719
-3514
-3003
-2262
-389
2280
4857
7091
9392
11681
12942
12550
11247
10226
9816
9388
8627
7975
7528
6598
4638
2097
-70
-1684
-3261
-4838
-5780
-5699
-5101
-4741
-4675
-4504
-4140
-3744
-3185
-1960
125
2556
4656
6153
7164
7811
8010
7782
7429
7270
7309
7264
6891
6141
4962
3250
1107
-1053
-2812
-4167
-5337
-6402
-7280
-7919
-8426
-8856
-9066
-8905
-8307
-7319
-6037
-4484
-2694
-824
950
2515
3892
5131
6118
6766
7053
7004
6649
5954
4915
3631
2262
900
-460
-1846
-3151
-4210
-4972
-5519
-5842
-5852
-5501
-4885
-4191
-3446
-2557
-1559
-568
319
1126
1937
2750
3475
3909
3889
3440
2686
1726
693
-198
-743
-1027
-1343
-1819
-2372
-2970
-4035
-6145
-9079
-11699
-12871
-12590
-11815
-10928
-9596
-7851
-6447
-5870
-5389
-3879
-1324
1351
3690
6205
9260
12002
13251
13019
12371
11971
11511
10654
9886
9699
9577
8550
6460
4155
2247
428
-1730
-3845
-5119
-5434
-5368
-5313
-5185
-4924
-4817
-5037
-5071
-4215
-2350
-58
2051
3836
5380
6591
7320
7639
7778
7862
7851
7720
7568
7429
7045
6079
4445
2411
311
-1738
-3673
-5314
-6533
-7377
-8043
-8616
-8965
-9094
-9089
-8980
-8609
-7659
-6075
-4078
-1940
99
1937
3458
4528
5163
5638
6058
6371
6465
6341
6040
5436
4369
2775
918
-840
-2248
-3231
-3876
-4276
-4551
-4807
-5044
-5201
-5211
-4973
-4395
-3477
-2380
-1267
-184
766
1368
1516
1387
1223
1085
880
634
509
522
527
304
-178
-889
-2104
-4222
-7088
-9741
-11174
-11398
-11152
-10717
-9812
-8468
-7359
-6937
-6630
-5563
-3661
-1509
622
3121
6161
9039
10828
11453
11619
11797
11748
11263
10792
10834
11119
10845
9698
8108
6497
4684
2428
50
-1786
-2806
-3305
-3578
-3730
-3838
-4181
-4911
-5703
-5999
-5503
-4307
-2688
-912
822
2312
3404
4089
4516
4896
5327
5777
6207
6600
6875
6794
6126
4859
3236
1558
6
-1382
-2596
-3592
-4353
-4949
-5449
-5841
-6141
-6434
-6744
-6872
-6535
-5669
-4472
-3145
-1797
-509
577
1306
1690
1945
2281
2731
3217
3683
4097
4287
4018
3269
2274
1274
388
-339
-877
-1234
-1541
-1891
-2265
-2628
-2935
-3117
-3114
-2921
-2666
-2500
-2384
-2238
-2065
-1907
-1789
-1614
-1375
-1188
-993
-668
-213
-54
-898
-2948
-5518
-7651
-8932
-9622
-9902
-9515
-8418
-7213
-6516
-6209
-5639
-4597
-3476
-2450
-1066
1210
4104
6689
8404
9469
10249
10622
10371
9774
9438
9532
9638
9413
9035
8730
8187
6911
4899
2732
970
-365
-1383
-1939
-1951
-1731
-1825
-2409
-3122
-3596
-3810
-3895
-3743
-3071
-1848
-397
915
1967
2802
3364
3543
3452
3433
3724
4171
4453
4460
4279
3953
3317
2209
776
-654
-1843
-2777
-3440
-3769
-3804
-3830
-4093
-4462
-4631
-4442
-4044
-3590
-3009
-2202
-1297
-509
68
538
907
983
730
424
414
749
1131
1299
1271
1157
923
509
24
-314
-446
-535
-679
-766
-661
-428
-313
-458
-753
-983
-1086
-1151
-1255
-1341
-1333
-1274
-1290
-1405
-1486
-1409
-1252
-1333
-2068
-3598
-5571
-7396
-8651
-9381
-9796
-9820
-9284
-8355
-7497
-6956
-6393
-5391
-4043
-2691
-1333
444
2794
5201
7040
8234
9151
9948
10382
10336
10093
9973
9881
9505
8883
8359
7965
7298
5989
4219
2528
1147
-32
-1071
-1829
-2179
-2342
-2649
-3118
-3518
-3669
-3664
-3641
-3482
-2974
-2090
-1016
59
1115
2142
3014
3617
3998
4342
4704
4986
5124
5119
4978
4610
3929
2936
1665
208
-1238
-2441
-3250
-3719
-4068
-4487
-4975
-5357
-5470
-5298
-4872
-4204
-3343
-2393
-1430
-507
307
925
1291
1444
1491
1520
1573
1636
1648
1561
1359
1030
602
135
-309
-683
-974
-1163
-1233
-1192
-1055
-833
-555
-325
-265
-427
-698
-915
-1043
-1116
-1148
-1120
-1062
-1040
-998
-800
-581
-891
-2237
-4434
-6640
-8129
-8888
-9302
-9453
-9137
-8457
-7896
-7716
-7527
-6827
-5721
-4694
-3763
-2321
16
2775
5071
6604
7749
8754
9402
9523
9463
9694
10130
10275
9999
9662
9440
8930
7672
5818
3976
2464
1174
41
-736
-1067
-1293
-1827
-2606
-3239
-3560
-3772
-4034
-4146
-3822
-3097
-2236
-1353
-398
580
1345
1750
1980
2357
2959
3630
4223
4735
5156
5318
5027
4301
3310
2238
1154
122
-693
-1185
-1477
-1814
-2322
-2935
-3508
-3980
-4306
-4373
-4100
-3567
-2980
-2482
-2056
-1625
-1211
-910
-737
-592
-335
75
565
1035
1410
1630
1636
1414
1030
608
226
-101
-364
-517
-501
-320
-65
137
168
-28
-403
-849
-1254
-1558
-1730
-1755
-1687
-1597
-1460
-1184
-893
-1125
-2424
-4652
-6939
-8466
-9166
-9422
-9336
-8687
-7597
-6722
-6487
-6488
-6033
-5086
-4158
-3316
-1917
473
3282
5524
6906
7886
8757
9245
9174
9007
9281
9838
10068
9789
9437
9267
8831
7577
5616
3586
1898
483
-722
-1493
-1726
-1814
-2278
-3155
-3990
-4442
-4588
-4603
-4405
-3801
-2840
-1794
-819
146
1108
1874
2294
2533
2903
3470
4008
4318
4448
4536
4556
4311
3669
2726
1655
535
-568
-1444
-1857
-1888
-1949
-2344
-2952
-3428
-3635
-3672
-3577
-3256
-2677
-2016
-1464
-994
-473
39
261
110
-105
-4
413
817
1010
1099
1192
1182
930
539
240
77
-146
-518
-795
-684
-214
241
393
293
103
-175
-627
-1146
-1447
-1403
-1231
-1183
-1181
-953
-624
-908
-2440
-4968
-7441
-9041
-9818
-10204
-10200
-9496
-8282
-7339
-7089
-6986
-6262
-4986
-3825
-2884
-1415
1083
4006
6314
7749
8813
9726
10078
9694
9229
9409
10024
10233
9765
9183
8873
8361
6986
4883
2809
1206
-123
-1348
-2189
-2440
-2509
-3048
-4107
-5078
-5468
-5404
-5222
-4889
-4111
-2877
-1545
-391
667
1754
2686
3170
3290
3503
4111
4913
5479
5672
5638
5409
4822
3801
2578
1421
356
-703
-1651
-2250
-2508
-2769
-3329
-4076
-4656
-4864
-4759
-4405
-3742
-2765
-1725
-924
-372
148
683
1012
1037
1026
1289
1764
2135
2253
2211
2069
1711
1099
461
63
-95
-223
-408
-488
-331
-94
-74
-348
-720
-1017
-1296
-1640
-1888
-1809
-1460
-1176
-1115
-1048
-834
-947
-2133
-4453
-6983
-8721
-9554
-9993
-10183
-9730
-8615
-7624
-7428
-7607
-7170
-5886
-4443
-3246
-1711
805
3864
6323
7702
8544
9342
9823
9654
9295
9538
10341
10790
10321
9366
8552
7726
6293
4239
2247
816
-234
-1228
-2045
-2429
-2602
-3141
-4204
-5264
-5715
-5508
-4975
-4259
-3223
-1881
-557
490
1336
2182
2983
3539
3880
4322
5085
5937
6393
6190
5483
4558
3503
2313
1123
161
-574
-1315
-2164
-2947
-3512
-4018
-4712
-5486
-5928
-5772
-5161
-4358
-3450
-2448
-1530
-933
-605
-215
422
1107
1588
1936
2381
2872
3099
2894
2416
1894
1371
834
407
277
354
337
68
-313
-523
-527
-540
-712
-945
-1080
-1131
-1191
-1212
-1059
-778
-607
-639
-656
-563
-845
-2246
-4803
-7525
-9324
-10061
-10322
-10344
-9796
-8676
-7743
-7594
-7701
-7046
-5482
-3796
-2380
-577
2206
5367
7705
8880
9551
10180
10445
10093
9734
10100
10893
11043
10101
8721
7570
6378
4547
2240
267
-986
-1887
-2765
-3386
-3540
-3671
-4410
-5636
-6493
-6368
-5466
-4303
-3023
-1521
44
1285
2101
2803
3620
4377
4857
5214
5769
6461
6833
6552
5739
4674
3445
2045
649
-473
-1304
-2106
-3024
-3865
-4417
-4796
-5285
-5862
-6159
-5897
-5168
-4198
-3050
-1773
-651
12
270
519
1002
1558
1933
2130
2335
2562
2606
2322
1778
1112
395
-316
-849
-1039
-921
-730
-673
-746
-785
-628
-265
159
449
524
433
284
170
181
347
548
629
601
514
48
-1449
-4194
-7396
-9824
-10967
-11278
-11219
-10666
-9542
-8474
-8187
-8381
-7937
-6334
-4216
-2251
-95
2914
6367
8979
10137
10453
10709
10845
10531
10155
10451
11252
11463
10392
8535
6680
4855
2671
309
-1496
-2426
-2920
-3425
-3845
-4023
-4334
-5254
-6527
-7212
-6680
-5167
-3296
-1369
554
2200
3195
3581
3849
4355
4998
5583
6212
7049
7830
7924
6964
5176
3092
1103
-611
-1902
-2661
-3057
-3480
-4173
-4970
-5568
-5916
-6130
-6144
-5669
-4567
-3059
-1490
-81
1055
1813
2159
2286
2513
2957
3401
3547
3312
2830
2199
1367
312
-807
-1769
-2485
-3015
-3343
-3408
-3284
-3167
-3185
-3166
-2796
-1976
-937
13
766
1329
1662
1754
1769
1915
2145
2229
2171
2202
2172
1244
-1332
-5087
-8525
-10564
-11409
-11750
-11596
-10627
-9327
-8764
-9091
-9126
-7870
-5728
-3626
-1478
1538
5356
8659
10419
10985
11271
11457
11211
10821
11066
11970
12403
11399
9263
6921
4681
2247
-291
-2270
-3332
-3893
-4465
-4966
-5134
-5252
-5875
-6897
-7425
-6745
-4992
-2751
-409
1831
3635
4690
5102
5330
5676
6087
6446
6829
7277
7499
7019
5637
3653
1514
-474
-2126
-3288
-3991
-4519
-5177
-5987
-6699
-7091
-7110
-6769
-6048
-4904
-3360
-1572
222
1750
2840
3517
3940
4297
4668
4995
5155
4992
4386
3337
1980
558
-808
-2169
-3499
-4581
-5174
-5317
-5303
-5276
-5152
-4805
-4188
-3333
-2233
-983
208
1206
1983
2531
2916
3229
3569
3831
3840
3740
3757
3560
2121
-1241
-5655
-9273
-11103
-11751
-12148
-12175
-11345
-10246
-10032
-10595
-10407
-8534
-5828
-3391
-860
2739
6996
10206
11405
11478
11628
11902
11841
11716
12233
13081
12946
11115
8318
5644
3204
541
-2118
-3960
-4720
-5024
-5479
-5957
-6241
-6649
-7487
-8242
-7908
-6092
-3377
-535
2067
4243
5743
6478
6775
7082
7488
7852
8173
8513
8689
8203
6683
4270
1434
-1340
-3652
-5227
-6022
-6407
-6917
-7727
-8550
-8968
-8855
-8310
-7345
-5864
-3848
-1490
860
2875
4367
5326
5916
6364
6818
7225
7323
6853
5736
4134
2336
564
-1103
-2656
-4122
-5429
-6440
-7086
-7425
-7570
-7496
-7091
-6307
-5075
-3342
-1299
569
1833
2586
3209
3820
4292
4592
4816
4888
4598
4166
4034
3852
2276
-1559
-6524
-10333
-11973
-12394
-12691
-12612
-11606
-10448
-10365
-10980
-10500
-8165
-5194
-2695
42
4111
8779
11960
12818
12565
12503
12593
12385
12280
12844
13407
12547
9967
6790
4001
1401
-1492
-4166
-5746
-6212
-6322
-6546
-6711
-6740
-7042
-7678
-7828
-6611
-4019
-852
2144
4699
6641
7793
8251
8392
8605
8962
9218
9212
8946
8295
6882
4308
823
-2627
-5105
-6438
-7100
-7600
-8096
-8672
-9447
-10095
-10030
-8950
-7113
-5002
-2756
-290
2195
4293
5647
6282
6651
7128
7804
8422
8588
8020
6573
4308
1654
-816
-2773
-4264
-5539
-6728
-7797
-8609
-9026
-9070
-8880
-8443
-7553
-6046
-4011
-1697
612
2519
3641
4064
4321
4761
5288
5687
5895
5840
5373
4668
4098
3058
169
-4754
-9783
-12596
-13060
-12944
-13053
-12660
-11551
-10805
-11115
-11168
-9204
-5599
-2095
784
4112
8483
12435
14136
13834
13247
13284
13470
13322
13264
13455
12804
10259
6365
2660
-184
-2744
-5383
-7412
-8175
-8134
-8144
-8349
-8368
-8196
-8070
-7651
-6097
-3163
402
3730
6450
8504
9800
10360
10495
10535
10534
10433
10131
9428
8064
5833
2830
-561
-3771
-6235
-7705
-8435
-8882
-9405
-10075
-10712
-10987
-10472
-9001
-6771
-4166
-1548
912
3137
5001
6394
7345
8018
8630
9191
9447
9115
7978
6063
3609
979
-1396
-3273
-4776
-6155
-7576
-8950
-10025
-10636
-10748
-10335
-9375
-7794
-5695
-3365
-1075
944
2601
3911
4953
5810
6559
7072
7163
6915
6390
5483
4210
2944
2068
960
-1761
-6273
-10821
-13389
-13880
-13924
-14185
-13720
-12178
-10711
-10206
-9641
-7440
-3901
-513
2439
5939
10243
13887
15365
15076
14499
14234
13858
13157
12605
12251
11091
8351
4638
1131
-1846
-4776
-7574
-9360
-9731
-9343
-9099
-9033
-8731
-8182
-7562
-6519
-4399
-1153
2467
5719
8398
10380
11527
11874
11648
11200
10812
10532
10119
9038
6935
4004
492
-3324
-6825
-9253
-10378
-10785
-11089
-11271
-11241
-11219
-11121
-10368
-8449
-5546
-2373
695
3614
6131
7886
8789
9231
9730
10329
10700
10485
9492
7727
5257
2344
-516
-2996
-4994
-6522
-7791
-8966
-10125
-11171
-11740
-11613
-10818
-9347
-7239
-4646
-1973
356
2293
3950
5367
6460
7154
7667
8119
8179
7613
6431
4909
3351
1882
744
-456
-3007
-7285
-11757
-14396
-14891
-14856
-15009
-14340
-12531
-10706
-9688
-8610
-6077
-2474
758
3583
7064
11338
14884
16228
15869
15265
14830
14103
12921
11819
10959
9418
6517
2817
-644
-3506
-6209
-8793
-10474
-10831
-10349
-9774
-9265
-8441
-7301
-6102
-4550
-2180
942
4266
7270
9833
11783
12819
12963
12487
11686
10828
9972
8959
7437
5149
2151
-1475
-5363
-8694
-10790
-11681
-11952
-12034
-11925
-11679
-11409
-10847
-9434
-6960
-3811
-525
2571
5334
7518
8906
9632
10076
10476
10775
10738
10152
8865
6765
3965
888
-1939
-4307
-6259
-7764
-8807
-9657
-10567
-11363
-11581
-10960
-9713
-8017
-5824
-3257
-723
1379
3143
4742
6083
6997
7485
7781
7910
7638
6818
5572
4128
2561
936
-338
-1188
-2701
-6031
-10504
-14010
-15264
-15145
-14987
-14399
-12567
-10204
-8547
-7447
-5549
-2380
902
3606
6558
10351
14094
16205
16224
15200
14049
12810
11346
9876
8706
7381
5087
1850
-1503
-4325
-6687
-8803
-10169
-10179
-9117
-7711
-6424
-5121
-3652
-2212
-723
1239
3866
6860
9581
11564
12633
12676
11844
10426
8713
7069
5626
4207
2471
183
-2519
-5432
-8424
-11015
-12563
-12831
-12202
-11160
-9850
-8336
-6913
-5614
-3947
-1520
1455
4345
6835
8842
10101
10422
9985
9219
8427
7543
6395
4912
3062
848
-1632
-4120
-6243
-7792
-8817
-9380
-9500
-9241
-8848
-8491
-7856
-6547
-4672
-2597
-495
1654
3652
5118
6008
6696
7362
7695
7488
6807
5939
4964
3515
1568
-417
-2119
-3499
-4604
-5283
-5552
-6546
-9208
-12585
-14707
-14585
-13213
-11855
-10143
-7431
-4518
-2466
-1170
505
3024
5479
7474
9703
12423
14593
14816
12977
10393
8060
6029
4140
2514
1402
286
-1606
-4100
-6292
-7629
-8286
-8455
-7671
-5601
-2802
-110
2049
3812
5322
6525
7687
9118
10748
12251
13166
13146
12063
9975
7301
4558
2011
-121
-1803
-3258
-4832
-6713
-8629
-10214
-11320
-11790
-11335
-9858
-7730
-5487
-3355
-1426
138
1361
2591
4206
6030
7473
8219
8270
7650
6363
4633
2909
1516
330
-923
-2278
-3619
-4853
-6008
-7009
-7614
-7699
-7327
-6588
-5580
-4456
-3462
-2648
-1715
-483
936
2354
3648
4750
5500
5712
5541
5256
4852
4235
3448
2718
2086
1230
-129
-1879
-3600
-4878
-5643
-5961
-5783
-5067
-4306
-4792
-7208
-10298
-11883
-11192
-9542
-8174
-6495
-3816
-1249
-216
-287
287
2080
3990
5554
7578
10153
11775
10954
8178
5297
3310
1912
741
76
121
72
-1040
-3014
-4711
-5442
-5394
-4679
-2849
158
3336
5572
6793
7623
8277
8595
8726
9221
10302
11369
11541
10458
8315
5554
2651
6
-2044
-3358
-4140
-4838
-5784
-6930
-7914
-8502
-8725
-8441
-7300
-5267
-2919
-1028
158
881
1336
1678
2297
3371
4620
5473
5514
4800
3544
1979
528
-548
-1396
-2190
-2909
-3410
-3833
-4509
-5319
-5845
-5868
-5469
-4794
-3845
-2638
-1473
-733
-353
126
995
2124
3149
3927
4568
4998
4918
4320
3488
2708
2128
1630
1209
901
439
-354
-1537
-2991
-4194
-4817
-4982
-4834
-4320
-3212
-2216
-3120
-6228
-9429
-10436
-9252
-7761
-6662
-4869
-2413
-1054
-1594
-2442
-1678
350
2105
3564
5662
7957
8664
6989
4351
2466
1506
853
515
940
1747
1653
72
-2022
-3197
-3078
-2192
-717
1608
4445
6687
7603
7636
7614
7701
7781
8132
9040
10104
10373
9281
7169
4677
2232
-45
-2019
-3344
-3851
-3962
-4403
-5355
-6359
-6975
-7262
-7302
-6625
-4896
-2599
-596
724
1448
1640
1278
807
1035
2055
3172
3647
3299
2385
1024
-629
-2142
-3090
-3421
-3317
-3015
-2761
-2813
-3303
-4027
-4579
-4589
-3933
-2680
-1107
271
1008
1025
783
846
1341
2023
2756
3539
4115
4123
3488
2580
1748
1070
639
637
993
1209
834
-210
-1480
-2516
-3301
-3759
-3673
-3109
-2476
-2100
-1729
-1045
-1014
-2956
-6107
-8099
-7776
-6530
-6114
-6069
-5183
-4059
-4048
-4798
-4615
-2988
-1214
-42
1406
3689
5599
5630
4218
3169
3247
3600
3511
3491
4029
4258
3142
1347
511
961
1567
1745
2268
3689
5157
5585
5216
5019
5251
5440
5413
5644
6308
6705
6144
4773
3223
1951
933
-1
-826
-1343
-1600
-2004
-2808
-3761
-4379
-4488
-4301
-3750
-2625
-1271
-340
16
177
307
97
-447
-619
-87
525
535
-97
-999
-1919
-2758
-3155
-2964
-2612
-2556
-2643
-2529
-2307
-2239
-2378
-2388
-2070
-1542
-921
-172
600
999
794
336
350
1010
1822
2245
2319
2409
2484
2332
2002
1776
1682
1509
1165
972
1114
1185
874
216
-457
-839
-920
-927
-1115
-1486
-1843
-1898
-1666
-1270
-732
-710
-2252
-5220
-7872
-8649
-8106
-7966
-8393
-8127
-7074
-6517
-6842
-6792
-5465
-3600
-2030
-164
2670
5477
6640
6075
5265
5269
5809
6203
6435
6797
6885
6092
4599
3257
2520
1981
1371
1174
1842
2840
3181
2773
2319
2173
2132
2107
2434
3245
4085
4475
4437
4222
3820
3124
2210
1391
980
965
1029
859
419
-194
-982
-1907
-2607
-2682
-2209
-1643
-1239
-920
-887
-1578
-2839
-3849
-4000
-3514
-2875
-2228
-1636
-1477
-1939
-2556
-2821
-2706
-2420
-1866
-911
97
601
419
-129
-667
-990
-1014
-649
10
613
819
549
125
-172
-343
-339
69
894
1758
2269
2365
2259
2015
1660
1448
1663
2228
2700
2746
2392
1887
1270
523
-288
-1047
-1679
-2206
-2484
-2475
-2427
-2672
-3168
-3492
-3558
-3943
-5191
-6946
-8198
-8433
-8138
-7910
-7586
-6753
-5714
-5214
-5065
-4263
-2505
-645
665
1986
3852
5631
6389
6335
6329
6444
6094
5322
4974
5299
5467
4765
3532
2522
1849
1166
544
456
927
1338
1389
1475
2019
2700
2871
2616
2644
3248
3963
4393
4706
5083
5160
4585
3647
2939
2567
2145
1541
1048
873
718
145
-824
-1860
-2664
-3154
-3361
-3245
-2952
-2808
-3090
-3720
-4289
-4532
-4497
-4354
-4074
-3549
-2942
-2509
-2280
-2057
-1787
-1596
-1397
-967
-339
173
341
285
161
-88
-403
-515
-329
-58
36
-63
-134
-89
-13
88
309
703
1232
1801
2389
2957
3374
3502
3370
3184
3073
2971
2788
2487
2068
1537
893
172
-611
-1423
-2111
-2554
-2797
-2902
-2890
-2777
-2728
-2902
-3147
-3142
-2786
-2305
-1884
-1517
-1211
-1103
-1300
-1669
-1982
-2161
-2278
-2401
-2507
-2597
-2718
-2975
-3365
-3727
-3887
-3776
-3505
-3214
-2920
-2557
-2096
-1588
-1072
-511
195
1062
2007
2911
3682
4292
4769
5176
5552
5907
6204
6384
6446
6372
6170
5926
5655
5328
4924
4483
4120
3836
3511
3150
2869
2668
2447
2158
1864
1671
1519
1287
1003
768
601
376
1
-446
-828
-1119
-1433
-1756
-2013
-2243
-2570
-3038
-3487
-3779
-3992
-4244
-4481
-4614
-4668
-4728
-4803
-4752
-4531
-4213
-3869
-3491
-3023
-2478
-1926
-1465
-1066
-602
-9
617
1125
1509
1861
2195
2390
2427
2436
2509
2540
2368
2045
1733
1475
1185
840
578
493
503
503
495
544
643
690
661
683
840
1099
1353
1500
1495
1299
959
608
352
204
86
-112
-484
-1042
-1678
-2318
-3037
-3890
-4773
-5477
-5886
-6077
-6185
-6295
-6428
-6515
-6412
-6036
-5415
-4667
-3891
-3129
-2369
-1548
-695
71
670
1151
1681
2353
3073
3685
4114
4361
4492
4559
4597
4686
4855
5022
5078
5004
4914
4909
4965
5023
5114
5284
5498
5633
5590
5392
5079
4668
4188
3721
3387
3154
2867
2395
1770
1122
513
-61
-568
-940
-1202
-1459
-1783
-2132
-2458
-2812
-3238
-3684
-3996
-4112
-4105
-4113
-4176
-4208
-4204
-4171
-4112
-3947
-3655
-3391
-3229
-3074
-2767
-2352
-2016
-1841
-1737
-1595
-1449
-1349
-1243
-1075
-892
-754
-630
-412
-93
227
480
723
1081
1577
2095
2530
2856
3098
3275
3416
3507
3542
3505
3380
3167
2864
2469
1980
1408
783
212
-219
-490
-700
-968
-1281
-1551
-1686
-1723
-1730
-1735
-1711
-1650
-1589
-1564
-1616
-1825
-2245
-2787
-3273
-3583
-3756
-3913
-4133
-4403
-4662
-4832
-4834
-4692
-4440
-4135
-3788
-3346
-2777
-2109
-1473
-961
-534
-30
666
1491
2307
3007
3571
4056
4529
5022
5498
5844
5976
5935
5848
5796
5761
5664
5449
5136
4793
4508
4324
4172
3922
3521
3094
2812
2734
2760
2730
2559
2227
1820
1469
1256
1152
1019
772
478
239
37
-242
-674
-1201
-1700
-2086
-2353
-2540
-2719
-2998
-3419
-3928
-4425
-4823
-5114
-5314
-5371
-5230
-4926
-4594
-4326
-4098
-3866
-3574
-3183
-2644
-1979
-1301
-709
-253
85
317
451
534
657
874
1123
1312
1413
1443
1410
1300
1146
1065
1123
1253
1378
1497
1646
1795
1871
1888
1935
2035
2118
2092
1970
1831
1684
1481
1188
869
591
296
-78
-487
-795
-1005
-1239
-1575
-1931
-2208
-2443
-2717
-3031
-3314
-3564
-3827
-4089
-4293
-4413
-4478
-4532
-4564
-4488
-4239
-3848
-3443
-3131
-2877
-2570
-2164
-1714
-1260
-775
-259
229
673
1147
1721
2356
2929
3366
3731
4120
4527
4883
5165
5399
5605
5763
5864
5932
5972
5957
5871
5718
5552
5409
5275
5108
4886
4602
4251
3822
3345
2912
2582
2288
1918
1458
978
529
101
-306
-674
-1001
-1319
-1633
-1920
-2182
-2467
-2823
-3223
-3556
-3735
-3809
-3918
-4169
-4546
-4936
-5219
-5341
-5314
-5210
-5096
-4978
-4796
-4502
-4146
-3833
-3585
-3333
-2965
-2417
-1741
-1085
-588
-283
-64
206
583
1000
1353
1592
1763
1958
2202
2427
2532
2495
2400
2370
2464
2633
2747
2710
2535
2333
2197
2114
2005
1815
1568
1347
1198
1092
962
752
448
105
-179
-350
-464
-612
-818
-1053
-1294
-1561
-1868
-2200
-2530
-2840
-3142
-3463
-3828
-4214
-4578
-4892
-5126
-5246
-5248
-5156
-4970
-4637
-4139
-3569
-3057
-2621
-2183
-1664
-1055
-403
248
869
1457
2018
2542
3019
3462
3875
4254
4636
5069
5551
5967
6192
6240
6228
6227
6222
6172
6101
6026
5893
5653
5361
5101
4852
4522
4120
3747
3457
3175
2814
2384
1942
1501
1035
565
144
-191
-495
-840
-1217
-1589
-1972
-2385
-2796
-3132
-3372
-3589
-3844
-4107
-4312
-4465
-4646
-4880
-5098
-5231
-5273
-5228
-5082
-4866
-4700
-4644
-4590
-4376
-3960
-3498
-3085
-2695
-2254
-1777
-1314
-878
-471
-104
214
526
890
1262
1542
1693
1781
1906
2092
2279
2411
2478
2502
2508
2526
2577
2644
2687
2674
2596
2479
2349
2201
2022
1827
1648
1501
1346
1126
835
512
196
-92
-349
-592
-840
-1083
-1295
-1482
-1703
-1999
-2347
-2683
-2944
-3110
-3213
-3345
-3583
-3920
-4245
-4445
-4488
-4432
-4367
-4306
-4171
-3863
-3388
-2855
-2380
-1989
-1624
-1187
-600
121
854
1446
1876
2268
2744
3290
3784
4167
4441
4659
4879
5140
5422
5613
5618
5462
5292
5239
5292
5338
5282
5126
4933
4763
4631
4510
4357
4145
3877
3588
3312
3038
2698
2238
1691
1163
713
297
-161
-688
-1232
-1744
-2200
-2604
-2986
-3389
-3817
-4222
-4539
-4755
-4904
-5019
-5120
-5189
-5197
-5134
-5034
-4947
-4880
-4786
-4610
-4352
-4046
-3740
-3466
-3233
-3010
-2745
-2403
-1990
-1542
-1100
-680
-280
94
425
710
978
1255
1547
1805
2000
2143
2261
2375
2457
2501
2561
2637
2705
2735
2738
2725
2657
2490
2253
2034
1868
1710
1512
1283
1056
832
597
353
104
-157
-420
-655
-821
-924
-1015
-1140
-1286
-1418
-1536
-1651
-1756
-1827
-1871
-1919
-2013
-2184
-2457
-2827
-3221
-3530
-3698
-3761
-3804
-3853
-3868
-3772
-3526
-3168
-2788
-2426
-2027
-1513
-848
-114
580
1160
1644
2117
2662
3308
3970
4496
4828
5050
5292
5581
5835
5964
5946
5821
5657
5511
5390
5240
4998
4667
4337
4072
3865
3639
3336
2980
2645
2393
2190
1953
1630
1252
877
535
235
-55
-375
-763
-1190
-1599
-1960
-2325
-2759
-3255
-3714
-4048
-4259
-4413
-4579
-4773
-4964
-5088
-5098
-5001
-4866
-4749
-4640
-4482
-4234
-3934
-3647
-3416
-3218
-2983
-2652
-2253
-1849
-1496
-1202
-927
-638
-333
-52
175
350
529
755
1005
1218
1344
1410
1482
1632
1880
2171
2404
2541
2623
2692
2768
2840
2880
2853
2771
2690
2654
2613
2462
2182
1853
1567
1317
1083
834
560
238
-141
-524
-855
-1144
-1429
-1702
-1923
-2052
-2120
-2180
-2264
-2342
-2377
-2355
-2305
-2281
-2329
-2461
-2640
-2831
-2992
-3097
-3150
-3179
-3172
-3091
-2904
-2636
-2356
-2098
-1829
-1466
-962
-354
262
812
1270
1674
2076
2518
2997
3462
3865
4210
4549
4914
5261
5508
5602
5579
5526
5507
5501
5436
5271
5014
4702
4383
4099
3844
3577
3259
2901
2554
2248
1939
1574
1146
697
268
-137
-527
-896
-1246
-1594
-1964
-2326
-2654
-2947
-3242
-3559
-3864
-4130
-4364
-4573
-4755
-4902
-5020
-5110
-5154
-5130
-5032
-4870
-4660
-4402
-4095
-3739
-3338
-2929
-2552
-2206
-1854
-1488
-1121
-767
-434
-127
137
355
546
721
875
1009
1147
1314
1491
1654
1794
1912
2004
2085
2179
2306
2444
2543
2592
2607
2583
2518
2438
2370
2301
2201
2064
1926
1788
1612
1388
1140
885
631
385
139
-120
-417
-753
-1094
-1389
-1611
-1791
-1963
-2125
-2231
-2253
-2220
-2181
-2157
-2148
-2142
-2127
-2088
-2055
-2092
-2222
-2390
-2513
-2541
-2484
-2402
-2328
-2240
-2071
-1776
-1387
-985
-619
-278
88
528
1047
1600
2104
2492
2791
3095
3455
3833
4151
4379
4541
4680
4814
4927
4966
4876
4661
4388
4144
3954
3770
3528
3211
2850
2495
2179
1900
1620
1312
996
712
486
290
83
-159
-443
-750
-1030
-1242
-1399
-1560
-1761
-2001
-2253
-2508
-2771
-3037
-3291
-3525
-3733
-3891
-3984
-4023
-4042
-4066
-4093
-4100
-4063
-3951
-3761
-3503
-3197
-2875
-2557
-2238
-1901
-1548
-1196
-870
-565
-249
83
402
664
868
1021
1131
1210
1276
1340
1393
1433
1476
1550
1662
1776
1850
1877
1894
1931
1993
2068
2130
2159
2144
2081
1977
1843
1682
1484
1247
1004
801
639
476
268
1
-303
-610
-879
-1094
-1272
-1447
-1635
-1810
-1946
-2038
-2099
-2141
-2150
-2106
-1974
-1758
-1495
-1243
-1046
-919
-842
-789
-771
-802
-895
-1024
-1144
-1221
-1264
-1301
-1330
-1327
-1257
-1098
-839
-504
-148
199
539
893
1261
1614
1932
2203
2445
2677
2903
3121
3310
3458
3560
3636
3704
3756
3773
3732
3637
3497
3321
3112
2874
2621
2364
2116
1867
1617
1356
1083
813
554
318
106
-96
-293
-488
-682
-880
-1100
-1336
-1572
-1780
-1949
-2091
-2224
-2358
-2503
-2673
-2853
-3006
-3098
-3133
-3120
-3078
-3008
-2922
-2839
-2758
-2655
-2509
-2320
-2100
-1854
-1576
-1301
-1070
-892
-736
-578
-403
-223
-49
126
280
394
468
522
567
606
643
700
786
878
949
993
1017
1035
1054
1083
1119
1161
1194
1207
1195
1171
1141
1100
1046
995
937
864
775
663
524
345
140
-64
-246
-397
-529
-665
-815
-962
-1092
-1199
-1264
-1287
-1263
-1205
-1135
-1047
-938
-818
-697
-579
-445
-300
-164
-66
-20
-39
-116
-230
-352
-445
-504
-543
-568
-573
-556
-518
-448
-338
-204
-54
111
298
491
676
829
946
1039
1128
1243
1390
1559
1715
1833
1915
1977
2036
2094
2130
2138
2120
2080
2028
1971
1889
1765
1601
1432
1292
1179
1075
963
835
704
588
497
425
350
242
112
-8
-101
-176
-257
-365
-496
-633
-761
-873
-997
-1145
-1313
-1470
-1587
-1656
-1695
-1736
-1803
-1886
-1938
-1934
-1871
-1786
-1699
-1616
-1528
-1425
-1308
-1185
-1072
-977
-887
-790
-668
-531
-413
-335
-296
-271
-236
-192
-146
-107
-79
-60
-48
-37
-14
19
41
49
60
83
124
170
208
228
230
229
230
231
223
201
161
112
69
45
35
18
-16
-56
-82
-96
-105
-118
-133
-141
-137
-113
-68
-13
31
66
98
145
208
271
325
363
377
358
313
239
136
12
-125
-246
-339
-398
-438
-467
-482
-484
-458
-403
-319
-206
-75
73
216
354
482
588
664
711
757
812
880
961
1043
1117
1170
1204
1232
1257
1281
1296
1300
1297
1288
1275
1255
1219
1168
1103
1036
983
952
944
944
928
890
841
794
749
709
668
621
567
500
425
348
260
155
33
-99
-228
-366
-517
-680
-852
-1023
-1182
-1309
-1405
-1484
-1561
-1628
-1667
-1678
-1665
-1637
-1597
-1547
-1485
-1413
-1339
-1269
-1217
-1189
-1164
-1125
-1064
-995
-932
-886
-859
-843
-824
-796
-761
-728
-695
-655
-600
-528
-459
-406
-368
-335
-285
-212
-122
-25
66
137
185
233
282
331
369
397
417
433
451
466
470
461
435
400
363
338
322
311
305
294
284
280
295
319
348
381
418
459
496
533
568
593
603
585
544
485
415
339
263
193
124
56
-6
-61
-98
-115
-129
-149
-162
-154
-126
-85
-41
-2
31
65
100
153
219
285
341
390
447
510
575
637
689
739
781
817
842
858
861
851
837
825
819
821
818
804
774
748
727
710
701
691
676
650
616
580
533
474
396
303
204
109
20
-74
-180
-302
-433
-552
-652
-725
-767
-798
-823
-840
-840
-823
-802
-780
-766
-758
-749
-734
-721
-722
-741
-778
-828
-878
-923
-957
-980
-1005
-1034
-1068
-1090
-1100
-1099
-1089
-1072
-1052
-1034
-1005
-960
-898
-829
-766
-706
-633
-547
-452
-349
-249
-155
-74
4
80
151
215
270
313
350
383
416
437
442
435
426
421
419
423
434
448
451
446
442
443
443
442
442
446
452
458
458
457
452
445
433
430
428
422
410
388
361
331
295
258
229
207
182
158
135
103
76
55
50
59
73
85
95
106
117
129
136
138
139
142
143
148
144
131
108
88
79
87
113
139
156
177
201
229
264
300
331
357
384
411
438
462
468
457
437
426
430
441
453
450
436
425
417
409
402
388
357
314
272
231
194
144
78
10
-51
-89
-114
-132
-157
-195
-240
-282
-314
-344
-375
-409
-457
-506
-554
-604
-663
-729
-802
-859
-900
-926
-934
-944
-956
-971
-984
-975
-950
-919
-880
-840
-795
-747
-704
-668
-642
-618
-590
-560
-525
-486
-444
-409
-375
-344
-303
-247
-183
-122
-65
-12
31
76
126
178
236
293
344
394
441
488
527
558
584
600
619
637
651
661
655
639
608
579
554
526
491
443
396
359
326
298
269
241
218
191
163
143
117
86
49
14
-14
-39
-60
-82
-106
-129
-145
-155
-159
-151
-135
-116
-99
-90
-87
-80
-76
-70
-62
-57
-48
-39
-25
-6
15
34
58
85
121
168
224
285
339
387
433
480
525
563
596
623
641
654
665
670
661
644
627
607
593
