-9
-9
-7
-6
-4
-4
-2
-1
-2
-1
0
1
1
2
2
4
4
4
4
3
4
5
5
7
9
8
8
6
6
6
5
6
6
6
6
5
5
3
3
3
3
4
6
6
7
7
6
5
5
3
3
2
1
0
0
1
0
1
0
0
0
0
0
0
-1
-1
-1
-1
0
0
1
2
2
2
3
3
3
4
3
4
5
4
5
6
5
6
8
7
8
8
7
8
9
9
9
10
10
9
9
9
10
10
9
8
6
5
4
1
1
1
2
3
3
2
1
1
1
-1
0
1
2
4
5
5
5
3
1
-1
0
0
0
1
0
1
1
0
-1
-2
-2
-2
-3
-2
-1
-1
-2
-3
-4
-6
-5
-5
-4
-3
-3
-5
-6
-6
-7
-8
-9
-10
-10
-11
-11
-11
-12
-13
-13
-14
-13
-13
-14
-12
-14
-14
-16
-17
-19
-20
-21
-20
-20
-18
-18
-17
-17
-16
-15
-16
-16
-16
-15
-14
-13
-12
-10
-9
-9
-9
-9
-7
-6
-5
-3
-1
1
2
2
2
2
1
1
3
3
5
6
7
9
11
12
13
13
14
16
15
15
15
13
12
12
12
12
12
12
13
14
15
16
17
17
15
14
11
13
13
14
13
13
13
12
9
9
7
5
5
6
7
7
8
8
8
8
6
6
5
4
4
5
7
6
7
7
6
4
4
4
6
7
8
8
8
8
7
6
5
5
5
5
5
4
4
5
3
3
2
3
3
2
3
2
2
0
0
-2
-3
-3
-4
-4
-4
-3
-3
-2
-3
-4
-5
-8
-7
-8
-8
-7
-8
-9
-10
-10
-12
-15
-15
-15
-14
-13
-12
-11
-11
-12
-12
-14
-13
-13
-12
-8
-7
-6
-5
-5
-6
-8
-9
-9
-10
-9
-8
-7
-5
-6
-5
-6
-5
-5
-4
-4
-2
-3
-2
-3
-3
-4
-4
-6
-5
-4
-4
-3
-2
-1
-2
-2
-4
-4
-3
-2
-1
0
3
4
4
5
5
3
1
1
1
4
4
5
4
4
3
2
2
1
2
1
3
3
5
5
5
4
2
2
2
3
3
5
6
5
5
4
3
1
1
1
2
4
5
7
6
5
3
3
1
0
1
2
3
3
5
4
4
2
0
0
0
1
1
2
2
2
2
1
0
0
1
1
3
2
3
1
1
1
-2
-4
-4
-4
-2
-1
1
2
4
6
6
5
3
3
1
1
1
1
2
3
3
2
2
0
0
0
2
3
3
3
2
1
-1
-2
-6
-6
-5
-4
-3
-1
-1
2
2
2
3
1
0
0
0
0
-1
-1
-1
-4
-5
-7
-5
-5
-4
-2
0
2
-1
0
-2
-2
-3
-2
-1
-1
0
0
2
1
1
1
0
1
0
0
-1
0
0
-2
-2
-2
-4
-3
-1
0
0
1
0
2
1
2
3
4
3
5
5
5
3
3
3
2
3
2
3
3
3
3
3
2
1
-1
0
-2
-2
-1
-1
-1
-1
1
1
2
1
0
-1
-2
-4
-4
-4
-3
-1
1
2
2
2
0
0
0
1
1
2
4
6
5
5
5
4
2
3
5
7
8
11
13
14
13
12
10
9
8
7
7
6
5
4
3
1
2
3
4
4
6
8
7
6
4
4
2
1
0
0
1
2
1
0
-2
-5
-8
-11
-11
-12
-13
-12
-12
-13
-15
-17
-20
-21
-21
-20
-19
-18
-16
-15
-15
-17
-18
-20
-20
-18
-18
-15
-14
-14
-13
-13
-14
-14
-15
-15
-14
-12
-10
-10
-9
-9
-10
-11
-12
-13
-11
-9
-7
-5
-3
0
1
0
-1
-1
0
2
3
5
7
9
9
9
7
7
6
6
8
8
9
10
12
14
15
13
13
13
12
11
13
13
13
13
12
11
9
6
6
6
8
9
10
9
9
11
10
10
11
11
11
13
12
11
12
8
8
8
7
7
8
7
7
7
7
7
6
7
5
5
6
6
6
7
6
6
5
8
9
10
10
10
11
9
8
10
9
9
8
8
8
7
5
5
5
4
3
4
4
4
4
4
2
0
0
-1
1
2
3
4
5
3
0
-2
-4
-6
-6
-4
-4
-2
-2
-3
-5
-7
-11
-13
-14
-13
-12
-11
-11
-11
-11
-14
-16
-19
-18
-15
-14
-11
-9
-8
-8
-12
-15
-17
-19
-20
-19
-17
-15
-13
-13
-13
-14
-16
-17
-16
-14
-11
-11
-10
-12
-13
-16
-17
-18
-16
-14
-11
-9
-8
-9
-8
-9
-11
-11
-10
-7
-4
-1
0
0
-2
-4
-6
-7
-7
-5
-3
1
2
4
4
3
1
-2
-2
-2
-1
2
4
5
6
7
6
5
5
6
8
12
14
16
19
18
16
14
15
14
15
14
15
14
13
11
8
6
3
3
3
4
6
8
8
7
6
3
3
1
3
4
4
4
5
6
5
5
4
4
5
6
7
8
9
9
7
6
6
5
5
7
8
10
10
9
8
7
5
5
6
6
8
8
10
10
10
8
7
5
4
5
6
8
7
8
8
8
8
7
7
8
9
10
11
11
10
10
9
7
7
6
6
5
6
6
7
7
7
7
6
3
2
-1
-2
-2
-4
-4
-2
-2
-2
-3
-4
-5
-6
-8
-8
-8
-8
-8
-8
-7
-10
-9
-11
-13
-13
-13
-13
-13
-13
-13
-14
-15
-17
-17
-17
-17
-17
-17
-16
-16
-18
-19
-21
-23
-25
-25
-24
-24
-22
-23
-22
-24
-23
-25
-23
-23
-22
-21
-21
-20
-20
-21
-21
-19
-19
-16
-12
-8
-4
-2
-1
-2
-2
-3
-3
-2
-1
1
3
3
4
4
5
5
5
6
9
11
11
12
13
13
11
12
11
12
13
13
15
16
16
16
15
16
13
13
14
15
16
17
20
19
18
14
13
12
11
13
14
15
16
15
16
14
13
12
12
13
14
15
16
16
16
14
13
10
10
10
9
9
9
9
8
9
7
6
5
4
5
6
6
7
7
8
8
8
9
6
5
5
2
2
0
-2
-2
-2
-3
-4
-5
-5
-6
-6
-6
-6
-7
-8
-9
-9
-10
-11
-12
-15
-16
-15
-15
-14
-14
-13
-12
-13
-12
-12
-12
-12
-10
-10
-10
-9
-10
-13
-15
-15
-16
-15
-15
-13
-9
-7
-5
-3
-3
-6
-6
-7
-6
-4
-2
1
2
2
2
-1
-3
-5
-7
-5
-4
0
0
1
0
-1
-2
-1
-2
0
3
4
8
9
8
6
3
1
-3
-4
-3
-1
2
4
6
5
5
4
2
2
2
2
3
4
4
3
2
1
-2
-1
-1
2
4
7
9
8
8
7
4
3
2
2
3
3
3
3
3
2
1
0
1
2
4
4
4
4
2
1
-1
-2
-3
-3
-2
0
2
1
3
1
0
-3
-3
-3
-2
-1
1
2
4
3
4
4
4
3
3
4
5
5
5
4
1
-1
-3
-5
-5
-2
-2
-1
1
1
0
-1
-1
-4
-3
-3
-2
-2
-2
-4
-5
-5
-7
-7
-6
-5
-4
-4
-2
-2
-2
-3
-3
-4
-4
-2
0
2
3
5
5
4
4
2
1
0
-1
-3
-3
-3
-4
-4
-2
-2
-1
1
1
0
1
3
1
1
2
2
2
3
2
1
1
2
3
4
5
6
6
7
7
5
2
1
0
0
2
3
5
6
5
5
3
3
2
3
3
4
5
7
6
3
1
0
-3
-4
-5
-3
-2
-2
-3
-5
-6
-6
-8
-8
-6
-6
-5
-3
-1
-2
-2
-4
-6
-6
-4
-4
-3
-2
-1
0
-2
-4
-5
-6
-7
-6
-5
-3
-2
-3
-3
-3
-4
-4
-3
-3
-1
2
3
3
4
3
1
0
1
1
2
4
7
7
8
7
4
2
3
2
0
1
2
3
4
3
3
3
2
2
2
1
3
5
6
6
5
3
2
2
1
1
2
2
3
4
3
2
0
-2
-3
-3
-1
-1
2
4
3
2
2
1
-1
1
1
2
5
6
7
5
4
1
-3
-4
-4
-3
0
2
3
4
4
0
-2
-5
-6
-7
-5
-4
-4
-2
-4
-7
-10
-14
-14
-13
-10
-7
-5
-3
-2
-4
-6
-9
-11
-10
-8
-5
-2
0
0
0
-3
-3
-4
-4
-2
0
3
3
4
3
0
0
-1
-3
-1
1
3
6
7
7
4
2
-1
-3
-3
-1
0
3
4
6
6
3
1
2
1
3
5
7
8
8
6
4
2
-1
-2
-2
-3
-1
2
2
2
2
1
1
-1
-1
1
3
5
4
3
2
0
-3
-5
-5
-7
-4
-1
1
2
3
3
2
1
-1
-1
-1
-1
-1
1
2
3
3
3
3
2
3
3
3
3
4
4
4
4
3
3
3
3
3
5
6
7
7
6
5
3
2
1
1
1
2
2
3
2
2
1
0
-1
0
0
-1
-1
-1
-2
-3
-4
-5
-6
-7
-7
-7
-6
-5
-2
-1
-1
-1
-1
-2
-3
-4
-4
-5
-4
-4
-5
-5
-3
-4
-2
-2
-5
-5
-5
-3
-4
-3
-3
-1
-2
-2
-4
-5
-5
-6
-5
-4
-2
-1
0
1
0
-2
-1
-3
-2
-2
-1
0
0
0
-1
-1
-2
-1
-1
0
2
2
4
3
2
2
2
2
2
4
6
7
6
6
6
4
2
0
-1
-2
1
2
1
4
3
1
-1
-3
-3
-2
-2
1
3
4
3
2
1
1
0
1
3
5
7
9
9
8
5
3
1
0
1
1
2
2
2
0
-1
-2
-3
-2
0
1
2
4
3
2
-1
-4
-5
-6
-6
-5
-2
0
1
2
0
-1
-4
-5
-5
-3
-2
-1
0
-2
-2
-5
-5
-5
-5
-3
-1
1
3
4
3
0
-2
-3
-2
-1
1
3
4
4
4
2
1
-1
-2
-2
-1
1
3
3
2
2
-1
-3
-3
-2
1
2
6
7
7
6
4
1
-2
-4
-3
-3
-1
0
1
0
-3
-4
-6
-7
-7
-5
-3
-1
1
1
-1
-2
-4
-4
-4
-3
-2
0
1
3
3
1
-1
-2
-3
-2
-1
1
1
1
2
3
1
-1
0
1
2
3
4
4
3
1
-1
-2
-4
-5
-4
-4
-3
-1
-1
1
1
1
-1
-2
-2
-1
-1
1
2
2
4
2
0
-2
-3
-4
-3
0
2
3
4
3
1
-1
-2
-3
-2
-1
1
2
3
3
1
0
0
-2
-1
0
4
7
8
8
7
5
2
0
-1
-3
-1
2
3
3
4
2
0
-2
-3
-4
-1
2
4
5
5
4
2
-1
-3
-4
-4
-2
1
3
4
4
3
2
0
-1
-2
-1
2
1
4
4
1
1
-3
-5
-6
-4
-2
-1
1
2
1
-1
-2
-3
-5
-5
-3
1
3
5
4
3
1
0
-3
-2
1
2
2
4
4
1
-1
-3
-4
-4
-5
-4
-2
1
0
1
-1
-2
-5
-6
-6
-6
-5
-4
-3
-3
-6
-6
-9
-9
-10
-7
-5
-3
1
1
0
-2
-3
-4
-4
-4
-5
-3
-1
-1
-1
-1
0
-1
1
1
1
1
2
2
1
0
-1
-2
-1
-1
0
0
1
3
3
3
4
2
3
3
3
3
3
4
6
7
7
5
6
5
6
4
5
5
6
6
5
6
5
4
3
2
1
-1
0
0
-1
1
1
0
0
-2
-4
-5
-4
-2
-1
2
4
4
4
3
3
1
1
0
1
2
4
5
5
4
3
0
-1
-2
-2
-1
0
2
2
1
-1
-3
-4
-5
-7
-5
-3
-3
-1
-3
-4
-6
-8
-8
-8
-7
-4
-2
1
2
0
-1
-3
-6
-8
-7
-5
-3
-2
0
1
-1
-3
-4
-6
-5
-2
0
2
6
5
4
2
0
-2
-2
-1
0
3
4
5
3
2
-1
-4
-3
-3
0
2
3
6
6
6
3
1
-2
0
1
2
4
5
5
5
4
1
1
1
2
4
6
7
6
5
3
0
-3
-3
-2
-2
0
4
5
5
3
1
-2
-4
-5
-5
-3
-1
1
2
1
1
-1
-3
-3
-3
-1
1
2
3
3
1
0
-2
-4
-4
-4
-3
-1
0
1
0
-1
-1
-3
-4
-4
-4
-2
-1
1
2
3
3
2
2
0
0
0
2
4
5
4
6
4
3
0
-1
-2
-2
-2
-1
1
2
2
1
0
-2
-4
-5
-5
-4
-4
-2
-3
-3
-3
-4
-4
-4
-2
-2
-1
0
0
0
0
-2
-3
-4
-3
-2
-1
0
1
1
0
0
-2
-3
-2
-2
-1
2
3
3
3
2
2
0
0
0
0
2
4
4
5
4
2
2
2
1
2
2
2
2
1
0
0
-1
-2
-2
-1
0
2
2
2
3
0
-1
-3
-4
-5
-4
-3
-1
-2
-3
-4
-5
-6
-7
-5
-4
-1
0
2
2
2
-1
-2
-2
-2
-1
-1
2
2
2
2
1
-1
-3
-3
-1
1
2
4
4
3
2
2
1
1
1
3
5
5
5
4
2
-1
-3
-5
-6
-4
-2
0
1
4
3
2
1
-1
-2
-2
-1
1
2
4
3
3
1
-1
-2
-2
-1
0
2
3
3
2
0
-2
-3
-4
-5
-4
-3
-1
-1
0
-1
-1
-2
-3
-4
-2
-2
0
2
3
3
3
1
0
1
0
2
3
6
6
6
5
2
1
-1
-1
0
0
3
4
5
6
5
3
2
3
2
3
5
5
7
7
8
7
3
1
1
0
0
2
3
4
3
3
-1
-3
-5
-4
-3
-2
-2
0
0
0
-3
-5
-6
-6
-5
-4
0
1
2
2
0
-1
-4
-5
-5
-4
-2
0
2
3
2
0
-3
-5
-7
-5
-4
-3
0
1
1
1
-2
-5
-5
-6
-4
-3
1
3
3
3
1
-2
-3
-4
-3
-1
1
3
4
3
2
-1
-4
-6
-6
-4
-1
1
3
4
2
1
-1
-3
-4
-4
-2
-1
1
2
1
-1
-3
-6
-8
-7
-6
-3
-1
1
2
0
0
-2
-3
-2
0
1
2
4
3
2
0
-1
-3
-3
-3
-1
1
3
4
4
4
2
0
0
-2
0
1
2
4
6
6
4
3
1
0
0
1
3
5
7
8
7
5
3
0
-1
0
0
2
2
4
3
-1
-3
-4
-6
-6
-4
-1
1
3
3
3
1
-1
-3
-4
-4
-2
0
2
2
2
0
-1
-3
-4
-4
-4
-2
0
1
1
-1
-4
-6
-6
-5
-5
-3
2
5
6
5
4
1
-2
-4
-2
-1
2
5
6
6
4
3
0
-3
-2
-3
-1
1
2
2
1
-2
-4
-5
-5
-6
-3
-1
1
3
2
2
0
-1
-2
-1
1
3
5
6
7
5
4
0
-1
-3
-2
-1
1
3
5
3
2
0
-2
-2
-3
-1
1
4
5
4
5
0
-2
-4
-4
-3
0
2
4
5
6
5
3
0
-1
-1
0
1
4
5
6
5
3
1
-1
-2
-2
-1
-1
1
2
0
-1
-2
-4
-6
-5
-5
-3
-1
-1
-2
-3
-5
-6
-7
-7
-8
-7
-5
-3
-1
-1
0
-2
-2
-4
-3
-2
-1
0
1
2
2
0
0
0
-1
0
1
2
2
1
2
0
-1
-2
-3
-1
1
3
4
4
3
2
1
-2
-3
-2
-2
-2
1
1
1
1
-1
-3
-4
-3
-3
-3
-2
1
0
0
1
-1
-2
-3
-3
-1
-1
0
1
3
4
0
-2
-2
-5
-4
-2
-2
-1
-1
0
0
0
-1
-3
-2
-2
-1
2
4
5
5
4
3
1
1
0
1
3
5
7
8
7
4
1
0
-1
0
1
3
6
6
6
6
3
2
-1
-2
-1
0
1
2
2
2
0
-3
-4
-6
-5
-3
0
1
2
3
1
0
-3
-3
-4
-2
0
3
4
3
3
2
-1
-3
-3
-4
-1
-1
1
2
2
0
-1
-2
-4
-4
-3
-1
2
2
3
2
2
0
-2
-2
-2
-1
1
3
4
4
3
2
-1
-1
-2
-2
0
1
3
3
3
3
1
0
-1
-2
0
1
3
3
4
2
-1
-3
-5
-6
-6
-4
-3
0
1
0
0
-2
-2
-4
-4
-3
-1
0
1
1
0
-2
-3
-4
-4
-2
-1
0
2
2
3
2
0
-1
-3
-2
-1
0
2
3
2
1
0
-1
-3
-3
-2
0
0
1
0
-2
-3
-5
-6
-6
-4
-3
-1
1
2
3
1
-2
-3
-5
-3
-2
-1
1
3
2
1
-1
-1
-2
-3
0
0
3
5
6
5
3
1
-1
-2
-3
-2
0
2
3
3
3
1
0
-2
-1
0
1
2
4
4
5
4
3
2
1
1
2
3
4
4
5
3
2
0
-1
-1
0
1
3
5
5
4
3
0
-1
-2
-3
-1
1
3
4
4
3
1
0
-1
-2
-2
-1
0
-1
0
0
0
-2
-2
-2
-2
0
0
1
3
3
2
1
0
-1
0
0
1
2
3
2
1
-1
-2
-4
-5
-6
-5
-5
-4
-3
-3
-3
-1
-2
-1
-1
-1
0
1
2
1
0
-2
-2
-2
-4
-2
-2
-1
-1
-1
-1
-2
-2
-3
-3
-3
-3
-2
-1
-1
0
-1
-2
-3
-3
-4
-4
-4
-1
-2
0
0
0
-1
0
-2
0
0
0
2
2
3
2
2
2
2
1
1
2
3
3
4
4
1
0
-1
-1
-3
0
0
1
2
2
2
0
0
-3
-5
-4
-3
-3
1
2
3
1
0
0
-2
-2
-1
2
3
4
5
4
2
1
-2
-2
-1
0
4
6
7
6
5
3
0
-2
-2
0
3
6
9
9
9
7
5
3
1
0
1
3
5
5
4
1
0
-3
-6
-6
-6
-5
-2
0
1
0
-3
-4
-5
-6
-5
-3
-3
0
1
1
-1
-3
-4
-7
-6
-5
-3
-1
0
0
-1
-1
-2
-4
-5
-4
-3
-2
0
0
0
-1
-2
-3
-2
-2
-1
1
2
1
1
0
-1
-3
-2
-3
-2
0
1
3
3
3
3
2
1
0
1
1
2
2
2
1
-1
-1
0
-1
-1
-1
0
0
1
1
1
0
0
-2
-2
-1
1
1
2
2
1
1
0
-2
-1
-1
0
2
3
4
2
1
0
-1
-2
-1
-1
0
0
2
0
-1
0
-2
-3
-3
-1
0
1
2
3
3
1
0
-3
-2
-2
-1
1
2
2
1
1
-1
-1
-2
-2
0
2
4
5
4
1
0
-3
-3
-4
-2
1
3
4
3
3
1
0
-2
-3
-3
0
1
3
5
5
3
0
-2
-4
-4
-3
-3
0
1
0
-2
-4
-7
-8
-7
-5
-3
0
4
5
5
2
0
-3
-3
-3
-2
1
3
4
4
3
1
-2
-4
-3
-2
-1
3
4
5
4
2
-1
-3
-4
-4
-1
1
4
5
5
3
1
-1
-2
-1
-1
1
3
5
4
5
2
0
-2
-2
-2
-2
2
2
2
1
0
-2
-4
-4
-4
-4
-1
0
1
2
1
0
-1
-2
-1
0
2
4
4
4
3
2
-1
-3
-4
-2
0
1
1
2
1
-1
-3
-3
-4
-3
-2
-1
1
1
1
-1
-2
-4
-3
-4
-4
-2
0
1
1
-1
-1
-3
-3
-3
-1
-1
0
1
0
1
-1
-1
-2
-2
-1
-1
1
2
1
2
1
1
0
-1
-3
-2
-1
0
1
3
2
2
1
0
0
0
2
2
3
4
5
4
4
2
1
0
-1
1
3
3
5
4
3
3
1
-1
-1
0
1
1
3
3
2
1
0
-1
-2
-2
-1
0
0
3
1
2
0
-1
-1
-2
-2
-3
-2
-1
-1
-2
-1
-2
-4
-4
-4
-2
-1
0
1
1
0
-1
-2
-3
-3
-3
-1
0
2
2
1
1
0
-2
-2
-2
-1
0
0
0
0
-1
-2
-3
-4
-4
-3
-2
0
1
2
1
0
-2
-1
-2
-2
0
2
2
4
2
1
1
0
-1
0
1
3
4
5
5
4
2
1
-1
-1
0
1
1
3
1
1
-1
-2
-2
-4
-2
-2
-1
1
1
1
0
0
-3
-2
-3
-2
-2
-1
0
0
1
0
0
-1
-1
0
-1
1
2
1
1
1
0
-2
-1
-1
-1
-1
0
1
0
2
1
-1
0
-1
-1
-1
0
1
1
2
3
2
1
1
1
2
2
3
3
5
4
4
4
3
2
1
1
2
3
3
2
2
2
0
1
-3
-2
-1
0
1
2
2
2
1
0
0
0
0
0
2
2
2
2
0
-2
-4
-4
-4
-3
-2
-2
-2
-1
-2
-3
-3
-4
-4
-3
-2
-3
-3
-3
-3
-4
-4
-4
-3
-2
-1
0
0
0
-1
-1
-2
-1
-1
0
0
1
2
1
0
0
-1
-2
-2
-2
-2
0
1
2
2
2
0
-1
0
-1
0
2
4
5
4
4
3
2
1
0
0
1
2
2
2
2
1
0
-1
-1
0
-1
0
1
1
1
0
0
-2
-1
-3
-2
-1
0
-1
1
1
0
0
-1
-3
-2
-2
-2
-2
-1
0
-1
0
-1
-1
-2
-1
0
1
2
1
1
1
-1
0
-1
-1
-1
-1
-1
-1
-1
0
-1
-1
0
1
1
2
1
-1
-1
-1
-1
-1
-1
0
1
1
0
1
0
-1
0
0
-1
0
0
2
0
0
0
-1
-1
-2
-1
1
1
2
2
2
3
3
2
4
2
3
4
3
3
3
3
2
0
1
1
1
1
2
2
2
1
0
0
0
0
-1
-1
-1
-2
-3
-3
-1
-2
-3
-3
-2
-1
-2
-1
0
0
0
0
1
-1
-2
-2
-2
-1
-1
-1
0
-1
-1
0
0
-1
-1
-2
-2
-2
-2
-1
-1
-1
-1
-1
-2
-2
-2
-2
-3
-2
-2
-2
-1
-1
0
1
0
-1
0
1
0
1
0
0
1
1
1
2
1
1
2
1
2
2
1
0
0
-1
-2
-2
-1
-1
0
1
1
2
1
1
0
1
1
1
2
2
3
3
4
3
3
3
3
2
3
4
4
3
2
1
1
0
-1
-2
-2
-2
-2
-2
-3
-1
-2
-3
-2
-1
-1
0
-1
0
0
0
-2
-2
-2
-2
0
0
0
0
0
-1
-1
-1
-1
0
0
1
1
0
0
-1
-1
-1
-1
-1
1
2
2
3
2
4
2
2
2
2
1
3
3
3
2
2
0
-1
1
1
1
3
3
3
3
3
3
2
1
0
1
1
1
1
1
0
0
0
0
0
0
0
0
0
-1
-1
-2
-4
-4
-4
-4
-4
-4
-3
-3
-3
-4
-3
-4
-5
-4
-4
-3
-2
-2
-3
-2
-2
-2
-2
-1
-2
-1
-2
-1
-1
-1
-2
-3
-3
-3
-3
-2
-2
-2
-2
-1
-1
-1
0
0
0
1
2
2
2
1
1
1
0
0
0
-1
0
0
0
0
1
1
0
-1
0
0
0
2
3
2
3
3
2
2
1
2
1
3
3
4
3
3
3
2
1
0
0
-1
0
0
-1
0
0
0
-1
0
0
2
3
3
4
4
4
4
2
2
1
2
2
2
3
3
2
1
1
-1
-2
-2
-1
-2
-1
-1
-3
-2
-2
-4
-3
-3
-3
-3
-3
-2
-2
-3
-3
-3
-2
-3
-1
-2
-2
-1
-1
-2
0
-1
0
-1
0
1
0
0
0
0
-1
0
0
1
1
1
0
0
1
1
1
0
0
0
0
1
1
2
1
2
2
3
3
2
2
3
3
2
2
3
2
1
1
-1
-1
-1
-1
-2
-1
0
0
0
-2
-3
-3
-3
-4
-3
-3
-4
-3
-3
-2
-3
-3
-3
-2
-2
-1
-1
0
1
0
1
0
0
0
0
2
3
4
5
6
7
7
6
6
6
6
6
6
7
7
7
9
7
8
7
7
7
6
5
4
4
3
2
2
0
1
1
1
0
-2
-1
-2
-2
-3
-4
-4
-5
-4
-4
-4
-5
-6
-5
-6
-7
-7
-7
-7
-7
-7
-7
-9
-8
-8
-9
-10
-10
-10
-9
-8
-7
-6
-6
-7
-6
-7
-7
-6
-5
-4
-4
-4
-4
-3
-3
-4
-3
-2
-1
-2
0
0
2
4
4
5
5
5
6
7
7
8
9
8
9
9
8
8
10
9
9
10
11
9
9
10
9
8
8
7
8
8
8
8
9
7
8
8
9
8
9
9
9
8
7
5
5
3
2
2
1
1
2
2
1
0
0
0
-1
-2
-1
0
2
2
2
1
1
0
-1
-1
-1
0
2
1
1
-1
-4
-7
-10
-12
-16
-19
-21
-23
-30
-36
-42
-50
-57
-64
-69
-73
-77
-78
-78
-76
-71
-67
-61
-54
-44
-35
-24
-14
-5
6
15
22
29
36
43
49
57
65
72
78
83
88
89
89
87
84
81
78
74
70
65
59
53
48
43
38
32
27
21
14
5
-1
-10
-17
-26
-30
-34
-35
-32
-29
-24
-20
-17
-15
-12
-9
-8
-6
-4
-1
2
8
11
14
17
20
22
26
30
31
33
33
31
28
28
25
25
24
23
22
22
23
21
19
17
14
10
7
4
4
5
8
9
11
11
12
11
9
5
-1
-8
-16
-26
-37
-47
-62
-77
-92
-108
-124
-143
-166
-192
-222
-255
-294
-338
-381
-422
-458
-485
-497
-494
-479
-451
-413
-365
-308
-246
-180
-109
-29
52
135
220
306
395
478
555
625
688
743
783
804
804
782
735
666
580
481
378
274
174
84
7
-55
-105
-144
-173
-197
-215
-228
-235
-233
-227
-215
-204
-186
-163
-137
-109
-78
-47
-18
1
7
-5
-29
-73
-132
-199
-264
-322
-369
-397
-402
-384
-345
-287
-217
-137
-51
32
113
185
248
299
331
349
355
352
344
332
323
316
313
314
316
318
321
325
334
344
360
385
413
442
472
500
522
537
548
553
555
556
552
539
512
468
397
302
181
36
-125
-310
-504
-707
-911
-1113
-1311
-1499
-1678
-1849
-2013
-2179
-2348
-2509
-2656
-2791
-2909
-2998
-3036
-3008
-2902
-2711
-2423
-2034
-1565
-1040
-483
102
690
1248
1753
2203
2593
2922
3182
3378
3522
3618
3657
3631
3545
3404
3201
2925
2575
2167
1720
1241
740
235
-237
-655
-1014
-1292
-1462
-1513
-1462
-1336
-1150
-910
-642
-379
-128
120
372
618
854
1084
1324
1559
1756
1887
1945
1923
1798
1547
1173
697
140
-485
-1151
-1811
-2400
-2887
-3258
-3492
-3550
-3435
-3184
-2823
-2374
-1850
-1298
-760
-243
262
745
1177
1546
1861
2126
2317
2422
2449
2415
2317
2143
1902
1620
1315
975
606
240
-96
-405
-678
-875
-963
-941
-841
-654
-375
-25
317
604
832
993
1027
882
600
250
-156
-658
-1231
-1767
-2204
-2603
-3027
-3432
-3748
-4044
-4478
-5064
-5634
-6072
-6456
-6838
-7037
-6816
-6177
-5297
-4208
-2759
-959
907
2565
4042
5450
6675
7451
7747
7813
7806
7607
7105
6475
5967
5545
4954
4119
3241
2444
1543
350
-982
-2131
-3029
-3838
-4534
-4810
-4500
-3821
-3036
-2109
-883
508
1708
2590
3342
4087
4655
4878
4910
5004
5131
5065
4739
4337
3953
3417
2561
1465
346
-754
-1955
-3226
-4339
-5121
-5656
-6087
-6341
-6291
-5969
-5575
-5191
-4709
-4059
-3332
-2625
-1888
-990
46
1059
1958
2791
3571
4142
4357
4249
3922
3392
2608
1659
750
-6
-631
-1139
-1448
-1484
-1326
-1104
-869
-587
-281
-59
58
187
418
729
1062
1442
1932
2469
2903
3136
3199
3089
2691
1935
926
-143
-1211
-2359
-3548
-4566
-5267
-5773
-6258
-6616
-6657
-6524
-6638
-7073
-7423
-7434
-7376
-7486
-7395
-6573
-5123
-3554
-1917
231
2885
5316
6958
8082
9130
9849
9679
8745
7773
7075
6254
5053
3915
3339
3037
2302
1036
-166
-996
-1912
-3292
-4667
-5288
-5177
-4935
-4614
-3576
-1614
519
2110
3394
4905
6386
7112
7046
6878
6925
6718
5948
5098
4709
4511
3859
2688
1530
569
-624
-2271
-3968
-5195
-5992
-6689
-7216
-7149
-6390
-5400
-4599
-3883
-2977
-2039
-1491
-1338
-1154
-726
-296
-47
323
1149
2184
2912
3257
3498
3647
3305
2278
969
-177
-1221
-2358
-3316
-3600
-3174
-2515
-1900
-1100
19
1092
1720
2006
2288
2606
2741
2666
2655
2896
3191
3281
3192
3090
2952
2570
1851
917
-111
-1229
-2446
-3659
-4739
-5684
-6443
-6868
-7002
-7005
-6908
-6570
-6012
-5742
-6071
-6535
-6647
-6577
-6741
-6913
-6273
-4723
-3034
-1514
354
2869
5314
6761
7388
8018
8665
8583
7552
6418
5878
5489
4593
3449
2827
2756
2314
1088
-189
-859
-1291
-2184
-3272
-3573
-2931
-2164
-1654
-780
965
2891
4022
4526
5253
6248
6663
6190
5657
5673
5725
5147
4257
3822
3700
3030
1601
119
-911
-1919
-3368
-4808
-5542
-5579
-5467
-5393
-4844
-3643
-2450
-1858
-1697
-1418
-1047
-1131
-1634
-1867
-1486
-907
-554
-93
937
2084
2546
2264
1831
1478
715
-612
-1836
-2419
-2596
-2786
-2798
-2204
-1204
-413
-70
185
696
1198
1377
1416
1712
2310
2778
2883
2937
3104
3102
2687
1969
1398
1039
506
-216
-881
-1417
-1975
-2826
-3784
-4569
-5281
-5934
-6509
-6915
-6927
-6544
-5935
-5550
-5818
-6319
-6559
-6633
-6827
-7067
-6569
-5046
-3269
-1592
492
3244
5949
7536
8081
8494
8838
8502
7362
6147
5510
5081
4297
3366
2824
2670
2136
767
-893
-2075
-2740
-3454
-4221
-4194
-3040
-1488
-230
1017
2872
4852
5874
5913
5925
6337
6538
6084
5638
5815
6100
5701
4763
4027
3469
2285
277
-1791
-3244
-4264
-5283
-6034
-5922
-5122
-4289
-3634
-2862
-1774
-827
-587
-873
-1071
-982
-918
-1017
-914
-271
533
894
990
1291
1689
1571
720
-208
-711
-1128
-1744
-2230
-2152
-1739
-1581
-1618
-1365
-748
-277
-170
-69
371
986
1425
1731
2209
2780
3006
2792
2452
2235
1988
1484
972
738
580
216
-415
-1105
-1718
-2499
-3681
-5005
-5934
-6499
-7074
-7564
-7524
-6674
-5807
-6085
-7030
-7500
-7509
-7682
-8241
-8132
-6382
-3986
-1962
267
3344
6735
8918
9295
9243
9528
9274
8049
6504
5670
5540
5011
3922
3060
2677
2044
348
-2029
-3823
-4583
-5012
-5420
-5025
-3263
-875
1008
2330
4004
5925
6802
6385
5904
6191
6717
6636
6349
6724
7259
6851
5420
3816
2524
860
-1567
-3859
-5152
-5520
-5705
-5779
-5211
-4070
-3042
-2579
-2341
-1774
-1045
-733
-820
-737
-67
731
1036
1119
1423
1691
1398
569
-3
-10
-179
-775
-1286
-1280
-1034
-1231
-1746
-1946
-1848
-1925
-2182
-2125
-1465
-567
130
774
1597
2382
2804
2827
2586
2320
2077
1605
1072
927
1192
1557
1592
1253
878
239
-884
-2260
-3665
-4858
-5983
-7064
-7576
-7537
-7226
-6519
-5498
-4904
-5692
-7397
-8495
-8760
-9032
-9389
-8671
-6175
-3153
-589
2127
5431
8457
9663
9199
8834
8928
8642
7722
6787
6624
6692
5991
4671
3268
2011
433
-2059
-4643
-5925
-5749
-5012
-4274
-2918
-636
1498
2598
3125
4035
5127
5394
5013
5260
6482
7660
7991
7963
8037
7397
5471
2983
865
-767
-2452
-4086
-4885
-4754
-4230
-3822
-3539
-3114
-2871
-3068
-3248
-3066
-2431
-1477
-510
387
1337
2325
2864
2636
1970
1157
306
-543
-1121
-1093
-815
-715
-738
-766
-739
-968
-1639
-2185
-2366
-2421
-2357
-1899
-866
309
1128
1722
2254
2565
2536
2304
2140
2131
2044
1754
1446
1390
1495
1467
1295
822
-5
-905
-1871
-2838
-3627
-4505
-5380
-6123
-6980
-7458
-7413
-7061
-6265
-6177
-7502
-8844
-9426
-9309
-8957
-8675
-7197
-4364
-1749
479
3006
5914
8375
9063
8594
8638
9069
9047
8517
7977
7741
7253
5902
3998
2162
434
-1561
-3751
-5428
-5874
-5175
-4167
-3049
-1466
269
1612
2337
2789
3704
4686
5128
5574
6530
7756
8495
8435
7908
6986
5329
3084
917
-756
-2165
-3500
-4314
-4381
-4124
-4032
-4093
-4067
-4037
-4098
-3977
-3371
-2188
-710
659
1800
2594
3123
3265
2783
1904
915
151
-341
-677
-725
-500
-312
-483
-1014
-1479
-1763
-2103
-2409
-2465
-2203
-1690
-975
-7
958
1665
2066
2203
2255
2315
2368
2458
2603
2802
2793
2523
2313
2244
2151
1730
1014
390
-406
-1544
-2650
-3649
-4595
-5737
-6981
-7739
-8116
-8366
-8070
-7297
-7090
-8209
-9720
-10196
-9836
-9655
-9274
-7354
-4126
-1193
1211
3967
6979
9035
9391
9058
9174
9280
8826
8274
8036
7821
7020
5577
3838
1826
-453
-2675
-4539
-5733
-5906
-5159
-4019
-2809
-1409
66
1188
1895
2621
3685
4739
5483
6376
7735
8901
9084
8441
7665
6537
4441
2135
544
-529
-1700
-2894
-3382
-3306
-3557
-4256
-4834
-4968
-4928
-4968
-4522
-3217
-1476
136
1242
2037
2724
2932
2647
2191
1712
1372
1103
746
431
251
-28
-650
-1510
-2168
-2491
-2714
-2897
-2846
-2355
-1716
-1318
-1032
-608
4
491
760
1354
2290
3007
3294
3391
3599
3667
3291
2826
2582
2393
2003
1427
759
-86
-1032
-1927
-2913
-4124
-5294
-6170
-6925
-7626
-7984
-7577
-6890
-7621
-9634
-10809
-10628
-10150
-10086
-9526
-6870
-3336
-1023
898
3585
6293
7693
7610
7905
9468
10567
10377
9847
9639
9236
7674
5236
3020
1136
-1033
-3419
-4993
-5179
-4543
-3915
-3651
-3152
-2083
-1239
-857
-124
1434
3282
4529
5458
7101
8901
9420
8729
7940
7363
6215
4300
2687
1953
1208
-263
-1824
-2714
-3321
-4365
-5666
-6406
-6265
-5823
-5352
-4340
-2925
-1633
-669
-80
385
858
1203
1589
2103
2550
3046
3415
3230
2565
1680
636
-500
-1623
-2500
-2914
-3077
-3298
-3292
-2907
-2618
-2518
-2364
-2027
-1468
-879
-186
939
2124
2814
3208
3595
3872
4050
4115
4117
4137
3898
3530
3250
2505
1059
-448
-1656
-2840
-4174
-5299
-5955
-6463
-7013
-7057
-6549
-6976
-9126
-11297
-11980
-11664
-11383
-10847
-8601
-4996
-2169
-140
2495
5293
6789
6841
7205
8971
10724
11199
11229
11492
11124
9379
6863
4565
2487
123
-2400
-4221
-4902
-4935
-4863
-4930
-4993
-4708
-4227
-3774
-2772
-814
1581
3567
5042
6715
8532
9387
9012
8423
8145
7483
6086
4847
4317
3626
1941
-41
-1361
-2441
-4020
-5663
-6504
-6619
-6667
-6625
-5905
-4666
-3595
-2836
-2173
-1396
-510
267
1030
2008
2988
3731
4230
4366
4085
3515
2755
1830
817
-68
-625
-1181
-2105
-3047
-3616
-3987
-4349
-4582
-4341
-3586
-2756
-1924
-847
345
1246
1763
2279
3012
3526
3707
4094
4699
5129
5168
4736
3925
2788
1256
-353
-1641
-2846
-4068
-5178
-6247
-7142
-7616
-7492
-7372
-8605
-10861
-12058
-11656
-11054
-10811
-9587
-6675
-3675
-1838
-62
2742
5296
6167
6481
8036
10349
11670
11816
11877
11882
10776
8547
6342
4550
2661
453
-1590
-2839
-3367
-3824
-4585
-5392
-5779
-5681
-5415
-4909
-3524
-1312
806
2382
3979
6022
7674
8119
8003
8307
8755
8431
7512
6911
6440
5075
2936
1161
24
-1312
-3107
-4548
-5191
-5539
-6032
-6309
-6063
-5663
-5429
-5126
-4514
-3716
-2896
-2018
-1064
-38
1079
2224
3289
3970
4159
4074
3858
3520
2955
2251
1511
592
-515
-1467
-2070
-2703
-3505
-4084
-4215
-4128
-3968
-3508
-2654
-1917
-1511
-910
109
1136
1892
2599
3403
3992
4305
4483
4186
3159
1732
502
-375
-1223
-2038
-2582
-3082
-3869
-4528
-4745
-5496
-7563
-9949
-11074
-10913
-10729
-10546
-9044
-6274
-3981
-2726
-1116
1307
3035
3438
4044
6002
8229
9218
9396
9828
9958
8793
6908
5413
4237
2780
1072
-313
-1019
-1383
-1821
-2319
-2716
-2790
-2374
-1676
-803
534
2322
3890
4844
5669
6758
7563
7444
6905
6744
6660
5880
4639
3732
2997
1645
-292
-1913
-2816
-3642
-4695
-5397
-5371
-5097
-5041
-4843
-4122
-3170
-2360
-1627
-786
14
535
878
1152
1171
1016
987
1031
883
516
169
-219
-877
-1603
-2048
-2329
-2876
-3578
-3891
-3798
-3671
-3624
-3375
-2820
-2275
-1785
-1032
-49
780
1250
1603
2111
2599
2871
3022
3162
3199
3070
2879
2685
2411
1921
1185
417
-247
-836
-1389
-1916
-2280
-2411
-2363
-2310
-2289
-2228
-2193
-2302
-2660
-3068
-3285
-3427
-3582
-3602
-3260
-2741
-2510
-2541
-2486
-2274
-2220
-2397
-2385
-2033
-1681
-1476
-1139
-529
62
369
551
816
1082
1310
1641
2209
2886
3506
4065
4525
4789
4848
4849
4834
4751
4640
4568
4496
4298
4011
3785
3551
3147
2590
2133
1866
1669
1502
1442
1502
1572
1567
1582
1691
1747
1634
1385
1152
1010
911
807
710
579
314
-185
-826
-1479
-2147
-2860
-3566
-4093
-4388
-4578
-4756
-4848
-4792
-4658
-4563
-4524
-4403
-4105
-3715
-3296
-2874
-2392
-1845
-1324
-826
-276
295
732
930
994
1077
1222
1374
1531
1735
1943
2078
2150
2210
2268
2243
2126
2061
2083
2098
2073
2086
2110
2032
1890
1772
1615
1304
850
395
-6
-489
-1209
-2113
-3009
-3782
-4428
-5009
-5587
-6129
-6640
-7048
-7203
-7083
-6794
-6479
-6128
-5594
-4770
-3763
-2821
-2021
-1262
-541
153
827
1504
2207
2754
3115
3543
4221
4923
5267
5252
5183
5226
5282
5297
5332
5365
5297
5169
5131
5244
5319
5168
4862
4565
4383
4347
4394
4391
4243
3999
3777
3608
3410
3104
2642
2033
1404
887
514
194
-223
-800
-1480
-2135
-2699
-3228
-3781
-4320
-4731
-5012
-5236
-5372
-5378
-5288
-5232
-5244
-5177
-4954
-4679
-4471
-4299
-4046
-3732
-3422
-3079
-2611
-2015
-1425
-949
-600
-279
56
329
554
809
1091
1333
1495
1698
2014
2330
2501
2526
2561
2640
2723
2804
2888
2978
2971
2895
2846
2756
2529
2081
1489
927
408
-125
-766
-1560
-2409
-3226
-3980
-4731
-5501
-6194
-6774
-7172
-7297
-7162
-6846
-6494
-6099
-5546
-4802
-3894
-2988
-2168
-1346
-469
503
1480
2312
2945
3410
3842
4306
4771
5167
5348
5299
5176
5170
5281
5295
5141
4888
4651
4540
4548
4652
4750
4710
4526
4332
4286
4356
4378
4281
4098
3928
3817
3717
3564
3256
2799
2216
1537
898
304
-312
-977
-1629
-2223
-2792
-3358
-3878
-4332
-4727
-5091
-5379
-5510
-5473
-5341
-5169
-4952
-4704
-4495
-4314
-4098
-3832
-3532
-3240
-2952
-2616
-2171
-1665
-1229
-953
-832
-760
-643
-410
-64
290
580
795
1028
1372
1772
2090
2227
2248
2271
2347
2544
2852
3156
3327
3283
3192
3157
3043
2700
2104
1465
898
344
-212
-859
-1636
-2544
-3511
-4364
-5119
-5849
-6556
-7148
-7406
-7336
-7035
-6598
-6123
-5571
-4927
-4152
-3245
-2343
-1476
-609
322
1341
2310
3118
3657
3967
4239
4494
4738
4885
4890
4842
4787
4801
4837
4793
4626
4336
4084
3971
3978
4078
4156
4162
4133
4143
4207
4227
4142
3958
3734
3540
3385
3214
2976
2632
2167
1615
1035
469
-108
-719
-1322
-1871
-2379
-2869
-3362
-3833
-4259
-4627
-4902
-5015
-4952
-4796
-4620
-4435
-4220
-4014
-3842
-3701
-3538
-3331
-3125
-2891
-2552
-2102
-1639
-1287
-1060
-923
-867
-852
-797
-614
-319
1
302
634
1035
1453
1775
1987
2140
2245
2374
2590
2899
3227
3443
3493
3426
3324
3211
2956
2500
1919
1325
816
346
-162
-758
-1542
-2502
-3492
-4363
-5056
-5703
-6379
-6942
-7230
-7145
-6836
-6491
-6144
-5787
-5291
-4567
-3648
-2630
-1710
-922
-128
772
1773
2625
3176
3472
3653
3889
4189
4500
4700
4705
4586
4487
4513
4602
4610
4502
4341
4277
4374
4566
4768
4862
4840
4761
4670
4590
4500
4331
4120
3913
3734
3500
3134
2673
2151
1593
1000
406
-120
-598
-1074
-1515
-1891
-2248
-2717
-3313
-3918
-4422
-4787
-5031
-5130
-5093
-4955
-4744
-4498
-4246
-4062
-3966
-3904
-3816
-3625
-3324
-2941
-2526
-2155
-1818
-1511
-1254
-1064
-958
-872
-771
-632
-409
-110
251
622
955
1244
1490
1709
1910
2099
2299
2521
2748
2954
3136
3289
3353
3252
2993
2681
2355
2004
1610
1189
764
287
-268
-909
-1654
-2513
-3443
-4324
-5048
-5613
-6052
-6356
-6471
-6344
-6047
-5682
-5285
-4825
-4241
-3548
-2785
-1963
-1147
-375
335
1023
1697
2212
2511
2660
2812
3065
3354
3610
3763
3804
3825
3888
4016
4109
4100
4063
4078
4212
4448
4709
4894
4918
4824
4704
4611
4518
4374
4179
3959
3775
3610
3379
3016
2509
1942
1371
795
219
-334
-823
-1260
-1643
-1968
-2293
-2710
-3220
-3696
-4027
-4237
-4382
-4459
-4456
-4354
-4204
-4037
-3880
-3786
-3746
-3715
-3595
-3354
-3073
-2807
-2581
-2322
-2014
-1742
-1571
-1515
-1488
-1401
-1222
-925
-550
-154
208
551
930
1293
1580
1770
1929
2137
2404
2729
3053
3333
3512
3557
3502
3328
3030
2636
2208
1811
1431
1046
635
186
-277
-771
-1314
-1944
-2689
-3427
-4046
-4471
-4698
-4831
-4896
-4927
-4896
-4725
-4481
-4235
-4050
-3847
-3488
-2996
-2407
-1809
-1278
-820
-432
-35
373
706
975
1206
1519
1958
2446
2906
3232
3450
3657
3878
4091
4245
4389
4589
4822
5080
5312
5442
5416
5246
5068
4922
4766
4531
4233
3975
3774
3593
3365
3028
2561
1985
1402
897
454
29
-406
-819
-1169
-1476
-1784
-2161
-2601
-3030
-3403
-3694
-3900
-4014
-4050
-4053
-4025
-3970
-3925
-3931
-3976
-3995
-3929
-3766
-3543
-3297
-3044
-2781
-2529
-2341
-2226
-2139
-2039
-1873
-1623
-1271
-846
-412
20
454
921
1382
1749
2019
2268
2594
2993
3389
3729
3948
4014
3943
3780
3578
3281
2851
2342
1874
1530
1234
881
438
-66
-579
-1079
-1538
-1973
-2481
-3020
-3483
-3764
-3884
-3989
-4153
-4365
-4528
-4564
-4483
-4358
-4242
-4111
-3889
-3534
-3068
-2567
-2144
-1849
-1596
-1250
-797
-333
92
514
975
1494
2044
2580
3034
3365
3642
3931
4223
4475
4676
4884
5105
5310
5484
5601
5622
5534
5405
5283
5112
4838
4483
4137
3853
3600
3308
2934
2463
1931
1431
1006
614
193
-264
-665
-956
-1185
-1412
-1717
-2124
-2567
-2976
-3323
-3619
-3879
-4107
-4291
-4415
-4457
-4438
-4460
-4542
-4631
-4635
-4539
-4371
-4155
-3909
-3624
-3299
-2926
-2532
-2159
-1828
-1483
-1069
-580
-60
465
979
1463
1933
2362
2712
2985
3183
3366
3559
3733
3876
3943
3918
3803
3607
3386
3102
2724
2295
1855
1448
1082
736
392
-7
-436
-844
-1202
-1506
-1810
-2161
-2596
-3076
-3485
-3778
-4015
-4294
-4628
-4927
-5133
-5203
-5133
-4977
-4796
-4607
-4316
-3862
-3305
-2757
-2311
-1919
-1471
-912
-273
339
872
1342
1788
2297
2862
3403
3821
4084
4299
4561
4870
5156
5339
5440
5495
5525
5550
5546
5480
5316
5079
4852
4653
4461
4236
3966
3685
3395
3078
2720
2318
1899
1472
1051
658
284
-88
-482
-898
-1314
-1726
-2158
-2636
-3120
-3568
-3969
-4303
-4573
-4802
-5019
-5211
-5351
-5432
-5463
-5450
-5351
-5151
-4880
-4550
-4164
-3731
-3295
-2857
-2389
-1926
-1485
-1063
-628
-170
285
741
1184
1585
1923
2225
2525
2809
3046
3238
3414
3575
3722
3846
3917
3899
3788
3623
3435
3229
2975
2664
2306
1935
1574
1204
810
394
-63
-546
-962
-1291
-1580
-1885
-2221
-2599
-3047
-3516
-3918
-4242
-4551
-4850
-5071
-5185
-5216
-5169
-5038
-4881
-4745
-4560
-4237
-3807
-3355
-2890
-2387
-1868
-1338
-759
-144
398
823
1242
1735
2273
2811
3337
3808
4171
4459
4750
5023
5196
5285
5356
5426
5479
5547
5619
5611
5465
5250
5047
4838
4589
4307
4014
3709
3387
3059
2713
2312
1842
1348
858
367
-118
-578
-996
-1382
-1738
-2077
-2429
-2838
-3277
-3674
-4004
-4276
-4507
-4689
-4816
-4901
-4929
-4897
-4845
-4802
-4743
-4611
-4378
-4061
-3679
-3240
-2768
-2298
-1825
-1347
-890
-475
-81
336
770
1214
1669
2104
2468
2747
2966
3128
3232
3311
3380
3427
3449
3478
3510
3489
3380
3204
2978
2693
2361
2029
1723
1426
1129
840
551
226
-134
-504
-873
-1241
-1580
-1876
-2144
-2385
-2599
-2825
-3138
-3549
-3989
-4403
-4788
-5139
-5411
-5599
-5723
-5757
-5650
-5433
-5212
-5010
-4766
-4399
-3902
-3302
-2630
-1945
-1280
-613
75
759
1386
1925
2399
2852
3339
3878
4421
4897
5266
5545
5766
5922
6010
6053
6064
6045
6006
5964
5894
5743
5514
5243
4940
4604
4223
3817
3418
3019
2639
2275
1908
1499
1035
542
47
-412
-842
-1250
-1630
-1983
-2305
-2615
-2915
-3214
-3527
-3846
-4143
-4377
-4546
-4660
-4712
-4718
-4691
-4640
-4566
-4452
-4292
-4079
-3796
-3455
-3049
-2612
-2169
-1720
-1279
-856
-463
-85
283
636
943
1226
1504
1780
2051
2304
2524
2684
2784
2850
2921
2979
3031
3064
3065
3042
2991
2937
2841
2676
2462
2208
1938
1669
1412
1159
855
496
99
-317
-727
-1127
-1503
-1870
-2231
-2559
-2848
-3104
-3348
-3600
-3867
-4153
-4435
-4672
-4836
-4934
-4974
-4980
-4955
-4869
-4703
-4454
-4181
-3885
-3536
-3111
-2600
-2029
-1420
-823
-267
281
836
1395
1914
2388
2842
3288
3745
4197
4610
4944
5181
5357
5499
5613
5689
5718
5706
5650
5578
5486
5362
5179
4930
4630
4301
3964
3620
3281
2929
2567
2193
1807
1403
966
520
80
-357
-777
-1169
-1530
-1878
-2217
-2525
-2801
-3063
-3321
-3571
-3796
-3981
-4123
-4206
-4239
-4255
-4261
-4230
-4149
-4028
-3876
-3683
-3450
-3204
-2924
-2588
-2211
-1829
-1458
-1089
-726
-374
-29
301
610
903
1190
1467
1730
1978
2210
2426
2604
2742
2849
2912
2945
2945
2923
2872
2779
2646
2484
2291
2048
1754
1427
1085
750
421
97
-211
-505
-782
-1039
-1286
-1550
-1823
-2071
-2271
-2424
-2562
-2696
-2842
-2994
-3133
-3272
-3463
-3734
-4013
-4230
-4366
-4426
-4440
-4424
-4395
-4313
-4123
-3847
-3540
-3225
-2859
-2402
-1844
-1213
-575
23
571
1120
1692
2261
2785
3252
3685
4107
4532
4938
5271
5500
5639
5738
5812
5840
5802
5699
5558
5401
5237
5055
4834
4565
4265
3961
3651
3323
2989
2664
2366
2092
1829
1549
1229
869
498
135
-228
-599
-971
-1329
-1661
-1972
-2257
-2534
-2825
-3125
-3412
-3655
-3843
-3983
-4081
-4136
-4146
-4117
-4052
-3964
-3870
-3769
-3636
-3450
-3207
-2914
-2583
-2239
-1899
-1556
-1210
-888
-612
-365
-118
155
445
747
1034
1268
1451
1605
1748
1874
1960
2006
2043
2083
2130
2176
2177
2109
1981
1826
1666
1502
1332
1145
938
729
537
344
122
-146
-443
-734
-989
-1192
-1366
-1530
-1681
-1811
-1905
-1994
-2109
-2249
-2393
-2517
-2609
-2700
-2821
-2985
-3164
-3305
-3402
-3480
-3545
-3592
-3582
-3469
-3243
-2952
-2645
-2340
-1998
-1586
-1097
-570
-44
464
972
1516
2075
2604
3057
3431
3772
4112
4444
4744
4982
5142
5251
5338
5390
5385
5305
5169
5005
4845
4706
4559
4392
4200
3981
3739
3483
3209
2907
2598
2300
2014
1726
1429
1112
767
398
11
-379
-764
-1146
-1499
-1817
-2115
-2401
-2680
-2967
-3249
-3514
-3745
-3939
-4098
-4207
-4261
-4266
-4232
-4167
-4080
-3973
-3838
-3663
-3443
-3189
-2909
-2626
-2330
-2030
-1725
-1434
-1182
-945
-721
-494
-258
-11
228
444
651
854
1052
1242
1406
1545
1667
1777
1880
1966
2022
2037
2011
1933
1824
1690
1532
1358
1170
968
744
511
281
62
-152
-371
-589
-794
-976
-1113
-1220
-1323
-1427
-1532
-1624
-1702
-1775
-1844
-1918
-1991
-2043
-2083
-2140
-2225
-2317
-2391
-2440
-2460
-2455
-2431
-2384
-2285
-2107
-1881
-1637
-1384
-1110
-797
-425
0
445
882
1312
1743
2190
2642
3068
3447
3766
4045
4311
4563
4778
4934
5015
5042
5031
4989
4914
4786
4612
4394
4163
3931
3696
3445
3170
2879
2579
2289
2006
1716
1427
1143
860
583
317
55
-209
-483
-763
-1049
-1337
-1625
-1899
-2163
-2424
-2682
-2939
-3173
-3392
-3588
-3758
-3907
-4037
-4138
-4192
-4194
-4148
-4063
-3950
-3809
-3643
-3434
-3180
-2902
-2619
-2336
-2045
-1729
-1385
-1030
-679
-349
-45
236
509
763
989
1179
1332
1457
1558
1645
1714
1753
1757
1731
1682
1612
1526
1430
1336
1240
1135
1018
886
745
602
462
318
167
1
-162
-314
-442
-553
-662
-775
-875
-947
-1002
-1047
-1094
-1156
-1221
-1279
-1323
-1357
-1387
-1431
-1501
-1589
-1681
-1766
-1855
-1947
-2026
-2079
-2085
-2029
-1916
-1762
-1594
-1410
-1190
-925
-614
-266
101
486
888
1314
1744
2157
2528
2847
3120
3371
3620
3859
4074
4258
4405
4506
4560
4574
4546
4478
4369
4241
4109
3973
3832
3677
3491
3273
3024
2750
2463
2168
1866
1569
1271
965
651
317
-42
-417
-802
-1187
-1562
-1914
-2239
-2533
-2799
-3042
-3269
-3483
-3675
-3840
-3977
-4075
-4125
-4120
-4070
-3995
-3896
-3783
-3660
-3521
-3355
-3164
-2958
-2740
-2501
-2252
-1997
-1752
-1520
-1304
-1109
-920
-742
-565
-379
-181
18
198
363
517
659
798
941
1085
1224
1349
1462
1575
1682
1761
1795
1785
1749
1698
1634
1558
1463
1341
1188
1022
848
667
472
266
61
-124
-286
-431
-548
-642
-722
-784
-833
-863
-875
-880
-871
-843
-809
-771
-751
-753
-776
-826
-901
-990
-1078
-1157
-1225
-1276
-1291
-1258
-1189
-1089
-962
-809
-631
-415
-156
133
440
753
1069
1383
1697
2007
2291
2533
2742
2931
3098
3252
3380
3480
3541
3557
3528
3461
3366
3250
3118
2967
2811
2648
2480
2311
2141
1959
1769
1560
1336
1110
887
666
444
223
-1
-229
-463
-695
-936
-1192
-1453
-1707
-1940
-2154
-2353
-2543
-2718
-2877
-3017
-3136
-3235
-3309
-3362
-3387
-3372
-3316
-3239
-3151
-3054
-2945
-2813
-2664
-2492
-2305
-2107
-1912
-1709
-1489
-1260
-1028
-811
-607
-416
-222
-25
165
355
524
674
800
919
1032
1138
1227
1295
1339
1369
1393
1410
1416
1405
1368
1314
1256
1198
1145
1080
1002
910
805
692
573
451
327
203
77
-34
-133
-222
-307
-383
-446
-490
-530
-561
-577
-572
-550
-527
-511
-520
-554
-605
-667
-739
-828
-914
-992
-1059
-1095
-1105
-1097
-1076
-1034
-954
-831
-666
-463
-230
17
274
539
803
1057
1291
1502
1705
1904
2098
2285
2459
2617
2755
2869
2961
3026
3063
3069
3049
3009
2955
2879
2766
2626
2465
2288
2100
1893
1679
1456
1227
997
772
547
312
59
-198
-452
-710
-968
-1227
-1477
-1718
-1947
-2161
-2355
-2524
-2662
-2780
-2870
-2932
-2975
-2997
-2996
-2972
-2930
-2879
-2815
-2735
-2641
-2539
-2427
-2310
-2180
-2045
-1905
-1752
-1580
-1397
-1208
-1018
-831
-641
-463
-298
-145
-1
138
277
416
552
683
805
917
1026
1128
1214
1291
1349
1389
1410
1426
1432
1414
1377
1328
1266
1200
1128
1056
982
908
846
779
702
619
545
477
404
328
247
164
77
-11
-90
-168
-240
-312
-382
-443
-499
-557
-621
-684
-749
-818
-891
-959
-1015
-1053
-1078
-1091
-1083
-1058
-1008
-929
-823
-692
-549
-393
-223
-29
183
390
587
778
969
1154
1327
1491
1632
1750
1847
1936
2008
2054
2075
2073
2054
2032
2003
1962
1911
1848
1778
1701
1616
1530
1428
1313
1188
1052
906
751
585
406
215
15
-193
-394
-590
-780
-965
-1136
-1294
-1438
-1562
-1673
-1773
-1860
-1932
-1989
-2027
-2055
-2070
-2069
-2052
-2026
-1989
-1940
-1884
-1812
-1733
-1647
-1553
-1461
-1361
-1252
-1141
-1024
-912
-805
-694
-573
-447
-326
-210
-95
17
126
237
350
456
556
641
715
786
856
913
958
997
1021
1039
1045
1040
1030
1003
965
914
858
798
734
667
599
530
454
378
311
245
186
130
78
31
-10
-52
-89
-131
-175
-214
-255
-298
-343
-391
-442
-487
-531
-571
-611
-645
-668
-682
-686
-674
-651
-618
-574
-516
-449
-371
-288
-199
-107
-12
88
194
303
415
530
643
755
861
961
1050
1127
1188
1242
1289
1327
1355
1376
1385
1380
1362
1335
1298
1250
1195
1130
1055
974
888
793
687
579
464
340
219
106
-4
-112
-224
-329
-432
-529
-621
-707
-788
-865
-936
-1002
-1061
-1114
-1160
-1203
-1243
-1271
-1292
-1304
-1311
-1309
-1299
-1283
-1254
-1217
-1165
-1105
-1035
-957
-875
-793
-710
-622
-536
-443
-350
-253
-157
-59
29
110
183
249
312
371
427
479
522
554
580
598
605
602
594
582
567
554
540
522
500
473
443
409
374
336
297
256
217
186
148
103
52
2
-57
-114
-172
-225
-277
-328
-379
-428
-477
-531
-588
-638
-674
-698
-712
-712
-699
-676
-636
-591
-543
-492
-432
-363
-287
-205
-122
-42
38
114
192
270
343
411
486
566
650
733
813
885
943
990
1035
1073
1108
1140
1165
1176
1179
1174
1160
1135
1094
1049
1003
961
912
860
802
739
668
594
516
432
344
253
163
75
-12
-97
-190
-280
-370
-456
-535
-606
-668
-724
-771
-813
-849
-875
-899
-928
-954
-971
-986
-990
-989
-983
-973
-963
-949
-935
-908
-877
-837
-793
-744
-687
-625
-564
-503
-439
-372
-306
-238
-165
-93
-19
52
118
177
224
269
315
356
396
432
461
480
492
494
491
478
458
429
395
364
332
295
255
211
162
116
70
24
-16
-56
-95
-129
-159
-188
-214
-243
-268
-290
-306
-313
-315
-314
-307
-299
-289
-276
-261
-249
-234
-215
-194
-167
-144
-124
-112
-101
-86
-74
-60
-49
-35
-23
-8
7
17
26
31
38
54
81
111
146
185
228
276
328
380
431
481
530
581
634
681
721
749
778
806
828
844
855
857
854
853
842
826
800
765
730
686
637
580
523
458
388
318
248
180
106
32
-35
-96
-152
-205
-252
-292
-328
-357
-385
-411
-433
-450
-463
-474
-484
-495
-502
-507
-510
-514
-515
-514
-516
-516
-516
-517
-523
-527
-534
-539
-546
-551
-557
-561
-565
-570
-573
-576
-573
-568
-556
-542
-527
-510
-490
-466
-444
-424
-406
-388
-365
-340
-315
-291
-268
-244
-215
-177
-143
-109
-73
-36
2
35
63
84
105
124
146
169
190
209
226
243
264
282
297
310
322
335
349
364
374
382
386
386
387
393
395
397
398
400
398
392
383
368
347
325
303
284
269
256
243
233
222
208
191
170
148
126
105
86
69
55
42
22
2
-12
-27
-34
-40
-41
-36
-25
-6
16
40
60
80
101
130
164
204
244
278
309
338
369
396
419
437
453
473
494
515
531
541
543
539
529
509
481
444
403
358
305
247
188
123
58
-14
-85
-156
-232
-303
-373
-438
-501
-562
-619
-680
-739
-792
-842
-888
-932
-965
-986
-1002
-1013
-1019
-1020
-1013
-997
-974
-947
-918
-884
-840
-792
-743
-697
-651
-606
-559
-513
-467
-419
-369
-311
-249
-192
-138
-85
-34
17
76
136
192
243
290
333
376
416
449
475
501
528
550
566
576
585
590
597
599
597
590
580
573
561
544
526
502
476
449
417
386
352
316
280
249
220
190
162
131
108
88
69
53
36
22
11
7
4
6
1
-3
-3
-6
-5
-1
3
8
14
20
29
38
50
61
76
85
92
105
117
130
139
149
161
173
187
201
211
217
221
224
224
223
219
213
206
200
195
187
179
168
156
149
142
132
117
100
82
61
36
5
-25
-56
-89
-123
-157
-189
-223
-252
-278
-306
-337
-371
-399
-426
-447
-467
-482
-497
-510
-523
-535
-549
-563
-579
-589
-594
-593
-589
-582
-570
-559
-540
-518
-495
-470
-444
-414
-382
-351
-319
-292
-267
-240
-212
-183
-154
-125
-97
-64
-26
12
54
95
133
168
206
237
263
282
302
322
338
350
359
365
371
375
383
394
397
401
403
410
413
411
405
392
383
369
352
331
310
289
268
249
229
209
183
160
144
124
108
95
81
68
54
40
25
13
1
-12
-22
-33
-39
-42
-46
-45
-44
-42
-38
-36
-32
-23
-15
-5
8
18
30
40
49
61
71
83
97
111
125
139
149
162
174
184
193
203
207
205
204
195
184
170
154
139
123
107
91
72
56
39
20
-3
-29
-54
-79
-102
-126
-147
-166
-184
-201
-220
-239
-260
-282
-304
-326
-350
-368
-385
-398
-406
-413
-421
-428
-431
-435
-440
-439
-436
-433
-428
-416
-400
-384
-368
-350
-331
-311
-284
-256
-226
-196
-163
-126
-88
-48
-11
23
59
92
125
157
189
221
249
275
298
313
327
335
345
354
361
369
373
377
379
381
374
363
344
322
296
271
248
224
200
173
147
120
96
74
50
28
10
-9
-23
-40
-58
-75
-92
-105
-119
-133
-144
-150
-150
-151
-149
-150
-149
-149
-149
-141
-130
-120
-110
-98
-86
-74
-59
-48
-37
-24
-11
4
26
50
70
91
110
128
144
162
180
196
206
217
225
227
227
226
221
218
212
204
197
189
182
172
161
152
142
135
124
110
96
81
66
50
35
13
-6
-26
-45
-60
-75
-91
-106
-121
-136
-152
-170
-183
-194
-205
-216
-224
-230
-236
-242
-246
-250
-254
-255
-256
-252
-244
-240
-232
-223
-217
-211
-203
-192
-181
-173
-165
-156
-150
-142
-137
-129
-123
-114
-104
-90
-76
-61
-49
-36
-23
-14
-3
10
24
37
52
65
79
92
103
115
123
128
136
139
142
146
146
146
146
144
141
140
136
132
131
129
125
123
121
119
113
105
102
97
92
90
91
88
83
77
70
65
59
52
47
40
36
29
25
20
15
9
4
1
-3
-10
-13
-14
-17
-18
-20
-20
-21
-22
-24
-19
-20
-18
-17
-17
-19
-18
-20
-26
-26
-28
-28
-22
-17
-12
-5
-1
1
3
6
10
15
23
30
37
42
46
48
50
57
65
73
84
93
101
105
106
103
100
97
94
90
87
85
82
78
71
60
49
37
22
11
1
-11
-24
-39
-51
-67
-81
-97
-114
-126
-139
-152
-163
-177
-184
-189
-193
-195
-191
-190
-187
-184
-184
-182
-178
-178
-176
-173
-169
-165
-159
-153
-147
-138
-130
-122
-112
-101
-89
-75
-60
-49
-40
-31
-20
-10
-1
13
27
38
50
62
71
80
88
95
103
112
120
127
135
142
148
152
154
153
153
153
155
153
148
141
133
126
116
110
103
98
90
80
67
52
35
23
14
5
-3
-7
-11
-13
-17
-21
-27
-33
-36
-39
-39
-38
-37
-35
-29
-26
-27
-21
-14
-9
-7
2
8
14
21
27
33
37
42
45
48
50
50
50
54
55
54
51
51
47
46
45
43
41
41
39
36
33
33
29
27
22
16
6
-3
-11
-23
-33
-37
-43
-46
-44
-45
-45
-47
-51
-54
-58
-59
-62
-63
-66
-69
-74
-78
-81
-86
-86
-82
-79
-77
-76
-73
-73
-72
-73
-71
-69
-68
-63
-60
-55
-50
-45
-41
-38
-33
-23
-15
-8
-2
3
8
9
9
7
5
3
3
6
12
18
26
34
41
44
45
41
39
38
36
38
37
33
32
30
32
33
34
40
43
47
50
48
45
41
36
33
31
28
28
25
24
22
20
18
15
11
5
1
-5
-9
-13
-18
-21
-25
-32
-36
-40
-43
-42
-40
-38
-36
-35
-33
-31
-32
-30
-26
-23
-18
-12
-7
-2
2
7
10
15
21
28
36
41
50
57
63
68
67
70
69
68
67
66
64
62
58
54
47
43
41
39
40
41
39
37
32
25
15
4
-6
-12
-19
-25
-31
-34
-36
-44
-51
-57
-66
-72
-73
-76
-74
-73
-72
-70
-68
-68
-67
-66
-65
-63
-60
-55
-50
-48
-45
-43
-43
-40
-36
-28
-19
-9
1
10
16
17
19
20
20
25
31
37
45
49
54
57
60
62
60
62
64
65
65
64
63
55
41
28
15
4
-6
-11
-14
-16
-21
-24
-27
-30
-34
-36
-37
-38
-39
-39
-41
-42
-45
-48
-52
-54
-50
-44
-38
-31
-25
-21
-19
-19
-21
-24
-23
-24
-22
-16
-8
-2
1
4
6
7
12
20
27
35
43
48
49
49
44
42
40
39
39
37
36
36
35
34
32
30
28
28
30
31
34
35
34
31
30
25
23
20
21
23
25
26
26
24
22
17
9
6
-1
-4
-5
-5
-5
-9
-13
-18
-26
-31
-34
-35
-30
-27
-26
-24
-23
-25
-25
-27
-27
-28
-25
-16
-14
-12
-11
-11
-14
-19
-19
-20
-20
-21
-19
-17
-15
-15
-12
-12
-13
-14
-12
-9
-7
-4
-1
1
-2
-5
-7
-6
-4
1
4
6
8
10
10
8
6
-1
-3
-2
-1
2
5
9
11
11
11
10
11
13
15
17
18
18
16
14
13
9
7
7
8
9
8
6
1
-4
-10
-17
-22
-27
-29
-30
-33
-33
-35
-38
-39
-42
-41
-39
-36
-32
-28
-24
-23
-20
-18
-17
-18
-14
-11
-9
-6
-3
0
0
-1
-3
-2
3
8
13
20
27
31
33
35
37
38
41
44
50
57
61
64
63
58
50
44
41
39
39
41
41
39
37
35
33
30
28
28
28
29
28
26
22
15
5
-2
-6
-10
-12
-9
-9
-12
-17
-23
-29
-34
-37
-40
-40
-38
-36
-35
-37
-40
-43
-45
-45
-43
-38
-33
-28
-26
-26
-26
-24
-24
-22
-24
-18
-14
-11
-10
-9
-7
-9
-9
-7
-5
-5
-3
-1
1
1
1
-1
-4
-5
-4
-4
-3
-1
3
5
8
6
6
5
0
0
-2
0
3
4
7
7
5
8
10
12
14
19
20
19
18
14
12
10
8
9
12
12
14
18
18
17
14
11
9
7
8
9
10
8
5
0
-8
-14
-18
-20
-18
-14
-9
-4
0
1
-1
-4
-7
-9
-10
-10
-10
-11
-11
-14
-18
-19
-20
-21
-18
-14
-9
-2
1
4
5
5
2
2
3
5
8
15
18
17
18
19
19
19
19
21
22
24
28
27
22
18
13
11
9
7
