1
-1
0
0
0
1
0
0
0
0
1
1
0
-1
0
-1
-1
-1
0
1
1
0
0
0
0
0
0
1
0
1
0
0
0
0
0
-1
0
0
0
1
0
0
0
0
-1
0
0
0
0
0
0
1
0
0
0
0
0
0
1
0
1
0
0
-1
0
0
0
-1
0
0
0
0
0
0
0
1
0
-1
-1
0
-1
0
0
1
0
0
1
0
1
0
0
0
0
1
0
0
0
1
0
-1
-1
0
0
-1
-1
0
0
1
0
0
0
1
1
0
0
0
1
0
0
1
0
0
1
0
0
0
-1
0
0
-1
0
0
0
0
0
0
0
-1
-1
-1
0
-1
0
0
-1
0
0
0
1
0
1
0
0
0
0
0
0
0
0
0
0
0
0
1
0
-1
0
0
0
0
0
0
0
0
0
0
-1
0
0
1
0
0
-1
0
0
0
0
0
1
0
0
-1
0
0
0
-1
0
0
0
0
-1
0
0
0
-1
0
0
-1
0
0
1
0
0
0
0
0
0
0
0
1
1
0
2
0
0
0
0
0
-1
0
0
0
0
0
1
0
0
0
0
1
0
0
1
0
1
0
0
1
0
0
0
0
0
-1
0
0
0
1
1
1
-1
0
-1
0
0
-1
0
0
0
0
1
-1
0
0
0
0
0
0
1
0
0
1
-1
0
0
0
0
0
-1
-1
0
0
0
1
-1
0
0
-1
0
0
2
0
0
0
1
0
0
0
0
1
-1
0
-1
0
0
0
0
0
0
0
1
0
0
0
-1
0
0
-1
-1
0
0
0
0
0
-1
0
0
0
0
0
-1
0
0
0
0
0
-1
0
0
0
-1
0
0
0
1
0
0
1
0
0
0
0
1
0
1
0
0
1
1
0
-1
0
0
1
0
0
0
0
-1
0
0
0
0
0
0
0
0
-1
0
0
0
0
0
0
1
0
-1
0
0
-1
0
0
1
0
0
0
0
0
-1
0
-1
0
0
0
0
-1
0
0
-1
0
0
0
-1
-1
0
0
0
-1
0
0
0
0
0
0
0
1
0
0
0
0
0
0
1
0
0
0
1
-1
1
0
0
-1
0
0
0
0
0
0
0
0
-1
-1
1
0
0
0
0
0
0
0
0
0
0
0
0
0
-1
0
0
0
0
0
-1
0
0
0
0
0
0
0
-1
0
0
0
1
0
-1
-1
0
0
0
0
1
1
0
1
0
0
0
0
0
1
0
1
1
0
0
1
0
0
-1
0
0
0
-1
0
0
0
0
0
0
0
1
0
0
1
0
0
1
0
0
0
-1
1
1
0
0
0
0
0
-1
0
0
0
0
0
0
0
0
0
0
0
1
0
0
0
0
-1
0
0
-1
-1
0
-1
0
-1
0
0
0
0
0
-1
0
-1
1
0
-1
0
0
0
-1
0
-1
0
-1
0
0
0
0
-1
0
-1
0
1
0
0
0
0
0
0
1
0
0
0
0
0
0
-1
0
0
0
0
-1
0
0
0
0
0
1
1
0
0
0
0
0
0
0
-1
0
0
1
0
1
0
0
0
0
0
0
0
1
0
0
0
1
0
1
1
0
-1
0
0
-1
0
0
1
0
1
0
0
0
0
0
0
0
0
-1
0
0
-1
0
1
0
0
0
0
0
0
0
-1
0
1
0
0
1
0
0
0
0
-1
1
0
0
0
0
0
0
0
0
0
0
0
-1
0
0
0
1
0
0
0
1
0
0
0
-1
-1
1
1
0
0
1
0
0
1
0
0
1
0
0
0
0
0
0
0
1
0
0
0
0
0
0
0
0
1
0
1
1
-1
1
0
1
-1
0
0
1
0
-1
0
0
1
0
0
0
0
-1
0
0
0
0
0
0
0
0
0
0
-1
0
0
0
0
0
-1
0
0
0
0
0
0
1
0
0
1
1
-1
-1
0
0
-1
-1
0
0
0
0
1
1
1
0
0
-1
0
0
-1
0
0
0
0
-1
1
1
0
0
0
0
0
0
0
0
0
1
1
0
0
-1
0
0
0
1
0
0
-1
0
-1
0
0
0
0
0
0
0
0
0
0
0
-1
0
0
1
0
1
0
0
0
0
0
0
0
0
0
0
0
0
-1
0
0
0
1
0
1
0
0
-1
0
-1
1
1
0
0
1
0
0
0
1
0
0
0
0
0
0
1
-1
1
-1
0
0
0
0
0
0
1
-1
0
0
0
0
0
1
1
0
0
0
0
0
-1
-1
0
0
1
0
0
0
-1
0
0
0
-1
0
0
-1
0
-1
-1
0
0
0
1
0
-1
0
0
0
0
-1
0
0
0
0
0
0
0
0
0
0
1
0
0
1
0
0
0
0
0
0
0
0
-1
-1
0
0
1
1
0
-1
0
-1
-1
1
-1
-1
-2
0
0
1
-1
0
0
0
0
0
1
-1
0
0
0
1
0
0
0
1
1
0
1
0
0
0
-1
1
0
0
0
0
0
1
1
1
0
-2
1
1
0
-1
-1
0
0
-1
0
0
0
0
0
-1
0
0
0
0
0
0
0
0
0
0
0
1
0
0
-1
-1
-1
-1
0
-1
0
0
0
0
0
0
-1
0
0
0
1
0
0
-1
0
0
0
0
0
1
-1
0
0
1
1
0
0
1
0
0
0
0
0
-1
0
0
1
1
1
0
0
-1
0
0
0
0
0
1
0
0
0
0
0
0
0
-1
0
0
-1
0
0
0
0
0
1
-1
0
-1
0
0
0
0
-1
0
-1
0
0
0
0
-1
0
0
0
0
0
0
0
0
1
0
-1
-1
-1
-1
0
-1
0
0
1
-1
1
0
-1
0
0
-1
0
1
1
-1
0
1
1
0
0
0
0
0
0
0
0
0
0
0
0
0
0
0
1
1
0
0
0
0
0
0
0
0
-1
0
0
1
0
0
0
1
0
1
1
0
0
0
0
0
-1
0
0
0
0
-1
0
1
0
-1
1
-1
0
0
1
0
1
1
0
1
1
0
0
0
0
1
0
-1
-1
0
0
1
0
1
1
-1
1
0
0
1
0
0
0
0
0
-1
1
1
0
0
1
0
-1
0
1
0
0
0
-1
0
0
1
0
0
1
0
0
1
-1
0
0
0
0
0
-1
0
0
0
0
0
0
0
0
0
0
-1
0
0
-1
0
0
0
0
0
0
-2
0
2
0
0
1
0
-1
0
-1
-1
0
0
0
0
1
0
0
0
0
0
1
0
1
1
1
0
0
-1
0
0
0
0
0
1
1
0
0
0
0
0
1
0
0
0
0
0
0
0
-1
0
1
0
1
0
0
0
-1
0
0
1
1
0
1
0
0
1
0
0
1
-1
0
0
0
0
0
1
0
0
0
0
0
0
-1
1
0
1
0
-1
-1
0
0
0
0
0
0
0
0
0
0
0
-1
0
-1
0
0
1
0
0
0
1
0
-1
0
0
0
0
-1
0
0
0
0
0
-1
0
0
1
0
-1
0
0
0
0
0
0
-1
0
0
0
0
0
0
-1
-1
0
0
0
0
0
0
0
0
0
1
0
-1
0
0
0
0
0
0
0
-1
1
0
0
0
0
0
0
0
0
0
0
0
0
0
0
0
0
0
0
0
0
0
-1
0
0
1
0
-1
0
0
0
0
-1
1
0
0
0
0
0
0
0
0
-1
1
1
0
0
0
1
0
0
0
0
0
0
0
0
0
0
0
0
0
-1
0
-1
0
-1
0
0
0
0
1
-1
-1
-1
-1
0
0
0
0
-1
0
0
0
0
0
0
0
0
0
1
0
1
-1
0
0
0
0
0
1
-1
0
1
-1
0
0
0
0
0
0
0
0
0
0
0
0
0
0
1
0
0
0
0
0
0
0
1
0
1
0
0
0
0
0
0
0
0
0
0
-1
-1
0
0
-1
0
0
0
0
0
0
0
-1
-1
0
0
-1
0
-1
0
-1
0
0
0
0
0
0
-1
1
-1
1
0
0
0
0
0
0
1
0
-1
0
-1
0
1
0
0
1
0
0
0
1
0
0
0
0
0
0
1
1
1
0
0
0
0
1
0
1
0
0
0
1
1
0
0
0
0
0
0
0
0
-1
0
0
-1
-1
0
-1
-1
0
0
0
0
-1
0
0
0
-1
0
0
0
1
0
0
0
0
0
0
0
0
-1
-1
0
0
0
1
0
1
0
0
0
0
1
1
1
0
-1
1
0
1
0
0
0
0
1
0
0
0
1
0
1
-1
-1
0
0
0
0
0
-1
-1
-1
-1
-1
-1
-1
-1
-1
-1
-1
-1
-1
-1
0
0
0
-1
0
1
0
0
-1
1
0
0
-1
-1
0
0
1
1
0
0
0
0
0
1
0
1
1
1
0
1
1
0
0
0
1
1
1
0
0
0
-1
0
0
0
0
0
0
0
0
0
0
0
-1
1
0
-1
2
0
1
1
2
2
1
2
2
2
2
2
3
2
2
1
1
1
1
1
0
0
-1
-2
-1
-1
-2
-4
-4
-3
-4
-4
-4
-4
-4
-4
-4
-4
-3
-5
-4
-4
-3
-4
-2
-2
-2
-2
-2
-1
-1
-1
-1
-1
0
-2
0
0
0
1
1
1
1
1
1
2
2
2
2
3
3
3
3
5
4
6
6
7
6
7
8
7
7
8
7
8
8
8
7
7
8
6
6
6
4
4
4
3
2
1
0
0
-1
-2
-3
-3
-5
-5
-7
-7
-7
-7
-8
-10
-10
-10
-11
-11
-11
-11
-11
-11
-11
-11
-10
-10
-10
-9
-9
-8
-7
-6
-5
-5
-4
-3
-2
-1
-1
1
1
2
3
4
6
6
8
8
8
10
10
12
12
12
13
12
13
13
13
13
11
11
10
7
7
6
5
4
2
1
-2
-4
-6
-7
-9
-11
-12
-13
-15
-16
-17
-18
-19
-21
-20
-20
-20
-20
-18
-17
-15
-15
-12
-12
-10
-7
-5
-3
0
1
1
0
-2
-5
-8
-9
-11
-11
-11
-8
-4
2
4
8
15
25
40
56
68
79
89
100
108
116
119
126
138
152
167
175
176
172
162
144
117
80
43
9
-24
-57
-91
-125
-161
-203
-257
-315
-370
-411
-435
-446
-450
-445
-426
-395
-365
-342
-323
-297
-251
-192
-126
-55
26
112
192
261
316
357
387
408
423
435
449
465
478
482
473
450
417
370
311
244
179
122
71
29
-8
-35
-55
-72
-83
-93
-105
-120
-126
-118
-102
-82
-60
-27
18
69
113
137
145
155
164
171
170
167
169
173
159
126
84
44
1
-55
-118
-166
-194
-213
-237
-263
-287
-305
-328
-364
-403
-432
-448
-457
-461
-462
-462
-463
-468
-480
-488
-495
-502
-524
-571
-636
-717
-805
-901
-1002
-1086
-1133
-1150
-1136
-1093
-1017
-905
-766
-618
-462
-286
-85
134
350
561
776
1000
1224
1422
1593
1748
1888
2008
2097
2151
2183
2200
2189
2135
2041
1922
1787
1635
1459
1267
1073
880
677
464
251
62
-103
-253
-391
-512
-601
-658
-689
-702
-688
-639
-554
-447
-324
-184
-36
108
224
312
384
457
527
570
588
600
616
628
617
579
527
467
384
260
102
-66
-247
-455
-687
-921
-1139
-1352
-1597
-1886
-2193
-2513
-2900
-3398
-3987
-4565
-5055
-5476
-5861
-6168
-6286
-6189
-5962
-5684
-5316
-4776
-4092
-3392
-2725
-1983
-1073
-34
986
1913
2831
3812
4781
5587
6202
6709
7196
7604
7822
7879
7883
7880
7773
7457
6971
6426
5852
5179
4365
3488
2661
1888
1091
254
-547
-1251
-1908
-2589
-3276
-3875
-4330
-4677
-4951
-5131
-5169
-5052
-4840
-4594
-4306
-3939
-3496
-3025
-2557
-2070
-1531
-958
-401
130
675
1269
1868
2397
2832
3201
3512
3740
3827
3771
3637
3468
3256
2975
2620
2228
1821
1372
871
337
-187
-663
-1096
-1486
-1801
-2008
-2118
-2170
-2203
-2207
-2161
-2083
-2002
-1927
-1852
-1771
-1717
-1732
-1840
-2047
-2380
-2852
-3437
-4062
-4665
-5238
-5758
-6192
-6482
-6602
-6560
-6388
-6106
-5712
-5227
-4668
-4050
-3373
-2621
-1785
-880
56
1020
2011
3001
3953
4828
5606
6288
6881
7369
7753
8038
8229
8324
8307
8172
7918
7548
7071
6501
5848
5143
4411
3671
2926
2183
1453
737
35
-651
-1313
-1945
-2529
-3041
-3463
-3784
-4007
-4150
-4215
-4182
-4058
-3883
-3687
-3477
-3236
-2951
-2646
-2340
-2010
-1633
-1210
-743
-235
325
942
1567
2172
2718
3197
3573
3802
3900
3878
3755
3533
3221
2844
2425
1969
1483
980
471
-44
-549
-1014
-1435
-1833
-2203
-2506
-2711
-2818
-2844
-2792
-2660
-2463
-2260
-2105
-2011
-1984
-2075
-2374
-2912
-3607
-4345
-5093
-5884
-6685
-7344
-7738
-7902
-7927
-7803
-7444
-6866
-6222
-5622
-5008
-4255
-3363
-2455
-1586
-661
420
1619
2800
3900
4969
6032
6997
7753
8299
8736
9102
9325
9330
9167
8956
8722
8380
7888
7318
6755
6164
5460
4660
3865
3111
2338
1490
616
-199
-942
-1666
-2383
-3029
-3560
-3998
-4391
-4728
-4954
-5058
-5086
-5080
-5027
-4899
-4705
-4484
-4248
-3977
-3658
-3310
-2938
-2521
-2034
-1466
-830
-150
567
1309
2052
2755
3385
3918
4331
4610
4740
4715
4559
4294
3931
3488
3015
2541
2073
1619
1198
826
481
120
-242
-552
-803
-1046
-1293
-1467
-1530
-1538
-1583
-1680
-1770
-1872
-2121
-2623
-3317
-4067
-4833
-5687
-6633
-7530
-8198
-8615
-8879
-9001
-8863
-8396
-7732
-7034
-6343
-5531
-4560
-3579
-2715
-1899
-942
178
1328
2410
3502
4687
5892
6934
7733
8398
9014
9475
9645
9564
9400
9212
8913
8435
7889
7414
6978
6448
5773
5070
4416
3703
2824
1817
830
-66
-971
-1890
-2703
-3327
-3795
-4226
-4626
-4904
-5031
-5111
-5238
-5360
-5380
-5310
-5212
-5086
-4859
-4488
-4016
-3514
-2975
-2333
-1604
-857
-144
540
1228
1940
2625
3232
3783
4284
4719
5031
5172
5184
5074
4828
4428
3873
3251
2587
1937
1302
734
247
-176
-535
-831
-1054
-1233
-1395
-1535
-1589
-1594
-1591
-1626
-1679
-1735
-1883
-2244
-2817
-3500
-4238
-5071
-6066
-7118
-8020
-8677
-9172
-9536
-9602
-9262
-8627
-7926
-7228
-6366
-5297
-4209
-3301
-2489
-1531
-409
695
1710
2787
4041
5373
6542
7490
8392
9282
9964
10276
10276
10165
10007
9663
9083
8426
7880
7417
6852
6152
5473
4912
4322
3523
2554
1586
689
-298
-1409
-2469
-3303
-3939
-4548
-5100
-5421
-5474
-5476
-5564
-5659
-5623
-5536
-5536
-5613
-5604
-5367
-5001
-4619
-4155
-3472
-2584
-1659
-815
26
944
1871
2640
3250
3814
4362
4812
5070
5185
5237
5217
5046
4696
4243
3767
3251
2656
2005
1371
804
287
-204
-623
-926
-1126
-1257
-1349
-1350
-1275
-1234
-1280
-1391
-1548
-1831
-2363
-3105
-3901
-4707
-5624
-6685
-7714
-8494
-9027
-9455
-9724
-9633
-9127
-8426
-7755
-7021
-6061
-4958
-3974
-3194
-2382
-1356
-235
780
1743
2895
4268
5609
6705
7656
8638
9561
10131
10300
10258
10183
10003
9526
8824
8171
7684
7167
6484
5779
5240
4784
4161
3292
2378
1560
700
-349
-1488
-2452
-3180
-3859
-4529
-5021
-5196
-5187
-5246
-5379
-5405
-5290
-5224
-5306
-5383
-5288
-5068
-4857
-4610
-4167
-3484
-2710
-1957
-1185
-292
680
1582
2352
3050
3714
4289
4708
4976
5172
5318
5331
5145
4823
4474
4114
3676
3155
2617
2105
1594
1047
511
63
-301
-648
-965
-1166
-1239
-1293
-1406
-1555
-1732
-2040
-2593
-3360
-4198
-5073
-6069
-7211
-8305
-9137
-9707
-10121
-10338
-10176
-9623
-8877
-8108
-7247
-6172
-4992
-3947
-3069
-2152
-1079
24
1027
2027
3201
4518
5757
6812
7793
8789
9645
10143
10287
10258
10149
9849
9296
8619
8016
7493
6914
6260
5689
5270
4846
4243
3508
2793
2073
1195
139
-902
-1784
-2568
-3344
-4025
-4445
-4603
-4673
-4760
-4788
-4687
-4563
-4578
-4718
-4824
-4830
-4826
-4855
-4785
-4467
-3931
-3309
-2641
-1850
-904
85
976
1751
2469
3115
3592
3889
4059
4168
4200
4099
3913
3727
3555
3339
3061
2744
2407
2019
1575
1105
662
258
-123
-450
-654
-721
-742
-794
-850
-896
-1041
-1446
-2103
-2877
-3712
-4723
-5958
-7227
-8284
-9087
-9753
-10238
-10328
-9939
-9282
-8573
-7747
-6672
-5455
-4377
-3521
-2694
-1753
-802
30
845
1854
3080
4330
5475
6601
7795
8915
9723
10169
10402
10502
10357
9871
9178
8491
7852
7141
6352
5658
5171
4756
4217
3559
2936
2351
1616
640
-421
-1365
-2247
-3174
-4065
-4693
-4968
-5080
-5172
-5159
-4924
-4584
-4374
-4333
-4305
-4233
-4225
-4326
-4363
-4153
-3734
-3228
-2620
-1783
-724
386
1410
2358
3251
3999
4481
4707
4781
4744
4561
4218
3801
3402
3034
2655
2268
1915
1604
1289
936
578
254
-63
-409
-751
-999
-1133
-1228
-1322
-1370
-1378
-1477
-1794
-2301
-2893
-3596
-4524
-5671
-6832
-7835
-8701
-9476
-10021
-10136
-9824
-9273
-8574
-7642
-6447
-5182
-4069
-3105
-2139
-1151
-283
422
1141
2050
3074
4063
5036
6125
7316
8403
9220
9802
10246
10492
10392
9938
9296
8593
7803
6881
5940
5159
4558
4007
3417
2862
2418
1987
1395
610
-226
-1040
-1915
-2898
-3829
-4515
-4958
-5282
-5493
-5467
-5183
-4804
-4462
-4136
-3772
-3462
-3305
-3248
-3150
-2948
-2700
-2398
-1933
-1244
-391
535
1518
2544
3517
4312
4887
5269
5443
5347
4981
4434
3816
3169
2505
1880
1364
968
644
359
140
-10
-163
-386
-642
-860
-1050
-1285
-1554
-1780
-1962
-2240
-2698
-3239
-3774
-4396
-5249
-6264
-7205
-7984
-8708
-9390
-9806
-9769
-9395
-8897
-8244
-7248
-5955
-4679
-3608
-2592
-1466
-352
520
1209
1989
2942
3877
4668
5482
6499
7598
8490
9099
9597
10035
10214
9957
9377
8707
7984
7086
6023
5020
4251
3628
2985
2339
1838
1495
1126
582
-63
-678
-1303
-2064
-2939
-3742
-4337
-4792
-5187
-5438
-5397
-5101
-4726
-4356
-3925
-3407
-2930
-2590
-2311
-1978
-1605
-1266
-915
-423
228
943
1665
2447
3293
4075
4674
5104
5408
5524
5357
4934
4379
3754
3025
2194
1378
669
54
-509
-970
-1266
-1434
-1579
-1703
-1732
-1694
-1701
-1809
-1952
-2108
-2397
-2906
-3534
-4152
-4816
-5656
-6622
-7485
-8127
-8665
-9166
-9447
-9325
-8885
-8345
-7722
-6830
-5643
-4423
-3364
-2355
-1224
-51
942
1746
2595
3598
4583
5406
6179
7083
8053
8829
9322
9689
10019
10156
9926
9400
8779
8108
7253
6187
5105
4175
3351
2492
1615
892
367
-100
-668
-1254
-1735
-2166
-2671
-3277
-3824
-4217
-4536
-4856
-5100
-5134
-4950
-4689
-4397
-3996
-3447
-2861
-2352
-1889
-1374
-831
-351
77
559
1137
1737
2305
2890
3560
4242
4793
5193
5511
5712
5662
5313
4781
4177
3471
2607
1637
717
-71
-771
-1429
-1993
-2381
-2609
-2759
-2881
-2959
-2998
-3035
-3133
-3367
-3750
-4222
-4732
-5328
-6076
-6921
-7696
-8303
-8790
-9199
-9402
-9241
-8748
-8101
-7361
-6393
-5159
-3860
-2712
-1680
-602
517
1493
2250
3004
3883
4800
5616
6358
7198
8111
8900
9445
9825
10116
10235
10046
9551
8877
8111
7209
6139
5012
3979
3065
2173
1269
451
-187
-709
-1270
-1877
-2404
-2818
-3238
-3744
-4231
-4565
-4777
-5000
-5201
-5221
-5019
-4711
-4382
-3967
-3409
-2761
-2147
-1561
-918
-237
385
928
1469
2059
2655
3198
3705
4220
4720
5122
5419
5637
5751
5694
5441
5025
4477
3788
2941
2001
1049
121
-760
-1555
-2232
-2771
-3146
-3376
-3517
-3612
-3670
-3690
-3792
-4072
-4545
-5117
-5739
-6496
-7409
-8324
-9057
-9592
-10019
-10286
-10202
-9683
-8907
-8021
-6958
-5615
-4114
-2704
-1470
-272
963
2087
2976
3742
4569
5455
6245
6920
7646
8480
9280
9885
10319
10677
10911
10892
10535
9927
9185
8296
7193
5927
4668
3501
2384
1264
202
-680
-1390
-2045
-2697
-3273
-3725
-4135
-4588
-5033
-5388
-5640
-5857
-6044
-6087
-5927
-5616
-5228
-4748
-4113
-3355
-2575
-1816
-1009
-159
638
1333
1974
2631
3252
3787
4243
4726
5206
5582
5822
5985
6103
6081
5827
5387
4871
4282
3543
2630
1654
726
-149
-1029
-1866
-2529
-2988
-3310
-3575
-3786
-3882
-3915
-4024
-4315
-4764
-5269
-5855
-6623
-7555
-8512
-9333
-9994
-10546
-10899
-10859
-10378
-9599
-8637
-7449
-5984
-4369
-2829
-1442
-120
1160
2273
3153
3906
4667
5440
6155
6829
7571
8412
9249
9980
10584
11079
11405
11451
11190
10665
9909
8941
7770
6472
5157
3894
2697
1577
554
-331
-1084
-1774
-2427
-3047
-3607
-4183
-4773
-5367
-5916
-6373
-6756
-7030
-7154
-7071
-6790
-6364
-5797
-5052
-4173
-3251
-2321
-1349
-358
573
1424
2221
2993
3717
4340
4866
5346
5785
6117
6343
6489
6533
6446
6189
5769
5229
4594
3826
2918
1949
982
64
-837
-1706
-2429
-2955
-3327
-3639
-3893
-4032
-4100
-4262
-4635
-5143
-5685
-6319
-7158
-8180
-9154
-9927
-10578
-11145
-11469
-11318
-10723
-9878
-8858
-7543
-5891
-4157
-2571
-1114
344
1762
2936
3826
4622
5471
6279
6929
7502
8236
9081
9849
10464
10989
11473
11785
11766
11400
10813
10046
9036
7740
6305
4898
3569
2281
1024
-68
-909
-1579
-2207
-2798
-3286
-3681
-4112
-4692
-5321
-5882
-6399
-6926
-7406
-7682
-7667
-7449
-7105
-6537
-5680
-4647
-3574
-2490
-1339
-161
930
1877
2762
3620
4393
5018
5535
6042
6491
6809
6978
7048
7032
6871
6517
5990
5376
4648
3760
2737
1681
681
-284
-1236
-2105
-2757
-3204
-3561
-3860
-4070
-4163
-4261
-4531
-4985
-5502
-6086
-6848
-7833
-8876
-9796
-10568
-11228
-11709
-11817
-11473
-10787
-9856
-8657
-7131
-5384
-3645
-2015
-451
1069
2427
3539
4466
5337
6171
6887
7526
8200
8961
9718
10393
10989
11522
11932
12117
12018
11651
11025
10146
9010
7668
6219
4735
3292
1901
580
-592
-1555
-2331
-3002
-3595
-4090
-4482
-4851
-5277
-5744
-6165
-6549
-6957
-7316
-7540
-7548
-7364
-7027
-6491
-5738
-4773
-3680
-2494
-1257
-28
1157
2281
3304
4172
4892
5478
5946
6259
6433
6522
6573
6545
6427
6178
5830
5429
4908
4222
3404
2524
1623
661
-363
-1364
-2234
-2935
-3509
-3985
-4331
-4477
-4533
-4663
-4941
-5287
-5671
-6221
-7005
-7954
-8872
-9701
-10509
-11238
-11669
-11633
-11225
-10559
-9595
-8234
-6536
-4743
-3031
-1370
291
1809
3028
3978
4821
5616
6258
6739
7208
7827
8551
9232
9871
10528
11196
11728
11987
11982
11732
11214
10356
9160
7763
6271
4729
3147
1586
168
-1009
-1973
-2791
-3436
-3871
-4147
-4386
-4661
-4948
-5217
-5528
-5940
-6418
-6771
-6998
-7150
-7156
-6893
-6322
-5560
-4641
-3510
-2160
-778
522
1756
2951
4037
4864
5453
5930
6303
6488
6487
6401
6307
6165
5894
5545
5196
4833
4375
3751
3008
2215
1363
392
-663
-1670
-2526
-3250
-3913
-4464
-4813
-4980
-5107
-5323
-5588
-5834
-6157
-6701
-7474
-8320
-9108
-9877
-10669
-11317
-11592
-11448
-11003
-10294
-9207
-7700
-5958
-4200
-2458
-670
1084
2592
3795
4810
5722
6473
7007
7430
7918
8479
9027
9560
10144
10779
11321
11696
11852
11800
11505
10880
9943
8755
7403
5918
4346
2750
1220
-160
-1364
-2388
-3214
-3824
-4237
-4515
-4749
-4965
-5154
-5358
-5622
-5940
-6260
-6542
-6766
-6889
-6847
-6580
-6069
-5344
-4405
-3256
-1960
-615
727
2030
3233
4260
5074
5678
6079
6282
6292
6167
5981
5748
5456
5122
4796
4482
4117
3644
3067
2423
1724
918
-8
-956
-1840
-2652
-3416
-4091
-4604
-4952
-5237
-5557
-5901
-6203
-6528
-6995
-7631
-8333
-9009
-9675
-10352
-10928
-11196
-11113
-10758
-10158
-9210
-7844
-6195
-4463
-2704
-868
979
2638
3998
5140
6159
7001
7587
7986
8365
8796
9196
9538
9901
10342
10783
11102
11243
11218
11018
10571
9829
8825
7632
6307
4872
3368
1871
484
-713
-1742
-2625
-3333
-3825
-4146
-4396
-4613
-4794
-4938
-5122
-5389
-5684
-5949
-6184
-6394
-6493
-6407
-6106
-5607
-4906
-3982
-2863
-1611
-299
1033
2334
3508
4502
5267
5796
6099
6188
6077
5809
5464
5080
4681
4278
3890
3536
3192
2778
2317
1770
1143
427
-383
-1227
-2037
-2773
-3458
-4067
-4541
-4850
-5090
-5361
-5642
-5907
-6225
-6705
-7361
-8085
-8779
-9467
-10160
-10698
-10914
-10774
-10346
-9640
-8543
-7076
-5405
-3676
-1914
-120
1587
3052
4249
5266
6128
6777
7223
7570
7939
8325
8687
9058
9466
9917
10322
10612
10756
10716
10481
9986
9208
8180
6978
5670
4254
2780
1361
88
-1031
-1983
-2736
-3300
-3661
-3888
-4049
-4157
-4242
-4340
-4490
-4693
-4932
-5179
-5394
-5534
-5577
-5444
-5142
-4616
-3894
-2979
-1914
-752
479
1702
2851
3861
4695
5313
5713
5895
5875
5672
5334
4937
4517
4083
3650
3243
2891
2531
2118
1650
1127
544
-153
-922
-1689
-2393
-3038
-3657
-4186
-4583
-4875
-5164
-5481
-5792
-6115
-6530
-7108
-7772
-8423
-9057
-9690
-10257
-10595
-10624
-10368
-9842
-8998
-7781
-6294
-4670
-2991
-1258
479
2076
3442
4593
5581
6388
6986
7415
7764
8115
8455
8778
9111
9491
9897
10238
10460
10535
10449
10150
9583
8744
7687
6469
5125
3689
2237
864
-361
-1436
-2348
-3059
-3548
-3854
-4032
-4111
-4125
-4122
-4152
-4232
-4368
-4545
-4753
-4954
-5111
-5169
-5077
-4809
-4329
-3631
-2738
-1684
-519
690
1893
3012
3962
4706
5232
5531
5613
5490
5218
4865
4463
4030
3602
3206
2846
2506
2138
1716
1234
681
39
-692
-1465
-2199
-2860
-3445
-3941
-4297
-4496
-4627
-4784
-4968
-5158
-5421
-5845
-6452
-7170
-7906
-8652
-9393
-10002
-10332
-10338
-10050
-9463
-8523
-7220
-5671
-4017
-2320
-617
1012
2456
3661
4676
5537
6211
6677
7002
7309
7654
8006
8359
8738
9174
9637
10022
10247
10308
10207
9882
9290
8434
7365
6160
4819
3376
1923
579
-602
-1635
-2497
-3155
-3559
-3752
-3817
-3791
-3704
-3597
-3569
-3659
-3842
-4068
-4316
-4599
-4857
-4995
-4962
-4743
-4335
-3712
-2863
-1829
-703
458
1634
2768
3758
4520
5039
5328
5399
5248
4920
4506
4077
3644
3221
2818
2442
2104
1772
1386
920
383
-199
-849
-1581
-2306
-2957
-3478
-3902
-4225
-4406
-4448
-4435
-4477
-4584
-4766
-5038
-5486
-6127
-6872
-7649
-8397
-9100
-9660
-9931
-9845
-9418
-8712
-7659
-6282
-4707
-3059
-1425
218
1763
3111
4202
5060
5773
6300
6637
6860
7096
7399
7731
8077
8471
8936
9388
9751
9974
10021
9865
9446
8725
7759
6613
5338
3960
2522
1140
-105
-1201
-2122
-2834
-3299
-3543
-3620
-3570
-3439
-3296
-3194
-3191
-3281
-3439
-3676
-3987
-4309
-4544
-4683
-4688
-4508
-4074
-3390
-2514
-1503
-378
820
1977
3018
3907
4618
5136
5388
5373
5148
4775
4308
3775
3248
2720
2250
1854
1485
1130
771
403
-14
-527
-1121
-1765
-2419
-3031
-3583
-4031
-4325
-4472
-4530
-4537
-4533
-4559
-4633
-4801
-5079
-5517
-6074
-6704
-7377
-8056
-8681
-9104
-9238
-9052
-8563
-7750
-6580
-5152
-3563
-1926
-267
1345
2792
4006
4961
5711
6243
6565
6737
6853
7005
7197
7446
7768
8177
8638
9070
9432
9662
9716
9516
9021
8241
7203
5962
4564
3082
1616
240
-992
-2039
-2859
-3409
-3682
-3737
-3643
-3456
-3220
-3000
-2899
-2951
-3134
-3409
-3768
-4190
-4584
-4862
-4975
-4916
-4646
-4108
-3322
-2344
-1243
-33
1225
2419
3459
4311
4963
5356
5465
5335
5047
4639
4123
3571
3070
2659
2291
1950
1649
1383
1076
660
149
-441
-1104
-1860
-2644
-3358
-3947
-4402
-4721
-4849
-4800
-4644
-4497
-4383
-4297
-4309
-4493
-4910
-5483
-6149
-6887
-7664
-8386
-8871
-9049
-8903
-8449
-7638
-6433
-4941
-3298
-1627
53
1671
3082
4207
5047
5682
6119
6351
6443
6512
6654
6856
7105
7431
7877
8400
8876
9232
9441
9478
9266
8719
7871
6792
5563
4184
2705
1260
-52
-1150
-2065
-2742
-3152
-3304
-3266
-3141
-2934
-2709
-2534
-2496
-2620
-2868
-3209
-3623
-4097
-4549
-4897
-5082
-5082
-4858
-4389
-3662
-2704
-1600
-397
834
2027
3092
3965
4618
5023
5195
5143
4913
4557
4117
3641
3173
2759
2391
2049
1740
1432
1084
673
173
-380
-986
-1650
-2326
-2996
-3577
-4034
-4354
-4540
-4574
-4460
-4264
-4075
-3959
-3919
-3998
-4259
-4731
-5359
-6069
-6798
-7510
-8133
-8526
-8635
-8424
-7905
-7047
-5860
-4439
-2887
-1331
179
1590
2820
3831
4618
5205
5625
5907
6106
6281
6494
6764
7083
7451
7873
8324
8726
9006
9119
9036
8734
8182
7372
6359
5217
3984
2692
1423
290
-651
-1405
-1965
-2324
-2468
-2459
-2394
-2319
-2245
-2193
-2256
-2462
-2794
-3194
-3660
-4174
-4649
-5021
-5202
-5207
-4974
-4489
-3801
-2898
-1852
-702
492
1649
2688
3565
4260
4720
4947
4979
4851
4605
4234
3793
3353
2941
2547
2131
1733
1353
964
514
-15
-599
-1220
-1860
-2522
-3175
-3736
-4145
-4386
-4499
-4493
-4338
-4046
-3719
-3490
-3397
-3407
-3549
-3900
-4485
-5185
-5885
-6563
-7220
-7754
-8002
-7922
-7552
-6952
-6067
-4888
-3530
-2126
-766
568
1820
2910
3767
4430
4971
5393
5710
5938
6179
6471
6794
7145
7513
7923
8320
8633
8807
8793
8591
8164
7516
6671
5662
4566
3419
2282
1198
233
-564
-1207
-1682
-2014
-2193
-2267
-2297
-2317
-2375
-2487
-2689
-2975
-3333
-3739
-4153
-4549
-4871
-5091
-5153
-5026
-4694
-4147
-3413
-2522
-1524
-441
662
1730
2708
3538
4206
4669
4920
4970
4838
4576
4216
3797
3325
2830
2341
1878
1437
974
509
50
-418
-940
-1523
-2117
-2686
-3214
-3701
-4079
-4289
-4323
-4210
-3987
-3654
-3249
-2856
-2563
-2400
-2379
-2529
-2879
-3443
-4154
-4941
-5733
-6469
-7062
-7415
-7485
-7254
-6740
-5927
-4841
-3558
-2172
-775
586
1838
2928
3816
4531
5088
5479
5741
5919
6086
6269
6460
6681
6945
7253
7551
7793
7936
7954
7815
7472
6925
6201
5336
4375
3330
2251
1208
277
-503
-1131
-1594
-1893
-2044
-2098
-2101
-2079
-2062
-2096
-2228
-2449
-2738
-3088
-3497
-3930
-4319
-4611
-4769
-4767
-4560
-4133
-3503
-2698
-1744
-683
411
1478
2457
3304
3976
4431
4679
4715
4551
4225
3791
3310
2791
2268
1782
1358
970
619
264
-97
-466
-894
-1391
-1921
-2464
-2998
-3493
-3904
-4176
-4288
-4224
-4000
-3646
-3199
-2713
-2250
-1896
-1710
-1720
-1923
-2322
-2946
-3741
-4596
-5427
-6178
-6793
-7168
-7217
-6929
-6356
-5530
-4446
-3142
-1738
-370
909
2082
3094
3869
4399
4749
4983
5109
5149
5191
5332
5575
5884
6244
6675
7154
7591
7899
8049
8016
7753
7227
6457
5510
4451
3309
2119
991
21
-762
-1372
-1792
-1996
-2002
-1894
-1745
-1596
-1476
-1448
-1574
-1844
-2230
-2690
-3226
-3783
-4267
-4621
-4809
-4803
-4557
-4045
-3310
-2409
-1361
-214
938
1989
2895
3641
4189
4485
4531
4391
4102
3673
3134
2575
2059
1591
1168
798
506
259
14
-271
-610
-1014
-1500
-2039
-2624
-3208
-3732
-4158
-4448
-4581
-4514
-4226
-3740
-3136
-2490
-1841
-1232
-771
-550
-586
-847
-1321
-2028
-2923
-3883
-4777
-5565
-6220
-6640
-6717
-6450
-5911
-5146
-4143
-2948
-1690
-505
567
1558
2401
3028
3441
3720
3939
4086
4178
4320
4544
4849
5210
5616
6084
6562
6968
7250
7379
7327
7055
6572
5915
5139
4274
3358
2481
1686
1023
497
122
-105
-218
-236
-236
-256
-341
-518
-812
-1240
-1777
-2385
-3012
-3637
-4208
-4655
-4903
-4925
-4731
-4321
-3693
-2883
-1952
-973
8
934
1745
2399
2868
3152
3248
3176
2976
2683
2340
1982
1654
1364
1102
859
640
433
198
-104
-482
-932
-1461
-2065
-2690
-3265
-3753
-4144
-4408
-4485
-4351
-4036
-3584
-3013
-2339
-1620
-967
-438
-36
210
218
-38
-483
-1023
-1644
-2366
-3107
-3755
-4256
-4636
-4877
-4883
-4633
-4220
-3720
-3098
-2336
-1527
-780
-111
534
1131
1602
1962
2309
2657
2940
3157
3401
3731
4102
4433
4754
5119
5474
5739
5892
5970
5974
5832
5543
5165
4747
4310
3827
3339
2897
2510
2167
1854
1576
1320
1051
756
419
42
-384
-860
-1374
-1904
-2405
-2853
-3203
-3430
-3541
-3510
-3337
-3037
-2634
-2147
-1601
-1050
-522
-33
417
770
1020
1164
1241
1245
1185
1090
974
857
720
546
369
203
1
-260
-564
-882
-1211
-1570
-1950
-2293
-2581
-2828
-3023
-3120
-3085
-2948
-2766
-2536
-2224
-1868
-1539
-1243
-957
-664
-409
-237
-110
5
70
27
-133
-342
-583
-900
-1318
-1800
-2290
-2768
-3239
-3676
-3992
-4142
-4150
-4027
-3757
-3311
-2718
-2057
-1365
-644
82
768
1376
1905
2350
2701
2955
3157
3354
3550
3763
4010
4312
4662
5029
5409
5787
6118
6349
6451
6419
6245
5914
5423
4802
4101
3352
2591
1846
1164
585
108
-271
-560
-747
-846
-908
-977
-1073
-1188
-1339
-1562
-1836
-2125
-2388
-2616
-2807
-2911
-2896
-2772
-2554
-2251
-1861
-1415
-958
-537
-163
139
331
405
368
228
-4
-302
-615
-909
-1170
-1374
-1485
-1493
-1419
-1285
-1100
-886
-689
-555
-496
-517
-619
-807
-1069
-1359
-1638
-1883
-2072
-2174
-2162
-2026
-1769
-1419
-1001
-542
-94
308
622
805
834
698
416
8
-514
-1125
-1768
-2389
-2947
-3395
-3690
-3789
-3701
-3451
-3059
-2546
-1953
-1346
-770
-253
202
575
862
1097
1292
1474
1683
1943
2287
2712
3203
3764
4363
4947
5466
5893
6211
6375
6351
6149
5806
5335
4748
4095
3434
2808
2229
1721
1318
1031
826
671
558
469
357
180
-60
-351
-702
-1117
-1566
-2005
-2386
-2702
-2937
-3059
-3045
-2907
-2677
-2375
-2019
-1641
-1285
-999
-787
-645
-587
-611
-701
-826
-936
-1026
-1079
-1074
-996
-850
-655
-431
-195
19
182
271
271
180
-5
-268
-594
-943
-1289
-1605
-1869
-2067
-2168
-2173
-2109
-1984
-1790
-1542
-1292
-1070
-877
-706
-584
-537
-561
-623
-705
-835
-1013
-1200
-1357
-1507
-1662
-1786
-1849
-1847
-1806
-1727
-1591
-1388
-1141
-867
-564
-231
118
464
807
1151
1493
1817
2124
2414
2686
2954
3206
3437
3645
3828
3988
4111
4185
4212
4189
4106
3944
3718
3449
3144
2806
2447
2092
1762
1458
1186
954
756
586
428
277
133
-25
-211
-429
-661
-905
-1156
-1401
-1625
-1815
-1967
-2062
-2098
-2082
-2012
-1902
-1760
-1588
-1403
-1222
-1055
-909
-779
-671
-583
-506
-438
-370
-294
-210
-119
-16
89
182
254
303
324
309
256
156
10
-167
-371
-599
-840
-1079
-1299
-1498
-1677
-1830
-1947
-2016
-2049
-2061
-2040
-1984
-1902
-1803
-1702
-1602
-1495
-1397
-1318
-1252
-1200
-1154
-1126
-1120
-1117
-1104
-1080
-1031
-958
-854
-714
-538
-338
-124
95
313
537
756
954
1124
1280
1433
1566
1678
1787
1911
2044
2182
2321
2465
2621
2765
2876
2964
3034
3075
3077
3037
2961
2847
2701
2517
2317
2111
1903
1687
1469
1267
1064
844
617
387
152
-96
-352
-604
-851
-1085
-1304
-1496
-1642
-1741
-1793
-1801
-1762
-1679
-1559
-1403
-1229
-1048
-857
-664
-476
-305
-146
5
145
273
383
482
568
637
686
698
678
626
539
416
253
58
-154
-379
-616
-868
-1115
-1346
-1564
-1772
-1963
-2110
-2215
-2283
-2321
-2334
-2309
-2251
-2178
-2094
-1998
-1887
-1769
-1653
-1546
-1444
-1342
-1243
-1141
-1045
-942
-823
-694
-557
-413
-262
-101
63
223
378
516
643
757
848
919
980
1041
1101
1157
1213
1274
1344
1421
1497
1574
1655
1740
1822
1885
1939
1985
2016
2034
2032
2010
1976
1927
1860
1771
1664
1544
1421
1296
1160
1017
876
735
588
429
268
112
-43
-203
-356
-498
-627
-734
-823
-885
-910
-891
-841
-762
-653
-519
-368
-218
-74
60
178
277
339
377
406
415
416
407
396
396
386
368
341
308
252
167
56
-78
-233
-408
-594
-787
-987
-1176
-1360
-1533
-1678
-1801
-1905
-1988
-2053
-2098
-2134
-2168
-2191
-2209
-2209
-2194
-2159
-2096
-1985
-1845
-1678
-1477
-1248
-998
-746
-491
-242
-7
206
396
548
669
760
816
847
861
855
838
820
806
794
776
765
768
782
793
805
829
861
897
923
948
974
999
1016
1019
1019
1028
1047
1059
1059
1068
1089
1111
1122
1129
1133
1129
1104
1058
989
900
800
684
554
425
310
215
136
81
49
50
79
128
192
270
360
442
508
551
573
562
522
454
369
272
158
45
-52
-130
-193
-236
-254
-252
-241
-235
-233
-236
-257
-308
-396
-509
-640
-794
-970
-1148
-1313
-1456
-1568
-1652
-1696
-1706
-1689
-1665
-1645
-1629
-1618
-1619
-1634
-1651
-1670
-1673
-1646
-1589
-1493
-1360
-1181
-963
-713
-459
-204
43
260
431
546
617
648
640
596
537
481
438
414
409
423
468
536
611
683
741
778
787
764
703
621
523
412
301
206
145
126
139
191
286
409
548
685
802
899
966
990
975
932
860
776
686
610
564
541
543
565
610
674
738
793
837
867
870
848
804
735
651
557
465
382
312
264
238
240
257
283
312
349
382
399
399
381
347
298
232
148
61
-18
-101
-196
-288
-367
-441
-526
-628
-725
-814
-909
-1018
-1132
-1236
-1332
-1434
-1533
-1616
-1679
-1727
-1760
-1769
-1744
-1694
-1619
-1524
-1412
-1279
-1130
-981
-833
-691
-552
-418
-306
-214
-136
-69
-20
12
30
42
53
59
59
63
70
82
95
104
111
122
131
131
125
112
99
98
105
130
164
201
253
312
366
421
481
543
600
641
674
708
741
762
770
779
805
835
859
876
905
941
970
988
1001
1013
1009
986
945
896
837
768
696
626
563
513
471
442
413
386
361
339
322
295
261
219
183
138
85
39
12
-1
-11
-15
-6
17
37
46
40
31
7
-38
-109
-193
-282
-380
-480
-570
-638
-694
-738
-772
-795
-812
-827
-842
-862
-888
-915
-944
-982
-1017
-1039
-1040
-1025
-991
-935
-854
-756
-654
-551
-451
-354
-275
-225
-207
-209
-231
-274
-328
-383
-426
-451
-469
-469
-458
-427
-378
-330
-283
-242
-196
-158
-132
-120
-113
-92
-70
-52
-28
21
86
165
254
354
462
573
673
761
836
899
944
964
967
951
918
876
828
772
709
648
595
548
507
469
437
423
407
385
360
330
300
264
219
180
144
118
93
82
91
110
143
180
230
286
340
389
428
454
462
449
420
382
334
270
207
154
109
75
48
32
24
11
-3
-19
-39
-77
-122
-174
-234
-293
-365
-432
-485
-532
-564
-580
-578
-559
-526
-487
-448
-409
-379
-367
-368
-383
-413
-451
-496
-543
-580
-618
-642
-648
-644
-624
-590
-551
-498
-452
-411
-370
-341
-329
-333
-343
-356
-368
-380
-380
-368
-339
-298
-246
-183
-110
-33
41
116
184
239
276
300
312
314
308
309
320
335
355
386
427
470
505
534
565
589
589
570
535
492
436
372
309
251
201
163
143
138
150
176
211
258
299
331
355
363
350
328
293
254
213
172
138
113
104
109
116
128
149
169
183
189
182
157
115
58
-10
-85
-159
-230
-296
-344
-379
-396
-400
-387
-361
-326
-289
-255
-220
-191
-173
-164
-156
-149
-142
-140
-136
-127
-117
-99
-77
-49
-17
14
38
61
77
78
76
71
58
36
16
-9
-35
-61
-84
-112
-135
-148
-159
-168
-174
-171
-159
-142
-128
-111
-95
-78
-70
-68
-69
-68
-69
-68
-68
-70
-61
-46
-28
-8
19
44
69
87
92
86
70
48
11
-27
-62
-94
-121
-137
-151
-152
-139
-118
-91
-67
-44
-21
-6
5
7
4
0
-4
-10
-9
9
36
74
122
180
239
296
349
391
420
435
428
406
371
323
265
204
146
85
25
-20
-49
-65
-72
-77
-70
-66
-59
-62
-75
-93
-114
-137
-160
-180
-196
-204
-205
-195
-177
-142
-102
-55
-4
40
86
127
157
172
174
171
155
125
91
60
31
7
-12
-26
-36
-34
-32
-25
-21
-19
-22
-31
-44
-64
-81
-100
-116
-123
-124
-121
-107
-82
-46
-6
37
80
122
161
189
203
208
202
187
161
127
86
46
9
-26
-56
-84
-107
-125
-136
-151
-163
-172
-183
-192
-203
-217
-225
-225
-221
-215
-200
-179
-152
-121
-90
-53
-12
28
68
105
140
167
189
195
190
175
153
129
101
72
45
27
10
-7
-21
-33
-40
-49
-56
-61
-64
-67
-68
-69
-67
-66
-63
-55
-47
-39
-23
2
25
46
65
86
103
117
122
119
118
108
94
72
49
23
-2
-24
-43
-51
-58
-59
-59
-56
-44
-36
-29
-27
-22
-22
-19
-15
-10
-3
6
18
31
46
59
78
98
119
134
145
148
151
147
137
120
100
76
54
31
14
3
-7
-13
-18
-18
-13
-12
-8
-6
-3
-1
-3
-4
-3
-7
-13
-7
4
8
15
23
31
36
37
34
26
13
-5
-23
-42
-62
-79
-90
-95
-96
-92
-84
-75
-67
-58
-47
-41
-43
-54
-66
-82
-96
-113
-130
-141
-149
-153
-155
-149
-140
-130
-112
-91
-76
-63
-50
-45
-46
-49
-51
-57
-67
-74
-77
-70
-56
-44
-27
-3
25
50
75
94
108
115
114
103
86
67
53
42
32
29
34
49
70
99
133
167
197
213
226
234
233
226
209
181
151
125
99
77
55
42
36
33
34
38
42
43
39
25
11
-11
-37
-65
-98
-127
-151
-167
-178
-178
-170
-148
-115
-82
-48
-12
27
55
77
90
102
108
101
91
77
62
49
39
32
29
30
33
30
30
22
10
-6
-26
-49
-75
-103
-130
-158
-178
-189
-200
-202
-201
-187
-169
-149
-130
-113
-92
-72
-56
-46
-39
-32
-33
-35
-45
-54
-52
-54
-57
-59
-54
-41
-31
-26
-23
-15
-9
0
-2
-5
-2
5
7
9
15
27
49
71
90
112
138
161
172
174
174
172
164
146
125
107
86
69
46
32
30
25
27
29
30
35
40
35
32
25
15
4
-7
-18
-27
-30
-30
-27
-25
-15
4
19
33
44
56
67
72
68
59
55
47
37
31
30
31
35
46
59
72
88
102
113
117
118
109
97
82
60
31
4
-24
-51
-73
-98
-118
-134
-146
-157
-166
-167
-166
-161
-161
-162
-163
-166
-173
-181
-191
-196
-201
-203
-200
-191
-174
-149
-119
-90
-58
-20
15
43
63
76
87
90
83
73
62
53
45
38
33
36
45
54
62
67
74
83
88
80
71
60
47
32
11
-10
-22
-28
-34
-41
-41
-33
-20
-10
-3
5
10
18
15
9
2
-6
-15
-30
-43
-49
-52
-50
-43
-28
-2
27
57
85
119
146
170
187
199
207
213
215
204
193
181
170
157
140
128
120
111
100
85
65
44
19
-10
-39
-62
-84
-104
-121
-136
-144
-145
-145
-146
-148
-143
-132
-124
-116
-110
-100
-90
-84
-87
-87
-83
-78
-76
-76
-72
-62
-47
-42
-42
-40
-34
-30
-30
-31
-28
-17
-3
3
4
13
24
28
27
27
25
32
37
37
34
38
40
34
25
15
11
6
-2
-18
-30
-40
-47
-57
-70
-70
-70
-64
-61
-61
-53
-42
-29
-23
-18
-12
-1
9
14
17
24
34
45
49
55
70
85
100
107
112
120
126
125
118
113
107
101
87
70
59
52
51
45
37
31
27
19
9
-7
-22
-33
-41
-49
-54
-57
-58
-60
-61
-57
-52
-48
-42
-36
-28
-20
-13
-10
-6
-3
-2
-4
-8
-10
-15
-18
-23
-21
-17
-16
-16
-16
-12
-6
-6
-5
-1
3
9
15
20
27
31
34
33
33
34
31
27
19
12
3
-2
-10
-22
-31
-36
-41
-44
-44
-40
-35
-30
-32
-35
-34
-35
-40
-48
-54
-60
-61
-65
-69
-66
-60
-49
-41
-32
-17
-7
4
13
21
25
31
31
29
30
31
36
31
29
32
36
43
46
51
57
60
59
60
58
59
58
52
43
35
28
22
10
-4
-15
-22
-27
-33
-32
-29
-25
-23
-22
-22
-19
-17
-18
-18
-18
-18
-14
-11
-10
-7
1
9
20
31
43
56
66
70
71
68
66
57
48
37
25
13
2
-10
-19
-28
-29
-30
-31
-29
-27
-26
-28
-31
-32
-34
-41
-47
-51
-53
-55
-55
-48
-41
-32
-27
-20
-10
-2
1
0
1
5
5
2
-5
-7
-8
-7
-13
-15
-13
-11
-8
-8
-13
-9
2
4
9
15
22
30
35
37
39
43
43
40
38
34
28
23
19
12
3
6
4
-2
-3
-8
-10
-12
-19
-29
-37
-43
-49
-53
-55
-55
-48
-44
-39
-34
-32
-23
-16
-6
6
19
25
33
38
44
47
49
50
49
46
41
41
36
33
28
21
23
26
26
24
21
26
29
29
24
18
16
14
6
-2
-11
-14
-20
-27
-36
-41
-42
-42
-46
-45
-39
-37
-33
-30
-29
-29
-24
-23
-21
-16
-11
-5
0
4
6
8
18
25
31
34
39
45
46
45
40
36
29
19
8
-3
-9
-11
-17
-19
-19
-21
-17
-15
-18
-20
-20
-17
-13
-12
-14
-14
-16
-17
-16
-18
-17
-14
-10
-4
-2
-3
3
10
9
9
11
16
16
15
15
14
14
12
7
5
1
-1
-6
-10
-10
-9
-8
-6
-5
-2
0
1
-2
-3
-4
-6
-8
-9
-12
-13
-8
-4
0
3
7
7
9
10
10
9
7
3
-4
-8
-12
-13
-11
-14
-14
-14
-12
-11
-10
-7
-3
0
5
10
13
18
22
21
22
25
29
34
35
37
38
39
35
29
27
23
16
8
3
0
-5
-12
-21
-30
-36
-37
-38
-40
-38
-33
-29
-28
-29
-30
-27
-22
-20
-20
-7
4
13
18
25
34
37
37
32
30
28
22
12
1
-2
-7
-13
-15
-19
-18
-11
-7
-4
-1
3
5
7
10
12
15
13
8
1
0
-1
-4
-7
-10
-9
-11
-14
-20
-19
-15
-14
-16
-18
-20
-21
-26
-29
-29
