-759
-114
467
1237
2146
3160
4039
4449
4709
4844
4612
4255
4151
4032
3770
3312
2695
1959
1090
190
-526
-999
-1476
-1807
-2050
-2225
-2289
-2469
-2545
-2442
-2251
-2073
-1688
-1236
-970
-710
-608
-422
-146
23
116
127
-5
-264
-716
-1228
-1650
-2113
-2571
-2977
-3305
-3637
-4121
-4827
-5766
-6810
-7670
-7948
-7659
-7221
-6626
-5830
-5091
-4433
-3870
-3064
-1853
-466
1105
2810
4613
6223
7300
7890
8178
8299
8336
8403
8601
8716
8506
7865
6724
5388
3991
2536
1324
319
-502
-1031
-1545
-2161
-2781
-3475
-4109
-4322
-4174
-3485
-2422
-1300
-203
556
1142
1770
2405
3121
3977
4771
5490
5877
5827
5550
5021
4180
3235
2335
1575
855
-26
-1107
-2274
-3409
-4503
-5380
-5940
-6114
-6110
-6140
-5995
-5673
-5207
-4663
-4009
-3155
-2116
-1091
-195
721
1534
2066
2429
2728
3029
3169
3040
2857
2501
2015
1378
721
108
-521
-1117
-1563
-1813
-2017
-2122
-2025
-1866
-1724
-1464
-1178
-776
-251
225
881
1564
1980
2372
2502
2266
1972
1544
1078
540
-184
-793
-1283
-1875
-2625
-3420
-4361
-5763
-7648
-9302
-9946
-9740
-9367
-8900
-7918
-6585
-5512
-4836
-3868
-2159
-222
1559
3527
5983
8427
10085
10739
10802
10662
10278
9777
9466
9340
9058
8149
6496
4634
2801
1025
-677
-2271
-3409
-3945
-4191
-4421
-4681
-4959
-5126
-5136
-4861
-3829
-2064
-126
1538
2681
3558
4416
5088
5550
6035
6555
7022
7059
6604
6031
5188
3798
1999
338
-890
-1896
-2995
-4031
-4960
-6057
-7299
-8300
-8575
-8324
-7851
-7089
-5921
-4621
-3468
-2447
-1290
3
1121
2217
3412
4532
5189
5301
5183
4774
3974
2902
1974
1235
398
-454
-1346
-2192
-3027
-3776
-4111
-3970
-3484
-2838
-2125
-1266
-347
369
1028
1622
2266
2806
3291
4097
4926
5220
4793
3863
2699
1452
12
-1129
-1799
-2319
-2982
-3916
-4829
-5638
-6932
-8971
-11041
-11990
-11446
-10271
-9187
-7927
-6180
-4720
-4030
-3395
-1708
942
3278
5123
7280
9773
11625
11934
11290
10722
10105
9156
8121
7438
7021
5954
3646
812
-1546
-3177
-4461
-5791
-6669
-6608
-6169
-5944
-5856
-5403
-4384
-3284
-2141
-418
2068
4829
6832
7713
8103
8572
9039
9147
9002
8978
8894
8052
6358
4436
2758
938
-1372
-3531
-4714
-5102
-5547
-6391
-7258
-7727
-8099
-8487
-8267
-7145
-5641
-4314
-3034
-1428
358
1504
2076
2807
3801
4753
5311
5740
6070
5638
4397
2856
1349
-29
-1401
-2683
-3666
-4478
-5205
-5705
-6039
-6178
-6072
-5577
-4462
-2929
-1218
498
2011
3219
4074
4806
5437
5789
5881
5745
5578
5382
4942
4126
2766
1107
-443
-1911
-3352
-4635
-5456
-5687
-5969
-6878
-7836
-8107
-8234
-9424
-11399
-12156
-10710
-8495
-7035
-5733
-3458
-971
176
440
1722
4427
6877
8018
8962
10699
12259
12119
10320
8443
7270
6091
4465
3046
2412
1885
160
-2615
-4842
-5641
-5794
-6204
-6486
-5766
-4137
-2728
-1984
-1098
344
1939
3174
4320
6150
8364
9786
9819
9060
8473
8197
7531
6323
5247
4488
3440
1602
-704
-2455
-3653
-5183
-6873
-7707
-7364
-6725
-6690
-6855
-6392
-5576
-4903
-4033
-2524
-677
706
1351
1799
2293
2506
2392
2288
2488
2771
2687
2245
1559
653
-440
-1647
-2637
-3198
-3473
-3619
-3739
-3900
-4011
-3926
-3615
-3075
-2268
-1135
312
1827
3185
4195
4814
5290
5693
5845
5781
5514
5062
4259
3059
1943
1116
162
-977
-2017
-2673
-2983
-3602
-4589
-5457
-5941
-6035
-6147
-6670
-6837
-6001
-5238
-6119
-8521
-10024
-8959
-6965
-6029
-5210
-2914
-11
1177
573
846
2895
4720
5171
5654
7637
9916
10057
8101
6131
5045
4071
2603
1535
1973
2835
2103
-268
-2373
-2875
-2736
-3322
-3841
-2771
-603
967
1286
1432
2253
2972
3007
3217
4568
6703
8109
7952
6998
6218
5642
4758
3472
2598
2492
2298
1212
-535
-1886
-2700
-3851
-5418
-6129
-5295
-3966
-3531
-3828
-3518
-2546
-2120
-2372
-2067
-681
686
917
540
524
478
-305
-1235
-1280
-490
105
-49
-211
-144
-514
-1379
-2149
-2248
-1872
-1715
-1751
-1674
-1523
-1314
-1344
-1567
-1379
-589
566
1701
2581
3293
3586
3401
3301
3410
3430
3200
2739
2269
1674
906
359
-136
-866
-1591
-2080
-2332
-2654
-3245
-3886
-4471
-4890
-5170
-5566
-5772
-5255
-4664
-5534
-8022
-9855
-9087
-7050
-6030
-5535
-3648
-807
629
285
589
2752
4943
5598
5915
7657
10010
10553
8779
6614
5505
4787
3374
1984
1971
2673
1980
-534
-2846
-3308
-2904
-3305
-3972
-3234
-1188
367
617
773
1758
2751
2951
3104
4402
6583
8040
7847
6784
5973
5513
4720
3433
2375
2015
1646
383
-1455
-2815
-3519
-4485
-5933
-6657
-5780
-4297
-3727
-3814
-3185
-1808
-1039
-1269
-1187
256
2089
2812
2475
1958
1612
981
-45
-483
136
829
676
-261
-1103
-1424
-1946
-2820
-3354
-3165
-2693
-2593
-2662
-2250
-1729
-1802
-2124
-1763
-382
1209
2377
3257
3991
4376
4303
4133
4231
4332
3910
2938
1800
835
149
-461
-1185
-1941
-2558
-2836
-2833
-2979
-3638
-4624
-5445
-5770
-5818
-5915
-5557
-4361
-3575
-4955
-8003
-9829
-8725
-6581
-5693
-5121
-2868
225
1488
750
684
2567
4443
4796
5106
7132
9812
10375
8200
5555
4258
3595
2413
1311
1633
2755
2344
-131
-2495
-2890
-2218
-2316
-2784
-1813
537
2369
2643
2357
2740
3459
3748
3964
4981
6795
8122
7790
6229
4791
4036
3324
2026
744
327
218
-762
-2523
-3823
-4228
-4794
-6033
-6688
-5640
-3752
-2698
-2587
-2109
-849
199
274
172
1096
2625
3275
2546
1453
923
478
-544
-1352
-968
-123
-260
-1386
-2146
-2072
-2187
-2917
-3312
-2746
-1958
-1808
-2002
-1689
-1015
-816
-1041
-814
332
1807
2755
3227
3719
4091
4030
3749
3615
3584
3172
2178
964
-94
-834
-1261
-1740
-2408
-2814
-2871
-2970
-3396
-4070
-4593
-4761
-4798
-4855
-4907
-4746
-3896
-2845
-3361
-6049
-8876
-9402
-7745
-6339
-6010
-4786
-2039
-22
-196
-1052
-150
2142
3526
4038
5510
8239
10283
9682
7275
5417
4626
3963
3130
3097
4342
5021
3270
222
-1602
-1625
-1453
-2147
-2239
-517
1498
2000
1317
1122
1862
2303
2131
2712
4768
7085
7661
6332
4841
4177
3738
2762
1641
1305
1556
1101
-470
-2106
-2840
-3188
-4272
-5568
-5446
-3851
-2479
-2288
-2317
-1492
-689
-1066
-1704
-1034
580
1512
1058
368
295
83
-726
-1474
-1236
-318
10
-515
-881
-731
-789
-1541
-2269
-2096
-1421
-1221
-1441
-1325
-758
-408
-695
-862
-168
1028
2012
2588
3095
3596
3640
3334
3087
2938
2721
2116
1170
349
-130
-446
-1008
-1842
-2383
-2563
-2847
-3307
-3723
-4119
-4646
-5155
-5185
-4822
-4549
-4051
-3134
-3226
-5566
-8715
-9771
-8152
-6373
-5831
-4759
-2198
-45
-30
-988
-281
2043
3667
4246
5532
8202
10488
10036
7370
5221
4447
3966
2941
2315
3252
4190
2717
-507
-2639
-2494
-1964
-2659
-3035
-1421
845
1599
949
872
2024
2809
2666
3056
4863
7060
7778
6684
5234
4368
3799
2968
1909
1340
1399
1123
-69
-1528
-2385
-2834
-3712
-4880
-5002
-3647
-2112
-1535
-1458
-811
145
17
-1152
-1609
-578
559
421
-319
-137
572
265
-862
-1234
-526
-109
-686
-1120
-579
-42
-579
-1740
-2285
-2030
-1876
-2095
-2002
-1197
-304
-193
-539
-278
874
2013
2526
2861
3474
3899
3622
3026
2687
2423
1516
274
-428
-615
-864
-1520
-2302
-2874
-3481
-4120
-4365
-4433
-4621
-4859
-5026
-5011
-4993
-4708
-3465
-2423
-3606
-6689
-9198
-8956
-6990
-5895
-5310
-3445
-849
525
-144
-811
717
2991
4005
4447
6056
9009
10787
9391
6544
4703
4073
3495
2542
2577
3905
4079
1716
-1365
-2632
-2033
-1851
-2685
-2527
-593
1373
1750
1177
1408
2361
2806
2833
3534
5370
7232
7553
6411
5032
4162
3609
2748
1835
1569
1623
1059
-264
-1580
-2198
-2653
-3823
-5051
-5023
-3744
-2352
-1748
-1344
-531
-343
-1510
-2981
-3085
-1588
-128
363
768
1489
1729
885
-321
-566
95
468
380
460
833
806
-506
-2478
-3602
-3580
-3145
-2709
-1963
-705
115
-304
-1111
-928
356
1682
2414
2966
3574
3671
2924
1982
1564
1314
663
-197
-641
-532
-733
-1626
-2425
-2717
-2867
-3220
-3773
-4092
-4261
-4679
-4973
-4919
-4482
-3491
-2735
-3528
-6135
-9049
-9921
-8562
-7039
-5967
-4369
-2034
-216
-197
-837
7
2113
3859
4846
6139
8607
10808
10508
8037
5565
4473
4215
3569
2986
3546
4182
2903
-145
-2469
-2478
-1798
-2303
-2914
-1846
264
1305
919
856
1908
2823
2787
2892
4410
6672
7774
7197
6030
5262
4753
3815
2615
1930
1808
1549
538
-864
-1737
-2283
-3392
-4838
-5444
-4625
-3211
-2375
-2054
-1593
-1260
-1793
-2908
-3398
-2513
-914
207
767
1357
1853
1763
991
267
463
1106
1397
1292
1239
1351
835
-818
-2494
-3122
-2962
-2715
-2540
-1963
-1073
-740
-1124
-1386
-906
149
1028
1452
1906
2483
2572
2006
1373
1088
883
384
-177
-338
-298
-470
-1082
-2061
-2963
-3560
-4128
-4727
-4925
-4580
-4135
-4218
-4433
-3866
-3558
-5349
-8730
-11013
-10316
-8053
-6721
-5846
-3731
-1129
-130
-1068
-1447
676
3634
5207
5962
7642
10282
11545
9876
7128
5587
5179
4501
3344
3236
4360
4335
1834
-1380
-2762
-2294
-2249
-3105
-2964
-1078
910
1247
625
1007
2233
2724
2461
3021
5240
7627
8249
7363
6469
5947
5033
3452
2225
2196
2584
2062
565
-834
-1610
-2463
-4007
-5528
-5794
-4736
-3655
-3361
-3185
-2506
-2033
-2853
-4279
-4321
-2594
-736
209
936
2098
2920
2402
1320
1038
1533
1958
1872
1627
1594
1318
277
-1370
-2945
-3725
-3774
-3647
-3277
-2388
-1397
-1073
-1508
-1712
-1000
110
957
1622
2472
3347
3605
3152
2573
2167
1750
1150
610
400
353
300
5
-927
-2305
-3691
-4751
-5421
-5755
-5479
-4801
-4521
-4469
-4042
-3996
-5694
-8929
-11195
-10657
-8697
-7080
-5322
-2629
31
728
-529
-1163
417
3005
4905
6098
7941
10545
11783
10327
7566
5652
4904
3945
2558
2360
3732
4454
2669
-429
-2172
-2268
-2797
-4188
-4473
-2571
-211
633
599
1385
2677
2875
1916
1711
3605
6296
7789
7900
7691
7524
6589
4576
2733
2196
2570
2485
1393
275
-224
-913
-2696
-5001
-6181
-5773
-4996
-4584
-4017
-3013
-2468
-3303
-4822
-5253
-4224
-2748
-1491
-170
1564
2955
3187
2672
2284
2344
2478
2228
1932
2100
2454
2121
651
-1238
-2614
-3479
-4132
-4303
-3667
-2568
-1880
-1857
-1863
-1473
-895
-473
-107
637
1661
2455
2806
2788
2584
2197
1564
933
630
737
1022
838
-88
-1235
-2311
-3436
-4551
-5308
-5336
-4974
-4821
-4771
-5107
-6672
-9250
-11405
-11797
-10703
-9358
-7571
-4654
-1553
198
319
253
1411
3179
4552
5869
7920
10603
12391
12032
10343
8675
7262
5608
3744
2805
3231
3619
2696
876
-544
-1349
-2728
-4886
-6202
-5582
-3967
-2853
-2043
-391
1604
2265
1426
829
1828
3809
5433
6540
7719
8895
9143
7933
6133
4927
4335
3596
2461
1530
1136
574
-903
-3019
-4877
-5972
-6537
-6915
-6933
-6375
-5635
-5305
-5340
-4978
-3790
-2330
-1227
-252
1108
2620
3634
3997
4196
4485
4500
3947
3112
2420
1902
1257
232
-862
-1644
-2196
-2810
-3579
-4072
-3970
-3607
-3369
-3134
-2558
-1697
-1035
-765
-416
284
1057
1569
1905
2352
2706
2659
2348
2022
1726
1236
393
-601
-1620
-2664
-3538
-4194
-4577
-4665
-4704
-4656
-4469
-4782
-6259
-8729
-10927
-11531
-10812
-9757
-8298
-5924
-3119
-1228
-833
-683
528
2348
3770
4883
6685
9405
11626
12008
11030
9916
9032
7702
5804
4517
4564
4973
4427
3007
1866
1311
227
-1895
-4010
-4862
-4531
-4076
-3702
-2608
-769
568
465
-367
-412
613
1868
2948
4230
5941
7401
7759
7181
6486
5972
5276
4120
2857
2179
2040
1703
676
-727
-1902
-2879
-4130
-5635
-6724
-6992
-6835
-6748
-6495
-5620
-4358
-3429
-3049
-2718
-1969
-947
71
1055
2142
3307
4062
4107
3644
3111
2727
2261
1600
1044
813
727
421
-313
-1115
-1615
-1888
-2169
-2416
-2329
-1904
-1561
-1473
-1389
-1074
-683
-501
-447
-308
-60
194
293
279
350
367
116
-415
-1137
-1731
-2131
-2473
-2675
-2713
-2577
-2412
-2882
-4443
-6775
-9030
-10384
-10791
-10616
-9690
-7802
-5566
-3833
-3039
-2617
-1714
-396
819
1942
3546
5946
8431
9933
10359
10363
10236
9658
8415
7137
6668
6791
6649
5967
5320
5032
4451
2875
621
-1319
-2494
-3288
-3869
-3818
-2957
-1838
-1288
-1491
-1858
-1912
-1645
-1208
-528
666
2332
3950
4985
5475
5738
5896
5665
4895
3991
3384
3159
2999
2653
2233
1757
970
-282
-1934
-3519
-4563
-5141
-5459
-5462
-5023
-4302
-3776
-3705
-3801
-3732
-3435
-3020
-2403
-1416
-232
781
1355
1585
1673
1740
1621
1339
1143
1205
1363
1277
975
651
413
136
-298
-729
-976
-1091
-1230
-1384
-1384
-1216
-1027
-968
-1045
-1134
-1134
-1068
-1032
-1009
-903
-779
-834
-1149
-1516
-1714
-1772
-1811
-1866
-1790
-1590
-1720
-2685
-4489
-6472
-7939
-8790
-9177
-8937
-7815
-6085
-4553
-3755
-3327
-2612
-1614
-742
-89
880
2619
4737
6434
7462
8130
8652
8764
8181
7315
6844
6840
6840
6625
6500
6661
6678
6001
4674
3149
1702
358
-811
-1528
-1576
-1257
-967
-903
-1046
-1278
-1558
-1822
-1971
-1897
-1515
-766
200
1139
1943
2564
2924
2914
2526
2007
1678
1666
1917
2288
2635
2832
2644
1858
600
-683
-1644
-2256
-2619
-2650
-2286
-1784
-1510
-1581
-1817
-2049
-2261
-2449
-2458
-2115
-1513
-948
-594
-359
-64
210
234
42
-119
-136
-151
-276
-385
-255
-7
58
-124
-375
-549
-720
-995
-1243
-1214
-980
-753
-626
-542
-422
-430
-731
-1160
-1527
-1790
-2051
-2328
-2411
-2219
-1905
-1664
-1497
-1372
-1470
-2250
-3852
-5705
-7123
-7952
-8442
-8582
-7963
-6581
-5120
-4176
-3689
-3086
-2149
-1281
-715
-32
1333
3315
5169
6459
7436
8280
8699
8369
7580
7024
6944
6978
6822
6680
6840
7081
6821
5861
4596
3403
2197
889
-185
-569
-360
-166
-298
-536
-631
-766
-1236
-1843
-2157
-2036
-1679
-1237
-544
460
1405
1902
1912
1676
1406
1081
751
668
963
1504
1975
2159
2048
1633
822
-318
-1464
-2217
-2428
-2317
-2003
-1583
-1159
-920
-1012
-1356
-1727
-1909
-1881
-1682
-1330
-844
-341
23
169
139
17
-177
-447
-732
-907
-899
-734
-559
-474
-464
-490
-544
-615
-665
-685
-676
-623
-494
-282
-28
204
334
268
-20
-484
-998
-1483
-1930
-2295
-2422
-2197
-1748
-1313
-1034
-1048
-1691
-3239
-5389
-7353
-8573
-9102
-9188
-8766
-7659
-6153
-4920
-4267
-3805
-3087
-2242
-1612
-979
278
2316
4524
6222
7373
8302
8981
9041
8451
7782
7515
7488
7311
7066
7122
7384
7247
6336
4937
3535
2203
777
-556
-1318
-1392
-1217
-1247
-1417
-1435
-1402
-1623
-2082
-2454
-2435
-2075
-1503
-605
651
1975
2930
3286
3225
3014
2672
2255
1966
1985
2291
2634
2787
2719
2385
1652
498
-853
-2002
-2689
-2921
-2837
-2548
-2165
-1848
-1751
-1943
-2322
-2674
-2834
-2745
-2415
-1862
-1121
-346
242
530
522
310
-6
-322
-527
-583
-503
-359
-240
-232
-380
-636
-893
-1103
-1253
-1327
-1338
-1236
-1020
-727
-405
-181
-152
-352
-775
-1304
-1801
-2166
-2310
-2213
-1892
-1404
-864
-383
-198
-782
-2406
-4712
-6896
-8325
-9006
-9115
-8528
-7202
-5651
-4578
-4102
-3671
-2892
-2090
-1593
-1017
302
2441
4732
6550
7942
9088
9678
9325
8296
7423
7196
7246
7077
6846
6941
7188
6891
5681
3989
2372
843
-736
-2030
-2502
-2171
-1737
-1744
-2012
-2130
-2136
-2309
-2609
-2646
-2176
-1402
-577
394
1641
2947
3851
4070
3823
3495
3200
2899
2652
2659
2939
3167
3030
2581
1973
1154
-18
-1478
-2769
-3474
-3595
-3356
-2936
-2446
-2048
-1983
-2257
-2578
-2729
-2679
-2473
-2076
-1407
-565
237
858
1187
1190
902
425
-9
-227
-215
-94
-38
-112
-311
-632
-1018
-1392
-1675
-1803
-1788
-1634
-1313
-852
-375
-102
-178
-530
-1046
-1648
-2233
-2657
-2760
-2537
-2121
-1621
-1079
-584
-438
-1165
-2971
-5342
-7441
-8770
-9364
-9298
-8434
-6904
-5377
-4481
-4154
-3733
-2853
-1832
-944
178
2049
4492
6683
8141
9145
9978
10359
9927
8963
8211
7915
7619
6981
6325
6079
5927
5098
3481
1708
252
-1068
-2474
-3483
-3493
-2754
-2139
-2123
-2322
-2214
-1962
-2001
-2112
-1679
-503
886
1936
2807
3807
4724
4977
4488
3860
3622
3635
3479
3171
3030
3015
2572
1439
-13
-1285
-2347
-3476
-4551
-5097
-4947
-4519
-4241
-4112
-3869
-3486
-3213
-3013
-2539
-1567
-365
632
1286
1788
2233
2415
2236
1920
1722
1641
1468
1137
797
523
192
-438
-1286
-2017
-2383
-2466
-2472
-2435
-2224
-1784
-1307
-1048
-908
-687
-496
-568
-909
-1197
-1305
-1424
-1636
-1733
-1545
-1231
-967
-698
-583
-1319
-3344
-6090
-8367
-9572
-10082
-10178
-9493
-7896
-6169
-5233
-4969
-4413
-3165
-1816
-767
570
2944
5999
8473
9709
10258
10722
10804
10002
8771
8208
8468
8456
7464
6182
5498
4964
3397
788
-1542
-2839
-3730
-4779
-5327
-4553
-3089
-2420
-2848
-3219
-2664
-1625
-805
63
1690
3853
5531
6262
6586
7061
7349
6801
5630
4754
4560
4481
3893
2938
2095
1237
-160
-1998
-3516
-4335
-4932
-5785
-6515
-6403
-5552
-4770
-4435
-4130
-3491
-2769
-2306
-1787
-665
895
2196
2876
3219
3552
3657
3214
2423
1748
1295
785
115
-396
-528
-627
-1219
-2243
-3130
-3497
-3499
-3457
-3269
-2684
-1881
-1257
-902
-509
96
503
376
10
-115
40
21
-400
-799
-871
-868
-1020
-1133
-985
-1200
-2915
-6063
-9154
-10877
-11324
-11339
-10871
-9279
-7010
-5384
-4952
-4667
-3353
-1389
190
1523
3714
7046
10209
11813
12053
11945
11708
10766
9154
8009
7992
8133
7137
5189
3564
2601
1162
-1416
-4115
-5680
-6262
-6769
-7054
-6107
-4065
-2550
-2522
-2934
-2276
-625
890
2148
4036
6593
8589
9174
9003
9057
8996
7852
5791
4116
3548
3282
2283
750
-564
-1707
-3334
-5416
-6951
-7348
-7251
-7462
-7704
-7099
-5579
-4135
-3361
-2693
-1536
-224
652
1371
2694
4448
5550
5451
4797
4405
4149
3360
2094
1118
524
-202
-1397
-2591
-3197
-3475
-4020
-4731
-4907
-4270
-3359
-2705
-2126
-1275
-277
468
969
1704
2759
3579
3755
3474
3125
2677
1796
533
-746
-1761
-2480
-3071
-3513
-3616
-3472
-3721
-5261
-8151
-11114
-12814
-13095
-12594
-11426
-9104
-5998
-3518
-2402
-1831
-627
1162
2706
4086
6242
9391
12340
13686
13390
12406
11156
9347
7048
5218
4603
4454
3442
1450
-390
-1447
-2614
-4761
-7052
-7990
-7471
-6678
-5998
-4442
-1786
391
837
523
1288
3231
5041
6265
7733
9660
10845
10361
8935
7789
6872
5303
3037
1136
217
-488
-1971
-4031
-5638
-6498
-7246
-8060
-8134
-6982
-5548
-4983
-4949
-4146
-2323
-520
615
1718
3354
4872
5421
5249
5265
5487
5007
3600
2245
1618
1180
68
-1486
-2611
-3288
-4144
-5211
-5722
-5250
-4452
-4003
-3607
-2726
-1453
-481
-47
465
1429
2532
3416
4123
4935
5539
5212
4115
2884
1746
607
-758
-2059
-2920
-3581
-4149
-4608
-5017
-5173
-5420
-6660
-9152
-11988
-13498
-13014
-11818
-10623
-8654
-5648
-2783
-1376
-795
729
3143
5105
6478
8319
11034
13382
13921
12792
11054
9169
7117
5053
3604
3121
2828
1545
-917
-3388
-4785
-5529
-6656
-7858
-7760
-6082
-4222
-2957
-1371
1065
3063
3354
3028
4192
6781
8839
9640
10204
10997
10852
8939
6439
4804
3728
2069
-144
-1720
-2271
-2829
-4339
-6409
-7960
-8575
-8595
-8108
-6660
-4299
-2162
-1247
-1067
-437
940
2280
3183
4208
5596
6545
6371
5377
4349
3380
1797
-230
-1714
-2235
-2426
-3201
-4411
-5278
-5814
-6363
-6672
-6114
-4594
-2973
-1894
-959
227
1456
2266
2618
3093
3844
4498
4951
5274
5495
5217
4057
2465
1039
-136
-1189
-2266
-3232
-4112
-5242
-6341
-7015
-7286
-7153
-6709
-6211
-6473
-8301
-10662
-11759
-11184
-9907
-8621
-6511
-3164
-163
1303
1996
3280
5132
6246
6692
7960
10294
12261
12424
10942
9086
7205
5017
2831
1373
1022
836
-423
-2420
-3846
-4131
-4192
-5027
-5736
-4875
-2864
-1194
-196
1335
3610
4941
4598
4209
5390
7435
8498
8373
8332
8485
7575
5276
2922
1572
558
-1035
-2665
-3281
-3147
-3558
-4968
-6384
-6885
-6639
-6003
-4766
-2737
-522
846
1135
1153
1630
2499
3249
3753
4232
4616
4461
3517
2104
696
-599
-1845
-2856
-3274
-3135
-3002
-3330
-3977
-4494
-4589
-4221
-3383
-2099
-613
623
1405
1985
2492
2878
3154
3400
3748
4046
4060
4000
3869
3309
2194
768
-416
-1168
-1964
-2879
-3656
-4397
-5358
-6413
-6876
-6555
-6020
-5572
-4721
-3603
-3713
-6061
-9237
-10785
-10239
-9286
-8618
-6753
-3293
-426
166
-243
515
2258
3282
3837
5694
8839
11313
11519
9936
8082
6345
4430
2687
1937
2468
3050
2052
-161
-1803
-2226
-2573
-3801
-4680
-3549
-1255
281
873
1855
3404
3830
2708
2211
3802
6111
7121
7065
7371
7674
6512
4107
2272
1666
1098
-153
-1068
-861
-508
-1358
-3292
-5030
-5787
-5886
-5554
-4381
-2357
-517
81
-441
-904
-601
77
749
1573
2771
3747
3729
2828
1676
513
-740
-1783
-2123
-1711
-1180
-1199
-1815
-2636
-3352
-3827
-3759
-2848
-1301
171
1019
1408
1676
1827
1789
1674
1836
2308
2759
3105
3243
2949
2170
1101
90
-648
-1202
-1500
-1586
-1963
-2793
-3812
-4735
-5380
-5770
-5727
-5097
-4220
-3214
-2237
-2366
-4512
-7876
-10306
-10540
-9641
-8642
-6746
-3582
-851
-178
-754
-440
1022
2184
3087
5088
8285
10947
11521
10342
8527
6483
4356
2763
2322
2909
3372
2622
793
-1062
-2071
-2681
-3692
-4499
-3801
-1783
-35
711
1448
2680
3183
2337
1720
3009
5469
6991
7152
7234
7438
6608
4523
2620
1885
1480
537
-362
-452
-286
-1126
-3078
-5024
-6082
-6246
-5712
-4366
-2431
-847
-492
-1052
-1481
-1279
-634
187
1254
2512
3417
3490
2829
1787
675
-341
-1079
-1271
-937
-443
-301
-879
-1913
-2779
-3127
-2934
-2328
-1339
-158
676
909
844
888
1064
1094
1027
1288
1942
2488
2599
2332
1843
1228
520
-2
-185
-358
-819
-1528
-2368
-3130
-3902
-4799
-5373
-5337
-4794
-3871
-2848
-2116
-2733
-5556
-9080
-10944
-10700
-9556
-8345
-6278
-3105
-831
-600
-939
-280
1169
2274
3350
5903
9423
11771
11819
10074
7853
5764
3780
2541
2555
3316
3564
2163
-325
-2283
-3188
-3872
-4944
-5397
-3957
-1509
135
836
1680
2776
2843
1876
1992
4184
6844
8126
8165
8140
7878
6379
4094
2475
1896
1410
340
-668
-968
-1206
-2381
-4433
-6257
-6835
-6269
-5143
-3660
-2070
-912
-714
-1247
-1481
-886
253
1490
2601
3534
4018
3765
2921
1793
672
-92
-399
-392
-189
-50
-346
-1327
-2761
-3748
-3760
-3177
-2415
-1506
-466
355
523
288
262
530
874
1190
1644
2296
2721
2552
1931
1337
1061
792
304
-73
-196
-431
-1378
-2856
-3907
-4492
-5127
-5669
-5634
-4819
-3771
-3120
-2794
-3546
-6281
-9537
-11018
-10223
-8674
-7508
-5573
-2528
-642
-876
-1407
-472
1527
3028
4408
7160
10350
11895
11268
9311
7182
5244
3641
3035
3395
3882
3606
1888
-768
-2901
-3844
-4195
-4661
-4593
-2875
-322
1204
1501
1788
2458
2510
1967
2646
5208
7889
8888
8532
8064
7300
5466
3268
1996
1668
1209
149
-718
-1046
-1805
-3525
-5502
-6719
-6770
-6177
-5216
-3758
-2375
-1740
-1822
-2039
-1632
-615
488
1663
2827
3640
3877
3418
2518
1471
411
-316
-524
-473
-438
-624
-1213
-2243
-3334
-3810
-3494
-2778
-1921
-875
182
683
573
500
765
1039
1129
1403
2028
2591
2685
2459
2088
1477
778
217
-187
-385
-454
-611
-1037
-1880
-2809
-3508
-4202
-4821
-4990
-4580
-3723
-2760
-1853
-1518
-3060
-6425
-9349
-10059
-9125
-8147
-7032
-4510
-1649
-774
-1586
-1747
-268
1455
2436
4015
7011
9665
10183
8680
6568
4705
2836
1318
1020
1833
2591
2037
192
-1519
-2221
-2341
-2550
-2490
-1046
1614
3851
4779
5127
5560
5503
4545
3978
5110
7054
7918
7338
6419
5480
3701
1124
-955
-1810
-2068
-2464
-2738
-2533
-2378
-2902
-3940
-4789
-4889
-4177
-2895
-1277
358
1570
2013
1632
915
472
394
480
592
718
756
360
-611
-1713
-2544
-3045
-3214
-3054
-2561
-1922
-1514
-1357
-1270
-1195
-925
-270
703
1752
2525
2849
2786
2381
1841
1404
1089
964
1036
1143
1159
1046
826
430
-222
-856
-1232
-1388
-1367
-1251
-1134
-1175
-1542
-2019
-2456
-2984
-3366
-3242
-2572
-1624
-769
78
680
-313
-3516
-7452
-9843
-9993
-9332
-8812
-7578
-5433
-4064
-4338
-4856
-3844
-1671
104
1743
4463
7732
9733
9595
8098
6373
4694
3249
2653
2973
3487
3257
1867
-104
-1624
-2238
-2266
-1998
-1077
882
3118
4439
4780
4969
5225
5008
4575
5105
6834
8272
8082
6790
5460
3936
1718
-494
-1550
-1563
-1609
-1989
-2094
-1905
-2227
-3325
-4363
-4434
-3664
-2676
-1592
-255
952
1345
797
-45
-497
-599
-596
-418
-27
210
-131
-1015
-1961
-2640
-3054
-3101
-2740
-2140
-1501
-959
-642
-605
-594
-359
213
919
1724
2608
3175
3077
2356
1498
939
592
340
361
536
547
228
-209
-382
-413
-596
-664
-416
-106
14
4
152
227
-276
-1049
-1550
-1888
-2389
-2985
-3084
-2476
-1849
-1525
-1055
-488
-890
-3310
-6947
-9447
-9833
-9328
-9036
-8346
-6396
-4264
-3726
-4240
-3759
-1789
289
1814
3928
7085
9597
9915
8474
6779
5459
4079
2770
2287
2635
2867
2000
242
-1086
-1393
-1327
-1420
-1182
269
2518
4039
4553
5056
5769
5941
5333
5057
5962
7004
6830
5742
4737
3779
2170
101
-1296
-1667
-1843
-2338
-2716
-2671
-2703
-3257
-3921
-3959
-3323
-2387
-1370
-420
286
487
142
-481
-1169
-1635
-1603
-1189
-689
-429
-586
-1011
-1596
-2188
-2402
-2048
-1264
-402
201
523
606
383
53
-19
334
954
1520
1869
2004
1831
1257
451
-184
-319
-68
215
428
631
734
609
291
66
212
586
891
1010
900
660
372
-86
-587
-1013
-1437
-1894
-2553
-3269
-3662
-3714
-3514
-3085
-2564
-1907
-1336
-1847
-4101
-7312
-9545
-9681
-8818
-8179
-7097
-4919
-2849
-2450
-3123
-2722
-825
994
2253
4202
7212
9607
9691
7909
5867
4135
2432
1029
774
1742
2586
2008
420
-776
-1042
-1080
-1240
-575
1582
4188
5739
6176
6539
6915
6356
5034
4543
5606
6881
6854
5792
4708
3432
1298
-1157
-2522
-2478
-2202
-2429
-2672
-2472
-2353
-2913
-3708
-3795
-3045
-2061
-1134
-229
552
807
295
-611
-1255
-1258
-802
-324
-91
-133
-492
-1201
-2032
-2564
-2536
-2103
-1529
-931
-378
-50
-57
-263
-422
-372
-36
538
1127
1502
1574
1398
1022
521
118
72
333
607
665
613
665
674
427
139
133
323
343
219
312
422
65
-585
-1079
-1448
-1963
-2590
-3021
-3292
-3669
-3938
-3888
-3731
-3509
-2957
-2006
-1176
-1433
-3235
-5755
-7415
-7420
-6639
-6184
-5551
-3890
-2185
-2038
-2863
-2554
-720
952
1869
3430
6091
7990
7592
5791
4222
3162
1968
929
1143
2563
3562
2901
1266
273
334
542
577
1381
3398
5396
6007
5615
5538
5840
5479
4414
4008
4887
5818
5506
4339
3341
2376
691
-1278
-2186
-1822
-1405
-1694
-2084
-1992
-1912
-2467
-3194
-3203
-2491
-1742
-1232
-597
276
858
624
-211
-938
-1166
-1038
-814
-542
-292
-367
-1026
-1988
-2599
-2547
-2132
-1727
-1289
-652
0
274
123
-95
-101
20
173
535
1239
1901
1941
1318
612
271
244
364
620
944
1103
981
709
433
170
-80
-279
-427
-506
-499
-488
-634
-998
-1364
-1558
-1721
-2060
-2539
-2965
-3291
-3549
-3667
-3493
-3097
-2674
-2224
-1696
-1137
-1075
-2196
-4374
-6338
-6887
-6415
-6093
-5926
-4887
-3282
-2734
-3451
-3677
-2318
-548
558
1802
4041
6268
6913
6029
4774
3805
3009
2497
2786
3986
5291
5440
4133
2525
1836
1806
1513
1312
2259
4031
5043
4863
4627
4829
4552
3454
2788
3474
4687
5149
4783
4281
3628
2215
297
-1058
-1301
-1091
-1258
-1626
-1586
-1396
-1810
-2780
-3440
-3287
-2715
-2048
-1131
-140
237
-305
-1252
-1950
-2188
-2068
-1586
-881
-299
-67
-262
-863
-1618
-2074
-2076
-1804
-1341
-589
189
365
-145
-749
-1014
-1047
-862
-212
762
1443
1473
1156
856
567
306
328
727
1252
1525
1458
1187
812
307
-261
-673
-744
-501
-271
-276
-516
-882
-1295
-1691
-1934
-2011
-2079
-2325
-2637
-2840
-2967
-3103
-3157
-2902
-2410
-1953
-1644
-1209
-627
-480
-1362
-3088
-4600
-5149
-5039
-5003
-5058
-4610
-3714
-3293
-3769
-4152
-3420
-1913
-586
549
2192
4196
5460
5451
4860
4493
4422
4480
4800
5558
6399
6603
5823
4397
3099
2425
2220
2128
2249
2811
3412
3414
2894
2520
2470
2294
1963
2110
2911
3687
3853
3538
3105
2588
1960
1468
1332
1367
1239
807
187
-394
-807
-1141
-1553
-2014
-2315
-2376
-2391
-2477
-2507
-2442
-2520
-2915
-3366
-3424
-3030
-2512
-2119
-1791
-1400
-1124
-1135
-1317
-1333
-1105
-851
-702
-520
-161
175
199
-106
-441
-651
-801
-877
-755
-404
-128
-238
-606
-826
-680
-311
19
263
551
843
1023
1133
1289
1512
1581
1341
1023
902
912
773
367
-88
-355
-532
-794
-1075
-1227
-1225
-1211
-1251
-1241
-1163
-1167
-1362
-1650
-1827
-1805
-1667
-1556
-1589
-1831
-2251
-2741
-3181
-3564
-3901
-4104
-4059
-3809
-3570
-3454
-3313
-3003
-2614
-2316
-2108
-1828
-1400
-864
-236
491
1179
1579
1666
1707
1963
2439
2976
3464
3861
4144
4354
4551
4760
4911
4925
4844
4811
4931
5201
5457
5453
5111
4583
4158
3999
4079
4252
4362
4278
3952
3530
3191
2950
2659
2255
1826
1499
1269
1040
729
246
-404
-1113
-1702
-2056
-2223
-2395
-2702
-3105
-3511
-3806
-3993
-4098
-4145
-4159
-4155
-4174
-4194
-4139
-4001
-3888
-3817
-3730
-3544
-3270
-3033
-2861
-2673
-2458
-2275
-2091
-1832
-1420
-894
-402
2
339
682
1020
1235
1384
1563
1783
1938
2005
2044
2086
2057
1861
1552
1316
1232
1240
1282
1297
1280
1211
1109
983
875
828
791
672
420
130
-133
-431
-806
-1149
-1375
-1572
-1849
-2182
-2435
-2567
-2654
-2714
-2804
-3024
-3423
-3878
-4188
-4322
-4358
-4391
-4458
-4497
-4304
-3806
-3209
-2782
-2586
-2387
-2016
-1457
-705
152
865
1285
1589
2059
2726
3310
3687
3969
4249
4602
5087
5697
6245
6452
6253
5922
5762
5860
6088
6214
6142
5942
5723
5522
5318
5054
4701
4300
3912
3590
3330
3068
2705
2131
1421
767
306
-22
-370
-777
-1223
-1677
-2145
-2545
-2783
-2911
-3083
-3337
-3573
-3773
-3976
-4203
-4400
-4582
-4848
-5176
-5440
-5536
-5471
-5330
-5199
-5111
-5030
-4806
-4299
-3579
-2845
-2245
-1807
-1454
-1069
-585
-32
438
727
886
1017
1182
1339
1393
1336
1224
1142
1210
1478
1826
2063
2093
2003
1952
2004
2128
2247
2318
2334
2298
2225
2146
2005
1728
1343
992
804
699
611
466
182
-286
-844
-1329
-1653
-1852
-2004
-2126
-2238
-2400
-2643
-2962
-3403
-3937
-4393
-4609
-4597
-4526
-4473
-4430
-4406
-4396
-4275
-3936
-3428
-2894
-2388
-1788
-1078
-336
331
876
1321
1746
2280
2909
3543
4075
4468
4683
4757
4878
5183
5574
5809
5851
5839
5864
5859
5802
5749
5690
5562
5343
5137
4970
4761
4414
3953
3490
3097
2774
2468
2164
1841
1477
1022
519
81
-217
-421
-637
-896
-1197
-1576
-2082
-2666
-3243
-3726
-4113
-4429
-4643
-4752
-4823
-4967
-5218
-5500
-5720
-5806
-5686
-5314
-4786
-4304
-4007
-3841
-3668
-3425
-3147
-2825
-2407
-1906
-1419
-1026
-717
-451
-218
-43
109
337
690
1106
1466
1726
1923
2100
2255
2383
2503
2641
2783
2876
2913
2921
2896
2786
2590
2388
2226
2096
1959
1812
1636
1430
1200
953
674
358
32
-284
-587
-893
-1198
-1498
-1799
-2106
-2387
-2604
-2751
-2853
-2926
-2973
-3023
-3126
-3314
-3552
-3743
-3794
-3754
-3700
-3665
-3603
-3478
-3294
-3034
-2670
-2263
-1906
-1570
-1115
-513
121
674
1152
1605
2071
2583
3152
3731
4224
4576
4820
5091
5473
5880
6113
6105
5980
5855
5722
5560
5443
5364
5211
4926
4661
4535
4475
4301
3983
3641
3339
3056
2739
2413
2074
1666
1131
532
-32
-531
-1038
-1601
-2148
-2588
-2923
-3257
-3609
-3909
-4135
-4391
-4741
-5066
-5224
-5222
-5170
-5111
-5060
-5085
-5254
-5476
-5563
-5421
-5146
-4883
-4639
-4348
-4014
-3636
-3235
-2794
-2307
-1848
-1390
-836
-152
502
938
1141
1255
1407
1614
1868
2150
2427
2605
2662
2676
2747
2855
2902
2904
2980
3187
3389
3456
3379
3223
3003
2736
2498
2361
2270
2122
1879
1591
1285
913
491
107
-159
-321
-460
-652
-934
-1295
-1668
-1985
-2238
-2429
-2550
-2621
-2686
-2773
-2862
-2999
-3299
-3769
-4214
-4420
-4364
-4156
-3931
-3775
-3731
-3728
-3585
-3190
-2617
-2013
-1450
-890
-291
372
1043
1610
1978
2202
2503
2960
3512
4033
4408
4557
4512
4462
4616
4970
5310
5480
5503
5487
5477
5460
5423
5324
5117
4825
4545
4383
4287
4099
3715
3157
2554
2019
1592
1242
905
542
128
-330
-800
-1238
-1626
-2000
-2351
-2647
-2911
-3169
-3460
-3800
-4164
-4530
-4869
-5133
-5301
-5365
-5342
-5295
-5321
-5413
-5466
-5395
-5185
-4877
-4521
-4164
-3846
-3537
-3187
-2801
-2383
-1971
-1593
-1214
-763
-226
302
723
1020
1257
1486
1704
1942
2227
2493
2654
2784
2954
3180
3369
3453
3451
3410
3378
3371
3426
3538
3632
3606
3444
3219
2966
2685
2384
2082
1812
1571
1324
1050
738
393
-19
-500
-980
-1384
-1712
-2035
-2371
-2674
-2925
-3178
-3476
-3739
-3840
-3788
-3681
-3577
-3471
-3427
-3521
-3701
-3812
-3788
-3692
-3587
-3464
-3291
-3065
-2799
-2510
-2217
-1921
-1592
-1182
-619
105
882
1526
1959
2293
2654
3064
3512
4012
4524
4937
5198
5397
5620
5810
5856
5757
5625
5540
5500
5470
5406
5265
4991
4598
4189
3865
3638
3422
3134
2761
2349
1929
1492
1021
499
-53
-595
-1088
-1500
-1840
-2169
-2552
-2991
-3435
-3810
-4094
-4322
-4530
-4758
-4982
-5158
-5272
-5337
-5373
-5382
-5381
-5378
-5311
-5135
-4887
-4639
-4393
-4089
-3722
-3326
-2919
-2499
-2042
-1578
-1139
-724
-319
78
436
736
1029
1365
1705
1988
2187
2381
2634
2890
3116
3340
3570
3775
3922
4031
4126
4169
4124
4018
3903
3822
3750
3638
3453
3182
2847
2452
2046
1675
1351
1052
734
395
56
-311
-731
-1159
-1533
-1821
-2026
-2178
-2331
-2563
-2854
-3151
-3432
-3676
-3859
-3968
-3997
-3954
-3859
-3754
-3745
-3891
-4115
-4272
-4257
-4069
-3744
-3358
-3024
-2765
-2472
-2077
-1624
-1190
-765
-301
230
830
1476
2073
2498
2719
2872
3114
3500
3974
4428
4764
4951
5053
5152
5271
5359
5377
5330
5254
5197
5169
5108
4924
4592
4181
3786
3455
3188
2940
2633
2231
1770
1318
868
401
-54
-496
-901
-1285
-1672
-2053
-2436
-2804
-3128
-3378
-3586
-3790
-4011
-4228
-4402
-4518
-4581
-4626
-4677
-4703
-4648
-4508
-4328
-4147
-3970
-3791
-3582
-3299
-2923
-2514
-2161
-1886
-1624
-1318
-957
-579
-228
50
266
473
736
1071
1430
1727
1923
2058
2197
2372
2569
2764
2925
3033
3113
3204
3308
3397
3435
3404
3328
3246
3165
3067
2945
2774
2530
2209
1831
1443
1077
756
459
136
-223
-614
-1019
-1407
-1732
-1968
-2174
-2393
-2596
-2759
-2866
-2948
-3028
-3106
-3192
-3263
-3246
-3106
-2900
-2715
-2609
-2601
-2654
-2718
-2760
-2788
-2798
-2770
-2691
-2556
-2364
-2121
-1859
-1611
-1370
-1080
-679
-177
380
939
1458
1893
2226
2502
2783
3112
3473
3798
4059
4268
4430
4518
4527
4502
4473
4435
4363
4270
4174
4069
3919
3691
3412
3139
2895
2678
2482
2303
2098
1827
1499
1148
834
555
267
-67
-434
-788
-1133
-1463
-1773
-2070
-2372
-2688
-2980
-3213
-3390
-3554
-3742
-3941
-4095
-4169
-4160
-4080
-3945
-3803
-3668
-3538
-3386
-3184
-2941
-2675
-2396
-2089
-1765
-1441
-1117
-808
-540
-311
-83
180
471
799
1123
1391
1592
1740
1875
2005
2123
2246
2356
2449
2518
2584
2642
2675
2667
2622
2571
2513
2436
2328
2195
2046
1891
1705
1485
1227
949
656
342
24
-284
-571
-842
-1081
-1283
-1462
-1636
-1842
-2072
-2268
-2379
-2410
-2394
-2379
-2398
-2450
-2512
-2538
-2510
-2440
-2343
-2237
-2120
-1971
-1817
-1720
-1727
-1838
-1998
-2127
-2168
-2106
-1962
-1805
-1672
-1543
-1369
-1114
-795
-429
-52
336
767
1243
1721
2152
2510
2784
2997
3214
3474
3770
4028
4187
4260
4280
4272
4244
4177
4054
3879
3681
3513
3375
3238
3048
2799
2500
2202
1958
1775
1611
1405
1166
903
649
396
140
-143
-467
-814
-1149
-1407
-1593
-1764
-1980
-2214
-2456
-2669
-2840
-2978
-3074
-3131
-3156
-3161
-3127
-3067
-2999
-2947
-2904
-2835
-2714
-2536
-2328
-2112
-1893
-1675
-1466
-1266
-1060
-828
-589
-345
-98
128
321
471
607
723
827
918
1010
1108
1212
1322
1427
1515
1570
1576
1566
1566
1592
1633
1658
1653
1617
1556
1461
1344
1217
1082
944
801
670
537
358
138
-106
-355
-565
-741
-907
-1054
-1175
-1278
-1388
-1514
-1651
-1799
-1945
-2046
-2067
-2027
-1971
-1942
-1936
-1901
-1815
-1705
-1577
-1458
-1353
-1235
-1091
-933
-819
-793
-874
-1015
-1130
-1160
-1095
-982
-863
-761
-647
-476
-234
39
309
563
830
1150
1509
1873
2187
2418
2562
2663
2802
2989
3181
3342
3436
3454
3412
3357
3293
3203
3087
2950
2805
2676
2576
2486
2372
2211
2023
1827
1654
1511
1387
1251
1085
870
614
362
120
-120
-360
-586
-811
-1040
-1273
-1503
-1719
-1934
-2135
-2307
-2443
-2526
-2574
-2610
-2646
-2684
-2726
-2742
-2709
-2623
-2497
-2370
-2263
-2166
-2049
-1910
-1754
-1586
-1404
-1218
-1039
-861
-678
-500
-359
-280
-229
-170
-89
0
82
153
209
238
257
283
329
386
433
481
545
631
732
817
877
916
930
943
951
964
973
965
921
837
732
603
467
320
181
61
-40
-131
-214
-292
-374
-457
-545
-611
-661
-695
-711
-719
-720
-733
-750
-773
-795
-795
-761
-698
-624
-545
-481
-423
-375
-335
-307
-301
-339
-420
-508
-579
-616
-630
-645
-665
-661
-613
-493
-312
-104
119
329
542
784
1053
1314
1535
1699
1814
1917
2025
2132
2229
2283
2301
2301
2312
2342
2368
2364
2311
2233
2166
2130
2116
2096
2049
1962
1834
1712
1592
1460
1313
1141
972
804
647
485
285
38
-241
-509
-736
-916
-1072
-1237
-1418
-1614
-1817
-1989
-2118
-2216
-2291
-2339
-2358
-2359
-2357
-2358
-2371
-2393
-2406
-2377
-2310
-2209
-2096
-1990
-1887
-1795
-1711
-1619
-1527
-1431
-1325
-1209
-1079
-946
-826
-726
-644
-560
-458
-341
-212
-79
45
175
311
449
571
683
789
894
1003
1115
1205
1252
1261
1249
1242
1239
1234
1215
1181
1131
1077
1010
952
884
797
700
615
551
500
442
356
253
144
52
-15
-62
-97
-127
-167
-210
-248
-277
-285
-295
-314
-323
-320
-322
-324
-329
-339
-349
-361
-365
-348
-315
-282
-255
-244
-255
-284
-332
-364
-379
-400
-415
-431
-441
-434
-404
-349
-282
-207
-112
-7
109
234
354
456
522
580
640
726
825
919
998
1048
1086
1125
1180
1243
1310
1377
1431
1478
1514
1536
1529
1495
1448
1397
1352
1320
1296
1265
1212
1140
1042
935
835
729
616
490
352
211
56
-106
-269
-439
-601
-755
-906
-1032
-1143
-1248
-1353
-1463
-1566
-1660
-1744
-1815
-1879
-1915
-1929
-1929
-1920
-1895
-1851
-1804
-1745
-1676
-1589
-1480
-1374
-1288
-1200
-1114
-1041
-977
-922
-852
-766
-683
-594
-496
-387
-283
-186
-87
21
127
219
323
424
517
605
678
740
793
840
873
907
949
991
1029
1053
1056
1033
1001
958
918
876
835
793
735
672
612
549
483
421
364
311
268
228
190
150
105
51
-4
-55
-112
-175
-233
-294
-357
-424
-486
-552
-620
-685
-749
-808
-864
-905
-940
-968
-983
-981
-962
-924
-868
-796
-703
-598
-490
-374
-247
-117
9
139
269
397
514
621
723
819
923
1028
1140
1255
1363
1465
1555
1639
1710
1775
1831
1874
1902
1912
1912
1890
1852
1803
1743
1666
1573
1468
1350
1225
1093
950
798
644
477
298
114
-74
-259
-442
-618
-778
-921
-1059
-1198
-1333
-1450
-1557
-1653
-1733
-1802
-1864
-1910
-1944
-1969
-1983
-1996
-2000
-1994
-1966
-1913
-1839
-1764
-1692
-1621
-1549
-1474
-1398
-1307
-1205
-1098
-990
-867
-739
-618
-506
-402
-293
-175
-49
80
207
329
443
539
630
726
814
901
989
1067
1148
1219
1274
1311
1336
1351
1350
1340
1326
1307
1274
1226
1162
1083
1000
909
815
730
658
576
486
398
301
211
125
36
-57
-157
-259
-353
-446
-524
-603
-688
-769
-837
-889
-939
-983
-1033
-1086
-1123
-1138
-1138
-1122
-1102
-1080
-1055
-1014
-952
-873
-775
-683
-591
-484
-377
-257
-130
-7
104
204
308
417
534
647
740
824
901
978
1059
1146
1231
1301
1362
1413
1466
1519
1562
1592
1611
1617
1616
1614
1602
1581
1539
1482
1406
1310
1210
1108
996
877
751
621
484
345
205
71
-60
-190
-307
-422
-533
-644
-753
-858
-966
-1064
-1158
-1243
-1317
-1377
-1435
-1485
-1520
-1551
-1574
-1595
-1600
-1598
-1584
-1554
-1519
-1472
-1418
-1364
-1307
-1248
-1174
-1094
-1004
-903
-798
-688
-579
-476
-367
-255
-143
-35
72
178
272
367
456
539
614
678
736
776
815
846
867
885
897
904
902
895
872
845
817
779
734
684
632
576
511
443
359
271
183
88
-3
-86
-166
-239
-315
-384
-455
-523
-576
-626
-669
-702
-730
-757
-776
-786
-793
-800
-801
-790
-771
-740
-691
-638
-577
-516
-459
-397
-319
-234
-152
-69
14
100
186
269
345
413
474
535
601
671
742
810
872
921
968
1013
1068
1122
1169
1216
1258
1295
1316
1326
1323
1308
1285
1258
1226
1189
1132
1064
988
903
814
721
629
534
441
347
256
164
72
-27
-125
-217
-308
-389
-468
-547
-616
-682
-742
-797
-845
-896
-929
-953
-973
-994
-1014
-1026
-1033
-1038
-1039
-1031
-1025
-1010
-990
-958
-918
-878
-837
-794
-750
-706
-651
-590
-533
-478
-425
-370
-318
-263
-216
-165
-125
-83
-43
-3
35
67
91
113
132
140
158
172
180
180
174
166
157
154
151
149
142
133
121
103
83
62
46
27
7
-17
-36
-50
-68
-73
-84
-91
-98
-102
-101
-101
-94
-89
-79
-74
-63
-49
-28
-5
19
40
64
92
115
141
171
200
225
260
297
330
361
393
420
438
461
480
499
513
524
527
528
527
525
519
517
512
510
508
502
495
487
473
456
437
416
396
370
343
319
284
251
216
175
135
96
59
20
-11
-43
-81
-113
-143
-173
-193
-220
-246
-269
-286
-292
-303
-305
-311
-321
-329
-334
-336
-339
-342
-339
-338
-329
-314
-298
-283
-272
-258
-245
-221
-193
-166
-142
-116
-92
-73
-47
-22
-2
12
27
36
50
60
64
69
65
60
52
44
38
18
1
-21
-53
-90
-127
-160
-197
-231
-267
-299
-331
-363
-391
-418
-435
-454
-467
-471
-472
-476
-465
-452
-442
-423
-402
-376
-349
-323
-294
-270
-237
-203
-170
-134
-98
-68
-35
0
30
59
88
119
145
173
204
231
252
273
292
303
318
335
352
371
386
403
410
418
424
420
430
436
433
432
432
432
429
423
413
398
385
371
357
343
331
315
295
272
248
219
202
186
166
148
130
115
101
90
75
57
45
30
14
-1
-17
-31
-45
-60
-71
-84
-88
-87
-96
-97
-100
-101
-103
-97
-86
-80
-72
-69
-69
-70
-72
-80
-85
-90
-102
-117
-120
-120
-128
-137
-144
-149
-146
-141
-137
-138
-139
-142
-154
-162
-174
-182
-187
-193
-196
-202
-200
-200
-202
-207
-208
-208
-208
-205
-202
-198
-195
-189
-180
-167
-153
-133
-115
-95
-80
-67
-53
-47
-41
-34
-29
-22
-14
-1
14
24
31
39
45
49
49
55
61
68
75
74
79
80
77
73
70
63
52
43
35
31
33
32
37
46
48
55
62
69
73
75
71
71
71
65
67
66
64
66
67
67
66
64
65
65
66
69
