1
0
-1
0
-1
0
-2
-1
-1
-1
-1
-3
-1
-1
-1
0
0
1
0
1
1
0
1
0
-1
0
-2
-2
-3
-2
-2
-2
-1
-1
-1
0
-1
1
0
1
1
1
1
2
2
1
0
0
-1
0
0
0
0
-1
-1
0
1
1
0
1
0
-1
0
0
-1
1
0
0
-1
-1
0
-1
-1
-1
-1
0
0
0
0
0
0
0
1
1
1
0
0
0
0
-1
-1
-1
-2
0
0
0
2
1
1
1
2
2
2
2
2
3
2
2
2
3
2
1
2
1
1
1
0
0
0
2
1
1
0
1
0
0
-1
-1
-1
-1
-1
-1
0
-1
-1
-2
-2
-2
-2
-2
-1
-1
-2
0
-1
-2
-2
-2
-2
-2
-2
-1
-2
-3
-2
-3
-2
-2
-1
-1
-1
1
2
1
2
2
1
2
1
1
2
2
1
0
1
0
0
-1
-1
0
0
-1
0
0
0
0
1
1
1
0
1
0
0
1
-1
1
0
0
-1
-1
0
0
0
1
0
2
1
1
0
0
-1
-1
-1
-1
-1
-1
-1
-1
-1
-1
-1
1
0
1
0
0
1
1
1
1
2
1
2
1
2
1
2
1
0
0
0
0
0
1
1
1
0
1
1
1
1
1
1
2
2
2
2
1
2
0
0
1
1
0
0
0
0
-1
-2
-1
0
-1
0
0
0
0
-1
-2
-1
-1
-1
-2
-1
-1
-2
-2
-2
-1
-2
0
0
0
0
0
0
0
-1
-1
-1
-1
-1
-1
0
-1
0
-1
1
0
0
-1
-1
-1
-1
-1
-1
0
-1
-1
0
-1
0
0
0
0
0
-1
0
0
0
0
1
2
2
2
2
2
2
2
1
2
1
2
1
1
1
1
1
0
2
1
0
1
1
0
0
0
-1
0
0
0
1
0
-1
-1
-1
0
-1
-1
0
-1
0
-1
0
0
1
1
0
0
0
-1
0
-1
0
0
0
0
1
0
0
0
1
1
1
1
0
1
0
0
-1
0
-1
-1
-1
-2
-1
-1
-1
0
-2
-1
-1
-2
-1
-1
-1
0
1
1
2
2
1
2
2
1
1
0
-1
-1
-1
-2
-2
-1
-1
-2
-1
-1
-2
-1
0
0
-1
-2
-1
-1
-1
-2
-2
-2
-1
0
0
0
0
0
2
2
3
2
2
2
2
2
2
1
1
1
1
0
0
0
1
0
0
1
0
1
2
2
1
3
2
2
1
1
1
1
0
0
-1
0
0
-1
-1
-1
-1
-1
-1
-1
0
0
0
0
0
0
0
0
1
0
1
1
1
1
0
0
-1
-1
0
0
0
0
-2
-1
-1
-1
-1
-2
-1
-1
-1
0
-2
-1
0
0
0
0
1
0
1
1
2
2
2
2
3
1
2
1
1
2
1
0
0
-1
-1
-1
0
0
0
0
0
-1
0
-1
-1
-1
-2
-1
-1
-1
-2
-2
-2
-3
-3
-2
-2
-1
-2
1
0
0
-1
0
0
0
0
0
0
0
0
1
0
0
1
1
0
0
0
0
0
0
-1
0
0
0
0
0
1
1
0
0
0
-1
0
1
1
1
0
1
2
2
2
1
2
2
3
3
2
3
2
2
1
0
1
1
0
1
-1
-1
-1
-1
-1
-1
-1
-1
0
0
0
0
0
0
1
0
1
1
1
1
0
0
0
0
0
-1
-1
0
-1
-1
-1
-1
-1
-1
-1
-1
-2
-2
-2
-2
-3
-3
-2
-2
-1
-1
-2
0
-1
-1
0
0
0
0
1
0
0
2
1
1
0
0
0
0
0
0
0
1
1
1
0
0
1
0
0
0
1
1
0
0
0
0
0
0
0
-1
-1
0
-2
-1
-1
0
-1
-1
-1
0
-1
0
1
0
1
0
1
0
1
1
1
0
0
0
0
-1
-1
0
-1
-1
1
0
0
-1
0
0
1
1
0
0
0
1
-1
0
0
0
0
0
0
2
1
0
1
2
1
1
0
0
0
1
1
1
0
1
0
0
0
0
-1
0
0
1
-1
0
0
1
1
0
-1
0
-1
0
2
0
1
-1
0
0
0
-1
-1
0
0
0
0
0
-1
0
0
-1
-1
-1
-1
-2
-2
-2
-1
-1
-1
-1
-2
-1
0
1
1
1
1
1
1
1
0
1
-1
0
-1
-1
-1
-1
0
0
2
1
2
1
0
1
1
0
0
0
0
0
0
0
-1
0
0
1
0
0
-1
1
0
-1
0
-1
0
0
1
1
1
0
1
0
0
-1
-1
0
0
0
0
0
0
1
0
1
0
0
0
0
-1
-1
-1
-2
-2
-1
-2
-1
-1
-2
0
-1
0
0
0
-1
0
-2
-1
-1
0
0
1
2
2
2
2
1
0
1
0
1
1
0
0
0
1
1
1
0
0
0
0
0
0
0
0
0
0
0
0
1
2
1
2
2
2
2
0
0
0
0
0
0
0
-1
0
1
0
1
1
1
0
1
0
0
1
1
0
-1
0
0
-1
0
0
1
1
0
0
-1
0
-1
-1
-2
-1
-1
-1
-1
0
0
0
1
0
1
0
0
0
-1
1
-1
0
0
0
0
0
1
0
0
0
-1
-1
0
0
-1
0
0
-1
0
-1
0
-1
-2
-2
-1
-1
-1
-1
0
-1
0
0
-1
0
0
0
0
0
0
0
0
-1
-1
-1
-1
0
-1
-1
0
-1
-1
-1
0
0
1
0
-1
0
0
0
0
1
1
1
1
1
1
0
0
2
1
2
1
1
1
1
1
1
1
0
1
1
0
0
0
0
0
1
0
1
0
0
0
1
0
1
1
0
1
1
2
1
1
0
1
0
-1
0
0
0
0
0
0
-1
0
0
0
0
-1
0
0
-1
0
0
-1
-1
-1
-1
-1
-2
-1
-2
-1
-1
0
-1
0
-1
0
0
-1
0
-1
1
0
0
1
0
1
0
1
1
1
2
2
1
1
1
2
0
1
0
-1
-1
-1
0
0
0
0
0
0
-1
-1
0
-1
1
-1
-1
0
0
0
-1
0
0
-1
-1
-1
-1
0
0
0
1
0
1
1
0
0
0
0
0
0
1
0
1
1
0
0
0
0
0
0
0
-1
-1
-1
0
0
0
-1
1
0
0
1
1
0
1
1
1
1
0
1
1
1
1
2
0
1
1
1
0
0
0
-1
-1
-1
0
-1
-1
-2
-2
-1
0
0
0
0
1
-1
0
0
0
0
0
-1
-1
-1
-1
0
-1
-1
0
0
-1
-1
0
0
1
1
0
0
0
0
1
1
0
-1
0
-1
-1
-1
0
-1
-1
-1
0
0
0
0
0
-1
-2
-1
0
-1
0
0
0
-1
1
0
0
0
0
0
1
0
1
0
1
1
0
1
1
1
1
1
0
1
1
1
0
1
0
0
0
0
0
0
0
0
0
0
0
1
1
1
0
1
0
1
1
1
0
0
1
0
1
0
0
1
0
0
1
1
-1
0
-1
-1
-1
-1
0
-1
-1
-1
-1
-1
0
0
-1
-1
-1
-2
-3
-2
-1
-2
-3
-1
-1
-1
0
-1
0
0
0
0
0
-2
-2
-1
-1
-1
-1
1
0
1
0
0
-1
0
0
0
1
0
0
0
1
1
1
0
0
0
-1
0
0
0
0
0
1
1
0
1
1
1
2
1
1
0
0
-1
-1
0
-1
-1
0
0
0
1
1
1
1
2
2
1
2
1
0
0
0
0
0
0
0
0
0
0
-1
1
-1
-1
0
-1
-1
-1
-1
0
0
0
0
1
0
1
-1
1
1
-1
-1
0
-1
-1
0
0
0
0
1
0
1
1
1
0
1
1
1
1
0
0
1
2
1
0
2
0
0
0
0
0
0
0
-1
0
0
0
-1
-1
-1
-1
0
-1
-2
-2
-2
-2
-1
-1
-2
0
0
1
0
2
2
1
1
1
1
0
0
-1
-1
-2
-1
-2
-1
-1
-1
0
-1
1
1
1
2
1
1
1
1
-1
0
0
0
-1
0
-1
0
0
0
1
0
0
0
0
0
1
0
1
0
0
1
1
1
1
2
3
3
2
2
2
2
1
-1
0
-1
-1
-2
-2
-1
0
0
-1
-1
0
0
0
1
1
0
0
0
-1
-1
0
-1
-1
-1
-1
0
-1
0
0
0
0
1
-1
-1
1
0
0
0
-1
1
0
0
0
1
-1
0
-1
-1
-1
-1
0
0
0
0
-1
0
0
0
0
0
0
1
0
0
0
1
-1
0
-1
-1
0
-1
0
-1
0
1
1
1
0
1
1
2
0
1
1
-1
-1
-1
0
-1
-1
-1
-1
-1
-1
-1
0
0
-1
0
0
-2
0
-1
0
0
0
0
0
2
1
0
1
0
0
0
-1
0
0
1
1
1
0
0
1
0
0
0
-1
0
-1
0
0
0
0
-1
-1
0
0
0
0
-1
1
0
1
-1
0
-1
0
0
0
0
1
1
1
1
1
1
1
1
1
0
1
0
0
0
0
0
0
0
0
0
1
0
0
0
1
1
1
3
2
1
2
1
0
0
-1
0
-1
-1
-1
-2
-2
-2
-2
-1
0
-1
1
0
0
1
1
1
0
1
0
0
0
0
0
0
-1
-1
0
-1
-1
0
-1
0
-1
0
0
-1
-1
-1
0
-1
0
0
0
1
0
0
1
1
0
0
0
0
-1
0
0
0
1
0
0
0
1
-1
-1
0
-1
-1
0
-1
-1
-1
-1
-1
0
0
0
-1
0
1
0
0
0
0
0
0
1
1
1
1
1
1
-1
0
-1
-1
-2
-2
-2
-2
-1
0
0
-1
-1
0
0
0
0
0
-1
0
0
0
0
0
0
0
0
1
-1
0
1
0
0
1
1
2
1
1
1
1
1
0
0
0
0
-1
-1
-1
-1
0
-1
0
0
0
1
0
0
0
0
0
-1
0
0
-1
0
0
1
1
1
0
2
2
2
2
1
2
2
1
0
1
0
0
-1
-1
0
0
1
2
1
2
2
3
1
1
1
0
0
0
0
-1
-2
-3
-3
-2
-3
-2
-3
-3
-3
-3
-2
-2
-1
-1
-1
0
-1
0
0
-1
-1
-1
-1
-1
-1
-1
0
0
-1
0
0
0
1
0
0
0
0
0
0
0
0
2
0
1
2
1
1
1
1
1
2
1
1
1
0
1
2
1
1
0
1
1
0
0
0
1
0
2
1
0
0
0
-1
0
0
-1
0
-1
0
0
-2
-2
-2
-2
-1
-1
-1
-2
-1
0
0
0
1
1
2
1
2
2
1
1
1
0
-1
2
1
0
1
1
0
0
0
0
0
0
0
0
-1
0
0
0
0
1
0
1
0
0
1
-1
1
1
2
1
1
0
1
0
0
0
-1
-2
-3
-2
-1
-2
-2
-2
-2
-2
-2
0
0
0
-1
0
0
1
1
0
-1
0
0
-1
-1
-1
0
0
0
-1
0
0
0
1
1
1
1
1
2
3
2
1
1
1
0
1
1
1
2
1
1
0
1
0
0
0
-1
0
-1
1
1
1
1
1
1
2
1
2
0
0
-1
0
0
0
0
-1
-1
-1
-2
-1
-2
-3
-3
-3
-2
-2
-1
-1
0
-1
0
0
1
1
1
0
1
1
0
0
1
0
0
0
-2
-2
-3
-2
-3
-2
-2
-2
-1
-1
1
1
2
1
3
3
4
4
3
3
3
2
1
1
0
1
0
-1
-1
-1
-2
-1
-3
-3
-3
-3
-3
-3
-2
-2
-2
-1
-1
-1
-1
0
1
1
2
2
1
2
2
1
1
1
1
0
0
0
0
-1
-1
-2
-1
-3
-2
-2
-3
-2
-2
-2
0
-1
0
0
2
2
3
3
4
5
5
7
8
8
8
8
7
6
7
7
6
4
3
2
0
-1
-2
-4
-7
-9
-11
-12
-15
-16
-17
-16
-14
-11
-6
-2
3
7
13
19
24
29
30
29
29
27
24
18
12
6
1
-3
-10
-16
-21
-25
-25
-26
-27
-27
-28
-27
-25
-22
-17
-12
-6
0
7
14
20
25
33
43
55
60
62
61
62
68
74
75
69
58
44
24
1
-17
-30
-50
-77
-104
-124
-149
-181
-208
-210
-187
-159
-138
-127
-124
-117
-93
-38
34
88
108
108
112
126
151
176
196
198
180
153
125
99
72
53
53
61
56
18
-42
-93
-114
-113
-108
-119
-154
-223
-310
-376
-406
-419
-441
-474
-505
-533
-563
-575
-545
-482
-407
-326
-239
-149
-59
49
199
384
556
694
815
929
1035
1127
1221
1314
1382
1396
1364
1304
1223
1128
1023
921
801
637
430
212
12
-156
-298
-422
-537
-653
-765
-854
-898
-891
-837
-755
-659
-566
-494
-430
-341
-211
-41
130
268
363
404
407
418
453
485
461
368
232
52
-185
-460
-732
-977
-1223
-1488
-1741
-2002
-2357
-2807
-3176
-3287
-3189
-3102
-3122
-3126
-3002
-2772
-2454
-1980
-1342
-688
-146
363
957
1596
2135
2579
3072
3627
4062
4230
4207
4145
4064
3907
3690
3459
3140
2611
1918
1271
792
366
-134
-650
-1070
-1421
-1795
-2138
-2288
-2226
-2094
-1954
-1738
-1440
-1175
-952
-618
-75
530
1006
1341
1587
1736
1833
2016
2340
2603
2567
2285
1955
1654
1346
1053
839
629
259
-272
-834
-1344
-1786
-2115
-2246
-2253
-2352
-2628
-2947
-3106
-3018
-2719
-2285
-1834
-1510
-1327
-1147
-789
-236
379
934
1383
1707
1887
1951
2034
2234
2483
2608
2517
2280
1980
1655
1386
1232
1142
928
478
-59
-478
-724
-899
-1101
-1315
-1535
-1809
-2101
-2335
-2504
-2696
-2915
-3024
-3013
-3059
-3218
-3337
-3363
-3523
-3883
-4060
-3773
-3295
-3083
-3134
-3058
-2750
-2404
-1988
-1305
-444
234
634
1110
1875
2667
3203
3615
4183
4852
5290
5386
5355
5392
5412
5262
5018
4818
4562
4031
3259
2579
2182
1834
1281
637
132
-281
-796
-1344
-1641
-1695
-1786
-1976
-2038
-1899
-1813
-1901
-1911
-1588
-1031
-515
-158
62
110
45
156
670
1403
1921
2012
1825
1638
1588
1688
1900
2071
2015
1698
1237
784
395
59
-200
-392
-603
-947
-1457
-2008
-2405
-2520
-2422
-2304
-2296
-2370
-2436
-2433
-2302
-1973
-1485
-1030
-764
-598
-354
-31
257
514
832
1130
1170
924
671
603
598
447
188
-67
-436
-1060
-1787
-2271
-2449
-2646
-3043
-3497
-3921
-4537
-5454
-6174
-6122
-5479
-5046
-5204
-5484
-5340
-4835
-4190
-3295
-2003
-623
327
934
1749
2936
4126
5035
5916
6980
7839
8055
7790
7605
7716
7796
7570
7090
6389
5348
4020
2794
2004
1439
650
-440
-1531
-2436
-3246
-3980
-4391
-4354
-4135
-4038
-4024
-3859
-3478
-2970
-2294
-1366
-369
341
723
1129
1757
2384
2762
3025
3419
3822
3973
3881
3730
3557
3273
2984
2842
2642
2077
1218
445
-40
-430
-891
-1379
-1874
-2401
-2904
-3245
-3364
-3357
-3267
-3081
-2873
-2695
-2479
-2122
-1638
-1155
-699
-202
261
573
752
968
1302
1583
1650
1541
1329
1059
733
391
131
-86
-364
-696
-1079
-1527
-2076
-2661
-3055
-3205
-3356
-3701
-4137
-4475
-4887
-5747
-6767
-7110
-6542
-5826
-5792
-6194
-6206
-5664
-4986
-4274
-3160
-1614
-271
546
1305
2486
3870
4971
5894
7044
8216
8829
8773
8579
8715
8936
8829
8375
7708
6830
5635
4290
3186
2401
1632
618
-567
-1627
-2496
-3335
-4076
-4469
-4460
-4359
-4424
-4502
-4340
-3911
-3333
-2601
-1717
-955
-455
56
786
1560
2045
2340
2858
3521
3914
3942
3848
3872
3872
3707
3546
3424
3152
2560
1775
1109
594
96
-474
-1118
-1751
-2356
-2931
-3407
-3733
-3855
-3793
-3693
-3643
-3564
-3333
-2933
-2447
-1951
-1444
-942
-484
-123
151
395
646
921
1152
1225
1128
909
642
412
209
48
-59
-275
-727
-1333
-1802
-1952
-2064
-2488
-3140
-3678
-4131
-4972
-6268
-7259
-7304
-6780
-6674
-7199
-7573
-7237
-6473
-5700
-4772
-3346
-1718
-489
443
1650
3254
4735
5811
6883
8209
9357
9776
9626
9607
9923
10112
9810
9095
8204
7142
5836
4532
3514
2672
1604
150
-1309
-2395
-3232
-4099
-4957
-5449
-5507
-5555
-5795
-5924
-5627
-4962
-4189
-3329
-2322
-1465
-1049
-747
37
1307
2475
3155
3530
3894
4203
4363
4561
4838
4945
4729
4295
3836
3286
2519
1691
1004
453
-146
-887
-1714
-2544
-3236
-3628
-3721
-3670
-3673
-3817
-3975
-3956
-3639
-3054
-2454
-2022
-1705
-1336
-887
-437
2
378
609
714
820
1014
1064
787
469
422
520
416
6
-437
-768
-1169
-1579
-1708
-1673
-1903
-2579
-3334
-3791
-4382
-5552
-6768
-7178
-6747
-6452
-6995
-7788
-7956
-7404
-6534
-5562
-4320
-2893
-1723
-871
123
1644
3437
4922
6016
7133
8385
9326
9587
9559
9868
10417
10599
10107
9235
8323
7259
6022
4950
4189
3332
1956
293
-1072
-2021
-2930
-3953
-4769
-5141
-5332
-5697
-6134
-6222
-5798
-5118
-4444
-3740
-2940
-2175
-1617
-1122
-325
854
2042
2859
3334
3715
4113
4460
4754
5065
5296
5205
4797
4308
3820
3212
2412
1642
1059
438
-461
-1517
-2424
-3080
-3600
-3953
-4090
-4199
-4425
-4635
-4565
-4123
-3561
-3117
-2675
-2146
-1627
-1191
-873
-630
-328
79
500
798
845
622
330
196
239
306
210
-71
-428
-768
-1026
-1192
-1218
-1233
-1594
-2336
-3382
-4690
-5953
-6775
-6932
-6677
-6785
-7538
-8324
-8519
-7987
-7049
-5919
-4526
-3116
-1969
-971
243
1913
3740
5311
6667
7903
8920
9571
9887
10218
10749
11157
11063
10399
9417
8379
7308
6218
5221
4275
3120
1576
-159
-1639
-2663
-3471
-4322
-5111
-5686
-6154
-6658
-7037
-6948
-6325
-5472
-4684
-3972
-3271
-2685
-2167
-1384
-151
1345
2528
3021
3188
3459
3994
4760
5450
5883
5958
5625
5120
4585
4036
3512
2919
2257
1450
391
-761
-1898
-2846
-3437
-3749
-3893
-4095
-4494
-4830
-4896
-4560
-3907
-3218
-2632
-2233
-1866
-1356
-814
-369
-18
267
577
783
791
724
611
435
278
119
-13
-178
-477
-749
-887
-958
-1080
-1261
-1574
-2252
-3526
-5204
-6520
-6962
-6789
-6755
-7416
-8418
-9045
-9015
-8365
-7317
-6018
-4626
-3485
-2559
-1425
151
1974
3650
5094
6520
7851
8755
9209
9633
10340
11128
11500
11283
10673
9813
8795
7764
6894
6128
5127
3670
1931
264
-1104
-2227
-3239
-4178
-5015
-5753
-6450
-7056
-7354
-7160
-6570
-5849
-5117
-4383
-3691
-3125
-2604
-1749
-428
1010
2149
2787
3143
3525
4036
4800
5621
6113
6148
5804
5375
4962
4435
3897
3409
2838
2087
1066
-86
-1155
-2114
-2820
-3280
-3653
-4041
-4529
-4967
-5087
-4796
-4190
-3592
-3266
-3096
-2792
-2220
-1556
-1019
-636
-346
-67
173
334
446
401
174
-68
-215
-197
-199
-455
-818
-1015
-963
-829
-946
-1455
-2275
-3485
-5019
-6282
-6722
-6467
-6415
-7280
-8509
-9060
-8734
-8007
-7217
-6164
-4725
-3398
-2460
-1411
201
2112
3786
5138
6535
7933
8883
9264
9587
10333
11267
11753
11502
10723
9794
8867
7961
7137
6352
5389
3985
2185
415
-936
-1945
-2945
-4008
-4966
-5781
-6597
-7364
-7716
-7462
-6854
-6269
-5768
-5187
-4476
-3726
-2937
-1974
-840
354
1461
2344
3054
3686
4364
5125
5793
6284
6532
6420
5969
5337
4737
4262
3697
2918
1983
926
-252
-1478
-2520
-3201
-3694
-4228
-4782
-5190
-5345
-5338
-5202
-4833
-4279
-3717
-3254
-2811
-2246
-1617
-1007
-409
140
608
848
898
931
995
1057
981
767
558
283
-81
-359
-479
-488
-619
-1165
-2085
-3409
-5055
-6456
-7076
-6970
-6896
-7591
-8739
-9433
-9340
-8652
-7641
-6390
-4974
-3785
-2854
-1747
-170
1709
3447
4963
6406
7705
8669
9271
9776
10508
11342
11896
11912
11382
10557
9592
8648
7834
7026
6027
4576
2763
1007
-458
-1654
-2747
-3895
-4953
-5903
-6855
-7657
-8149
-8161
-7809
-7366
-6868
-6294
-5603
-4779
-3780
-2595
-1359
-240
766
1700
2617
3542
4457
5358
6023
6302
6380
6477
6501
6224
5648
4997
4416
3728
2799
1714
624
-443
-1511
-2458
-3208
-3843
-4469
-5013
-5312
-5324
-5144
-4913
-4598
-4168
-3669
-3104
-2514
-1938
-1382
-860
-352
140
515
700
737
703
785
920
939
667
143
-292
-439
-369
-320
-677
-1669
-3293
-5186
-6462
-6731
-6541
-6774
-7818
-9047
-9659
-9593
-9084
-8247
-7114
-5794
-4651
-3731
-2589
-979
953
2831
4508
6087
7430
8332
8896
9575
10694
11852
12443
12277
11632
10900
10172
9416
8776
8107
7101
5556
3623
1864
494
-698
-1879
-3120
-4329
-5517
-6755
-7789
-8291
-8282
-7981
-7749
-7548
-7219
-6720
-5958
-4916
-3683
-2421
-1358
-395
599
1634
2708
3849
4996
5998
6551
6728
6822
6946
6951
6614
6066
5474
4798
3863
2665
1465
439
-490
-1431
-2367
-3282
-4146
-4917
-5454
-5607
-5528
-5409
-5338
-5216
-4917
-4413
-3796
-3228
-2638
-1974
-1288
-771
-457
-105
423
910
1092
1000
904
819
613
359
199
148
106
-265
-1169
-2770
-4826
-6330
-6713
-6470
-6642
-7730
-9070
-9741
-9776
-9422
-8633
-7401
-6032
-5067
-4387
-3283
-1541
443
2228
3828
5403
6819
7841
8607
9447
10562
11661
12319
12452
12145
11665
11060
10398
9858
9294
8378
6858
4957
3252
1944
761
-434
-1685
-3007
-4472
-6016
-7177
-7765
-8006
-8133
-8239
-8211
-8105
-7925
-7449
-6493
-5208
-3976
-2985
-2014
-921
256
1520
2850
4197
5288
5933
6366
6782
7132
7238
7003
6634
6254
5698
4882
3840
2677
1610
550
-499
-1513
-2589
-3563
-4351
-4865
-5140
-5367
-5571
-5698
-5647
-5351
-4890
-4445
-4088
-3787
-3291
-2573
-1844
-1308
-1032
-760
-400
-21
321
523
556
494
435
540
657
296
-707
-2288
-3982
-5173
-5689
-5864
-6325
-7460
-8789
-9480
-9404
-8912
-8357
-7695
-6749
-5752
-4808
-3682
-2076
-136
1656
3156
4486
5721
6899
8010
9195
10547
11623
12121
12074
11717
11499
11359
11080
10607
9866
8816
7460
5880
4392
3188
2093
885
-534
-2036
-3599
-5141
-6333
-7009
-7204
-7369
-7784
-8208
-8368
-8146
-7470
-6420
-5286
-4496
-4198
-3764
-2528
-715
959
2057
2886
3784
4699
5521
6343
7113
7521
7450
7160
6933
6510
5742
4852
4046
3279
2231
934
-327
-1459
-2444
-3168
-3657
-4088
-4663
-5335
-5747
-5795
-5517
-5153
-4914
-4840
-4717
-4281
-3554
-2882
-2485
-2187
-1871
-1475
-1030
-595
-231
-59
-25
110
374
319
-442
-1934
-3654
-4820
-5181
-5181
-5628
-6921
-8498
-9375
-9312
-8771
-8220
-7627
-6797
-5895
-5053
-4093
-2715
-946
848
2490
3989
5293
6275
7122
8144
9533
10886
11685
11812
11502
11195
11029
10924
10682
10135
9223
7943
6446
5007
3851
2869
1818
557
-757
-2057
-3424
-4734
-5715
-6115
-6223
-6502
-7053
-7655
-7957
-7655
-6793
-5754
-5024
-4723
-4254
-3209
-1763
-308
878
1867
2796
3692
4673
5632
6276
6527
6610
6768
6857
6572
5958
5268
4554
3795
2966
2184
1346
297
-803
-1724
-2343
-2873
-3436
-4012
-4495
-4890
-5044
-4939
-4822
-4921
-5072
-4806
-4153
-3586
-3464
-3500
-3292
-2832
-2272
-1776
-1360
-1076
-890
-722
-433
-462
-1052
-2332
-3930
-4927
-5108
-4961
-5383
-6694
-8135
-8772
-8672
-8242
-7727
-7109
-6207
-5386
-4588
-3560
-2202
-665
807
2295
3848
5186
6075
6803
7840
9318
10627
11242
11250
10995
10894
10925
10914
10746
10215
9307
8125
6831
5685
4652
3557
2348
1032
-172
-1307
-2626
-3905
-4838
-5333
-5622
-6121
-6722
-7135
-7346
-7237
-6806
-6213
-5692
-5323
-4772
-3765
-2508
-1308
-220
830
1816
2618
3439
4404
5248
5736
5809
5819
5884
5765
5458
5036
4470
3737
2921
2210
1680
1068
254
-536
-1176
-1635
-2049
-2491
-2941
-3311
-3507
-3527
-3561
-3811
-4063
-3988
-3621
-3320
-3257
-3286
-3261
-3143
-2914
-2503
-2061
-1847
-1850
-1710
-1320
-1228
-1972
-3598
-5344
-6188
-5955
-5461
-5861
-7337
-8780
-9197
-8779
-8131
-7488
-6649
-5659
-4966
-4376
-3384
-1768
46
1613
3069
4499
5602
6260
6868
8001
9641
10931
11366
11163
10794
10624
10516
10358
10149
9739
8939
7683
6230
5037
4155
3314
2290
1093
8
-1107
-2375
-3510
-4192
-4307
-4462
-5143
-6004
-6442
-6348
-6076
-5887
-5615
-5199
-4834
-4407
-3726
-2702
-1554
-557
471
1480
2323
3049
3747
4519
5140
5397
5473
5483
5336
4961
4429
3934
3478
2907
2251
1520
747
-21
-725
-1193
-1547
-1895
-2255
-2621
-2925
-3093
-3069
-2925
-2850
-2923
-2918
-2714
-2508
-2425
-2456
-2514
-2530
-2535
-2498
-2355
-2203
-2195
-2130
-2087
-2448
-3553
-5322
-6670
-6951
-6605
-6630
-7554
-8897
-9645
-9583
-9004
-8180
-7353
-6369
-5397
-4560
-3602
-2271
-537
1250
2778
4104
5335
6331
7107
7894
9025
10313
11133
11334
11110
10924
10848
10702
10516
10196
9578
8525
7197
5957
5027
4144
3164
1992
730
-549
-1910
-3092
-3904
-4377
-4714
-5239
-5969
-6644
-7071
-6914
-6231
-5527
-5182
-5157
-4916
-4074
-2883
-1620
-465
514
1395
2104
2828
3626
4302
4823
5107
5236
5235
4918
4506
4108
3660
3136
2547
2000
1571
1010
327
-369
-945
-1269
-1491
-1592
-1767
-2083
-2381
-2531
-2484
-2372
-2374
-2344
-2167
-2055
-2089
-2379
-2608
-2487
-2222
-1928
-1817
-1889
-1942
-1913
-2046
-2549
-3694
-5271
-6458
-6938
-6896
-7132
-8133
-9439
-10203
-10193
-9710
-9050
-8305
-7299
-6222
-5167
-3978
-2446
-701
925
2447
3983
5534
6777
7610
8410
9615
10945
11748
11796
11402
11144
11074
10942
10643
10159
9399
8264
6890
5645
4740
3913
2878
1628
359
-855
-2099
-3253
-4037
-4440
-4791
-5410
-6149
-6594
-6574
-6336
-6088
-5858
-5534
-5047
-4435
-3660
-2728
-1754
-798
178
1245
2299
3172
3751
4179
4623
5033
5299
5346
5205
4942
4549
3927
3183
2461
1905
1549
1103
466
-396
-1263
-1856
-2140
-2206
-2291
-2510
-2847
-3054
-3051
-2858
-2616
-2354
-2033
-1694
-1467
-1492
-1552
-1479
-1244
-938
-785
-871
-1120
-1333
-1606
-2172
-3433
-5228
-6588
-6995
-6899
-7268
-8586
-10069
-10672
-10456
-9953
-9462
-8810
-7738
-6649
-5754
-4697
-3094
-1077
813
2374
3837
5257
6473
7441
8482
9902
11284
12030
12052
11705
11559
11598
11484
11163
10645
9876
8736
7253
5908
4993
4231
3220
1865
461
-851
-2220
-3447
-4246
-4573
-4923
-5750
-6677
-7149
-7107
-6838
-6484
-5951
-5388
-5109
-4958
-4395
-3225
-1887
-866
-28
820
1683
2485
3244
4078
4709
4952
5025
5160
5251
5085
4658
4171
3612
2841
2079
1527
1133
618
-144
-897
-1491
-1943
-2289
-2502
-2608
-2711
-2861
-2930
-2925
-2878
-2605
-2141
-1615
-1393
-1583
-1574
-1221
-820
-559
-596
-714
-764
-1086
-1718
-2844
-4551
-6073
-6833
-6898
-7075
-8188
-9705
-10609
-10664
-10248
-9813
-9261
-8360
-7395
-6480
-5403
-3885
-1994
-176
1385
2848
4282
5683
6901
8033
9345
10702
11719
12084
11909
11775
11867
11938
11740
11192
10443
9437
8066
6683
5611
4770
3757
2351
915
-298
-1502
-2764
-3820
-4369
-4648
-5252
-6165
-6917
-7248
-7182
-6931
-6508
-5950
-5515
-5154
-4528
-3555
-2367
-1240
-248
741
1613
2414
3319
4180
4774
4999
5100
5317
5398
5128
4672
4220
3823
3198
2428
1776
1211
667
36
-601
-1205
-1864
-2432
-2745
-2923
-3132
-3350
-3421
-3307
-3292
-3330
-3091
-2493
-1906
-1692
-1730
-1586
-1138
-707
-430
-321
-342
-473
-907
-1733
-3056
-4651
-5774
-6079
-6139
-6854
-8441
-9932
-10447
-10209
-9746
-9320
-8713
-7870
-7123
-6324
-5086
-3318
-1344
315
1618
2872
4160
5461
6742
8045
9480
10755
11480
11603
11455
11557
11890
12047
11790
11182
10322
9220
7940
6809
6005
5175
3944
2333
759
-508
-1702
-2823
-3664
-4168
-4726
-5621
-6567
-7016
-7010
-7030
-7052
-6854
-6351
-5701
-5142
-4537
-3679
-2738
-1763
-610
510
1521
2394
3224
4071
4612
4853
5089
5375
5445
5155
4704
4333
3865
3170
2512
2038
1621
907
-22
-795
-1308
-1723
-2152
-2506
-2838
-3193
-3454
-3489
-3303
-3093
-2883
-2514
-2135
-1972
-1897
-1669
-1208
-820
-692
-703
-711
-715
-969
-1652
-2813
-4262
-5436
-5931
-6048
-6504
-7720
-9224
-10154
-10319
-10004
-9496
-8908
-8251
-7676
-7058
-5984
-4322
-2381
-549
978
2281
3421
4503
5785
7317
8900
10205
10955
11237
11288
11398
11677
11946
11918
11502
10699
9645
8477
7390
6608
5852
4763
3242
1640
282
-901
-1979
-2850
-3434
-4073
-5053
-6140
-6724
-6655
-6399
-6332
-6414
-6397
-6156
-5593
-4668
-3575
-2656
-2014
-1333
-387
699
1796
2875
3797
4346
4484
4553
4845
5183
5239
4943
4495
3971
3252
2531
2023
1698
1200
373
-520
-1224
-1714
-2103
-2392
-2637
-2942
-3354
-3659
-3654
-3403
-3017
-2655
-2391
-2278
-2256
-2064
-1529
-895
-484
-364
-468
-592
-781
-1266
-2180
-3598
-5022
-5822
-6043
-6345
-7361
-8844
-9849
-10076
-9897
-9566
-9112
-8394
-7623
-6983
-6042
-4573
-2767
-1026
452
1826
3098
4162
5255
6639
8270
9733
10564
10844
10891
11039
11425
11782
11853
11464
10694
9735
8695
7729
6957
6196
5160
3744
2184
850
-298
-1321
-2160
-2841
-3584
-4654
-5767
-6379
-6389
-6226
-6279
-6509
-6643
-6547
-6109
-5215
-4115
-3142
-2486
-1875
-1006
13
1061
2151
3197
3928
4181
4236
4536
4993
5222
5119
4775
4312
3658
2887
2327
1997
1624
927
10
-776
-1273
-1553
-1778
-2054
-2436
-2829
-3098
-3060
-2903
-2742
-2537
-2288
-1993
-1895
-1885
-1705
-1337
-982
-758
-658
-609
-751
-1361
-2356
-3700
-4969
-5741
-6060
-6361
-7217
-8552
-9671
-10093
-9963
-9530
-8989
-8297
-7627
-7121
-6373
-5087
-3286
-1403
192
1513
2663
3691
4776
6108
7715
9288
10282
10619
10557
10556
10888
11355
11662
11505
10851
9883
8797
7818
7068
6423
5596
4303
2686
1245
126
-776
-1612
-2353
-2915
-3615
-4606
-5650
-6203
-6048
-5628
-5406
-5500
-5743
-5811
-5416
-4549
-3354
-2308
-1685
-1245
-706
137
1210
2295
3133
3607
3789
3894
4098
4284
4299
4152
3879
3381
2691
2008
1533
1259
902
326
-377
-1030
-1502
-1751
-1862
-2011
-2319
-2681
-2854
-2790
-2582
-2355
-2144
-1904
-1721
-1597
-1420
-1113
-767
-539
-424
-329
-238
-357
-939
-1995
-3421
-4826
-5711
-5997
-6223
-7006
-8410
-9690
-10193
-10030
-9546
-9009
-8377
-7675
-7049
-6330
-5211
-3554
-1639
102
1485
2594
3573
4679
6048
7630
9163
10167
10524
10497
10530
10904
11402
11648
11419
10780
9904
8911
7934
7098
6347
5485
4304
2851
1486
312
-730
-1712
-2589
-3202
-3758
-4568
-5515
-6129
-6105
-5685
-5440
-5513
-5590
-5432
-5021
-4496
-3781
-2854
-1891
-1065
-360
412
1253
2030
2693
3345
3962
4372
4456
4330
4240
4162
3982
3614
3114
2506
1830
1196
664
232
-225
-680
-1084
-1471
-1870
-2231
-2471
-2551
-2526
-2481
-2379
-2322
-2287
-2138
-1799
-1335
-1011
-935
-956
-875
-653
-384
-259
-275
-661
-1616
-3073
-4668
-5653
-5875
-5937
-6584
-8026
-9529
-10282
-10274
-9889
-9363
-8737
-7954
-7340
-6792
-5852
-4231
-2161
-336
978
2024
3073
4297
5674
7121
8601
9731
10269
10436
10546
10923
11413
11658
11543
11050
10255
9283
8258
7404
6699
5911
4823
3365
1858
626
-348
-1172
-2068
-3026
-3892
-4617
-5195
-5644
-6016
-6224
-6093
-5730
-5415
-5375
-5411
-5087
-4221
-3101
-2141
-1384
-711
-8
776
1609
2462
3211
3773
4138
4371
4424
4342
4223
4114
3913
3471
2885
2286
1758
1227
684
235
-156
-605
-1127
-1592
-1861
-1988
-2137
-2327
-2481
-2508
-2423
-2341
-2268
-2131
-1880
-1481
-1146
-1001
-1013
-1007
-806
-450
-92
55
-420
-1627
-3286
-4730
-5386
-5472
-5661
-6434
-7793
-9167
-10084
-10367
-9923
-9044
-8143
-7591
-7422
-7090
-6077
-4267
-2112
-258
1070
2035
2950
4087
5524
7160
8763
9851
10239
10242
10351
10833
11413
11712
11557
10978
10091
9022
8044
7350
6782
5976
4747
3221
1765
537
-433
-1168
-1869
-2712
-3754
-4813
-5615
-6051
-6173
-6068
-5836
-5648
-5668
-5856
-5844
-5350
-4360
-3267
-2460
-1899
-1424
-806
39
960
1851
2609
3131
3428
3579
3748
4023
4218
4208
3904
3456
3039
2615
2243
1877
1465
1023
485
-34
-384
-604
-770
-1021
-1436
-1867
-2169
-2246
-2114
-1993
-1885
-1790
-1657
-1439
-1276
-1140
-1000
-887
-729
-532
-358
-277
-539
-1325
-2513
-3885
-4950
-5492
-5752
-6184
-7183
-8545
-9690
-10159
-9956
-9341
-8645
-8016
-7564
-7182
-6504
-5214
-3285
-1267
352
1503
2451
3501
4785
6272
7872
9307
10167
10440
10416
10569
10988
11379
11468
11126
10460
9598
8683
7843
7134
6390
5447
4211
2850
1633
586
-281
-1065
-1832
-2675
-3678
-4668
-5292
-5485
-5477
-5519
-5670
-5731
-5685
-5563
-5354
-5012
-4487
-3901
-3257
-2570
-1898
-1254
-599
141
934
1652
2261
2817
3291
3624
3791
3862
3935
3939
3826
3530
3092
2564
2005
1534
1157
819
455
25
-436
-881
-1268
-1572
-1775
-1903
-1972
-2010
-2108
-2235
-2225
-1999
-1613
-1345
-1298
-1261
-1121
-944
-772
-616
-386
-315
-898
-2094
-3487
-4552
-5099
-5462
-5979
-6825
-7991
-9150
-9839
-9869
-9298
-8564
-7997
-7636
-7326
-6681
-5457
-3618
-1576
138
1297
2119
3028
4311
5901
7526
8946
9835
10185
10250
10388
10812
11341
11630
11443
10793
9880
8908
8031
7289
6559
5690
4554
3146
1707
487
-443
-1147
-1818
-2585
-3547
-4585
-5429
-5829
-5848
-5783
-5858
-6001
-6040
-5934
-5648
-5195
-4615
-4012
-3480
-2959
-2335
-1606
-829
-36
761
1450
1979
2439
2938
3436
3818
4034
4176
4301
4347
4231
3903
3446
2970
2607
2363
2137
1765
1195
569
13
-454
-853
-1191
-1483
-1776
-2125
-2506
-2788
-2921
-2897
-2710
-2415
-2138
-2079
-2298
-2491
-2331
-1767
-1131
-793
-879
-1394
-2226
-3303
-4374
-5118
-5446
-5686
-6294
-7457
-8761
-9512
-9573
-9141
-8628
-8137
-7580
-7046
-6420
-5437
-3810
-1786
26
1275
2240
3279
4553
5972
7371
8742
9730
10149
10182
10259
10688
11203
11353
10988
10316
9537
8750
7935
7202
6554
5805
4771
3430
2122
1091
280
-504
-1316
-2093
-2833
-3639
-4501
-5138
-5346
-5279
-5268
-5453
-5715
-5820
-5666
-5251
-4640
-4046
-3713
-3634
-3502
-2956
-1966
-853
46
603
941
1291
1865
2757
3786
4576
4889
4743
4412
4191
4230
4431
4488
4098
3254
2286
1571
1256
1118
917
453
-287
-1150
-1901
-2235
-2219
-2184
-2432
-2961
-3459
-3609
-3390
-2961
-2538
-2362
-2444
-2618
-2611
-2252
-1606
-941
-589
-801
-1612
-2679
-3652
-4334
-4798
-5222
-5728
-6498
-7575
-8658
-9162
-8929
-8285
-7766
-7429
-6973
-6319
-5442
-4306
-2740
-891
714
1766
2542
3525
4879
6358
7628
8636
9311
9661
9811
10024
10479
10918
10987
10521
9773
9030
8340
7631
6898
6175
5351
4245
2862
1576
660
29
-650
-1536
-2400
-3125
-3813
-4557
-5113
-5264
-5208
-5343
-5659
-5833
-5752
-5632
-5590
-5294
-4669
-4046
-3666
-3334
-2686
-1801
-1003
-245
667
1592
2354
2934
3593
4336
4871
5172
5335
5433
5365
5108
4827
4539
4094
3481
2836
2260
1692
1025
363
-280
-899
-1458
-1984
-2460
-2936
-3358
-3641
-3851
-4028
-4097
-3940
-3621
-3329
-3155
-3065
-2972
-2792
-2474
-1988
-1460
-1152
-1087
-1320
-1848
-2476
-3161
-3772
-4276
-4757
-5175
-5691
-6483
-7273
-7637
-7393
-6850
-6493
-6178
-5640
-4896
-4079
-3184
-1828
-113
1367
2308
2967
3866
5095
6303
7364
8348
9130
9512
9456
9432
9788
10191
10201
9696
9026
8444
7797
7017
6289
5702
5049
4064
2838
1754
920
160
-697
-1561
-2292
-2992
-3724
-4467
-5047
-5353
-5582
-5851
-6048
-6060
-5893
-5660
-5448
-5058
-4464
-3857
-3289
-2715
-1988
-1211
-512
197
1018
1920
2675
3245
3781
4315
4751
5043
5214
5328
5334
5126
4823
4422
3881
3216
2484
1840
1211
499
-277
-1055
-1717
-2236
-2688
-3133
-3582
-4011
-4309
-4471
-4537
-4453
-4179
-3818
-3593
-3462
-3254
-2904
-2515
-2208
-1827
-1305
-846
-646
-627
-689
-850
-1252
-1966
-2768
-3442
-3869
-4112
-4500
-5264
-6153
-6642
-6564
-6254
-6019
-5683
-5037
-4296
-3713
-3121
-2039
-492
941
1877
2578
3465
4496
5429
6328
7375
8349
8843
8852
8911
9268
9610
9655
9400
9098
8825
8240
7341
6580
6078
5489
4547
3362
2276
1361
397
-588
-1334
-1879
-2578
-3521
-4449
-5026
-5215
-5356
-5591
-5769
-5764
-5665
-5555
-5318
-4882
-4377
-3824
-3097
-2343
-1812
-1381
-650
403
1340
1924
2354
2935
3608
4136
4523
4823
5006
4995
4849
4651
4379
3999
3503
2957
2370
1652
809
26
-621
-1200
-1800
-2465
-3079
-3589
-4016
-4364
-4684
-4950
-5084
-5023
-4840
-4609
-4315
-3938
-3515
-2989
-2347
-1742
-1263
-913
-471
176
840
1264
1360
1147
703
190
-390
-1095
-1928
-2704
-3258
-3836
-4811
-5918
-6511
-6474
-6296
-6391
-6409
-5947
-5239
-4652
-4042
-2959
-1537
-319
513
1312
2384
3570
4604
5564
6630
7626
8283
8543
8738
9138
9584
9774
9558
9179
8815
8365
7702
6944
6300
5720
4902
3761
2632
1752
951
-7
-999
-1769
-2406
-3181
-4065
-4692
-4969
-5174
-5472
-5721
-5785
-5753
-5639
-5342
-4786
-4160
-3637
-3123
-2512
-1803
-1073
-271
618
1442
2052
2529
3049
3609
4094
4398
4612
4778
4796
4597
4270
3926
3502
2925
2238
1568
938
242
-558
-1417
-2234
-2921
-3473
-3934
-4366
-4757
-5052
-5233
-5311
-5183
-4813
-4364
-4008
-3716
-3275
-2659
-1957
-1216
-429
330
871
1159
1410
1819
2265
2577
2696
2576
2110
1350
664
183
-448
-1566
-2860
-3694
-4105
-4790
-5905
-6798
-7005
-6925
-7141
-7389
-7032
-6125
-5331
-4909
-4298
-3047
-1545
-378
488
1488
2736
3890
4773
5680
6776
7778
8279
8406
8730
9349
9809
9746
9370
9129
8932
8404
7606
6908
6362
5569
4367
3145
2264
1491
493
-607
-1501
-2195
-3007
-3948
-4668
-4999
-5170
-5424
-5662
-5691
-5554
-5424
-5255
-4839
-4164
-3455
-2845
-2276
-1672
-1032
-362
377
1126
1693
1992
2198
2490
2856
3158
3273
3178
2908
2562
2276
2102
1924
1580
1032
366
-268
-757
-1096
-1399
-1801
-2295
-2765
-3142
-3371
-3377
-3247
-3138
-3174
-3238
-3092
-2693
-2146
-1585
-1063
-647
-387
-174
241
916
1614
2054
2184
2183
2164
2161
2215
2331
2390
2215
1761
1169
582
18
-464
-806
-1244
-2264
-3866
-5261
-5739
-5625
-5867
-6739
-7565
-7872
-7985
-8152
-7896
-6811
-5490
-4860
-4792
-4278
-2840
-1069
378
1585
2839
3932
4602
5209
6355
7931
9122
9458
9358
9454
9751
9844
9680
9582
9535
9061
7953
6730
5982
5536
4798
3644
2498
1557
533
-688
-1684
-2165
-2487
-3149
-4037
-4660
-4899
-5043
-5206
-5159
-4864
-4639
-4668
-4714
-4439
-3844
-3172
-2581
-2061
-1649
-1345
-1003
-507
86
626
1042
1305
1376
1323
1370
1648
1947
1974
1702
1360
1102
930
829
769
638
305
-192
-688
-1042
-1215
-1274
-1365
-1645
-2083
-2429
-2487
-2335
-2131
-1934
-1775
-1722
-1732
-1571
-1105
-496
-39
230
461
705
940
1239
1684
2156
2404
2377
2236
2124
2085
2099
2114
1973
1526
892
302
-186
-706
-1294
-1823
-2353
-3240
-4567
-5789
-6263
-6135
-6195
-6839
-7570
-7830
-7733
-7635
-7315
-6333
-4983
-4131
-3946
-3562
-2302
-567
890
2012
3186
4344
5081
5545
6421
7877
9158
9581
9447
9506
9856
9995
9755
9545
9498
9105
8026
6740
5896
5388
4619
3436
2253
1266
191
-1117
-2299
-3009
-3467
-4130
-5024
-5769
-6159
-6370
-6553
-6563
-6273
-5871
-5611
-5410
-4971
-4231
-3422
-2713
-2005
-1209
-442
182
725
1312
1901
2327
2556
2724
2879
2884
2656
2371
2230
2153
1902
1456
1010
626
199
-257
-586
-769
-995
-1364
-1748
-2027
-2213
-2335
-2360
-2295
-2241
-2252
-2254
-2120
-1816
-1421
-1043
-735
-438
-78
319
699
1061
1441
1813
2072
2194
2275
2361
2420
2423
2403
2375
2224
1875
1410
977
612
288
14
-235
-637
-1324
-2142
-2774
-3116
-3321
-3497
-3707
-4211
-5210
-6306
-6654
-6028
-5314
-5379
-5966
-6213
-5930
-5576
-5157
-4155
-2635
-1535
-1374
-1391
-571
998
2461
3490
4427
5323
5749
5741
6066
7136
8298
8665
8307
7961
7862
7629
7180
6961
7091
6928
5959
4627
3718
3297
2795
2019
1358
895
147
-1057
-2128
-2502
-2469
-2709
-3301
-3795
-4041
-4318
-4656
-4681
-4251
-3752
-3601
-3671
-3559
-3197
-2763
-2276
-1632
-955
-559
-463
-295
173
729
1058
1177
1302
1462
1518
1441
1327
1209
1049
875
759
668
494
184
-140
-349
-421
-432
-433
-479
-589
-720
-829
-845
-733
-534
-394
-435
-625
-769
-712
-483
-212
-23
15
-67
-153
-96
149
458
666
711
648
575
536
547
595
633
629
592
536
479
425
351
226
79
-10
-21
-77
-304
-679
-1082
-1447
-1775
-2048
-2254
-2471
-2874
-3588
-4482
-5145
-5205
-4819
-4633
-5053
-5711
-5945
-5672
-5281
-4837
-4030
-2980
-2354
-2327
-2101
-974
638
1858
2603
3412
4364
5000
5324
5970
7136
8127
8338
8127
8128
8315
8237
7890
7679
7626
7253
6372
5414
4765
4245
3516
2661
1971
1394
599
-436
-1341
-1880
-2235
-2680
-3201
-3631
-3960
-4286
-4572
-4661
-4515
-4292
-4117
-3937
-3667
-3347
-3025
-2630
-2053
-1358
-748
-320
23
384
758
1133
1546
1964
2221
2170
1893
1631
1518
1489
1404
1165
753
209
-350
-763
-967
-1062
-1210
-1495
-1870
-2212
-2412
-2421
-2284
-2124
-2032
-2004
-1991
-1928
-1751
-1437
-1052
-709
-464
-243
18
303
562
832
1158
1486
1716
1819
1859
1887
1910
1925
1931
1902
1786
1548
1236
921
663
459
252
-33
-435
-908
-1351
-1671
-1863
-2005
-2179
-2432
-2753
-3072
-3300
-3395
-3381
-3311
-3207
-3128
-3177
-3392
-3628
-3641
-3346
-2886
-2479
-2231
-2116
-2075
-1984
-1669
-1030
-204
500
909
1126
1375
1769
2291
2878
3441
3824
3964
3989
4109
4358
4570
4634
4613
4596
4560
4451
4318
4232
4147
3958
3674
3446
3358
3327
3194
2916
2588
2315
2095
1902
1729
1571
1352
1023
647
346
147
-45
-295
-570
-828
-1090
-1363
-1599
-1756
-1912
-2147
-2419
-2620
-2705
-2745
-2799
-2859
-2909
-2976
-3069
-3111
-3026
-2846
-2685
-2622
-2607
-2556
-2454
-2321
-2143
-1897
-1634
-1437
-1316
-1163
-906
-620
-403
-249
-68
168
394
578
733
843
873
843
857
956
1038
1004
876
728
602
493
424
387
331
226
100
28
5
1
46
141
235
259
219
206
261
359
443
476
487
489
472
412
318
265
280
304
228
54
-119
-227
-290
-379
-511
-654
-796
-950
-1121
-1279
-1406
-1499
-1575
-1660
-1739
-1789
-1823
-1891
-2023
-2121
-2077
-1894
-1682
-1532
-1440
-1354
-1245
-1072
-758
-311
130
429
620
851
1180
1532
1843
2121
2369
2551
2666
2791
2995
3218
3338
3332
3283
3266
3290
3327
3352
3326
3213
3018
2798
2623
2510
2431
2311
2117
1859
1563
1289
1077
920
769
579
352
134
-48
-193
-319
-447
-586
-741
-895
-1025
-1110
-1180
-1276
-1422
-1619
-1815
-1950
-2014
-2056
-2125
-2245
-2394
-2537
-2640
-2677
-2662
-2651
-2691
-2765
-2790
-2736
-2636
-2548
-2487
-2441
-2371
-2226
-1985
-1692
-1439
-1287
-1193
-1066
-846
-531
-182
123
318
407
478
619
854
1129
1349
1453
1464
1461
1504
1590
1676
1709
1673
1580
1473
1404
1386
1381
1332
1219
1078
973
922
909
894
844
769
678
587
512
476
466
434
361
279
225
194
139
56
-23
-74
-131
-221
-312
-367
-420
-513
-629
-706
-732
-770
-855
-942
-988
-1009
-1041
-1061
-1037
-1006
-1039
-1133
-1204
-1196
-1132
-1072
-1036
-1001
-980
-997
-1010
-948
-789
-599
-453
-360
-286
-196
-75
83
274
476
641
733
782
857
990
1158
1300
1381
1417
1430
1447
1489
1581
1696
1775
1785
1745
1715
1733
1796
1889
1959
1973
1917
1822
1752
1737
1752
1741
1666
1530
1376
1217
1069
939
813
655
447
205
-31
-250
-478
-720
-957
-1172
-1372
-1562
-1746
-1934
-2134
-2330
-2488
-2588
-2637
-2653
-2656
-2677
-2732
-2790
-2782
-2664
-2470
-2271
-2110
-1977
-1831
-1646
-1422
-1155
-862
-589
-373
-197
-15
186
391
572
726
855
956
1033
1106
1185
1246
1268
1272
1293
1324
1341
1334
1326
1320
1294
1249
1222
1236
1250
1202
1102
1019
981
947
874
773
667
564
463
376
309
229
100
-65
-205
-281
-310
-330
-374
-456
-579
-728
-849
-884
-839
-793
-831
-955
-1108
-1225
-1272
-1242
-1168
-1118
-1146
-1240
-1325
-1327
-1244
-1129
-1032
-969
-946
-954
-953
-884
-743
-588
-487
-444
-418
-376
-295
-159
22
196
301
342
376
457
585
733
886
1020
1101
1112
1098
1137
1252
1398
1496
1519
1501
1465
1433
1427
1472
1539
1556
1481
1354
1255
1208
1180
1151
1119
1072
987
864
761
716
704
683
637
578
515
448
386
335
292
257
227
213
193
145
69
-11
-67
-100
-119
-149
-205
-289
-399
-515
-612
-672
-706
-761
-862
-994
-1120
-1197
-1233
-1257
-1297
-1357
-1424
-1475
-1493
-1478
-1445
-1404
-1368
-1342
-1304
-1233
-1129
-1023
-939
-862
-769
-656
-538
-427
-321
-226
-153
-94
-17
91
185
228
232
236
259
282
294
294
281
246
187
148
144
152
133
77
23
-6
-18
-39
-60
-72
-93
-141
-203
-239
-235
-219
-222
-242
-250
-240
-231
-212
-175
-129
-95
-87
-82
-62
-30
9
43
71
91
94
97
117
149
171
180
192
209
220
227
246
285
334
374
405
436
470
496
523
573
655
736
786
803
806
819
852
905
973
1038
1071
1059
1028
1015
1038
1083
1119
1130
1105
1044
975
926
911
903
869
809
733
649
558
472
400
342
272
175
64
-41
-129
-204
-266
-317
-368
-431
-514
-603
-673
-717
-748
-782
-829
-884
-943
-993
-1026
-1036
-1024
-1016
-1028
-1052
-1068
-1059
-1023
-974
-929
-899
-890
-883
-852
-801
-736
-687
-654
-629
-605
-574
-531
-478
-417
-369
-334
-297
-244
-180
-123
-84
-57
-32
-8
12
42
71
85
79
68
68
78
78
63
51
45
44
37
26
12
-12
-50
-83
-78
-49
-23
-29
-62
-93
-95
-65
-13
40
69
56
21
8
41
115
186
222
212
181
167
187
238
292
320
310
273
241
230
243
261
268
253
223
193
185
205
238
251
249
254
273
306
357
414
465
503
529
560
612
679
738
781
820
853
874
887
903
927
944
948
940
927
908
867
805
743
696
649
571
466
356
250
142
25
-72
-148
-230
-337
-464
-574
-650
-706
-758
-803
-844
-889
-942
-992
-1016
-1010
-991
-975
-962
-943
-921
-896
-867
-827
-768
-701
-648
-608
-573
-536
-494
-448
-397
-347
-307
-280
-259
-244
-222
-195
-165
-146
-138
-133
-126
-107
-86
-65
-48
-40
-38
-30
-6
31
68
97
120
146
167
182
193
209
227
239
249
261
268
262
249
244
253
265
272
267
253
232
203
177
167
169
168
142
99
64
41
33
25
14
2
-24
-52
-74
-75
-68
-61
-57
-56
-48
-40
-31
-12
14
45
71
92
118
143
159
177
201
230
258
281
300
312
316
316
319
332
345
347
336
319
301
286
272
259
246
226
190
144
102
69
46
23
-3
-32
-66
-102
-119
-121
-108
-99
-108
-120
-124
-119
-105
-78
-51
-36
-40
-52
-52
-36
-15
2
14
16
2
-20
-33
-35
-41
-62
-85
-109
-130
-156
-195
-231
-255
-274
-295
-319
-343
-371
-409
-445
-459
-455
-443
-446
-461
-470
-466
-451
-422
-371
-315
-279
-258
-235
-190
-126
-64
-16
21
53
77
102
139
191
234
260
275
287
303
318
329
343
356
360
348
337
334
335
328
317
314
315
309
291
266
256
256
253
246
236
226
207
181
162
153
139
113
82
48
21
-7
-34
-54
-67
-90
-114
-136
-150
-156
-161
-164
-164
-155
-151
-148
-143
-130
-118
-109
-97
-75
-45
-28
-25
-26
-18
0
18
31
52
69
71
60
52
61
73
74
60
42
24
4
-19
-38
-51
-76
-117
-159
-187
-203
-220
-238
-246
-254
-264
-274
-280
-271
-256
-242
-231
-220
-207
-195
-186
-175
-156
-133
-114
-96
-76
-62
-51
-32
2
37
59
73
78
82
90
112
142
160
164
151
136
136
144
159
175
185
183
174
166
176
195
215
225
224
214
201
194
199
205
205
198
189
175
157
139
122
111
103
94
81
63
41
24
6
-9
-20
-30
-49
-75
-107
-126
-129
-127
-120
-119
-126
-141
-155
-150
-130
-107
-97
-101
-106
-105
-97
-75
-46
-20
-10
-13
-19
-14
5
33
57
74
75
61
47
49
66
79
80
68
50
31
21
16
16
20
9
-13
-36
-51
-57
-62
-69
-81
-95
-112
-121
-122
-114
-107
-105
-107
-110
-110
-109
-105
-93
-85
-80
-78
-75
-66
-53
-45
-34
-27
-23
-18
-18
-12
0
8
9
5
-3
-8
-9
-10
-11
-5
-9
-18
-29
-29
-20
-9
-1
-3
-7
-8
-7
2
16
31
33
32
34
36
47
65
82
94
100
102
106
116
129
140
150
152
149
146
143
142
141
137
130
126
123
117
109
103
97
92
90
85
83
80
70
57
51
53
56
49
29
12
4
1
7
13
12
3
-15
-35
-45
-41
-40
-51
-73
-101
-127
-149
-159
-163
-166
-177
-194
-211
-215
-207
-200
-195
-196
-201
-208
-212
-208
-187
-162
-142
-130
-123
-113
-98
-79
-52
-22
-3
9
14
21
35
56
78
97
107
107
103
99
102
111
116
114
106
94
82
71
59
51
41
24
7
-8
-21
-28
-35
-37
-39
-45
-50
-54
-49
-36
-24
-17
-5
7
19
33
52
72
86
95
98
102
110
119
125
130
136
135
127
119
110
98
90
83
71
52
35
21
8
-6
-21
-35
-48
-57
-61
-56
-49
-46
-44
-43
-38
-27
-5
16
31
39
43
50
57
76
94
107
112
109
108
109
115
119
122
114
96
68
42
23
10
-3
-21
-52
-86
-119
-144
-161
-172
-183
-201
-222
-244
-257
-256
-248
-237
-231
-224
-212
-198
-168
-126
-88
-60
-36
-19
-2
