-1
0
1
1
-2
3
-1
0
3
-6
2
2
-5
1
1
1
-1
-5
9
-7
2
-1
0
2
-1
-1
3
-1
-4
5
-5
2
0
-4
5
-5
1
-3
0
3
-6
2
6
-6
-3
5
-3
2
-4
5
3
-6
4
-2
-2
4
-5
0
6
-1
-5
6
-2
2
-4
4
3
-3
3
-4
6
0
-5
-2
7
-2
-4
8
-3
3
-1
-3
5
-1
2
2
-2
7
-5
-4
3
1
-1
-3
1
3
-3
-8
3
-1
0
-3
4
2
0
-5
1
5
-6
1
4
2
-5
0
2
-1
-4
-2
7
0
-3
0
4
-2
-7
6
1
1
-4
3
6
-10
7
-1
2
1
-2
8
-7
-1
5
-5
-1
5
-5
1
1
-4
4
-1
-6
7
-4
-1
3
-8
11
-14
8
6
-18
16
-1
-3
-2
2
9
-7
0
2
-3
7
-7
-6
12
0
-10
8
6
-3
-10
9
0
-3
1
-5
5
-4
4
-9
5
-2
6
-6
0
15
-14
6
-7
8
1
-14
15
0
-1
-7
5
10
-16
3
5
9
-14
5
11
-10
0
-3
6
-7
4
6
-8
1
6
-16
6
-2
0
1
-3
8
-5
-5
1
2
-2
3
-1
10
0
-3
-3
6
-8
5
3
-9
22
-18
6
4
-17
16
-10
-3
20
-7
-1
2
-1
-8
-3
5
4
-8
13
9
-26
14
3
-18
4
8
9
-11
10
8
-22
1
7
2
-11
16
8
-13
-4
4
-3
-13
4
13
1
-12
7
6
-24
-3
8
-2
-1
8
5
-1
-18
10
2
-19
15
3
-1
2
-4
-4
-11
1
10
-15
20
18
-18
3
-5
-3
9
-23
11
18
-9
7
-26
27
-15
-17
20
-4
18
-1
-4
12
-17
2
-5
3
9
3
6
-8
15
-5
-5
-13
12
11
-9
11
9
-9
-6
4
-13
-8
7
8
-8
10
-2
-14
6
-14
1
7
-5
4
8
6
-15
-13
14
-1
-14
22
10
0
6
-9
-8
9
1
-1
-10
26
10
-28
-2
21
-12
-13
12
7
19
-26
15
5
-7
-8
-15
11
13
-29
0
28
-8
-17
2
16
-1
-23
23
13
-18
5
0
9
-17
0
6
5
-7
9
6
1
4
-10
2
8
-17
4
17
5
-14
-4
20
-13
-12
3
10
-3
4
3
-1
-16
2
-9
-15
10
-1
2
-9
-1
16
-30
-10
10
-11
-5
-3
2
-6
-18
-1
-14
-15
7
-5
-3
-10
3
-4
-18
7
3
-7
-8
17
8
-15
4
5
-9
-2
5
5
-2
8
-11
3
10
-2
-8
9
12
-2
12
5
17
10
9
9
21
19
14
15
34
15
12
26
21
17
34
6
24
38
16
17
15
36
10
15
35
16
11
31
1
18
3
6
12
-15
13
-6
-2
-8
-17
-6
-17
-14
-17
-18
-29
-30
-30
-40
-29
-41
-40
-35
-52
-34
-39
-58
-39
-37
-40
-48
-43
-36
-48
-52
-40
-39
-46
-29
-43
-45
-32
-40
-37
-33
-16
-27
-24
-18
-21
-12
-28
-8
-17
6
1
-2
20
2
25
12
24
25
43
33
25
44
44
36
33
53
40
55
54
40
57
53
39
43
61
55
39
50
53
48
32
47
40
26
52
34
35
37
37
39
29
31
38
41
37
43
31
41
36
27
41
30
32
33
36
25
20
31
16
17
26
9
8
15
15
6
-1
10
3
11
1
-5
-5
-5
-16
-20
-8
-15
-19
-26
-21
-30
-33
-35
-33
-46
-46
-43
-61
-66
-67
-72
-83
-86
-86
-87
-99
-110
-111
-113
-122
-124
-117
-126
-129
-135
-135
-129
-135
-138
-145
-149
-136
-127
-125
-116
-110
-103
-111
-85
-60
-71
-50
-29
2
12
14
43
40
43
55
73
99
91
101
111
107
147
136
140
181
179
175
184
247
234
197
206
223
266
259
255
295
317
279
239
271
275
211
194
214
231
199
165
162
100
68
55
52
77
62
28
-10
-15
-42
-122
-156
-195
-231
-229
-259
-278
-349
-445
-495
-560
-570
-568
-510
-472
-587
-654
-682
-805
-928
-944
-856
-759
-693
-586
-472
-433
-448
-411
-239
-43
61
171
353
465
476
513
574
755
868
909
1104
1225
1242
1153
973
926
845
767
772
735
636
463
258
98
-58
-191
-219
-138
-35
42
120
139
107
115
259
540
840
1103
1374
1568
1678
1763
1886
2023
2093
2169
2206
2175
2058
1802
1393
928
573
272
50
-115
-359
-684
-1038
-1452
-1795
-1945
-2049
-2286
-2616
-2837
-3063
-3805
-5076
-6180
-6653
-6817
-7119
-7156
-6748
-6526
-6782
-7068
-6602
-5697
-5040
-4172
-2735
-984
359
1245
2350
3425
4105
4795
6007
7525
8446
8641
8760
8940
8834
8291
7800
7551
7146
6446
5630
4915
4042
2741
1259
72
-564
-1021
-1639
-2375
-3063
-3735
-4502
-5181
-5415
-5239
-4919
-4490
-3699
-2599
-1871
-1522
-1072
-286
740
1736
2882
4061
4677
4660
4526
4660
4803
4658
4520
4477
4266
3630
2688
1791
851
-125
-900
-1264
-1424
-1923
-2618
-3287
-3921
-4418
-4666
-4566
-4244
-3921
-3639
-3384
-3207
-3218
-3178
-2778
-2158
-1527
-987
-528
-341
-568
-921
-1005
-802
-709
-884
-988
-1012
-1832
-3802
-5874
-7062
-7558
-8006
-8315
-8027
-7559
-7799
-8442
-8319
-7375
-6488
-5581
-3872
-1493
491
1652
2700
3957
4974
5744
7015
8946
10492
10924
10806
10832
10753
10160
9379
8915
8638
8028
7008
5978
4901
3303
1172
-697
-1676
-2073
-2449
-3127
-3909
-4641
-5478
-6158
-6291
-5705
-4823
-4113
-3252
-1963
-570
403
1114
2052
3259
4481
5535
6575
7402
7594
7221
6836
6845
6737
6131
5208
4260
3161
1722
348
-873
-2154
-3455
-4471
-4978
-5226
-5563
-5938
-6219
-6301
-5972
-5223
-4344
-3542
-2979
-2575
-2051
-1428
-878
-472
-63
422
729
680
457
211
-361
-1059
-1334
-1067
-774
-949
-1274
-1429
-2291
-4744
-7786
-9784
-10349
-10646
-11250
-11074
-10067
-9758
-10677
-11070
-9610
-7635
-6372
-4829
-1828
1438
3187
4159
5693
7434
8435
9219
11155
13302
13802
12823
11984
11890
11371
10048
8870
8209
7305
5564
3772
2474
1035
-1187
-3655
-5037
-5112
-4971
-5494
-6460
-7140
-7361
-7424
-7020
-5653
-3771
-2328
-1367
59
2150
3873
4733
5441
6631
7768
8263
8617
9025
8804
7548
6054
5372
4964
3793
1924
288
-967
-2485
-4054
-5084
-5676
-6483
-7545
-7928
-7504
-7069
-6873
-6545
-5675
-4444
-3209
-1952
-655
473
1320
2052
2778
3401
3758
3814
3730
3499
2891
2178
1586
927
58
-755
-1069
-1267
-1882
-2635
-2927
-3307
-5282
-8463
-10728
-11305
-11509
-12434
-12656
-11234
-10152
-10642
-10989
-9149
-6441
-5065
-3868
-868
2949
5012
5674
7156
9311
10438
10609
11783
13796
14273
12826
11352
10956
10380
8739
7070
6140
5247
3391
1233
-202
-1438
-3319
-5745
-7332
-7359
-6892
-7005
-7493
-7553
-7059
-6482
-5741
-4111
-1886
-171
898
2284
4434
6285
6983
7481
8694
9768
9779
9328
9176
8521
6533
4444
3639
3122
1264
-1311
-2854
-3585
-4897
-6442
-7038
-6935
-7610
-8756
-8679
-7496
-6646
-6453
-5799
-4058
-2088
-716
490
1916
3058
3655
4130
5164
6335
6455
5542
4513
4049
3531
2342
807
-727
-1694
-2336
-2952
-3417
-3732
-3589
-3639
-4024
-3955
-3570
-4314
-7296
-10485
-11567
-11127
-11104
-11459
-10370
-8846
-8967
-9688
-8311
-5149
-3357
-3032
-1148
2946
6097
6697
7194
8924
10171
9985
10235
12109
13229
11719
9350
8441
8384
7266
5497
4474
3781
2260
270
-910
-1583
-2996
-4983
-6257
-6121
-5295
-4784
-4833
-5010
-4726
-3845
-2557
-993
843
2545
3502
4040
5123
6718
7673
7672
7797
8535
8767
7790
6426
5226
3755
1845
455
-18
-948
-2996
-4960
-5785
-6127
-6987
-7629
-7197
-6559
-6757
-7044
-6057
-4380
-3422
-2933
-1526
812
2539
3245
3919
4886
5382
5183
5275
5932
6017
4711
2738
1443
732
-275
-1647
-2734
-3212
-3612
-4245
-4765
-5004
-5112
-5170
-4976
-4301
-3629
-4173
-6498
-9352
-10905
-11002
-10975
-10937
-9780
-8118
-7751
-8342
-7517
-4994
-3176
-2540
-792
2842
5889
6728
7064
8367
9535
9521
9684
11204
12482
11601
9401
8062
7710
6900
5445
4404
3814
2644
901
-427
-1184
-2354
-4093
-5213
-4999
-4090
-3453
-3347
-3382
-3158
-2444
-1134
550
2214
3487
4294
4950
5798
6831
7642
7843
7566
7246
7188
7095
6099
4202
2246
753
-462
-1665
-2695
-3762
-5303
-7084
-8080
-7868
-7312
-7289
-7602
-7423
-6741
-5769
-4403
-2717
-1149
-190
684
2124
3740
4866
5200
5419
5778
5954
5850
5410
4626
3038
1013
-372
-678
-738
-1581
-2742
-3531
-3978
-4499
-4927
-4627
-4053
-3763
-3716
-3217
-2367
-3152
-6102
-9230
-10284
-9804
-9891
-9982
-8867
-7758
-8463
-9782
-8676
-5608
-3611
-2938
-1060
2514
5070
5581
6118
7700
8789
8626
8985
10845
12136
10993
8638
7397
7319
6815
5742
4993
4500
3247
1251
-271
-1029
-1911
-3374
-4577
-4808
-4505
-4157
-3946
-3880
-3621
-2853
-1492
120
1539
2667
3430
4032
4837
5977
7120
7735
7738
7363
6996
6668
5957
4749
3305
1953
779
-486
-1807
-3171
-4583
-5898
-6788
-6918
-6610
-6372
-6423
-6489
-5993
-4769
-3191
-1824
-865
-10
888
1853
2852
3896
4773
4981
4691
4510
4654
4478
3301
1763
819
435
-80
-851
-1547
-2267
-3328
-4321
-4369
-3685
-3257
-3330
-3325
-2975
-2647
-2883
-4131
-6398
-8872
-10282
-10351
-10132
-10065
-9667
-9303
-9747
-10264
-9071
-6364
-4270
-3186
-1388
1587
3922
4767
5580
7197
8496
8830
9489
11147
12072
10882
8866
8004
8126
7748
6794
6050
5186
3467
1389
121
-550
-1671
-3176
-4165
-4326
-4288
-4240
-4053
-3955
-3715
-2852
-1273
320
1408
2332
3284
4156
5054
6240
7420
7768
7283
6674
6443
6330
5729
4613
3340
2127
900
-471
-1950
-3327
-4665
-5869
-6576
-6620
-6315
-6368
-6816
-6958
-6220
-4889
-3629
-2464
-1341
-280
661
1629
2988
4371
5265
5435
5117
4942
4847
4444
3466
2310
1563
1018
420
-373
-1137
-2032
-3352
-4392
-4590
-3907
-3191
-3183
-3629
-3917
-3447
-3009
-3859
-6010
-8239
-9407
-10105
-10720
-10571
-9625
-9104
-9969
-10456
-8886
-6335
-4715
-3889
-1935
921
2989
4159
5791
7990
9033
8793
9145
10756
11845
10953
9364
8688
8584
7961
6966
6364
5705
4168
2139
760
235
-361
-1558
-2889
-3749
-4060
-4040
-3849
-3570
-3122
-2408
-1524
-558
563
1757
2733
3466
4378
5738
6786
6963
6639
6404
6323
6010
5624
5083
4077
2653
1231
58
-1282
-2840
-4154
-5013
-5733
-6378
-6516
-6344
-6545
-7010
-6808
-5481
-3834
-2784
-2133
-1244
-101
933
1929
3303
4673
5194
4861
4576
4825
4829
4032
2948
2232
1789
870
-331
-1249
-2075
-3172
-4390
-4785
-4283
-3778
-3835
-4260
-4351
-3920
-3236
-2953
-4050
-6444
-8844
-10030
-10258
-10399
-10065
-9064
-8538
-9282
-9850
-8376
-5980
-4636
-3768
-1551
1615
3523
4279
5700
7734
8773
8826
9761
11572
12075
10600
9013
8704
8629
7785
6824
6300
5452
3607
1667
695
267
-519
-1757
-2808
-3380
-3628
-3623
-3523
-3423
-3111
-2476
-1734
-1045
-174
1057
2227
3218
4329
5484
6182
6179
6071
6351
6643
6577
6113
5302
4059
2510
1089
-108
-1216
-2255
-3269
-4342
-5428
-6170
-6446
-6644
-6790
-6526
-5710
-4811
-4203
-3664
-2886
-1918
-841
569
2355
4009
4869
4917
4754
4867
5053
4966
4632
4274
3688
2452
855
-390
-1160
-2003
-3036
-3806
-4043
-4119
-4412
-4680
-4599
-4261
-3898
-3514
-3169
-3847
-6186
-8886
-10146
-9967
-9971
-10248
-9604
-8739
-9230
-10407
-9645
-6822
-4712
-3884
-2306
644
2870
3441
4459
6806
8609
8861
9122
10563
11590
10846
9614
9430
9794
9283
8050
7119
6326
4978
3175
1848
1276
714
-364
-1711
-2696
-3160
-3456
-3745
-3824
-3500
-3071
-2956
-2838
-2073
-560
924
1933
2862
3883
4594
4768
5033
5976
6849
6833
6142
5455
4895
3888
2603
1594
797
-363
-1812
-2825
-3380
-4139
-5170
-5742
-5665
-5587
-5769
-5709
-5163
-4617
-4238
-3441
-1958
-333
782
1562
2433
3294
3878
4301
4860
5342
5165
4348
3502
2983
2243
862
-397
-884
-1152
-2130
-3403
-3940
-3970
-4250
-4705
-4643
-4050
-3518
-3452
-4441
-6678
-9039
-10074
-10030
-10300
-10506
-9503
-8482
-9322
-10797
-9783
-6650
-4636
-4016
-2208
907
2537
2502
3887
7151
9224
9000
9081
10808
11859
10893
9885
10357
10844
9745
8200
7670
7362
5973
3948
2640
1982
1016
-382
-1713
-2758
-3665
-4262
-4344
-4160
-3926
-3860
-4047
-4088
-3303
-1531
221
1258
1992
2699
3173
3505
4325
5570
6234
6096
5690
5276
4777
4279
3980
3406
2237
1071
298
-485
-1727
-2982
-3601
-3962
-4561
-5200
-5440
-5307
-5384
-5659
-5365
-4178
-2727
-1846
-1232
-150
1022
1686
2104
2941
3887
4021
3645
3480
3358
2760
1744
949
317
-573
-1680
-2790
-3505
-3730
-3645
-3586
-3890
-4268
-4330
-3886
-3562
-4686
-7155
-9174
-9605
-9490
-9897
-9639
-8250
-7875
-9607
-10809
-8853
-5722
-4375
-3750
-1680
684
1202
1514
4209
7548
8441
7755
8577
10667
11251
10427
10455
11435
11257
9595
8605
8886
8706
7159
5423
4575
3888
2625
1205
117
-795
-1825
-2700
-3125
-3266
-3407
-3883
-4592
-4905
-4309
-3181
-2370
-1842
-1198
-636
-307
381
1881
3290
3740
3753
3941
4063
3904
4014
4388
4041
2932
2224
2105
1504
232
-515
-583
-1124
-2316
-3030
-2863
-2975
-3768
-4072
-3323
-2521
-2298
-1962
-1027
-227
-101
-66
421
1083
1376
1304
1186
1148
1006
451
-414
-1050
-1367
-1830
-2492
-2750
-2436
-2257
-2710
-3308
-3394
-3064
-3052
-4135
-6099
-7788
-8357
-8430
-8823
-8750
-7812
-7717
-9474
-10653
-8819
-5972
-5004
-4761
-3003
-1024
-942
-775
2063
5432
6170
5491
6422
8304
8717
8399
9357
10876
10812
9486
8969
9419
9459
8712
8038
7733
6917
5318
3844
3213
2949
2084
847
26
-574
-1613
-2870
-3379
-3292
-3621
-4278
-4309
-3653
-3291
-3357
-2976
-2130
-1585
-1381
-763
251
725
588
807
1648
2240
2160
2120
2392
2415
2056
1984
2411
2480
1769
993
756
677
269
-105
-67
-86
-600
-1150
-1069
-634
-463
-510
-512
-587
-888
-1110
-950
-647
-599
-932
-1637
-2493
-3169
-3393
-3332
-3404
-3681
-4001
-4035
-3693
-3267
-2908
-2529
-2232
-2819
-4742
-6715
-7187
-6411
-5963
-6110
-5872
-5742
-6988
-8649
-8225
-5834
-4233
-4123
-3681
-2476
-2045
-2142
-549
2447
3997
3397
2973
3877
4812
5385
6661
8242
8452
7342
6765
7391
8187
8668
9124
9232
8377
6973
6232
6507
6977
6838
5998
4902
3753
2466
1416
1195
1525
1251
104
-835
-1209
-1785
-2532
-2341
-1452
-1569
-2780
-3353
-2967
-2945
-3338
-2858
-1898
-2140
-3266
-3420
-2408
-1658
-1430
-918
-373
-568
-1042
-790
81
776
1133
1298
1190
960
986
1289
1537
1661
1758
1559
963
328
-75
-426
-866
-1111
-1116
-1273
-1765
-2328
-2650
-2786
-2918
-3096
-3336
-3608
-3915
-4144
-4074
-3670
-3248
-3162
-3178
-2831
-2218
-1736
-1330
-651
-12
-179
-1070
-1754
-1721
-1451
-1481
-1648
-1729
-2050
-2902
-3757
-3846
-3418
-3356
-3676
-3597
-3128
-3039
-3119
-2370
-1090
-633
-916
-535
606
1321
1633
2566
3810
4188
3984
4404
5365
6026
6550
7364
7844
7425
6803
6752
6966
7028
7165
7335
6997
6173
5561
5379
5194
4823
4435
3934
3103
2212
1617
1259
852
311
-281
-1003
-1850
-2556
-2889
-2990
-3149
-3489
-3958
-4442
-4754
-4678
-4194
-3527
-2931
-2570
-2457
-2453
-2264
-1679
-860
-186
115
172
193
204
248
465
832
1005
726
290
106
109
4
-246
-459
-767
-1400
-2114
-2475
-2445
-2519
-2938
-3384
-3647
-3889
-4224
-4334
-3989
-3542
-3343
-3264
-2997
-2573
-2230
-1864
-1328
-753
-360
-200
-77
125
426
782
1023
1044
827
482
143
-79
-100
-37
-95
-372
-758
-1010
-1048
-945
-802
-673
-561
-527
-523
-367
14
468
736
844
961
1110
1228
1346
1660
2111
2403
2422
2352
2412
2569
2760
3040
3385
3644
3733
3783
3901
4046
4163
4192
4082
3853
3574
3305
3032
2728
2424
2050
1548
1022
581
240
-59
-293
-374
-430
-592
-809
-921
-865
-752
-631
-517
-457
-485
-549
-494
-305
-130
-83
-130
-178
-236
-298
-263
-114
-41
-238
-631
-1020
-1315
-1531
-1673
-1763
-1951
-2330
-2814
-3232
-3436
-3424
-3302
-3213
-3220
-3267
-3302
-3301
-3185
-2917
-2673
-2605
-2594
-2453
-2212
-2018
-1818
-1536
-1308
-1275
-1312
-1196
-940
-696
-496
-307
-132
-27
54
225
496
757
903
956
1000
1067
1134
1183
1222
1212
1173
1191
1252
1284
1254
1226
1237
1220
1188
1204
1255
1235
1128
1100
1190
1304
1373
1438
1548
1599
1607
1668
1774
1839
1799
1740
1713
1671
1607
1513
1383
1195
999
858
746
644
519
402
302
188
94
58
84
106
77
81
167
249
257
292
456
650
755
787
797
775
718
736
884
1001
934
709
403
95
-142
-241
-263
-378
-651
-997
-1339
-1601
-1696
-1632
-1556
-1616
-1759
-1881
-1946
-1965
-1894
-1730
-1640
-1723
-1865
-1929
-1869
-1797
-1741
-1693
-1715
-1848
-1962
-1888
-1616
-1340
-1193
-1114
-1062
-1044
-977
-729
-363
-83
15
70
173
267
348
503
695
766
696
673
791
929
943
894
872
814
668
543
562
650
670
632
670
770
813
791
789
868
942
967
1006
1072
1112
1060
958
868
776
644
502
402
331
247
156
91
20
-132
-337
-473
-479
-441
-431
-419
-379
-368
-368
-305
-138
63
229
377
520
635
740
853
954
1028
1079
1133
1160
1129
1061
978
861
701
541
381
228
75
-74
-193
-308
-407
-482
-534
-577
-610
-628
-609
-550
-499
-489
-522
-585
-670
-745
-788
-784
-757
-763
-817
-884
-927
-915
-867
-777
-646
-519
-427
-352
-255
-138
-10
117
253
380
456
490
490
461
430
367
273
177
84
-28
-189
-387
-558
-702
-832
-942
-990
-956
-892
-831
-764
-642
-491
-377
-273
-104
143
373
514
622
733
799
810
814
857
878
820
709
601
507
366
170
-5
-135
-242
-361
-458
-514
-583
-656
-688
-639
-529
-401
-273
-164
-58
76
248
442
615
768
901
974
1002
1045
1105
1123
1079
1033
992
923
826
758
720
646
529
435
369
273
125
16
-18
-65
-156
-243
-320
-442
-599
-697
-716
-733
-804
-877
-938
-1019
-1085
-1074
-998
-953
-973
-969
-857
-703
-534
-326
-123
16
114
256
461
666
812
913
963
953
911
864
809
730
638
526
369
163
-45
-246
-436
-576
-654
-730
-826
-916
-964
-958
-917
-839
-732
-619
-489
-341
-181
-4
179
340
459
569
664
758
821
848
865
847
774
667
573
498
396
251
96
-63
-236
-385
-492
-559
-629
-713
-779
-798
-792
-779
-745
-681
-594
-492
-376
-237
-82
51
146
216
295
392
500
590
654
680
667
639
635
668
697
694
641
583
533
490
469
463
417
303
139
-3
-92
-185
-293
-411
-557
-746
-936
-1058
-1101
-1128
-1153
-1164
-1154
-1125
-1068
-932
-728
-517
-318
-111
103
291
491
716
953
1143
1254
1301
1314
1299
1284
1263
1181
1003
764
524
307
108
-77
-258
-472
-708
-908
-993
-986
-941
-909
-897
-896
-882
-794
-610
-368
-154
1
124
243
369
498
661
840
950
951
907
903
901
850
781
728
665
545
408
321
258
145
-6
-126
-207
-298
-405
-479
-528
-583
-644
-668
-649
-637
-646
-661
-649
-607
-568
-525
-474
-425
-384
-345
-274
-168
-50
50
112
170
234
302
381
489
583
596
534
476
448
412
365
309
222
68
-124
-283
-390
-480
-581
-675
-765
-853
-921
-934
-887
-812
-716
-603
-477
-354
-223
-80
96
294
487
647
772
863
917
959
1001
1040
1029
964
875
771
642
495
358
228
68
-121
-272
-369
-445
-548
-644
-705
-757
-794
-772
-676
-584
-543
-519
-457
-350
-224
-91
40
142
199
243
310
397
465
505
530
546
559
576
589
573
536
496
470
453
426
393
347
278
191
120
69
20
-48
-113
-171
-247
-334
-391
-414
-441
-476
-506
-508
-495
-481
-450
-396
-344
-291
-221
-122
-14
71
155
255
337
381
413
443
460
445
416
371
295
196
98
18
-68
-173
-303
-428
-545
-650
-726
-754
-754
-744
-727
-685
-612
-513
-398
-289
-188
-92
12
113
208
304
395
450
456
446
462
490
488
449
393
320
227
141
83
48
3
-66
-153
-229
-280
-300
-280
-234
-209
-223
-242
-235
-189
-132
-68
-20
-7
-18
-23
6
56
89
101
111
121
144
198
265
316
331
340
380
429
469
507
540
546
521
488
465
458
435
393
341
275
196
105
27
-32
-97
-164
-227
-290
-338
-372
-391
-394
-391
-379
-365
-341
-289
-222
-146
-85
-31
20
63
86
107
153
199
193
146
107
74
27
-29
-71
-111
-186
-285
-352
-391
-417
-455
-482
-478
-471
-475
-457
-399
-347
-311
-270
-218
-156
-112
-79
-34
4
26
46
74
95
93
80
69
61
37
30
49
59
61
67
80
95
121
155
188
210
219
237
261
274
277
278
271
251
218
202
202
175
130
89
58
36
18
6
5
-12
-29
-28
-2
34
60
71
86
111
