3081
3178
3359
3572
3638
3611
3653
3657
3378
2960
2566
2047
1321
638
218
-85
-552
-1060
-1379
-1708
-2261
-2800
-3000
-2904
-2796
-2594
-2013
-1228
-642
-235
230
735
1143
1582
2238
2972
3555
3857
3983
3938
3581
3061
2533
1973
1396
830
269
-358
-1161
-2079
-2939
-3680
-4213
-4414
-4356
-4134
-3817
-3454
-2981
-2481
-1983
-1334
-590
188
1048
1890
2591
3091
3352
3439
3417
3295
3172
3067
2781
2334
1857
1370
857
250
-329
-741
-1047
-1321
-1514
-1609
-1637
-1689
-1759
-1630
-1236
-867
-627
-377
-127
49
96
81
91
-36
-287
-427
-579
-965
-1411
-1685
-1957
-2517
-3128
-3422
-3740
-4648
-5777
-6293
-6261
-6420
-6719
-6302
-5215
-4391
-4041
-3349
-2012
-820
-102
929
2712
4528
5725
6647
7611
8147
8053
7850
7875
7811
7438
7065
6756
6042
4865
3671
2469
958
-595
-1529
-1873
-2310
-2959
-3327
-3409
-3789
-4391
-4424
-3797
-3104
-2472
-1442
36
1294
1981
2502
3098
3557
3824
4202
4807
5239
5215
4883
4317
3399
2256
1184
220
-849
-1899
-2614
-3131
-3853
-4792
-5542
-6003
-6388
-6561
-6181
-5371
-4546
-3814
-2901
-1790
-823
-52
755
1649
2485
3162
3769
4258
4358
4061
3622
3176
2624
1924
1289
838
352
-313
-894
-1229
-1579
-2069
-2374
-2254
-1884
-1607
-1379
-949
-428
-78
217
663
1228
1678
1837
1898
1920
1621
998
271
-413
-1023
-1579
-2004
-2354
-2906
-3518
-4057
-5092
-6837
-8563
-9272
-9021
-8717
-8349
-7109
-5275
-4004
-3401
-2456
-857
561
1581
3133
5562
7917
9344
10014
10301
10011
9076
8047
7320
6787
6240
5602
4732
3425
1816
139
-1734
-3752
-5204
-5486
-5017
-4627
-4353
-3772
-3163
-3056
-3021
-2173
-486
1200
2585
4151
5930
7130
7341
7057
6765
6448
6047
5765
5638
5321
4438
2997
1219
-653
-2324
-3652
-4714
-5536
-5899
-5913
-6051
-6492
-6864
-6856
-6661
-6267
-5322
-3745
-2208
-1212
-551
105
645
873
1186
1884
2675
3201
3508
3618
3268
2306
1056
-27
-810
-1314
-1541
-1660
-1938
-2358
-2683
-2798
-2722
-2435
-1744
-629
663
1772
2660
3351
3776
3835
3679
3660
3788
3860
3704
3326
2696
1834
900
143
-554
-1485
-2534
-3440
-4079
-4736
-5529
-6097
-6259
-6373
-6590
-6478
-5782
-5213
-5791
-7074
-7668
-7029
-5900
-4973
-3769
-1835
29
990
1540
2549
3835
4437
4577
5457
7216
8707
9018
8350
7288
6032
4655
3480
2720
2314
2031
1544
686
-319
-1113
-1804
-2857
-3919
-3850
-2446
-793
208
817
1537
2005
1898
2007
3101
4654
5594
5820
6150
6697
6606
5518
4032
2855
2095
1437
844
393
-219
-1339
-2902
-4408
-5294
-5527
-5561
-5590
-5329
-4582
-3723
-3268
-3114
-2811
-2300
-1745
-978
233
1508
2094
1839
1217
581
-17
-474
-591
-481
-436
-516
-696
-1177
-2024
-2934
-3597
-3871
-3621
-2736
-1513
-649
-372
-197
232
810
1466
2282
3255
4109
4702
5112
5246
4925
4178
3310
2565
2041
1612
1082
413
-365
-1228
-2060
-2675
-2961
-3074
-3370
-3778
-3900
-3737
-3641
-3747
-3828
-3741
-3751
-3902
-3537
-2495
-1976
-3258
-5817
-7535
-7334
-6501
-6285
-5943
-4461
-2549
-1568
-1257
-368
1045
1757
1922
3030
5469
7858
8821
8538
7906
7222
6312
5363
4686
4390
4287
3964
3166
2134
1244
327
-1144
-2905
-3554
-2553
-1044
-277
-50
425
932
783
539
1302
2845
4016
4443
5003
6045
6563
5861
4495
3335
2677
2187
1724
1462
1178
361
-1121
-2772
-3894
-4376
-4760
-5232
-5329
-4671
-3670
-3068
-2866
-2592
-2162
-1875
-1560
-714
518
1084
564
-235
-504
-455
-582
-657
-384
-188
-452
-795
-949
-1267
-2075
-2892
-3115
-2804
-2326
-1771
-1338
-1327
-1547
-1419
-694
265
1142
1986
2882
3553
3846
3938
3976
3808
3248
2507
1999
1751
1298
560
-126
-588
-1055
-1608
-1987
-2025
-2032
-2300
-2675
-2952
-3108
-3189
-3211
-3166
-3117
-3212
-3305
-2923
-2118
-2209
-4182
-6829
-7838
-6992
-6299
-6356
-5478
-3090
-1138
-854
-749
627
2143
2385
2500
4251
7027
8790
8935
8399
7755
6709
5310
4221
3753
3647
3508
2993
1936
699
-277
-1237
-2678
-3977
-3755
-2040
-507
-51
237
990
1362
890
814
2194
4050
4921
5078
5678
6513
6302
4900
3489
2713
2063
1251
760
702
326
-871
-2426
-3665
-4416
-4791
-4843
-4599
-3996
-2950
-1787
-1137
-1095
-1101
-882
-721
-569
83
917
824
-398
-1650
-2089
-2225
-2657
-2954
-2656
-2271
-2358
-2543
-2354
-2155
-2445
-2773
-2276
-1072
-2
593
921
1102
1114
1242
1901
2847
3474
3727
3824
3856
3663
3134
2495
1805
938
145
-285
-341
-270
-560
-1177
-1638
-1787
-1796
-1958
-2321
-2503
-2484
-2599
-2701
-2518
-2170
-2220
-2995
-3786
-3570
-2478
-1970
-3449
-6283
-8142
-8014
-7276
-7187
-6894
-5070
-2597
-1364
-1059
64
2079
3251
3148
3726
6167
8909
10028
9473
8437
7437
6181
4762
3766
3363
3127
2511
1302
35
-768
-1447
-2744
-4462
-5132
-3881
-1873
-648
-98
710
1668
1933
1848
2759
4702
6171
6403
6421
7104
7606
6825
5139
3669
2697
1720
673
50
-214
-872
-2357
-4091
-5204
-5492
-5441
-5429
-5179
-4271
-2860
-1607
-976
-711
-339
25
132
300
873
1429
1054
-312
-1587
-2122
-2389
-2823
-3140
-2882
-2399
-2280
-2290
-1977
-1642
-1789
-2074
-1623
-431
599
1083
1305
1418
1383
1385
1782
2458
2999
3243
3249
3128
2879
2467
1787
814
-312
-1151
-1345
-1083
-922
-1254
-1822
-2238
-2566
-2983
-3291
-3145
-2677
-2326
-2145
-1898
-1638
-1831
-2653
-3490
-3506
-2542
-1676
-2519
-5097
-7437
-7997
-7590
-7692
-7684
-6007
-3277
-1553
-1005
52
1996
3221
3147
3504
5591
8296
9765
9637
8809
7801
6393
4657
3255
2663
2575
2211
1281
263
-387
-936
-2043
-3607
-4378
-3428
-1468
75
927
1924
3164
3703
3465
3726
5057
6328
6493
6274
6746
7369
6771
4894
3027
1831
835
-295
-1096
-1347
-1648
-2589
-3957
-5024
-5412
-5390
-5294
-5032
-4127
-2488
-881
-50
246
586
841
637
278
322
414
-166
-1206
-1896
-2133
-2526
-3123
-3411
-3300
-3165
-3049
-2671
-2189
-2059
-2323
-2382
-1934
-1218
-511
96
581
892
1218
1860
2645
3045
3066
3070
3160
3087
2702
2321
1969
1222
121
-824
-1293
-1477
-1721
-2015
-2166
-2213
-2190
-2063
-2028
-2126
-2310
-2445
-2378
-2107
-1633
-1142
-1211
-1801
-1931
-1131
-590
-2217
-5644
-8129
-8276
-7581
-7508
-7151
-5201
-2771
-1829
-1920
-1091
804
2168
2588
3628
6170
8852
10060
9639
8534
7385
6172
4926
3988
3674
3782
3507
2273
593
-543
-1118
-2112
-3724
-4502
-3356
-1354
-156
300
1184
2418
2808
2460
2918
4643
6181
6451
6260
6626
6977
6158
4285
2475
1300
443
-376
-993
-1319
-1722
-2650
-4034
-5225
-5605
-5245
-4714
-4180
-3187
-1625
-315
57
-44
190
539
304
-242
-114
577
695
-158
-1217
-1785
-2236
-2917
-3327
-3023
-2471
-2316
-2404
-2287
-2093
-2228
-2536
-2493
-1942
-1142
-283
580
1318
1782
2029
2295
2688
3126
3545
3919
4007
3604
2851
1963
948
-253
-1347
-1834
-1904
-2064
-2141
-1837
-1558
-2121
-3613
-4840
-4865
-4189
-3505
-2920
-2217
-1431
-1203
-1600
-1730
-1298
-1393
-3308
-6368
-8011
-7309
-6158
-6096
-6135
-4745
-2728
-1985
-2123
-1200
947
2681
3447
4669
7133
9467
10149
9268
7924
6801
5878
5089
4536
4255
4087
3488
1983
155
-1004
-1467
-2285
-3748
-4345
-3051
-1081
-84
18
551
1685
2230
2227
3074
4988
6522
6647
6276
6657
7132
6408
4698
3107
2105
1302
396
-297
-716
-1329
-2451
-3920
-5194
-5662
-5405
-5000
-4620
-4041
-3010
-1770
-1011
-715
-227
660
1457
1468
682
-257
-1186
-2311
-3266
-3486
-2854
-2099
-1882
-1736
-1282
-1058
-1434
-1929
-1749
-925
-249
232
791
1096
773
87
-236
107
693
1313
1983
2499
2715
2650
2336
1765
1049
438
79
-125
-198
-288
-701
-1527
-2393
-2816
-2934
-3245
-3766
-4061
-3859
-3393
-3028
-2669
-2243
-2182
-2627
-2877
-2395
-2179
-3784
-6633
-8326
-8007
-7227
-7059
-6369
-4178
-1898
-1135
-1018
195
2224
3367
3547
4536
7035
9585
10579
10009
8866
7598
6096
4554
3546
3470
3855
3611
2354
840
-141
-855
-2246
-4159
-5044
-4032
-2134
-800
-3
1148
2324
2341
1621
2046
4035
5791
6113
6075
6838
7593
7012
5418
4056
3135
1956
572
-143
-99
-306
-1564
-3392
-4824
-5631
-6060
-6213
-5997
-5231
-4096
-3101
-2439
-1786
-804
56
-233
-1251
-1495
-839
-389
-648
-669
133
635
94
-372
-87
197
-277
-1067
-928
-123
73
-418
-888
-1035
-1268
-1970
-2350
-1631
-533
162
583
1223
2171
2731
2673
2440
2224
1969
1703
1476
1268
823
100
-699
-1434
-1893
-2157
-2496
-3162
-4032
-4557
-4436
-4188
-4162
-4115
-3855
-3641
-3774
-3654
-3114
-3538
-5696
-8055
-8478
-7285
-6629
-6637
-5243
-2353
-357
-307
-350
1310
3429
4023
4032
5629
8501
10397
10245
9349
8724
7646
5750
3918
3182
3540
3899
3312
2009
911
357
-492
-2333
-4100
-4203
-2833
-1612
-1183
-381
1396
2585
1997
1015
1685
3637
4810
4949
5626
7104
7728
6633
5154
4604
4174
2686
846
18
152
-26
-1153
-2629
-3861
-4936
-5900
-6515
-6429
-5615
-4745
-4247
-3803
-2982
-1879
-1357
-1778
-2126
-1587
-468
498
1121
1862
2541
2424
1603
938
894
933
445
-271
-567
-575
-849
-1580
-2416
-2973
-3417
-3806
-3608
-2538
-1159
-287
42
458
1173
1801
2066
2073
2089
2130
2036
1925
1982
2027
1607
548
-595
-1232
-1556
-2136
-3111
-4085
-4557
-4624
-4716
-4864
-4844
-4608
-4283
-4050
-4280
-5450
-7356
-8789
-8852
-8050
-7215
-6069
-3990
-1524
0
281
554
1752
3187
4014
4778
6489
8884
10459
10435
9625
8805
7733
6046
4239
3368
3644
3953
3334
2186
1410
968
-184
-2276
-4006
-4196
-3267
-2512
-2069
-964
811
1784
1242
597
1370
2949
3773
3926
4786
6504
7538
6950
5772
5179
4756
3568
1942
1074
1224
1201
139
-1335
-2371
-3094
-4121
-5382
-6054
-5838
-5488
-5550
-5563
-4802
-3517
-2959
-3473
-3918
-3359
-2147
-1110
-231
1132
2713
3455
3105
2535
2492
2563
1932
896
432
635
665
-16
-942
-1613
-2342
-3353
-4019
-3697
-2603
-1586
-1102
-780
-242
337
582
440
332
523
858
1207
1551
1902
2011
1534
593
-395
-1149
-1759
-2409
-3001
-3182
-3060
-3143
-3593
-4184
-4488
-4443
-4609
-5566
-7257
-8749
-9081
-8543
-8034
-7506
-6188
-4003
-2095
-1255
-679
676
2408
3481
4006
5210
7504
9632
10457
10292
10000
9681
8690
6993
5598
5280
5553
5252
4071
2874
2237
1402
-506
-2893
-4251
-4176
-3802
-3872
-3571
-2151
-590
-345
-1124
-1229
-22
1309
1868
2496
4112
6007
6777
6388
6127
6492
6462
5320
3882
3295
3449
3129
1861
423
-582
-1545
-3008
-4614
-5465
-5575
-5888
-6665
-7082
-6489
-5583
-5521
-6182
-6406
-5643
-4446
-3359
-2051
-102
1878
2967
3213
3480
4135
4490
4000
3232
3019
3272
3184
2408
1462
644
-452
-1943
-3172
-3370
-2745
-2241
-2156
-1997
-1441
-812
-719
-1128
-1396
-1242
-841
-376
206
1071
1769
1604
679
-292
-861
-1343
-2126
-2802
-2742
-2207
-2024
-2549
-3262
-3523
-3564
-4208
-5748
-7456
-8338
-8232
-7892
-7780
-7354
-6034
-4332
-3276
-2959
-2378
-911
704
1693
2567
4283
6723
8646
9305
9364
9559
9559
8799
7600
6977
7275
7603
7153
6183
5406
4888
3846
1877
-268
-1567
-2022
-2513
-3310
-3561
-2770
-1884
-2089
-2987
-3178
-2355
-1535
-1257
-665
996
2932
3937
4130
4539
5392
5769
5179
4492
4620
5162
5097
4238
3277
2608
1802
529
-811
-1696
-2227
-2925
-3934
-4825
-5357
-5969
-7088
-8370
-8993
-8587
-7550
-6364
-4964
-3182
-1375
-130
532
1270
2426
3446
3798
3873
4335
5010
5175
4631
3871
3131
2110
800
-229
-547
-421
-454
-786
-1037
-1092
-1311
-1902
-2612
-3045
-3092
-2956
-2690
-2178
-1455
-797
-627
-1060
-1629
-1948
-2114
-2306
-2369
-1954
-1301
-1063
-1353
-1654
-1663
-1824
-2884
-4763
-6476
-7287
-7333
-7282
-7248
-6669
-5470
-4438
-4105
-4079
-3505
-2275
-1137
-266
973
3017
5348
6913
7551
7971
8443
8551
8068
7545
7732
8422
8755
8415
7826
7465
7035
5824
3893
2120
1096
449
-404
-1207
-1320
-933
-934
-1710
-2648
-2986
-2928
-3086
-3256
-2763
-1443
-87
664
1137
1888
2779
3161
2945
2845
3317
3980
4199
3959
3782
3809
3576
2752
1651
718
-80
-1154
-2530
-3742
-4524
-5101
-5790
-6450
-6677
-6399
-6006
-5747
-5370
-4605
-3606
-2757
-2116
-1300
-221
713
1202
1420
1719
2096
2262
2195
2149
2214
2221
2011
1677
1467
1376
1162
731
236
-114
-360
-698
-1117
-1395
-1431
-1362
-1354
-1399
-1336
-1180
-1182
-1497
-1959
-2283
-2436
-2609
-2740
-2548
-2049
-1722
-1829
-2029
-1885
-1539
-1695
-2750
-4323
-5621
-6255
-6493
-6646
-6519
-5769
-4649
-3891
-3690
-3407
-2563
-1551
-938
-465
641
2459
4236
5399
6185
6996
7625
7666
7295
7131
7456
7882
7947
7775
7747
7765
7267
6013
4486
3252
2296
1319
390
-75
32
152
-318
-1199
-1863
-2137
-2436
-2923
-3109
-2620
-1796
-1163
-719
-74
819
1500
1703
1745
2016
2481
2818
2905
2936
3080
3276
3324
3066
2561
1975
1345
500
-756
-2368
-3887
-5070
-5960
-6533
-6619
-6095
-5364
-4854
-4472
-3936
-3297
-2706
-2086
-1233
-177
823
1575
2053
2317
2399
2218
1731
1127
733
707
862
947
994
1113
1133
798
147
-510
-985
-1371
-1687
-1732
-1375
-814
-454
-490
-785
-1202
-1728
-2331
-2866
-3130
-3066
-2757
-2308
-1882
-1659
-1727
-1986
-2276
-2750
-3791
-5313
-6605
-7068
-6924
-6777
-6580
-5805
-4558
-3675
-3578
-3585
-2870
-1679
-741
-6
1287
3348
5310
6363
6807
7325
7861
7821
7191
6806
7222
7912
8068
7726
7526
7580
7123
5669
3840
2540
1838
1060
38
-494
-130
388
112
-854
-1556
-1649
-1830
-2428
-2724
-2061
-879
-111
193
735
1616
2165
1958
1500
1557
2104
2564
2725
2927
3452
3909
3739
2990
2079
1160
-9
-1525
-2899
-3596
-3746
-3859
-4133
-4313
-4240
-4220
-4488
-4698
-4411
-3753
-3115
-2586
-1894
-928
-71
377
533
654
841
937
905
971
1199
1382
1304
1038
851
700
376
-135
-614
-913
-1095
-1307
-1502
-1489
-1319
-1183
-1185
-1140
-947
-794
-874
-1136
-1406
-1626
-1833
-2000
-2008
-1836
-1665
-1706
-1969
-2217
-2283
-2553
-3572
-5219
-6687
-7372
-7561
-7755
-7722
-6894
-5499
-4422
-3974
-3446
-2268
-919
-55
655
2027
4097
5995
7116
7852
8673
9286
9114
8268
7596
7605
7784
7468
6811
6464
6504
6085
4652
2824
1492
654
-382
-1664
-2308
-1892
-1261
-1364
-1982
-2237
-2013
-2042
-2499
-2555
-1653
-343
558
1133
2015
3168
3826
3613
3107
3042
3325
3407
3225
3242
3622
3810
3271
2215
1178
172
-1245
-3071
-4585
-5216
-5265
-5318
-5403
-5156
-4625
-4356
-4521
-4546
-3936
-2944
-2130
-1489
-552
734
1755
2061
1929
1871
1911
1737
1439
1456
1850
2118
1860
1285
829
492
-46
-866
-1618
-1971
-2036
-2090
-2125
-1964
-1623
-1413
-1499
-1598
-1472
-1295
-1350
-1666
-1967
-2075
-2098
-2083
-1947
-1742
-1659
-1808
-2001
-2135
-2716
-4233
-6237
-7657
-8067
-8079
-8158
-7725
-6414
-4942
-4258
-4164
-3535
-2132
-804
44
1181
3293
5872
7768
8639
9167
9763
9934
9261
8283
7914
8190
8221
7524
6660
6178
5622
4160
1929
34
-936
-1589
-2531
-3253
-3036
-2324
-2232
-2875
-3157
-2525
-1783
-1628
-1439
-281
1575
2987
3615
4225
5154
5725
5380
4642
4417
4737
4865
4488
3991
3722
3449
2644
1263
-179
-1372
-2576
-4204
-6105
-7536
-8105
-8164
-8081
-7722
-6843
-5721
-4894
-4237
-3247
-1888
-592
473
1641
3063
4266
4821
4841
4615
4217
3537
2766
2273
2063
1794
1262
584
-49
-705
-1585
-2631
-3540
-4078
-4247
-4099
-3590
-2821
-2185
-1998
-2155
-2278
-2178
-1928
-1586
-1120
-590
-174
41
95
-80
-679
-1609
-2423
-2930
-3663
-5205
-7119
-8339
-8605
-8720
-9112
-9029
-7831
-6260
-5431
-5075
-3945
-1820
93
1125
2234
4447
7123
8781
9218
9602
10500
11001
10310
9151
8743
8943
8500
7037
5623
5053
4504
2789
287
-1504
-2153
-2785
-4068
-5020
-4645
-3706
-3665
-4280
-4018
-2537
-1123
-604
7
1770
3981
5223
5552
6196
7399
8030
7488
6687
6555
6583
5778
4335
3259
2735
1886
240
-1552
-2819
-3883
-5451
-7322
-8529
-8724
-8503
-8359
-7933
-6717
-5099
-3925
-3239
-2357
-985
407
1338
2185
3471
4840
5479
5240
4750
4441
3892
2795
1745
1331
1193
532
-613
-1442
-1738
-2232
-3300
-4307
-4556
-4303
-4190
-4114
-3463
-2286
-1361
-1058
-855
-360
45
-96
-551
-716
-498
-400
-598
-751
-721
-885
-1544
-2381
-2875
-3357
-4820
-7277
-9392
-10020
-9732
-9682
-9603
-8427
-6419
-5058
-4755
-4132
-2219
7
1374
2537
4829
7975
10257
10897
10920
11245
11317
10332
8892
8276
8517
8318
6980
5342
4343
3475
1637
-1047
-3173
-3968
-4265
-4907
-5375
-4702
-3420
-2994
-3573
-3674
-2428
-841
36
797
2651
5191
6876
7306
7595
8304
8557
7650
6447
6126
6266
5636
4114
2731
1813
629
-1264
-3184
-4426
-5441
-6907
-8556
-9453
-9340
-8889
-8517
-7789
-6189
-4313
-2906
-1827
-539
1119
2455
3180
3849
4961
6066
6377
5826
5178
4730
3954
2665
1378
702
305
-486
-1566
-2287
-2500
-2839
-3757
-4664
-4907
-4655
-4414
-4053
-3069
-1616
-393
275
743
1227
1388
829
-124
-753
-900
-892
-860
-751
-670
-983
-1753
-2513
-3317
-4966
-7650
-10230
-11312
-10990
-10508
-10056
-8772
-6703
-5186
-4913
-4598
-2826
-310
1448
2753
5108
8600
11356
12150
11912
11852
11624
10374
8580
7653
7815
7637
6092
4020
2639
1723
-96
-2998
-5250
-5769
-5489
-5684
-5885
-4899
-3221
-2610
-3255
-3214
-1287
1142
2467
3365
5332
7929
9248
8880
8502
8965
9032
7734
6224
5940
6260
5323
2980
847
-383
-1689
-3775
-5721
-6400
-6426
-7286
-8922
-9850
-9435
-8738
-8571
-8045
-6005
-3043
-674
777
2251
4107
5426
5731
5803
6520
7407
7308
6154
4849
3838
2552
602
-1279
-2257
-2660
-3331
-4274
-4752
-4492
-4420
-5093
-5660
-5169
-3885
-2789
-2068
-904
775
2051
2447
2565
2868
2944
2256
1165
648
700
565
-147
-1050
-1855
-2781
-3875
-4667
-5276
-6616
-9045
-11452
-12343
-11913
-11432
-11056
-9757
-7433
-5432
-4382
-3069
-516
2250
3890
5040
7290
10478
12742
13205
12865
12648
12118
10597
8710
7593
7085
5911
3582
1179
-200
-1101
-2895
-5484
-7265
-7342
-6743
-6664
-6488
-5112
-3185
-2287
-2305
-1331
1380
4129
5477
6335
8108
10242
10959
10169
9491
9441
8809
7003
5235
4598
4134
2325
-488
-2748
-3977
-5128
-6770
-8080
-8371
-8233
-8582
-9309
-9428
-8569
-7411
-6407
-4974
-2531
425
2707
4029
5159
6371
7078
6998
6750
6973
7172
6360
4643
2898
1463
-191
-2278
-3954
-4522
-4523
-4814
-5261
-5180
-4661
-4470
-4583
-4142
-2886
-1476
-413
608
1977
3312
4034
4123
3847
3353
2545
1416
363
-314
-678
-1012
-1696
-2698
-3720
-4559
-5177
-6068
-7931
-10473
-12444
-12848
-12139
-11517
-10873
-9217
-6808
-4989
-4077
-2745
-159
2499
4153
5781
8589
11742
13357
13100
12421
11996
11023
9144
7405
6747
6415
4999
2453
64
-1404
-2670
-4692
-6970
-8059
-7507
-6343
-5525
-4652
-3050
-1366
-651
-405
944
3698
6258
7574
8604
10209
11428
11068
9673
8695
8133
6803
4748
3255
2750
2050
75
-2434
-4210
-5361
-6674
-8130
-8861
-8610
-8319
-8583
-8663
-7715
-6019
-4464
-3099
-1187
1283
3449
4793
5721
6563
7050
6874
6344
5973
5616
4753
3246
1448
-265
-1818
-3285
-4442
-5000
-4981
-4757
-4655
-4586
-4254
-3798
-3513
-3233
-2422
-1111
225
1409
2536
3644
4345
4398
4135
3893
3467
2631
1393
27
-1186
-2185
-3026
-3906
-4992
-6052
-6715
-6946
-7330
-8737
-10988
-12664
-12741
-11655
-10471
-9158
-6870
-3982
-1950
-1000
268
2672
5033
6261
7428
9792
12447
13512
12743
11539
10501
8819
6377
4354
3517
3038
1639
-567
-2429
-3593
-4709
-6275
-7681
-7849
-6755
-5245
-3795
-2131
-52
1690
2373
2779
4196
6567
8529
9336
9868
10815
11290
10309
8378
6725
5501
3811
1725
287
-376
-1284
-3149
-5287
-6678
-7434
-8014
-8212
-7658
-6624
-5715
-4987
-4035
-2983
-2234
-1669
-737
815
2605
4190
5466
6242
6159
5400
4546
3922
3377
2645
1882
1147
155
-1170
-2552
-3665
-4474
-4965
-4913
-4192
-3168
-2322
-1691
-1216
-755
-347
25
667
1735
2920
3685
3860
3706
3519
3000
2032
907
-278
-1517
-2867
-4000
-4539
-4809
-5357
-6224
-6993
-7194
-7288
-8464
-10671
-12366
-12190
-10620
-9292
-8136
-5870
-2844
-866
-363
494
2943
5448
6483
7320
9512
12117
12864
11575
10230
9389
7803
5232
3214
2733
2589
1120
-1267
-2946
-3715
-4567
-5946
-6904
-6458
-5097
-3766
-2583
-1052
771
2102
2620
3239
4865
7076
8710
9344
9785
10430
10403
9014
7024
5625
4648
3145
1319
157
-470
-1687
-3796
-5661
-6391
-6660
-7048
-7002
-6013
-4631
-3834
-3656
-3388
-2775
-2031
-1098
340
2256
3982
4876
4998
4765
4343
3637
2774
2122
1800
1452
834
-22
-1134
-2497
-3863
-4779
-4888
-4220
-3151
-2158
-1503
-1061
-657
-257
199
885
1678
2360
2965
3637
4152
3936
2973
1906
1011
149
-559
-1010
-1418
-2280
-3634
-4753
-5309
-5841
-6659
-7334
-7226
-6734
-7372
-9555
-11584
-11770
-10523
-9550
-8930
-6870
-3343
-685
78
719
2866
5241
6011
6369
8435
11353
12526
11427
10027
9291
7858
5152
2763
1941
1850
887
-958
-2422
-3135
-3875
-5148
-6288
-6192
-4814
-3137
-1789
-501
1140
2672
3320
3502
4470
6461
8214
8773
8898
9569
9933
8727
6477
4866
4094
2817
872
-453
-893
-1780
-3648
-5318
-5857
-5938
-6245
-6141
-5092
-3867
-3277
-2983
-2410
-1893
-1794
-1395
14
1839
3072
3640
3984
3999
3281
2228
1663
1569
1271
680
235
-65
-790
-2097
-3283
-3872
-3983
-3625
-2620
-1221
-247
-75
-125
174
642
1052
1576
2329
3008
3365
3556
3555
2940
1737
623
89
-85
-476
-1049
-1737
-2746
-4001
-5081
-5603
-5931
-6556
-7080
-6658
-6003
-6862
-9390
-11409
-10957
-9443
-8817
-8038
-5091
-1144
727
560
1284
3860
5663
5637
6124
8553
10929
10836
9200
8033
6955
4646
1879
487
527
447
-576
-1810
-2552
-2988
-3460
-3894
-3920
-3060
-1244
854
2435
3545
4731
5735
5852
5453
5967
7454
8211
7498
6576
6285
5459
3147
659
-441
-872
-1934
-3036
-2999
-2495
-3090
-4465
-4897
-4093
-3257
-2724
-1601
296
1723
1865
1405
1172
1017
644
506
1105
1868
1872
1144
237
-760
-2066
-3248
-3570
-3238
-2945
-2689
-2152
-1653
-1792
-2218
-2050
-1280
-414
594
2052
3439
3839
3410
3195
3319
3165
2697
2464
2545
2401
1909
1407
865
-140
-1327
-2124
-2402
-2448
-2641
-2889
-3348
-4021
-4492
-4479
-4340
-4585
-4944
-4729
-3728
-3373
-4904
-7639
-9538
-9343
-8404
-7986
-7225
-4941
-2261
-1289
-1538
-725
1499
2919
3124
4230
6951
9147
8817
7199
6125
5182
3413
1589
1243
2026
2236
1317
296
-121
-376
-838
-1266
-1069
17
1641
3261
4325
4897
5248
5231
4793
4495
5016
5908
6017
5246
4679
4495
3548
1654
85
-459
-889
-1843
-2333
-1832
-1445
-2219
-3291
-3343
-2671
-2203
-1813
-790
589
1257
881
238
-200
-734
-1429
-1726
-1365
-876
-868
-1246
-1727
-2476
-3358
-3713
-3296
-2632
-2106
-1485
-604
-71
-292
-625
-431
173
744
1498
2667
3691
3859
3302
2925
2862
2612
2102
1881
2024
1861
1353
894
695
183
-721
-1148
-854
-408
-488
-911
-1456
-2208
-3143
-3785
-3755
-3637
-3781
-3881
-3197
-2041
-2235
-4759
-8240
-10123
-9939
-9248
-8818
-7513
-4809
-2694
-2530
-2899
-1847
65
982
1461
3484
6807
8932
8615
7227
6002
4627
2739
1394
1594
2460
2590
1617
496
-71
-466
-1063
-1691
-1439
76
2180
3845
4702
5224
5450
5104
4424
4514
5695
6675
6554
5826
5388
4840
3281
1132
-296
-715
-1031
-1487
-1420
-881
-1014
-2200
-3348
-3437
-2821
-2213
-1414
-196
956
1307
766
-202
-1242
-2038
-2375
-2154
-1703
-1288
-1096
-1438
-2173
-2952
-3356
-3262
-2810
-2112
-1187
-265
221
213
-28
-128
94
534
1288
2225
2994
3314
3068
2594
2236
2016
1799
1537
1344
1233
1188
1085
881
638
166
-319
-545
-585
-673
-1018
-1369
-1553
-1737
-2192
-2588
-2577
-2623
-3005
-3409
-2979
-2270
-3285
-6397
-9473
-10311
-9668
-9382
-9272
-7747
-4995
-3377
-3289
-2856
-1061
847
1571
2513
5003
7841
8766
7634
6218
5177
4053
2585
1725
1895
2034
1400
129
-859
-1214
-1266
-1309
-1174
-114
1869
3870
4971
5391
5998
6591
6541
6089
6339
7265
7446
6501
5446
5001
4170
2151
41
-1055
-1495
-2199
-2974
-3121
-2972
-3266
-3846
-3844
-3184
-2448
-1728
-649
612
1311
1277
809
86
-806
-1467
-1522
-1347
-1557
-2041
-2330
-2577
-3137
-3708
-3665
-3002
-2344
-1807
-1000
-82
322
111
-38
437
1249
1797
2142
2672
3164
3136
2606
2315
2499
2511
2113
1694
1612
1578
1182
700
490
442
351
210
40
-280
-822
-1365
-1686
-1908
-2183
-2459
-2717
-2958
-3317
-3651
-3697
-3473
-2925
-2879
-4263
-6903
-9146
-9392
-8585
-8361
-8250
-6529
-3743
-2423
-2800
-2471
-447
1154
1423
2483
5354
7743
7254
5353
4517
4356
3183
1360
942
1850
2041
856
-141
118
561
243
-157
609
2502
4292
5340
5930
6581
7142
7098
6622
6378
6739
6984
6380
5355
4622
4043
2602
328
-1428
-2086
-2464
-3216
-3659
-3168
-2515
-2766
-3410
-3215
-2215
-1466
-1152
-382
945
1678
909
-495
-1619
-2364
-3036
-3591
-3387
-2946
-2841
-3108
-3283
-3103
-3073
-3027
-2577
-1501
-249
621
1115
1166
1041
980
1123
1388
1603
1987
2500
2806
2721
2506
2496
2331
1881
1606
1847
2204
1877
1268
1060
1158
1081
674
241
-48
-340
-848
-1106
-1095
-1249
-1789
-2606
-2986
-3121
-3460
-3784
-3718
-3253
-2835
-3073
-4638
-7174
-9228
-9559
-8773
-8180
-7383
-5470
-3287
-2776
-3457
-3029
-1287
157
746
2171
4937
6797
6289
4791
4141
3843
2706
1355
1517
2720
2892
1940
1152
1093
1012
445
464
1622
3362
4881
5830
6320
6436
6293
5886
5439
5376
5781
6202
5961
5143
4208
3083
1436
-488
-1628
-1703
-1596
-1779
-1895
-1632
-1624
-2352
-3069
-2948
-2214
-1616
-1194
-336
633
781
-15
-1031
-1645
-2131
-2623
-2797
-2556
-2344
-2555
-2946
-3243
-3280
-3249
-3130
-2527
-1456
-278
425
770
1070
1159
1039
983
1333
1910
2323
2615
2787
2759
2353
1895
1549
1238
1169
1270
1486
1410
1064
833
627
450
127
-126
-174
-325
-556
-838
-763
-738
-1414
-2282
-2750
-2740
-3016
-3430
-3192
-2693
-2425
-2474
-2682
-3917
-6703
-8940
-8921
-7674
-7476
-7778
-6443
-4313
-3740
-4614
-4110
-1773
-123
289
1545
4486
6638
6171
4911
4623
4662
3738
2654
2844
3528
3422
2558
2003
1901
1583
1221
1281
2128
3353
4492
5245
5293
5116
4989
4951
4785
4740
5228
5643
5347
4458
3799
3326
2159
480
-483
-390
-464
-1165
-1518
-1286
-1475
-2550
-3328
-3032
-2521
-2380
-2107
-1152
-229
-366
-1252
-2124
-2729
-3346
-3774
-3464
-2605
-2047
-2120
-2268
-2153
-2041
-2203
-2124
-1320
-148
731
1188
1437
1366
918
431
436
924
1464
1980
2406
2527
2210
1613
1172
957
926
1215
1719
2128
2079
1657
1192
714
270
-1
150
554
631
352
-28
-353
-872
-1654
-2108
-2094
-2187
-2679
-3069
-3025
-3066
-3609
-3952
-3402
-2995
-4136
-6390
-7880
-7745
-7468
-8156
-8529
-7127
-4942
-4109
-4431
-3824
-1970
-723
-502
507
3025
5139
5363
4966
5399
5896
5183
3788
3249
3724
4176
4045
3725
3659
3637
3206
2432
2057
2578
3461
3795
3729
4216
5125
5224
4243
3480
3785
4286
4065
3784
4248
4583
3605
1875
927
823
319
-746
-1198
-677
-412
-1189
-2270
-2804
-3158
-3903
-4441
-4056
-3126
-2705
-2937
-3266
-3562
-3956
-4313
-4056
-3260
-2388
-1571
-843
-356
-371
-556
-521
-317
-50
425
1142
1512
1313
976
803
618
218
-16
283
812
1075
1047
1015
976
765
563
715
1142
1461
1512
1556
1645
1558
1291
973
788
658
486
376
220
-16
-277
-508
-811
-1200
-1566
-1798
-1887
-2040
-2216
-2354
-2526
-2708
-2873
-2957
-2911
-2904
-2874
-2748
-2593
-2490
-2596
-2861
-3140
-3119
-2810
-2561
-2681
-2901
-2641
-2110
-1855
-1958
-1880
-1508
-1291
-1227
-917
-300
75
70
197
751
1469
2029
2433
2791
3154
3611
4177
4662
4859
4872
4897
4898
4832
4789
4886
4904
4592
4217
4090
4088
3866
3474
3220
3124
2971
2770
2693
2545
2082
1507
1188
1049
724
302
114
56
-258
-814
-1195
-1368
-1626
-1957
-2089
-2014
-2113
-2460
-2696
-2689
-2688
-2883
-3011
-2906
-2797
-2864
-2954
-2801
-2609
-2576
-2523
-2239
-1800
-1535
-1406
-1290
-1176
-1042
-809
-400
-49
152
324
560
758
791
814
959
1129
1214
1301
1512
1651
1486
1171
1025
1062
1015
836
725
708
666
543
505
555
521
319
-35
-362
-522
-565
-742
-1072
-1291
-1262
-1187
-1241
-1293
-1313
-1536
-2182
-3000
-3559
-3868
-4129
-4416
-4560
-4546
-4583
-4705
-4733
-4594
-4417
-4211
-3875
-3317
-2523
-1624
-867
-429
-162
279
969
1706
2458
3276
4012
4448
4621
4842
5140
5198
4970
4806
4935
5167
5257
5201
5032
4684
4254
4079
4241
4423
4390
4201
3985
3745
3436
3121
2781
2345
1913
1653
1598
1550
1299
875
431
63
-257
-523
-740
-992
-1370
-1877
-2375
-2805
-3202
-3521
-3713
-3792
-3791
-3724
-3640
-3674
-3775
-3737
-3482
-3171
-2988
-2835
-2582
-2298
-2125
-2027
-1837
-1561
-1302
-1061
-714
-307
-70
-52
-92
24
268
490
659
843
1068
1235
1293
1290
1352
1444
1457
1457
1591
1865
2014
1869
1593
1396
1235
997
750
607
492
216
