0
1
0
0
1
0
0
0
0
-1
0
0
0
0
-1
0
1
0
0
0
0
0
-1
0
0
0
0
0
0
0
0
-1
0
0
0
0
0
1
1
0
0
0
0
0
0
0
0
0
0
0
0
0
0
0
-1
0
0
0
0
1
0
0
-1
0
0
0
-1
1
1
0
1
1
0
-1
0
-1
0
0
0
0
0
0
0
1
-1
0
0
0
0
1
0
0
0
0
0
0
1
0
1
1
0
0
0
0
0
0
0
0
0
0
-1
0
1
0
0
0
0
0
1
0
0
1
0
0
0
0
-1
-1
0
0
0
1
0
0
0
0
0
-1
-1
0
0
0
0
0
1
0
1
0
0
0
1
0
-1
0
0
0
0
0
0
1
0
-1
-1
0
-1
-1
1
0
0
0
1
-1
0
0
0
0
0
0
0
0
0
0
1
1
0
0
0
0
0
1
0
0
1
0
0
-1
0
-1
-1
0
1
0
0
-1
-1
1
0
-1
0
0
0
0
0
0
0
1
0
0
0
1
0
0
-1
1
0
-1
0
0
0
0
0
0
-1
-1
0
-1
-1
0
-1
0
-1
1
0
0
0
0
-1
1
0
1
0
1
1
0
1
1
0
0
1
0
-1
0
-1
0
0
0
0
-1
0
0
0
0
-1
0
0
-1
1
0
-1
0
0
0
0
-1
0
-1
0
0
0
0
0
-1
1
1
-1
0
0
1
0
0
0
0
0
0
0
-1
0
0
0
0
-1
0
0
0
0
0
-1
0
0
0
-1
0
1
0
0
0
-1
1
1
1
0
-1
1
0
0
-1
1
0
-1
0
0
0
0
0
0
-1
0
0
0
0
-1
0
0
0
-1
0
-1
1
0
0
0
0
1
1
1
0
0
0
0
1
1
0
-1
1
0
-1
0
0
-1
0
0
1
0
-1
0
0
1
0
1
0
0
0
1
1
0
0
0
0
0
0
0
0
0
-1
0
0
0
0
0
1
-1
0
0
0
-1
0
0
0
0
0
0
0
0
0
0
-1
-1
0
0
0
0
-1
-1
-1
-1
0
0
0
0
0
0
0
-1
1
0
-1
-1
1
0
1
0
0
0
-1
0
1
0
0
-1
-1
-1
1
0
0
0
0
1
1
0
0
0
1
1
0
0
0
1
0
1
0
0
0
1
0
0
0
0
1
0
0
0
0
0
0
0
-1
0
0
0
0
0
0
1
1
0
0
0
0
0
1
0
0
0
-1
0
0
0
0
1
0
0
0
-1
0
-1
-1
0
0
-1
0
1
0
0
0
-1
-1
0
0
0
-1
-1
0
0
0
-1
0
0
0
0
-1
-1
-1
-1
0
0
-1
1
1
1
0
0
0
0
0
1
0
0
0
0
1
0
0
-1
0
0
-1
0
-1
1
-1
0
0
1
0
0
0
1
1
1
1
1
1
0
0
1
0
-1
1
0
-1
0
-1
0
0
0
1
-1
0
-1
-1
0
-1
0
-1
0
0
-1
0
-1
-2
1
-1
0
0
-1
0
0
0
1
0
-1
1
0
0
0
-1
0
1
0
0
0
0
0
0
0
0
1
1
0
0
0
0
1
1
0
0
0
0
0
1
1
1
0
1
0
0
0
1
0
1
0
0
0
0
1
0
0
0
0
0
0
0
0
0
0
0
0
-1
0
0
0
-1
1
0
0
0
0
0
-1
0
-1
-1
-1
-1
-1
0
0
0
-1
-1
0
-1
-1
0
0
0
-1
-1
-2
-1
0
-1
-1
1
-1
0
0
0
1
0
0
0
0
-1
1
0
1
0
0
1
1
1
0
0
1
1
1
1
0
0
1
-1
0
0
0
0
0
1
0
1
0
0
0
1
0
0
1
0
0
0
-1
0
0
0
0
0
-1
0
0
0
1
1
0
0
-1
0
0
1
0
0
-1
1
0
0
0
0
0
1
0
0
0
0
0
0
0
0
0
0
1
0
-1
0
-1
0
0
0
0
1
0
0
0
-1
1
0
0
0
0
0
0
0
-1
0
-1
0
0
0
0
0
0
0
1
-1
0
0
0
0
-1
0
0
0
-1
1
0
-2
0
-1
-1
0
0
-1
-1
1
0
0
0
1
0
1
0
0
0
0
1
0
-1
-1
0
0
0
-1
-1
0
0
0
0
0
0
-1
-2
0
0
0
0
0
1
0
2
-1
0
0
0
0
0
0
1
0
1
1
0
1
0
1
1
0
1
0
0
0
0
0
0
0
0
0
1
1
-1
0
1
0
0
1
0
-1
1
0
0
1
0
1
1
0
0
0
0
0
0
0
0
0
1
-1
0
0
0
-1
0
0
0
1
1
0
0
0
0
0
0
0
-1
0
0
0
-1
0
0
-1
-1
0
0
0
0
0
0
0
-1
0
0
0
0
0
-1
0
0
-1
0
-1
0
0
0
-1
1
-1
-1
0
0
0
-1
0
0
0
0
-1
1
-1
0
0
0
0
-1
1
-1
-1
0
0
0
0
0
0
0
1
-1
0
0
0
-1
-1
-1
0
0
0
1
-1
0
0
0
0
0
-1
0
-1
-1
0
0
0
0
0
-1
0
-1
0
1
0
0
0
0
1
0
0
0
1
0
-1
0
1
0
1
1
0
1
1
1
1
1
1
1
0
0
0
-1
1
-1
0
0
0
-1
-1
0
0
-1
-3
-1
-1
-1
-1
-1
0
-2
-2
-2
-1
-1
-2
-3
-2
-1
-1
-2
-1
-1
-1
-1
0
-1
-1
-1
0
0
1
0
1
1
1
1
2
1
2
1
1
1
1
2
2
3
2
2
3
2
3
3
2
2
2
2
3
2
2
3
3
2
2
3
2
3
1
1
2
1
1
1
1
1
0
0
1
0
-1
-1
0
-1
-1
-1
-2
-2
-1
-2
-1
-1
-2
-1
-2
-2
-1
-2
-2
-2
-1
-1
0
-1
-1
0
0
-1
-1
-1
0
-1
-1
0
1
-1
0
-1
0
0
-1
0
-1
0
0
-1
-1
-1
0
-1
-1
0
-1
0
-1
-1
-2
-2
-1
-2
-2
-2
-2
-2
-3
-2
-3
-2
-1
-2
-1
-2
-2
-2
-2
-2
-1
-1
-1
-1
-2
-1
-2
0
-1
0
0
1
0
1
1
0
1
1
2
2
3
3
3
4
4
4
3
4
4
5
4
3
4
4
4
3
4
3
3
3
2
3
2
3
2
2
1
1
1
0
0
0
-1
-2
-1
-1
-1
-2
-4
-4
-4
-5
-5
-4
-4
-4
-5
-6
-5
-5
-6
-5
-5
-5
-5
-5
-5
-5
-4
-4
-5
-4
-3
-3
-2
-3
-2
-2
-1
-1
0
1
1
1
2
2
3
3
3
4
4
5
5
5
5
6
5
6
5
6
6
6
6
6
6
6
6
7
6
7
7
6
6
5
6
5
5
5
5
5
4
5
5
5
4
5
5
4
5
4
4
3
4
3
4
4
4
5
4
5
6
8
9
8
9
9
10
10
10
11
10
10
9
10
9
9
9
9
9
9
8
5
5
4
1
-1
-4
-5
-8
-11
-15
-18
-22
-26
-30
-33
-40
-44
-50
-55
-60
-65
-70
-74
-80
-84
-88
-91
-94
-96
-98
-99
-100
-101
-102
-101
-100
-97
-94
-90
-85
-80
-72
-64
-56
-48
-38
-28
-15
-1
10
23
40
56
72
90
108
125
144
162
179
199
214
229
244
258
270
283
297
307
314
321
326
329
329
328
325
320
314
304
294
281
264
248
227
205
180
153
125
97
63
31
1
-32
-65
-98
-133
-168
-204
-239
-274
-308
-344
-378
-409
-438
-466
-494
-520
-543
-569
-590
-606
-620
-630
-637
-642
-642
-642
-636
-628
-617
-602
-587
-566
-542
-514
-487
-459
-428
-400
-368
-333
-296
-259
-223
-182
-138
-91
-43
5
56
110
165
223
282
339
396
457
517
575
635
693
745
795
842
886
925
962
994
1020
1042
1059
1070
1080
1086
1084
1074
1056
1031
1001
969
931
886
836
781
724
662
594
525
450
374
299
223
146
64
-15
-94
-170
-244
-320
-396
-470
-541
-613
-683
-753
-820
-883
-945
-1002
-1053
-1104
-1150
-1189
-1225
-1252
-1273
-1284
-1289
-1286
-1273
-1249
-1219
-1179
-1134
-1081
-1022
-954
-881
-801
-716
-623
-525
-421
-314
-206
-95
19
133
246
356
464
566
664
756
840
918
991
1059
1117
1173
1217
1253
1282
1298
1309
1307
1297
1276
1239
1195
1143
1081
1012
935
851
756
654
545
428
309
189
67
-55
-180
-302
-423
-540
-655
-772
-881
-985
-1086
-1181
-1267
-1347
-1420
-1487
-1544
-1593
-1633
-1663
-1686
-1696
-1696
-1683
-1664
-1632
-1588
-1540
-1481
-1411
-1335
-1244
-1144
-1034
-914
-789
-653
-507
-356
-198
-32
136
306
476
643
811
977
1136
1295
1450
1595
1734
1865
1987
2099
2199
2286
2362
2424
2471
2507
2525
2528
2514
2484
2439
2378
2297
2203
2095
1972
1841
1699
1544
1382
1209
1028
841
652
462
269
72
-122
-314
-503
-689
-865
-1035
-1202
-1356
-1500
-1631
-1746
-1852
-1950
-2026
-2086
-2127
-2153
-2161
-2153
-2129
-2089
-2035
-1966
-1888
-1800
-1708
-1607
-1496
-1380
-1259
-1133
-1006
-875
-746
-619
-488
-358
-231
-104
21
145
268
383
494
599
698
790
879
958
1027
1083
1129
1164
1188
1198
1194
1178
1144
1098
1037
960
872
772
658
536
398
249
96
-65
-236
-408
-583
-759
-931
-1104
-1271
-1428
-1578
-1722
-1853
-1970
-2069
-2155
-2227
-2280
-2319
-2339
-2335
-2308
-2262
-2187
-2090
-1966
-1815
-1639
-1434
-1209
-964
-705
-434
-149
144
446
748
1048
1344
1637
1926
2205
2471
2721
2955
3171
3371
3549
3698
3820
3915
3980
4015
4024
4003
3951
3867
3755
3617
3461
3285
3086
2861
2617
2358
2080
1790
1488
1178
860
537
210
-113
-433
-750
-1061
-1363
-1656
-1936
-2198
-2443
-2676
-2894
-3092
-3266
-3418
-3550
-3657
-3740
-3796
-3824
-3823
-3798
-3745
-3667
-3566
-3441
-3294
-3123
-2930
-2720
-2493
-2252
-1996
-1729
-1454
-1172
-885
-598
-311
-25
260
536
811
1070
1313
1547
1767
1966
2148
2311
2452
2571
2672
2751
2808
2842
2846
2829
2790
2727
2640
2529
2394
2241
2070
1880
1675
1449
1213
970
721
471
218
-33
-288
-539
-784
-1021
-1251
-1470
-1681
-1883
-2072
-2244
-2401
-2543
-2664
-2779
-2877
-2954
-3010
-3055
-3081
-3094
-3091
-3065
-3013
-2933
-2823
-2693
-2538
-2355
-2144
-1900
-1626
-1329
-1020
-700
-363
-7
359
729
1092
1445
1795
2136
2473
2799
3105
3380
3628
3852
4058
4232
4371
4472
4531
4553
4548
4510
4436
4326
4186
4022
3837
3635
3411
3162
2889
2593
2283
1963
1637
1305
959
606
247
-112
-464
-807
-1143
-1479
-1795
-2099
-2383
-2653
-2908
-3148
-3371
-3571
-3743
-3884
-3997
-4073
-4125
-4145
-4128
-4078
-3996
-3880
-3740
-3575
-3386
-3171
-2937
-2682
-2412
-2137
-1852
-1558
-1256
-953
-656
-365
-73
208
486
756
1016
1261
1488
1696
1890
2070
2226
2365
2484
2580
2658
2716
2751
2764
2754
2722
2663
2579
2474
2342
2196
2034
1853
1659
1446
1218
982
735
481
218
-51
-314
-575
-830
-1080
-1324
-1563
-1795
-2014
-2221
-2409
-2583
-2749
-2901
-3036
-3148
-3239
-3316
-3378
-3429
-3456
-3449
-3406
-3330
-3220
-3082
-2910
-2697
-2440
-2150
-1836
-1493
-1133
-752
-350
72
501
927
1340
1747
2148
2539
2913
3258
3576
3862
4123
4359
4565
4729
4854
4929
4964
4967
4941
4884
4784
4641
4464
4266
4043
3807
3545
3260
2954
2636
2317
1999
1674
1331
976
613
255
-92
-428
-765
-1107
-1449
-1780
-2088
-2375
-2650
-2925
-3195
-3450
-3679
-3874
-4040
-4188
-4319
-4425
-4487
-4494
-4456
-4379
-4282
-4161
-4006
-3803
-3555
-3277
-2989
-2698
-2398
-2076
-1728
-1372
-1020
-684
-370
-54
269
584
881
1151
1393
1608
1813
2007
2183
2330
2439
2523
2589
2638
2673
2689
2673
2628
2551
2462
2365
2249
2115
1960
1782
1594
1392
1183
971
750
518
274
23
-221
-453
-678
-892
-1109
-1332
-1547
-1744
-1923
-2090
-2252
-2417
-2579
-2730
-2862
-2970
-3069
-3164
-3255
-3324
-3352
-3333
-3273
-3188
-3079
-2941
-2753
-2501
-2202
-1878
-1549
-1207
-834
-423
22
479
926
1355
1772
2190
2613
3022
3402
3740
4040
4315
4576
4816
5007
5130
5196
5218
5208
5180
5107
4986
4814
4601
4367
4126
3871
3581
3247
2885
2514
2142
1781
1415
1029
623
217
-174
-543
-901
-1257
-1620
-1975
-2312
-2620
-2899
-3159
-3416
-3667
-3896
-4094
-4251
-4377
-4481
-4574
-4637
-4656
-4624
-4544
-4435
-4301
-4140
-3948
-3715
-3443
-3143
-2830
-2512
-2184
-1833
-1461
-1083
-706
-336
23
381
743
1087
1414
1709
1970
2204
2415
2601
2760
2887
2976
3034
3068
3080
3065
3020
2956
2873
2766
2634
2483
2311
2129
1931
1726
1510
1285
1052
817
585
354
121
-117
-350
-570
-776
-974
-1174
-1389
-1605
-1806
-1991
-2173
-2364
-2576
-2804
-3022
-3210
-3378
-3542
-3715
-3891
-4030
-4100
-4100
-4056
-3977
-3870
-3715
-3481
-3158
-2775
-2368
-1953
-1519
-1025
-472
121
703
1231
1718
2195
2687
3187
3651
4031
4333
4592
4841
5089
5308
5450
5494
5468
5424
5381
5328
5228
5048
4809
4554
4311
4079
3829
3527
3168
2788
2426
2096
1774
1425
1030
611
202
-167
-498
-827
-1175
-1547
-1912
-2238
-2515
-2768
-3025
-3297
-3571
-3819
-4016
-4168
-4300
-4431
-4556
-4651
-4687
-4654
-4571
-4468
-4355
-4229
-4062
-3835
-3549
-3237
-2922
-2612
-2290
-1932
-1536
-1130
-741
-380
-43
295
648
1005
1344
1638
1885
2102
2313
2516
2701
2850
2943
2994
3019
3049
3068
3059
3002
2898
2763
2615
2467
2310
2119
1893
1642
1382
1138
912
694
461
214
-37
-279
-486
-665
-846
-1050
-1266
-1468
-1641
-1789
-1937
-2108
-2316
-2537
-2743
-2923
-3090
-3285
-3514
-3754
-3954
-4079
-4124
-4117
-4099
-4068
-3979
-3773
-3451
-3060
-2655
-2250
-1806
-1278
-656
22
679
1258
1773
2290
2840
3394
3887
4260
4521
4734
4954
5193
5386
5461
5403
5269
5140
5053
4993
4888
4702
4455
4212
4038
3902
3746
3516
3204
2864
2560
2328
2115
1839
1485
1078
685
350
37
-308
-715
-1180
-1641
-2029
-2349
-2639
-2949
-3293
-3643
-3952
-4193
-4376
-4529
-4680
-4826
-4923
-4935
-4857
-4721
-4570
-4432
-4283
-4080
-3817
-3496
-3154
-2823
-2493
-2139
-1746
-1313
-875
-473
-113
218
541
881
1230
1557
1827
2044
2241
2448
2648
2810
2920
2983
3016
3037
3044
3039
3001
2910
2771
2603
2427
2259
2091
1905
1679
1402
1109
844
611
378
127
-119
-314
-440
-518
-599
-719
-882
-1070
-1237
-1395
-1548
-1705
-1907
-2184
-2477
-2684
-2847
-3178
-3760
-4394
-4883
-5261
-5600
-5815
-5788
-5607
-5424
-5180
-4714
-4072
-3431
-2823
-2106
-1187
-99
1094
2311
3415
4287
4957
5527
6012
6347
6485
6466
6334
6134
5957
5845
5670
5246
4580
3887
3332
2907
2561
2316
2203
2199
2305
2565
2946
3239
3253
3050
2852
2772
2773
2802
2796
2679
2401
1994
1507
888
28
-1075
-2242
-3272
-4093
-4722
-5194
-5560
-5914
-6262
-6542
-6673
-6653
-6580
-6445
-6103
-5411
-4397
-3230
-2101
-1140
-394
165
581
871
1037
1124
1218
1380
1558
1646
1599
1405
1026
463
-91
-423
-482
-336
-9
476
1002
1458
1805
2057
2181
2199
2194
2284
2476
2686
2846
2914
2829
2463
1821
1047
306
-341
-870
-1219
-1388
-1444
-1457
-1427
-1451
-1655
-2048
-2497
-2885
-3169
-3265
-3143
-2897
-2721
-2707
-2840
-3086
-3549
-4467
-5805
-7004
-7374
-6947
-6306
-5573
-4263
-2419
-932
-249
286
1336
2520
3273
3946
5197
6791
7897
8224
8100
7728
6885
5492
3876
2539
1755
1384
1119
918
1083
1622
2004
1817
1444
1506
1968
2441
3015
4086
5444
6365
6510
6176
5641
4775
3481
2037
858
73
-449
-910
-1434
-2051
-2779
-3626
-4501
-5164
-5370
-5104
-4581
-3977
-3221
-2311
-1516
-1161
-1263
-1529
-1783
-2061
-2338
-2429
-2353
-2352
-2519
-2704
-2813
-3024
-3426
-3771
-3741
-3336
-2688
-1846
-858
101
849
1377
1767
2030
2182
2289
2391
2472
2463
2373
2205
1896
1440
921
435
70
-118
-97
71
337
649
921
1081
1167
1263
1334
1328
1264
1209
1086
730
167
-436
-987
-1516
-1993
-2327
-2460
-2420
-2302
-2226
-2255
-2329
-2413
-2581
-2825
-2914
-2643
-2085
-1465
-900
-435
-142
-146
-745
-2326
-4771
-7063
-8145
-8055
-7503
-6543
-4643
-2081
-82
766
1213
2067
3088
3750
4355
5613
7454
8937
9354
8884
8029
6792
4842
2382
326
-651
-846
-898
-788
-20
1273
2232
2395
2228
2360
2790
3244
3860
4973
6354
7238
7151
6322
5178
3770
1982
55
-1444
-2213
-2416
-2365
-2260
-2268
-2589
-3237
-3970
-4429
-4412
-3899
-3048
-2085
-1132
-275
272
150
-722
-2022
-3265
-4187
-4743
-4904
-4718
-4343
-4005
-3760
-3552
-3324
-3098
-2819
-2296
-1382
-148
1103
2130
2825
3177
3124
2665
1960
1246
676
259
-12
-186
-291
-367
-402
-397
-394
-359
-200
193
766
1443
2107
2679
3042
3159
3035
2718
2267
1649
1000
377
-150
-554
-811
-945
-1066
-1255
-1549
-1909
-2279
-2514
-2551
-2431
-2318
-2255
-2244
-2293
-2377
-2399
-2221
-1954
-1671
-1384
-1172
-1576
-3212
-5767
-8075
-9157
-9272
-8919
-7829
-5483
-2384
109
1534
2519
3662
4600
4993
5370
6352
7770
8735
8856
8408
7682
6455
4352
1725
-525
-1692
-1989
-1877
-1263
201
2257
3929
4769
5204
5724
6135
6131
6117
6619
7425
7709
7146
6097
4786
2999
667
-1592
-3139
-3865
-4060
-3868
-3316
-2683
-2290
-2303
-2505
-2585
-2396
-1989
-1483
-881
-223
297
372
-164
-1288
-2876
-4612
-6061
-6891
-7124
-6949
-6418
-5548
-4503
-3604
-2978
-2482
-1922
-1158
-199
887
1974
2894
3453
3491
3044
2254
1337
395
-483
-1142
-1425
-1316
-995
-653
-304
99
510
858
1209
1712
2311
2840
3279
3669
3893
3629
2915
2151
1602
1117
492
-75
-384
-432
-396
-416
-503
-734
-1104
-1628
-2166
-2488
-2578
-2640
-2914
-3186
-3156
-2823
-2330
-1834
-1344
-830
-283
-64
-966
-3395
-6648
-9185
-10377
-10660
-10254
-8590
-5472
-2132
242
1662
2949
4238
4927
5104
5531
6719
8069
8712
8624
8213
7484
5764
2897
-225
-2430
-3349
-3474
-3026
-1689
687
3336
5222
6161
6737
7231
7276
6839
6660
7244
8004
8016
7170
5962
4488
2420
-158
-2510
-3982
-4521
-4364
-3642
-2489
-1281
-450
-123
-113
-207
-302
-366
-363
-250
-29
155
-43
-963
-2563
-4405
-6010
-7175
-7868
-8039
-7595
-6644
-5397
-4031
-2780
-1813
-1141
-556
172
1033
1781
2236
2423
2417
2124
1398
301
-880
-1850
-2472
-2702
-2514
-1958
-1170
-311
511
1196
1652
1840
1823
1785
1906
2225
2617
2852
2800
2513
2092
1575
938
236
-333
-597
-488
-87
432
814
854
574
87
-492
-1182
-1918
-2525
-2926
-3081
-3015
-2601
-1922
-1335
-967
-583
9
-54
-1849
-5123
-8260
-9945
-10570
-10692
-9855
-7352
-3862
-1050
719
2157
3747
4872
5147
5337
6079
7224
7914
7921
7550
6921
5720
3465
590
-1928
-3261
-3576
-3466
-2753
-956
1788
4341
6009
7123
8056
8535
8160
7518
7398
7697
7573
6676
5524
4410
2977
880
-1432
-3210
-4209
-4561
-4318
-3402
-2082
-850
12
567
928
1103
1117
919
625
346
54
-515
-1621
-3072
-4502
-5625
-6516
-7132
-7371
-7250
-6762
-5991
-4787
-3391
-2125
-1096
-196
805
1707
2389
2662
2540
2097
1374
546
-342
-1151
-1844
-2290
-2403
-2264
-1932
-1480
-811
18
809
1460
1915
2227
2432
2496
2499
2453
2279
1900
1306
715
174
-314
-784
-1105
-1070
-761
-214
302
679
765
514
179
-162
-399
-686
-1035
-1450
-1953
-2241
-2196
-1747
-1254
-827
-199
463
505
-1233
-4573
-8118
-10471
-11429
-11679
-10866
-8485
-4843
-1497
747
2453
4124
5552
6076
6193
6672
7727
8626
8677
8097
7163
5800
3475
439
-2316
-4023
-4701
-4838
-4202
-2316
644
3586
5639
6992
8044
8679
8543
8022
7879
8031
7762
6698
5290
3907
2240
83
-2221
-3932
-4822
-5041
-4664
-3594
-1987
-526
430
1074
1694
2205
2397
2326
2092
1786
1279
609
-363
-1821
-3703
-5718
-7350
-8422
-8763
-8489
-7560
-6028
-4219
-2371
-772
513
1449
2055
2484
2736
2880
2747
2231
1441
365
-797
-2124
-3285
-4026
-4221
-3898
-3355
-2597
-1599
-218
1196
2352
3009
3275
3231
2864
2343
1726
1263
755
244
-232
-598
-736
-963
-1123
-1212
-1002
-573
-167
400
755
916
548
-171
-932
-1616
-2003
-2462
-2578
-2267
-1491
-650
-202
374
1216
1695
185
-3561
-7667
-10285
-11218
-11542
-10957
-8482
-4529
-957
960
2174
3590
4928
5245
4972
5496
7058
8637
9145
8864
8133
6597
3764
130
-2871
-4460
-4841
-4628
-3758
-1710
1243
3988
5671
6646
7593
8264
8138
7586
7581
8199
8324
7320
5705
4105
2276
-180
-2734
-4456
-5044
-4909
-4275
-2978
-1254
223
1000
1317
1571
1772
1823
1821
1915
1929
1523
741
-202
-1355
-2972
-4987
-6872
-8259
-9112
-9606
-9514
-8423
-6286
-3514
-787
1574
3398
4625
5116
4888
4231
3387
2457
1331
95
-1017
-2027
-2992
-3852
-4346
-4287
-3956
-3418
-2566
-1028
885
2592
3779
4387
4642
4354
3672
2645
1497
214
-1119
-2113
-2604
-2548
-2337
-2178
-1941
-1534
-953
-516
-192
200
475
479
-48
-648
-1175
-1649
-1993
-2072
-1588
-1161
-867
-372
637
992
-1034
-5013
-8946
-11030
-11838
-12043
-10920
-7676
-3207
184
1965
3209
4804
5979
5872
5375
5727
7168
8475
8875
8617
7861
6140
2914
-892
-3777
-5041
-5225
-4841
-3410
-539
3104
5991
7547
8394
9106
9198
8267
7247
7270
8139
8427
7538
6107
4458
2044
-1262
-4296
-5919
-6160
-5749
-4812
-2983
-631
1245
1941
1827
1660
1629
1621
1585
1681
1842
1680
931
-369
-2011
-3995
-6210
-8172
-9266
-9327
-8784
-7838
-6354
-4397
-2306
-629
538
1448
2207
2789
2988
2916
2623
2032
987
-381
-1648
-2622
-3270
-3627
-3598
-3148
-2296
-1287
-297
682
1546
2154
2488
2620
2729
2742
2523
2091
1644
1199
607
-249
-1115
-1777
-2103
-2199
-1972
-1219
-380
223
280
257
287
1
-735
-1693
-2164
-2116
-1919
-1573
-950
34
713
953
1270
1662
1083
-1887
-6301
-10014
-11579
-11846
-11768
-10530
-7426
-3341
-528
790
2034
3940
5518
5893
6073
7157
8829
9738
9400
8452
7080
4780
1377
-2064
-4197
-4822
-4642
-4154
-2801
-237
2828
5073
6264
7214
8305
8963
8790
8555
8874
9286
8637
6871
4737
2546
-18
-2823
-4920
-5766
-5678
-5148
-4053
-2309
-459
686
1076
1354
1882
2364
2601
2812
3020
2823
1826
370
-1152
-2916
-5178
-7465
-8824
-9007
-8549
-7967
-7122
-5695
-3827
-1960
-391
1000
2301
3393
3995
4018
3580
2780
1666
224
-1163
-2278
-3014
-3494
-3700
-3455
-2804
-1960
-1230
-462
446
1389
2012
2279
2380
2433
2326
2006
1647
1316
886
214
-378
-844
-1180
-1607
-1721
-1352
-970
-1015
-1396
-1327
-1078
-1143
-1801
-2353
-2298
-2193
-2254
-2223
-1521
-654
-194
373
1562
2643
1470
-2473
-7185
-10281
-11376
-11784
-11477
-9397
-5502
-1830
2
912
2376
4350
5381
5490
6118
7889
9695
10122
9469
8510
7132
4349
402
-2821
-3995
-3734
-3529
-3194
-1547
1475
4189
5438
6073
7143
8257
8303
7761
8024
9214
9766
8548
6320
4140
1915
-910
-3721
-5231
-5246
-4707
-4164
-3188
-1565
-123
361
222
344
992
1714
2231
2638
2980
2840
1736
-175
-2282
-4170
-5982
-7699
-8862
-8990
-8341
-7582
-6783
-5554
-3773
-2037
-716
431
1739
3004
3705
3699
3215
2438
1288
-203
-1764
-2945
-3585
-3750
-3558
-3069
-2299
-1511
-757
-9
927
1919
2636
3017
3087
3105
2907
2395
1681
964
349
-355
-929
-1147
-1175
-1254
-1516
-1454
-1075
-748
-576
-494
-274
-619
-1533
-2648
-3237
-2975
-2240
-1100
-181
532
1247
2173
2244
-255
-4906
-9442
-11687
-12106
-11799
-10395
-7156
-2951
-40
919
1365
2458
3714
4361
5039
6763
9188
10794
10667
9426
7771
5498
1916
-2209
-4912
-5206
-4142
-3216
-2188
-88
2611
4231
4423
4831
6417
8017
8363
8294
9218
10547
10498
8530
5885
3402
705
-2320
-4645
-5338
-4774
-4075
-3565
-2846
-1794
-887
-568
-463
64
1256
2653
3727
4192
4282
3813
2474
253
-2060
-3725
-4943
-6507
-8539
-10089
-10712
-10516
-9853
-8084
-5036
-1614
1205
3222
4987
6190
6356
5474
4270
3136
1825
348
-1259
-2602
-3648
-4589
-5409
-5947
-5781
-4763
-3001
-1036
930
2893
4447
5099
4854
4392
3916
3086
1922
894
299
-140
-683
-1119
-1559
-2038
-2665
-3188
-3436
-3414
-2954
-2115
-1355
-1274
-1736
-2271
-2329
-2047
-1474
-903
-28
1570
3414
3671
526
-4756
-9293
-11394
-12212
-12528
-11051
-7025
-2356
157
664
1269
2575
3421
3361
4054
6561
9714
11541
11427
10366
8677
5911
1800
-2257
-4402
-4351
-3511
-2951
-1905
410
2837
3607
3161
3657
5696
7484
8016
8408
9839
11047
10279
7863
5357
3254
804
-1852
-3585
-3811
-3424
-3390
-3563
-3418
-3012
-2893
-2954
-2470
-1041
911
2567
3538
3895
3816
3085
1627
-200
-1853
-3169
-4372
-5447
-6332
-7073
-7930
-8701
-8664
-7299
-5076
-2812
-736
1246
3012
4004
4058
3527
2820
2022
1180
422
-172
-719
-1278
-1868
-2555
-3340
-4160
-4387
-3727
-2110
-95
1651
2740
3098
3132
2826
2422
1829
1455
1276
1208
1166
983
737
55
-767
-1717
-2481
-3054
-3352
-3081
-2424
-1681
-1625
-2105
-2735
-3022
-2702
-2070
-1225
-281
1177
2902
3431
1193
-3765
-8733
-11484
-12094
-11831
-10670
-7547
-3369
-471
127
149
1195
2708
3650
4486
6643
9740
11852
11758
10090
7982
5301
1734
-1778
-3533
-3008
-1735
-1311
-1361
-518
1105
1931
1813
2483
4884
7651
9081
9568
10354
11110
10268
7540
4584
2603
1174
-442
-1934
-2537
-2671
-3279
-4383
-5103
-4922
-4189
-3342
-2218
-531
1531
3343
4176
3871
3012
2131
1205
18
-1085
-1600
-1880
-2685
-4679
-7138
-9320
-10836
-11215
-10051
-7053
-3338
94
2548
4175
5041
4935
4207
3285
2843
2727
2657
2267
1170
-410
-2337
-4259
-5848
-6732
-6313
-4719
-2511
-427
1226
2381
2786
2722
2669
3129
3703
3819
3533
3113
2634
1561
141
-1069
-1942
-2666
-3459
-3700
-3404
-3009
-2828
-2754
-2546
-2592
-2820
-2888
-2282
-1238
-422
190
1059
2729
3840
2093
-2894
-8485
-11440
-11694
-11185
-10347
-7953
-4316
-1947
-2028
-2611
-1502
813
2688
4346
7003
10378
12478
11981
9941
7811
5740
3045
121
-1252
-474
831
457
-1351
-2335
-1586
-625
-465
487
3637
7606
9748
9953
10048
10523
9935
7797
5773
5115
4878
3673
1781
143
-1302
-3256
-5513
-6951
-6897
-5736
-4261
-2867
-1382
239
1495
1851
1452
1129
1248
1384
1208
919
608
-296
-2159
-4512
-6516
-7875
-8659
-8603
-7426
-5419
-3450
-2074
-1181
-490
105
588
1061
1587
2113
2489
2513
2054
1069
-172
-1269
-2014
-2515
-2889
-2966
-2586
-1766
-819
-33
454
558
501
569
1013
1615
2122
2383
2325
2047
1626
1335
889
193
-750
-1563
-2092
-2394
-2286
-1971
-1756
-2275
-3163
-3965
-4225
-3853
-2843
-1402
-305
678
2113
3643
2810
-1539
-7054
-10200
-10149
-9204
-8420
-6826
-4077
-2243
-2785
-3997
-3399
-776
1934
4014
6389
9303
11355
10962
8778
6634
5420
4264
2412
1055
1342
2369
1711
-841
-2790
-2467
-1091
-371
658
3544
7214
8997
8500
7874
8270
8540
7727
6776
6775
6970
5951
3626
1141
-952
-3028
-5107
-6471
-6278
-4933
-3522
-2780
-2459
-1966
-1257
-587
-125
511
1511
2363
2510
1997
1385
619
-690
-2799
-5566
-8006
-9632
-9841
-8923
-7079
-4742
-2812
-1385
-483
501
1417
2189
2878
3513
4128
4169
3506
2157
481
-919
-2036
-2703
-3004
-2914
-2441
-1987
-1592
-1328
-979
-534
41
888
1900
2738
2935
2561
1943
1295
919
915
1132
1022
46
-1329
-2584
-3266
-3502
-3395
-2799
-2088
-1988
-2684
-3266
-3145
-2577
-2234
-1534
434
2529
1885
-2460
-7729
-10295
-9907
-9006
-8269
-6392
-3280
-1520
-2519
-4079
-3448
-722
1895
3841
6243
9395
11403
10499
7692
5303
4330
3636
2572
2175
3039
3630
1899
-1381
-3371
-2685
-871
525
2195
4998
7715
8289
7007
6054
6287
6693
6620
6939
8140
8961
7980
5345
2425
0
-1942
-3380
-4018
-3751
-3126
-2874
-3257
-3830
-3977
-3578
-2808
-1831
-666
427
1035
1082
666
-53
-964
-1662
-1859
-1826
-2220
-3237
-4297
-4859
-4838
-4610
-4353
-3794
-2738
-1553
-664
-112
277
360
113
-58
263
905
1210
1025
679
303
-366
-1356
-2054
-1861
-910
2
350
237
-150
-644
-1231
-1475
-1095
-332
273
489
711
989
1185
731
-122
-820
-952
-550
-383
-664
-1432
-2235
-3193
-4125
-4455
-3822
-2545
-1855
-1615
-917
853
2093
437
-3958
-8141
-9225
-8008
-6741
-6043
-4667
-2818
-2676
-4403
-5330
-3065
1093
4354
6117
7655
9253
9402
7617
5633
5352
6285
6360
5187
4221
4197
3425
485
-2879
-3701
-1623
985
2707
4231
6105
6967
5803
4100
4040
5659
7099
7517
7701
8054
7440
5234
2481
626
-65
-408
-767
-1171
-1701
-2613
-3908
-5059
-5512
-4969
-3671
-2158
-918
-283
-394
-1039
-1778
-2053
-1662
-874
-206
-162
-963
-2513
-4137
-5083
-4872
-3761
-2399
-1397
-963
-963
-1232
-1555
-1724
-1555
-1068
-199
836
1599
1656
992
207
-229
-352
-396
-345
-37
430
611
318
-203
-725
-1104
-1249
-1048
-596
-175
-136
-504
-904
-941
-401
349
679
101
-1056
-1685
-1387
-639
-457
-1010
-1875
-2835
-3479
-3462
-2647
-1898
-1598
-994
390
1031
-1449
-6225
-9598
-9299
-7184
-6032
-5604
-4428
-3089
-3614
-5547
-5787
-2783
1638
4873
6692
8265
9446
8967
6839
5212
5741
7354
7815
6710
5476
4453
2204
-1469
-4007
-3181
-172
2031
2696
3335
4410
4543
3318
2766
4515
7417
9157
9255
8644
7695
6132
4147
2765
2408
2495
2208
1222
-220
-1963
-3952
-5666
-6298
-5494
-3859
-2409
-1683
-1666
-2053
-2830
-3495
-3290
-2027
-566
245
492
395
-332
-2091
-3983
-4498
-3277
-1601
-674
-587
-1035
-1746
-2566
-3046
-2819
-2043
-1188
-550
-144
60
-36
-328
-402
89
917
1470
1443
1064
729
417
26
-287
-256
-74
-138
-486
-716
-787
-1083
-1756
-2190
-1735
-667
240
425
45
-616
-1323
-1868
-2020
-1700
-1344
-1486
-2177
-2813
-2740
-2132
-1788
-1910
-1510
204
1681
321
-4181
-8465
-9256
-7294
-5579
-5261
-4787
-3953
-4359
-6108
-6553
-3753
517
3598
5122
6447
7821
8034
6902
6080
7049
8982
9685
8425
6546
5249
3687
920
-1661
-1762
401
2166
2069
1407
1585
1895
1432
1160
2750
5669
7804
8208
7627
6898
5904
4760
4167
4410
4789
4383
2970
908
-1310
-3218
-4438
-4813
-4480
-3817
-3304
-3337
-3928
-4610
-4952
-4745
-4004
-2786
-1485
-670
-399
-439
-679
-1333
-2096
-2114
-1121
78
479
-50
-973
-1827
-2421
-2487
-1964
-1437
-1443
-1810
-2005
-1830
-1532
-1161
-573
272
1057
1430
1365
1180
1199
1328
1270
1021
915
1007
813
182
-558
-973
-1167
-1436
-1624
-1643
-1480
-1422
-1611
-1832
-1985
-1834
-1597
-1229
-853
-936
-1493
-2517
-2947
-2384
-1487
-1044
-1232
-827
411
696
-2048
-6682
-9268
-8082
-5640
-5076
-5702
-5413
-4702
-5306
-6525
-5487
-1596
2328
4023
4353
5127
6286
6382
5525
5739
7810
9953
9812
7514
5356
4180
2690
426
-691
809
3081
3177
1358
265
896
1673
1732
2444
4552
6551
6811
6053
5659
5710
5478
5078
5332
6076
6097
4562
2069
-183
-1611
-2435
-2999
-3242
-3166
-3236
-3811
-4755
-5420
-5509
-5232
-4616
-3480
-2035
-1369
-1764
-2290
-2060
-1432
-1371
-1546
-1197
-300
330
163
-357
-782
-1048
-1259
-1375
-1297
-1350
-1782
-2240
-2201
-1686
-1275
-1087
-717
-37
524
587
372
375
821
1419
1708
1626
1454
1347
1009
422
17
-14
4
-501
-1149
-1437
-1362
-1375
-1689
-1846
-1970
-2246
-2687
-2834
-2484
-2292
-2554
-2929
-2768
-2013
-1423
-1328
-1298
-480
894
699
-2336
-6500
-8107
-6401
-4633
-4992
-6193
-6076
-5602
-6499
-7250
-5399
-1295
1876
2706
2921
3891
5063
5216
5070
6284
8705
10359
9571
7278
5574
4967
4281
2999
2414
3282
3999
2868
787
36
985
1905
2129
2609
3732
4497
4256
3911
4268
4979
5370
5526
5944
6372
5986
4575
2793
1443
690
139
-518
-1460
-2515
-3506
-4389
-5125
-5661
-5766
-5628
-5461
-5132
-4560
-3976
-3711
-3386
-2629
-1797
-1413
-1318
-873
14
797
1014
808
599
448
102
-370
-745
-1130
-1733
-2407
-2752
-2763
-2647
-2321
-1705
-985
-527
-363
-301
-150
194
593
947
1269
1620
1860
1745
1388
927
459
-40
-441
-511
-434
-389
-726
-1474
-2284
-2854
-3046
-3188
-3185
-2943
-2695
-2653
-2842
-2643
-2141
-1738
-1252
-262
1030
719
-2147
-5730
-7070
-5528
-3972
-4388
-5704
-6099
-5896
-6492
-6958
-5491
-2296
414
1365
1832
2988
4356
4865
4986
6188
8413
9884
9243
7469
6314
5847
5008
3780
3510
4490
4950
3539
1380
564
1339
2286
2689
3065
3590
3638
3136
2990
3743
4746
5242
5267
5307
5292
4848
3992
3036
2275
1713
1113
241
-845
-1920
-2808
-3503
-4057
-4456
-4903
-5446
-5829
-5757
-5256
-4785
-4489
-4050
-3293
-2620
-2354
-2120
-1388
-301
416
543
489
552
635
546
396
251
-109
-724
-1502
-2071
-2301
-2459
-2543
-2331
-1647
-818
-372
-364
-474
-342
-13
268
572
977
1412
1609
1400
1093
912
743
474
182
136
229
-17
-798
-1778
-2449
-2627
-2617
-2742
-3060
-3393
-3476
-3349
-2984
-2592
-2350
-1945
-1021
385
599
-1658
-4923
-6288
-4767
-3166
-3769
-5446
-6024
-5545
-5798
-6376
-5312
-2541
-301
58
169
1653
3649
4474
4414
5310
7458
8982
8456
6919
6258
6450
6003
4757
4231
5124
5707
4368
2232
1494
2409
3288
3310
3248
3579
3673
3132
2791
3412
4379
4748
4506
4413
4641
4556
3830
2881
2382
2261
1809
712
-467
-1167
-1589
-2291
-3261
-3896
-4150
-4409
-4947
-5317
-5144
-4812
-4722
-4718
-4223
-3537
-3255
-3219
-2634
-1307
-197
20
-287
-295
134
591
770
708
498
109
-448
-1036
-1347
-1400
-1390
-1426
-1321
-957
-675
-757
-1082
-1155
-828
-472
-354
-281
51
509
677
619
681
781
684
471
622
1021
1003
343
-627
-1402
-1874
-2185
-2486
-2823
-3078
-3220
-3198
-2971
-2778
-2637
-2255
-1170
-191
-1211
-4207
-6542
-5854
-3676
-3282
-4893
-6092
-5700
-5353
-5920
-5636
-3433
-923
-289
-813
-134
2040
3943
4380
4509
5734
7370
7872
7009
6350
6670
6625
5359
4180
4806
6185
5842
3779
2416
3065
4148
4106
3612
3775
4206
3886
3234
3463
4546
5207
4802
4258
4367
4694
4369
3416
2648
2447
2441
1951
928
-84
-760
-1454
-2504
-3536
-3993
-4062
-4317
-4795
-4951
-4748
-4748
-4942
-4802
-4159
-3657
-3663
-3510
-2591
-1357
-726
-855
-1048
-788
-272
66
126
100
94
-15
-402
-976
-1356
-1395
-1288
-1334
-1419
-1283
-1108
-1115
-1187
-1007
-626
-497
-636
-687
-370
162
539
679
564
323
204
417
894
1153
1004
500
-182
-884
-1531
-1828
-1990
-2395
-3032
-3507
-3341
-2894
-2756
-2935
-2856
-1787
-402
-461
-2664
-5224
-5435
-3622
-2735
-3958
-5270
-4925
-4282
-4879
-5303
-3736
-1268
-341
-837
-429
1513
3295
3702
3680
4706
6460
7440
7019
6279
6369
6689
6110
4951
4794
5807
6178
5058
3782
3879
4635
4483
3624
3230
3538
3641
3254
3130
3547
3934
3821
3519
3501
3672
3598
3137
2547
2151
1908
1538
942
249
-392
-1103
-1961
-2735
-3206
-3477
-3882
-4337
-4573
-4605
-4663
-4721
-4472
-4069
-3962
-4158
-4047
-3255
-2263
-1716
-1629
-1509
-1090
-582
-314
-291
-227
6
175
43
-225
-367
-403
-510
-601
-477
-279
-299
-537
-666
-557
-375
-315
-390
-456
-420
-244
4
158
96
-176
-409
-295
237
807
952
611
67
-464
-973
-1371
-1518
-1621
-2022
-2676
-3040
-2809
-2529
-2692
-2867
-2152
-772
-526
-2454
-5056
-5756
-4292
-3215
-4071
-5418
-5435
-4763
-4984
-5347
-4090
-1732
-505
-847
-752
840
2627
3297
3382
4167
5604
6586
6578
6200
6284
6562
6155
5157
4777
5490
6026
5316
4216
4098
4651
4589
3882
3528
3733
3786
3544
3556
3852
3902
3555
3321
3469
3662
3591
3178
2575
2007
1625
1382
1096
728
295
-335
-1167
-1924
-2411
-2823
-3347
-3773
-3903
-4002
-4284
-4448
-4203
-3825
-3897
-4354
-4490
-3925
-3027
-2450
-2290
-2094
-1660
-1185
-909
-698
-323
39
95
-108
-192
-103
-158
-450
-636
-467
-237
-323
-661
-916
-934
-874
-869
-925
-942
-775
-484
-215
-60
-16
-106
-268
-200
340
1040
1212
723
68
-321
-564
-883
-1081
-1235
-1705
-2458
-2910
-2633
-2235
-2346
-2665
-2444
-1409
-412
-739
-2683
-4721
-4865
-3387
-2613
-3688
-4995
-4971
-4549
-4930
-5089
-3557
-1397
-600
-849
-347
1212
2463
2885
3388
4472
5679
6345
6336
6021
5877
6039
5951
5296
4838
5241
5744
5271
4322
4141
4511
4300
3577
3361
3720
3788
3440
3339
3540
3487
3202
3195
3467
3547
3322
3029
2656
2123
1680
1492
1241
638
-82
-618
-1110
-1729
-2293
-2684
-3085
-3611
-4063
-4282
-4410
-4475
-4406
-4309
-4400
-4565
-4354
-3624
-2841
-2399
-2196
-1945
-1555
-1179
-853
-501
-105
90
61
50
101
-12
-396
-666
-539
-274
-245
-476
-736
-933
-1078
-1091
-946
-768
-675
-584
-340
-41
110
74
6
48
219
497
707
605
171
-365
-759
-1021
-1144
-1159
-1371
-1982
-2706
-2967
-2714
-2401
-2255
-2126
-1767
-1177
-724
-1165
-2835
-4464
-4348
-2880
-2409
-3826
-5188
-5022
-4501
-4820
-4765
-3017
-985
-637
-1242
-705
1085
2464
2849
3230
4297
5584
6264
6105
5681
5768
6261
6193
5347
4934
5641
6225
5466
4353
4405
5070
4802
3842
3678
4324
4473
3869
3502
3660
3608
3207
3103
3350
3367
2972
2505
2064
1550
1230
1185
938
265
-364
-614
-974
-1770
-2524
-2919
-3260
-3750
-4005
-3907
-3978
-4360
-4607
-4503
-4429
-4501
-4296
-3710
-3147
-2906
-2761
-2507
-2226
-1865
-1309
-650
-249
-270
-400
-376
-205
-54
13
79
112
87
-20
-248
-534
-746
-773
-716
-795
-934
-942
-766
-559
-443
-373
-324
-231
-28
222
422
446
233
-119
-463
-559
-432
-419
-752
-1331
-1771
-1932
-1877
-1666
-1407
-1299
-1450
-1489
-1079
-741
-1473
-3206
-4351
-3874
-2864
-3055
-4298
-4989
-4687
-4451
-4637
-4122
-2392
-780
-484
-744
-67
1535
2803
3254
3657
4638
5730
6101
5726
5401
5628
5944
5643
4977
4905
5501
5683
4868
3986
4051
4595
4560
4012
3800
4030
4030
3597
3259
3269
3310
3168
2981
2853
2686
2427
2117
1755
1410
1221
1068
632
-67
-601
-812
-1131
-1842
-2608
-3027
-3184
-3358
-3551
-3705
-3947
-4299
-4511
-4468
-4366
-4297
-4072
-3612
-3198
-3005
-2819
-2449
-1992
-1561
-1101
-643
-428
-505
-581
-449
-220
-106
-93
-83
-103
-202
-380
-575
-712
-735
-668
-672
-827
-962
-879
-618
-395
-255
-77
104
157
148
318
667
843
648
264
-84
-361
-571
-647
-693
-979
-1512
-1964
-2065
-1890
-1643
-1439
-1372
-1353
-1121
-774
-1008
-2204
-3466
-3512
-2582
-2216
-3016
-3920
-4011
-3799
-3954
-3957
-2981
-1441
-476
-271
-43
655
1470
2098
2824
3889
4912
5309
5004
4565
4552
4901
5153
5043
4903
5075
5274
5013
4403
4103
4263
4403
4228
4029
4012
3893
3528
3192
3152
3305
3420
3375
3120
2639
2178
1977
1899
1719
1414
1100
716
196
-312
-621
-857
-1264
-1845
-2415
-2820
-3064
-3196
-3369
-3692
-4067
-4259
-4220
-4130
-4113
-4061
-3854
-3542
-3240
-2961
-2672
-2350
-1933
-1444
-1044
-887
-899
-839
-598
-293
-97
-54
-72
-119
-221
-341
-398
-383
-363
-408
-505
-616
-685
-670
-601
-523
-477
-414
-311
-214
-139
-57
35
46
-63
-190
-227
-200
-253
-472
-742
-910
-970
-1039
-1168
-1225
-1107
-923
-865
-960
-1032
-944
-807
-920
-1479
-2262
-2754
-2732
-2588
-2808
-3290
-3535
-3430
-3335
-3359
-3065
-2182
-1127
-458
-145
243
885
1612
2307
2961
3457
3660
3707
3921
4365
4753
4793
4515
4206
4156
4417
4776
4972
4897
4631
4272
3918
3731
3819
4028
4069
3843
3536
3321
3186
3030
2814
2581
2426
2410
2423
2229
1754
1209
819
574
363
161
-46
-402
-996
-1611
-1952
-2066
-2274
-2692
-3097
-3283
-3340
-3485
-3785
-4102
-4251
-4177
-3954
-3686
-3419
-3134
-2831
-2573
-2385
-2193
-1925
-1607
-1314
-1068
-904
-890
-988
-1051
-974
-838
-817
-939
-1048
-1034
-968
-942
-923
-842
-731
-648
-548
-351
-80
130
188
138
105
189
347
452
447
369
279
153
-27
-173
-217
-282
-516
-790
-799
-504
-221
-226
-440
-579
-509
-367
-381
-645
-1097
-1587
-2002
-2286
-2418
-2400
-2326
-2366
-2559
-2707
-2552
-2119
-1638
-1225
-810
-332
172
626
1000
1287
1488
1671
1967
2438
2999
3466
3678
3622
3481
3515
3843
4335
4750
4911
4747
4350
3994
3899
4019
4141
4121
3946
3676
3411
3283
3304
3288
3088
2800
2613
2526
2390
2161
1902
1575
1152
765
545
377
47
-435
-886
-1237
-1606
-2040
-2413
-2649
-2856
-3165
-3532
-3831
-4000
-4077
-4102
-4073
-3956
-3739
-3495
-3338
-3258
-3119
-2853
-2539
-2281
-2070
-1871
-1742
-1712
-1676
-1514
-1287
-1148
-1141
-1165
-1120
-989
-801
-592
-416
-325
-311
-281
-133
129
366
455
422
399
450
527
586
627
633
563
434
328
308
323
270
107
-99
-222
-207
-126
-74
-63
-65
-97
-192
-300
-380
-509
-827
-1306
-1750
-2001
-2107
-2201
-2353
-2565
-2750
-2852
-2826
-2628
-2249
-1786
-1416
-1231
-1085
-764
-242
293
713
1051
1389
1746
2146
2615
3088
3423
3560
3670
3936
4335
4688
4833
4755
4577
4478
4528
4624
4607
4417
4123
3829
3643
3654
3785
3771
3470
3022
2680
2513
2417
2298
2062
1641
1120
699
462
283
-8
-396
-801
-1205
-1590
-1898
-2127
-2372
-2695
-3065
-3407
-3665
-3819
-3873
-3853
-3810
-3750
-3661
-3562
-3461
-3328
-3094
-2809
-2567
-2419
-2319
-2235
-2136
-1984
-1796
-1579
-1411
-1312
-1248
-1164
-1031
-836
-613
-415
-284
-219
-139
4
141
211
203
172
192
257
328
374
384
385
387
389
400
423
431
397
343
292
227
151
82
47
56
98
133
125
52
-75
-236
-443
-695
-980
-1266
-1537
-1802
-2053
-2288
-2511
-2716
-2837
-2797
-2578
-2239
-1929
-1762
-1663
-1449
-1000
-396
155
531
779
1045
1427
1913
2434
2911
3262
3463
3620
3878
4230
4526
4636
4604
4580
4626
4663
4622
4500
4305
4072
3866
3772
3797
3796
3595
3203
2818
2607
2529
2406
2156
1821
1452
1084
754
497
288
18
-376
-809
-1146
-1388
-1649
-2015
-2426
-2779
-3070
-3345
-3589
-3735
-3758
-3753
-3819
-3902
-3871
-3703
-3486
-3294
-3105
-2898
-2736
-2662
-2610
-2476
-2262
-2084
-1985
-1877
-1717
-1580
-1498
-1391
-1194
-949
-752
-602
-424
-209
-10
118
187
246
300
351
411
467
482
473
476
536
610
666
697
706
709
686
631
569
527
496
456
400
349
351
369
306
156
17
-83
-232
-502
-846
-1166
-1452
-1726
-1959
-2149
-2328
-2514
-2622
-2546
-2327
-2085
-1915
-1795
-1587
-1187
-623
-77
301
577
878
1261
1696
2133
2535
2828
3011
3174
3415
3717
3943
4037
4057
4096
4155
4195
4197
4151
4051
3898
3748
3672
3662
3619
3449
3178
2934
2779
2645
2437
2148
1840
1548
1228
872
548
267
-42
-433
-815
-1089
-1314
-1603
-1975
-2322
-2565
-2763
-2979
-3200
-3370
-3471
-3561
-3640
-3658
-3611
-3527
-3439
-3320
-3157
-2980
-2838
-2728
-2587
-2412
-2242
-2098
-1955
-1798
-1656
-1540
-1425
-1286
-1136
-996
-843
-651
-417
-190
-18
112
235
364
488
588
654
670
639
597
595
649
715
742
718
680
650
611
578
555
531
498
430
332
266
280
332
323
228
89
-28
-136
-289
-496
-757
-1069
-1418
-1749
-1971
-2093
-2204
-2332
-2419
-2404
-2308
-2162
-1974
-1726
-1416
-1092
-763
-396
14
437
808
1143
1506
1913
2322
2662
2910
3132
3355
3574
3789
3985
4113
4127
4057
3994
3996
4012
3957
3838
3723
3645
3562
3419
3237
3057
2881
2696
2496
2256
2010
1731
1389
1021
687
416
152
-150
-472
-774
-1073
-1398
-1744
-2047
-2275
-2482
-2698
-2906
-3056
-3178
-3289
-3371
-3389
-3340
-3283
-3241
-3195
-3121
-3038
-2951
-2818
-2625
-2432
-2291
-2178
-2034
-1859
-1683
-1528
-1382
-1237
-1105
-974
-834
-678
-537
-423
-312
-175
-34
76
147
203
251
286
300
312
352
396
432
476
539
580
575
553
551
581
605
587
528
454
408
408
428
433
385
270
124
-5
-111
-250
-472
-786
-1135
-1430
-1625
-1733
-1825
-1950
-2084
-2145
-2099
-1961
-1766
-1550
-1339
-1126
-861
-499
-85
279
570
860
1230
1681
2119
2446
2669
2857
3068
3329
3605
3827
3929
3892
3783
3737
3798
3877
3840
3677
3513
3407
3334
3240
3112
2947
2727
2484
2272
2096
1903
1639
1312
1000
725
471
225
-33
-311
-594
-877
-1145
-1391
-1623
-1845
-2069
-2276
-2454
-2607
-2741
-2866
-2964
-3029
-3039
-3008
-2970
-2929
-2887
-2825
-2724
-2587
-2444
-2318
-2209
-2099
-1969
-1838
-1706
-1564
-1408
-1265
-1142
-1013
-860
-719
-631
-540
-415
-269
-152
-74
-12
53
116
143
153
170
187
197
203
229
262
250
193
139
141
189
226
210
141
91
84
110
159
182
150
82
15
-8
-10
-65
-223
-465
-706
-896
-1041
-1166
-1302
-1480
-1657
-1771
-1759
-1655
-1525
-1413
-1310
-1162
-931
-610
-261
49
304
575
939
1364
1755
2065
2302
2524
2772
3043
3306
3500
3591
3595
3585
3629
3711
3758
3713
3595
3459
3350
3294
3253
3162
3007
2816
2637
2477
2319
2132
1900
1645
1388
1142
895
628
350
74
-189
-440
-693
-946
-1214
-1486
-1715
-1908
-2111
-2329
-2543
-2711
-2831
-2908
-2962
-3003
-3034
-3056
-3036
-2966
-2873
-2793
-2747
-2687
-2585
-2447
-2289
-2144
-2026
-1913
-1774
-1600
-1403
-1227
-1103
-1021
-939
-818
-648
-478
-371
-333
-321
-265
-159
-48
35
74
96
118
148
197
250
290
296
283
293
342
410
460
463
440
425
444
485
516
526
513
479
425
378
354
309
191
7
-182
-334
-489
-672
-882
-1092
-1286
-1439
-1509
-1496
-1466
-1464
-1450
-1349
-1157
-914
-660
-410
-154
124
439
792
1140
1458
1733
1984
2241
2501
2754
2951
3062
3122
3185
3277
3369
3421
3410
3323
3200
3092
3025
2975
2889
2756
2585
2391
2205
2033
1877
1712
1509
1294
1082
889
686
470
248
32
-184
-404
-622
-837
-1044
-1255
-1471
-1679
-1857
-2004
-2121
-2237
-2354
-2449
-2514
-2554
-2589
-2598
-2580
-2550
-2517
-2479
-2422
-2350
-2281
-2207
-2115
-1985
-1845
-1725
-1617
-1513
-1403
-1280
-1154
-1033
-898
-784
-691
-601
-505
-403
-307
-212
-123
-23
74
144
180
213
273
331
361
377
385
394
391
390
406
430
438
408
371
347
347
359
359
345
314
274
245
236
218
179
102
-21
-157
-283
-381
-480
-603
-748
-890
-1010
-1089
-1124
-1120
-1100
-1098
-1091
-1008
-844
-655
-469
-278
-74
154
408
680
951
1191
1394
1577
1759
1947
2141
2314
2446
2532
2591
2653
2720
2777
2808
2811
2779
2723
2659
2594
2521
2434
2341
2243
2138
2031
1912
1786
1650
1504
1334
1159
993
819
637
432
218
12
-189
-394
-601
-794
-968
-1140
-1319
-1497
-1652
-1778
-1896
-2009
-2123
-2228
-2311
-2378
-2419
-2443
-2459
-2476
-2482
-2441
-2370
-2294
-2229
-2182
-2126
-2052
-1946
-1806
-1661
-1553
-1483
-1402
-1283
-1149
-1020
-911
-816
-726
-642
-553
-466
-379
-311
-282
-251
-194
-119
-53
-20
7
51
126
218
303
370
426
468
504
559
616
643
625
591
569
572
567
516
428
316
208
120
59
-7
-117
-276
-426
-513
-541
-548
-567
-599
-606
-563
-463
-324
-181
-53
80
232
416
614
805
983
1123
1240
1373
1518
1664
1777
1848
1900
1949
2008
2058
2091
2118
2133
2137
2142
2144
2134
2113
2082
2049
2035
2027
1994
1926
1836
1742
1647
1544
1427
1293
1133
945
743
546
363
162
-62
-287
-489
-666
-831
-1003
-1169
-1330
-1479
-1610
-1726
-1825
-1926
-2021
-2101
-2158
-2208
-2252
-2271
-2276
-2264
-2232
-2192
-2157
-2129
-2095
-2049
-1986
-1912
-1841
-1773
-1706
-1639
-1558
-1469
-1377
-1280
-1180
-1075
-979
-898
-810
-707
-607
-515
-433
-349
-277
-214
-145
-60
39
137
218
288
357
436
521
604
666
687
698
723
757
785
777
728
663
608
558
491
407
317
221
119
22
-51
-102
-148
-203
-242
-228
-168
-98
-31
46
131
223
328
450
581
698
796
889
988
1088
1180
1265
1343
1419
1484
1537
1590
1638
1680
1713
1737
1761
1792
1814
1833
1847
1858
1864
1863
1852
1834
1799
1748
1678
1588
1475
1343
1198
1042
886
722
552
366
169
-39
-244
-430
-594
-748
-910
-1076
-1224
-1352
-1464
-1574
-1673
-1762
-1845
-1911
-1959
-1988
-2024
-2064
-2094
-2100
-2079
-2043
-2006
-1983
-1962
-1932
-1880
-1808
-1734
-1687
-1648
-1603
-1534
-1435
-1333
-1251
-1192
-1128
-1049
-948
-846
-762
-689
-620
-540
-447
-334
-220
-133
-65
5
98
215
331
432
499
540
590
661
745
802
821
804
780
761
744
726
695
630
524
424
351
299
249
176
86
8
-39
-62
-65
-64
-56
-48
-19
34
111
205
288
355
410
491
594
696
785
860
929
1001
1087
1168
1247
1300
1340
1380
1432
1498
1566
1613
1641
1664
1677
1704
1745
1771
1771
1748
1715
1681
1644
1593
1520
1425
1314
1186
1052
915
771
615
441
261
77
-95
-251
-409
-574
-737
-896
-1032
-1149
-1263
-1366
-1463
-1556
-1633
-1700
-1753
-1786
-1807
-1824
-1833
-1845
-1842
-1820
-1795
-1764
-1727
-1684
-1642
-1598
-1548
-1500
-1454
-1411
-1364
-1322
-1273
-1217
-1158
-1105
-1064
-1022
-969
-902
-838
-774
-702
-622
-553
-481
-410
-334
-243
-143
-46
37
114
187
258
330
396
455
497
520
534
549
563
555
522
484
443
411
376
345
319
282
237
205
192
205
220
219
214
226
265
313
364
410
460
508
565
635
715
795
849
897
940
1008
1094
1171
1221
1245
1278
1329
1383
1432
1475
1497
1505
1509
1526
1550
1560
1545
1516
1481
1456
1441
1405
1348
1264
1163
1076
1001
919
819
686
538
401
277
164
42
-94
-230
-371
-492
-596
-692
-792
-908
-1017
-1115
-1178
-1224
-1281
-1345
-1420
-1491
-1543
-1572
-1601
-1618
-1639
-1669
-1688
-1691
-1683
-1667
-1648
-1634
-1616
-1606
-1584
-1548
-1508
-1457
-1406
-1354
-1295
-1217
-1131
-1057
-991
-930
-861
-780
-685
-595
-521
-456
-407
-355
-279
-180
-89
-18
30
67
113
176
238
285
305
310
321
348
386
403
390
371
361
354
362
378
381
364
346
342
357
395
433
453
471
497
540
596
650
695
740
801
867
922
979
1034
1081
1125
1179
1230
1284
1332
1364
1381
1396
1418
1438
1457
1464
1463
1459
1448
1433
1407
1378
1347
1307
1264
1216
1155
1082
1005
925
836
743
650
554
449
338
228
116
7
-110
-231
-345
-448
-553
-653
-757
-859
-944
-1021
-1094
-1160
-1226
-1285
-1340
-1391
-1436
-1466
-1488
-1514
-1534
-1553
-1561
-1552
-1539
-1522
-1503
-1486
-1465
-1438
-1398
-1358
-1325
-1295
-1263
-1226
-1179
-1125
-1064
-1008
-957
-906
-845
-780
-715
-647
-579
-513
-444
-374
-313
-255
-200
-141
-86
-31
23
67
109
147
178
199
222
247
270
293
309
321
330
342
351
363
379
405
430
447
463
486
518
552
587
609
641
680
722
767
804
836
862
888
919
952
990
1024
1051
1068
1090
1121
1165
1203
1229
1242
1259
1281
1297
1305
1301
1295
1287
1276
1259
1238
1211
1178
1129
1075
1018
962
901
826
736
629
531
432
330
227
116
7
-100
-205
-314
-414
-512
-607
-700
-788
-870
-945
-1015
-1080
-1134
-1190
-1241
-1289
-1338
-1375
-1398
-1418
-1438
-1460
-1476
-1485
-1477
-1465
-1444
-1422
-1410
-1391
-1355
-1300
-1240
-1198
-1167
-1124
-1067
-995
-917
-847
-781
-716
-651
-579
-494
-408
-339
-282
-234
-178
-120
-64
-21
6
35
67
95
127
160
186
202
212
221
235
255
265
265
259
260
270
278
288
300
303
308
318
337
358
379
393
396
411
435
459
479
495
512
527
543
569
597
627
651
666
694
733
774
808
833
854
881
913
948
983
1010
1031
1047
1066
1086
1101
1109
1107
1094
1075
1063
1054
1031
1001
957
912
869
825
771
712
641
567
490
412
333
258
175
84
-15
-115
-202
-279
-360
-452
-535
-618
-696
-766
-831
-891
-955
-1017
-1074
-1128
-1161
-1191
-1221
-1245
-1268
-1282
-1285
-1282
-1285
-1283
-1277
-1268
-1250
-1222
-1194
-1171
-1148
-1124
-1087
-1039
-994
-949
-912
-876
-833
-786
-735
-684
-638
-588
-535
-484
-431
-375
-322
-273
-225
-172
-117
-60
-11
33
78
123
171
213
252
283
309
331
356
375
391
401
406
409
416
431
444
457
461
459
466
472
480
487
490
503
503
507
519
534
551
565
575
586
605
627
645
658
671
688
707
722
741
761
781
800
822
844
868
883
896
904
906
908
905
902
891
876
862
836
810
784
753
715
672
626
575
521
465
399
329
258
193
122
51
-19
-93
-159
-225
-290
-354
-414
-479
-544
-598
-653
-707
-758
-810
-859
-899
-938
-974
-1008
-1033
-1060
-1084
-1108
-1127
-1139
-1152
-1156
-1162
-1170
-1170
-1161
-1149
-1134
-1121
-1102
-1075
-1048
-1016
-983
-942
-902
-865
-822
-775
-720
-662
-603
-548
-500
-440
-372
-307
-244
-180
-117
-51
13
74
142
208
263
313
357
402
448
488
519
541
556
573
587
596
601
604
590
572
565
557
546
532
516
497
477
453
435
424
406
397
385
378
387
392
392
395
402
419
439
457
478
496
524
555
584
609
633
654
676
701
719
747
770
784
800
811
818
817
806
787
765
739
709
673
639
603
559
516
474
430
380
328
273
219
167
109
51
-12
-73
-133
-194
-254
-307
-358
-415
-472
-523
-573
-620
-667
-722
-767
-802
-840
-879
-914
-944
-973
-997
-1022
-1040
-1056
-1071
-1088
-1104
-1109
-1114
-1117
-1113
-1109
-1099
-1073
-1048
-1023
-994
-958
-922
-888
-855
-815
-771
-726
-676
-625
-564
-495
-429
-365
-298
-231
-161
-93
-20
49
114
176
236
297
356
410
461
500
537
568
593
606
615
624
634
642
644
648
650
648
645
641
631
622
614
599
581
567
556
546
536
527
520
512
508
498
488
484
475
472
462
457
456
450
446
441
434
424
418
409
401
394
383
376
368
362
347
337
336
322
313
298
285
268
249
235
218
205
190
180
164
148
130
111
100
83
65
48
31
10
-14
-36
-60
-82
-106
-128
-156
-178
-199
-227
-255
-285
-315
-352
-383
-418
-461
-501
-530
-566
-598
-629
-658
-682
-705
-729
-749
-766
-788
-802
-815
-821
-824
-829
-825
-822
-820
-807
-786
-760
-734
-703
-671
-634
-595
-559
-523
-485
-444
-404
-358
-316
-272
-225
-180
-128
-81
-33
16
63
107
150
193
236
273
309
339
369
401
426
451
475
491
497
508
522
525
526
522
518
514
507
501
493
483
472
464
458
454
449
444
446
449
446
440
430
417
409
402
393
387
391
391
391
385
383
377
371
364
356
350
337
324
314
303
292
277
267
262
246
234
219
209
192
179
170
158
147
135
123
108
89
72
57
45
33
14
-3
-11
-31
-55
-82
-110
-141
-171
-202
-232
-263
-298
-337
-376
-411
-446
-473
-504
-535
-565
-591
-616
-646
-672
-695
-717
-737
-753
-765
-780
-789
-788
-783
-775
-763
-749
-734
-711
-686
-660
-635
-601
-566
-525
-486
-447
-401
-351
-299
-244
-185
-124
-64
-8
49
100
146
193
240
279
321
362
392
419
440
461
480
498
508
521
536
546
554
558
565
566
566
566
557
544
535
524
510
500
491
477
462
446
428
408
392
372
347
323
299
276
254
238
222
196
178
161
145
127
107
87
71
58
42
27
12
-5
-20
-33
-40
-46
-49
-54
-61
-72
-80
-83
-84
-84
-76
-71
-68
-61
-56
-47
-39
-34
-28
-21
-18
-15
-14
-15
-16
-21
-25
-26
-37
-48
-59
-75
-92
-107
-124
-148
-169
-193
-214
-230
-248
-267
-281
-298
-311
-325
-338
-348
-365
-373
-381
-390
-394
-403
-410
-412
-407
-401
-391
-383
-377
-371
-361
-347
-332
-325
-308
-285
-261
-236
-212
-187
-162
-131
-101
-69
-38
-7
21
50
76
111
141
173
205
226
252
271
291
315
335
351
364
372
381
386
392
395
394
396
391
391
389
384
376
365
359
348
333
313
295
279
258
239
220
198
177
155
137
114
92
72
52
35
18
0
-10
-21
-36
-45
-59
-70
-82
-98
-112
-120
-127
-132
-135
-137
-138
-135
-132
-132
-131
-135
-131
-126
-126
-122
-115
-106
-106
-97
-89
-77
-72
-65
-55
-50
-41
-32
-21
-15
-13
-16
-14
-10
-6
-6
-3
0
-2
-6
-9
-15
-23
-28
-36
-46
-57
-69
-80
-86
-93
-101
-104
-100
-101
-101
-102
-104
-109
-106
-103
-103
-104
-102
-99
-95
-91
-85
-78
-66
-62
-58
-49
-40
-28
-16
0
14
26
38
52
66
75
80
90
101
110
117
122
131
136
139
146
152
152
151
153
153
155
155
153
151
148
138
132
125
116
106
89
76
67
56
46
37
27
15
8
2
-3
-7
-17
-22
-26
-28
-33
-35
-41
-47
-53
-58
-66
-77
-79
-81
-83
-84
-79
-82
-83
-81
-78
-74
-71
-68
-68
-69
-70
-68
-65
-58
-52
-53
-43
-38
-41
-43
-46
-48
-45
-43
-40
-40
-41
-41
-42
-42
-43
-39
-39
-36
-35
-41
-43
-43
-42
-39
-39
-38
-32
-32
-29
-24
-22
-21
-23
-24
-27
-29
-31
-30
-27
-21
-13
-5
3
11
23
33
40
44
52
54
58
62
66
75
81
88
93
100
101
96
100
100
96
96
97
100
101
103
102
103
104
104
101
100
95
95
92
90
90
84
78
74
71
68
68
61
57
51
47
41
33
28
14
5
-2
-11
-18
-23
-31
-36
-40
-45
-52
-59
-64
-73
-82
-87
-94
-101
-103
-106
-110
-108
-109
-108
-110
-114
-114
-115
-119
-116
-115
-114
-109
-108
-107
-108
-105
-109
-108
-105
-103
-103
-100
