-1
0
0
0
0
-1
0
-1
-1
-1
-1
-1
0
-1
0
-1
-2
-2
-1
-1
-1
-1
-2
-2
-2
-1
-1
-1
0
0
0
-1
0
0
-1
-1
-1
0
0
0
0
1
1
0
2
2
2
2
2
2
3
2
2
3
1
2
3
2
3
3
2
2
2
2
2
3
2
1
2
2
2
2
1
1
0
1
1
0
-1
-1
0
0
1
-1
-1
-1
-1
-2
-2
-1
-2
-3
-3
-2
-2
-3
-3
-3
-3
-3
-2
-3
-3
-2
-2
-3
-3
-2
-2
-1
-3
-1
-2
-2
-1
-1
-1
-1
0
0
0
0
0
1
-1
0
1
1
1
2
2
1
2
2
2
2
3
2
3
3
1
3
1
3
3
2
2
2
1
2
1
1
1
1
1
0
1
1
0
1
1
1
-1
1
1
0
0
-1
-1
0
0
0
0
0
1
0
-1
0
1
1
1
1
0
2
1
1
2
2
2
2
2
3
3
2
1
1
1
1
1
2
2
2
1
1
1
1
0
1
1
0
0
-2
-2
-2
-2
-3
-4
-4
-5
-5
-5
-6
-7
-8
-7
-8
-8
-8
-10
-10
-10
-10
-10
-10
-11
-11
-10
-11
-12
-12
-14
-13
-15
-16
-18
-18
-19
-20
-20
-20
-19
-19
-17
-16
-15
-14
-11
-10
-8
-5
-2
1
6
9
14
19
23
30
33
39
43
48
52
56
61
64
66
68
70
72
74
74
76
76
75
73
71
69
65
61
58
55
53
51
46
44
39
33
26
18
9
-1
-12
-24
-36
-48
-59
-70
-80
-87
-96
-103
-108
-114
-119
-123
-125
-128
-131
-134
-137
-140
-144
-144
-146
-145
-144
-142
-142
-138
-133
-128
-122
-112
-102
-93
-83
-73
-62
-54
-45
-35
-27
-17
-9
-3
3
11
15
21
28
35
42
50
60
68
76
84
92
102
112
121
132
141
150
158
166
177
186
195
204
215
225
236
245
250
253
253
251
248
247
242
235
229
218
205
194
180
164
149
135
121
106
93
79
64
52
41
32
23
14
4
-6
-20
-35
-47
-65
-82
-103
-122
-142
-163
-183
-204
-224
-240
-253
-263
-269
-271
-272
-273
-271
-268
-267
-264
-261
-256
-252
-250
-243
-237
-231
-224
-216
-204
-195
-185
-176
-171
-167
-164
-164
-163
-161
-163
-162
-160
-162
-162
-159
-159
-159
-160
-159
-156
-154
-151
-147
-141
-134
-129
-121
-116
-107
-101
-95
-90
-89
-85
-75
-65
-53
-39
-23
-6
18
48
79
117
156
196
236
277
319
362
404
445
483
520
561
596
630
656
679
698
710
714
715
714
706
696
680
665
647
625
605
580
546
510
472
428
382
336
287
238
189
140
94
48
3
-47
-94
-143
-191
-238
-286
-338
-391
-444
-496
-547
-590
-630
-668
-699
-729
-755
-775
-794
-809
-818
-825
-826
-818
-807
-792
-771
-743
-706
-665
-619
-566
-514
-456
-398
-342
-286
-227
-167
-103
-35
33
97
162
225
285
343
392
443
492
537
575
606
635
657
672
680
684
681
674
662
647
627
598
568
533
493
444
395
345
287
224
158
96
32
-30
-91
-149
-210
-265
-318
-369
-413
-454
-487
-515
-538
-562
-579
-595
-607
-615
-616
-616
-611
-606
-595
-581
-570
-551
-531
-508
-483
-452
-416
-380
-346
-318
-288
-257
-224
-191
-155
-123
-90
-53
-17
18
50
81
109
133
157
178
200
225
254
285
321
362
404
447
492
537
582
624
665
704
743
780
814
841
857
870
878
877
871
858
844
827
804
777
747
715
683
647
611
573
534
497
458
420
383
347
309
278
254
227
203
181
156
133
105
76
44
9
-31
-77
-126
-177
-230
-284
-334
-382
-426
-466
-507
-549
-588
-621
-653
-683
-710
-738
-764
-785
-807
-826
-845
-863
-879
-892
-901
-904
-910
-917
-921
-928
-934
-940
-949
-959
-968
-977
-984
-987
-988
-990
-988
-987
-983
-975
-965
-953
-937
-916
-889
-860
-821
-774
-728
-679
-626
-571
-514
-454
-392
-325
-250
-173
-91
-3
90
189
296
407
523
641
764
890
1021
1155
1291
1423
1547
1670
1789
1904
2010
2106
2194
2270
2337
2390
2432
2458
2468
2458
2427
2390
2341
2275
2196
2102
1991
1872
1745
1605
1458
1301
1134
958
777
593
409
220
29
-166
-353
-535
-715
-889
-1054
-1214
-1369
-1515
-1655
-1783
-1905
-2020
-2123
-2214
-2292
-2362
-2415
-2455
-2480
-2496
-2498
-2487
-2463
-2426
-2378
-2318
-2247
-2168
-2078
-1974
-1861
-1740
-1612
-1479
-1338
-1192
-1039
-877
-706
-527
-346
-156
34
226
418
606
790
968
1138
1305
1461
1605
1737
1858
1961
2050
2124
2180
2220
2237
2237
2221
2187
2137
2070
1986
1884
1772
1647
1516
1382
1242
1100
954
806
657
509
358
211
58
-90
-233
-375
-515
-648
-780
-912
-1037
-1154
-1262
-1361
-1452
-1534
-1606
-1667
-1718
-1755
-1781
-1794
-1801
-1794
-1770
-1733
-1688
-1635
-1571
-1500
-1417
-1328
-1235
-1136
-1040
-946
-853
-758
-662
-564
-469
-379
-291
-202
-109
-16
76
171
271
372
478
591
708
833
957
1081
1204
1331
1458
1584
1702
1811
1911
2005
2089
2158
2214
2254
2281
2295
2295
2283
2251
2202
2136
2048
1944
1827
1700
1559
1406
1247
1081
917
751
583
411
236
61
-116
-289
-459
-624
-785
-940
-1085
-1229
-1370
-1500
-1614
-1711
-1793
-1867
-1922
-1959
-1981
-1981
-1967
-1942
-1901
-1846
-1777
-1698
-1609
-1502
-1388
-1271
-1147
-1022
-896
-770
-645
-523
-405
-288
-175
-64
45
150
245
337
423
502
577
644
703
754
794
826
850
865
868
859
840
813
782
740
688
629
560
483
395
296
187
70
-49
-167
-288
-415
-548
-677
-801
-932
-1056
-1176
-1291
-1403
-1504
-1592
-1676
-1751
-1818
-1873
-1917
-1950
-1966
-1969
-1949
-1907
-1840
-1746
-1633
-1499
-1344
-1160
-958
-738
-507
-267
-15
246
519
798
1074
1347
1613
1872
2126
2370
2596
2805
2992
3155
3302
3432
3535
3607
3646
3654
3636
3596
3535
3446
3334
3197
3046
2874
2685
2481
2260
2023
1774
1516
1256
996
732
463
190
-90
-369
-644
-915
-1184
-1445
-1695
-1935
-2162
-2374
-2571
-2756
-2926
-3079
-3221
-3340
-3435
-3504
-3553
-3573
-3566
-3534
-3475
-3388
-3276
-3145
-2990
-2812
-2616
-2400
-2163
-1912
-1652
-1386
-1114
-838
-558
-280
-4
271
542
805
1058
1294
1513
1718
1908
2081
2235
2368
2482
2579
2663
2727
2766
2785
2783
2757
2709
2642
2553
2443
2318
2172
2007
1826
1632
1419
1196
964
723
478
230
-21
-271
-511
-743
-971
-1196
-1414
-1617
-1808
-1983
-2144
-2295
-2435
-2559
-2662
-2747
-2814
-2870
-2911
-2934
-2944
-2935
-2906
-2860
-2802
-2737
-2658
-2558
-2435
-2292
-2126
-1946
-1752
-1538
-1298
-1032
-753
-462
-163
144
462
789
1126
1460
1785
2096
2394
2682
2959
3219
3453
3653
3817
3958
4076
4167
4227
4251
4239
4196
4124
4022
3896
3744
3568
3368
3149
2916
2671
2414
2139
1852
1557
1260
964
663
358
47
-265
-579
-888
-1198
-1503
-1793
-2074
-2344
-2596
-2829
-3047
-3246
-3422
-3568
-3686
-3773
-3830
-3860
-3859
-3826
-3756
-3651
-3518
-3360
-3179
-2972
-2746
-2501
-2241
-1971
-1693
-1410
-1116
-817
-521
-231
50
321
587
842
1087
1319
1535
1733
1914
2080
2226
2352
2455
2533
2591
2629
2646
2643
2618
2565
2488
2392
2273
2131
1965
1780
1575
1349
1107
853
593
328
62
-205
-475
-744
-1004
-1251
-1488
-1713
-1932
-2144
-2345
-2533
-2700
-2848
-2983
-3103
-3209
-3292
-3350
-3383
-3390
-3383
-3363
-3322
-3242
-3126
-2979
-2802
-2599
-2366
-2094
-1788
-1449
-1087
-714
-336
49
451
861
1275
1677
2057
2424
2777
3118
3438
3727
3979
4197
4385
4549
4683
4782
4840
4852
4821
4766
4685
4572
4429
4256
4059
3846
3623
3382
3128
2849
2548
2236
1917
1594
1266
934
597
252
-99
-452
-796
-1133
-1470
-1805
-2137
-2456
-2753
-3032
-3290
-3531
-3753
-3950
-4119
-4249
-4343
-4410
-4450
-4452
-4421
-4347
-4228
-4078
-3900
-3693
-3457
-3198
-2918
-2621
-2309
-1990
-1660
-1325
-992
-656
-323
1
313
613
900
1173
1433
1677
1909
2118
2303
2463
2597
2712
2803
2874
2919
2935
2928
2910
2873
2814
2722
2598
2447
2279
2108
1922
1715
1485
1232
975
716
458
195
-85
-370
-652
-917
-1163
-1405
-1647
-1889
-2124
-2341
-2528
-2695
-2857
-3018
-3171
-3297
-3390
-3460
-3518
-3577
-3621
-3624
-3574
-3479
-3359
-3215
-3043
-2832
-2566
-2257
-1926
-1579
-1225
-847
-434
7
463
904
1326
1738
2151
2564
2961
3324
3646
3933
4197
4441
4662
4836
4965
5046
5085
5098
5086
5042
4953
4824
4661
4480
4285
4065
3815
3533
3228
2909
2578
2238
1886
1513
1123
731
338
-55
-446
-836
-1228
-1610
-1979
-2330
-2665
-2977
-3265
-3526
-3763
-3975
-4155
-4302
-4420
-4508
-4563
-4579
-4558
-4497
-4401
-4275
-4116
-3936
-3726
-3488
-3226
-2943
-2650
-2347
-2032
-1701
-1361
-1020
-685
-363
-44
278
593
895
1175
1431
1668
1891
2094
2273
2429
2559
2662
2743
2803
2844
2864
2862
2837
2789
2710
2611
2494
2359
2212
2042
1846
1639
1422
1200
971
735
476
207
-66
-329
-580
-831
-1094
-1376
-1655
-1912
-2139
-2348
-2562
-2792
-3023
-3234
-3390
-3502
-3605
-3719
-3839
-3925
-3934
-3865
-3752
-3634
-3512
-3359
-3119
-2776
-2378
-1979
-1606
-1230
-807
-315
220
743
1205
1621
2033
2477
2948
3386
3743
4015
4245
4468
4705
4937
5092
5152
5141
5120
5117
5103
5044
4906
4713
4502
4308
4132
3942
3695
3388
3061
2742
2442
2143
1808
1426
1021
625
254
-108
-479
-872
-1280
-1677
-2045
-2379
-2699
-3015
-3321
-3606
-3855
-4061
-4239
-4391
-4516
-4612
-4668
-4673
-4638
-4558
-4440
-4304
-4131
-3932
-3697
-3429
-3142
-2840
-2531
-2211
-1873
-1516
-1159
-797
-445
-109
214
536
861
1169
1448
1692
1916
2122
2311
2487
2629
2734
2801
2841
2868
2884
2872
2824
2755
2653
2536
2406
2263
2102
1919
1705
1479
1255
1036
813
565
298
17
-264
-531
-785
-1040
-1313
-1598
-1864
-2095
-2287
-2474
-2684
-2904
-3113
-3286
-3426
-3551
-3687
-3830
-3960
-4013
-3967
-3829
-3655
-3498
-3337
-3098
-2734
-2294
-1855
-1450
-1040
-583
-74
498
1098
1641
2053
2366
2689
3082
3482
3797
4016
4177
4337
4534
4755
4943
5003
4902
4750
4653
4627
4643
4617
4500
4302
4117
4004
3911
3730
3423
3047
2658
2333
2087
1856
1548
1111
607
125
-301
-729
-1216
-1745
-2283
-2776
-3164
-3462
-3749
-4061
-4377
-4645
-4825
-4902
-4882
-4802
-4679
-4506
-4243
-3872
-3444
-3027
-2641
-2262
-1892
-1518
-1136
-756
-425
-158
60
258
447
602
716
785
825
875
963
1077
1188
1275
1365
1467
1581
1688
1784
1890
1977
2032
2062
2065
2026
1937
1796
1610
1383
1129
844
520
211
-88
-407
-785
-1199
-1575
-1901
-2207
-2525
-2840
-3107
-3349
-3561
-3699
-3768
-3816
-3910
-4027
-4082
-4057
-4018
-4054
-4135
-4091
-3876
-3559
-3183
-2693
-2051
-1384
-804
-255
396
1142
1826
2411
3013
3662
4250
4688
5021
5289
5430
5382
5186
4972
4824
4686
4476
4181
3858
3573
3327
3107
2909
2747
2638
2565
2548
2637
2789
2887
2854
2728
2598
2488
2340
2105
1804
1463
1059
580
33
-555
-1185
-1857
-2505
-3047
-3438
-3720
-3952
-4144
-4280
-4328
-4294
-4225
-4114
-3918
-3625
-3283
-2951
-2627
-2326
-2074
-1879
-1663
-1337
-960
-632
-364
-100
156
312
347
323
304
279
242
274
395
513
545
535
575
684
796
931
1120
1376
1648
1842
1983
2072
2091
2025
1903
1776
1639
1446
1186
907
636
348
27
-322
-658
-937
-1204
-1483
-1739
-1937
-2116
-2382
-2675
-2825
-2745
-2608
-2623
-2759
-2878
-2901
-2929
-2993
-2968
-2786
-2541
-2432
-2452
-2430
-2360
-2582
-3303
-4129
-4484
-4252
-3863
-3494
-2834
-1735
-623
91
615
1345
2272
3052
3660
4450
5490
6394
6814
6852
6740
6459
5832
4923
4114
3631
3355
2996
2466
1944
1583
1344
1123
971
1045
1375
1839
2314
2823
3376
3764
3785
3512
3220
3030
2818
2466
2009
1479
827
31
-861
-1741
-2575
-3351
-3974
-4332
-4413
-4286
-4105
-3998
-3971
-3902
-3704
-3423
-3148
-2858
-2464
-2009
-1631
-1420
-1392
-1504
-1697
-1861
-1862
-1706
-1507
-1348
-1186
-975
-784
-652
-562
-457
-260
78
578
1128
1549
1780
1864
1900
1900
1828
1734
1674
1660
1660
1622
1523
1334
1068
777
534
427
434
496
608
716
757
660
419
109
-205
-450
-610
-715
-768
-867
-1148
-1588
-2030
-2396
-2836
-3385
-3837
-4006
-3923
-3750
-3477
-3048
-2633
-2508
-2602
-2551
-2370
-2724
-3899
-5120
-5424
-4907
-4478
-4286
-3619
-2222
-861
-172
298
1214
2380
3202
3767
4719
6075
7066
7199
6881
6657
6369
5572
4366
3398
2994
2825
2382
1723
1311
1332
1487
1476
1540
2011
2796
3465
3937
4498
5154
5478
5216
4692
4281
3923
3332
2528
1736
998
154
-838
-1834
-2724
-3546
-4290
-4835
-5017
-4829
-4405
-3980
-3709
-3535
-3322
-2996
-2721
-2584
-2510
-2320
-2020
-1801
-1815
-2079
-2470
-2866
-3117
-3122
-2878
-2509
-2113
-1689
-1220
-772
-481
-354
-245
16
454
961
1431
1808
2087
2234
2211
2027
1750
1484
1334
1348
1420
1409
1262
1081
935
822
703
594
532
484
469
507
592
593
431
186
19
1
-33
-232
-631
-1077
-1488
-1897
-2330
-2735
-3054
-3359
-3669
-3880
-3806
-3421
-2911
-2539
-2425
-2387
-2277
-2341
-3109
-4512
-5686
-5901
-5448
-5098
-4733
-3673
-1962
-585
-25
410
1406
2638
3442
4044
5118
6560
7473
7412
6963
6678
6289
5228
3711
2573
2162
1968
1405
743
589
981
1343
1410
1636
2392
3372
4041
4501
5202
6074
6498
6183
5579
5119
4638
3747
2529
1406
516
-382
-1438
-2511
-3443
-4248
-4947
-5372
-5360
-4933
-4292
-3631
-3066
-2624
-2239
-1890
-1658
-1651
-1756
-1739
-1552
-1471
-1777
-2397
-3048
-3572
-3951
-4127
-3999
-3602
-3079
-2489
-1770
-1047
-552
-318
-179
160
730
1285
1659
1888
2062
2115
1946
1618
1248
946
731
659
708
776
793
739
655
532
482
539
616
594
510
548
712
904
983
948
846
712
547
209
-354
-982
-1425
-1677
-1974
-2333
-2582
-2721
-2940
-3183
-3052
-2440
-1774
-1438
-1222
-820
-748
-1929
-4332
-6539
-7330
-7123
-7001
-6893
-5701
-3364
-1325
-546
-227
791
2233
3156
3692
4831
6683
8088
8235
7633
7140
6650
5403
3410
1674
947
778
291
-483
-722
-81
760
1155
1398
2132
3345
4393
5057
5749
6646
7240
6978
6128
5305
4592
3547
2052
628
-337
-1015
-1781
-2616
-3294
-3801
-4216
-4481
-4371
-3825
-3007
-2169
-1532
-1118
-832
-594
-554
-905
-1492
-1967
-2171
-2336
-2750
-3412
-4110
-4649
-4907
-4804
-4367
-3713
-2982
-2179
-1273
-338
439
865
1024
1149
1404
1745
1962
1973
1785
1481
1115
643
150
-254
-428
-364
-203
4
212
429
611
714
701
622
530
453
489
619
762
839
875
836
603
149
-392
-814
-1191
-1642
-2006
-2131
-2043
-2107
-2400
-2712
-2854
-2702
-2293
-1680
-1105
-615
-124
33
-992
-3458
-6193
-7671
-7840
-7768
-7714
-6665
-4237
-1807
-633
-255
713
2257
3323
3756
4626
6512
8339
8951
8462
7793
7100
5774
3646
1555
359
-59
-447
-1063
-1284
-635
436
1067
1284
1871
3157
4495
5345
6034
6991
7811
7767
6947
5955
4997
3671
1961
398
-685
-1488
-2344
-3170
-3817
-4297
-4614
-4661
-4305
-3575
-2562
-1359
-310
330
537
544
409
-133
-985
-1766
-2118
-2322
-2846
-3695
-4553
-5092
-5351
-5314
-4949
-4266
-3348
-2297
-1172
-146
656
1156
1404
1549
1706
1866
1902
1742
1442
1099
657
28
-658
-1161
-1267
-1029
-680
-322
-16
332
673
883
822
575
297
79
113
349
768
1012
1095
1021
785
232
-816
-1853
-2683
-3040
-3125
-2862
-2388
-2050
-1795
-1798
-1730
-1755
-1477
-957
-330
505
1281
1742
567
-2201
-5354
-7305
-8068
-8736
-9029
-7952
-5118
-2361
-934
-237
1023
2772
3689
3950
4695
6633
8596
9359
9107
8559
7921
6365
3793
1132
-488
-996
-1370
-1972
-2189
-1308
126
1017
1270
1794
3059
4354
5145
5904
7166
8311
8305
7232
5899
4675
3079
1054
-770
-1919
-2589
-3238
-3817
-4210
-4433
-4598
-4583
-4150
-3223
-1965
-601
538
1308
1815
1964
1568
509
-705
-1580
-2127
-2702
-3431
-4093
-4732
-5355
-5749
-5633
-5050
-4226
-3241
-1914
-295
1129
2079
2530
2642
2512
2259
2066
1812
1512
1043
582
164
-321
-856
-1485
-1802
-1807
-1491
-1003
-479
137
582
897
989
1044
983
738
522
412
551
675
756
624
150
-638
-1586
-2290
-2716
-2927
-3072
-3099
-3025
-2995
-3030
-2972
-2607
-1937
-1156
-350
602
1636
2104
956
-1921
-5306
-7552
-8399
-8795
-8939
-7880
-5174
-2306
-791
-278
632
2187
3286
3708
4490
6305
8310
9340
9426
9102
8307
6496
3821
1362
-54
-556
-906
-1366
-1487
-821
348
1187
1528
1941
2936
4203
5253
6215
7430
8505
8596
7640
6280
4896
3170
1074
-768
-1876
-2517
-3149
-3700
-4004
-4181
-4477
-4699
-4400
-3544
-2368
-1133
124
1243
1942
2070
1576
655
-504
-1571
-2385
-3035
-3710
-4540
-5348
-5861
-5852
-5374
-4638
-3773
-2754
-1483
-101
1052
1749
2033
2145
2161
2021
1709
1377
1136
908
602
243
-121
-504
-875
-1067
-940
-654
-406
-319
-140
123
338
351
229
206
350
599
713
919
1108
1117
408
-793
-1831
-2335
-2347
-2467
-2492
-2542
-2537
-2779
-3205
-3281
-3002
-2264
-1589
-768
264
1224
1265
-681
-3908
-7057
-8681
-9244
-9503
-8929
-6826
-3438
-922
61
519
1741
3364
4188
4673
5726
7632
9111
9452
9083
8426
7226
4836
1878
-433
-1360
-1415
-1532
-1593
-929
643
2175
2839
3056
3648
4734
5624
6208
7091
8373
9184
8636
7058
5333
3703
1730
-536
-2337
-3203
-3506
-3806
-4095
-4095
-3840
-3697
-3693
-3406
-2505
-1157
207
1372
2287
2810
2602
1520
-77
-1614
-2825
-3914
-5018
-5928
-6331
-6337
-6263
-6109
-5591
-4628
-3490
-2231
-681
1088
2478
3062
3145
3145
3066
2543
1580
612
-34
-387
-732
-1159
-1478
-1571
-1373
-1048
-717
-401
-215
-28
152
451
801
1051
1275
1445
1654
1631
1561
1432
1169
616
-389
-1277
-2017
-2499
-3059
-3483
-3527
-3538
-3581
-3866
-3737
-3158
-2174
-1083
-245
739
1848
2902
2380
-495
-4618
-7813
-9073
-9750
-10263
-9632
-6866
-3347
-1321
-630
185
1830
3144
3664
4525
6462
8831
10160
10325
9905
8993
7026
3799
538
-1385
-1701
-1569
-1911
-2242
-1542
93
1367
1742
2097
3350
4911
5902
6669
8049
9691
10100
8920
7133
5537
3723
1266
-1078
-2496
-3101
-3647
-4285
-4616
-4573
-4438
-4390
-4180
-3504
-2296
-722
905
2205
3004
3256
2831
1682
53
-1477
-2670
-3700
-4795
-5852
-6551
-6806
-6613
-5956
-4967
-3866
-2811
-1671
-316
1086
2102
2515
2589
2506
2324
1953
1479
943
274
-416
-1012
-1372
-1741
-1946
-1781
-1224
-617
-315
-58
115
307
273
238
361
603
965
1239
1541
1543
1297
767
198
-466
-1362
-2148
-2641
-2834
-3141
-3466
-3776
-3994
-3965
-3542
-2628
-1678
-794
479
2244
3216
1682
-2045
-5751
-7785
-8675
-9429
-9558
-7840
-4696
-2092
-960
-318
896
2173
2596
2768
4019
6503
8784
9687
9576
9141
8149
5819
2559
-104
-1089
-1006
-1151
-1512
-1142
332
1779
2234
2246
2937
4271
5301
5908
6881
8459
9537
9161
7719
6124
4507
2535
376
-1355
-2373
-2987
-3401
-3619
-3679
-3737
-3910
-3951
-3622
-2791
-1536
-100
1257
2221
2695
2602
1895
661
-852
-2198
-3225
-4114
-5054
-5914
-6284
-6042
-5335
-4409
-3459
-2538
-1597
-571
484
1344
1785
1861
1773
1662
1456
1126
683
194
-223
-512
-778
-1202
-1712
-1924
-1621
-1084
-710
-598
-500
-412
-384
-362
-155
238
452
549
772
1184
1368
998
171
-847
-1935
-2879
-3428
-3620
-3651
-3808
-3811
-3518
-2796
-1938
-1344
-896
-136
1307
1973
267
-3560
-6958
-8176
-8469
-9216
-9570
-7606
-4122
-1755
-1191
-593
1342
3219
3796
4055
5629
8260
9986
10050
9379
8767
7667
5222
2034
-395
-1122
-900
-1057
-1582
-1361
138
1710
2312
2550
3638
5404
6560
7081
7972
9386
9923
8800
6966
5487
4132
2198
57
-1525
-2467
-3345
-4264
-4836
-5029
-5073
-5034
-4533
-3447
-2002
-449
1085
2455
3233
2952
1617
-250
-1945
-3157
-3998
-4475
-4674
-4762
-5121
-5592
-5686
-5152
-4231
-3318
-2201
-716
1023
2354
2939
2868
2306
1551
724
252
236
505
702
629
329
-201
-802
-1540
-2093
-2160
-1669
-928
-548
-255
6
193
-16
-448
-366
58
562
744
1045
1469
1537
967
-251
-1532
-2757
-3591
-4100
-4278
-4302
-4298
-3881
-3134
-2266
-1832
-1437
-310
1042
911
-1985
-5908
-8260
-8565
-8510
-8926
-8132
-5324
-2125
-686
-566
106
1587
2652
2892
3879
6258
8775
9833
9398
8556
7507
5781
3211
830
-185
-15
171
-266
-589
159
1469
2215
2363
2998
4510
6018
6884
7663
8887
9650
8981
7333
5890
4785
3341
1586
213
-566
-1352
-2352
-3257
-3878
-4531
-5230
-5384
-4589
-3144
-1584
10
1495
2386
2273
1485
552
-430
-1691
-2903
-3622
-3840
-4106
-4756
-5369
-5779
-5772
-5273
-4161
-2643
-1215
59
1240
2225
2566
2313
1798
1271
817
576
613
654
468
-4
-476
-868
-1208
-1584
-1604
-1284
-837
-678
-798
-883
-975
-827
-539
115
748
1198
1530
1667
1491
788
-298
-1372
-2383
-3017
-3163
-3167
-3220
-3699
-3978
-3945
-3472
-2839
-2216
-1085
534
1821
793
-2810
-6944
-9157
-9527
-9794
-9870
-8183
-4575
-1496
-581
-496
385
1758
2265
2416
3864
6723
9347
10124
9547
8548
7227
4977
2092
42
-275
335
372
-233
-194
989
2091
2206
2119
3145
4944
6366
7256
8406
9726
9930
8537
6622
5313
4311
2930
1412
521
127
-578
-1765
-2884
-3634
-4261
-4856
-4925
-3978
-2241
-362
1128
2040
2477
2298
1254
-525
-2411
-3504
-3864
-3910
-3973
-3987
-4005
-4608
-5370
-5632
-4814
-3496
-2283
-940
607
2130
2706
2305
1466
792
350
38
69
437
848
774
125
-860
-1785
-2277
-2264
-1817
-1167
-523
-174
-388
-1019
-1750
-1799
-1336
-468
501
1541
2567
2706
2122
624
-797
-1979
-2754
-3072
-3220
-3105
-3404
-3657
-3791
-3550
-3254
-3064
-2050
-113
1218
-323
-4466
-8266
-9642
-9495
-9481
-8965
-6603
-3176
-1132
-936
-608
887
2566
3297
3941
5734
8118
9571
9362
8338
7184
5575
3262
977
103
832
1663
1153
-304
-922
-101
1063
1704
2667
4717
6957
8044
8259
8807
9472
9046
7319
5751
5077
4544
3488
2255
1320
193
-1556
-3440
-4676
-5045
-4925
-4444
-3665
-2707
-1553
-260
897
1365
1075
513
190
16
-339
-852
-1274
-1649
-2445
-3731
-5153
-6129
-6324
-5869
-4804
-3286
-1729
-587
83
592
1023
1326
1453
1642
2015
2432
2674
2423
1769
855
-93
-1014
-1930
-2402
-2162
-1485
-1084
-1324
-1714
-2030
-2298
-2641
-2656
-1831
-485
994
1879
2354
2390
2096
1333
71
-968
-1654
-1940
-2570
-3551
-4620
-5403
-5634
-5455
-4957
-4195
-2623
-308
1011
-766
-5172
-8905
-9721
-8857
-8235
-7360
-4764
-1574
-278
-959
-1172
202
1801
2565
3609
6032
8745
9874
9028
7501
6076
4520
2561
1046
1131
2536
3464
2528
584
-401
100
896
1413
2748
5409
7882
8637
8355
8536
8807
7751
5684
4441
4568
4747
4025
2965
1961
621
-1406
-3267
-4160
-4254
-4020
-3653
-3020
-2281
-1563
-897
-249
188
437
733
988
778
-178
-1575
-2757
-3591
-4275
-4865
-5125
-4991
-4647
-4016
-3202
-2287
-1766
-1558
-1125
-351
610
1410
2052
2476
2484
2135
1640
1134
747
506
478
299
-176
-662
-899
-797
-769
-939
-1269
-1383
-1323
-1209
-977
-626
-216
-50
-95
-61
-34
-382
-746
-967
-651
-463
-987
-1984
-3375
-4326
-5039
-5227
-5122
-4685
-3299
-1178
441
-1208
-5736
-9988
-10968
-9543
-8453
-7273
-4768
-1483
-231
-1305
-1852
-585
1366
2443
3882
6746
9596
10468
8964
7001
5460
4206
2775
1628
1882
3361
4407
2896
-216
-2282
-1871
-203
1269
3209
6254
8876
9194
7921
7218
7476
7239
6324
6125
7051
7573
6503
4348
2182
-48
-2425
-4140
-4413
-3706
-2935
-2444
-2388
-2854
-3780
-4177
-3638
-2735
-1950
-1032
362
1476
1581
744
-317
-1378
-2390
-2993
-3021
-2663
-2451
-2383
-2358
-2377
-2621
-2972
-3071
-2769
-2017
-1146
-171
660
1225
1677
2010
2146
1846
1650
1745
1893
1762
1229
775
260
-349
-1126
-1803
-2366
-2904
-3171
-2923
-2040
-1169
-739
-862
-1051
-1061
-975
-1039
-1218
-892
-533
-290
-684
-1518
-2307
-3095
-3395
-3869
-4147
-3786
-2208
-639
-1943
-6008
-10354
-11579
-10354
-9064
-7737
-5422
-2264
-899
-1565
-1885
-182
2531
4197
5690
7922
10116
10491
8581
6320
4864
4028
3099
2255
2358
3307
3709
1976
-1125
-3160
-2680
-554
1777
4443
7561
9716
9332
7477
6584
7084
7503
7156
7153
7813
7715
5972
3368
989
-1125
-2996
-3842
-3359
-2344
-1867
-2201
-3074
-4137
-4873
-4617
-3412
-2081
-1115
-532
-60
73
-263
-734
-966
-971
-1090
-1428
-1970
-2604
-3166
-3455
-3350
-3049
-2694
-2240
-1666
-1026
-566
-393
-485
-541
-92
920
2034
2584
2428
1964
1559
1242
727
306
195
357
412
-90
-867
-1674
-2258
-2665
-2526
-1681
-643
-118
-352
-860
-1368
-1842
-2271
-2227
-1781
-1100
-824
-1033
-1626
-2423
-2894
-3447
-3757
-3483
-1961
-246
-955
-4635
-9299
-11446
-10822
-9541
-8306
-6500
-3905
-2649
-3404
-3890
-2252
878
3328
5140
7416
9825
10561
8869
6503
5187
4976
4657
3863
3456
3831
3935
2223
-955
-3269
-3170
-1212
1087
3542
6260
8101
7887
6306
5647
6630
8109
8969
9410
9565
8598
6237
3460
1429
45
-1052
-1639
-1525
-1367
-1878
-2981
-4002
-4710
-4869
-4166
-2813
-1192
-14
522
-213
-2245
-4286
-5022
-3717
-1780
-333
207
-505
-2027
-3541
-3701
-2535
-995
310
1135
1507
903
-344
-1409
-1965
-1757
-893
727
2172
2433
1496
217
-604
-1024
-1013
-334
1084
2406
2815
1798
-5
-1832
-2774
-2443
-1159
437
1303
1464
362
-1268
-3030
-3894
-3210
-2219
-1225
-1018
-1232
-2138
-3536
-4231
-4152
-3536
-2954
-1567
331
79
-3750
-9043
-11503
-10319
-8364
-7271
-6272
-4685
-4125
-5557
-6934
-5737
-2165
1495
4407
7193
9568
9964
7930
5435
4748
6092
7824
8342
7581
6217
4473
1828
-1509
-3543
-2887
-493
1467
2457
3472
4377
4202
3363
3846
6217
8718
9937
10198
10111
9037
6711
4439
3516
3424
2913
1809
441
-1158
-3283
-5329
-6356
-6153
-5080
-3762
-2597
-2249
-2885
-3755
-3988
-3214
-1837
-199
1315
2232
2263
1463
39
-1740
-3081
-3087
-1804
-505
-287
-1083
-2061
-2759
-3168
-3058
-2164
-920
-94
165
341
532
528
361
603
1429
2162
2310
1782
1132
582
71
-358
-913
-1179
-1141
-878
-868
-1276
-1335
-1275
-1322
-1961
-2285
-1647
-1040
-1190
-2268
-3050
-3343
-3550
-3456
-2842
-2181
-2296
-2502
-1491
-62
-1005
-5051
-9049
-9785
-7998
-6824
-7185
-7364
-6657
-6424
-7255
-7160
-4521
-540
2301
3659
5035
6872
7933
7451
6762
7589
9518
10375
9175
6995
5534
4492
2621
292
-785
2
1053
1104
829
1230
1797
1826
2095
3883
6655
8582
8885
8436
7875
7084
6164
5742
5938
5760
4540
2597
526
-1567
-3591
-5087
-5596
-5304
-4626
-3968
-3889
-4609
-5500
-5556
-4473
-2796
-1309
-286
154
78
-63
2
76
-76
-221
67
481
180
-925
-2087
-2655
-2468
-1865
-1155
-634
-665
-965
-930
-396
248
601
858
1300
1773
1972
1802
1437
1094
935
840
573
-16
-721
-1241
-1680
-1854
-1520
-862
-479
-979
-1783
-2168
-2265
-2304
-2553
-2740
-2816
-3139
-3210
-2922
-2748
-3046
-3338
-2257
-534
-895
-4288
-8227
-9259
-7531
-6174
-6463
-6990
-6740
-6863
-7977
-8104
-5587
-1796
654
1640
2997
5003
6121
5713
5389
6775
9051
10161
9482
8085
6996
5872
4046
2219
1695
2432
3026
2507
1565
1226
1181
998
1324
2891
4975
6114
6268
6436
6802
6678
6205
6364
7048
7084
5820
3958
2335
694
-1122
-2656
-3469
-3713
-3992
-4469
-5092
-5853
-6422
-6351
-5362
-3888
-2675
-1952
-1684
-1502
-1109
-577
-129
138
365
764
1133
973
165
-752
-1274
-1287
-969
-680
-643
-1056
-1516
-1355
-576
331
714
637
706
1028
1374
1431
1185
1029
1097
1122
865
226
-429
-676
-647
-355
-116
-363
-1208
-2439
-2990
-2459
-1634
-1415
-1983
-2637
-3072
-3201
-2970
-2585
-2381
-2482
-1965
-912
-1371
-4572
-8584
-9759
-7820
-6123
-6589
-7653
-7474
-7062
-7700
-8059
-6132
-2603
-53
939
1852
3409
4613
4675
4763
6264
8620
9953
9308
7734
6685
6185
5219
3789
3073
3380
3550
2610
1539
1630
2166
1945
1522
2367
4261
5291
5016
4906
5627
6254
6200
6346
7044
7196
6023
4368
3385
2687
1393
-365
-1786
-2550
-3166
-3880
-4550
-5274
-6075
-6637
-6427
-5551
-4598
-4000
-3556
-2764
-1780
-932
-461
-296
-72
397
1121
1694
1607
890
100
-307
-328
-237
-383
-781
-1219
-1400
-1189
-748
-368
-215
-4
449
1010
1553
1791
1712
1430
1174
1169
1158
830
370
104
46
-12
-261
-608
-1322
-2317
-2706
-2307
-1727
-1904
-2702
-3201
-3522
-3619
-3429
-3041
-2781
-2943
-2476
-1615
-2365
-5477
-8697
-8847
-6565
-5417
-6620
-8062
-8053
-7703
-8019
-7526
-4872
-1621
-218
-380
150
2091
3900
4533
5012
6656
8826
9552
8353
6824
6499
6927
6446
5074
4267
4271
3951
2665
1800
2490
3451
3326
2829
3435
4672
4848
4090
4108
5274
6138
5959
5786
6292
6525
5640
4353
3609
2957
1570
-204
-1453
-2035
-2506
-3263
-4146
-4956
-5638
-6078
-6171
-5862
-5217
-4466
-3905
-3571
-3009
-2088
-1328
-1168
-1295
-865
115
791
701
224
-48
-10
129
248
148
-212
-620
-740
-487
-289
-168
-17
204
502
593
614
585
581
851
1103
1228
999
566
456
508
628
620
500
403
-38
-552
-809
-857
-1118
-1943
-2656
-2915
-2883
-2828
-2944
-3038
-3205
-2984
-2093
-2076
-4321
-7668
-8841
-6868
-5087
-6135
-8366
-8950
-8096
-7739
-7594
-5954
-3115
-1373
-1339
-1119
391
2230
3136
3635
5053
7172
8443
7989
6815
6585
7355
7571
6395
5017
4679
4699
3954
2903
2855
3478
3228
2376
2502
3774
4618
4204
3986
4858
5601
5358
4935
5350
5954
5749
5192
4918
4485
3035
1143
-28
-540
-1091
-1983
-2908
-3735
-4686
-5423
-5673
-5649
-5615
-5582
-5147
-4424
-3766
-3244
-2855
-2455
-2049
-1479
-644
63
258
-17
-106
288
762
862
446
-30
-203
-113
131
220
149
180
368
602
659
608
688
810
771
661
774
928
702
366
401
748
910
576
216
-26
-367
-545
-543
-508
-864
-1757
-2524
-2958
-2927
-2586
-2496
-2716
-2872
-2233
-1581
-2988
-6233
-8483
-7457
-5078
-5093
-7342
-8964
-8712
-8132
-8163
-7246
-4829
-2855
-2568
-2414
-644
1758
2855
2712
3322
5432
7389
7824
7087
6740
7444
7971
7209
5697
4748
4644
4536
4123
4048
4378
3989
2685
1988
2787
3995
4193
3796
4058
4618
4536
4152
4413
5089
5181
4786
4675
4735
3878
2170
1032
877
772
-97
-1474
-2661
-3560
-4302
-4666
-4740
-4937
-5347
-5599
-5309
-4643
-4048
-3635
-3391
-3161
-2635
-1744
-740
-288
-502
-512
83
862
1268
1186
794
517
591
739
657
332
25
89
311
335
326
282
170
-142
-414
-163
92
44
-145
-60
577
925
937
579
132
195
143
213
456
247
-321
-1592
-2564
-2197
-1818
-2115
-2687
-2572
-1507
-1191
-3134
-6350
-8042
-7098
-5478
-5850
-7895
-9016
-8641
-8165
-8001
-7058
-5028
-3575
-3350
-3032
-1391
891
2155
2461
3058
4759
6381
6661
6344
6567
7644
8393
7807
6502
5634
5404
5089
4537
4333
4680
4462
3214
2352
2836
3822
3954
3494
3697
4319
4341
3998
4193
4869
5142
4717
4272
4120
3638
2637
1705
1206
750
-126
-1202
-2054
-2811
-3599
-4200
-4594
-5019
-5493
-5633
-5303
-4807
-4471
-4274
-4085
-3840
-3405
-2668
-1718
-1003
-738
-702
-500
61
722
1085
1010
846
991
1181
1043
549
147
311
551
422
86
-21
154
69
-286
-333
-4
195
-149
-457
-99
559
927
853
543
405
576
802
782
394
-66
-455
-883
-1164
-1218
-1260
-1646
-2134
-1807
-1056
-1715
-4367
-6808
-6495
-4664
-4798
-7343
-9402
-9038
-7898
-7768
-7648
-6225
-4415
-3910
-4096
-3021
-723
1039
1494
2008
3624
5400
6029
5643
5736
6911
8098
8014
6717
5688
5656
5738
5244
4721
4808
4732
3715
2695
2904
3761
3837
3296
3317
3865
3855
3323
3358
4150
4609
4158
3552
3450
3343
2745
2070
1756
1456
598
-503
-1334
-1999
-2624
-3205
-3795
-4463
-5022
-5196
-5029
-4709
-4248
-3798
-3644
-3782
-3790
-3159
-2091
-1335
-1013
-895
-643
-139
412
806
910
868
915
1148
1387
1327
1133
1113
1289
1190
607
123
47
66
136
237
240
-38
-645
-960
-628
97
677
569
79
-177
19
394
420
90
-299
-392
-370
-657
-1115
-1427
-1488
-1409
-1258
-1396
-2729
-5066
-6501
-5645
-4254
-5120
-7784
-9233
-8513
-7670
-7865
-7688
-6276
-4948
-4696
-4416
-2862
-723
433
756
1679
3531
5048
5418
5436
6091
7207
7728
7110
6171
5841
6146
6213
5677
5377
5537
5190
4030
3325
3897
4635
4315
3542
3543
3977
3816
3330
3580
4345
4459
3718
3137
3124
2974
2367
1719
1354
1005
263
-585
-1230
-1744
-2259
-2797
-3299
-3894
-4508
-4760
-4585
-4417
-4520
-4634
-4521
-4345
-4088
-3550
-2878
-2331
-2134
-2101
-1709
-889
-87
410
558
589
792
1130
1339
1244
1064
1263
1719
1795
1286
590
229
183
288
420
435
237
-97
-232
-74
160
341
330
202
153
304
627
660
255
-211
-405
-390
-456
-629
-879
-1198
-1383
-1162
-801
-1468
-3608
-5531
-5371
-3922
-4041
-6454
-8559
-8397
-7274
-7204
-7606
-6852
-5433
-4896
-4926
-3945
-1953
-528
-136
434
1956
3666
4600
4811
5199
6253
7326
7432
6550
5834
6026
6392
6108
5593
5597
5578
4726
3777
3921
4753
4756
3822
3376
3774
3880
3325
3159
3873
4395
3920
3108
2741
2621
2286
1950
1873
1642
809
-309
-1055
-1388
-1706
-2235
-2871
-3493
-4061
-4427
-4457
-4340
-4273
-4358
-4547
-4565
-4258
-3671
-3076
-2778
-2730
-2698
-2424
-1800
-1029
-426
-123
-66
39
420
901
1082
1015
1027
1283
1539
1416
1019
715
614
637
676
687
538
174
-110
-16
295
435
336
196
155
223
381
503
416
94
-252
-435
-564
-759
-960
-1121
-1290
-1312
-1001
-1009
-2213
-4148
-4986
-4077
-3353
-4683
-7037
-7985
-7219
-6653
-7019
-6936
-5801
-4958
-5102
-4852
-3167
-1258
-526
-375
599
2295
3470
3823
4155
5014
6111
6762
6644
6161
5980
6241
6381
6076
5845
5928
5627
4686
4049
4336
4681
4147
3404
3467
3830
3556
3119
3463
4135
3974
3101
2600
2614
2380
1803
1489
1410
943
97
-518
-812
-1241
-1884
-2367
-2705
-3245
-3870
-4094
-3941
-3877
-4014
-4086
-4027
-4019
-3938
-3526
-2986
-2747
-2795
-2739
-2380
-1887
-1424
-1032
-748
-513
-142
394
805
889
915
1206
1590
1712
1555
1336
1176
1057
998
1015
909
596
385
453
596
594
476
408
328
134
28
143
272
102
-316
-673
-861
-960
-1055
-1101
-1072
-1102
-1186
-1267
-1460
-1933
-2676
-3335
-3636
-3905
-4588
-5526
-6066
-6023
-5974
-6268
-6375
-5688
-4618
-4017
-3875
-3502
-2669
-1841
-1226
-432
711
1750
2324
2677
3222
3977
4667
5050
5161
5181
5345
5701
5952
5880
5600
5399
5343
5254
5125
5004
4823
4455
3950
3613
3584
3761
3912
3802
3409
2904
2578
2518
2496
2257
1805
1327
935
617
380
204
-107
-678
-1301
-1749
-1984
-2146
-2308
-2542
-2938
-3346
-3554
-3555
-3555
-3648
-3697
-3594
-3401
-3268
-3124
-2821
-2479
-2283
-2196
-1945
-1498
-1126
-942
-802
-484
-19
358
529
580
653
748
788
804
841
818
688
572
576
671
688
593
539
591
668
639
543
487
465
399
214
-65
-317
-454
-500
-515
-512
-553
-726
-1000
-1205
-1265
-1409
-1888
-2648
-3448
-4063
-4395
-4486
-4524
-4777
-5228
-5486
-5248
-4676
-4165
-3858
-3636
-3366
-2935
-2266
-1417
-608
-13
443
956
1623
2413
3143
3593
3749
3862
4204
4758
5252
5529
5616
5546
5349
5183
5220
5350
5307
5024
4700
4561
4626
4726
4659
4325
3851
3477
3310
3260
3119
2795
2338
1843
1415
1136
969
750
370
-146
-707
-1232
-1623
-1856
-2042
-2334
-2735
-3085
-3304
-3493
-3739
-3945
-3944
-3792
-3710
-3724
-3677
-3501
-3276
-3098
-2882
-2537
-2177
-1946
-1758
-1409
-919
-548
-456
-501
-425
-159
192
454
547
527
474
470
575
742
858
863
793
735
719
679
583
453
361
380
417
324
133
-29
-108
-107
-23
92
61
-239
-563
-616
-551
-780
-1452
-2293
-2974
-3413
-3658
-3789
-3999
-4447
-4932
-5069
-4705
-4134
-3739
-3572
-3455
-3192
-2652
-1843
-1003
-390
-21
339
896
1628
2382
3001
3357
3505
3683
4066
4535
4890
5093
5146
5019
4821
4796
4984
5104
4909
4526
4287
4303
4382
4322
4105
3796
3440
3123
2941
2833
2637
2260
1772
1347
1113
1027
892
582
164
-273
-708
-1086
-1346
-1556
-1856
-2265
-2630
-2820
-2934
-3169
-3492
-3697
-3683
-3579
-3554
-3599
-3599
-3501
-3351
-3137
-2806
-2423
-2163
-2048
-1854
-1406
-884
-516
-365
-274
-47
269
542
645
644
660
731
823
890
936
984
988
935
889
921
1010
1042
945
796
689
568
354
88
-121
-205
-205
-229
-328
-489
-668
-774
-746
-692
-836
-1304
-2000
-2666
-3118
-3348
-3501
-3734
-4125
-4591
-4866
-4727
-4286
-3904
-3778
-3766
-3583
-3069
-2288
-1485
-877
-493
-163
310
1003
1817
2545
3004
3195
3311
3582
4065
4577
4913
5021
4975
4877
4844
4938
5046
4961
4680
4418
4327
4292
4162
3964
3782
3610
3348
3049
2838
2691
2462
2097
1698
1370
1130
913
648
304
-102
-514
-862
-1114
-1342
-1627
-1955
-2275
-2554
-2795
-2993
-3174
-3357
-3497
-3564
-3542
-3441
-3299
-3142
-3024
-2929
-2771
-2490
-2134
-1818
-1559
-1291
-972
-666
-415
-182
70
305
447
503
554
639
731
741
698
684
698
671
568
486
509
607
676
635
524
428
360
271
149
27
-61
-88
-85
-115
-231
-390
-517
-586
-632
-731
-991
-1488
-2135
-2727
-3104
-3290
-3442
-3693
-4028
-4349
-4502
-4393
-4104
-3820
-3646
-3494
-3218
-2735
-2068
-1347
-752
-337
48
570
1248
1966
2587
3027
3256
3366
3565
3964
4442
4748
4788
4671
4540
4480
4497
4546
4529
4371
4117
3868
3707
3674
3713
3679
3485
3188
2911
2732
2601
2429
2186
1898
1584
1274
1008
755
433
27
-388
-752
-1093
-1449
-1762
-2001
-2279
-2641
-2952
-3117
-3198
-3321
-3487
-3574
-3484
-3319
-3177
-3084
-2974
-2768
-2496
-2179
-1861
-1556
-1285
-1069
-863
-596
-279
-19
115
165
255
445
652
767
803
839
887
895
840
785
777
796
813
803
766
737
724
688
604
482
386
317
203
20
-149
-219
-251
-325
-429
-513
-610
-799
-1053
-1299
-1574
-1974
-2502
-3031
-3437
-3720
-3955
-4173
-4398
-4606
-4666
-4496
-4172
-3841
-3560
-3275
-2910
-2419
-1795
-1121
-558
-181
132
571
1193
1870
2461
2883
3107
3242
3509
3983
4458
4685
4623
4440
4345
4425
4594
4672
4529
4241
4038
4059
4217
4296
4170
3865
3502
3225
3123
3110
2993
2677
2244
1829
1528
1337
1180
926
493
-39
-502
-814
-1057
-1366
-1748
-2117
-2426
-2683
-2881
-3007
-3101
-3204
-3302
-3332
-3268
-3144
-3021
-2928
-2833
-2671
-2401
-2076
-1798
-1604
-1429
-1187
-888
-608
-375
-185
-42
67
188
363
555
692
733
698
639
597
591
598
569
497
418
374
338
309
312
353
352
248
134
71
33
-34
-94
-98
-83
-146
-292
-429
-511
-592
-743
-1006
-1421
-1986
-2572
-3034
-3340
-3579
-3857
-4194
-4527
-4717
-4638
-4325
-3957
-3691
-3477
-3161
-2672
-2031
-1333
-693
-194
197
649
1241
1893
2445
2807
3038
3221
3451
3775
4130
4382
4432
4334
4232
4200
4230
4249
4190
4045
3880
3812
3849
3886
3846
3729
3574
3388
3210
3112
3040
2852
2492
2090
1781
1527
1253
941
606
221
-223
-638
-943
-1175
-1452
-1838
-2258
-2600
-2798
-2890
-2976
-3117
-3277
-3370
-3343
-3192
-2954
-2701
-2521
-2436
-2357
-2162
-1832
-1492
-1256
-1106
-951
-746
-511
-287
-110
5
84
188
350
528
632
633
583
540
522
528
519
442
306
220
237
282
260
175
108
94
100
80
24
-52
-129
-166
-152
-125
-145
-235
-385
-559
-724
-907
-1190
-1631
-2160
-2653
-3046
-3350
-3617
-3877
-4117
-4300
-4356
-4227
-3931
-3589
-3297
-3018
-2646
-2142
-1537
-910
-341
119
505
924
1453
2036
2516
2800
2952
3096
3300
3578
3848
3990
3973
3885
3841
3910
4049
4150
4127
3983
3836
3806
3911
4010
3954
3746
3497
3294
3170
3082
2938
2651
2245
1849
1568
1374
1138
786
362
-53
-419
-731
-1022
-1323
-1655
-1989
-2262
-2432
-2537
-2655
-2806
-2940
-2996
-2946
-2828
-2702
-2614
-2554
-2463
-2300
-2057
-1786
-1542
-1349
-1178
-995
-781
-564
-383
-249
-146
-56
5
87
211
350
438
439
405
379
350
303
232
151
67
-27
-83
-69
-16
-14
-78
-169
-229
-241
-250
-308
-391
-453
-469
-476
-522
-617
-724
-831
-971
-1161
-1417
-1772
-2222
-2677
-3021
-3245
-3433
-3640
-3828
-3917
-3865
-3660
-3367
-3080
-2832
-2545
-2119
-1581
-1022
-498
-13
428
847
1312
1833
2319
2686
2921
3078
3217
3403
3647
3850
3927
3891
3870
3920
4011
4087
4108
4059
3963
3892
3903
3937
3893
3752
3556
3391
3287
3198
3067
2841
2519
2151
1802
1488
1211
924
576
164
-256
-605
-876
-1098
-1331
-1612
-1919
-2193
-2377
-2487
-2558
-2643
-2800
-2966
-3031
-2952
-2774
-2606
-2505
-2443
-2349
-2163
-1892
-1589
-1348
-1214
-1122
-974
-751
-516
-331
-228
-186
-146
-58
87
224
284
243
165
123
119
133
130
86
-5
-100
-132
-92
-11
37
13
-46
-97
-100
-78
-80
-138
-235
-309
-372
-421
-460
-534
-689
-913
-1127
-1307
-1544
-1914
-2357
-2755
-3035
-3220
-3335
-3423
-3504
-3561
-3514
-3291
-2980
-2684
-2427
-2133
-1733
-1240
-716
-226
208
606
1014
1442
1866
2246
2541
2745
2911
3098
3325
3551
3695
3730
3733
3772
3836
3894
3927
3912
3856
3792
3757
3762
3742
3641
3473
3317
3215
3138
3013
2791
2501
2179
1847
1546
1262
966
645
291
-72
-405
-660
-870
-1081
-1315
-1567
-1801
-1991
-2114
-2171
-2222
-2315
-2441
-2506
-2463
-2349
-2253
-2176
-2103
-2016
-1875
-1699
-1495
-1333
-1254
-1209
-1105
-916
-706
-566
-517
-498
-439
-318
-177
-60
-8
-19
-44
-41
-2
24
-9
-95
-163
-156
-120
-112
-127
-138
-142
-174
-237
-290
-316
-347
-417
-496
-543
-575
-625
-665
-679
-727
-872
-1074
-1267
-1477
-1760
-2117
-2483
-2800
-3048
-3217
-3304
-3341
-3368
-3363
-3253
-3024
-2714
-2382
-2054
-1700
-1289
-821
-339
118
534
923
1308
1683
2040
2362
2627
2824
2998
3182
3357
3492
3565
3618
3668
3710
3738
3765
3789
3816
3834
3831
3819
3800
3750
3661
3575
3512
3444
3344
3175
2935
2667
2388
2093
1764
1417
1059
687
329
-3
-308
-603
-911
-1220
-1507
-1738
-1909
-2057
-2195
-2323
-2436
-2524
-2561
-2519
-2437
-2362
-2316
-2283
-2216
-2088
-1913
-1724
-1567
-1472
-1420
-1343
-1194
-1017
-889
-841
-833
-801
-716
-588
-460
-388
-383
-401
-381
-304
-216
-168
-190
-238
-247
-196
-119
-74
-83
-115
-127
-98
-50
-49
-107
-195
-262
-292
-300
-326
-394
-478
-567
-673
-814
-975
-1147
-1346
-1607
-1919
-2242
-2525
-2735
-2874
-2946
-3000
-3028
-2997
-2853
-2614
-2354
-2102
-1843
-1529
-1133
-662
-182
233
567
868
1203
1571
1916
2195
2393
2556
2730
2927
3124
3270
3341
3352
3381
3459
3564
3637
3668
3694
3721
3763
3785
3780
3740
3669
3567
3439
3300
3143
2974
2768
2520
2233
1898
1526
1141
784
456
135
-188
-485
-744
-977
-1188
-1383
-1566
-1740
-1879
-1961
-2010
-2067
-2134
-2192
-2217
-2207
-2184
-2150
-2103
-2059
-2018
-1944
-1832
-1713
-1623
-1557
-1482
-1387
-1279
-1183
-1098
-1015
-918
-822
-737
-654
-580
-494
-408
-328
-259
-214
-179
-141
-77
2
70
108
113
108
121
125
100
54
14
-16
-76
-133
-179
-231
-302
-393
-478
-573
-696
-844
-991
-1138
-1318
-1564
-1847
-2120
-2341
-2496
-2606
-2678
-2743
-2775
-2744
-2633
-2447
-2249
-2070
-1894
-1642
-1298
-911
-538
-197
122
447
799
1151
1476
1735
1958
2187
2454
2720
2926
3069
3179
3309
3450
3566
3619
3629
3645
3694
3781
3856
3867
3811
3726
3678
3650
3574
3419
3204
2966
2751
2556
2321
2021
1664
1321
1022
767
521
259
-14
-295
-542
-753
-949
-1172
-1418
-1618
-1751
-1859
-1968
-2086
-2172
-2213
-2228
-2238
-2251
-2269
-2285
-2279
-2225
-2144
-2068
-2011
-1953
-1865
-1741
-1622
-1533
-1463
-1377
-1250
-1107
-970
-849
-760
-689
-621
-538
-453
-402
-375
-341
-266
-178
-135
-129
-109
-63
-10
31
56
42
13
-3
0
2
-38
-128
-227
-281
-287
-305
-371
-489
-627
-754
-862
-971
-1138
-1375
-1636
-1862
-2008
-2095
-2162
-2248
-2328
-2349
-2280
-2131
-1962
-1801
-1629
-1405
-1117
-787
-436
-105
196
481
779
1091
1389
1658
1903
2136
2363
2567
2735
2874
3003
3112
3200
3264
3302
3331
3368
3417
3461
3472
3460
3428
3384
3348
3305
3220
3081
2918
2762
2631
2480
2283
2045
1784
1525
1262
1016
771
502
228
-30
-261
-486
-722
-942
-1135
-1298
-1445
-1597
-1747
-1867
-1952
-2019
-2077
-2152
-2225
-2269
-2264
-2224
-2182
-2157
-2157
-2141
-2081
-1974
-1852
-1766
-1714
-1663
-1589
-1485
-1362
-1242
-1134
-1046
-945
-826
-688
-576
-514
-459
-394
-320
-255
-213
-183
-154
-133
-112
-109
-129
-146
-155
-164
-181
-221
-256
-275
-291
-311
-345
-391
-449
-494
-517
-538
-579
-657
-765
-883
-996
-1125
-1267
-1423
-1586
-1730
-1816
-1836
-1818
-1792
-1753
-1700
-1601
-1439
-1225
-987
-757
-534
-285
3
319
637
926
1195
1453
1703
1963
2236
2466
2647
2803
2938
3066
3187
3285
3354
3396
3421
3430
3439
3441
3421
3371
3297
3211
3120
3024
2910
2780
2626
2465
2308
2153
1995
1818
1619
1401
1186
963
730
503
274
43
-188
-411
-633
-854
-1080
-1298
-1483
-1650
-1807
-1954
-2072
-2163
-2225
-2269
-2312
-2355
-2385
-2406
-2392
-2347
-2289
-2239
-2210
-2159
-2061
-1951
-1856
-1785
-1732
-1670
-1585
-1461
-1326
-1219
-1153
-1099
-1029
-949
-873
-813
-774
-754
-726
-665
-565
-465
-385
-322
-265
-199
-123
-40
31
84
112
122
133
159
187
183
139
66
-14
-82
-140
-216
-319
-461
-624
-776
-905
-1018
-1132
-1248
-1358
-1436
-1464
-1442
-1383
-1300
-1194
-1066
-924
-751
-538
-302
-54
184
422
655
901
1149
1391
1622
1818
1982
2128
2278
2433
2568
2669
2742
2795
2846
2905
2947
2982
2998
3010
3010
3011
3010
3002
2978
2937
2879
2803
2713
2602
2460
2293
2115
1905
1694
1476
1226
959
688
418
155
-91
-332
-568
-813
-1047
-1249
-1434
-1609
-1767
-1915
-2045
-2146
-2215
-2247
-2267
-2300
-2342
-2369
-2370
-2353
-2332
-2322
-2314
-2303
-2280
-2237
-2186
-2137
-2089
-2037
-1968
-1890
-1814
-1741
-1655
-1556
-1456
-1340
-1227
-1109
-984
-845
-704
-572
-455
-333
-203
-87
14
92
161
220
262
300
320
321
321
331
341
330
291
241
212
195
167
114
37
-50
-132
-201
-257
-330
-422
-511
-571
-595
-607
-612
-617
-598
-547
-454
-341
-229
-116
-1
130
283
432
574
709
832
955
1099
1259
1408
1534
1640
1756
1881
2011
2126
2210
2281
2340
2399
2451
2493
2517
2513
2499
2478
2446
2403
2344
2266
2179
2093
1991
1863
1726
1574
1412
1240
1055
864
666
468
271
80
-109
-290
-474
-644
-797
-938
-1068
-1187
-1294
-1400
-1502
-1591
-1672
-1737
-1796
-1851
-1903
-1941
-1969
-1981
-1981
-1980
-1971
-1946
-1904
-1859
-1813
-1770
-1722
-1666
-1601
-1534
-1466
-1403
-1332
-1253
-1174
-1102
-1036
-964
-888
-817
-750
-673
-599
-540
-493
-443
-393
-349
-318
-290
-271
-256
-238
-220
-206
-190
-177
-165
-145
-121
-110
-101
-98
-98
-101
-102
-114
-135
-143
-156
-162
-163
-159
-146
-125
-101
-68
-32
10
66
128
192
269
347
432
532
631
725
819
916
1022
1138
1260
1365
1468
1562
1655
1760
1860
1944
2010
2080
2151
2214
2256
2283
2303
2316
2311
2296
2266
2216
2148
2067
1982
1878
1760
1628
1488
1347
1199
1045
886
718
553
390
227
59
-99
-257
-400
-538
-677
-810
-935
-1044
-1143
-1231
-1319
-1401
-1479
-1539
-1584
-1635
-1675
-1716
-1751
-1779
-1807
-1823
-1843
-1860
-1868
-1873
-1868
-1861
-1851
-1829
-1791
-1749
-1708
-1654
-1596
-1534
-1471
-1402
-1331
-1269
-1205
-1142
-1065
-982
-906
-839
-776
-707
-627
-547
-468
-400
-343
-288
-222
-155
-97
-52
-17
14
46
74
95
110
124
128
127
133
149
168
182
200
205
226
271
315
369
413
450
485
525
582
642
692
732
779
844
914
988
1060
1121
1188
1254
1332
1412
1475
1527
1578
1643
1698
1740
1779
1813
1843
1867
1877
1869
1855
1837
1823
1795
1744
1673
1598
1532
1456
1365
1252
1131
1009
897
785
656
514
373
240
118
5
-112
-231
-351
-463
-560
-654
-747
-853
-948
-1030
-1108
-1182
-1258
-1328
-1393
-1445
-1492
-1532
-1564
-1592
-1612
-1626
-1636
-1642
-1647
-1643
-1628
-1619
-1616
-1610
-1599
-1575
-1541
-1502
-1455
-1406
-1350
-1293
-1229
-1154
-1079
-1012
-941
-869
-803
-742
-683
-626
-566
-496
-440
-384
-340
-293
-232
-177
-130
-95
-55
-5
41
90
121
142
154
172
201
227
242
239
242
250
265
281
288
296
309
333
361
393
420
445
475
510
548
586
631
672
715
772
828
872
920
974
1037
1100
1144
1189
1230
1273
1320
1358
1387
1414
1427
1443
1468
1477
1483
1480
1476
1469
1453
1433
1401
1367
1321
1262
1194
1118
1043
965
881
793
691
578
474
367
272
167
53
-54
-160
-260
-352
-439
-527
-612
-692
-768
-830
-891
-948
-1000
-1046
-1088
-1127
-1163
-1194
-1218
-1241
-1260
-1275
-1289
-1303
-1313
-1315
-1310
-1305
-1305
-1312
-1318
-1313
-1292
-1277
-1270
-1258
-1237
-1205
-1159
-1119
-1092
-1063
-1026
-972
-910
-854
-806
-760
-702
-635
-565
-509
-464
-417
-363
-286
-224
-174
-131
-91
-45
-8
25
53
78
108
140
173
199
220
243
271
306
329
342
351
368
393
432
462
481
498
516
546
580
615
646
678
710
744
789
834
873
902
935
969
996
1029
1063
1089
1106
1119
1125
1134
1153
1162
1160
1155
1152
1144
1132
1117
1095
1062
1027
995
953
911
870
820
764
705
644
586
534
481
422
355
295
232
179
130
71
-2
-67
-119
-174
-235
-301
-368
-435
-487
