2
2
1
2
2
2
2
1
0
0
1
1
2
0
-1
0
-1
-1
-1
0
1
-1
1
1
1
1
0
2
1
2
0
1
-1
0
1
0
1
0
1
0
-1
-1
0
1
-1
-1
-1
-2
-2
-1
-1
-2
-1
-2
-1
1
0
0
0
0
-2
-1
-1
-1
-2
-1
-2
-2
-1
-1
-1
0
1
0
0
1
0
1
0
-1
0
-1
0
0
0
0
0
0
0
0
1
2
1
3
2
2
1
1
0
0
0
0
-1
0
0
0
0
-2
1
0
0
1
0
0
2
0
1
0
0
0
0
-1
0
-1
-2
-1
-1
-1
-1
0
-1
-1
0
0
-2
-2
-2
0
0
0
1
1
1
1
2
1
-1
-1
0
-2
-2
0
-1
-2
-1
0
0
0
0
0
0
0
0
0
1
1
2
1
1
0
1
1
1
1
1
1
1
1
1
1
1
-1
1
0
-2
-1
0
0
0
-1
0
0
0
-1
0
2
0
1
2
1
1
2
1
2
2
1
0
0
0
0
-1
0
-1
-2
-1
-1
-2
-2
-2
-2
-2
-2
0
-1
-1
0
0
1
0
0
1
1
0
0
-1
-1
-1
-1
-2
-1
-1
-1
0
0
-1
-2
-1
-2
-1
-1
-2
-1
1
1
1
2
2
1
2
2
2
1
-1
2
2
1
0
1
1
1
-1
0
1
1
0
0
1
0
1
1
1
1
2
1
0
1
1
-1
-1
1
-1
-1
0
-2
-1
-2
-2
-1
-2
-3
-3
-3
-3
-3
-3
-2
-2
-2
-1
-1
-1
1
-1
0
0
1
0
1
2
0
2
1
1
2
0
0
0
-1
-1
0
1
0
-1
-1
-1
-1
0
-1
0
0
0
2
0
0
2
2
2
0
1
2
1
0
0
1
0
1
1
1
1
-1
1
0
1
0
0
0
0
0
-1
-2
-1
0
-2
-3
0
-1
0
-1
0
0
0
0
-1
1
1
1
1
1
0
1
2
1
1
0
0
1
0
1
0
-1
-1
0
0
0
-1
0
-1
-1
-1
-1
-2
-1
-1
-1
-1
0
-1
-1
-1
-1
2
-1
0
0
0
0
0
-1
0
0
0
1
1
0
0
1
0
-1
1
0
0
-1
-1
-1
0
-1
1
1
0
0
1
0
0
1
1
0
2
2
2
1
2
2
2
3
3
2
1
0
0
1
1
0
-1
1
0
0
1
0
0
-1
-1
-3
-1
-2
-2
-3
-2
-2
-2
-1
-1
-1
0
1
1
2
2
1
1
1
0
0
0
1
1
-1
0
0
-1
-1
0
-1
-1
-1
0
-1
-1
-2
-1
-2
-1
0
0
0
-1
-1
0
-1
-1
0
0
0
0
0
1
2
2
1
1
2
2
2
2
3
2
2
0
1
0
1
0
0
-1
-1
-1
-3
-1
-2
-1
0
-2
-2
-3
-2
-1
-1
-1
-2
0
-2
0
-2
-1
0
0
0
-1
-2
-2
-1
-1
-1
-2
-2
-1
-2
0
-1
0
0
1
0
1
1
3
4
5
5
6
6
6
5
6
6
5
5
4
3
2
0
-1
-1
-3
-3
-4
-7
-7
-6
-7
-7
-8
-7
-8
-8
-11
-12
-13
-14
-14
-15
-12
-13
-10
-5
0
8
17
22
27
30
36
39
42
43
43
40
35
27
20
13
6
-4
-15
-24
-36
-52
-65
-74
-79
-88
-102
-118
-129
-129
-122
-109
-90
-72
-51
-35
-10
26
71
121
166
199
229
252
269
291
312
328
329
311
274
233
191
153
117
76
21
-53
-134
-204
-261
-308
-342
-372
-398
-430
-457
-469
-454
-419
-369
-312
-265
-226
-192
-144
-75
2
80
140
186
230
274
317
361
405
452
488
495
484
462
439
417
387
348
291
210
105
-6
-109
-204
-302
-409
-524
-655
-797
-934
-1037
-1103
-1142
-1171
-1190
-1193
-1163
-1089
-963
-786
-582
-366
-141
92
342
610
883
1150
1404
1632
1817
1956
2065
2145
2186
2171
2100
1978
1805
1586
1335
1071
792
491
165
-165
-477
-764
-1019
-1244
-1431
-1579
-1690
-1765
-1791
-1763
-1681
-1557
-1409
-1240
-1051
-844
-610
-348
-76
181
394
560
700
837
972
1101
1193
1215
1151
1013
855
727
625
498
313
57
-246
-555
-846
-1086
-1277
-1439
-1588
-1764
-2006
-2287
-2513
-2575
-2473
-2321
-2218
-2176
-2153
-2093
-1948
-1647
-1194
-698
-302
-33
213
527
920
1370
1862
2358
2744
2936
2991
3061
3223
3419
3557
3581
3489
3252
2884
2475
2149
1929
1699
1344
861
321
-234
-756
-1166
-1411
-1572
-1787
-2088
-2376
-2576
-2677
-2667
-2467
-2085
-1673
-1371
-1162
-901
-507
-10
538
1104
1597
1928
2085
2173
2323
2535
2711
2768
2678
2433
2074
1675
1314
1020
762
459
55
-434
-939
-1362
-1657
-1830
-1922
-2016
-2156
-2322
-2446
-2460
-2317
-2053
-1778
-1559
-1438
-1371
-1268
-1088
-852
-611
-427
-400
-640
-1107
-1521
-1606
-1452
-1539
-2104
-2819
-3244
-3368
-3528
-3778
-3737
-3328
-3056
-3201
-3328
-2825
-1804
-974
-539
43
1011
1895
2299
2624
3510
4756
5523
5574
5573
5957
6315
6169
5830
5861
6036
5607
4517
3547
3130
2791
2004
1023
378
-82
-924
-2092
-2901
-3059
-3082
-3473
-3976
-4088
-3932
-3935
-4035
-3715
-2867
-2150
-2016
-1968
-1337
-279
486
691
915
1617
2385
2729
2825
3062
3374
3385
3127
3105
3341
3190
2405
1516
1108
1049
741
59
-583
-1034
-1556
-2191
-2644
-2732
-2671
-2789
-3025
-3051
-2878
-2728
-2615
-2340
-1791
-1171
-775
-568
-318
54
521
993
1446
1875
2145
2149
2018
1949
2009
2083
1996
1725
1299
687
-51
-770
-1411
-2065
-2829
-3602
-4222
-4833
-5762
-6896
-7663
-7693
-7354
-7302
-7557
-7534
-6966
-6219
-5580
-4761
-3369
-1717
-500
280
1273
2782
4309
5367
6229
7407
8653
9229
9109
9071
9540
9976
9749
9030
8397
7829
6822
5393
4187
3486
2769
1492
-102
-1405
-2363
-3365
-4416
-5076
-5233
-5383
-5913
-6498
-6584
-6150
-5590
-5060
-4367
-3494
-2777
-2371
-1966
-1212
-172
853
1759
2610
3294
3586
3624
3864
4469
5091
5295
5063
4647
4147
3511
2858
2430
2172
1677
743
-344
-1221
-1853
-2413
-2863
-3021
-3054
-3341
-3855
-4175
-4003
-3517
-3090
-2722
-2209
-1664
-1323
-1128
-800
-116
611
995
1079
1089
1207
1346
1298
1148
938
422
-505
-1665
-2514
-2757
-3071
-4172
-5817
-7162
-7662
-7791
-8298
-8827
-8712
-8157
-7798
-7743
-7240
-5695
-3809
-2483
-1511
-186
1539
3027
4031
5182
6937
8638
9397
9440
9673
10383
10957
10830
10332
10065
9816
8890
7366
6065
5348
4644
3317
1603
185
-905
-2213
-3755
-4928
-5450
-5778
-6433
-7231
-7596
-7429
-7067
-6609
-5914
-4977
-4075
-3407
-2762
-1845
-670
520
1548
2331
2875
3362
3978
4764
5503
5920
5973
5837
5642
5389
5104
4759
4269
3495
2429
1329
354
-559
-1419
-2174
-2840
-3511
-4304
-4982
-5223
-5075
-4770
-4481
-4229
-3864
-3375
-2856
-2203
-1392
-434
523
1163
1499
1776
2108
2504
2869
3071
3173
3023
2497
1899
1412
911
128
-1081
-2322
-3072
-3730
-5005
-6765
-8302
-8988
-9112
-9661
-10584
-10945
-10589
-10021
-9600
-9075
-7669
-5623
-4031
-2969
-1644
336
2563
4238
5390
6907
8771
10116
10635
10908
11627
12538
12757
12201
11662
11351
10689
9318
7768
6764
6069
4851
2926
979
-475
-1711
-3147
-4606
-5646
-6360
-7190
-8215
-8901
-8840
-8358
-7952
-7621
-7064
-6127
-5041
-4084
-3032
-1707
-337
874
1823
2607
3412
4113
4735
5583
6371
6633
6344
5777
5447
5371
5055
4538
4023
3306
2311
1179
255
-217
-655
-1357
-2044
-2577
-3003
-3444
-3911
-3954
-3511
-3088
-2877
-2858
-2834
-2489
-2002
-1481
-649
291
940
1083
658
287
554
1135
1519
1509
1144
703
192
-728
-1948
-3007
-3682
-4221
-5225
-6924
-8668
-9705
-10096
-10464
-11005
-11257
-10904
-10313
-9921
-9404
-8034
-5916
-3945
-2519
-1170
617
2689
4458
5884
7502
9321
10780
11563
11933
12428
13077
13327
13019
12579
12179
11512
10249
8610
7288
6385
5263
3556
1620
-103
-1615
-3233
-4869
-6066
-6761
-7455
-8461
-9378
-9633
-9262
-8728
-8235
-7607
-6608
-5466
-4486
-3467
-2171
-698
607
1480
2256
3391
4674
5725
6477
6986
7281
7263
6823
6460
6431
6257
5666
4705
3625
2625
1574
526
-200
-729
-1454
-2346
-3092
-3452
-3526
-3692
-3838
-3635
-3259
-3003
-2888
-2605
-1914
-1080
-550
-285
-76
92
38
-237
-274
34
389
336
-137
-779
-1612
-2898
-4288
-5168
-5677
-6386
-7839
-9420
-10317
-10689
-11220
-11785
-11698
-10853
-9814
-9316
-8776
-7420
-5413
-3480
-1855
-134
1909
3924
5304
6495
8126
10070
11668
12444
12725
13106
13556
13493
13018
12545
12187
11595
10258
8530
7103
5989
4729
3093
1326
-212
-1643
-3370
-5078
-6281
-6936
-7398
-8155
-8964
-9348
-9248
-8830
-8197
-7364
-6226
-5000
-4047
-3176
-2334
-1371
-132
1237
2640
3916
4677
4989
5341
5784
6453
7112
7389
7344
6989
6341
5678
5219
4829
4441
3712
2571
1364
325
-433
-983
-1481
-2038
-2533
-2966
-3372
-3733
-3871
-3553
-2932
-2409
-2260
-2329
-2112
-1673
-1577
-1707
-1646
-1319
-1012
-1196
-1729
-2010
-2530
-3981
-5708
-6978
-7509
-7899
-9058
-10486
-11198
-11571
-12078
-12390
-12129
-10833
-9288
-8486
-7757
-6308
-4299
-2137
-227
1587
3856
5979
7288
8211
9385
11051
12695
13602
13787
13867
13880
13504
12834
12247
11947
11417
10095
8183
6478
5231
4039
2663
1125
-369
-1932
-3681
-5352
-6634
-7391
-7818
-8260
-8790
-9216
-9385
-9092
-8390
-7493
-6278
-4957
-3806
-2904
-2281
-1486
-178
1438
3057
4357
5149
5697
6176
6608
7092
7493
7730
7740
7274
6387
5438
4716
4176
3530
2534
1432
439
-580
-1559
-2325
-2678
-2823
-3162
-3811
-4360
-4430
-4174
-3918
-3786
-3440
-2923
-2504
-2321
-2379
-2180
-1692
-1297
-1087
-970
-1015
-1162
-1819
-3284
-4750
-5904
-6719
-7346
-8416
-9729
-10601
-11192
-11863
-12118
-11994
-11182
-9848
-8914
-8085
-6754
-4977
-3074
-1053
754
2764
4864
6416
7634
8893
10383
11924
13172
13675
13834
13930
13741
13347
12840
12348
11792
10772
9125
7365
5932
4670
3320
1805
317
-1118
-2732
-4435
-5894
-6785
-7318
-7867
-8475
-8895
-9037
-8898
-8436
-7679
-6542
-5354
-4514
-3993
-3377
-2412
-1017
513
1877
3049
3987
4720
5392
6181
6951
7500
7621
7459
7188
6740
6057
5254
4518
3708
2691
1509
453
-387
-1144
-1910
-2524
-2910
-3306
-3797
-4152
-4105
-3754
-3404
-3215
-2907
-2330
-1755
-1470
-1507
-1422
-1029
-546
-378
-611
-899
-1081
-1463
-2664
-4367
-6025
-7137
-7911
-8976
-10115
-11020
-11629
-12335
-12891
-13010
-12291
-11041
-9940
-8838
-7523
-5833
-3964
-1926
110
2341
4560
6327
7740
8960
10362
11942
13320
14104
14437
14514
14319
13897
13316
12821
12312
11400
9955
8243
6659
5195
3787
2325
846
-652
-2281
-3991
-5656
-6878
-7599
-7849
-8069
-8618
-9265
-9524
-9053
-8247
-7203
-6125
-4860
-3691
-2893
-1946
-472
1461
3126
4388
5339
6316
7101
7527
7965
8364
8542
8176
7382
6433
5499
4435
3330
2377
1278
94
-1137
-2296
-3222
-3984
-4523
-4755
-4971
-5395
-5696
-5620
-5178
-4480
-3798
-3182
-2600
-2141
-1707
-1286
-706
-138
422
785
679
285
-155
-822
-2208
-3919
-5628
-6672
-7399
-8620
-10122
-11281
-12055
-12735
-13102
-13213
-12351
-11063
-10155
-9229
-7856
-6030
-3860
-1673
210
2404
4533
6313
7932
9386
10892
12455
13720
14357
14627
14715
14641
14396
13854
13168
12472
11456
9842
8025
6487
5186
3895
2211
388
-1274
-2967
-4699
-6256
-7224
-7611
-7885
-8555
-9424
-10023
-9841
-9042
-8053
-6949
-5820
-4490
-3235
-2135
-860
829
2607
4142
5221
5940
6712
7325
7819
8232
8349
8210
7738
6878
5832
4711
3589
2558
1522
290
-975
-2244
-3409
-4376
-5102
-5488
-5697
-5840
-6067
-6099
-5883
-5471
-4715
-3770
-2856
-2149
-1549
-930
-194
557
1151
1759
2204
2274
1973
1577
905
-528
-2437
-4403
-5651
-6409
-7541
-9179
-10699
-11831
-12723
-13271
-13616
-13041
-11825
-10814
-10010
-9047
-7492
-5352
-2998
-993
1098
3246
5163
6896
8285
9831
11663
13342
14259
14588
14719
14777
14681
14126
13560
13118
12386
10940
8980
7161
5706
4444
2987
1373
-308
-2175
-4137
-5887
-7006
-7553
-7759
-8123
-8917
-9767
-10211
-9859
-8825
-7531
-6331
-5190
-4271
-3516
-2395
-702
1417
3360
4689
5553
6367
7011
7663
8488
9082
9276
8788
7741
6647
5624
4541
3589
2646
1378
-58
-1622
-3019
-4041
-4792
-5346
-5676
-5905
-6343
-6688
-6705
-6245
-5271
-4224
-3501
-3023
-2564
-1880
-1057
-170
697
1373
1831
1881
1692
1681
1552
459
-1316
-3313
-4873
-5686
-6776
-8269
-9560
-10641
-11762
-12594
-13243
-13049
-11870
-10939
-10119
-9093
-7766
-6034
-3962
-2035
66
2403
4337
6014
7390
8785
10487
12202
13350
13991
14428
14514
14344
13890
13392
13087
12603
11409
9727
8043
6497
5104
3632
2060
530
-1188
-3140
-5025
-6400
-7044
-7334
-7757
-8529
-9398
-9955
-9864
-9244
-8128
-6758
-5648
-4747
-3908
-2684
-906
1049
2766
4292
5556
6494
7300
7964
8648
9179
9222
8832
8190
7313
6234
5019
3795
2682
1475
54
-1464
-2882
-3982
-4795
-5417
-5822
-6075
-6303
-6498
-6536
-6231
-5433
-4625
-4013
-3484
-2921
-2136
-1332
-560
262
1171
1687
1686
1526
1487
1362
402
-1355
-3408
-4807
-5662
-6733
-8025
-9308
-10454
-11528
-12381
-12930
-12452
-11298
-10320
-9510
-8762
-7619
-5838
-3735
-1762
340
2462
4351
5976
7271
8691
10438
12184
13301
13811
14017
13990
13789
13302
12801
12480
11991
10772
9053
7315
5804
4629
3355
1954
472
-1296
-3210
-4889
-6001
-6502
-6691
-7113
-7831
-8603
-9052
-8839
-8039
-6863
-5763
-4828
-3971
-3032
-1610
232
2172
3914
5245
6087
6802
7503
8135
8743
8947
8717
8109
7152
6097
5043
3887
2740
1589
329
-993
-2319
-3502
-4434
-5124
-5611
-5929
-6121
-6366
-6512
-6353
-5759
-4811
-3985
-3403
-3002
-2384
-1647
-879
-75
756
1499
1759
1619
1251
1155
596
-758
-2659
-4625
-5903
-6825
-7877
-9124
-10129
-11215
-12147
-12729
-12828
-11901
-10614
-9518
-8615
-7473
-5952
-3954
-1848
87
2233
4292
6001
7313
8528
9884
11502
12857
13511
13844
13903
13743
13380
12850
12367
11970
11163
9717
8045
6445
5110
3877
2535
1145
-396
-2231
-4142
-5703
-6563
-6884
-7213
-7763
-8385
-8872
-8922
-8443
-7454
-6076
-4825
-3951
-3079
-1929
-304
1616
3331
4790
5833
6433
6944
7522
8103
8512
8364
7700
6876
5957
4934
3809
2526
1231
46
-1151
-2386
-3560
-4586
-5411
-6012
-6433
-6616
-6648
-6611
-6509
-6138
-5294
-4250
-3413
-2867
-2277
-1418
-467
385
1201
2052
2655
2825
2696
2576
2328
1259
-576
-2741
-4526
-5703
-6711
-7885
-9152
-10476
-11840
-12725
-13153
-12769
-11724
-10611
-9590
-8645
-7464
-5778
-3545
-1323
883
2990
4896
6572
7955
9291
10814
12430
13597
14175
14277
14043
13626
13087
12522
12061
11505
10390
8737
6918
5199
3836
2621
1363
-8
-1587
-3361
-5108
-6472
-7297
-7573
-7642
-7871
-8380
-8799
-8807
-8234
-7029
-5626
-4259
-3098
-2161
-1093
453
2235
3957
5410
6374
7084
7527
7799
8039
8159
7969
7363
6495
5472
4312
2958
1542
275
-779
-1800
-2880
-3940
-4851
-5597
-6185
-6570
-6610
-6400
-6193
-5999
-5683
-4916
-3823
-2812
-2140
-1416
-536
454
1258
1781
2378
2943
3129
2786
2199
1148
-334
-2375
-4398
-5647
-6428
-7376
-8868
-10493
-11944
-12699
-12978
-12717
-11791
-10680
-9663
-8863
-7844
-6322
-4013
-1530
655
2579
4270
5936
7438
8885
10369
12035
13368
13951
14055
13907
13794
13527
13072
12485
11783
10697
9070
7264
5579
4225
2972
1665
157
-1563
-3347
-5005
-6231
-6944
-7303
-7558
-7799
-8182
-8447
-8362
-7888
-6891
-5582
-4311
-3254
-2386
-1480
-57
1771
3571
5101
6171
6912
7426
7851
8222
8507
8450
7881
7053
6085
5050
3840
2469
1042
-227
-1351
-2470
-3515
-4512
-5405
-6130
-6617
-6778
-6683
-6517
-6387
-6171
-5537
-4578
-3558
-2710
-1996
-1218
-316
550
1286
1988
2520
2766
2702
2388
1629
320
-1543
-3556
-5056
-6055
-6981
-8144
-9564
-11150
-12310
-12884
-12841
-12019
-10946
-9911
-8966
-8006
-6732
-4788
-2462
-164
2014
3839
5473
7035
8511
9964
11524
12844
13638
13975
13897
13658
13333
12874
12286
11629
10656
9282
7615
5875
4378
3072
1841
489
-992
-2567
-4223
-5698
-6766
-7272
-7372
-7436
-7741
-8084
-8152
-7879
-7093
-6016
-4708
-3305
-2172
-1249
-175
1247
2904
4547
5849
6871
7586
7927
8010
8008
7973
7728
7155
6288
5229
3999
2600
1178
-58
-1057
-1959
-2886
-3826
-4774
-5595
-6215
-6494
-6451
-6166
-5841
-5695
-5415
-4887
-4014
-3025
-2126
-1398
-636
100
726
1448
2136
2752
2949
2606
1676
293
-1479
-3343
-4751
-5693
-6464
-7613
-9192
-10938
-12215
-12794
-12724
-11934
-10878
-9866
-9044
-8209
-6987
-5010
-2548
-125
2043
3749
5212
6629
8102
9673
11341
12775
13588
13796
13535
13208
13014
12779
12320
11651
10614
9130
7399
5660
4248
3172
2067
704
-887
-2592
-4224
-5578
-6481
-6865
-6943
-7093
-7488
-7883
-7931
-7532
-6684
-5591
-4403
-3183
-2086
-1085
48
1412
2920
4441
5705
6642
7302
7667
7822
7833
7663
7316
6763
5967
4934
3728
2381
1021
-221
-1312
-2219
-3033
-3862
-4723
-5496
-6084
-6371
-6347
-6146
-5855
-5537
-5112
-4496
-3698
-2869
-2055
-1262
-527
166
780
1436
2072
2575
2737
2638
2163
1065
-591
-2627
-4328
-5425
-6168
-7110
-8355
-9935
-11471
-12439
-12765
-12193
-11051
-9862
-8958
-8217
-7257
-5677
-3451
-1055
1196
3109
4712
6144
7546
9012
10615
12152
13188
13660
13677
13464
13203
12875
12392
11822
11041
9756
8047
6207
4572
3239
2078
857
-495
-1969
-3618
-5189
-6272
-6920
-7236
-7432
-7664
-7921
-8004
-7797
-7155
-6052
-4878
-3685
-2610
-1511
-348
996
2488
3862
4969
5649
6207
6740
7212
7486
7495
7167
6575
5870
5032
4161
3043
1652
242
-946
-1809
-2474
-3140
-3843
-4595
-5366
-5883
-5955
-5630
-5147
-4778
-4505
-4123
-3575
-2863
-2034
-1083
-166
561
1091
1583
2122
2667
3007
3014
2612
1479
-263
-2401
-4374
-5652
-6323
-6960
-8010
-9619
-11452
-12676
-13068
-12567
-11434
-10136
-9130
-8461
-7708
-6328
-4005
-1341
1052
2943
4458
5773
7109
8563
10210
11926
13125
13557
13440
13163
12941
12763
12445
11939
11188
9953
8232
6298
4567
3249
2202
1097
-366
-2075
-3774
-5228
-6312
-6949
-7162
-7135
-7152
-7387
-7580
-7437
-6769
-5630
-4267
-2911
-1743
-807
28
1023
2294
3691
4947
5910
6552
6972
7245
7327
7314
7133
6676
5992
5107
4120
2999
1657
279
-910
-1865
-2676
-3440
-4188
-4923
-5625
-6075
-6145
-5881
-5473
-5128
-4810
-4350
-3803
-3129
-2296
-1373
-454
307
845
1281
1750
2197
2544
2701
2419
1405
-225
-2267
-4143
-5369
-6077
-6660
-7576
-9124
-10940
-12235
-12725
-12268
-11143
-9894
-8859
-8133
-7455
-6203
-4025
-1394
1095
3057
4495
5718
7001
8427
10066
11717
12913
13455
13452
13142
12818
12571
12282
11866
11135
9943
8327
6490
4746
3338
2272
1248
-92
-1780
-3530
-5078
-6225
-6910
-7183
-7170
-7236
-7556
-7855
-7795
-7157
-6050
-4802
-3542
-2344
-1307
-335
750
2032
3463
4800
5813
6510
6982
7236
7307
7241
7052
6690
6110
5231
4199
3066
1747
428
-775
-1755
-2489
-3161
-3882
-4627
-5329
-5864
-6072
-5956
-5624
-5206
-4812
-4403
-3911
-3308
-2576
-1673
-762
77
800
1348
1807
2233
2616
2874
2870
2169
845
-977
-2948
-4554
-5626
-6268
-6986
-8174
-9932
-11536
-12456
-12450
-11688
-10493
-9214
-8246
-7558
-6820
-5275
-2879
-232
2028
3703
4983
6206
7513
8925
10543
11997
12943
13269
13057
12654
12349
12140
11859
11318
10381
9076
7427
5588
3878
2591
1646
578
-841
-2491
-4084
-5374
-6295
-6828
-6881
-6781
-6938
-7265
-7493
-7283
-6498
-5379
-4140
-2896
-1810
-890
98
1227
2499
3855
5040
5928
6570
6916
7018
7058
6930
6674
6266
5607
4733
3679
2423
1100
-127
-1136
-1847
-2451
-3101
-3876
-4657
-5265
-5596
-5597
-5285
-4876
-4525
-4264
-4021
-3521
-2719
-1802
-913
-204
336
807
1263
1767
2350
2799
2809
2099
693
-1060
-2832
-4303
-5387
-6133
-6851
-7945
-9575
-11258
-12310
-12346
-11570
-10465
-9384
-8527
-7784
-6957
-5566
-3387
-790
1577
3331
4548
5700
7101
8659
10279
11695
12662
13059
12930
12537
12246
12160
12005
11525
10575
9268
7739
6090
4504
3167
2132
1066
-331
-2033
-3713
-5063
-5948
-6435
-6626
-6671
-6846
-7178
-7402
-7216
-6553
-5562
-4461
-3368
-2307
-1339
-425
614
1822
3113
4338
5321
6033
6516
6738
6771
6721
6553
6271
5786
5051
4067
2877
1594
386
-619
-1426
-2131
-2862
-3630
-4447
-5119
-5517
-5615
-5435
-5122
-4764
-4430
-4067
-3579
-2849
-2008
-1161
-389
323
974
1564
2167
2719
3142
3221
2819
1866
425
-1436
-3305
-4756
-5678
-6347
-7269
-8695
-10390
-11750
-12436
-12228
-11346
-10154
-9046
-8216
-7557
-6621
-4897
-2544
-48
2035
3573
4813
6046
7341
8781
10373
11779
12661
12835
12560
12287
12184
12090
11814
11254
10305
8976
7338
5612
4118
2996
2035
895
-538
-2164
-3675
-4894
-5765
-6235
-6308
-6332
-6590
-6980
-7148
-6786
-6015
-5077
-4126
-3148
-2179
-1257
-308
769
1968
3140
4160
4976
5626
6098
6377
6460
6333
6120
5862
5481
4850
3887
2710
1490
382
-536
-1216
-1795
-2513
-3423
-4363
-5069
-5397
-5365
-5154
-4900
-4691
-4545
-4289
-3769
-2947
-2009
-1168
-578
-101
391
959
1571
2135
2531
2626
2221
1163
-311
-1994
-3539
-4764
-5644
-6361
-7202
-8524
-10127
-11393
-11871
-11469
-10570
-9547
-8604
-7737
-6940
-5876
-4215
-1989
375
2347
3723
4824
6046
7442
8905
10281
11430
12240
12534
12316
11958
11805
11789
11591
10947
9924
8689
7267
5719
4239
3088
2145
1093
-288
-1870
-3358
-4509
-5322
-5795
-5965
-6075
-6285
-6650
-6915
-6754
-6117
-5232
-4309
-3449
-2610
-1752
-905
-22
992
2143
3272
4222
4893
5310
5564
5690
5715
5718
5663
5436
4890
3946
2755
1608
706
62
-497
-1149
-1952
-2869
-3768
-4402
-4646
-4520
-4289
-4182
-4188
-4151
-3853
-3249
-2442
-1661
-1003
-515
-76
368
864
1454
1999
2313
2312
1971
1248
96
-1558
-3349
-4759
-5563
-6072
-6783
-8013
-9530
-10823
-11547
-11492
-10738
-9557
-8349
-7447
-6904
-6248
-4925
-2852
-525
1503
3028
4246
5420
6587
7822
9208
10595
11683
12193
12122
11846
11654
11548
11348
10909
10211
9242
7960
6427
4886
3642
2673
1694
480
-946
-2388
-3664
-4696
-5393
-5660
-5706
-5818
-6136
-6496
-6594
-6242
-5523
-4627
-3695
-2904
-2279
-1735
-1089
-175
1001
2229
3238
3896
4233
4428
4607
4819
5050
5210
5157
4754
3996
3067
2173
1450
903
378
-264
-1070
-1940
-2742
-3339
-3684
-3772
-3737
-3737
-3844
-3975
-3878
-3445
-2737
-2001
-1407
-1017
-769
-482
-30
631
1401
2029
2253
2038
1478
686
-262
-1502
-2900
-4208
-5214
-5992
-6778
-7817
-9039
-10068
-10685
-10675
-10136
-9231
-8251
-7372
-6688
-5957
-4818
-3179
-1172
800
2430
3690
4781
5876
7112
8472
9764
10796
11417
11583
11450
11235
11058
10932
10749
10306
9515
8398
7071
5762
4637
3674
2741
1674
436
-854
-2040
-3043
-3797
-4262
-4549
-4803
-5107
-5468
-5726
-5718
-5386
-4777
-4050
-3503
-3200
-2968
-2567
-1805
-759
289
1128
1709
2079
2461
2939
3431
3851
4111
4156
4042
3773
3360
2901
2428
1927
1392
794
123
-577
-1270
-1883
-2321
-2568
-2671
-2733
-2842
-2986
-3058
-2942
-2588
-2060
-1512
-1124
-960
-934
-850
-550
-42
498
857
970
867
652
318
-212
-1024
-2156
-3480
-4709
-5522
-5885
-6070
-6526
-7413
-8415
-9049
-8995
-8328
-7384
-6494
-5834
-5387
-4894
-4042
-2725
-1108
460
1704
2671
3559
4526
5615
6713
7660
8376
8844
9080
9194
9249
9238
9105
8820
8384
7878
7330
6685
5963
5182
4371
3572
2843
2222
1723
1226
616
-60
-678
-1122
-1349
-1441
-1513
-1638
-1876
-2201
-2498
-2670
-2702
-2638
-2588
-2621
-2667
-2652
-2504
-2217
-1885
-1623
-1458
-1362
-1249
-1032
-689
-267
121
334
300
111
-54
-75
56
192
187
-4
-302
-548
-628
-506
-273
-68
8
-58
-128
-113
-19
116
188
210
214
169
95
6
-104
-198
-294
-395
-479
-541
-575
-578
-556
-538
-581
-715
-950
-1266
-1655
-2107
-2579
-2988
-3280
-3506
-3725
-3977
-4250
-4504
-4688
-4784
-4746
-4572
-4286
-3883
-3372
-2790
-2213
-1710
-1294
-898
-420
180
880
1578
2172
2610
2907
3129
3353
3642
3986
4323
4588
4770
4907
5023
5119
5193
5234
5236
5208
5152
5097
5057
4979
4800
4486
4087
3700
3410
3210
3025
2766
2359
1807
1181
574
52
-395
-822
-1266
-1731
-2196
-2615
-2969
-3237
-3418
-3539
-3596
-3604
-3574
-3500
-3368
-3165
-2909
-2661
-2443
-2238
-1993
-1660
-1231
-762
-351
-61
100
222
385
617
888
1133
1268
1288
1240
1168
1092
988
834
621
372
120
-101
-290
-468
-653
-857
-1062
-1229
-1340
-1361
-1326
-1283
-1282
-1355
-1491
-1650
-1795
-1917
-2018
-2156
-2351
-2579
-2788
-2922
-2938
-2868
-2775
-2715
-2710
-2703
-2612
-2409
-2075
-1652
-1215
-841
-579
-421
-303
-139
109
460
858
1215
1460
1590
1668
1783
1968
2205
2454
2662
2820
2935
3035
3123
3194
3260
3315
3382
3469
3562
3623
3610
3518
3387
3276
3200
3134
3031
2869
2642
2363
2038
1683
1325
986
689
433
190
-71
-365
-687
-995
-1242
-1396
-1458
-1445
-1398
-1378
-1373
-1338
-1211
-983
-748
-597
-526
-490
-466
-448
-432
-378
-326
-301
-339
-435
-541
-651
-766
-883
-973
-1050
-1096
-1150
-1229
-1338
-1483
-1637
-1756
-1795
-1761
-1695
-1677
-1745
-1868
-1966
-1952
-1808
-1605
-1434
-1377
-1449
-1589
-1689
-1673
-1545
-1406
-1360
-1434
-1582
-1708
-1745
-1674
-1544
-1423
-1347
-1303
-1232
-1082
-841
-561
-319
-149
-33
87
250
469
733
996
1193
1302
1350
1411
1563
1792
2048
2268
2425
2535
2615
2682
2755
2851
2964
3061
3123
3133
3102
3043
2969
2892
2817
2729
2605
2441
2231
1998
1753
1531
1346
1185
1005
766
475
167
-118
-334
-482
-570
-620
-650
-671
-706
-762
-827
-853
-807
-692
-547
-418
-361
-389
-480
-588
-651
-658
-640
-645
-715
-866
-1075
-1283
-1426
-1483
-1490
-1520
-1583
-1665
-1751
-1803
-1797
-1736
-1654
-1612
-1643
-1680
-1653
-1549
-1410
-1285
-1198
-1137
-1069
-964
-813
-636
-488
-419
-413
-408
-379
-330
-295
-306
-364
-458
-560
-639
-682
-682
-657
-641
-655
-694
-740
-754
-719
-631
-494
-332
-179
-71
-4
56
152
300
490
702
887
1012
1075
1109
1158
1236
1334
1439
1540
1620
1655
1649
1642
1666
1714
1756
1760
1736
1707
1692
1690
1689
1677
1654
1617
1578
1547
1523
1490
1439
1378
1327
1296
1289
1291
1274
1212
1097
952
826
737
682
631
538
377
165
-55
-226
-327
-396
-478
-600
-761
-940
-1111
-1258
-1368
-1448
-1509
-1572
-1660
-1769
-1873
-1952
-2007
-2049
-2063
-2022
-1926
-1824
-1768
-1749
-1729
-1664
-1535
-1354
-1146
-962
-838
-790
-785
-754
-639
-452
-248
-106
-61
-82
-103
-73
40
206
367
456
446
369
281
223
204
205
186
122
5
-134
-264
-351
-405
-441
-481
-523
-562
-587
-596
-588
-551
-500
-452
-413
-377
-331
-270
-188
-91
20
113
175
198
215
271
376
515
650
745
779
781
798
880
1040
1232
1396
1489
1523
1544
1617
1741
1895
2019
2079
2086
2065
2051
2054
2058
2022
1952
1851
1730
1606
1481
1348
1198
1034
870
725
580
412
200
-24
-217
-365
-468
-551
-645
-779
-946
-1117
-1242
-1289
-1278
-1272
-1326
-1438
-1556
-1633
-1652
-1622
-1574
-1536
-1538
-1581
-1630
-1632
-1575
-1485
-1397
-1332
-1282
-1232
-1175
-1105
-1010
-882
-733
-585
-459
-360
-279
-198
-108
-14
79
156
206
230
244
256
262
260
258
258
259
255
242
222
193
148
98
59
32
-10
-88
-199
-310
-394
-442
-481
-533
-609
-696
-774
-822
-812
-750
-669
-615
-606
-612
-569
-455
-292
-130
5
100
172
258
380
537
699
826
908
980
1072
1188
1308
1403
1467
1509
1559
1627
1711
1777
1801
1779
1743
1729
1746
1764
1748
1691
1610
1536
1492
1470
1435
1360
1238
1104
1004
949
892
797
640
443
249
95
-6
-86
-191
-345
-545
-748
-905
-1004
-1068
-1138
-1242
-1376
-1506
-1608
-1668
-1688
-1681
-1671
-1666
-1663
-1644
-1595
-1525
-1451
-1376
-1306
-1231
-1152
-1080
-1019
-982
-956
-922
-866
-786
-697
-624
-592
-590
-596
-577
-526
-450
-379
-340
-340
-360
-364
-332
-261
-174
-96
-25
27
64
103
156
231
311
381
434
473
498
506
497
483
480
492
508
507
473
407
331
271
246
256
277
269
214
126
46
10
26
60
72
42
-18
-69
-83
-49
9
61
101
138
188
278
398
525
638
731
807
890
999
1132
1263
1362
1415
1438
1456
1479
1507
1522
1519
1479
1404
1309
1216
1132
1051
951
825
682
545
423
317
219
119
17
-88
-194
-300
-395
-474
-546
-629
-712
-787
-845
-885
-922
-968
-1026
-1085
-1121
-1127
-1115
-1099
-1102
-1133
-1190
-1245
-1272
-1252
-1209
-1177
-1176
-1206
-1229
-1225
-1186
-1124
-1058
-1001
-955
-915
-867
-795
-705
-615
-543
-485
-416
-319
-210
-104
-15
61
138
220
310
401
479
537
573
603
637
676
715
730
713
676
640
625
610
575
515
436
361
304
264
226
169
96
19
-36
-55
-43
-23
-21
-44
-71
-71
-22
62
144
195
214
218
242
300
377
444
466
443
398
372
383
419
438
410
343
268
223
213
225
234
215
169
116
81
85
109
130
138
138
149
181
229
279
316
335
343
355
392
443
478
479
441
383
336
315
318
315
285
218
128
44
-9
-25
-31
-55
-120
-211
-300
-360
-387
-394
-396
-411
-449
-506
-557
-586
-582
-552
-515
-488
-482
-490
-504
-514
-496
-448
-386
-338
-316
-323
-343
-350
-339
-306
-258
-217
-211
-242
-289
-330
-344
-326
-295
-282
-287
-310
-340
-352
-333
-288
-229
-184
-159
-149
-127
-88
-34
28
79
113
137
168
213
262
311
342
347
343
344
357
377
384
359
309
250
206
183
173
149
106
40
-23
-65
-82
-77
-76
-95
-129
-152
-148
-117
-78
-49
-41
-37
-20
15
70
119
147
155
153
160
188
231
271
294
285
261
239
242
269
302
316
301
269
238
226
230
244
254
255
242
216
196
187
181
173
165
154
144
131
105
74
41
19
10
12
20
26
24
10
-3
-11
1
32
60
76
74
54
33
23
25
38
41
26
-5
-33
-56
-75
-89
-100
-111
-123
-133
-146
-163
-180
-194
-199
-198
-193
-190
-197
-210
-219
-226
-225
-217
-214
-213
-213
-223
-237
-245
-247
-248
-251
-255
-258
-253
-243
-233
-225
-222
-222
-222
-218
-206
-187
-164
-153
-161
-177
-181
-169
-143
-112
-93
-90
-102
-116
-119
-103
-74
-51
-40
-51
-67
-74
-63
-33
0
24
36
41
41
54
80
111
142
168
183
192
204
215
227
238
248
258
266
266
256
238
223
215
208
200
184
163
140
120
107
105
112
116
113
111
113
123
147
176
201
215
227
234
247
267
290
313
327
328
323
317
314
310
298
279
252
223
201
181
162
134
105
75
49
25
8
-8
-34
-61
-87
-107
-120
-128
-140
-163
-191
-216
-232
-238
-242
-256
-275
-299
-320
-326
-323
-320
-323
-331
-338
-340
-336
-325
-316
-319
-333
-346
-348
-334
-313
-298
-290
-297
-309
-314
-299
-266
-226
-204
-202
-211
-213
-198
-168
-129
-94
-66
-43
-23
0
24
47
68
91
120
156
182
197
200
191
188
191
202
216
226
223
212
193
171
151
140
140
140
136
124
107
90
79
84
106
129
150
162
164
165
171
189
218
254
275
273
257
243
242
259
283
297
292
266
231
203
198
206
215
209
189
163
131
109
96
88
83
73
53
23
-9
-40
-57
-66
-77
-95
-119
-153
-190
-217
-230
-234
-243
-255
-277
-303
-315
-316
-299
-278
-265
-265
-270
-274
-262
-241
-216
-206
-211
-219
-216
-197
-167
-142
-136
-147
-159
-165
-150
-119
-88
-68
-69
-83
-94
-91
-75
-51
-30
-17
-14
-10
1
22
45
67
87
95
106
120
140
154
154
140
121
108
106
112
122
120
102
75
51
37
29
29
34
31
19
3
-9
-12
-7
2
9
11
8
8
14
29
48
63
72
78
79
83
96
117
139
158
165
165
161
161
175
194
211
213
207
194
187
190
197
201
188
165
140
119
105
101
97
86
66
39
12
-5
-12
-17
-28
-47
-71
-97
-116
-127
-133
-130
-129
-136
-148
-163
-170
-169
-158
-150
-148
-159
-171
-177
-172
-157
-142
-137
-150
-172
-191
-197
-186
-172
-161
-161
-177
-193
-200
-195
-181
-167
-168
-178
-189
-194
-187
-176
-166
-159
-155
-141
-113
-82
-55
-38
-30
-24
-9
18
49
76
89
89
85
90
107
133
164
186
184
176
169
166
178
198
218
228
223
212
199
195
203
217
231
236
225
203
183
172
170
182
195
194
175
146
115
99
98
103
105
92
65
37
23
20
28
35
28
13
-7
-11
-5
9
21
18
8
0
-6
-3
10
20
14
-5
-33
-57
-67
-67
-60
-57
-69
-90
-115
-129
-127
-112
-98
-93
-101
-116
-130
-133
-128
-117
-108
-113
-124
-140
-150
-153
-158
-161
-162
-170
-180
-187
-189
-190
-189
-186
-185
-180
-171
-159
-149
-141
-133
-123
-106
-86
-67
-44
-22
-6
5
19
32
44
52
55
57
55
56
57
64
68
68
59
50
40
36
46
66
83
96
100
99
96
99
109
125
136
140
140
129
119
110
109
113
116
114
111
103
88
75
66
61
65
71
77
77
77
72
67
69
69
71
77
82
89
90
90
85
78
75
79
87
99
97
88
75
57
39
28
25
21
13
3
-11
-23
-36
-43
-44
-46
-45
-45
-51
-58
-69
-77
-83
-87
-86
-81
-78
-80
-88
-103
-114
-120
-119
-106
-98
-99
-106
-119
-131
-137
-132
-121
-110
-103
-105
-108
-113
-110
-97
-79
-61
-54
-54
-52
-47
-38
-27
-17
-14
-16
-16
-15
-10
-5
-3
-9
-16
-19
-14
-1
17
24
18
11
4
8
20
38
52
52
42
29
19
15
17
22
23
15
0
-14
-23
-27
-22
-12
-7
-12
-22
-32
-31
-24
-6
11
19
22
25
32
45
65
85
101
110
107
107
118
131
145
154
156
149
137
133
132
134
132
126
117
107
98
87
84
78
69
58
49
41
35
34
33
30
26
18
7
-4
-10
-17
-20
-23
-30
-38
-47
-55
-58
-59
-59
-64
-76
-88
-97
-101
-99
-97
-96
-96
-100
-100
-97
-91
-87
-84
-88
-98
-109
-111
-104
-98
-94
-92
-91
-92
-86
-76
-59
-42
-34
-31
-33
-27
-17
-6
7
17
18
11
6
8
12
25
33
36
31
24
14
10
14
19
25
22
14
5
-1
-4
1
11
24
27
23
16
9
10
15
23
29
30
26
20
21
26
32
37
45
48
50
53
59
60
56
50
42
37
32
29
24
11
0
-7
-9
-4
1
0
-4
-10
-18
-19
-12
-7
-1
-2
-4
0
5
15
27
33
36
38
41
47
48
49
49
49
46
46
49
47
42
34
28
23
23
23
20
16
8
0
-7
-7
-6
-6
-8
-11
-17
-18
-17
-15
-12
-17
-24
-30
-34
-40
-42
-44
-49
-56
-62
-70
-72
-71
-72
-74
-81
-86
-89
-94
-92
-87
-82
-72
-61
-54
-53
-53
-47
-39
-26
-13
-9
-10
-14
-17
-17
-5
12
24
30
28
24
19
23
