1
0
1
0
0
0
1
0
1
1
0
0
0
0
1
-1
0
0
0
0
0
1
0
0
0
1
-1
0
0
1
1
1
1
1
1
1
0
0
0
0
1
0
0
0
0
0
1
0
0
1
-1
0
0
0
0
0
0
1
0
0
0
1
1
0
0
1
0
-1
0
1
0
0
0
-1
-1
0
0
0
-1
-1
-1
-1
0
-1
0
0
0
0
-1
-1
0
0
0
0
0
-1
0
0
0
0
-1
-1
0
-1
0
0
-1
0
0
1
-1
0
2
1
0
1
0
-1
1
0
0
1
1
1
1
1
0
0
0
1
0
1
0
0
0
1
0
0
0
-1
-1
0
0
0
1
0
0
0
0
0
0
0
0
0
0
0
0
0
0
-1
0
0
0
0
0
0
0
-1
0
0
1
1
0
1
0
0
0
0
0
1
-1
1
0
0
1
1
1
0
0
0
0
0
0
-1
1
0
1
1
-1
-1
0
0
0
0
0
0
0
0
0
1
0
0
0
0
1
0
0
0
0
0
0
-1
-1
-1
0
0
0
0
0
0
0
0
1
-1
0
0
0
0
-1
0
0
0
0
0
0
0
0
0
0
0
-1
-1
-1
-1
0
0
0
0
0
-1
0
0
0
1
1
0
0
1
0
0
0
0
0
0
1
0
0
0
1
0
1
1
1
0
1
0
1
1
0
0
1
0
0
0
0
0
0
0
0
1
0
-1
0
-1
-1
0
0
1
0
0
0
1
0
-1
-1
-1
-2
1
0
-1
-1
-1
0
-1
-1
0
0
-1
-1
0
0
-1
-1
-1
-1
-1
-1
0
0
0
0
0
0
0
0
1
0
0
-1
0
0
0
0
0
-1
0
0
0
0
0
0
0
0
-1
1
0
1
0
0
0
0
0
0
1
-1
0
1
0
1
1
1
0
0
1
1
-1
0
0
0
-1
0
0
0
0
0
0
0
0
1
0
1
0
1
1
0
1
0
0
0
1
0
1
0
-1
-1
1
0
0
0
0
1
0
0
1
0
0
-1
0
0
0
1
0
0
0
1
0
1
1
1
1
0
1
0
0
0
0
0
-1
-1
0
0
0
-1
0
-1
0
0
0
-1
0
0
0
-1
0
0
-1
-1
-1
-1
0
0
-1
0
-1
-1
-1
0
0
-1
0
0
-1
-1
0
0
0
0
0
0
0
-1
0
0
-1
0
0
-1
0
-1
-1
0
0
0
-1
0
0
1
0
0
-1
0
0
1
1
0
-1
0
0
1
0
0
1
-1
0
0
0
-1
1
1
1
1
0
0
0
0
1
1
0
0
0
-1
0
0
0
0
0
1
-1
0
0
1
1
1
0
0
1
1
1
1
0
0
0
0
0
0
0
0
0
0
0
-1
0
0
0
0
0
0
0
0
0
0
0
0
1
0
0
0
0
0
0
0
1
-1
0
0
0
-1
1
0
-1
0
0
-1
0
0
-1
0
0
0
0
0
0
0
0
-1
-1
0
0
-1
0
0
0
0
-1
0
0
-1
0
0
-1
1
0
0
-1
0
0
0
0
0
0
0
0
0
0
0
0
0
0
0
0
0
-1
0
-1
0
0
0
-1
0
1
-1
0
0
0
1
0
0
1
1
0
0
-1
0
0
1
0
0
0
0
0
0
-1
0
0
0
-1
0
0
0
0
0
0
0
0
0
0
1
0
0
1
0
0
-1
1
-1
1
1
1
0
0
1
0
0
0
-1
0
0
0
-1
-1
1
0
0
1
0
0
0
1
0
0
0
1
1
0
0
1
0
1
0
0
0
1
1
0
0
0
0
0
0
1
0
0
0
-1
1
0
0
1
0
0
0
0
0
0
0
0
0
0
0
0
0
0
-1
-1
0
-1
0
-1
-2
0
-1
0
0
0
1
0
0
0
0
0
0
0
0
-1
0
0
0
1
0
0
-1
0
0
0
-1
0
0
1
1
0
0
0
-1
-1
0
0
-1
-1
0
0
1
0
1
-1
-1
0
0
0
1
0
-1
0
0
0
0
0
0
0
0
0
0
1
0
0
0
0
1
0
0
0
0
1
-1
0
-1
0
0
0
0
0
-1
0
-1
0
0
0
0
0
0
0
-1
0
0
0
0
2
1
0
0
0
0
0
1
1
0
0
0
0
0
-1
0
-1
-1
0
0
0
0
0
0
0
-1
0
0
0
0
-1
0
-1
0
0
0
0
0
-1
0
0
-1
0
1
0
0
0
0
0
0
0
-1
1
0
0
-1
-1
0
0
-1
0
0
1
1
0
0
0
-1
0
0
0
0
1
0
1
1
-1
-1
0
0
-1
-1
-1
-1
0
0
0
0
0
0
0
0
-1
1
0
-1
0
0
0
0
0
1
0
0
1
1
1
1
0
0
1
0
0
0
0
1
-1
-1
0
0
0
0
0
1
0
-1
0
0
0
0
0
1
0
0
-1
0
0
0
0
1
0
0
-1
0
1
-1
1
1
1
0
0
0
1
0
0
0
0
0
0
0
-1
0
0
1
1
0
0
0
0
0
0
0
1
1
-1
0
0
1
0
0
0
1
0
1
0
0
0
0
1
0
-1
0
0
0
0
0
1
-1
0
0
-1
-1
0
0
-1
1
0
-1
0
0
-1
0
-1
-1
0
0
0
0
-1
-1
0
0
0
0
0
0
0
0
0
0
0
0
-1
0
0
0
-1
0
-1
0
1
0
0
1
0
0
0
0
0
0
0
0
0
0
0
0
1
0
0
0
0
0
0
0
1
0
1
0
-1
0
0
-1
0
0
0
0
1
0
1
0
1
0
-1
-1
0
0
-1
0
0
0
0
1
0
0
0
1
1
-1
-1
-1
0
0
-1
-1
0
0
0
0
1
1
0
0
0
1
0
0
0
-1
0
0
0
0
-1
0
0
0
0
1
0
-1
0
0
0
0
0
0
1
0
0
-1
0
0
0
0
0
0
0
0
-1
0
-1
-1
0
0
0
1
0
0
0
0
0
0
0
0
-1
0
0
0
0
0
0
-1
0
0
0
0
1
0
0
1
0
0
0
0
0
0
0
0
0
1
1
0
-1
0
0
0
0
0
0
1
0
0
0
0
0
0
0
0
0
0
-1
0
0
0
0
1
0
0
0
0
0
0
0
-1
0
0
0
0
0
0
-1
-1
0
0
0
-1
1
0
-1
0
1
1
0
0
0
0
0
0
1
0
-1
0
1
0
0
0
0
0
0
0
0
0
0
0
0
0
1
0
0
-1
-1
0
0
0
0
-1
0
0
0
0
0
1
0
0
0
0
0
0
0
0
-1
0
0
-1
0
0
-1
0
0
0
0
-1
0
0
0
-1
0
-1
-1
1
-1
0
0
0
0
0
0
0
0
0
0
0
0
-1
0
-1
0
0
0
0
1
0
1
1
0
1
0
0
0
1
1
0
2
0
0
0
1
0
1
1
0
0
1
0
1
0
0
1
1
0
0
0
0
0
0
0
0
0
0
0
-1
0
0
0
0
1
1
0
0
0
0
1
1
0
0
0
0
-1
0
-1
-1
-1
-1
0
0
0
-1
0
-1
0
0
0
0
0
0
0
-1
0
1
-1
0
1
0
0
0
0
-1
0
0
0
-1
0
1
-1
0
0
0
0
-1
0
1
0
-1
1
1
1
1
-1
0
-1
1
0
0
-1
0
0
0
1
0
-1
0
0
0
0
0
0
0
1
0
0
0
-1
0
1
0
0
-1
0
0
1
0
-1
0
-1
0
0
0
-1
0
0
0
0
0
-1
0
-1
0
1
0
1
0
-1
0
1
1
0
0
0
0
0
1
-1
0
-1
0
1
0
0
0
0
0
1
0
1
0
0
0
1
0
0
0
0
1
0
0
-1
0
0
0
0
-1
0
0
-1
-1
0
0
0
-1
0
0
0
0
1
0
0
0
-1
0
0
0
0
0
1
0
-1
0
0
0
0
0
0
0
0
0
-1
1
0
0
0
-1
0
0
0
1
0
0
0
-1
0
0
0
-1
0
1
0
0
0
0
-1
-1
-1
0
0
0
0
-1
0
0
0
0
0
0
0
0
1
0
0
-1
0
0
0
0
0
0
0
0
0
0
-1
0
0
0
1
1
0
0
0
1
0
0
1
1
0
1
1
0
1
1
0
0
1
0
0
0
0
0
1
0
0
-1
1
0
-1
-1
0
0
0
0
1
1
0
1
0
0
0
1
0
-1
0
0
0
0
-1
0
0
0
-1
-1
0
0
0
1
0
0
0
0
-1
0
-1
0
0
-1
-1
0
0
0
-1
0
0
0
0
0
0
0
0
0
0
0
0
0
-1
0
0
0
0
1
0
0
-1
-1
0
0
0
0
-1
-1
1
0
0
0
1
0
0
1
1
0
0
0
0
0
0
0
0
0
0
0
0
0
0
0
0
0
0
-1
0
0
0
0
0
0
0
-1
1
0
0
0
-1
0
0
1
0
0
-1
0
0
0
0
0
0
0
0
1
-1
0
1
0
1
0
1
1
-1
0
0
0
0
0
0
0
0
0
-1
0
0
0
0
0
-1
1
1
0
0
-1
0
0
0
0
0
0
0
0
-1
0
0
1
0
0
0
1
0
1
0
-1
-1
-1
1
0
1
1
0
0
1
-1
0
1
1
0
-1
1
0
0
0
0
0
0
0
-1
-1
0
-1
0
-1
0
0
-1
0
-1
-1
0
0
0
-1
0
-1
-1
0
0
0
0
0
0
0
0
0
0
1
0
0
-1
0
0
0
0
0
-1
0
0
0
0
0
0
0
0
0
1
-1
0
0
1
0
0
0
-1
0
1
0
0
0
0
0
0
1
0
0
0
1
-1
1
0
0
-1
0
0
-1
0
0
0
0
0
0
-1
0
-1
0
0
0
1
0
-1
0
0
1
1
1
0
1
1
0
0
1
1
0
0
1
0
1
0
0
0
0
0
1
0
1
0
0
0
1
0
0
1
0
1
1
0
0
-1
0
0
0
0
0
0
0
0
-1
0
-1
0
-1
0
-1
-1
0
0
-1
-1
-1
0
-1
0
-1
-1
0
0
-1
0
-1
-1
0
0
-1
0
0
-1
0
0
-1
0
-1
0
0
0
0
0
0
0
0
-1
0
0
0
-1
0
0
1
1
0
0
0
0
-1
0
1
0
-1
0
0
0
0
-1
0
1
1
0
0
-1
-1
0
0
0
0
1
1
0
0
0
0
0
0
0
1
0
0
1
1
1
0
-1
0
0
-1
0
0
0
0
0
0
1
0
0
0
1
1
0
1
0
1
0
0
1
0
0
0
0
0
1
0
0
0
1
1
-1
1
0
-1
0
0
-1
-1
0
0
-1
0
0
-1
0
-1
-1
-1
-2
-1
-1
-1
0
-1
-1
0
0
-1
0
-1
0
0
-1
-1
0
0
0
0
0
0
0
0
0
0
0
0
0
0
0
0
-1
-1
-1
0
1
0
0
1
0
0
0
1
0
1
0
0
0
0
1
-1
0
0
0
1
0
-1
0
0
1
1
1
-1
0
0
0
0
2
0
0
1
0
0
0
1
0
0
0
0
0
1
0
0
1
0
1
0
0
0
-1
0
-1
0
-1
0
0
-1
-1
0
-1
0
0
-1
0
0
0
0
0
-1
1
0
0
1
1
1
1
1
0
1
2
2
1
1
2
1
1
0
1
0
1
1
0
0
1
1
0
-1
0
1
-1
0
-1
-1
-1
-1
-2
-2
-2
-2
-2
-3
-3
-2
-3
-3
-2
-2
-2
-2
-3
-3
-2
-2
-2
-2
-2
0
-1
0
-1
1
0
1
1
1
2
2
2
3
3
3
3
4
4
4
4
4
4
5
4
4
4
5
3
4
2
2
3
2
3
2
1
2
1
0
-1
-1
-2
-1
-2
-2
-2
-4
-4
-4
-4
-5
-5
-6
-6
-6
-7
-6
-6
-7
-7
-6
-6
-7
-6
-6
-5
-5
-4
-4
-4
-2
-1
-2
0
0
1
2
2
3
4
6
6
7
6
7
8
9
9
9
9
10
10
10
10
10
10
9
9
10
10
9
8
7
8
6
7
4
3
2
1
0
-1
-2
-3
-5
-5
-6
-8
-9
-10
-11
-11
-14
-14
-16
-16
-17
-19
-19
-19
-19
-21
-21
-21
-22
-23
-23
-23
-23
-22
-22
-22
-21
-19
-18
-17
-15
-12
-9
-7
-4
-1
3
7
11
15
20
24
27
33
36
40
45
49
53
58
62
65
69
72
73
74
74
73
72
72
68
65
62
57
54
49
45
40
33
28
22
15
7
0
-8
-15
-22
-29
-37
-43
-50
-56
-63
-70
-76
-84
-92
-99
-106
-112
-120
-125
-133
-136
-142
-147
-151
-155
-159
-162
-164
-166
-169
-171
-172
-171
-169
-163
-156
-147
-133
-120
-103
-86
-67
-47
-25
-2
21
45
71
98
127
154
183
210
236
260
281
300
316
328
338
343
346
347
346
342
336
328
317
305
292
274
254
232
207
181
153
125
99
69
42
18
-9
-34
-59
-84
-109
-136
-161
-185
-206
-225
-241
-254
-263
-272
-279
-283
-287
-287
-289
-291
-290
-290
-286
-282
-275
-265
-253
-241
-228
-214
-195
-175
-155
-134
-113
-92
-72
-54
-38
-21
-6
9
26
44
64
84
104
126
147
167
185
204
222
239
254
267
280
290
300
308
315
318
320
320
317
311
302
289
275
259
240
217
191
159
126
88
47
5
-41
-86
-137
-192
-247
-304
-363
-420
-474
-529
-582
-634
-681
-725
-765
-802
-832
-855
-872
-880
-881
-872
-855
-827
-787
-735
-672
-599
-515
-420
-317
-204
-87
31
153
275
396
515
632
745
852
953
1045
1127
1203
1265
1315
1354
1379
1392
1392
1381
1357
1321
1274
1216
1152
1079
1002
919
830
737
641
537
434
330
225
121
18
-80
-176
-268
-357
-443
-525
-602
-674
-741
-802
-854
-901
-942
-974
-1000
-1018
-1029
-1035
-1032
-1025
-1007
-984
-954
-916
-871
-819
-764
-704
-640
-573
-505
-436
-364
-294
-224
-156
-89
-24
38
101
158
214
266
316
359
401
436
466
495
517
537
551
563
570
573
572
568
559
545
525
499
465
426
381
328
270
208
141
67
-13
-93
-174
-250
-326
-400
-470
-540
-608
-675
-742
-807
-868
-925
-979
-1029
-1078
-1125
-1165
-1201
-1232
-1253
-1266
-1270
-1260
-1239
-1201
-1141
-1062
-961
-838
-696
-535
-356
-164
37
247
462
678
895
1105
1311
1507
1689
1855
2005
2138
2247
2331
2387
2416
2416
2386
2327
2247
2145
2023
1884
1736
1580
1422
1262
1108
954
801
649
500
351
207
69
-64
-193
-318
-437
-554
-668
-780
-887
-989
-1083
-1170
-1245
-1310
-1366
-1415
-1460
-1496
-1522
-1542
-1555
-1557
-1547
-1527
-1491
-1444
-1387
-1317
-1234
-1140
-1040
-930
-818
-703
-590
-483
-380
-284
-192
-105
-18
69
152
233
310
385
457
524
582
633
678
721
756
785
812
835
851
865
870
871
867
857
839
811
778
734
679
612
534
447
353
252
148
35
-78
-196
-317
-436
-559
-686
-812
-937
-1062
-1187
-1310
-1430
-1543
-1650
-1748
-1837
-1913
-1978
-2028
-2066
-2089
-2091
-2071
-2026
-1952
-1846
-1704
-1529
-1326
-1094
-836
-558
-267
37
346
659
970
1273
1569
1852
2121
2371
2598
2803
2983
3129
3238
3306
3334
3323
3273
3185
3060
2910
2737
2544
2337
2124
1907
1695
1482
1274
1073
877
690
503
323
149
-17
-180
-336
-486
-624
-754
-875
-990
-1099
-1203
-1303
-1399
-1490
-1573
-1652
-1723
-1785
-1840
-1886
-1921
-1943
-1946
-1926
-1886
-1821
-1735
-1633
-1517
-1395
-1266
-1140
-1020
-903
-791
-683
-583
-484
-391
-300
-213
-130
-49
24
94
158
214
264
311
363
417
474
530
590
651
715
779
838
893
941
978
999
999
986
957
913
853
783
703
610
505
385
258
121
-23
-173
-325
-476
-626
-777
-927
-1071
-1210
-1347
-1481
-1612
-1738
-1866
-1995
-2119
-2236
-2346
-2442
-2520
-2571
-2589
-2565
-2494
-2371
-2197
-1974
-1704
-1392
-1039
-651
-243
181
613
1046
1470
1875
2261
2627
2969
3272
3536
3762
3946
4078
4149
4163
4114
4008
3847
3635
3380
3090
2775
2441
2101
1768
1456
1165
894
651
428
231
51
-112
-265
-410
-544
-672
-793
-902
-999
-1085
-1159
-1223
-1276
-1318
-1356
-1392
-1432
-1475
-1525
-1577
-1628
-1675
-1713
-1740
-1751
-1739
-1702
-1640
-1554
-1448
-1330
-1203
-1075
-952
-837
-733
-636
-552
-475
-401
-330
-266
-203
-139
-78
-17
42
100
152
201
247
289
331
375
424
479
535
593
650
704
750
783
805
820
821
808
784
745
693
625
538
434
311
173
18
-158
-342
-528
-713
-894
-1063
-1208
-1337
-1451
-1556
-1654
-1750
-1858
-1990
-2146
-2317
-2498
-2689
-2880
-3049
-3169
-3230
-3222
-3131
-2942
-2657
-2296
-1871
-1390
-868
-322
226
767
1300
1819
2312
2775
3214
3637
4032
4380
4674
4910
5077
5151
5119
4980
4748
4423
4013
3534
3022
2502
1984
1486
1029
634
307
39
-170
-324
-426
-501
-562
-612
-647
-679
-713
-748
-774
-784
-781
-772
-756
-735
-720
-725
-760
-827
-932
-1071
-1247
-1449
-1655
-1848
-2011
-2135
-2209
-2217
-2162
-2054
-1903
-1718
-1517
-1316
-1133
-978
-853
-755
-680
-623
-570
-512
-443
-357
-248
-117
29
178
320
454
575
669
734
779
807
822
822
818
822
834
851
870
891
919
948
967
973
963
931
870
784
673
535
373
190
-10
-218
-432
-649
-856
-1045
-1225
-1404
-1586
-1773
-1969
-2201
-2481
-2803
-3145
-3488
-3830
-4156
-4421
-4579
-4622
-4546
-4335
-3964
-3448
-2824
-2132
-1378
-575
234
993
1696
2358
2982
3537
4020
4467
4905
5315
5650
5906
6102
6223
6212
6023
5686
5234
4663
3958
3155
2341
1574
847
161
-422
-835
-1099
-1276
-1384
-1397
-1315
-1214
-1155
-1103
-996
-850
-712
-574
-360
-39
325
652
942
1221
1434
1483
1334
1039
633
91
-607
-1380
-2114
-2761
-3335
-3822
-4139
-4242
-4184
-4030
-3779
-3401
-2931
-2460
-2022
-1576
-1090
-614
-199
181
573
970
1296
1528
1702
1847
1924
1884
1753
1604
1461
1286
1060
839
672
536
375
198
68
14
-8
-27
-10
113
330
563
759
927
1090
1177
1098
851
513
138
-314
-876
-1458
-1933
-2276
-2593
-2929
-3199
-3348
-3520
-3912
-4497
-5071
-5574
-6135
-6781
-7245
-7257
-6868
-6252
-5358
-3982
-2159
-249
1477
3090
4700
6107
6995
7384
7590
7772
7754
7426
7044
6890
6859
6630
6127
5587
5083
4334
3128
1654
262
-999
-2307
-3593
-4472
-4702
-4494
-4111
-3467
-2371
-961
336
1337
2254
3190
3932
4285
4401
4583
4836
4916
4752
4538
4387
4100
3458
2519
1501
444
-804
-2236
-3609
-4725
-5633
-6458
-7120
-7402
-7313
-7065
-6735
-6207
-5399
-4446
-3496
-2503
-1345
-73
1136
2176
3119
3998
4654
4922
4833
4512
3987
3203
2212
1199
313
-452
-1149
-1710
-2000
-2006
-1919
-1875
-1789
-1588
-1348
-1171
-1026
-749
-267
330
968
1646
2423
3225
3814
4060
3954
3459
2583
1391
31
-1384
-2811
-4074
-4994
-5548
-5876
-6008
-5864
-5563
-5571
-6128
-6879
-7428
-7859
-8449
-8917
-8577
-7319
-5639
-3744
-1306
1806
4923
7239
8773
10009
10903
10914
9937
8636
7634
6741
5571
4358
3654
3462
3073
2041
765
-253
-1248
-2736
-4521
-5758
-6070
-5897
-5547
-4558
-2529
35
2242
3937
5602
7256
8270
8314
7901
7597
7258
6502
5519
4831
4463
3881
2793
1504
335
-895
-2501
-4312
-5812
-6781
-7441
-7904
-7898
-7215
-6157
-5210
-4422
-3483
-2365
-1440
-877
-330
478
1439
2212
2836
3605
4385
4691
4296
3492
2532
1281
-395
-2189
-3621
-4545
-5114
-5329
-5007
-4127
-3008
-1977
-1069
-159
697
1267
1504
1655
1949
2326
2648
2967
3422
3968
4339
4329
4024
3544
2782
1522
-139
-1795
-3248
-4597
-5851
-6771
-7115
-7049
-6961
-6863
-6487
-5886
-5656
-6181
-6950
-7283
-7289
-7420
-7478
-6693
-4874
-2748
-792
1380
4136
6886
8628
9308
9703
10037
9734
8492
6977
5948
5218
4177
2862
1907
1529
1025
-249
-1874
-3001
-3535
-4128
-4899
-4992
-3898
-2239
-756
749
2866
5226
6745
7181
7330
7702
7810
7179
6311
5856
5609
4996
3968
2999
2218
1131
-571
-2564
-4250
-5431
-6345
-6980
-7003
-6307
-5156
-3945
-2744
-1424
-185
528
568
368
373
474
399
314
575
1083
1363
1330
1273
1164
654
-426
-1688
-2616
-3245
-3784
-4089
-3898
-3230
-2483
-1900
-1280
-501
208
631
831
1122
1618
2126
2533
2872
3170
3303
3038
2511
2022
1556
1028
406
-121
-401
-724
-1310
-2047
-2838
-3543
-4278
-5179
-5823
-5992
-5905
-5680
-5260
-4454
-3726
-4085
-5301
-6349
-6945
-7535
-8358
-8486
-7064
-4824
-2599
-135
3033
6439
8714
9422
9543
9650
9282
8084
6617
5774
5531
5127
4357
3648
3249
2599
995
-1223
-3088
-4143
-4809
-5361
-5135
-3679
-1505
509
2143
3947
5811
6821
6692
6211
6198
6360
6101
5730
5762
5980
5655
4620
3354
2064
414
-1698
-3716
-5068
-5715
-5973
-5822
-5045
-3867
-2748
-1966
-1407
-848
-444
-429
-691
-700
-193
375
641
802
1134
1434
1180
423
-279
-767
-1339
-2084
-2619
-2599
-2276
-2074
-1930
-1573
-1130
-902
-888
-807
-496
-95
272
689
1214
1690
1960
1992
1782
1493
1154
626
117
-126
69
465
758
911
805
249
-808
-2074
-3203
-4174
-5112
-5838
-5961
-5613
-5046
-4277
-3243
-2419
-3094
-5090
-6997
-8195
-8971
-9803
-9832
-8010
-5176
-2424
374
3593
6896
8966
9192
8842
8752
8550
7943
7140
6878
7144
6939
6035
4694
3212
1545
-812
-3510
-5476
-6078
-5636
-4867
-3689
-1697
590
2238
3106
3870
4762
5124
4907
4914
5620
6709
7446
7789
7956
7465
5975
3837
1584
-531
-2554
-4280
-5241
-5383
-4978
-4250
-3417
-2671
-2296
-2310
-2436
-2469
-2208
-1550
-648
277
1162
2041
2701
2631
1866
854
-242
-1340
-2265
-2730
-2579
-2113
-1659
-1219
-798
-552
-697
-1090
-1324
-1395
-1376
-1039
-217
820
1607
2078
2428
2469
2083
1485
861
391
-39
-466
-472
-92
341
732
928
978
723
-155
-1244
-2278
-3321
-4034
-4481
-4738
-4610
-4407
-4150
-3715
-3205
-2800
-3617
-5953
-8227
-9440
-9913
-10271
-10226
-8499
-5488
-2856
-539
2204
5239
7383
7759
7707
8420
9137
9261
9031
9073
9323
8725
7067
4924
2756
615
-1861
-4380
-5966
-6195
-5475
-4529
-3358
-1700
16
1168
1718
2318
3387
4380
4988
5758
7061
8504
9137
8885
8353
7257
5177
2593
287
-1476
-2980
-4151
-4553
-4367
-4173
-4190
-4239
-4149
-4094
-4092
-3763
-2820
-1457
65
1633
2988
3825
4048
3687
2730
1368
81
-842
-1478
-1795
-1678
-1341
-1198
-1386
-1692
-1957
-2301
-2729
-2968
-2727
-2034
-1239
-309
876
1925
2319
2196
2079
1862
1415
1028
879
1011
1115
1033
1086
1074
887
879
760
428
49
-543
-1167
-2020
-3101
-3727
-4211
-4802
-5143
-5249
-4965
-4519
-3971
-3386
-4165
-6521
-8769
-10041
-10543
-10919
-10738
-8465
-4977
-2153
325
3229
6227
7904
7835
7784
8628
9261
9198
9066
9459
9754
8790
6739
4310
1797
-851
-3481
-5336
-5883
-5367
-4395
-3455
-2337
-916
326
983
1263
1925
3140
4304
5401
6993
8826
9944
9780
8891
7928
6358
3909
1469
-247
-1434
-2622
-3568
-3666
-3386
-3669
-4519
-5244
-5540
-5641
-5467
-4495
-2684
-675
984
2339
3367
3701
3317
2499
1531
578
-231
-630
-724
-841
-1001
-1255
-1709
-2393
-3022
-3381
-3524
-3473
-3083
-2264
-1235
-343
380
1007
1371
1469
1502
1633
1820
1904
1833
1926
2114
2131
1905
1423
1129
1024
809
782
903
880
663
-114
-1064
-1692
-2770
-4252
-5578
-6522
-6657
-6404
-5933
-4646
-3716
-4772
-7083
-9010
-9793
-10037
-10527
-9822
-6809
-3303
-673
1702
4331
6519
7151
6586
6820
8087
8756
8753
8971
9442
9306
7697
5071
2442
-94
-2783
-4880
-5704
-5168
-3654
-2467
-1903
-1165
-298
202
275
511
1712
3398
4626
5930
7879
9528
9764
8605
7186
5957
4198
2041
646
239
-223
-1181
-2002
-2363
-2732
-3815
-5151
-5779
-5841
-5551
-4683
-3150
-1263
294
1241
1850
2285
2354
2048
1559
1229
1268
1439
1440
1048
337
-401
-1251
-2338
-3217
-3486
-3372
-3156
-2768
-2191
-1542
-1048
-732
-370
90
545
958
1492
2062
2349
2488
2648
2745
2669
2315
1929
1879
1798
1498
1396
1145
670
234
-550
-1466
-2334
-3474
-4552
-5316
-5966
-6303
-6219
-5690
-4819
-4985
-6997
-9130
-9980
-10146
-10317
-9960
-7897
-4603
-1994
-109
2321
4716
5684
5501
5697
7152
8652
8978
8994
9440
9469
8197
6060
3967
1983
-384
-2828
-4229
-4255
-3723
-3323
-3083
-2698
-2128
-1710
-1434
-669
844
2528
3932
5246
6830
8331
8776
8071
7173
6534
5586
4170
3060
2657
2259
1095
-281
-1017
-1656
-2998
-4527
-5288
-5199
-4915
-4592
-3763
-2463
-1476
-1080
-804
-418
-36
264
705
1426
2214
2798
3114
3099
2503
1487
462
-456
-1300
-2033
-2445
-2589
-2814
-3075
-3022
-2790
-2731
-2672
-2209
-1364
-459
268
989
1728
2093
2096
2154
2317
2435
2476
2462
2610
2877
3051
3005
2518
1688
751
-319
-1512
-2507
-3295
-4210
-5149
-5875
-6210
-6153
-5933
-6008
-7171
-9155
-10447
-10527
-10321
-10198
-9092
-6359
-3315
-1193
792
3255
5181
5756
5939
7243
9167
10101
10044
9973
9927
9028
7212
5337
3568
1497
-742
-2382
-3036
-3165
-3271
-3492
-3758
-3840
-3547
-2983
-2270
-1147
492
2167
3466
4752
6365
7557
7622
6957
6433
6250
5739
4795
4089
3650
2831
1520
238
-684
-1526
-2714
-3848
-4299
-4262
-4073
-3839
-3622
-3436
-3268
-3011
-2669
-2244
-1657
-700
472
1410
2177
2872
3160
2701
1743
952
417
-242
-1017
-1509
-1612
-1833
-2322
-2621
-2649
-2800
-3035
-2801
-1984
-987
-70
826
1717
2315
2550
2620
2653
2725
2747
2736
2801
2914
3025
3036
2799
2177
1308
394
-629
-1727
-2814
-3750
-4444
-5008
-5375
-5402
-5174
-5231
-6227
-7853
-9033
-9350
-9356
-9303
-8544
-6566
-4146
-2327
-864
830
2356
3091
3325
4093
5565
6670
6870
6778
6843
6531
5410
3989
2767
1630
340
-892
-1468
-1229
-737
-391
-96
341
977
1643
2253
2951
3793
4627
5256
5710
6159
6579
6602
5971
5014
4071
3134
2093
1017
128
-548
-1119
-1585
-1783
-1746
-1732
-1844
-1943
-1869
-1616
-1261
-880
-502
-193
-62
-113
-285
-517
-807
-1142
-1407
-1513
-1486
-1518
-1769
-2226
-2745
-3239
-3700
-4000
-3970
-3642
-3234
-2849
-2395
-1830
-1357
-1106
-937
-580
-74
499
1189
1997
2763
3300
3621
3778
3777
3638
3438
3283
3174
3105
3127
3108
2864
2472
2084
1709
1261
738
291
-62
-403
-725
-981
-1248
-1708
-2317
-2837
-3176
-3438
-3747
-4038
-4298
-4635
-4980
-5203
-5292
-5382
-5522
-5548
-5423
-5222
-4928
-4578
-4266
-4038
-3836
-3558
-3211
-2853
-2401
-1777
-1104
-520
22
575
1090
1559
2154
2954
3775
4481
5122
5738
6232
6496
6596
6600
6486
6310
6203
6250
6250
6040
5705
5312
4839
4346
3953
3659
3332
2951
2665
2504
2333
2103
1939
1843
1672
1377
1091
892
535
-112
-873
-1543
-2140
-2749
-3262
-3596
-3850
-4193
-4619
-4978
-5246
-5465
-5615
-5635
-5451
-5069
-4602
-4143
-3707
-3271
-2891
-2637
-2402
-2026
-1450
-844
-336
159
639
978
1143
1213
1301
1387
1415
1486
1683
2005
2331
2580
2762
2845
2854
2816
2779
2705
2577
2491
2483
2487
2387
2122
1697
1135
440
-301
-1022
-1777
-2568
-3316
-3928
-4343
-4645
-4967
-5356
-5711
-5852
-5748
-5537
-5272
-4929
-4521
-4074
-3606
-3047
-2509
-2184
-1960
-1608
-1048
-412
143
580
885
1100
1379
1794
2269
2696
3081
3512
3987
4421
4822
5127
5152
4951
4860
5052
5313
5419
5442
5463
5414
5224
4979
4749
4404
3919
3477
3226
3105
2937
2697
2445
2103
1624
1128
671
194
-380
-1015
-1567
-2024
-2434
-2835
-3224
-3546
-3844
-4160
-4449
-4635
-4704
-4740
-4788
-4771
-4636
-4429
-4225
-4073
-3876
-3632
-3375
-3105
-2718
-2185
-1607
-1103
-699
-294
84
357
533
692
877
1056
1199
1389
1688
2011
2253
2408
2520
2588
2617
2652
2687
2692
2714
2788
2892
2887
2716
2399
1928
1278
546
-122
-768
-1522
-2355
-3076
-3639
-4178
-4787
-5418
-5979
-6340
-6384
-6114
-5667
-5182
-4682
-4122
-3529
-2977
-2491
-2064
-1676
-1206
-526
289
1008
1475
1714
1877
2093
2376
2657
2880
3084
3361
3734
4112
4388
4512
4455
4275
4149
4258
4536
4755
4829
4860
4901
4861
4702
4477
4210
3855
3460
3149
2964
2753
2371
1882
1395
920
423
-85
-582
-1058
-1498
-1880
-2187
-2441
-2720
-3055
-3370
-3596
-3733
-3863
-4020
-4138
-4144
-4014
-3825
-3622
-3426
-3272
-3173
-3111
-3011
-2849
-2663
-2453
-2146
-1701
-1184
-742
-432
-196
30
248
412
567
757
998
1277
1608
2007
2355
2570
2657
2721
2836
2954
3024
3016
2980
2985
2969
2820
2505
2061
1534
917
271
-392
-1149
-2013
-2880
-3590
-4130
-4682
-5304
-5902
-6325
-6467
-6355
-6074
-5709
-5278
-4728
-4017
-3204
-2371
-1676
-1186
-761
-204
511
1167
1590
1815
1998
2220
2479
2726
2908
2957
2900
2928
3170
3505
3707
3727
3710
3764
3928
4194
4494
4691
4727
4682
4644
4609
4487
4246
3929
3575
3274
3083
2912
2640
2206
1675
1137
579
15
-513
-1033
-1549
-1980
-2284
-2503
-2737
-2990
-3193
-3350
-3495
-3563
-3532
-3453
-3395
-3314
-3148
-2996
-2931
-2923
-2867
-2772
-2693
-2607
-2473
-2307
-2130
-1884
-1565
-1263
-1042
-855
-644
-399
-144
118
396
681
957
1247
1556
1838
2044
2206
2384
2574
2735
2864
2952
2974
2912
2784
2642
2432
2063
1560
1071
663
249
-257
-864
-1582
-2386
-3175
-3838
-4387
-4915
-5420
-5803
-5953
-5852
-5625
-5394
-5177
-4878
-4400
-3753
-3001
-2225
-1505
-852
-203
525
1269
1817
2064
2144
2278
2545
2856
3134
3328
3437
3530
3675
3864
3991
3970
3852
3771
3846
4072
4323
4489
4538
4539
4548
4511
4354
4070
3745
3453
3213
3047
2906
2664
2254
1737
1224
737
238
-285
-804
-1264
-1637
-1932
-2218
-2568
-2976
-3363
-3666
-3874
-3989
-4006
-3960
-3898
-3808
-3646
-3438
-3291
-3239
-3216
-3158
-3063
-2935
-2761
-2555
-2365
-2187
-1974
-1717
-1449
-1189
-935
-701
-484
-227
114
505
885
1240
1571
1867
2100
2294
2466
2600
2693
2774
2878
3010
3096
3085
2954
2749
2482
2117
1696
1256
873
514
98
-370
-919
-1599
-2383
-3149
-3760
-4255
-4698
-5033
-5190
-5145
-4996
-4826
-4642
-4445
-4189
-3816
-3291
-2646
-2008
-1422
-833
-203
405
862
1118
1263
1433
1699
2032
2345
2587
2755
2892
3075
3332
3572
3694
3703
3712
3842
4081
4329
4491
4540
4535
4524
4502
4426
4256
3983
3665
3385
3181
2998
2746
2403
2000
1581
1143
683
245
-151
-515
-854
-1184
-1513
-1861
-2238
-2594
-2877
-3091
-3266
-3404
-3479
-3496
-3463
-3420
-3372
-3343
-3348
-3351
-3320
-3251
-3156
-3034
-2883
-2714
-2529
-2330
-2136
-1959
-1778
-1591
-1397
-1185
-930
-616
-261
116
493
853
1165
1414
1624
1838
2074
2349
2637
2909
3133
3262
3274
3145
2925
2702
2473
2174
1788
1392
1045
693
298
-121
-618
-1283
-2075
-2787
-3276
-3630
-3957
-4250
-4448
-4536
-4506
-4367
-4195
-4085
-4008
-3830
-3471
-2971
-2421
-1898
-1422
-952
-468
4
375
616
807
1038
1359
1751
2145
2475
2713
2911
3155
3408
3591
3680
3756
3909
4129
4383
4622
4763
4765
4682
4609
4561
4446
4219
3930
3669
3456
3249
3005
2700
2332
1891
1419
973
553
120
-327
-723
-1038
-1338
-1673
-2033
-2376
-2676
-2941
-3175
-3384
-3551
-3638
-3642
-3587
-3521
-3475
-3450
-3443
-3418
-3340
-3231
-3130
-3031
-2880
-2660
-2427
-2228
-2048
-1862
-1675
-1481
-1247
-966
-685
-413
-101
282
705
1097
1425
1691
1928
2170
2420
2656
2845
2959
3007
3039
3059
3044
2904
2622
2278
1952
1637
1293
916
508
82
-332
-723
-1150
-1685
-2287
-2818
-3216
-3532
-3813
-4032
-4180
-4268
-4273
-4183
-4070
-4002
-3925
-3718
-3354
-2919
-2496
-2086
-1644
-1148
-620
-141
226
492
756
1100
1522
1979
2405
2757
3052
3359
3710
4017
4172
4186
4195
4289
4448
4610
4735
4796
4792
4752
4684
4539
4253
3856
3455
3150
2956
2794
2569
2248
1884
1515
1117
659
151
-351
-786
-1112
-1330
-1502
-1709
-1998
-2341
-2698
-3058
-3418
-3750
-3982
-4067
-4022
-3913
-3807
-3733
-3689
-3662
-3628
-3583
-3543
-3493
-3365
-3097
-2706
-2272
-1878
-1571
-1343
-1147
-933
-678
-382
-50
330
766
1244
1718
2129
2440
2640
2754
2834
2917
3008
3093
3176
3259
3316
3298
3150
2857
2447
1992
1577
1246
958
641
290
-44
-335
-615
-958
-1453
-2117
-2819
-3360
-3679
-3886
-4098
-4333
-4547
-4690
-4726
-4683
-4655
-4698
-4708
-4515
-4072
-3514
-2983
-2506
-2033
-1518
-966
-421
57
449
833
1322
1935
2578
3129
3527
3801
4025
4253
4456
4585
4636
4668
4744
4867
4988
5064
5061
4944
4725
4461
4204
3956
3712
3509
3356
3199
2963
2647
2292
1904
1491
1057
642
267
-65
-339
-568
-826
-1176
-1644
-2177
-2692
-3135
-3485
-3752
-3939
-4064
-4125
-4125
-4089
-4060
-4085
-4144
-4152
-4067
-3883
-3614
-3292
-2935
-2577
-2228
-1902
-1623
-1400
-1210
-998
-728
-376
41
471
876
1237
1550
1824
2054
2233
2365
2472
2601
2774
2967
3129
3208
3178
3051
2870
2655
2394
2077
1724
1395
1129
908
680
378
-2
-417
-838
-1255
-1693
-2186
-2720
-3224
-3594
-3830
-4032
-4280
-4561
-4788
-4895
-4890
-4825
-4743
-4614
-4360
-3959
-3454
-2926
-2453
-2041
-1625
-1120
-532
30
490
892
1319
1809
2328
2802
3176
3437
3656
3918
4217
4472
4619
4673
4711
4774
4857
4938
4961
4900
4783
4647
4518
4353
4127
3863
3599
3338
3084
2832
2522
2160
1772
1396
1013
591
147
-282
-675
-1036
-1382
-1732
-2117
-2542
-2952
-3303
-3595
-3859
-4103
-4290
-4398
-4421
-4377
-4318
-4260
-4185
-4068
-3889
-3661
-3404
-3131
-2834
-2509
-2158
-1801
-1458
-1141
-832
-514
-170
188
545
900
1261
1614
1936
2226
2484
2700
2880
3031
3151
3229
3259
3251
3220
3146
3005
2804
2564
2298
2016
1722
1409
1068
708
346
-15
-381
-743
-1089
-1418
-1730
-2027
-2326
-2663
-3032
-3390
-3693
-3947
-4195
-4421
-4584
-4652
-4635
-4570
-4480
-4372
-4237
-4026
-3697
-3275
-2820
-2373
-1906
-1384
-815
-252
259
707
1122
1565
2053
2551
2997
3363
3640
3866
4104
4346
4540
4643
4682
4721
4792
4884
4965
4979
4903
4757
4585
4408
4218
3978
3695
3399
3113
2846
2555
2200
1786
1348
906
476
52
-358
-747
-1093
-1404
-1688
-2006
-2400
-2827
-3235
-3575
-3856
-4101
-4310
-4456
-4528
-4514
-4457
-4406
-4383
-4363
-4258
-4039
-3733
-3392
-3043
-2648
-2207
-1730
-1262
-857
-528
-244
67
437
824
1191
1527
1849
2173
2495
2776
2961
3031
3049
3084
3147
3215
3260
3264
3214
3130
3019
2848
2591
2269
1927
1616
1346
1081
794
475
152
-161
-475
-815
-1199
-1601
-1977
-2289
-2552
-2814
-3125
-3486
-3843
-4153
-4420
-4663
-4878
-5043
-5115
-5062
-4887
-4642
-4381
-4102
-3771
-3378
-2931
-2445
-1941
-1432
-899
-310
314
886
1360
1774
2183
2588
2983
3367
3717
4011
4277
4547
4800
4977
5064
5093
5094
5090
5082
5048
4957
4812
4650
4485
4292
4037
3711
3362
3019
2688
2361
2028
1675
1308
943
583
210
-199
-642
-1083
-1476
-1814
-2112
-2391
-2674
-2964
-3246
-3517
-3769
-4002
-4215
-4388
-4493
-4514
-4445
-4319
-4182
-4044
-3884
-3683
-3434
-3133
-2783
-2394
-1982
-1544
-1079
-621
-213
125
410
687
971
1245
1517
1786
2049
2303
2532
2718
2851
2921
2939
2950
2970
2985
2987
2963
2914
2841
2724
2554
2316
2030
1717
1395
1074
756
441
109
-243
-613
-986
-1361
-1739
-2100
-2419
-2693
-2934
-3150
-3339
-3509
-3705
-3935
-4168
-4372
-4537
-4657
-4715
-4704
-4627
-4500
-4326
-4125
-3905
-3655
-3342
-2950
-2488
-1977
-1439
-873
-282
324
911
1439
1906
2337
2766
3205
3657
4107
4510
4836
5088
5290
5444
5534
5551
5529
5497
5463
5405
5318
5193
5008
4752
4446
4118
3769
3389
3003
2633
2291
1960
1623
1263
872
467
45
-383
-779
-1148
-1491
-1811
-2101
-2340
-2545
-2748
-2960
-3189
-3429
-3656
-3819
-3901
-3926
-3919
-3899
-3848
-3766
-3659
-3541
-3417
-3267
-3066
-2799
-2478
-2123
-1777
-1441
-1116
-794
-484
-200
58
307
578
880
1201
1494
1736
1936
2115
2270
2393
2474
2511
2516
2517
2526
2528
2482
2381
2244
2082
1882
1639
1372
1099
829
579
360
144
-98
-356
-598
-828
-1068
-1326
-1579
-1808
-2007
-2176
-2339
-2517
-2708
-2896
-3075
-3257
-3470
-3704
-3907
-4036
-4081
-4065
-4018
-3947
-3843
-3682
-3449
-3165
-2878
-2575
-2215
-1771
-1257
-708
-163
358
856
1350
1850
2318
2733
3100
3455
3814
4160
4478
4735
4919
5041
5126
5187
5202
5161
5081
4972
4849
4705
4542
4342
4097
3812
3498
3165
2814
2460
2118
1790
1465
1150
847
556
260
-42
-337
-631
-934
-1225
-1487
-1722
-1949
-2167
-2361
-2554
-2747
-2944
-3134
-3304
-3446
-3543
-3604
-3631
-3622
-3573
-3480
-3362
-3242
-3112
-2963
-2789
-2557
-2280
-1972
-1646
-1313
-980
-657
-364
-108
121
338
561
802
1042
1263
1449
1614
1755
1868
1935
1956
1950
1934
1922
1919
1921
1898
1835
1738
1623
1490
1330
1147
940
731
540
377
211
29
-170
-387
-610
-835
-1065
-1309
-1554
-1765
-1915
-2014
-2106
-2213
-2339
-2485
-2623
-2737
-2846
-2983
-3146
-3280
-3343
-3350
-3324
-3283
-3235
-3168
-3037
-2829
-2558
-2258
-1934
-1560
-1117
-626
-122
349
782
1203
1628
2054
2472
2866
3216
3534
3839
4121
4360
4534
4653
4736
4795
4832
4848
4832
4776
4693
4593
4473
4319
4133
3944
3746
3533
3307
3054
2778
2470
2151
1837
1514
1176
826
468
107
-251
-600
-936
-1262
-1586
-1891
-2171
-2439
-2697
-2937
-3148
-3336
-3493
-3610
-3691
-3751
-3780
-3777
-3743
-3691
-3631
-3546
-3425
-3271
-3098
-2911
-2708
-2506
-2306
-2093
-1869
-1644
-1408
-1159
-885
-589
-283
10
280
517
734
941
1136
1311
1470
1611
1737
1855
1949
2012
2019
1978
1898
1799
1703
1602
1491
1358
1206
1044
874
701
511
292
50
-184
-370
-501
-603
-704
-822
-954
-1091
-1225
-1341
-1447
-1552
-1660
-1747
-1806
-1853
-1899
-1957
-2037
-2153
-2285
-2385
-2441
-2468
-2460
-2413
-2342
-2240
-2096
-1910
-1701
-1482
-1235
-937
-572
-150
310
778
1229
1661
2093
2518
2913
3248
3538
3809
4071
4329
4565
4739
4809
4797
4733
4640
4527
4392
4228
4043
3853
3661
3460
3243
2980
2680
2371
2071
1791
1528
1282
1044
810
576
329
53
-249
-560
-873
-1177
-1472
-1761
-2039
-2305
-2554
-2785
-3004
-3221
-3441
-3638
-3796
-3899
-3939
-3932
-3885
-3810
-3707
-3581
-3433
-3266
-3084
-2877
-2651
-2391
-2106
-1817
-1530
-1262
-1008
-766
-543
-337
-138
51
240
417
585
744
886
1003
1084
1140
1186
1241
1299
1351
1381
1397
1409
1419
1415
1381
1306
1205
1098
1003
921
838
740
623
490
345
186
15
-172
-347
-494
-615
-715
-807
-895
-983
-1060
-1121
-1170
-1202
-1223
-1219
-1195
-1165
-1132
-1106
-1098
-1108
-1131
-1163
-1189
-1210
-1216
-1196
-1159
-1102
-1020
-918
-789
-644
-480
-290
-77
160
416
689
972
1265
1554
1828
2082
2307
2504
2683
2850
3012
3166
3304
3417
3498
3542
3556
3538
3496
3431
3334
3210
3077
2939
2790
2627
2441
2224
1973
1699
1418
1143
864
579
290
8
-255
-504
-742
-991
-1260
-1536
-1790
-2007
-2198
-2369
-2533
-2679
-2794
-2878
-2942
-2995
-3043
-3074
-3072
-3033
-2962
-2872
-2770
-2656
-2537
-2410
-2277
-2141
-2005
-1864
-1704
-1541
-1369
-1196
-1017
-833
-658
-499
-355
-219
-84
52
183
296
392
488
592
696
781
835
858
869
880
902
921
916
887
840
788
746
693
618
525
413
303
203
120
36
-61
-155
-248
-330
-394
-447
-487
-513
-528
-531
-532
-525
-510
-490
-466
-448
-447
-456
-469
-479
-491
-504
-521
-532
-523
-492
-441
-372
-288
-180
-51
92
249
407
572
758
963
1178
1387
1574
1742
1898
2043
2167
2270
2352
2420
2483
2543
2597
2633
2627
2588
2536
2467
2393
2311
2217
2115
2008
1892
1764
1616
1450
1267
1080
891
695
501
305
108
-95
-302
-514
-734
-951
-1161
-1366
-1556
-1740
-1916
-2075
-2207
-2318
-2415
-2498
-2566
-2613
-2634
-2629
-2607
-2568
-2506
-2424
-2321
-2206
-2091
-1980
-1871
-1753
-1625
-1489
-1350
-1206
-1064
-926
-789
-656
-528
-405
-287
-174
-72
30
130
226
314
383
440
487
529
576
623
665
695
719
743
764
779
771
740
696
641
584
526
463
399
334
273
214
150
81
13
-50
-99
-136
-163
-177
-184
-191
-186
-185
-184
-187
-194
-202
-216
-231
-242
-248
-251
-253
-253
-255
-262
-269
-273
-264
-243
-204
-148
-71
21
125
237
348
457
561
678
801
939
1088
1238
1387
1524
1642
1733
1798
1840
1871
1893
1902
1905
1894
1865
1828
1774
1700
1610
1504
1385
1264
1146
1023
896
765
631
490
349
201
48
-106
-254
-392
-518
-633
-745
-849
-941
-1032
-1123
-1210
-1296
-1377
-1450
-1514
-1570
-1614
-1646
-1669
-1685
-1691
-1688
-1681
-1665
-1648
-1624
-1592
-1547
-1488
-1419
-1344
-1263
-1178
-1093
-1012
-930
-846
-757
-664
-568
-472
-376
-284
-197
-115
-47
15
73
133
190
250
303
343
377
408
434
454
471
490
505
514
518
512
494
471
447
425
410
388
358
323
287
252
216
178
141
112
92
77
63
49
35
15
-4
-24
-48
-66
-73
-75
-72
-66
-62
-54
-44
-33
-16
2
30
68
113
169
228
285
339
399
459
516
572
629
684
745
814
884
948
1009
1066
1117
1155
1183
1200
1213
1223
1224
1215
1191
1150
1101
1044
982
907
825
729
624
518
413
312
211
111
5
-104
-211
-317
-419
-512
-600
-679
-746
-803
-848
-888
-925
-958
-999
-1039
-1070
-1089
-1095
-1093
-1082
-1071
-1058
-1043
-1029
-1015
-999
-977
-945
-902
-854
-805
-754
-708
-661
-612
-563
-508
-456
-396
-336
-280
-223
-165
-111
-63
-21
19
49
76
98
114
126
135
141
149
157
157
153
149
141
131
120
109
97
81
63
47
34
21
9
2
-5
-13
-18
-22
-25
-22
-13
0
13
26
33
37
45
52
61
73
84
96
108
117
130
142
155
167
181
199
219
240
266
288
315
337
362
387
407
425
442
459
471
481
492
506
518
533
542
547
551
545
542
535
525
513
496
481
463
439
407
376
341
301
266
234
205
176
154
132
113
91
66
35
5
-28
-56
-79
-97
-115
-134
-149
-165
-184
-209
-234
-257
-276
-290
-304
-313
-323
-335
-344
-351
-357
-364
-372
-373
-369
-362
-353
-342
-332
-320
-308
-297
-283
-266
-251
-237
-223
-218
-215
-218
-223
-231
-239
-250
-264
-277
-287
-298
-307
-314
-322
-329
-334
-338
-344
-345
-343
-336
-331
-324
-315
-305
-292
-283
-276
-270
-256
-244
-231
-213
-187
-161
-131
-100
-73
-45
-18
14
49
89
125
165
194
219
242
258
274
292
308
328
345
358
374
386
391
397
402
400
399
398
389
380
365
350
335
317
305
292
279
265
251
234
217
200
183
169
155
142
129
120
111
104
93
83
69
55
43
28
17
3
-11
-23
-38
-51
-65
-76
-84
-88
-86
-75
-61
-51
-38
-24
-10
5
23
44
67
93
118
146
177
205
234
258
283
310
335
360
378
391
401
408
410
410
404
397
381
357
325
287
248
206
161
118
72
24
-24
-73
-126
-180
-237
-293
-344
-395
-444
-491
-537
-581
-622
-661
-695
-724
-746
-762
-772
-777
-777
-775
-769
-757
-740
-721
-702
-684
-656
-622
-586
-545
-501
-458
-413
-368
-319
-270
-220
-172
-127
-79
-29
22
71
118
155
192
228
261
287
315
341
369
392
409
424
432
443
448
450
447
440
429
415
402
388
370
355
334
306
271
236
205
170
137
108
85
60
38
13
-11
-32
-54
-69
-81
-91
-97
-96
-90
-77
-62
-46
-27
-8
10
33
56
77
95
112
128
144
158
172
187
197
211
225
239
245
250
250
249
251
254
253
254
257
258
259
258
256
258
259
262
262
263
267
265
258
253
243
232
221
210
196
176
154
130
100
67
35
9
-17
-39
-63
-87
-108
-132
-155
-171
-195
-216
-235
-257
-286
-311
-340
-366
-390
-414
-435
-454
-469
-482
-495
-510
-520
-527
-534
-536
-532
-528
-523
-514
-507
-499
-492
-487
-478
-465
-446
-421
-394
-367
-341
-315
-286
-258
-231
-204
-173
-143
-115
-87
-60
-37
-16
4
24
45
66
90
119
150
175
199
221
241
262
284
305
326
344
361
371
382
390
394
395
393
394
389
386
380
371
360
350
337
320
298
279
261
242
226
213
200
181
166
150
136
127
119
113
109
102
96
93
90
86
87
90
90
92
94
94
95
100
100
100
99
100
96
94
91
83
73
67
59
47
36
25
14
4
-8
-22
-37
-50
-63
-70
-74
-84
-89
-97
-107
-117
-128
-131
-130
-125
-121
-114
-109
-107
-103
-102
-100
-99
-96
-96
-89
-85
-81
-82
-85
-91
-102
-114
-118
-126
-131
-136
-142
-148
-157
-167
-176
-184
-193
-202
-212
-222
-230
-235
-239
-240
-245
-246
-242
-240
-236
-229
-213
-197
-180
-161
-146
-130
-113
-93
-78
-60
-42
-28
-13
-2
12
29
45
63
83
104
119
134
147
157
165
173
181
192
201
206
208
211
214
211
210
212
214
214
208
197
186
175
163
150
141
134
126
114
103
88
68
52
35
17
5
-2
-13
-22
-31
-42
-47
-47
-47
-49
-47
-45
-46
-46
-48
-50
-48
-46
-38
-32
-29
-23
-19
-15
-11
-3
7
17
27
37
44
45
44
42
35
31
27
23
23
26
27
29
33
30
27
23
21
20
17
17
17
16
14
7
4
-4
-10
-15
-19
-24
-31
-31
-28
-25
-24
-24
-24
-24
-26
-29
-32
-38
-42
-43
-43
-43
-43
-43
-43
-44
-46
-47
-47
-46
-41
-36
-32
-24
-13
-2
6
12
17
18
18
14
12
9
8
7
7
8
5
3
-3
-7
-12
-18
-24
-30
-38
-45
-54
-61
-67
-69
-69
-68
-62
-62
-60
-54
-48
-45
-41
-36
-31
-24
-15
-9
-3
2
6
12
17
21
23
32
37
44
47
48
49
47
48
48
48
48
51
50
49
47
45
45
48
49
52
48
43
40
36
32
27
23
22
24
26
25
27
26
23
19
12
9
4
2
-1
-3
-9
-19
-26
-31
-32
-31
-30
-27
-26
-22
-24
-23
-24
-27
-24
-22
-18
-14
-9
-9
-9
-14
-19
-18
-15
-10
-5
4
10
10
9
11
13
15
17
21
23
27
28
28
30
28
26
28
32
35
35
37
38
39
42
42
40
39
35
29
23
16
8
5
-2
-9
-18
-23
-32
-44
-56
-70
-82
-90
-97
-99
-100
-102
-104
-103
-102
-99
-99
-99
-94
-91
-88
-81
-75
-66
-56
-44
-33
-22
-13
-5
-2
4
9
12
14
22
27
35
42
48
53
59
69
76
83
91
98
103
111
114
116
117
117
117
113
109
106
103
98
92
86
80
68
56
43
31
20
9
1
-8
-16
-26
-37
-46
-57
-68
-77
-89
-95
-102
-109
-109
-109
-108
-104
-103
-99
-98
-96
-89
-82
-76
-73
-68
-65
-59
-52
-45
-40
-34
-29
-19
-9
0
15
29
40
54
68
83
94
103
109
115
120
123
125
123
124
118
113
110
107
104
101
95
92
83
73
63
56
44
33
21
8
-3
-15
-27
-36
-46
-59
-68
-76
-84
-89
-96
-103
-107
-111
-114
-117
-121
-124
-126
-124
-119
-117
-112
-105
-99
-95
-86
-77
-69
-59
-47
-32
-22
-13
-4
3
12
20
29
37
47
54
64
70
74
74
75
78
78
82
85
89
91
89
86
85
81
72
65
61
54
47
39
29
19
5
-3
-5
-6
-7
-8
-11
-14
-19
-25
-34
-38
-43
-45
-46
-46
-48
-49
-49
-55
-58
-63
-64
-68
-68
-66
-66
-63
-61
-56
-54
-53
-46
-36
-22
-10
2
12
18
24
25
29
36
41
48
55
62
67
70
74
76
78
80
83
86
89
88
87
84
77
68
60
51
42
32
23
17
7
0
-8
-13
-17
-22
-26
-31
-37
-40
-43
-43
-44
-48
-45
-44
-43
-45
-46
-49
-51
-49
-48
-45
-42
-41
-38
-36
-33
-29
-22
-15
-8
-4
2
7
11
13
11
10
7
7
6
7
9
14
16
17
20
18
19
19
15
11
9
10
10
13
16
13
13
12
11
11
10
5
1
-2
-4
-4
-7
-6
-6
-6
-3
-3
-7
-8
-13
-17
-20
-20
-18
-12
-6
1
6
9
10
8
8
6
2
-4
-3
-2
-4
-8
-14
-15
-19
-24
-25
-27
-29
-29
-30
-30
-29
-25
-22
-19
-17
-13
-10
-7
-9
-10
-11
-13
-16
-16
-15
-13
-10
-10
-8
-2
3
10
18
25
29
32
38
43
47
52
55
59
61
63
67
66
64
62
60
59
57
55
52
47
43
37
33
31
26
19
15
9
-2
-15
-26
-34
-41
-47
-51
-54
-57
-60
-61
-61
-63
-64
-62
-63
-61
-62
-62
-62
-64
-64
-61
-59
-54
-49
-42
-36
-29
-22
-18
-13
-8
-6
-1
5
7
10
20
31
38
46
50
54
58
62
64
70
72
73
74
73
69
64
61
58
53
52
51
47
43
40
36
32
26
19
12
6
-1
-7
-13
-19
-25
-32
-33
-35
-41
-44
-48
-49
-50
-49
-48
-46
-45
-48
-52
-50
-53
-52
-53
-50
-48
-47
-41
-33
-24
-16
-8
-2
7
14
19
25
29
33
35
35
35
36
36
35
32
31
32
30
28
26
24
18
11
8
2
-4
-8
-12
-16
-21
-24
-27
-30
-32
-35
-38
-41
-42
-42
-45
-43
-41
-36
-33
-31
-24
-20
-17
-15
-15
-12
-11
-7
-1
4
10
17
22
24
28
32
34
36
38
40
46
51
54
56
59
58
55
56
57
54
49
48
42
35
30
23
17
14
9
6
3
1
-2
-6
-9
-12
-14
-19
-21
-24
-25
-27
-28
-33
-36
-38
-38
-40
-41
-39
-34
-32
-27
-24
-21
-18
-19
-22
-23
-26
-28
-29
-29
-26
-24
-20
-16
-10
-3
0
5
8
11
14
18
20
20
20
20
19
19
21
24
24
25
27
25
25
24
23
23
23
26
25
22
21
19
17
12
5
-3
-8
-11
-16
-19
-20
-21
-19
-15
-10
-5
-2
1
2
2
1
1
2
1
-1
-5
-3
-4
-6
-6
-6
-7
-9
-10
-14
-17
-19
-21
-23
-23
-22
-20
-18
-15
-15
-17
-15
-11
-11
-9
-9
-7
-8
-9
-10
-13
-14
-13
-13
-10
-9
-7
-1
4
7
8
12
14
16
20
21
20
20
19
15
16
15
15
17
20
23
24
24
24
21
16
15
10
9
7
4
1
-3
-6
-4
-6
-5
-5
-6
-3
-1
1
4
5
2
1
2
1
2
3
3
3
0
-2
-3
-5
-6
-7
-7
-7
-6
-4
0
5
4
1
-1
-2
-4
-1
4
6
7
10
14
19
22
22
24
23
21
17
13
9
7
2
3
2
-3
-6
-9
-11
-15
-17
-18
-18
-20
-23
-22
-21
-21
-23
-25
-26
-27
-31
-28
-25
-24
-23
-21
-18
-15
-12
-8
-3
1
7
12
14
17
18
21
23
28
31
36
40
41
39
36
32
27
23
19
15
12
9
3
2
-2
-5
-6
-7
-7
-9
-9
-8
-10
-12
-13
-19
-22
-25
-26
-26
-26
-26
-26
-27
-29
-32
-35
-37
-38
-38
-33
-28
-25
-25
-24
-21
-20
-15
-12
-6
0
6
11
13
15
15
16
17
15
16
20
22
25
28
29
31
32
31
30
30
30
30
28
28
26
21
19
16
13
10
10
9
8
7
8
4
1
-1
-3
-5
-8
-10
-8
-6
-4
-5
-6
-7
-8
-10
-12
-12
-15
-16
-15
-13
-10
-8
-5
-5
-1
1
3
6
10
11
11
11
10
7
7
6
6
9
13
17
19
20
19
18
16
13
10
8
7
7
7
8
5
2
1
-4
-8
-12
-15
-16
-19
-19
-19
-18
-19
-19
-18
-17
-15
-13
-8
-7
-6
-9
-9
-9
-12
-11
-10
-8
-7
-5
-5
-7
-11
-12
-14
-15
-16
-15
-14
-13
-13
-14
-14
-12
-9
-8
-4
-2
0
2
2
2
2
1
-2
-2
0
1
3
5
7
5
4
7
8
7
7
7
9
10
13
14
14
13
13
12
11
9
9
8
6
2
-2
-4
-7
-10
-11
-12
-13
-15
-14
-11
-8
-6
-2
4
6
8
12
15
17
18
20
21
18
17
14
11
7
6
5
4
3
5
7
8
7
6
5
3
0
-1
-2
-2
-4
-4
-5
-7
-8
-10
-13
-12
-10
-6
-3
0
3
3
5
6
4
7
9
9
9
10
12
12
10
10
8
10
11
12
12
13
10
8
6
4
2
-1
-2
-3
-2
-3
-3
-5
-7
-10
-12
-15
-16
-17
-18
-20
-21
-19
-18
-17
-16
-15
-12
-11
-9
-6
-5
-3
-3
-2
-4
-6
-6
-7
-7
-7
-8
-6
-7
-5
-4
-2
1
3
5
4
5
5
3
2
0
-1
1
3
4
6
6
7
6
8
7
7
11
12
12
11
14
14
12
10
9
5
3
2
0
-2
-3
-5
-5
-4
-5
-7
-6
-5
-5
-1
2
4
5
6
5
1
0
-2
-3
-4
-5
-7
-7
-8
-8
-12
-12
-8
-8
-6
-2
-1
-1
0
2
1
1
1
1
-1
0
0
-2
-1
0
3
3
4
4
5
5
3
5
5
5
4
1
1
-2
-2
-2
-1
-1
2
3
4
5
5
4
6
6
8
8
7
7
5
3
-1
-4
-6
-8
-7
-5
-5
-4
-7
-5
-6
-7
-8
-8
-7
-5
-1
0
1
2
3
3
3
2
1
1
2
1
-2
-1
-1
-2
-2
-1
2
4
6
7
6
6
4
2
3
3
5
5
5
5
3
3
5
6
8
9
8
8
7
6
4
3
2
0
0
-1
-3
-3
-4
-5
-4
-3
-3
-4
-2
1
4
3
4
5
6
6
4
2
1
1
0
-2
-2
-3
-6
-7
-7
-8
-9
-10
-12
-11
-11
-12
-10
-10
-10
-8
-7
-5
-5
-4
-2
-2
-2
0
0
0
-2
-1
-2
-4
-3
-5
-5
-5
-6
-5
-5
-7
-8
-9
-11
-13
-13
-15
-15
-14
-9
-6
-2
1
3
5
8
12
14
16
15
15
14
13
12
11
8
7
7
7
7
6
5
6
5
5
6
4
4
3
2
1
0
0
1
1
0
1
3
3
3
3
4
2
3
4
3
2
2
2
2
2
-1
0
0
-3
-4
-3
-3
-3
-4
-3
-2
-1
-1
3
6
8
9
12
15
14
15
13
13
12
8
6
5
5
5
6
5
3
1
-1
-5
-6
-4
-2
0
1
5
7
6
6
5
2
2
2
2
1
-3
-3
-3
-3
-4
-5
-6
-10
-14
-18
-20
-20
-20
-19
-18
-15
-11
-11
-10
-10
-8
-7
-6
-5
-3
-4
-5
-7
-8
-8
-8
-5
-3
-4
-3
-1
0
-1
-2
-2
-4
-3
-2
-2
-2
-3
-4
-3
-2
0
2
4
5
6
6
6
4
1
-1
-1
-1
-1
-1
1
1
1
-1
-2
-4
-5
-5
-3
-2
0
0
0
1
-1
-1
-2
-2
-3
-1
0
-1
2
2
3
4
5
7
8
9
11
8
10
10
11
12
9
11
10
11
11
11
13
12
11
13
12
11
9
7
6
5
6
7
6
5
3
2
2
0
0
-1
-1
