0
0
0
1
0
0
0
0
-1
0
0
0
-1
0
0
0
0
0
0
0
0
0
0
0
1
0
0
0
0
-1
0
0
1
0
0
0
0
0
-1
0
0
0
0
0
0
-1
0
0
-1
0
0
0
-1
0
0
0
0
-1
0
0
0
0
0
0
0
0
0
0
0
0
0
0
0
-1
0
0
0
-1
0
0
0
-1
0
0
0
0
1
0
0
0
0
-1
1
0
0
0
0
0
1
0
0
0
0
0
0
1
0
0
0
0
-1
0
-1
0
0
0
0
0
0
0
0
0
0
0
0
0
0
0
0
0
1
0
1
1
0
1
0
0
0
0
0
1
0
1
0
0
0
1
0
0
-1
0
0
1
0
-1
0
0
0
0
-1
-1
1
0
0
1
0
0
1
0
0
0
-1
1
0
0
0
0
0
0
-1
0
0
0
0
0
0
0
0
0
0
0
0
0
0
0
0
0
0
0
0
-1
0
-1
0
-1
0
0
0
0
0
-1
0
-1
1
0
0
0
0
0
-1
0
-1
0
-1
0
0
0
0
-1
0
-1
0
1
0
0
0
0
0
0
1
0
0
0
0
0
0
-1
0
0
0
0
0
0
0
0
1
0
1
1
0
0
0
0
0
0
0
0
0
0
1
0
1
0
0
0
0
0
0
0
1
0
0
0
1
0
1
1
0
0
0
0
-1
0
0
1
0
0
0
0
0
0
0
0
0
0
0
0
0
-1
0
0
0
0
0
0
0
0
0
-1
0
1
0
0
0
0
0
0
0
-1
1
0
0
0
1
0
1
0
0
0
0
0
0
0
-1
0
1
0
0
0
1
0
0
0
0
-1
1
1
0
0
1
0
0
0
0
0
0
0
0
-1
0
0
0
0
1
0
0
0
0
0
0
-1
-1
1
0
0
1
0
0
-1
0
-1
1
0
1
0
0
0
0
1
-1
0
0
0
0
0
0
0
0
0
0
0
0
0
0
-1
0
0
0
0
1
0
0
0
0
0
0
0
0
-1
0
0
0
-1
0
0
1
0
-1
0
0
0
0
1
1
1
0
0
-1
0
0
-1
0
0
0
0
-1
0
0
0
0
0
0
1
0
0
0
0
0
1
0
0
0
0
0
0
0
-1
1
-1
0
-1
0
0
0
0
-1
0
0
0
0
0
0
0
0
0
1
0
0
0
0
0
0
0
0
0
0
0
0
0
0
-1
0
0
0
1
0
0
0
0
-1
0
-1
0
1
0
0
1
0
0
0
0
0
0
0
0
0
0
1
-1
0
-1
0
0
-1
0
0
0
0
-1
0
0
0
0
0
1
0
0
0
0
0
0
0
-1
0
0
0
0
0
0
-1
0
0
0
0
0
0
-1
0
-1
0
0
0
0
1
0
0
0
0
0
0
0
0
0
0
0
0
1
0
0
0
0
1
0
-1
0
1
0
0
0
0
0
0
0
-1
-1
0
0
0
1
0
-1
0
0
-1
0
0
0
-1
0
0
1
0
0
0
0
0
0
1
0
0
0
0
1
0
0
0
1
1
0
0
0
0
0
0
1
0
1
0
0
0
1
0
0
0
-1
1
1
0
-1
0
0
0
0
0
0
0
0
0
0
0
1
0
1
0
0
0
0
0
-1
0
1
0
0
-1
0
-1
0
0
-1
0
0
0
0
0
0
0
0
0
0
0
0
0
0
0
0
0
0
0
0
0
0
0
0
0
0
0
0
0
0
0
0
0
-1
0
0
0
0
0
0
0
-1
0
0
0
0
0
0
0
0
0
0
0
0
0
0
0
0
0
0
0
0
0
0
1
-1
0
0
0
0
0
0
0
1
0
0
0
0
0
-1
0
0
0
0
0
0
0
0
0
0
-1
-1
-1
-1
0
-1
0
0
0
0
0
0
-1
-1
0
-1
0
0
0
-1
0
0
0
0
0
0
0
1
0
0
0
0
0
0
0
0
0
0
1
1
0
0
0
0
0
0
0
0
0
0
0
1
0
0
0
0
0
1
1
0
0
0
0
0
-1
0
0
0
0
0
0
1
0
0
1
0
0
0
1
0
0
1
0
1
1
0
0
0
0
0
0
0
0
0
0
1
0
1
1
-1
0
0
0
0
0
0
0
0
0
0
0
1
0
0
1
0
0
0
1
0
0
0
-1
0
0
0
0
0
0
0
0
0
0
1
0
0
0
-1
-1
0
0
0
0
0
0
0
0
0
0
-1
0
1
0
0
0
0
0
0
0
-1
0
1
0
0
0
0
-1
0
-1
-1
0
0
0
0
1
0
0
0
0
0
0
0
0
1
1
0
1
-1
0
0
0
0
0
0
0
0
0
0
0
0
0
0
0
0
0
0
0
0
0
0
0
0
0
0
0
0
-1
1
0
1
0
0
1
0
0
0
0
0
1
-1
0
0
0
0
0
1
0
0
-1
0
0
0
0
1
0
0
1
-1
-1
0
0
0
0
0
0
0
0
0
0
0
-1
0
0
0
1
0
0
0
0
1
0
-1
-1
0
0
0
-1
0
0
0
0
0
-1
0
0
0
0
-1
0
0
0
0
0
0
0
0
0
0
0
0
0
0
-1
0
0
0
0
0
0
0
0
0
1
0
-1
0
0
0
0
0
0
0
0
0
0
0
0
0
0
0
0
0
0
0
-1
0
0
0
0
0
0
0
0
0
0
0
0
0
1
0
0
0
0
0
0
0
1
0
0
0
1
1
0
0
0
-1
1
1
0
0
0
0
0
0
0
1
0
0
0
1
0
0
0
0
0
-1
0
0
0
0
0
0
0
0
0
0
-1
-1
-1
0
0
0
0
-1
0
0
0
0
0
0
0
0
0
1
0
1
0
0
0
0
0
0
1
-1
0
1
-1
0
0
0
0
0
0
0
-1
0
0
0
-1
0
-1
0
0
0
0
0
-1
0
0
0
0
0
0
-1
0
0
0
0
0
0
0
0
-1
-1
0
0
0
0
0
1
0
0
0
0
0
-1
0
0
0
0
0
0
0
0
0
1
0
1
0
0
1
-1
1
0
0
0
-1
-1
0
0
0
-1
0
-1
0
0
0
-1
0
0
0
0
1
0
0
0
0
0
0
1
0
1
0
0
0
0
0
0
1
0
0
0
1
1
0
0
0
0
0
0
0
0
-1
1
0
0
0
0
0
0
0
1
0
0
-1
0
0
0
-1
-1
0
0
1
0
-1
0
0
0
0
0
0
-1
-1
0
0
-1
1
0
1
0
0
0
0
0
0
1
0
0
0
-1
0
0
0
0
0
1
-1
0
0
0
0
0
0
0
0
0
1
0
0
0
0
0
0
-1
0
0
-1
0
0
-1
0
0
0
0
0
0
0
0
1
0
0
-1
1
0
0
-1
-1
0
0
0
1
-1
0
0
0
-1
1
0
0
0
1
-1
0
0
0
0
0
0
0
0
0
0
0
-1
0
0
0
0
0
0
0
0
0
0
1
-1
0
0
-1
1
0
0
0
0
0
0
0
0
0
0
0
0
0
0
-1
0
0
0
0
0
0
0
-1
0
0
0
-1
0
0
-1
-1
0
0
0
0
0
1
1
-1
0
-1
0
0
0
0
0
0
0
0
1
0
0
0
0
-1
0
0
0
1
0
0
0
0
0
1
1
0
0
0
0
0
-1
0
-1
1
0
0
0
0
1
1
0
1
0
0
0
1
-1
-1
1
0
0
1
0
0
0
1
0
0
0
0
1
0
0
1
0
0
0
0
0
1
1
0
0
0
0
1
0
0
0
0
0
-1
0
0
0
1
0
0
0
0
0
0
1
0
0
0
-1
0
0
0
-1
-1
0
0
0
0
-1
0
-1
1
0
0
0
0
0
0
0
1
-1
1
0
-1
0
0
0
0
0
0
0
-1
0
0
0
0
1
0
1
0
0
0
-1
0
0
0
-1
0
0
1
1
0
1
0
0
1
0
0
0
0
0
0
0
0
1
0
0
0
0
0
-1
1
0
0
0
0
0
0
0
-1
0
1
-1
0
-1
0
1
0
0
0
-1
1
-1
0
1
0
0
0
0
0
-1
-1
0
0
-1
1
1
-1
0
0
0
0
0
1
-1
0
0
0
0
-1
1
0
-1
0
0
-1
1
0
0
0
-1
-1
-1
1
0
-1
0
-1
0
0
0
0
0
-1
0
1
-1
-1
0
0
1
-1
0
0
0
0
0
1
0
1
-1
0
0
0
0
1
0
1
0
0
0
0
0
0
0
1
0
1
0
1
1
-1
-1
1
-1
-1
-1
-1
-1
-1
-1
-1
0
0
1
0
0
-1
0
0
-1
0
0
0
-1
0
-1
-1
-1
0
0
1
0
-1
0
1
1
0
0
1
2
0
1
1
1
1
1
2
2
1
0
1
2
1
2
0
1
1
1
0
1
1
1
2
1
1
0
0
1
0
-1
1
0
0
0
-1
-1
0
-1
-1
-2
-1
-1
-1
-1
-2
-1
-1
0
-1
0
-1
-1
0
1
0
0
1
1
0
0
1
1
0
1
1
2
1
2
1
1
1
1
2
1
1
1
1
1
0
0
0
-1
0
-1
-1
-1
-2
-1
-2
-1
-2
-3
-2
-3
-3
-3
-4
-3
-4
-3
-4
-4
-4
-5
-4
-5
-3
-4
-4
-4
-4
-4
-4
-4
-3
-2
-3
-2
-2
-2
-2
-1
-1
0
0
1
1
3
2
3
4
4
4
5
5
5
6
6
6
7
9
8
8
9
8
9
9
9
10
9
9
9
8
8
8
6
7
6
5
5
5
3
3
2
3
1
0
0
0
-3
-3
-2
-4
-4
-6
-5
-6
-7
-8
-6
-8
-8
-10
-10
-9
-9
-9
-10
-10
-10
-10
-9
-9
-9
-9
-9
-8
-7
-7
-6
-6
-5
-4
-3
-2
-2
-2
0
0
1
2
3
3
3
4
4
5
6
5
6
7
6
7
6
6
7
7
6
7
5
6
5
4
4
3
3
3
2
2
1
1
0
0
-1
-1
-2
-2
-2
-3
-3
-3
-3
-3
-4
-4
-4
-5
-3
-4
-4
-3
-4
-2
-3
-2
-2
-2
-1
-1
-1
0
0
1
3
3
4
3
5
5
6
6
8
9
9
9
10
10
11
10
11
11
10
10
11
10
10
10
9
9
9
8
7
6
5
3
3
2
0
-1
-1
-2
-3
-5
-6
-8
-9
-10
-11
-12
-14
-15
-16
-17
-19
-19
-20
-20
-20
-21
-21
-22
-22
-22
-22
-23
-23
-23
-23
-21
-20
-20
-20
-20
-21
-19
-19
-19
-19
-19
-17
-16
-15
-14
-12
-10
-8
-7
-5
-4
-3
-1
0
-1
-2
-5
-7
-12
-15
-17
-21
-21
-21
-22
-23
-20
-16
-13
-5
11
28
48
69
91
111
128
145
159
168
171
169
163
151
141
132
120
110
100
94
91
88
87
81
81
91
97
106
122
138
154
170
181
186
185
185
181
155
117
86
51
8
-29
-62
-93
-126
-156
-177
-192
-202
-209
-223
-237
-255
-276
-299
-318
-327
-341
-383
-440
-502
-550
-581
-645
-765
-921
-1118
-1348
-1560
-1717
-1777
-1749
-1654
-1445
-1100
-649
-134
395
882
1292
1605
1842
1997
2069
2070
2021
1917
1740
1557
1399
1231
1038
793
496
195
-110
-437
-723
-926
-1066
-1151
-1142
-1010
-762
-428
-55
327
686
988
1228
1399
1489
1468
1359
1204
1017
778
509
309
137
-82
-333
-511
-617
-754
-954
-1133
-1223
-1220
-1126
-913
-585
-194
206
609
1034
1392
1618
1734
1739
1644
1477
1272
1069
851
614
357
114
-87
-276
-504
-746
-947
-1103
-1228
-1252
-1099
-793
-456
-192
50
368
642
716
639
504
269
-133
-633
-1097
-1491
-1944
-2537
-3186
-3758
-4235
-4732
-5353
-6068
-6733
-7201
-7370
-7195
-6618
-5552
-4061
-2368
-569
1425
3566
5542
7028
7975
8541
8773
8597
8061
7336
6525
5599
4511
3356
2301
1365
401
-693
-1868
-2949
-3791
-4375
-4678
-4654
-4232
-3405
-2255
-885
652
2345
4009
5337
6214
6729
6957
6836
6327
5559
4657
3653
2551
1439
398
-552
-1516
-2595
-3715
-4758
-5723
-6562
-7108
-7258
-7034
-6452
-5407
-3886
-2046
-95
1843
3673
5188
6198
6710
6852
6587
5846
4765
3536
2217
861
-415
-1579
-2620
-3459
-4144
-4632
-4817
-4760
-4518
-4089
-3448
-2656
-1826
-1001
-176
568
1126
1544
1903
2106
2027
1726
1432
1166
681
-51
-764
-1453
-2288
-3221
-3989
-4466
-4888
-5334
-5676
-5800
-5801
-5755
-5637
-5649
-5937
-6328
-6480
-6235
-5719
-4911
-3511
-1598
347
2214
4323
6557
8296
9171
9391
9227
8607
7488
6177
4951
3778
2602
1540
740
166
-282
-603
-921
-1435
-1980
-2176
-1966
-1575
-1025
-54
1383
2904
4220
5529
6962
8042
8303
7891
7157
6160
4780
3180
1646
226
-1152
-2349
-3220
-3819
-4232
-4538
-4810
-5145
-5460
-5495
-5187
-4788
-4316
-3471
-2215
-860
505
2060
3671
4855
5427
5671
5737
5441
4637
3559
2414
1250
40
-1191
-2229
-2975
-3602
-4237
-4726
-4902
-4748
-4375
-3821
-3086
-2245
-1305
-264
750
1552
2048
2301
2312
1967
1217
468
66
-288
-981
-1750
-1966
-1729
-1722
-2034
-2147
-2099
-2470
-3282
-3786
-3713
-3645
-3885
-3984
-3661
-3372
-3344
-3174
-2871
-3285
-4761
-6351
-7185
-7624
-8089
-7865
-6329
-4160
-2180
47
3154
6404
8575
9568
10062
10124
9443
8339
7378
6454
5180
3869
3043
2475
1684
869
338
-404
-1810
-3147
-3497
-3117
-2814
-2382
-1107
798
2569
4137
5944
7673
8491
8289
7688
6976
5893
4459
3089
1907
646
-627
-1496
-1992
-2550
-3281
-3937
-4539
-5242
-5774
-5739
-5241
-4598
-3778
-2582
-1020
609
2101
3483
4631
5246
5293
5014
4633
4176
3412
2317
1191
151
-917
-1989
-2969
-3820
-4617
-5357
-5772
-5683
-5183
-4367
-3251
-1956
-695
471
1596
2584
3090
2968
2523
2053
1413
419
-487
-930
-1299
-1954
-2475
-2424
-2169
-2346
-2779
-2853
-2839
-3263
-3851
-3962
-3683
-3592
-3708
-3497
-2910
-2568
-2558
-2335
-2021
-2543
-4202
-6011
-7107
-7825
-8535
-8524
-7049
-4706
-2443
-19
3186
6550
8881
9974
10348
10206
9374
8029
6746
5594
4308
3119
2326
1750
1008
180
-399
-1035
-2163
-3220
-3305
-2587
-1825
-842
975
3222
5101
6584
8016
9118
9211
8335
7119
5750
4056
2227
718
-476
-1668
-2745
-3374
-3690
-4089
-4502
-4682
-4746
-4837
-4630
-3791
-2489
-1129
189
1554
2818
3792
4329
4489
4379
3875
2922
1828
839
36
-587
-1125
-1650
-2227
-2785
-3198
-3555
-3952
-4267
-4347
-4143
-3634
-2835
-1738
-286
1203
2284
2954
3423
3658
3414
2617
1559
506
-472
-1458
-2431
-3041
-3084
-2953
-3047
-3122
-2737
-2080
-1771
-1738
-1493
-1328
-1717
-2172
-2112
-1895
-1874
-1682
-1228
-1129
-1648
-2111
-2119
-2422
-3880
-6161
-8142
-9361
-10248
-10802
-10133
-7836
-4850
-2132
740
4318
7816
10111
11048
11075
10518
9438
7966
6463
5094
3787
2575
1455
284
-855
-1753
-2380
-3038
-3907
-4324
-3654
-2287
-703
1344
3811
6078
7785
9079
10039
10310
9566
8066
6299
4423
2473
666
-719
-1731
-2673
-3567
-4151
-4383
-4468
-4466
-4389
-4255
-3796
-2678
-1106
459
2010
3565
4606
4770
4416
3855
2804
1258
-193
-1219
-2051
-2719
-2741
-2095
-1582
-1636
-1801
-1748
-1778
-2232
-2779
-2809
-2387
-2003
-1623
-833
367
1484
2024
2057
1970
1716
1112
313
-429
-1047
-1674
-2262
-2473
-2431
-2491
-2479
-2208
-1995
-1985
-1921
-1456
-770
-489
-502
-401
-333
-555
-971
-1229
-1206
-1386
-1965
-2565
-3147
-3731
-4194
-4771
-6045
-8150
-10022
-10726
-10821
-10701
-9308
-6143
-2487
487
3365
6943
10291
12068
12308
11831
10838
9101
6949
5075
3594
2008
307
-1011
-1976
-2896
-3549
-3627
-3510
-3553
-3117
-1539
639
2796
5089
7543
9509
10451
10717
10725
10011
8181
5744
3353
1145
-1063
-2909
-3942
-4523
-5105
-5497
-5410
-4949
-4369
-3610
-2554
-1461
-336
1137
2855
4314
5296
5840
5602
4317
2487
713
-1091
-3077
-4534
-4960
-5006
-4959
-4127
-2469
-1148
-865
-832
-399
-189
-536
-919
-718
-25
381
432
783
1500
1934
1603
886
365
-109
-644
-971
-1015
-859
-736
-819
-861
-791
-918
-1351
-1753
-1943
-2140
-2208
-1692
-779
-11
488
690
522
15
-753
-1654
-2448
-3015
-3501
-4163
-4761
-4943
-4916
-5005
-5695
-7380
-9289
-10271
-10435
-10322
-9320
-6527
-2631
812
3741
7082
10407
12426
12718
11759
10219
8160
5662
3409
1736
359
-835
-1719
-2349
-2813
-3047
-2874
-2561
-2432
-1944
-438
1676
3800
5986
8265
10137
10995
10812
10077
8911
6990
4424
1784
-523
-2416
-3845
-4688
-4939
-4908
-4781
-4359
-3709
-3118
-2369
-1238
40
1314
2678
4145
5414
6150
6309
5685
4001
1635
-783
-3187
-5360
-6484
-6332
-5685
-4899
-3441
-1335
236
601
681
1019
950
198
-517
-435
240
640
665
886
1229
1164
526
-227
-688
-1161
-1730
-1839
-1398
-955
-843
-889
-674
-567
-1117
-1847
-2004
-1637
-1453
-1521
-913
398
1239
1170
732
399
-121
-1272
-2366
-2659
-2657
-3007
-3717
-4374
-4642
-4851
-5327
-6314
-8166
-10187
-11233
-11435
-11115
-9712
-6550
-2222
1504
4293
7521
10957
12900
12920
11804
10259
8284
5769
3542
2150
907
-407
-1522
-2390
-3084
-3629
-3806
-3521
-3188
-2554
-734
1951
4554
6950
9328
11104
11482
10607
9328
7834
5666
3018
650
-1196
-2673
-3686
-4079
-4026
-4094
-4381
-4429
-4092
-3618
-2996
-1748
125
2020
3707
5310
6702
7381
7006
5640
3569
893
-2107
-4686
-6403
-7047
-6687
-5823
-4566
-2788
-1048
127
543
371
359
412
19
-225
244
1168
1981
2198
1943
1497
733
-296
-1425
-2261
-2395
-2012
-1384
-487
670
1591
1738
1387
825
-187
-1426
-2315
-2615
-2463
-2134
-1372
-139
695
812
561
46
-765
-1781
-2766
-3158
-3341
-3835
-4064
-4098
-4430
-4808
-5000
-5316
-6706
-9424
-11368
-11365
-10884
-10153
-7695
-3288
1291
4378
6945
10189
12479
12587
11409
9823
7920
5503
3237
2065
1315
121
-1020
-1802
-2668
-3685
-4238
-3969
-3397
-2781
-1129
1862
4875
7301
9589
11562
12176
11001
9000
7146
5219
2801
386
-1224
-2138
-2960
-3558
-3757
-3995
-4542
-5104
-5197
-4892
-4215
-2507
100
2682
4944
6903
8271
8493
7431
5579
3287
534
-2509
-4966
-6261
-6563
-6008
-5038
-4064
-2944
-1934
-1406
-1327
-1598
-1343
-426
266
1021
2216
3478
4363
4181
3126
1825
311
-1306
-2482
-2844
-2445
-1698
-817
347
1316
1408
664
-329
-1371
-2379
-3067
-3238
-2482
-1044
187
921
1532
2096
1824
293
-1241
-2022
-2894
-3920
-3907
-2907
-2227
-2460
-3044
-3586
-4561
-5637
-6332
-7689
-10304
-12267
-12392
-11437
-9844
-7171
-2769
1982
4697
6279
8779
11062
11528
10544
9363
8586
7116
5071
4126
3740
2341
289
-1654
-3501
-5253
-6374
-6053
-4788
-3438
-1280
2080
5548
8194
10031
11328
11556
10149
8002
6352
5137
3733
2424
1558
663
-673
-2175
-3408
-4634
-6179
-7527
-7719
-6723
-4906
-2064
1373
4525
6772
7869
8192
7676
5997
3843
1940
350
-1550
-3512
-4221
-3908
-3567
-3422
-3604
-3759
-3741
-3998
-3906
-3245
-2285
-683
1089
2462
3441
3955
4187
3757
2183
416
-639
-1199
-1407
-1122
-417
453
1118
1302
987
212
-745
-1521
-2361
-3014
-2753
-1996
-1112
-87
667
1171
1077
336
-198
-1166
-2614
-2884
-2520
-2645
-2589
-2218
-1856
-1969
-3307
-4793
-5551
-6498
-7278
-7958
-9896
-11570
-11602
-11050
-10013
-8213
-4849
28
3365
4835
7216
10060
11524
11401
10341
9528
8614
6684
5013
4104
2659
610
-1439
-3424
-5124
-6173
-6082
-4623
-2772
-939
1861
5116
7501
9140
10265
10650
10041
8431
7121
6604
5690
4377
3307
2105
382
-1838
-4100
-5633
-6709
-7749
-7982
-6875
-4777
-2130
550
2914
4781
5765
5869
5484
4634
3656
3167
2856
1781
-52
-1350
-1677
-2126
-3330
-4549
-5073
-5325
-5863
-5867
-4592
-2727
-845
756
2030
2763
2890
2914
2852
2243
1356
883
1043
1423
1493
1439
1585
1350
256
-1032
-1894
-2348
-2681
-2941
-2734
-1950
-1193
-622
72
430
255
-140
-392
-184
-281
-1060
-1689
-1928
-2042
-2226
-2633
-2761
-2927
-4045
-5612
-6363
-6079
-5866
-7055
-9384
-11205
-12030
-12289
-11166
-7976
-3507
755
3309
5035
7524
9791
10865
10974
10254
9420
8556
7505
6870
6144
4605
2394
-545
-3912
-6563
-7586
-6972
-5414
-3506
-1133
1896
4763
6832
8312
9153
8998
8260
7596
7575
8143
8367
8143
7298
5155
2049
-1199
-3923
-5901
-7341
-8196
-7949
-6627
-4715
-2569
-556
874
1586
2024
2268
2484
3153
4329
5415
5572
4239
2659
1606
176
-1405
-2679
-3787
-4710
-5660
-5996
-5246
-4634
-4231
-3416
-2474
-1629
-1019
-260
1275
2804
3251
3038
3127
3636
3762
3185
2519
2161
1492
231
-743
-1130
-1616
-2444
-3293
-3553
-3333
-3124
-2606
-1794
-1063
-619
-213
463
631
-160
-1031
-1290
-1074
-1089
-1343
-997
-650
-1680
-3729
-5240
-5439
-5318
-6243
-8417
-10679
-12059
-12912
-12679
-10368
-6558
-2291
769
2221
4137
6656
8695
10310
10999
11054
11050
10566
9901
9174
7787
5533
2254
-1717
-5212
-7000
-7033
-6189
-4988
-3706
-2198
-459
981
2344
3869
5113
6098
6907
7899
9311
10462
10937
10428
8532
5688
2725
156
-1805
-3167
-4125
-4949
-5693
-6209
-6170
-5597
-5119
-4777
-4046
-2848
-1272
625
2867
5230
6466
5944
5051
4644
4139
3633
3400
3063
1961
-252
-2513
-3783
-4833
-5901
-6221
-5952
-5407
-4729
-3853
-2389
-805
-21
265
887
1820
2882
4010
4978
5740
5592
4348
2965
1620
195
-987
-1941
-2791
-3316
-3380
-3293
-3293
-3238
-3063
-2838
-2931
-3273
-2930
-2104
-1601
-1246
-1003
-866
-735
-931
-1367
-1904
-2408
-2605
-2945
-3921
-6082
-9151
-11586
-12989
-13350
-11963
-8810
-4759
-1689
-462
809
2899
4734
6144
7784
9946
11840
12622
12606
12249
11126
8688
5538
2364
-733
-3008
-3861
-3485
-2821
-3039
-3515
-3392
-3426
-3435
-2498
-460
2131
4086
5624
7559
9243
9980
9936
9409
8367
6956
5746
4935
4085
2710
931
-1025
-3435
-5997
-7656
-7996
-7664
-7181
-6446
-5367
-4285
-3311
-2123
-1008
-446
686
2775
4506
6087
7704
8463
7813
5441
2668
1160
100
-1116
-1846
-2301
-2899
-3990
-5512
-6466
-6366
-5940
-5483
-4367
-2554
-568
1084
2356
3645
4556
4556
4234
4181
4318
4382
3953
2979
1706
54
-1660
-2697
-3166
-3670
-4283
-4696
-5138
-5641
-5776
-5359
-4696
-4411
-4562
-4202
-3170
-2713
-2615
-1678
-539
-510
-2206
-5296
-7818
-9326
-10738
-10668
-8254
-4961
-2488
-2038
-2587
-1966
-518
800
2833
5774
8702
10856
11578
11170
10440
9117
7392
5924
4248
2874
2550
2391
1809
636
-928
-2099
-3133
-4136
-4073
-2484
-261
1225
1684
1999
2576
3121
3733
4869
6194
7133
7721
7937
7664
6805
5306
3705
2189
432
-1136
-2000
-2525
-3228
-4330
-5723
-6839
-7452
-7531
-7025
-6355
-5090
-2768
-675
634
2096
3587
4346
4157
3966
4879
5942
6102
5651
4591
2889
923
-1017
-2638
-3448
-3492
-3516
-3713
-4062
-4388
-4264
-3919
-3356
-2237
-966
403
1651
2446
3136
3405
3184
2925
2451
1980
1816
1646
1189
179
-1350
-3073
-4677
-5770
-6198
-5812
-5243
-5278
-5342
-5441
-6046
-6519
-6207
-5082
-4361
-5667
-8065
-9380
-9463
-9093
-7834
-5241
-2266
-669
-1154
-1464
308
2569
4223
6111
8278
9995
10500
9983
9512
9005
7858
6811
6073
4904
3531
2606
1719
345
-1398
-2706
-2656
-2232
-2344
-1803
-296
968
1287
995
1303
2351
3220
4119
5552
6803
7253
7070
6293
5205
4421
4102
4039
3652
2463
1100
-205
-1927
-3861
-5471
-6233
-6070
-5743
-6111
-6560
-5750
-4468
-3874
-3310
-2126
-569
491
878
2031
3988
5227
5636
5509
4894
4022
3031
2378
2133
1656
680
-382
-1196
-2085
-3138
-3908
-4108
-3802
-3457
-3256
-2802
-2241
-1917
-1676
-1092
-138
627
1066
1504
2072
2319
1704
924
418
-434
-1181
-1622
-2236
-2641
-3021
-3707
-4450
-5687
-7012
-7198
-6550
-5942
-6256
-8120
-10310
-11307
-11257
-10091
-7115
-3297
-868
-756
-1562
-1073
1003
3206
5541
8529
10981
11868
11382
10424
9924
9460
8574
7952
7474
6375
4844
3213
1280
-1045
-3170
-4141
-3889
-3561
-3472
-2813
-1967
-1888
-2209
-1881
-311
1986
3880
5370
6785
7531
7401
6817
6110
5747
5907
6120
6069
5620
4496
2739
311
-2640
-4961
-5802
-5621
-5331
-5786
-6542
-6439
-6160
-6468
-6134
-4589
-2700
-1436
-1081
-325
1304
2450
2845
3183
3757
4471
4633
4241
4206
4198
3331
1939
732
-16
-435
-875
-1440
-1847
-2202
-2780
-3260
-3477
-3704
-3938
-3949
-3593
-2779
-1900
-1233
-546
156
529
471
144
-47
-26
-244
-414
-247
-71
-347
-1302
-2639
-3691
-4144
-4414
-5122
-6950
-9603
-11311
-11749
-11875
-10971
-8787
-6448
-5109
-5432
-5366
-3046
-106
2194
4678
7602
10127
11221
11160
11332
11892
11962
11776
11996
11858
10512
8360
5761
3111
718
-1006
-1448
-1602
-2616
-4088
-5425
-6341
-6770
-6841
-5857
-3622
-1339
184
1268
2340
3342
4341
5393
6398
7515
8594
9277
9205
8011
6500
5220
3567
1649
325
-415
-1486
-3669
-5942
-6858
-7225
-7637
-7374
-6478
-5516
-5162
-5228
-4533
-3206
-1970
-842
390
1619
2290
2739
3351
3930
4470
4853
5102
4975
4317
3486
2671
1828
923
14
-367
-424
-1089
-2068
-2837
-3449
-3937
-4541
-4957
-4474
-3768
-3457
-2854
-2262
-2640
-3507
-4273
-4306
-2952
-1322
-152
764
336
-1385
-2816
-3011
-1999
-1187
-1988
-4436
-6995
-8661
-9784
-9653
-8149
-6511
-5712
-6578
-7520
-6278
-3916
-1877
-10
2216
4637
6158
6680
7455
8815
9753
10230
11033
12101
12384
11423
9749
8134
6629
5054
4051
3625
2627
872
-1023
-2870
-4440
-5692
-6279
-5820
-5091
-4597
-4150
-3628
-2932
-2076
-1063
384
2213
4022
5639
6781
7152
7014
6824
6332
5702
5361
5181
4610
2992
778
-631
-1496
-2655
-3531
-3989
-4288
-4715
-5641
-6155
-5797
-5237
-4446
-3593
-2918
-2363
-1896
-1571
-1288
-559
502
1697
2798
3224
3225
3174
2849
2461
2170
1961
1994
1926
1480
817
148
-510
-1541
-2673
-3135
-3011
-2896
-2978
-3373
-4041
-4693
-5459
-5954
-5386
-4549
-4288
-3964
-3510
-3596
-4160
-4522
-4122
-3331
-3834
-5902
-6775
-6074
-5965
-5872
-4702
-3010
-2345
-3901
-4986
-2935
-260
903
1771
3481
5384
5803
5259
5993
7815
8646
8455
8957
10001
10170
9268
8001
7270
6753
5685
5131
5157
4479
3107
1574
127
-998
-1875
-2345
-2318
-2414
-2933
-3296
-3232
-3160
-2916
-2237
-1425
-628
75
973
2169
2795
3030
3621
4003
3839
3609
3613
3586
2739
1477
1055
972
385
-211
-554
-1068
-2108
-3538
-4437
-4372
-4067
-3910
-3608
-3072
-2763
-2855
-2832
-2349
-1698
-1116
-439
394
1085
1481
1668
1774
1889
1814
1613
1640
1734
1624
1466
1181
489
-430
-1324
-1773
-1739
-1705
-1768
-1996
-2554
-3336
-3978
-4244
-4014
-3586
-3647
-4282
-4989
-5433
-5293
-4679
-4486
-5301
-7207
-9094
-9357
-8512
-7356
-5758
-4402
-3803
-4124
-4677
-3323
-233
2136
3360
4801
6624
7577
7363
7516
8963
10319
10346
10044
10346
10289
9131
7507
6460
6194
5653
4645
3961
3154
1659
73
-1006
-1487
-1749
-2031
-2173
-2508
-3247
-3752
-3474
-2852
-2456
-1915
-1097
-412
-99
128
870
1842
2402
2898
3409
3556
3497
3439
3394
3115
2633
2386
2171
1794
1441
987
440
-266
-1181
-1726
-2054
-2653
-3261
-3783
-4076
-4130
-4165
-3961
-3440
-2982
-2733
-2475
-1954
-1114
-275
315
858
1436
1572
1432
1628
1789
1862
2047
1887
1620
1332
562
-194
-646
-1029
-1377
-1952
-2658
-3357
-4145
-4745
-4975
-4653
-4193
-4361
-4974
-5689
-6045
-5808
-5658
-6258
-7723
-8889
-8718
-8244
-7722
-6487
-5176
-4678
-5299
-5398
-3124
-85
1649
2742
4432
6242
6786
6716
7932
10049
11103
10877
10982
11644
11275
9719
8317
7831
7567
6412
5002
4073
2830
1070
-486
-1416
-1856
-2324
-2833
-3136
-3562
-4264
-4609
-4125
-3329
-2738
-2124
-1313
-594
-330
-197
621
1881
2727
3075
3207
3337
3285
3001
2825
2699
2659
2700
2305
1797
1756
1683
1156
222
-620
-735
-683
-1206
-1927
-2401
-2755
-3343
-3918
-3939
-3611
-3554
-3694
-3554
-3220
-2860
-2447
-1998
-1380
-798
-559
-194
368
748
1077
1431
1624
1631
1420
1070
872
783
373
-253
-748
-1332
-2101
-2843
-3298
-3518
-4029
-4837
-5516
-5731
-5392
-5110
-5498
-6682
-8583
-9897
-9668
-8764
-7582
-6226
-5415
-5520
-6249
-6087
-3821
-965
866
2215
3882
5271
5678
6036
7580
9886
11323
11471
11743
12175
11593
10443
9762
9873
9999
9054
7540
6103
4326
2432
1133
415
-371
-1599
-2831
-3809
-4727
-5660
-6103
-5659
-5139
-5058
-4894
-4396
-3783
-3241
-2521
-1185
339
1289
1681
1982
2460
3059
3590
4066
4428
4482
4173
3585
3185
3288
3384
3014
2257
1470
923
317
-668
-1294
-1376
-1744
-2547
-3332
-3701
-3786
-4045
-4355
-4151
-3647
-3380
-3370
-3396
-3153
-2580
-2041
-1527
-898
-400
-62
132
237
580
999
1169
1132
897
623
331
-190
-812
-1280
-1575
-1847
-2257
-2820
-3698
-4761
-5376
-5511
-5803
-6929
-8659
-9695
-9802
-9741
-9387
-8413
-7463
-7384
-7757
-6938
-4600
-2408
-1133
303
2411
4095
4843
5786
7667
9551
10364
10692
11666
12582
12330
11593
11370
11515
11153
9992
8778
7699
6187
4499
3248
2372
1369
-2
-1392
-2596
-3750
-4828
-5541
-5740
-5807
-5967
-6015
-5966
-5810
-5421
-4711
-3626
-2457
-1481
-710
-94
714
1874
3029
3872
4245
4488
4782
4759
4743
5204
5650
5396
4448
3509
3045
2492
1565
801
278
-537
-1752
-2751
-3232
-3566
-4162
-4771
-4879
-4799
-4934
-4973
-4771
-4431
-4024
-3658
-2983
-2178
-1931
-1877
-1436
-789
-251
29
339
868
968
340
-123
88
162
-397
-1023
-1458
-1912
-2684
-3587
-3614
-3367
-4703
-7149
-8975
-9478
-9189
-9157
-8957
-8080
-7973
-9172
-9768
-8257
-5609
-3781
-2793
-1289
629
1647
2126
3800
6495
8442
9298
10120
11413
12161
11804
11739
12544
13032
12584
11686
10873
9881
8245
6641
5759
5037
3680
1871
241
-1270
-2809
-4034
-4714
-5016
-5411
-6142
-6861
-7281
-7340
-6979
-6273
-5340
-4355
-3607
-3220
-2931
-2197
-935
465
1760
2747
3306
3552
3720
4283
5405
6330
6544
6299
5757
4921
4115
3731
3693
3456
2515
1192
80
-968
-2012
-2666
-2913
-3156
-3682
-4460
-4996
-5165
-5369
-5422
-4984
-4344
-3961
-3976
-3928
-3457
-2904
-2384
-1705
-921
-352
-392
-822
-951
-705
-434
-275
-355
-704
-1417
-2427
-3081
-3298
-3926
-5215
-6692
-7688
-8049
-8347
-8504
-8229
-8244
-8935
-9409
-8582
-6662
-5032
-4075
-2857
-1166
105
859
2210
4409
6317
7273
7879
9003
10276
10795
11065
11827
12543
12505
11761
11065
10719
10112
9062
8076
7252
6130
4601
3044
1696
443
-880
-2172
-3209
-4170
-5161
-5936
-6573
-7076
-7247
-7115
-6768
-6363
-5963
-5457
-4889
-4254
-3259
-1854
-525
376
1027
1725
2532
3258
4008
4994
5760
5898
5665
5502
5506
5335
4948
4628
4186
3289
2106
1166
563
-172
-1046
-1674
-2130
-2806
-3661
-4159
-4245
-4355
-4529
-4457
-4130
-3997
-4220
-4127
-3478
-2951
-2703
-2365
-1928
-1720
-1778
-1659
-1207
-952
-1040
-1114
-1137
-1418
-1908
-2153
-2285
-3000
-4256
-5410
-6226
-6899
-7514
-7671
-7429
-7686
-8547
-9013
-8548
-7528
-6469
-5482
-4262
-3049
-2236
-1392
167
2190
3922
5180
6148
7177
8268
9100
9867
10838
11680
12014
11803
11341
11020
10752
10263
9636
8953
8025
6740
5198
3721
2609
1633
465
-715
-1764
-2853
-3946
-4836
-5445
-5803
-6100
-6343
-6378
-6289
-6209
-6078
-5769
-5165
-4350
-3437
-2387
-1574
-1042
-380
521
1668
3036
4224
5006
5393
5399
5415
5754
6199
6455
6254
5512
4582
3701
2925
2334
1771
1003
27
-1081
-2089
-2710
-3166
-3619
-3940
-4272
-4713
-5118
-5226
-5040
-4653
-4392
-4212
-3846
-3551
-3303
-2913
-2541
-2259
-2059
-2050
-1917
-1626
-1597
-1802
-2069
-2316
-2646
-3349
-4323
-5270
-6042
-6454
-6653
-6783
-6822
-7049
-7549
-7871
-7525
-6413
-5091
-4061
-3251
-2420
-1572
-710
548
2330
4089
5231
5880
6599
7473
8213
8946
9909
10828
11239
11040
10723
10631
10459
10039
9575
9123
8382
7129
5757
4672
3724
2664
1485
390
-624
-1813
-3094
-4110
-4743
-5174
-5619
-6002
-6141
-6193
-6300
-6359
-6103
-5424
-4652
-3936
-3239
-2630
-2125
-1589
-766
425
1662
2690
3447
3857
4116
4537
5148
5779
6154
6073
5672
5083
4372
3815
3524
3261
2696
1662
440
-580
-1411
-2118
-2566
-2816
-3168
-3878
-4733
-5203
-5223
-5115
-4963
-4692
-4400
-4273
-4345
-4263
-3708
-3068
-2700
-2411
-2203
-2193
-2251
-2194
-1988
-1792
-1874
-2464
-3433
-4539
-5547
-5921
-5654
-5518
-5777
-6243
-6944
-7569
-7617
-6778
-5291
-4063
-3480
-3005
-2271
-1372
-270
1284
3140
4652
5453
5858
6604
7589
8418
9297
10287
10905
10866
10384
10001
9954
9905
9672
9322
8755
7811
6615
5459
4454
3516
2585
1645
676
-417
-1587
-2595
-3547
-4362
-4827
-5161
-5509
-5951
-6413
-6563
-6433
-6112
-5401
-4589
-4084
-3751
-3389
-2826
-1859
-626
710
2021
2867
3197
3546
4122
4839
5547
6042
6295
6230
5740
5078
4600
4313
3983
3384
2485
1566
669
-330
-1147
-1655
-2138
-2759
-3576
-4442
-4999
-5246
-5349
-5354
-5348
-5416
-5498
-5500
-5302
-4855
-4257
-3795
-3535
-3398
-3244
-2937
-2656
-2425
-2119
-1877
-1905
-2491
-3583
-4417
-4682
-4762
-4780
-4776
-4857
-5240
-6136
-6823
-6368
-5112
-4045
-3514
-3063
-2363
-1733
-1229
-157
1750
3486
4299
4762
5546
6526
7242
7794
8786
9996
10515
10297
10062
10065
9953
9594
9320
9207
8809
7833
6593
5558
4704
3824
2874
1975
1133
88
-1179
-2264
-3018
-3631
-4280
-4987
-5521
-5894
-6331
-6627
-6491
-6043
-5612
-5361
-4995
-4303
-3556
-2904
-2015
-914
115
1004
1896
2834
3635
4200
4720
5301
5670
5729
5708
5708
5478
4950
4449
4057
3489
2585
1706
1102
453
-455
-1376
-2042
-2626
-3431
-4284
-4802
-5012
-5269
-5589
-5672
-5593
-5634
-5711
-5466
-4869
-4362
-4107
-3807
-3461
-3190
-2900
-2490
-1992
-1693
-1644
-1502
-1480
-2163
-3254
-3917
-4087
-4228
-4438
-4463
-4408
-4999
-6157
-6526
-5732
-4842
-4338
-3692
-2600
-1757
-1651
-1303
191
2006
3148
4014
5196
6284
6689
6818
7634
9030
9951
10152
10182
10235
10022
9486
9081
9128
9123
8482
7422
6334
5369
4451
3449
2492
1767
1070
75
-1108
-2268
-3299
-4111
-4772
-5154
-5093
-5048
-5387
-5828
-6021
-5819
-5318
-4691
-3898
-3019
-2363
-1931
-1410
-572
506
1552
2479
3323
3897
4119
4191
4359
4690
4993
5128
5049
4675
3953
3076
2354
1815
1317
792
154
-694
-1669
-2574
-3231
-3663
-4046
-4411
-4735
-5125
-5515
-5740
-5736
-5560
-5367
-5114
-4732
-4305
-3973
-3741
-3458
-3012
-2525
-2110
-1699
-1304
-1107
-1221
-1306
-1047
-799
-1171
-2090
-2898
-3402
-3922
-4306
-4116
-3718
-4018
-5070
-5796
-5479
-4733
-4181
-3465
-2398
-1661
-1588
-1371
-120
1761
3230
4207
5265
6270
6714
6921
7744
9167
10284
10612
10545
10465
10198
9681
9290
9208
9068
8365
7116
5888
4898
3879
2768
1710
736
-264
-1317
-2261
-2974
-3567
-4187
-4769
-5172
-5405
-5512
-5472
-5307
-5124
-4962
-4669
-4071
-3328
-2650
-1938
-1172
-477
123
767
1593
2431
3001
3317
3592
3790
3806
3678
3604
3557
3241
2645
2039
1564
1033
386
-227
-794
-1430
-2100
-2684
-3130
-3548
-3954
-4285
-4552
-4763
-4908
-4936
-4814
-4761
-4826
-4730
-4486
-4205
-3930
-3657
-3328
-3007
-2749
-2347
-1742
-1207
-919
-812
-713
-609
-584
-488
-108
315
224
-469
-1313
-1963
-2431
-2667
-2385
-1754
-1565
-2183
-2981
-3244
-2941
-2373
-1558
-484
383
596
519
897
1839
2872
3792
4786
5730
6206
6189
6257
6748
7352
7770
8024
8170
8083
7641
7059
6673
6387
5887
5157
4473
3926
3280
2431
1641
1002
331
-418
-1011
-1307
-1588
-2128
-2740
-3125
-3280
-3380
-3392
-3149
-2829
-2768
-2887
-2797
-2348
-1795
-1311
-802
-300
6
160
406
822
1212
1418
1514
1586
1558
1359
1159
1066
858
441
35
-289
-666
-1165
-1650
-1985
-2328
-2824
-3284
-3510
-3584
-3669
-3772
-3775
-3663
-3643
-3775
-3821
-3646
-3376
-3164
-2964
-2675
-2351
-2163
-2034
-1726
-1268
-915
-719
-561
-404
-330
-373
-440
-350
-108
64
32
-255
-844
-1642
-2373
-2802
-2819
-2551
-2366
-2447
-2695
-2942
-3018
-2832
-2304
-1416
-471
165
539
979
1604
2328
3138
4104
5099
5776
6005
6148
6501
6911
7228
7560
7918
8080
7878
7471
7107
6735
6214
5613
5082
4602
4025
3319
2561
1790
992
220
-361
-764
-1211
-1749
-2255
-2682
-3032
-3239
-3181
-2924
-2746
-2752
-2740
-2555
-2292
-2034
-1647
-1082
-583
-333
-196
39
294
442
603
827
995
936
726
496
256
-56
-402
-693
-958
-1291
-1703
-2109
-2528
-2992
-3429
-3736
-3926
-4064
-4111
-4066
-4045
-4071
-4064
-3983
-3839
-3670
-3406
-3009
-2614
-2280
-1933
-1562
-1307
-1183
-1000
-680
-375
-207
-129
-79
-59
-82
-82
21
124
41
-293
-758
-1151
-1404
-1573
-1648
-1586
-1501
-1533
-1638
-1639
-1410
-1029
-635
-172
398
936
1399
1902
2500
3095
3611
4098
4601
5047
5393
5713
6003
6177
6204
6181
6205
6202
6059
5844
5618
5282
4760
4172
3709
3338
2875
2296
1755
1273
732
144
-348
-696
-1024
-1417
-1740
-1849
-1857
-1918
-1971
-1902
-1764
-1645
-1504
-1274
-1003
-794
-672
-540
-343
-170
-75
6
78
57
-59
-195
-311
-441
-634
-893
-1159
-1409
-1664
-1927
-2163
-2375
-2631
-2934
-3236
-3454
-3572
-3648
-3695
-3684
-3647
-3660
-3709
-3691
-3548
-3337
-3122
-2870
-2568
-2298
-2101
-1880
-1561
-1211
-932
-726
-532
-337
-195
-119
-31
95
183
170
120
85
60
2
-92
-164
-209
-294
-445
-551
-525
-419
-339
-241
-53
166
335
517
835
1245
1591
1860
2172
2543
2865
3091
3343
3683
3964
4109
4186
4290
4381
4367
4266
4189
4150
4033
3817
3585
3375
3121
2800
2477
2202
1927
1622
1338
1072
808
553
323
94
-150
-370
-539
-668
-760
-802
-799
-794
-837
-870
-844
-792
-777
-796
-783
-773
-798
-815
-795
-770
-798
-884
-968
-1041
-1167
-1340
-1505
-1662
-1799
-1910
-1966
-1981
-2005
-2073
-2148
-2217
-2306
-2402
-2479
-2482
-2412
-2305
-2200
-2109
-2044
-2002
-1977
-1916
-1795
-1669
-1547
-1441
-1331
-1187
-991
-765
-544
-357
-263
-252
-252
-224
-153
-48
48
149
230
245
235
259
290
276
206
117
31
-54
-108
-91
7
142
249
297
300
315
372
449
550
714
898
1025
1109
1211
1316
1402
1520
1667
1780
1843
1872
1902
1935
1967
2024
2081
2084
2047
2021
2000
1968
1910
1833
1748
1650
1566
1508
1457
1401
1324
1220
1114
1055
1036
1008
970
938
896
820
710
616
562
507
421
326
251
193
84
-76
-221
-326
-417
-524
-629
-710
-837
-1013
-1175
-1271
-1338
-1438
-1564
-1693
-1820
-1951
-2029
-2031
-2030
-2061
-2103
-2136
-2177
-2200
-2160
-2095
-2032
-1944
-1845
-1780
-1744
-1696
-1629
-1567
-1498
-1394
-1268
-1164
-1082
-1004
-896
-769
-663
-562
-451
-360
-327
-329
-305
-250
-192
-151
-87
7
68
80
62
56
72
109
170
236
306
365
432
507
588
687
785
861
925
997
1074
1169
1281
1365
1420
1470
1492
1490
1489
1514
1528
1509
1456
1396
1359
1329
1321
1337
1356
1326
1222
1078
937
845
827
860
912
929
895
802
681
599
574
595
625
644
654
676
706
701
661
644
621
535
428
393
391
325
202
83
-28
-169
-310
-374
-399
-488
-678
-896
-1059
-1157
-1212
-1223
-1185
-1163
-1231
-1358
-1467
-1519
-1524
-1526
-1516
-1492
-1473
-1479
-1475
-1420
-1335
-1267
-1237
-1235
-1228
-1201
-1163
-1098
-967
-781
-633
-583
-575
-532
-455
-372
-261
-98
30
45
-11
-53
-49
-9
36
61
92
99
41
-10
-4
45
99
140
174
205
218
212
224
300
420
516
570
610
664
705
706
719
770
819
819
817
867
929
934
876
796
720
666
674
718
737
678
562
429
314
280
309
327
325
295
229
150
103
105
122
118
112
145
200
233
243
264
294
302
302
335
370
364
325
308
322
331
330
328
295
193
73
-15
-91
-180
-284
-386
-430
-456
-478
-484
-519
-598
-709
-815
-867
-853
-812
-763
-676
-584
-551
-564
-577
-552
-514
-476
-403
-286
-191
-153
-170
-193
-176
-152
-139
-78
33
88
12
-92
-117
-110
-110
-80
-4
29
-40
-133
-164
-135
-87
-56
-34
-37
-38
-15
14
35
43
41
31
38
110
212
288
322
299
215
116
91
123
182
260
383
455
382
258
190
133
42
22
102
178
152
94
56
-6
-115
-223
-268
-257
-230
-222
-212
-157
-130
-166
-169
-102
-58
-68
-51
-8
11
16
86
224
334
362
355
336
289
254
246
260
334
422
430
397
392
332
187
80
65
83
100
122
126
74
-30
-135
-194
-255
-284
-269
-246
-257
-255
-258
-326
-397
-395
-321
-209
-89
-34
-58
-92
-110
-118
-89
21
152
190
183
234
268
173
69
65
82
75
129
212
251
198
85
-28
-107
-119
-109
-87
-34
-10
-81
-222
-318
-343
-331
-250
-101
-13
-68
-189
-284
-317
-267
-108
47
100
90
82
76
70
94
155
178
145
143
190
217
214
209
175
106
85
81
35
-23
-61
-73
-99
-108
-95
-84
-94
-105
-113
-144
-180
-206
-238
-223
-101
28
61
87
110
56
-16
-3
76
142
200
264
286
242
189
168
126
77
84
87
24
-10
16
-31
-127
-190
-233
-287
-311
-274
-250
-287
-376
-435
-446
-414
-299
-196
-209
-241
-174
-133
-154
-51
123
190
183
227
304
367
364
337
386
450
449
434
459
446
354
243
177
197
243
248
247
230
118
-49
-122
-112
-107
-83
-11
24
4
-16
-21
-38
-72
-72
-31
-4
33
74
84
96
116
125
144
186
129
-17
-54
13
6
-31
22
63
-19
-122
-121
-126
-236
-308
-292
-308
-344
-324
-325
-351
-313
-306
-418
-456
-388
-363
-328
-218
-185
-234
-225
-171
-196
-228
-150
-19
78
176
267
271
125
-42
-63
8
97
208
304
340
324
237
125
24
-39
-64
-57
-18
17
-3
-18
-1
-10
-36
-43
-72
-136
-189
-164
-55
39
73
95
159
187
166
133
108
160
243
258
264
280
304
357
413
444
449
369
176
-4
2
117
194
233
232
169
42
-53
-135
-225
-243
-205
-149
-39
78
47
-98
-210
-254
-248
-104
110
168
98
44
20
-14
-6
90
187
224
222
196
137
47
-36
-77
-28
46
42
-23
-69
-97
-157
-243
-293
-276
-279
-356
-362
-294
-345
-439
-393
-271
-214
-224
-237
-254
-289
-290
-234
-156
-89
-17
15
8
69
124
83
29
32
44
45
97
160
165
144
138
140
94
20
-28
-112
-253
-268
-102
30
44
5
-69
-179
-239
-222
-169
-42
95
70
-32
-5
61
78
124
249
355
352
303
270
220
185
265
360
395
447
479
408
306
229
167
157
207
220
190
146
45
-67
-71
5
23
-6
35
26
-146
-293
-274
-249
-280
-188
36
164
134
41
-46
-126
-171
-142
-81
21
136
171
170
220
184
15
-75
-31
10
-10
-31
-27
-55
-100
-93
-59
-87
-193
-246
-298
-420
-436
-338
-285
-235
-138
-130
-208
-256
-303
-331
-261
-127
-51
-29
19
61
24
-36
9
104
122
132
180
170
113
106
147
150
105
67
7
-36
5
38
-15
-101
-127
-70
-80
-218
-257
-205
-265
-274
-64
146
213
179
19
-193
-232
-122
2
240
517
607
534
397
274
198
152
152
174
206
327
452
417
286
181
56
-136
-243
-193
-104
-28
16
-30
-126
-207
-282
-335
-287
-151
-50
-45
-88
-107
-109
-96
-50
11
113
245
292
217
121
79
55
75
161
259
300
214
139
137
79
4
-4
0
-59
-114
-120
-109
-90
-137
-216
-238
-273
-325
-291
-229
-206
-209
-242
-241
-201
-171
-158
-94
-20
14
32
47
18
-64
-107
-36
106
195
237
200
85
-12
-66
-99
-98
-43
-4
12
56
127
119
-35
-176
-218
-252
-288
-218
-67
44
128
169
103
-22
-176
-284
-237
-99
26
174
274
248
174
102
63
37
43
95
153
156
141
180
240
234
181
103
23
-23
8
120
182
136
60
23
-46
-108
-93
-40
-3
-15
-38
-35
-2
23
58
96
118
100
2
-75
0
121
204
294
308
181
45
-23
-89
-85
-19
67
125
97
27
-31
-66
-122
-205
-243
-168
-67
-89
-165
-138
-79
-115
-161
-139
-93
-83
-136
-170
-79
65
125
112
68
45
53
-5
-26
98
184
120
57
35
-35
-61
-42
-73
-57
5
-26
-117
-191
-253
-272
-209
-144
-123
-131
-156
-177
-192
-198
-186
-156
-149
-163
-119
-2
50
16
15
65
118
163
220
252
209
140
71
59
148
253
281
264
247
131
-27
-81
-83
-85
-54
35
101
110
106
72
-10
-116
-199
-211
-162
-106
-32
53
119
109
18
-8
21
3
-17
56
147
142
113
175
287
291
158
62
50
29
32
116
199
170
74
31
27
-62
-195
-201
-94
-19
10
22
-32
-132
-213
-214
-137
-97
-95
-64
-59
-103
-127
-77
10
47
27
29
58
24
-49
-5
104
94
53
87
115
95
59
-6
-63
-91
-95
-54
-2
23
14
-59
-174
-236
-226
-201
-132
-50
-27
-76
-144
-186
-213
-190
-98
18
77
112
112
73
17
-16
30
99
155
181
174
145
154
200
189
127
104
74
-42
-96
-11
55
8
-18
-23
-81
-154
-215
-222
-186
-165
-166
-157
-132
-125
-140
-114
-17
55
8
-25
42
37
-4
100
269
326
251
192
163
78
39
133
260
293
230
158
89
-3
-101
-115
-56
-17
11
47
13
-72
-162
-219
-203
-168
-165
-98
40
71
21
31
15
-50
-66
-35
47
172
255
295
258
89
-32
-11
-1
18
179
264
172
102
72
-1
-104
-162
-187
-191
-148
-68
-17
-36
-70
-95
-155
-228
-253
-245
-170
-41
50
114
146
130
57
-23
-67
-47
15
42
56
77
107
99
50
19
-26
-95
-127
-112
-105
-108
-90
-91
-117
-137
-137
-115
-109
-145
-148
-115
-91
-51
-19
24
78
48
-14
7
65
79
101
178
230
203
153
121
95
99
116
108
105
112
92
54
9
-27
-47
-71
-91
-107
-101
-59
-29
-24
-35
-72
-109
-142
-172
-139
-67
-33
-5
74
136
116
89
84
45
9
51
104
146
203
225
187
154
126
72
20
-8
-12
3
11
-17
-53
-66
-77
-71
-49
-53
-85
-123
-174
-217
-209
-114
-5
22
38
73
16
-87
-88
-49
-28
52
160
191
165
145
108
53
27
1
-18
63
176
200
131
14
-81
-129
-170
-164
-65
11
-5
-36
-46
-72
-173
-259
-223
-163
-139
-40
90
90
0
-45
-47
-53
-55
-37
32
122
140
103
106
108
37
-15
16
42
28
20
34
24
-40
-70
-37
-28
-45
-49
-32
-64
-120
-123
-78
-53
-54
-52
-44
-36
-19
4
16
36
46
18
9
49
74
96
118
101
52
37
51
46
58
112
131
81
53
59
23
-17
-6
8
23
62
63
8
-21
-23
-22
3
44
51
11
-29
-50
-52
-34
24
57
25
3
20
-1
-29
-4
14
22
54
68
49
60
54
-12
-24
7
18
26
22
5
0
-14
-52
-73
-86
-99
-73
-35
-26
-39
-71
-141
-187
-166
-120
-66
-30
-46
-40
-45
-84
-72
-32
-30
-9
55
68
24
11
26
25
52
94
91
71
64
44
21
33
51
33
15
33
61
13
-63
-71
-60
-60
-25
17
8
-39
-96
-136
-130
-114
-124
-112
-55
-15
0
-2
4
4
-10
-20
17
64
51
59
139
167
125
136
180
142
91
115
116
72
32
42
81
69
46
46
18
-34
-56
-81
-112
-110
-105
-113
-85
-35
-17
-23
-26
-20
-18
-40
-65
-65
-53
-25
30
100
150
163
130
53
12
38
52
31
61
118
105
75
70
35
-33
-72
-76
-72
-69
-65
-64
-70
-73
-78
-75
-67
-59
-58
-59
-67
-83
-99
-105
-66
4
59
77
79
69
28
-30
-39
-17
3
35
83
108
62
14
-3
-25
-48
-25
0
-34
-43
-12
-9
-26
-29
-20
-22
-28
-36
-44
-43
-31
-13
0
36
67
41
3
-4
-4
-5
6
32
60
70
81
74
38
2
-5
13
31
26
25
35
10
-24
-17
-10
-35
-43
-31
-33
-35
-21
-17
-26
-26
-23
-31
-31
-14
-13
-14
-7
-1
7
24
52
73
76
65
50
28
11
21
27
38
52
54
46
35
5
-33
-52
-54
-34
-30
-31
-19
-21
-42
-47
-38
-59
-80
-69
-50
-40
-17
8
0
-4
-2
-5
-7
1
18
29
50
67
68
52
40
37
34
23
30
39
17
-4
1
1
-8
3
13
-15
-35
-42
-61
-59
-35
-30
-45
-25
-6
-22
-34
-27
-16
-17
-15
-9
0
26
50
60
69
72
45
6
-12
-4
1
19
47
64
60
40
12
-5
-17
-41
-43
-23
-21
-29
-8
6
-14
-47
-49
-36
-26
-11
-1
6
8
14
10
9
18
13
8
28
45
43
34
22
19
22
17
8
11
7
-8
-3
7
6
2
-2
-1
-14
-33
-39
-35
-32
-29
-20
-10
-5
-14
-14
-15
-14
-16
-25
-24
-6
4
5
15
22
16
10
10
3
-2
-1
14
26
38
34
15
-6
-8
-5
-12
-3
15
6
-17
-39
-51
-48
-56
-54
-35
-12
-1
2
-6
-31
-42
-44
-52
-34
5
21
16
25
37
27
11
24
29
18
24
37
31
13
25
42
38
31
32
23
5
-19
-40
-35
-21
-10
4
29
34
11
-18
-43
-60
-61
-40
-13
12
34
35
14
-12
-32
-34
-18
11
25
24
41
45
33
31
25
15
8
14
23
24
17
5
-6
-6
0
1
2
-1
-14
-25
-17
-13
-16
-1
10
6
2
2
-9
-20
-2
2
2
25
36
24
16
17
1
-14
-8
-1
6
18
40
30
5
-9
-15
-23
-29
-17
0
8
14
25
24
13
-14
-29
-27
-24
-10
4
0
-6
-7
-11
-21
-31
-28
-31
-31
-21
-6
-3
2
12
4
-6
6
9
-1
-1
-3
-15
-14
-9
-18
-22
-18
-25
-29
-19
-9
-5
-5
-6
-19
-31
-20
-2
0
13
31
23
10
6
12
11
9
23
32
30
35
40
30
22
5
-3
1
4
14
22
27
32
23
13
8
2
-7
-13
-11
-10
-12
-10
-3
-1
-11
-19
-14
-18
-26
-23
-9
-11
-11
-2
1
7
9
7
-3
-3
-1
-3
-5
9
16
1
-2
-1
0
-9
-7
-4
-15
-11
-2
-4
-11
3
12
-2
-14
-12
-6
-11
-24
-26
-11
-7
-14
-13
-12
-15
-12
-2
10
22
26
31
22
16
22
19
23
32
37
40
44
42
32
23
29
26
15
12
17
8
-4
-9
-8
-5
-6
-8
-10
-18
-27
-39
-48
-51
-45
-33
-30
-23
-8
-5
-12
-16
-16
-22
-19
-7
3
12
24
32
26
14
15
14
3
1
6
6
2
8
9
6
3
5
0
-3
-4
-7
-4
2
7
-2
-15
-22
-25
-23
-20
-18
-16
-9
-2
2
8
4
2
6
8
12
7
8
11
6
15
25
27
30
32
29
27
22
10
7
6
1
3
8
9
8
7
4
-8
-22
-16
-11
-18
-17
-15
-21
-23
-21
-22
-24
-28
-30
-31
-29
-20
-20
-23
-14
-8
-11
-12
-12
-12
-14
-12
-2
7
15
23
28
28
27
29
31
26
25
26
22
16
15
12
11
12
10
4
4
1
-8
-12
-15
-19
-22
-15
-6
-9
-9
-8
-8
-13
-14
2
5
1
4
9
6
9
17
15
14
21
25
22
24
25
17
12
20
16
5
10
14
8
-4
-10
-14
-23
-25
-19
-17
-22
-25
-20
-21
-19
-14
-16
-16
-22
-26
-22
-23
-15
-16
-15
-3
1
9
11
12
12
8
6
11
19
13
10
14
12
6
8
10
9
12
13
11
12
14
12
8
6
5
-2
-11
-16
-16
-14
-12
-15
-18
-19
-25
-27
-20
-13
-13
-4
3
4
7
8
6
9
13
15
16
20
24
20
14
23
23
16
13
16
12
4
7
7
1
-2
-2
-3
-10
-14
-16
-20
-19
-28
-33
-25
-20
-21
-18
-15
-14
-8
-1
2
2
4
3
2
6
9
9
7
13
16
10
14
17
13
17
20
16
13
11
8
4
-2
-3
-5
-10
-7
-4
-3
-4
-2
-3
-2
-3
-1
-1
-10
-11
-8
-14
-13
-7
-7
-3
1
12
10
7
6
6
4
4
10
14
15
11
9
4
2
0
-1
0
5
9
13
15
11
10
2
-1
-6
-17
-18
-17
-20
-14
-16
-16
-14
-14
-13
-13
-10
-6
-7
-7
-5
-5
-7
-5
-6
-6
-1
3
1
3
7
11
13
11
12
8
2
-5
-3
-4
-9
-10
-6
-6
-11
-9
-8
-13
-14
-7
-3
-4
-1
0
-1
-6
-6
-5
-6
-6
-6
-5
-2
-1
-2
-4
1
4
4
4
8
10
13
18
20
17
16
19
19
20
19
15
12
15
13
12
14
12
9
6
5
3
3
3
2
-1
-5
-5
-5
-2
-4
-4
-3
-5
-7
-11
-8
-7
-2
5
8
13
11
9
7
-1
-2
-2
-7
-8
-2
1
-1
2
1
-6
-6
-5
-10
-10
-12
-16
-17
-15
-13
-13
-14
-12
-12
-13
-10
-9
-7
-3
-2
-2
0
-1
-3
-6
-5
-3
-4
-5
-2
-4
-5
-4
-1
4
8
13
13
16
17
12
14
15
16
17
16
15
14
15
11
7
6
2
-2
-1
0
0
4
3
-2
-8
-8
-7
-5
-6
-5
-5
-6
1
3
5
6
5
3
4
6
7
10
14
12
10
10
7
2
1
0
-1
-5
-10
-8
-9
-8
-13
-14
-10
-8
-8
-9
-12
-17
-19
-15
-10
-9
-6
-5
-7
-6
-7
-5
-4
-1
0
0
3
1
1
-2
-2
-2
-8
-1
4
-1
-2
0
5
4
8
12
12
10
9
10
6
5
6
3
2
1
0
-4
-4
-5
-2
-2
-5
-1
2
1
2
6
6
3
2
1
-4
-6
-5
-7
-6
1
4
2
0
-2
-2
-5
-2
-1
-1
0
5
3
1
2
-6
-12
-14
-17
-16
-12
-7
-1
5
9
10
