-6
-5
-5
-4
-4
-4
-3
-2
-1
0
1
2
2
4
4
5
3
3
2
1
-2
-3
-3
-3
-4
-4
-4
-6
-5
-4
-4
-5
-3
-3
-2
-1
1
1
2
3
2
3
3
4
1
2
2
2
1
0
-2
-1
-3
-3
-3
-3
-2
-3
-2
-4
-4
-2
-3
-4
-3
-2
-1
-1
0
1
0
0
3
3
3
1
2
0
1
1
-2
-2
-1
0
-1
0
1
1
1
1
2
3
3
2
3
4
3
5
5
5
4
4
4
2
1
3
2
3
3
1
1
1
1
3
3
3
3
3
4
2
0
3
4
5
5
3
3
1
1
1
1
0
-2
-2
-3
-3
-3
-3
-3
-2
-2
-1
-2
-2
-1
-1
-2
-2
0
0
0
-1
-2
0
1
0
0
-1
0
-2
-3
-2
-4
-3
-3
-2
-2
-2
-2
-2
-2
-1
-1
-2
-2
-4
-3
-3
-2
-4
-3
-3
-3
-3
-4
-5
-5
-5
-5
-5
-6
-6
-7
-5
-5
-4
-2
-1
1
0
1
2
3
3
3
3
3
4
3
4
4
2
1
0
0
-1
-2
-1
-1
-2
-1
0
1
2
2
4
3
3
3
4
5
4
5
5
5
5
4
4
6
4
4
4
4
2
2
2
1
0
0
-1
-1
1
1
1
1
0
0
0
1
0
-2
-1
-1
-1
0
1
1
0
1
0
0
0
0
0
1
0
0
0
1
1
0
1
1
1
2
2
2
2
2
3
3
3
5
5
4
4
4
2
3
2
1
0
1
0
-1
-1
-2
-1
-1
-4
-4
-5
-3
-5
-4
-4
-2
-3
-2
-1
-1
-1
-2
-1
-3
-2
-2
-1
-3
-4
-3
-4
-4
-5
-5
-5
-5
-5
-5
-5
-6
-5
-4
-4
-4
-4
-3
-4
-5
-3
-3
-3
-3
-2
-1
-1
0
1
0
2
2
2
2
2
2
2
3
3
4
4
3
4
3
4
3
2
2
1
0
-1
-3
-3
-2
-2
-1
1
-1
-1
0
-1
-1
0
0
2
2
2
2
2
3
2
2
2
3
3
2
2
2
2
1
1
1
0
1
1
1
1
1
1
3
1
2
1
2
0
0
0
2
2
1
2
3
3
2
2
3
4
3
1
2
2
1
1
1
0
-1
0
1
0
0
0
2
2
-1
1
1
1
1
0
1
0
-2
-1
-2
-1
-1
0
1
1
0
1
2
1
1
1
0
-1
0
0
-1
-1
-2
0
-1
-1
-1
-2
-3
-2
-2
-1
-2
-1
-1
-2
-1
-1
1
0
1
0
-1
-1
-1
-2
-1
-1
-1
-3
-3
-1
-2
-2
-2
-1
-1
-1
-1
-2
-1
-1
-1
0
-1
-1
0
1
1
0
0
0
1
0
0
0
1
1
1
1
1
1
1
1
0
-1
-2
-2
-1
-1
-1
-2
-2
-3
-3
-2
0
-1
-1
0
0
-1
-2
-2
-1
-1
-2
-1
-2
-1
-1
0
0
-2
0
-1
0
1
0
0
0
0
-1
1
2
1
1
0
1
0
1
1
1
1
2
2
2
1
2
4
3
2
1
1
2
1
2
2
2
2
2
1
1
0
1
1
0
-1
-1
-1
-2
-3
-2
-2
-2
-1
1
0
1
0
1
1
1
1
1
0
0
0
0
-1
1
0
0
0
-1
0
1
0
1
0
3
3
2
2
3
3
3
3
2
2
3
3
1
2
1
1
1
0
1
0
-1
-1
-2
-2
-2
-2
-3
-2
-3
-2
-2
-2
-2
-2
-2
-2
-1
-2
-1
-1
-2
-1
-2
-2
-2
0
-1
0
0
0
0
0
-1
-2
-3
-3
-2
-2
-1
0
-1
-1
0
-1
-1
-1
0
1
0
1
1
1
1
0
1
2
1
1
1
1
2
1
1
1
0
0
-1
0
-1
-2
-2
-1
-1
0
1
0
0
1
0
0
-1
-1
-1
0
-1
-1
-1
-1
-1
-1
0
0
-1
-1
-1
-1
-1
-1
-1
0
-1
-1
0
0
1
1
2
2
1
2
2
3
3
3
3
2
2
2
1
0
1
1
0
1
0
0
0
0
-1
0
-1
-1
-2
-2
-1
-1
-1
-1
-1
-1
-2
-2
-3
-2
-2
-2
-1
-2
-2
-2
-1
-2
-2
0
-1
-1
0
-1
-1
-2
-1
-2
-1
-2
-1
-1
-2
-1
-1
0
1
0
1
1
2
2
3
3
4
4
3
4
4
5
4
4
3
3
4
3
2
2
2
2
2
2
1
0
0
0
0
0
-1
-1
0
-1
-1
-1
0
-2
-2
-1
0
-1
0
0
0
1
0
1
0
0
1
-1
1
0
1
0
0
0
0
-1
0
-2
-1
-2
-2
0
0
0
-1
-1
-2
0
-2
-1
-1
-2
-1
-1
1
0
-1
0
0
0
0
0
0
0
0
0
-1
-1
-1
-1
0
0
0
0
0
0
-1
-1
0
0
0
-1
-1
-1
0
0
-1
0
-2
-2
-1
-1
-2
-1
-1
-1
-1
-2
-1
0
1
1
1
0
3
3
2
2
3
1
2
0
0
1
1
0
0
0
0
0
0
0
-1
-1
0
-1
0
-1
-2
-3
-2
-4
-3
-4
-4
-3
-3
-2
-1
-2
-1
-1
-1
-1
0
-1
1
1
2
3
2
2
3
3
3
3
2
2
3
2
3
3
3
3
3
2
2
2
2
2
3
2
2
1
3
2
0
2
1
1
1
0
-1
0
0
0
-1
-1
-1
-1
-1
-1
-2
-2
-1
-2
-1
-2
-2
-3
-3
-3
-2
-2
-2
-3
-3
-2
-3
-1
-3
-2
-1
-2
-1
0
-1
0
1
0
2
2
1
1
1
1
1
2
1
2
2
2
2
3
3
2
2
4
2
1
2
2
1
0
1
0
-1
0
0
-1
-1
-1
-1
-1
-1
0
-2
-2
-3
-3
-2
-1
-2
0
-1
-1
0
-1
-1
0
0
0
0
1
0
0
-1
0
-1
0
0
0
1
0
0
0
1
1
0
0
0
0
0
0
0
1
1
1
1
1
1
0
0
0
0
-1
0
0
0
1
0
1
-1
1
0
0
-1
-2
-3
-2
-1
-1
-1
-1
-2
0
0
-1
-1
0
0
0
1
0
0
1
0
0
1
1
0
0
0
-2
0
-1
-1
-1
-1
-1
0
1
1
1
1
2
1
2
2
2
1
1
3
3
3
3
3
2
1
0
1
-1
-1
1
0
0
-1
0
1
-1
-1
-1
-2
-1
-2
-2
-1
0
-1
-1
-1
0
0
-1
0
0
1
0
0
-1
-1
-1
-1
-3
-2
-2
-2
-2
-2
-1
0
-1
-3
-1
1
-1
-1
-1
0
0
-1
0
1
0
-1
-1
-1
-1
-2
-2
-2
-3
-2
-3
-1
-3
-2
-1
-2
-1
0
0
0
-1
0
1
1
2
2
3
3
3
2
3
4
3
3
2
2
2
2
2
1
1
1
0
1
1
1
1
1
1
1
2
2
2
1
2
2
2
2
3
2
2
3
1
1
1
-1
0
0
-1
-1
-1
-1
-2
-3
-3
-2
-2
-3
-3
-3
-2
-2
-2
-2
-2
-1
-1
1
1
1
2
2
1
1
1
1
1
0
2
1
0
0
-1
0
0
0
0
-1
2
3
1
2
2
1
2
1
1
1
1
1
1
0
1
2
0
0
-1
-2
-2
-3
-3
-3
-3
-3
-3
-2
-4
-3
-3
-2
-3
-2
-2
-2
-1
-3
-2
-3
-1
-2
-2
-2
-2
-4
-3
-3
-3
-2
-2
-2
-2
0
1
1
1
2
1
1
2
3
4
3
2
3
4
4
4
3
3
3
3
2
4
3
3
3
4
3
3
3
2
3
2
1
1
1
1
1
1
0
0
0
-1
-1
0
-1
0
0
-1
-2
-1
-2
-2
-1
-2
-2
-2
-1
-2
-1
-2
-2
-1
-1
-1
0
0
0
-1
-1
-1
-1
-1
-2
-1
0
0
1
0
0
-1
0
0
-1
0
0
1
0
1
1
1
2
1
1
1
1
1
2
1
1
0
0
0
-1
0
0
-1
0
-2
-2
-2
-2
-2
-2
-2
-2
-1
-2
-1
0
-1
0
0
0
0
1
1
2
3
2
2
3
3
3
1
2
1
2
2
1
2
1
1
0
-1
0
-2
-2
-1
-2
-2
-2
-3
-3
-2
-2
-2
-1
-1
-1
-1
-1
-1
-2
-1
-1
0
-1
0
0
-1
0
0
0
2
1
1
0
2
1
1
1
0
1
1
2
2
2
4
3
3
2
3
2
3
2
1
2
0
0
0
0
-2
-2
-2
-2
-3
-4
-5
-5
-5
-6
-6
-6
-5
-5
-5
-4
-4
-4
-4
-5
-4
-4
-3
-3
-4
-3
-2
-1
-2
-1
0
-1
1
3
3
3
5
7
7
7
8
9
10
11
11
12
12
12
12
12
12
10
10
10
10
10
9
8
7
6
5
3
2
2
0
-1
-1
-2
-2
-3
-4
-4
-7
-8
-8
-8
-8
-10
-10
-11
-10
-11
-10
-11
-12
-12
-12
-11
-12
-11
-10
-9
-10
-9
-8
-8
-7
-5
-4
-3
-2
-1
1
3
4
7
7
9
11
12
12
13
12
13
13
15
16
14
13
13
12
11
11
10
9
6
5
3
2
1
-3
-4
-5
-8
-11
-12
-15
-16
-19
-21
-22
-26
-28
-29
-30
-33
-35
-36
-37
-38
-39
-42
-43
-40
-41
-41
-39
-38
-37
-35
-31
-28
-23
-17
-13
-4
1
9
18
27
34
44
54
65
73
84
95
105
115
122
132
140
146
152
157
160
161
159
156
153
148
141
134
125
114
103
90
77
62
46
29
14
-3
-20
-37
-56
-74
-92
-110
-128
-145
-162
-177
-193
-207
-220
-233
-243
-251
-261
-268
-274
-278
-281
-281
-278
-274
-269
-262
-253
-241
-231
-217
-204
-189
-175
-160
-143
-127
-110
-95
-80
-67
-51
-37
-23
-6
10
27
46
65
84
107
131
155
178
201
225
248
270
293
315
336
358
377
395
411
423
436
449
457
461
466
467
464
456
448
438
423
408
390
369
344
315
284
251
218
182
145
107
68
28
-11
-52
-96
-139
-180
-224
-263
-304
-345
-381
-419
-452
-482
-515
-548
-572
-592
-606
-615
-621
-619
-614
-605
-589
-568
-543
-512
-477
-439
-396
-348
-299
-248
-197
-146
-97
-49
-2
41
84
128
170
210
251
287
322
355
385
417
447
474
501
526
547
570
590
604
617
627
629
630
626
615
599
576
542
504
460
406
348
282
206
126
42
-46
-137
-234
-327
-421
-515
-605
-689
-770
-845
-911
-975
-1033
-1081
-1125
-1161
-1189
-1212
-1225
-1229
-1227
-1215
-1195
-1171
-1138
-1101
-1050
-990
-920
-844
-755
-659
-553
-436
-313
-183
-51
86
227
368
515
660
804
943
1078
1206
1330
1447
1553
1649
1731
1804
1864
1914
1950
1972
1978
1969
1947
1910
1862
1801
1725
1645
1553
1448
1340
1220
1095
962
822
680
533
382
227
70
-86
-245
-401
-556
-708
-857
-997
-1130
-1257
-1373
-1473
-1561
-1639
-1702
-1748
-1781
-1801
-1802
-1788
-1758
-1714
-1658
-1588
-1508
-1416
-1319
-1213
-1103
-985
-864
-737
-610
-481
-352
-224
-99
26
147
268
380
486
589
686
773
852
924
984
1035
1074
1099
1109
1108
1093
1062
1023
968
901
824
736
641
534
420
299
174
42
-93
-228
-360
-488
-615
-734
-850
-959
-1058
-1151
-1235
-1309
-1374
-1428
-1477
-1514
-1544
-1564
-1579
-1589
-1590
-1585
-1575
-1555
-1526
-1484
-1432
-1368
-1291
-1197
-1090
-966
-824
-672
-508
-332
-140
62
273
494
721
953
1185
1419
1646
1872
2089
2299
2490
2666
2826
2968
3087
3178
3239
3271
3277
3256
3213
3148
3060
2955
2829
2682
2517
2342
2153
1946
1729
1503
1271
1026
780
529
269
10
-254
-516
-777
-1033
-1284
-1526
-1762
-1989
-2206
-2403
-2584
-2750
-2895
-3017
-3112
-3183
-3226
-3242
-3229
-3189
-3124
-3032
-2916
-2776
-2615
-2439
-2248
-2041
-1827
-1601
-1364
-1127
-886
-644
-407
-166
67
296
517
730
934
1126
1306
1473
1623
1764
1891
2001
2093
2170
2234
2276
2301
2306
2290
2253
2198
2120
2025
1907
1771
1617
1446
1265
1071
866
652
429
201
-30
-259
-489
-713
-931
-1141
-1344
-1538
-1721
-1893
-2051
-2193
-2319
-2429
-2521
-2600
-2664
-2710
-2744
-2766
-2770
-2761
-2736
-2697
-2637
-2553
-2444
-2312
-2159
-1984
-1783
-1562
-1316
-1050
-770
-477
-177
136
457
779
1100
1412
1720
2014
2299
2566
2820
3053
3259
3444
3602
3737
3844
3922
3977
4000
3994
3963
3905
3827
3730
3610
3465
3304
3127
2939
2738
2523
2297
2057
1804
1548
1282
1011
728
435
139
-163
-465
-768
-1067
-1362
-1651
-1937
-2210
-2471
-2717
-2946
-3157
-3350
-3520
-3661
-3767
-3839
-3879
-3884
-3851
-3783
-3684
-3557
-3397
-3214
-3010
-2787
-2550
-2301
-2037
-1766
-1494
-1223
-955
-690
-428
-167
86
334
567
787
995
1189
1371
1535
1681
1818
1940
2044
2141
2217
2280
2325
2347
2351
2335
2303
2252
2183
2092
1982
1851
1696
1525
1334
1128
909
679
438
190
-60
-308
-551
-789
-1021
-1246
-1462
-1664
-1849
-2019
-2171
-2307
-2432
-2537
-2627
-2699
-2756
-2797
-2829
-2848
-2846
-2823
-2772
-2700
-2607
-2490
-2347
-2179
-1982
-1758
-1513
-1248
-968
-665
-341
5
361
722
1083
1437
1789
2136
2475
2801
3102
3381
3635
3869
4079
4253
4388
4485
4543
4569
4561
4520
4451
4346
4214
4054
3871
3674
3456
3215
2955
2679
2386
2082
1769
1447
1112
765
409
53
-303
-661
-1018
-1371
-1716
-2052
-2376
-2683
-2975
-3247
-3494
-3716
-3909
-4072
-4199
-4292
-4344
-4354
-4327
-4262
-4165
-4035
-3869
-3673
-3458
-3216
-2957
-2683
-2398
-2105
-1803
-1497
-1197
-903
-616
-338
-67
197
451
696
929
1144
1348
1544
1731
1902
2054
2188
2307
2412
2501
2573
2620
2645
2645
2620
2571
2496
2396
2275
2135
1974
1791
1596
1379
1146
903
653
400
134
-129
-390
-635
-869
-1092
-1301
-1512
-1711
-1897
-2061
-2203
-2335
-2461
-2580
-2684
-2771
-2842
-2898
-2942
-2983
-3017
-3021
-2992
-2931
-2838
-2727
-2592
-2428
-2230
-1984
-1706
-1407
-1093
-764
-412
-30
377
791
1200
1592
1972
2345
2712
3058
3379
3666
3914
4129
4315
4478
4604
4684
4714
4697
4652
4582
4488
4368
4212
4029
3817
3590
3349
3094
2820
2528
2220
1905
1584
1263
941
607
263
-92
-450
-807
-1157
-1499
-1836
-2165
-2483
-2783
-3062
-3320
-3553
-3767
-3954
-4114
-4243
-4329
-4375
-4383
-4348
-4275
-4166
-4026
-3854
-3660
-3435
-3186
-2921
-2643
-2357
-2063
-1760
-1448
-1134
-825
-526
-236
52
338
625
903
1161
1404
1626
1835
2034
2217
2374
2507
2618
2704
2772
2823
2849
2845
2799
2727
2627
2505
2364
2201
2013
1806
1585
1350
1106
855
599
341
76
-194
-459
-710
-940
-1147
-1338
-1521
-1701
-1862
-2000
-2113
-2213
-2319
-2429
-2541
-2643
-2726
-2787
-2847
-2920
-3005
-3077
-3111
-3107
-3065
-3011
-2941
-2838
-2684
-2459
-2180
-1863
-1533
-1188
-819
-402
60
541
1006
1435
1846
2253
2661
3060
3415
3711
3951
4153
4339
4513
4652
4729
4742
4711
4659
4595
4522
4416
4275
4100
3907
3715
3524
3319
3085
2823
2542
2258
1975
1686
1381
1050
704
348
-5
-359
-712
-1073
-1443
-1809
-2165
-2500
-2813
-3110
-3392
-3655
-3883
-4072
-4216
-4323
-4395
-4432
-4425
-4362
-4253
-4106
-3933
-3733
-3510
-3263
-2990
-2704
-2418
-2132
-1848
-1557
-1249
-932
-624
-327
-39
242
523
804
1074
1324
1547
1754
1946
2123
2281
2410
2515
2592
2639
2658
2660
2626
2569
2483
2375
2240
2087
1911
1716
1514
1293
1058
816
567
317
77
-157
-383
-619
-860
-1083
-1290
-1484
-1667
-1845
-2010
-2154
-2276
-2387
-2493
-2608
-2730
-2851
-2960
-3061
-3157
-3250
-3319
-3344
-3312
-3219
-3094
-2956
-2798
-2593
-2325
-1992
-1622
-1230
-830
-409
52
549
1058
1533
1955
2329
2696
3063
3429
3758
4019
4208
4351
4485
4605
4696
4709
4647
4536
4416
4318
4238
4142
3997
3811
3607
3433
3279
3111
2913
2668
2409
2166
1948
1731
1479
1183
838
471
97
-275
-664
-1082
-1513
-1936
-2339
-2714
-3059
-3392
-3695
-3961
-4168
-4306
-4374
-4375
-4330
-4231
-4073
-3859
-3586
-3291
-2989
-2702
-2422
-2138
-1852
-1574
-1331
-1130
-951
-776
-594
-394
-202
-52
81
197
313
439
572
681
769
852
949
1085
1238
1401
1558
1682
1788
1887
1967
2034
2077
2096
2093
2053
1960
1821
1627
1382
1082
730
350
-33
-389
-708
-978
-1231
-1481
-1747
-2026
-2279
-2494
-2667
-2798
-2886
-2928
-2935
-2927
-2933
-2971
-3095
-3298
-3540
-3757
-3874
-3891
-3782
-3524
-3139
-2671
-2183
-1686
-1171
-615
-13
636
1335
2055
2781
3493
4169
4762
5187
5398
5419
5335
5227
5138
5037
4872
4621
4326
4049
3799
3550
3253
2896
2528
2246
2110
2118
2182
2194
2117
1984
1867
1793
1715
1575
1335
1047
773
533
292
-32
-468
-1008
-1580
-2105
-2544
-2922
-3286
-3639
-3953
-4187
-4334
-4404
-4418
-4397
-4301
-4098
-3761
-3333
-2873
-2427
-2018
-1620
-1228
-853
-506
-188
97
329
529
694
795
812
763
687
608
560
542
550
586
636
708
812
947
1096
1236
1377
1519
1650
1776
1850
1842
1763
1595
1363
1084
792
504
203
-89
-368
-616
-869
-1138
-1390
-1646
-1869
-2104
-2307
-2443
-2519
-2495
-2439
-2310
-2198
-2157
-2190
-2277
-2303
-2289
-2221
-2083
-1868
-1592
-1358
-1210
-1206
-1436
-1978
-2780
-3578
-4083
-4217
-4030
-3590
-2919
-2068
-1241
-490
221
961
1730
2476
3286
4227
5233
6102
6692
6973
6923
6509
5756
4874
4077
3425
2833
2264
1745
1333
1066
892
812
774
759
850
1151
1714
2441
3134
3602
3783
3736
3553
3323
3007
2552
1960
1309
696
105
-520
-1239
-2062
-2917
-3672
-4178
-4379
-4357
-4201
-4013
-3812
-3605
-3442
-3307
-3205
-3094
-2916
-2635
-2211
-1719
-1280
-1004
-901
-868
-864
-843
-804
-734
-589
-406
-204
-28
96
147
117
76
105
252
480
710
903
1051
1155
1215
1238
1235
1195
1119
1048
1033
1062
1073
1002
878
738
623
532
467
414
329
213
59
-73
-191
-343
-572
-880
-1155
-1427
-1732
-2119
-2513
-2761
-2853
-2782
-2618
-2421
-2257
-2196
-2208
-2226
-2195
-2089
-1860
-1489
-1064
-714
-542
-739
-1473
-2678
-3968
-4819
-5136
-5018
-4517
-3577
-2282
-1085
-182
550
1340
2164
2854
3589
4583
5783
6773
7273
7369
7131
6473
5322
3971
2877
2200
1724
1212
781
671
875
1138
1306
1504
1864
2297
2741
3330
4180
4999
5308
5035
4501
3955
3268
2327
1312
418
-349
-1112
-1812
-2397
-2964
-3625
-4279
-4616
-4539
-4160
-3656
-3068
-2464
-2016
-1817
-1819
-1847
-1906
-2022
-2184
-2278
-2219
-2193
-2309
-2576
-2808
-2920
-2967
-2911
-2682
-2174
-1506
-858
-299
180
609
894
1039
1158
1346
1568
1702
1718
1651
1509
1256
960
739
685
707
726
750
781
814
730
572
425
402
475
593
818
1074
1249
1178
862
506
167
-190
-624
-1047
-1310
-1498
-1714
-2070
-2477
-2726
-2823
-2783
-2832
-2932
-2935
-2869
-2715
-2599
-2278
-1690
-1014
-463
-188
-7
-212
-1230
-3115
-5125
-6313
-6642
-6495
-6002
-4804
-2885
-1037
235
1108
2111
3231
3996
4486
5162
6276
7349
7799
7671
7218
6534
5278
3520
1855
772
236
-247
-602
-403
522
1678
2483
3049
3709
4394
4727
4753
5001
5617
6058
5812
5042
4220
3349
2093
475
-1084
-2298
-3212
-3916
-4259
-4138
-3801
-3621
-3617
-3491
-3028
-2405
-1920
-1545
-1078
-502
-151
-264
-703
-1275
-1953
-2851
-3767
-4365
-4615
-4746
-4865
-4694
-4099
-3350
-2702
-2081
-1250
-292
509
1118
1683
2224
2525
2512
2288
2001
1656
1125
493
-115
-538
-768
-854
-768
-531
-131
261
545
819
1135
1510
1745
1856
1963
2102
2248
2240
2126
1877
1425
794
71
-551
-1076
-1567
-2041
-2470
-2786
-3017
-3113
-2976
-2619
-2213
-2022
-2105
-2258
-2323
-2289
-2238
-2013
-1432
-660
-18
272
372
158
-942
-3122
-5697
-7410
-7953
-7833
-7330
-6055
-3665
-1025
892
1985
2980
4209
5048
5249
5306
5989
7142
7858
7779
7149
6342
5009
2880
572
-964
-1401
-1467
-1555
-1179
249
2301
3873
4628
5072
5670
6087
6027
5896
6187
6657
6492
5534
4308
3158
1811
-70
-2054
-3542
-4346
-4700
-4749
-4318
-3458
-2541
-1993
-1749
-1469
-991
-552
-357
-219
44
307
74
-678
-1660
-2706
-3864
-5139
-6088
-6428
-6245
-5854
-5277
-4308
-3055
-1850
-943
-153
692
1500
2083
2407
2646
2791
2671
2133
1308
527
-155
-814
-1523
-2067
-2182
-1935
-1472
-960
-338
346
846
1164
1386
1739
2113
2327
2374
2402
2471
2347
2041
1585
1076
477
-185
-864
-1435
-1763
-1850
-1814
-1995
-2329
-2626
-2606
-2362
-2160
-2032
-1912
-1786
-1733
-1739
-1679
-1398
-983
-461
-98
155
339
418
-142
-1932
-4526
-6824
-7948
-8223
-8032
-7070
-4816
-1781
766
2424
3710
5119
6084
6082
5659
5658
6379
7038
7107
6750
6196
5321
3572
1177
-953
-2124
-2511
-2759
-2682
-1547
799
3347
5099
6074
6800
7243
6953
6153
5587
5528
5401
4661
3616
2705
1735
199
-1890
-3796
-5051
-5590
-5598
-5002
-3719
-2045
-539
407
858
1058
1063
719
121
-365
-533
-652
-1107
-1884
-2710
-3602
-4678
-5894
-6722
-6919
-6581
-5893
-4809
-3242
-1574
-151
881
1683
2282
2530
2486
2293
2106
1901
1516
994
404
-146
-710
-1311
-1861
-2142
-1998
-1505
-806
2
935
1742
2264
2448
2438
2342
2121
1902
1710
1647
1606
1491
1283
941
487
-165
-921
-1605
-2015
-2044
-1915
-1882
-1981
-2041
-1856
-1599
-1476
-1634
-1902
-2081
-2321
-2442
-2393
-2008
-1286
-607
-35
484
905
588
-1205
-4080
-6804
-8322
-8900
-8984
-8270
-6145
-2864
128
2062
3294
4561
5609
5771
5370
5293
5975
6726
6923
6684
6312
5625
3983
1519
-811
-2151
-2589
-2815
-2760
-1652
784
3623
5656
6780
7595
8144
7887
6837
5939
5756
5692
4993
3804
2804
1969
635
-1375
-3445
-4880
-5593
-5741
-5195
-3862
-2076
-513
469
1046
1437
1581
1233
464
-289
-692
-836
-1126
-1787
-2693
-3734
-4901
-6156
-7199
-7638
-7404
-6626
-5405
-3735
-1829
-127
1150
2096
2786
3050
2758
2213
1835
1621
1347
837
256
-276
-852
-1434
-2007
-2384
-2501
-2287
-1590
-516
712
1728
2422
2831
2998
2962
2682
2352
2027
1835
1744
1642
1522
1338
1093
640
-24
-753
-1324
-1618
-1648
-1571
-1467
-1438
-1534
-1577
-1611
-1550
-1675
-1998
-2227
-2330
-2171
-2061
-1805
-1309
-750
-173
205
538
140
-1565
-4326
-7028
-8544
-9224
-9302
-8580
-6387
-3026
49
2156
3434
4668
5658
5911
5638
5431
5952
6667
6950
6645
6070
5345
3793
1322
-1235
-2698
-2994
-2985
-2864
-1857
614
3597
5798
6956
7680
8159
7863
6843
5900
5610
5486
4813
3684
2639
1741
448
-1481
-3601
-5201
-5953
-5920
-5154
-3734
-1830
29
1302
1922
2129
2200
1933
1182
254
-334
-403
-530
-1173
-2298
-3572
-4838
-6196
-7393
-8021
-7823
-6957
-5631
-3908
-2010
-277
1034
1970
2595
2830
2617
2195
1846
1628
1436
1126
625
-60
-865
-1624
-2186
-2551
-2654
-2399
-1717
-663
543
1725
2606
3078
3133
2967
2675
2272
1919
1681
1583
1443
1237
1055
807
328
-470
-1247
-1736
-1855
-1684
-1441
-1221
-1174
-1213
-1301
-1516
-1824
-2196
-2334
-2249
-2101
-1899
-1636
-1105
-572
-156
137
339
299
-733
-2941
-5806
-8071
-9060
-9250
-8917
-7770
-5123
-1662
1164
2817
3868
5119
6046
6181
5876
6033
6830
7327
7081
6257
5342
4038
1850
-784
-2868
-3622
-3485
-3106
-2344
-554
2261
4893
6486
7247
7881
8280
7834
6780
6017
5905
5614
4524
2961
1645
510
-1072
-3097
-4876
-5786
-5873
-5346
-4245
-2580
-693
822
1689
2020
2118
2136
1863
1203
440
-32
-212
-660
-1683
-3086
-4490
-5786
-7039
-7938
-8047
-7329
-6078
-4551
-2772
-921
554
1592
2300
2832
3052
2824
2436
2036
1764
1378
823
162
-620
-1378
-2044
-2428
-2478
-2228
-1690
-904
97
1157
2093
2731
2947
2868
2620
2356
2106
1780
1531
1314
1104
837
480
115
-372
-932
-1464
-1709
-1560
-1296
-1107
-1025
-975
-1003
-1285
-1696
-2091
-2447
-2780
-3088
-2960
-2438
-1647
-766
-91
488
770
793
-117
-2340
-5408
-8144
-9372
-9486
-8901
-7673
-5273
-2039
725
2486
3542
4582
5392
5611
5660
6090
7043
7736
7635
6917
5787
4271
1907
-872
-3142
-4090
-3822
-3218
-2241
-456
2295
4911
6393
6959
7399
7911
7791
7082
6519
6552
6516
5581
3975
2303
686
-1253
-3455
-5202
-5994
-5905
-5278
-4130
-2455
-602
882
1677
1860
1844
1859
1806
1529
1036
684
467
144
-838
-2476
-4344
-6107
-7458
-8348
-8461
-7730
-6295
-4408
-2371
-507
878
1748
2330
2711
2790
2554
2209
1927
1628
1185
565
-216
-1125
-2042
-2757
-3088
-3013
-2656
-1998
-1064
83
1185
2069
2743
3064
3036
2678
2350
2197
2059
1762
1260
835
456
81
-382
-924
-1312
-1579
-1533
-1309
-909
-572
-611
-981
-1552
-1906
-2177
-2385
-2512
-2478
-2224
-1865
-1482
-1010
-503
-136
135
458
671
43
-1988
-4988
-7619
-8907
-9144
-8899
-7976
-5774
-2569
319
2106
3161
4258
5244
5618
5628
6057
7135
7970
7907
7125
6139
4884
2778
75
-2205
-3208
-3237
-3044
-2504
-972
1591
4058
5499
6234
6912
7493
7451
6850
6521
6678
6669
5777
4208
2613
985
-923
-3126
-4939
-5829
-5874
-5284
-4181
-2632
-1055
61
631
921
1200
1426
1470
1401
1320
1164
804
139
-829
-2279
-4218
-6225
-7745
-8407
-8383
-7764
-6498
-4569
-2445
-770
311
979
1605
2107
2375
2479
2594
2727
2545
1979
1233
506
-355
-1420
-2299
-2643
-2443
-2075
-1646
-951
-32
873
1412
1784
2196
2541
2599
2331
2165
2152
2076
1654
1100
671
268
-89
-454
-568
-535
-449
-315
-401
-631
-1135
-1666
-2078
-2358
-2334
-2226
-2060
-2070
-2114
-2050
-1811
-1306
-824
-403
-173
73
-37
-1412
-4144
-7209
-8947
-9259
-8946
-8247
-6517
-3413
-366
1512
2389
3308
4498
5184
5336
5620
6650
7776
7992
7226
6070
4915
3198
702
-1757
-3015
-2826
-2295
-1907
-1000
1076
3584
5112
5718
6423
7488
8061
7701
7299
7485
7609
6663
4759
2852
1268
-452
-2462
-4138
-4883
-4843
-4550
-4065
-3183
-1967
-927
-460
-247
242
1081
1758
1900
1725
1529
1170
234
-1199
-2779
-4273
-5692
-6959
-7697
-7812
-7429
-6824
-5881
-4476
-2873
-1381
-198
922
2002
2769
3038
2814
2416
1893
1213
403
-342
-824
-1131
-1385
-1600
-1632
-1495
-1257
-878
-298
461
1168
1680
2166
2678
3054
3047
2713
2310
1918
1473
955
576
320
98
-186
-422
-518
-569
-486
-433
-452
-726
-1192
-1515
-1739
-1754
-1680
-1444
-1279
-1509
-1937
-2368
-2284
-1887
-1382
-795
-59
746
445
-1618
-4979
-7889
-9205
-9475
-9146
-8016
-5441
-2101
473
1772
2431
3369
4176
4450
4745
5798
7434
8370
8133
7195
6122
4644
2227
-487
-2279
-2640
-2326
-2226
-1965
-728
1440
3326
4315
5038
6190
7407
7802
7633
7852
8392
8106
6510
4398
2716
1216
-673
-2671
-3984
-4331
-4264
-4221
-3985
-3266
-2324
-1689
-1384
-832
236
1397
2020
2053
1851
1509
836
-378
-1712
-2686
-3346
-4231
-5674
-7225
-8302
-8745
-8672
-7902
-6195
-3843
-1469
512
2111
3288
3767
3523
2939
2460
2162
1867
1469
1026
533
-144
-1081
-2112
-2934
-3269
-3039
-2325
-1302
-183
908
1824
2513
3016
3429
3720
3687
3343
3002
2796
2500
1807
885
-13
-710
-1271
-1598
-1531
-1247
-928
-825
-734
-649
-563
-697
-1136
-1724
-2209
-2305
-2208
-2057
-1974
-1683
-1171
-764
-555
-387
-128
-733
-2947
-6065
-8447
-9054
-8849
-8427
-7439
-5172
-2250
-247
748
1634
3170
4571
5143
5459
6348
7739
8460
7974
6729
5493
4230
2304
150
-1229
-1295
-996
-1286
-1704
-1102
685
2398
3451
4527
6143
7593
8047
7940
8089
8296
7570
5752
3870
2554
1476
-13
-1699
-2915
-3577
-4066
-4556
-4664
-4153
-3270
-2503
-1872
-1023
161
1153
1580
1573
1489
1279
574
-388
-1180
-1839
-2744
-4151
-5598
-6651
-7360
-7813
-7908
-7167
-5688
-3880
-2096
-384
1241
2393
2839
2774
2601
2520
2297
1869
1381
986
617
79
-599
-1218
-1660
-1919
-1915
-1532
-771
14
609
1020
1441
1933
2335
2618
2789
2904
2901
2686
2314
1801
1181
442
-252
-709
-815
-609
-326
-234
-512
-1099
-1800
-2349
-2494
-2244
-1871
-1695
-1751
-1795
-1856
-2010
-2268
-2225
-1824
-1248
-645
-140
-151
-1693
-4575
-7502
-8927
-8922
-8421
-7501
-5667
-2942
-678
415
1004
2082
3607
4715
5334
6152
7448
8538
8494
7444
6072
4768
3164
1122
-547
-1054
-751
-805
-1387
-1477
-376
1252
2459
3418
4782
6312
7203
7374
7588
8015
7996
7017
5513
4174
2979
1633
111
-1275
-2467
-3553
-4377
-4621
-4249
-3656
-3149
-2695
-2038
-1093
-165
481
864
1156
1339
1166
630
-54
-813
-1857
-3330
-4825
-5953
-6702
-7287
-7515
-6986
-5781
-4317
-2981
-1657
-267
897
1648
2045
2324
2502
2439
2170
1765
1305
707
-27
-755
-1298
-1593
-1690
-1630
-1423
-1049
-624
-198
173
616
1106
1676
2262
2705
3055
3073
2844
2275
1661
1187
663
230
-197
-279
-222
-196
-310
-855
-1591
-2423
-2778
-2544
-2056
-1581
-1394
-1258
-1311
-1455
-1519
-1307
-788
-406
-132
166
278
-742
-3374
-6518
-8472
-8710
-8283
-7795
-6733
-4663
-2483
-1329
-826
211
2160
4046
5286
6324
7681
8823
8714
7482
6084
5120
4072
2418
760
-28
-90
-510
-1615
-2379
-1948
-705
449
1622
3395
5455
6780
7044
7148
7667
8022
7478
6323
5359
4613
3482
1813
137
-1246
-2554
-3899
-4858
-4975
-4489
-4002
-3715
-3317
-2496
-1475
-663
-91
497
1215
1696
1577
1068
438
-354
-1562
-3053
-4292
-5175
-5942
-6682
-6924
-6360
-5355
-4290
-3197
-1860
-433
692
1403
1865
2272
2473
2338
2006
1679
1384
912
293
-256
-596
-853
-1165
-1473
-1591
-1416
-1185
-954
-585
56
835
1539
2112
2559
2864
2784
2405
1959
1636
1417
993
577
260
128
151
7
-407
-1293
-2214
-2717
-2788
-2509
-2348
-2154
-2074
-2060
-1917
-1711
-1161
-714
-345
-108
174
688
490
-1043
-4004
-6742
-7824
-7744
-7352
-7117
-6089
-4384
-3119
-2522
-1928
-158
2040
3715
4844
6042
7645
8503
8157
7138
6420
6063
5148
3643
2213
1503
958
-303
-1861
-2588
-1875
-636
371
1475
3023
4452
4962
5033
5629
6735
7389
7098
6496
6102
5552
4293
2597
1018
-338
-1686
-2966
-3735
-3875
-3789
-4013
-4399
-4393
-3737
-2773
-2007
-1353
-487
414
778
523
79
-203
-591
-1361
-2197
-2858
-3400
-4225
-5121
-5509
-5254
-4654
-4088
-3326
-2221
-1069
-262
143
492
893
1208
1342
1349
1432
1476
1415
1178
857
586
247
-93
-357
-396
-316
-361
-512
-520
-264
123
526
947
1364
1572
1546
1542
1674
1803
1701
1384
1181
1147
1249
1213
875
232
-686
-1585
-2180
-2300
-2224
-2350
-2785
-3197
-3266
-3024
-2629
-2055
-1390
-748
-285
89
161
-949
-3224
-5678
-6773
-6507
-6054
-5878
-5568
-4679
-3905
-3591
-2989
-1304
1081
2945
4087
5112
6288
7033
6821
6316
6221
6479
6240
5183
3988
3131
2322
900
-745
-1440
-887
122
771
1419
2473
3365
3469
3241
3862
5285
6413
6614
6385
6298
5982
4993
3595
2395
1507
491
-724
-1787
-2432
-2956
-3786
-4726
-5203
-4885
-4167
-3501
-2801
-1919
-973
-562
-710
-903
-781
-539
-630
-879
-1096
-1401
-2144
-3182
-3865
-3922
-3635
-3401
-3136
-2573
-1899
-1457
-1356
-1229
-824
-347
40
320
675
994
1042
930
833
951
1092
1055
1008
890
745
341
-187
-470
-489
-223
-10
273
649
826
787
652
737
1039
1152
1153
1112
1194
1390
1419
1461
1092
336
-711
-1646
-1997
-2167
-2242
-2487
-2776
-2893
-2922
-2596
-2091
-1551
-967
-551
-144
-434
-1765
-3791
-5543
-5961
-5691
-5411
-5472
-5314
-4687
-4251
-3818
-2849
-838
1479
3033
4039
5004
6076
6492
6074
5793
6205
6928
6831
5867
4791
3816
2533
694
-685
-691
189
828
795
882
1453
1975
2052
2135
3118
4646
5713
5953
5776
5695
5367
4544
3580
2955
2643
1986
839
-403
-1351
-2154
-3128
-4050
-4510
-4390
-4105
-3954
-3755
-3401
-2983
-2697
-2510
-2112
-1543
-1055
-907
-1077
-1266
-1479
-1740
-2038
-2181
-2119
-2113
-2272
-2435
-2276
-1908
-1686
-1632
-1498
-1110
-695
-441
-270
-71
236
495
741
1029
1399
1727
1806
1683
1480
1265
961
632
391
273
220
135
87
97
88
26
-20
88
248
378
423
483
679
896
975
821
461
30
-461
-932
-1166
-1329
-1562
-2035
-2490
-2573
-2437
-2123
-1895
-1671
-1324
-897
-667
-1535
-3360
-5163
-5817
-5268
-4734
-4617
-4696
-4498
-4313
-4428
-3937
-2250
300
2390
3453
4168
4920
5516
5407
5094
5417
6287
6842
6335
5337
4484
3557
2120
533
-6
764
1731
1818
1299
1167
1502
1712
1787
2393
3674
4784
5060
4812
4703
4778
4570
4073
3646
3440
3113
2307
1124
-83
-1078
-1937
-2718
-3293
-3622
-3780
-4003
-4304
-4474
-4421
-4121
-3761
-3269
-2683
-2086
-1602
-1405
-1344
-1385
-1329
-1181
-1017
-892
-999
-1232
-1537
-1710
-1662
-1498
-1317
-1277
-1282
-1234
-1107
-988
-974
-979
-825
-457
38
505
913
1268
1517
1648
1637
1562
1405
1092
773
574
573
521
312
11
-218
-316
-432
-409
-392
-223
-55
151
487
601
539
70
-347
-439
-198
249
197
-243
-1010
-1682
-1983
-1997
-1524
-1092
-849
-875
-1051
-1270
-2237
-3873
-5521
-6076
-5356
-4612
-4398
-4652
-4722
-4622
-4679
-4120
-2368
383
2758
3966
4578
5054
5462
5365
5135
5549
6486
7120
6589
5262
3993
2883
1675
489
143
872
1636
1592
947
627
792
979
1263
2096
3485
4537
4687
4355
4150
4151
4047
3879
3930
4055
3812
2901
1585
307
-723
-1501
-2077
-2392
-2576
-2886
-3483
-4277
-4984
-5319
-5150
-4552
-3765
-3035
-2515
-2220
-2080
-1988
-1817
-1530
-1032
-389
108
107
-422
-1053
-1450
-1547
-1409
-1123
-815
-776
-1011
-1269
-1340
-1313
-1280
-1163
-838
-335
110
493
720
918
1046
1246
1573
1766
1766
1457
1152
1007
979
997
788
436
109
-108
-180
-422
-619
-682
-634
-535
-629
-569
-628
-743
-884
-869
-443
-225
-264
-681
-1101
-1144
-1156
-992
-891
-832
-716
-796
-825
-1326
-2515
-4145
-5422
-5378
-4777
-4449
-4735
-5141
-5042
-4831
-4351
-3253
-1347
804
2163
2967
3737
4682
5395
5509
5710
6365
7128
7127
6177
5121
4247
3352
2190
1325
1435
1902
1888
1167
558
705
1050
1276
1542
2359
3387
3797
3673
3531
3779
4011
3962
3868
3850
3762
3190
2229
1267
501
-111
-818
-1528
-2091
-2535
-3088
-3990
-4866
-5270
-5186
-4885
-4643
-4298
-3811
-3440
-3237
-3062
-2612
-1941
-1353
-829
-308
148
245
-68
-464
-681
-598
-447
-424
-538
-801
-1047
-1281
-1463
-1497
-1388
-1117
-869
-690
-435
-167
120
396
750
1237
1609
1765
1671
1473
1347
1330
1440
1445
1170
756
340
96
-123
-342
-470
-545
-475
-515
-654
-940
-1286
-1341
-1185
-795
-533
-477
-566
-967
-1301
-1421
-1019
-418
-227
-282
-428
-298
-633
-2049
-3799
-4869
-4601
-4110
-4314
-4877
-5292
-5223
-5267
-5044
-3800
-1696
316
1227
1699
2594
3841
4758
5007
5445
6397
7191
7053
6070
5301
4882
4213
3089
2222
2234
2430
1953
1026
572
852
1181
1196
1326
1906
2607
2861
2836
2982
3364
3677
3704
3686
3717
3614
3159
2446
1755
1238
809
274
-440
-1151
-1754
-2342
-3014
-3820
-4503
-4930
-5052
-4939
-4743
-4442
-4169
-3856
-3485
-3066
-2548
-1980
-1309
-676
-253
-30
-17
-68
-119
-130
-18
-17
-221
-638
-1022
-1193
-1301
-1367
-1392
-1322
-1186
-1136
-1030
-744
-367
48
435
844
1188
1383
1401
1295
1275
1425
1662
1689
1415
1075
755
476
100
-208
-285
-332
-479
-841
-1182
-1414
-1581
-1559
-1447
-1175
-998
-1036
-1150
-1258
-1039
-740
-486
-310
-310
-204
-139
-5
19
-669
-1980
-3433
-3941
-3533
-3342
-3824
-4740
-5127
-4968
-4667
-3970
-2766
-1162
26
610
1336
2505
3835
4621
5059
5749
6554
6929
6438
5698
5270
4966
4404
3569
2994
2714
2255
1451
765
752
1053
1104
969
1071
1533
1876
1997
2226
2688
3158
3315
3314
3397
3463
3273
2793
2278
1865
1469
931
213
-542
-1209
-1814
-2474
-3251
-3949
-4472
-4805
-5002
-5085
-4951
-4736
-4448
-4083
-3629
-3050
-2536
-2005
-1431
-854
-406
-213
-80
102
367
567
531
230
-211
-575
-743
-781
-835
-874
-918
-964
-1062
-1082
-865
-473
-30
341
669
902
1031
1065
1123
1271
1442
1600
1626
1504
1221
949
787
611
338
-52
-403
-658
-845
-1009
-1133
-1290
-1554
-1755
-1742
-1483
-1263
-1214
-1226
-1173
-934
-677
-466
-395
-444
-357
-159
22
-349
-1460
-2752
-3529
-3433
-3192
-3502
-4258
-4906
-4927
-4612
-4043
-3095
-1880
-712
-14
681
1796
3116
4120
4640
5271
6105
6634
6473
5899
5587
5472
5087
4340
3639
3248
2774
1987
1246
1080
1367
1440
1128
867
1036
1448
1753
2030
2414
2794
2960
2951
3030
3127
3017
2632
2185
1883
1584
1127
453
-271
-859
-1303
-1707
-2323
-3124
-3892
-4408
-4648
-4804
-4874
-4853
-4739
-4541
-4242
-3788
-3318
-2895
-2445
-1916
-1375
-994
-725
-406
23
458
657
503
128
-196
-243
-101
-3
-40
-236
-525
-826
-966
-766
-399
-99
50
169
379
581
723
817
937
1119
1364
1618
1730
1641
1393
1213
1160
1138
1023
667
224
-166
-424
-573
-786
-1037
-1289
-1475
-1525
-1440
-1301
-1256
-1376
-1414
-1158
-752
-461
-518
-637
-497
-168
-1
-597
-1726
-2735
-3131
-2960
-3039
-3593
-4391
-4911
-4931
-4653
-3976
-3005
-1977
-1195
-651
199
1440
2725
3654
4293
5080
5843
6209
6026
5697
5614
5508
5083
4376
3780
3373
2835
2182
1751
1726
1787
1527
1148
1022
1232
1517
1718
2017
2360
2603
2675
2729
2896
2983
2855
2548
2243
1968
1561
960
252
-335
-768
-1223
-1870
-2707
-3435
-3931
-4239
-4492
-4716
-4862
-4941
-4886
-4616
-4142
-3631
-3236
-2891
-2459
-1954
-1459
-1062
-696
-291
119
432
503
316
30
-71
47
237
285
139
-137
-431
-560
-513
-309
-99
52
173
272
397
518
636
710
797
1021
1283
1460
1363
1144
1052
1053
1107
1040
887
658
314
80
-141
-420
-839
-1295
-1445
-1468
-1412
-1450
-1622
-1735
-1810
-1656
-1355
-1052
-812
-787
-750
-619
-398
-263
-720
-1595
-2397
-2619
-2392
-2513
-3119
-3911
-4337
-4268
-3986
-3409
-2631
-1869
-1339
-885
3
1230
2408
3235
3888
4716
5494
5927
5896
5752
5780
5764
5410
4759
4178
3777
3310
2741
2318
2150
1934
1469
1032
965
1202
1378
1435
1568
1800
1958
2029
2196
2466
2600
2479
2243
2031
1786
1406
898
386
-68
-514
-1045
-1733
-2467
-3081
-3508
-3857
-4195
-4489
-4697
-4822
-4792
-4517
-4110
-3771
-3563
-3262
-2771
-2241
-1818
-1486
-1064
-559
-91
193
246
178
137
232
401
516
471
277
6
-200
-210
-59
110
165
166
225
347
483
561
611
663
760
977
1200
1288
1200
1036
998
1057
1144
1145
996
776
482
227
-40
-347
-683
-1001
-1181
-1264
-1287
-1392
-1587
-1774
-1815
-1592
-1274
-1037
-976
-995
-922
-763
-588
-663
-1190
-2000
-2627
-2602
-2287
-2447
-3230
-4079
-4280
-3950
-3497
-2992
-2410
-1797
-1365
-875
61
1287
2322
2894
3397
4176
4951
5302
5213
5197
5410
5430
5014
4416
4063
3847
3438
2926
2606
2506
2222
1688
1319
1367
1615
1653
1561
1614
1845
2072
2172
2322
2522
2568
2354
2034
1846
1660
1307
790
304
-41
-435
-988
-1699
-2391
-2928
-3335
-3629
-3944
-4263
-4502
-4620
-4524
-4253
-3922
-3660
-3480
-3174
-2673
-2128
-1711
-1403
-1033
-584
-158
121
205
226
292
458
649
682
517
214
-24
-43
102
256
223
59
-37
-5
130
199
222
264
318
440
594
768
831
693
562
611
870
1061
993
756
457
320
275
200
22
-366
-727
-958
-1053
-1048
-1144
-1347
-1643
-1802
-1626
-1326
-1132
-1170
-1242
-1190
-1048
-842
-794
-1061
-1634
-2207
-2336
-2173
-2260
-2848
-3588
-3862
-3611
-3198
-2828
-2463
-1971
-1429
-841
-54
930
1887
2587
3187
3889
4584
4985
5043
5089
5236
5292
5055
4608
4208
3878
3521
3123
2792
2534
2232
1865
1603
1602
1719
1724
1609
1564
1698
1908
2087
2245
2372
2364
2216
2029
1863
1670
1348
901
403
-56
-436
-864
-1487
-2245
-2855
-3186
-3401
-3704
-4079
-4340
-4438
-4398
-4252
-4044
-3813
-3596
-3311
-2885
-2414
-2030
-1735
-1421
-1014
-621
-357
-193
-65
98
321
515
583
454
247
166
256
446
593
582
420
255
284
474
611
596
518
527
632
763
841
810
685
596
693
903
1039
932
655
381
204
196
197
54
-285
-731
-1024
-1113
-1050
-1073
-1346
-1689
-1872
-1712
-1399
-1245
-1268
-1364
-1343
-1173
-945
-746
-836
-1246
-1744
-2026
-1987
-1991
-2312
-2860
-3288
-3274
-2960
-2634
-2407
-2167
-1728
-1160
-542
161
903
1641
2295
2951
3656
4223
4543
4681
4817
4971
5008
4865
4563
4219
3934
3707
3523
3274
2954
2616
2296
2070
1926
1860
1788
1688
1656
1737
1894
1998
2017
1970
1862
1775
1705
1565
1275
838
406
40
-332
-783
-1364
-2043
-2690
-3159
-3449
-3711
-4061
-4384
-4521
-4491
-4386
-4232
-3992
-3683
-3354
-2985
-2570
-2175
-1842
-1507
-1103
-666
-327
-156
-61
37
180
330
417
393
297
226
228
330
450
489
396
280
287
399
499
532
535
570
658
782
907
958
922
885
976
1148
1243
1175
987
809
706
641
547
365
113
-193
-543
-875
-1095
-1194
-1324
-1580
-1831
-1903
-1819
-1723
-1673
-1575
-1437
-1326
-1221
-1094
-978
-1017
-1232
-1487
-1679
-1813
-1978
-2213
-2478
-2686
-2747
-2673
-2512
-2260
-1899
-1458
-1009
-532
66
775
1494
2138
2736
3293
3719
3994
4205
4440
4627
4656
4536
4372
4194
3980
3746
3526
3302
3044
2780
2545
2336
2124
1927
1796
1756
1782
1823
1814
1715
1591
1528
1537
1511
1355
1109
823
526
210
-106
-452
-906
-1447
-1972
-2395
-2720
-3027
-3360
-3629
-3773
-3803
-3794
-3797
-3727
-3535
-3285
-3039
-2793
-2516
-2235
-2010
-1784
-1503
-1196
-922
-714
-543
-414
-300
-206
-137
-35
118
297
428
486
495
494
499
513
565
612
602
556
522
542
558
543
569
615
648
673
720
786
811
811
823
852
853
766
629
475
310
150
-27
-246
-492
-740
-928
-1052
-1137
-1158
-1187
-1240
-1290
-1291
-1228
-1125
-1003
-887
-822
-839
-918
-999
-1063
-1155
-1301
-1503
-1687
-1823
-1894
-1880
-1810
-1724
-1647
-1521
-1279
-927
-520
-154
184
545
943
1366
1747
2063
2312
2528
2754
2980
3155
3238
3231
3206
3226
3308
3379
3364
3254
3074
2880
2724
2629
2570
2503
2373
2190
2005
1884
1814
1752
1647
1473
1241
1010
816
631
411
127
-198
-520
-820
-1087
-1341
-1616
-1894
-2131
-2266
-2297
-2341
-2460
-2590
-2646
-2598
-2508
-2435
-2417
-2430
-2445
-2422
-2307
-2138
-1996
-1896
-1802
-1699
-1588
-1457
-1281
-1080
-899
-711
-507
-310
-118
49
186
301
404
507
594
645
655
652
654
648
643
629
607
588
573
574
577
582
610
655
708
748
777
794
771
717
650
579
481
328
141
-34
-143
-220
-307
-421
-569
-706
-811
-838
-806
-791
-842
-951
-1051
-1125
-1206
-1289
-1409
-1596
-1839
-2072
-2190
-2227
-2242
-2235
-2195
-2115
-1986
-1779
-1491
-1141
-777
-445
-120
229
605
966
1299
1613
1912
2197
2446
2645
2812
2965
3092
3196
3319
3443
3512
3489
3414
3352
3328
3312
3281
3220
3122
2981
2811
2668
2563
2442
2284
2079
1844
1610
1363
1082
768
444
121
-218
-574
-931
-1243
-1501
-1733
-1967
-2207
-2424
-2593
-2715
-2791
-2817
-2827
-2864
-2924
-2976
-2974
-2939
-2888
-2810
-2726
-2635
-2553
-2471
-2356
-2226
-2060
-1848
-1584
-1312
-1085
-871
-647
-405
-163
57
252
403
518
619
696
764
818
849
865
866
862
866
887
902
920
938
964
1005
1047
1084
1102
1106
1105
1105
1083
1022
901
745
580
439
320
197
77
-76
-256
-434
-575
-647
-679
-712
-774
-873
-962
-1009
-1036
-1081
-1182
-1333
-1516
-1692
-1835
-1950
-2029
-2096
-2155
-2173
-2099
-1941
-1728
-1505
-1293
-1064
-795
-485
-132
224
558
889
1199
1494
1758
1987
2194
2374
2543
2719
2886
3001
3065
3102
3129
3162
3197
3195
3151
3062
2966
2891
2838
2785
2705
2589
2444
2289
2120
1924
1682
1403
1113
804
480
165
-139
-445
-750
-1029
-1256
-1459
-1671
-1885
-2076
-2216
-2298
-2344
-2381
-2435
-2518
-2598
-2656
-2667
-2631
-2582
-2545
-2505
-2457
-2383
-2283
-2130
-1949
-1759
-1590
-1448
-1282
-1100
-921
-741
-542
-349
-190
-78
23
138
248
342
398
425
452
482
543
611
650
662
674
709
764
825
874
898
908
924
956
997
1008
956
848
711
596
503
408
276
111
-47
-168
-248
-307
-358
-406
-452
-493
-532
-561
-575
-586
-610
-662
-753
-866
-983
-1098
-1219
-1353
-1479
-1582
-1657
-1713
-1735
-1703
-1622
-1505
-1352
-1159
-923
-666
-399
-112
186
492
801
1086
1333
1544
1741
1946
2154
2342
2495
2610
2688
2754
2828
2901
2955
2958
2910
2847
2801
2771
2729
2650
2537
2408
2265
2111
1955
1778
1561
1314
1059
830
603
362
111
-129
-342
-543
-743
-942
-1143
-1353
-1542
-1704
-1834
-1929
-2046
-2187
-2317
-2405
-2442
-2458
-2462
-2469
-2477
-2470
-2436
-2354
-2242
-2113
-1981
-1862
-1738
-1613
-1477
-1314
-1142
-963
-793
-655
-548
-448
-329
-205
-100
-29
14
52
96
170
261
341
404
450
504
588
684
748
777
805
858
931
985
999
971
925
881
844
812
758
657
505
349
238
172
130
69
-22
-120
-200
-249
-282
-312
-356
-413
-475
-535
-592
-648
-713
-794
-909
-1035
-1162
-1275
-1359
-1420
-1465
-1483
-1471
-1434
-1350
-1205
-1017
-816
-614
-403
-172
78
340
607
870
1111
1317
1495
1687
1885
2053
2177
2264
2340
2428
2524
2605
2663
2684
2668
2638
2617
2595
2552
2462
2333
2192
2059
1940
1813
1660
1486
1291
1089
898
717
536
345
142
-64
-257
-427
-582
-732
-900
-1085
-1270
-1433
-1564
-1681
-1807
-1941
-2062
-2149
-2197
-2222
-2237
-2257
-2278
-2274
-2231
-2163
-2091
-2019
-1961
-1890
-1795
-1684
-1549
-1413
-1298
-1206
-1131
-1037
-926
-813
-703
-620
-552
-480
-393
-295
-182
-68
14
72
126
187
286
393
482
545
589
618
654
698
733
742
739
739
732
724
707
681
648
616
589
561
536
493
434
378
333
301
264
216
158
87
15
-45
-97
-158
-244
-345
-442
-531
-605
-672
-717
-760
-814
-862
-884
-853
-784
-701
-622
-542
-441
-307
-151
12
171
312
434
567
717
881
1040
1169
1272
1383
1505
1624
1731
1823
1888
1928
1961
1991
2020
2044
2031
1988
1932
1887
1839
1766
1680
1578
1459
1331
1203
1083
975
859
725
581
441
307
168
10
-152
-306
-465
-623
-793
-960
-1115
-1266
-1401
-1519
-1624
-1738
-1848
-1938
-2002
-2041
-2065
-2080
-2082
-2068
-2035
-1977
-1907
-1835
-1754
-1665
-1562
-1450
-1337
-1237
-1150
-1063
-967
-865
-761
-675
-608
-555
-499
-432
-355
-276
-211
-165
-121
-67
4
79
133
179
225
277
342
401
454
488
512
527
551
579
595
596
590
580
573
563
548
532
502
481
467
444
396
338
277
217
169
115
40
-51
-134
-198
-242
-285
-342
-406
-461
-497
-491
-456
-408
-364
-321
-257
-166
-52
71
183
277
365
456
556
667
774
863
930
1001
1081
1162
1239
1299
1349
1392
1427
1462
1499
1543
1574
1585
1578
1560
1546
1525
1488
1436
1360
1271
1181
1083
987
883
759
621
481
345
211
74
-72
-219
-371
-510
-637
-748
-847
-960
-1080
-1171
-1233
-1285
-1340
-1406
-1471
-1523
-1559
-1585
-1602
-1614
-1628
-1643
-1645
-1620
-1569
-1522
-1480
-1447
-1397
-1309
-1213
-1131
-1062
-1001
-928
-846
-751
-656
-581
-518
-468
-403
-322
-236
-160
-113
-76
-42
-8
48
114
173
214
240
271
311
359
399
424
434
436
448
459
462
471
475
474
466
449
440
435
422
409
384
338
286
217
144
75
8
-55
-124
-202
-262
-311
-345
-368
-384
-383
-353
-299
-247
-184
-118
-37
74
194
306
405
496
591
695
801
890
962
1019
1070
1128
1190
1246
1287
1306
1323
1343
1363
1381
1376
1362
1345
1335
1325
1318
1292
1253
1209
1164
1119
1064
999
916
818
719
620
514
390
250
113
-28
-166
-316
-463
-597
-728
-851
-963
-1065
-1163
-1256
-1337
-1392
-1425
-1467
-1513
-1546
-1578
-1593
-1587
-1573
-1557
-1551
-1548
-1533
-1496
-1445
-1389
-1344
-1299
-1255
-1197
-1110
-1019
-938
-865
-792
-714
-627
-540
-461
-390
-325
-260
-190
-115
-52
0
40
74
116
155
201
232
249
266
279
299
318
334
346
355
360
370
386
404
419
432
440
446
442
428
416
393
367
331
294
244
182
127
75
31
-2
-35
-71
-104
-127
-128
-109
-76
-42
-8
28
85
160
255
363
466
561
642
730
834
941
1041
1122
1185
1235
1282
1331
1367
1387
1393
1393
1371
1336
1305
1273
1233
1179
1119
1055
999
943
881
811
738
661
583
498
426
344
244
141
33
-65
-160
-265
-384
-508
-630
-738
-843
-946
-1045
-1147
-1246
-1330
-1397
-1438
-1472
-1514
-1553
-1566
-1555
-1540
-1517
-1496
-1467
-1432
-1387
-1329
-1272
-1213
-1154
-1098
-1038
-969
-907
-848
-795
-746
-690
-622
-556
-506
-467
-434
-387
-327
-267
-216
-171
-125
-78
-19
34
85
134
179
223
267
311
363
407
443
479
518
542
556
566
579
591
600
601
591
577
564
552
541
527
497
467
437
413
392
366
335
291
246
219
194
166
141
121
106
93
99
118
130
150
173
206
261
324
389
451
514
579
642
713
773
825
868
905
939
969
989
997
1002
998
988
965
942
916
876
829
775
721
662
593
522
449
394
344
286
220
157
104
47
-9
-72
-139
-202
-271
-344
-418
-485
-558
-641
-719
-791
-861
-929
-998
-1057
-1108
-1153
-1197
-1238
-1267
-1291
-1316
-1326
-1327
-1327
-1315
-1302
-1278
-1250
-1220
-1192
-1162
-1116
-1064
-1019
-975
-928
-879
-825
-769
-714
-669
-614
-560
-509
-445
-378
-311
-258
-207
-147
-77
-2
66
129
189
249
319
388
465
535
589
636
676
716
762
799
821
835
840
846
850
853
849
833
814
791
764
740
707
667
620
578
537
498
459
407
362
320
286
257
228
208
195
180
175
176
176
185
206
218
225
243
270
297
326
357
385
408
432
455
475
491
501
509
517
522
524
525
515
500
475
461
443
419
394
366
339
310
280
257
231
197
155
119
87
50
3
-45
-93
-141
-192
-241
-295
-354
-407
-465
-518
-570
-620
-669
-719
-766
-805
-835
-869
-904
-936
-955
-966
-977
-999
-1012
-1018
-1021
-1016
-1009
-1002
-997
-989
-978
-958
-930
-902
-887
-869
-847
-813
-774
-740
-708
-676
-627
-575
-520
-463
-406
-346
-282
-211
-139
-66
5
81
155
228
299
366
424
478
534
584
632
670
699
732
756
773
792
803
815
820
824
823
816
803
788
772
752
730
700
661
623
594
564
538
515
485
457
426
407
395
385
371
354
338
325
324
323
320
314
306
310
320
332
342
345
338
330
330
329
323
317
304
283
264
252
246
233
210
185
158
136
118
96
75
54
32
12
-5
-26
-49
-71
-92
-115
-138
-168
-198
-230
-265
-306
-346
-384
-427
-468
-507
-542
-576
-612
-649
-684
-723
-744
-768
-784
-796
-809
-820
-822
-825
-824
-822
-813
-792
-776
-753
-735
-714
-690
-664
-634
-604
-576
-551
-524
-495
-464
-437
-411
-384
-358
-331
-295
-255
-214
-173
-130
-85
-35
16
63
103
149
198
246
294
331
365
397
428
458
480
506
528
541
558
573
586
596
599
597
593
596
601
601
603
605
605
606
604
595
573
560
545
530
515
496
479
455
430
407
384
361
333
305
276
251
226
201
186
167
152
147
140
135
141
149
152
154
159
164
167
165
159
147
140
130
114
97
82
62
36
18
-2
-32
-58
-81
-101
-125
-145
-164
-175
-182
-189
-194
-201
-207
-211
-218
-228
-236
-246
-258
-263
-269
-275
-276
-287
-304
-319
-338
-356
-378
-398
-428
-455
-482
-506
-530
-556
-574
-601
-619
-629
-648
-659
-666
-669
-673
-672
-668
-655
-642
-621
-593
-563
-528
-492
-452
-411
-365
-326
-282
-235
-186
-143
-92
-41
7
56
108
156
196
241
284
326
358
391
429
460
493
517
543
568
589
609
629
641
655
660
657
656
649
644
633
625
616
609
599
588
575
552
535
507
474
449
423
390
353
325
295
262
233
209
190
170
147
129
106
81
51
25
10
-12
-34
-49
-62
-78
-95
-111
-126
-139
-154
-168
-177
-185
-191
-201
-211
-217
-226
-237
-243
-246
-249
-246
-236
-227
-218
-210
-206
-202
-200
-198
-192
-183
-183
-185
-190
-188
-188
-196
-199
-199
-209
-212
-217
-225
-230
-233
-238
-243
-246
-248
-248
-256
-260
-260
-253
-247
-247
-249
-242
-237
-239
-236
-234
-232
-226
-222
-218
-206
-206
-200
-191
-184
-171
-151
-130
-115
-95
-72
-38
-7
25
60
93
127
162
196
227
258
284
308
328
341
352
361
363
368
368
366
369
367
368
371
371
368
365
355
350
348
343
339
334
321
309
294
278
258
238
211
193
174
156
136
115
93
73
50
28
5
-16
-33
-51
-59
-69
-79
-82
-80
-85
-87
-87
-86
-84
-81
-80
-85
-87
-93
-100
-111
-122
-134
-143
-154
-168
-179
-186
-193
-201
-207
-204
-197
-196
-186
-177
-167
-157
-146
-135
-123
-107
-93
-82
-73
-64
-61
-58
-55
-56
-68
-77
-83
-87
-94
-106
-112
-119
-122
-125
-128
-129
-126
-123
-122
-116
-109
-98
-84
-79
-76
-64
-51
-44
-44
-40
-37
-37
-36
-32
-30
-25
-23
-19
-11
-3
5
13
24
40
51
73
89
105
124
141
156
169
182
192
202
208
215
219
220
216
214
214
208
202
194
190
187
182
176
164
158
146
133
125
117
110
110
108
109
108
107
103
98
90
76
60
44
29
13
-2
-24
-42
-55
-71
-86
-99
-110
-121
-128
-132
-132
-133
-135
-138
-141
-138
-133
-131
-130
-125
-120
-114
-113
-111
-107
-110
-110
-111
-114
-114
-116
-121
-123
-130
-137
-138
-137
-133
-126
-115
-105
-92
-77
-57
-37
-19
-5
6
19
31
39
46
57
61
61
64
68
69
63
58
50
41
39
32
30
26
24
23
23
27
31
36
41
45
45
53
59
57
58
56
55
60
60
60
59
60
57
46
39
30
20
9
2
-2
-9
-12
-12
-18
-15
-15
-16
-12
-5
6
14
21
26
37
44
50
57
62
64
66
65
62
63
57
49
51
48
43
36
31
26
27
29
30
34
31
29
28
28
28
24
26
24
21
22
19
17
11
1
-8
-14
-24
-30
-41
-51
-57
-62
-67
-67
-73
-79
-81
-83
-85
-88
-86
-85
-83
-80
-80
-81
-80
-79
-80
-86
-87
-92
-97
-96
-105
-114
-116
-119
-123
-122
-119
-112
-103
-97
-85
-73
-62
-49
-33
-19
-7
8
21
34
44
50
62
68
69
73
79
80
80
77
73
74
70
67
68
73
75
79
90
94
95
94
103
108
112
115
115
114
115
115
107
101
90
83
75
67
58
51
43
37
26
18
11
8
6
3
4
8
6
6
7
8
8
3
5
6
9
10
10
7
5
-5
-10
-10
-13
-22
-29
-35
-44
-51
-58
-67
-73
-78
-86
-91
-96
-97
-97
-94
-92
-93
-88
-81
-74
-68
-62
-57
-55
-49
-47
-47
-50
-50
-50
-53
-54
-53
-54
-51
-52
-51
-45
-40
-36
-34
-30
-24
-19
-15
-5
2
7
11
13
18
24
30
35
45
52
58
64
64
65
66
66
65
63
68
67
69
69
71
71
70
67
65
62
63
58
50
50
49
49
48
48
46
38
31
26
19
16
13
7
5
0
0
-2
-2
-8
-15
-15
-18
-23
-26
-29
-35
-35
-37
-40
-43
-46
-48
-45
-45
-43
-41
-40
-36
-33
-35
-29
-26
-25
-22
-17
-14
-10
-5
-4
-2
1
5
7
8
9
7
9
13
13
9
13
17
13
20
25
26
29
29
31
30
30
28
26
18
13
9
3
1
-2
-6
-4
-4
-5
-2
-4
-6
-8
-7
-9
-11
-13
-15
-20
-26
-32
-34
-37
-40
-41
-46
-47
-44
-42
-41
-36
-35
-33
-33
-36
-33
-29
-27
-26
-23
-16
-9
-2
2
3
-1
1
2
-4
-5
-6
-5
-2
2
7
9
12
18
20
22
26
25
21
20
21
19
23
29
32
32
30
32
32
30
29
28
30
28
30
33
32
36
38
38
40
29
27
28
25
24
20
20
19
20
18
18
20
18
18
19
21
20
17
15
12
4
3
2
-4
-9
-11
-9
-10
-7
-6
-7
-7
-6
-5
-4
-7
-7
-6
-7
-11
-19
-21
-19
-22
-28
-32
-35
-37
-42
-40
-38
-37
-37
-37
-33
-34
-33
-30
-29
-28
-27
-23
-22
-19
-20
-18
-18
-22
-21
-20
-16
-18
-18
-17
-20
-21
-21
-24
-25
-27
-24
-15
-12
-11
-10
-10
-10
-8
-7
-6
0
3
9
19
26
29
33
34
33
25
21
18
20
21
21
24
24
26
29
33
33
35
36
41
39
39
41
41
40
38
32
32
32
28
27
24
22
19
20
16
14
10
8
6
0
-4
-8
-13
-13
-13
-20
-20
-17
-13
-11
-9
-11
