13
-4
10
-3
2
8
8
19
13
27
29
44
43
59
59
72
58
46
51
25
16
-10
-8
-15
-21
-14
-9
-2
-9
-17
-10
-10
-12
-8
16
27
36
59
56
67
60
51
22
6
-8
-41
-57
-84
-78
-91
-95
-96
-86
-101
-124
-99
-96
-92
-90
-68
-45
-39
-34
-17
-22
-36
-37
-52
-60
-82
-78
-84
-120
-126
-154
-172
-215
-250
-231
-259
-250
-229
-203
-168
-169
-153
-95
-69
-29
34
76
152
161
200
281
336
401
462
558
609
652
693
714
714
689
670
649
600
551
488
422
331
275
213
143
140
120
142
144
175
231
218
235
246
250
292
278
291
299
253
222
201
201
145
44
10
-62
-171
-318
-419
-532
-762
-949
-1107
-1270
-1571
-2023
-2345
-2658
-2983
-3176
-3268
-3192
-3213
-3190
-2961
-2703
-2442
-2158
-1703
-1160
-611
22
751
1432
1910
2336
2762
3180
3496
3751
4019
4200
4215
4176
4082
3884
3561
3147
2707
2268
1820
1361
880
315
-213
-748
-1286
-1737
-2208
-2617
-3028
-3388
-3575
-3649
-3596
-3482
-3274
-2917
-2493
-1961
-1302
-605
138
867
1685
2522
3257
3886
4357
4761
5038
5181
5285
5282
5061
4553
3919
3332
2669
1900
1113
368
-337
-1048
-1642
-2034
-2348
-2653
-2827
-2806
-2591
-2305
-2118
-1883
-1657
-1560
-1507
-1515
-1490
-1796
-2821
-4133
-5364
-6324
-7090
-7788
-8109
-8274
-8543
-8700
-8571
-8133
-7623
-6919
-5715
-4173
-2471
-681
1144
2704
3781
4765
5949
7255
8399
9322
10192
10809
11011
10900
10563
10036
9248
8269
7304
6422
5544
4480
3083
1455
-176
-1650
-2941
-4088
-5005
-5736
-6398
-6900
-7206
-7301
-7271
-7110
-6585
-5751
-4686
-3423
-2084
-859
80
946
1954
2983
3831
4536
5178
5626
5805
5872
5844
5566
5016
4399
3883
3315
2651
1962
1123
103
-920
-1677
-2235
-2849
-3413
-3734
-3868
-4013
-4027
-3797
-3468
-3153
-2776
-2157
-1497
-1058
-667
-168
389
855
1256
1690
1925
1878
1704
1545
1471
1319
1013
665
244
-309
-1396
-3188
-5155
-6823
-8056
-9088
-9842
-10099
-10386
-10916
-11304
-11197
-10651
-9989
-8850
-6944
-4768
-2628
-425
1818
3636
4832
6108
7869
9622
10926
11950
12917
13371
13053
12402
11758
11008
9858
8533
7315
6061
4656
2953
951
-1128
-3014
-4438
-5537
-6428
-7051
-7562
-8026
-8391
-8383
-7906
-7170
-6085
-4622
-2954
-1197
571
2249
3494
4227
5025
6074
7076
7803
8256
8448
8114
7344
6580
5814
4875
3851
2876
1796
457
-833
-1913
-3152
-4590
-5578
-5863
-5996
-6280
-6285
-5894
-5550
-5254
-4350
-2850
-1588
-820
-79
835
1534
1864
2330
2935
3122
2932
2831
2881
2525
1724
1101
756
314
-393
-962
-1592
-3320
-6107
-8798
-10409
-11304
-12264
-12820
-12663
-12435
-12540
-12551
-11777
-10531
-9188
-7302
-4718
-1854
819
3311
5480
6865
7909
9371
11231
12775
13612
14214
14547
14178
13217
12047
10903
9537
7908
6341
4801
3227
1520
-510
-2791
-4996
-6609
-7573
-8331
-8954
-9231
-9216
-9200
-8989
-8065
-6550
-4940
-3295
-1249
1063
3024
4597
6060
7291
8104
8766
9539
10066
9820
8971
8013
6890
5518
4054
2561
1019
-580
-2107
-3581
-5012
-6231
-7251
-8065
-8546
-8511
-8111
-7704
-7233
-6414
-5181
-3785
-2266
-513
1220
2608
3679
4754
5797
6338
6395
6392
6434
6136
5300
4390
3555
2516
1266
246
-249
-786
-1734
-2641
-3144
-3757
-5501
-8106
-10365
-11782
-12638
-13293
-13301
-12607
-12156
-12098
-11784
-10625
-8978
-7292
-5014
-2152
687
3172
5473
7647
9035
9857
11021
12612
13841
14185
14218
14114
13315
11791
10164
8887
7585
5815
3843
1943
156
-1676
-3752
-5866
-7625
-8692
-9134
-9434
-9554
-9243
-8653
-8041
-7236
-5646
-3454
-1391
494
2526
4612
6293
7618
8915
9858
10140
10152
10225
10000
8968
7394
5857
4344
2667
911
-780
-2437
-4166
-5820
-7185
-8082
-8532
-8807
-9001
-8948
-8358
-7397
-6382
-5128
-3507
-1773
-207
1358
3127
4731
5847
6747
7623
8095
7985
7630
7252
6471
5095
3690
2588
1491
214
-1008
-1921
-2706
-3400
-3866
-4210
-4597
-5086
-5894
-7678
-10084
-11777
-12304
-12450
-12748
-12361
-11294
-10764
-10795
-10160
-8359
-6450
-4680
-2139
935
3501
5361
7210
8879
9723
10389
11717
13127
13567
13258
12967
12317
10780
8965
7659
6611
5083
3222
1479
-196
-1969
-3795
-5492
-6893
-7708
-7726
-7493
-7480
-7341
-6721
-5794
-4852
-3463
-1353
791
2433
3923
5621
7089
8004
8800
9663
10008
9550
8955
8452
7397
5597
3712
2318
924
-922
-2739
-4247
-5684
-7310
-8585
-8993
-8879
-8644
-8392
-8014
-7401
-6525
-5275
-3688
-1935
-155
1468
2878
4147
5265
6197
6937
7518
7759
7496
6867
6043
4990
3525
2024
886
-112
-1127
-2183
-3080
-3808
-4423
-4688
-4704
-4661
-4620
-4768
-5746
-7810
-9862
-10910
-11151
-11394
-11467
-10740
-9989
-9905
-9844
-8915
-7257
-5590
-3543
-749
1931
3859
5452
7106
8332
9037
10102
11687
12716
12636
12225
11872
10969
9431
8073
7238
6295
4840
3218
1624
-121
-1927
-3571
-4962
-5913
-6059
-5705
-5676
-6017
-5994
-5319
-4482
-3573
-2020
69
1862
3077
4243
5545
6581
7373
8211
8853
8822
8345
7907
7148
5570
3584
1967
642
-981
-2812
-4366
-5701
-7056
-8195
-8731
-8665
-8314
-7862
-7349
-6689
-5674
-4264
-2678
-1100
430
1889
3201
4332
5382
6311
6928
7206
7263
7074
6468
5479
4311
3129
1854
680
-182
-1023
-2005
-3042
-3767
-4175
-4469
-4461
-4270
-4119
-4087
-4171
-4889
-6786
-9022
-10371
-10717
-10927
-10926
-10236
-9633
-9788
-10088
-9306
-7536
-5721
-3681
-1196
1194
3031
4643
6353
7664
8514
9638
11144
12150
12207
11908
11489
10558
9197
8071
7422
6561
5082
3318
1494
-282
-1901
-3219
-4273
-5158
-5585
-5631
-5886
-6316
-6239
-5464
-4505
-3447
-1804
291
1978
2999
3987
5217
6328
7260
8237
9062
9147
8514
7785
6997
5784
4181
2632
1252
-384
-2226
-3797
-5042
-6253
-7510
-8284
-8322
-8050
-7806
-7479
-6789
-5835
-4665
-3218
-1656
-195
905
1942
3163
4395
5510
6305
6808
6965
6733
6330
5745
4955
3908
2692
1611
703
-122
-1022
-1998
-2897
-3512
-3591
-3349
-3160
-3244
-3457
-3773
-4979
-7163
-9326
-10509
-10832
-11191
-11366
-10977
-10665
-10905
-11125
-10251
-8515
-6598
-4363
-1838
498
2291
4052
5926
7305
8413
9854
11542
12539
12504
12268
11951
11155
9958
8863
8119
7093
5492
3646
1770
81
-1361
-2622
-3812
-4867
-5460
-5790
-6343
-6922
-6818
-5929
-4939
-3932
-2412
-529
996
1952
3008
4403
5780
7017
8115
8932
9143
8810
8252
7462
6397
5118
3776
2383
800
-941
-2736
-4312
-5556
-6599
-7373
-7697
-7546
-7336
-7244
-6817
-5855
-4712
-3729
-2635
-1200
186
1285
2365
3640
4777
5428
5761
5941
5838
5425
4909
4420
3788
2875
1905
1081
309
-645
-1616
-2196
-2513
-2828
-3070
-3017
-2885
-3171
-3818
-4915
-6752
-8985
-10582
-10999
-11112
-11365
-11324
-11073
-11212
-11641
-11056
-9203
-7058
-4937
-2598
-132
1795
3341
5103
6766
8131
9571
11296
12571
12743
12454
12164
11584
10600
9704
9196
8351
6705
4675
2726
990
-562
-1838
-2928
-4042
-4935
-5497
-6075
-6760
-6962
-6269
-5236
-4288
-3049
-1413
19
956
1989
3520
5094
6394
7525
8395
8719
8512
8134
7652
6779
5548
4252
2998
1689
197
-1377
-2842
-4224
-5479
-6438
-6945
-7025
-7008
-6989
-6696
-6073
-5326
-4506
-3439
-2066
-700
459
1585
2753
3777
4465
4883
5213
5393
5305
4965
4470
3799
2930
2064
1294
538
-288
-1075
-1702
-2178
-2525
-2760
-2969
-3137
-3207
-3536
-4814
-7075
-9351
-10653
-11044
-11233
-11251
-10985
-10908
-11321
-11611
-10772
-8879
-6711
-4536
-2334
-291
1441
3218
5139
6788
8192
9747
11426
12460
12526
12288
12003
11402
10511
9742
9183
8171
6394
4310
2416
905
-327
-1411
-2556
-3721
-4610
-5335
-6052
-6585
-6466
-5713
-4901
-4136
-3129
-1868
-719
218
1399
2968
4569
5835
6752
7471
7870
7896
7602
7102
6465
5617
4560
3447
2308
982
-596
-2096
-3220
-4163
-5098
-5724
-5813
-5895
-6196
-6263
-5788
-5108
-4619
-3897
-2577
-1229
-364
405
1537
2625
3266
3820
4586
5138
5071
4813
4645
4143
3251
2434
1892
1238
321
-404
-892
-1403
-1867
-2201
-2560
-3008
-3329
-3983
-5859
-8529
-10434
-10981
-11185
-11589
-11581
-11279
-11539
-12149
-11816
-10167
-8113
-6028
-3730
-1574
76
1742
3959
6080
7550
9025
10901
12363
12745
12687
12819
12691
11983
11166
10498
9557
8020
6135
4181
2393
1066
29
-1251
-2884
-4291
-5199
-6034
-6813
-6998
-6510
-5995
-5726
-5200
-4167
-2978
-1841
-567
949
2402
3628
4804
5896
6685
7111
7278
7257
7023
6623
6069
5381
4606
3548
2118
706
-301
-1208
-2430
-3485
-3947
-4376
-5259
-5909
-5747
-5407
-5444
-5248
-4245
-3119
-2584
-2110
-1076
126
952
1761
2875
3627
3630
3507
3725
3829
3439
3026
2807
2261
1323
552
187
-114
-558
-989
-1534
-2192
-2783
-3891
-6144
-8840
-10373
-10518
-10695
-11262
-11499
-11556
-12132
-12814
-12166
-10185
-8058
-6130
-4208
-2308
-612
1284
3650
5828
7566
9248
10968
12148
12489
12728
13157
13237
12638
11735
10959
9967
8504
6771
5023
3552
2334
1117
-413
-2143
-3523
-4593
-5602
-6341
-6476
-6265
-6371
-6576
-6237
-5340
-4281
-3279
-2083
-788
283
1342
2611
3958
4944
5506
6105
6831
7278
7184
6903
6661
6110
5113
4033
3258
2432
1118
-314
-1399
-2267
-3282
-4255
-4855
-5303
-5769
-5997
-5719
-5238
-4996
-4742
-4113
-3206
-2319
-1411
-294
764
1323
1613
2112
2793
3193
3292
3407
3344
2770
1935
1432
1374
1350
1033
450
-176
-762
-1855
-4016
-6715
-8646
-9184
-9270
-9851
-10523
-11008
-11734
-12740
-12919
-11472
-9320
-7488
-6111
-4932
-3693
-2014
456
3042
5109
6894
8576
9912
10593
11235
12309
13167
13274
12783
12163
11469
10420
9056
7590
6329
5294
4136
2602
835
-666
-1910
-3180
-4204
-4647
-4828
-5444
-6372
-6740
-6355
-5701
-5008
-4150
-3279
-2681
-2049
-1066
144
1213
1995
2831
3715
4466
5023
5442
5865
6020
5674
5098
4733
4537
3963
2995
2054
1173
131
-973
-1683
-2151
-2848
-3640
-4114
-4271
-4477
-4657
-4445
-3990
-3691
-3464
-2994
-2306
-1794
-1463
-964
-297
298
691
1074
1486
1635
1579
1499
1526
1690
1835
1791
1416
1059
537
-1194
-4104
-6492
-7066
