10
-34
-27
4
30
-47
36
-36
-30
34
11
4
5
-35
18
37
-61
-12
-18
-23
-29
-37
63
-61
-82
28
-91
-28
6
-4
-79
-38
90
-105
-25
12
-48
18
-94
129
-16
-27
36
-48
92
-88
27
47
-34
4
-33
36
13
-9
-61
-22
27
-6
-40
11
-24
-15
20
-90
31
43
-42
-34
-17
55
18
-18
-24
39
61
-37
6
31
40
-25
-1
12
-7
17
-5
23
2
-7
16
3
5
-31
-37
42
23
-67
59
32
4
6
-13
68
27
28
1
62
88
-21
53
63
12
48
22
66
41
18
28
3
42
41
-3
78
47
51
68
11
81
39
-26
11
33
-16
-19
-3
-27
-33
-32
-77
-53
-20
-94
-83
-34
-60
-60
-57
-26
-50
-34
-13
-4
-32
-12
-17
-38
-14
-48
-74
-50
-53
-94
-87
-75
-53
-71
-91
-75
-57
-77
-73
-41
-17
-4
-21
-6
44
3
-18
48
-5
41
56
-5
18
15
-4
-41
9
28
-14
8
22
38
25
-2
26
51
34
54
40
74
74
17
15
26
49
-15
-9
27
0
-51
-81
-27
-32
-86
-58
-30
-21
-34
-73
-18
10
-35
-3
51
88
104
78
125
154
141
114
149
205
171
141
139
176
161
122
121
172
155
120
118
174
175
85
100
133
140
121
104
165
176
130
132
185
169
103
80
93
115
78
31
40
19
-87
-92
-112
-151
-185
-214
-234
-223
-234
-283
-294
-266
-302
-352
-294
-300
-308
-320
-326
-295
-352
-379
-386
-487
-557
-679
-852
-923
-961
-1007
-1018
-987
-988
-947
-891
-792
-698
-561
-366
-196
-13
253
455
613
803
921
1064
1207
1332
1435
1477
1497
1488
1434
1311
1123
880
629
403
176
-90
-271
-470
-710
-901
-1048
-1161
-1221
-1227
-1119
-910
-622
-293
42
386
727
1091
1434
1832
2213
2487
2756
2932
2973
2939
2763
2506
2215
1861
1481
1117
714
239
-225
-682
-1112
-1456
-1732
-1948
-2048
-2088
-2085
-1994
-1846
-1659
-1442
-1222
-932
-620
-386
-168
32
245
470
564
534
464
345
44
-393
-788
-1147
-1534
-1938
-2294
-2601
-3063
-3793
-4652
-5330
-5648
-5742
-5743
-5475
-4889
-4209
-3643
-3127
-2381
-1592
-831
158
1391
2788
4135
5164
5914
6416
6662
6757
6727
6625
6478
6277
5954
5420
4679
3749
2624
1406
243
-735
-1427
-1925
-2355
-2742
-3095
-3405
-3595
-3630
-3470
-3051
-2381
-1520
-545
382
1200
1930
2444
2836
3335
3879
4285
4485
4580
4532
4146
3451
2692
1958
1118
196
-609
-1252
-1926
-2746
-3497
-4055
-4480
-4859
-5003
-4729
-4274
-3868
-3378
-2668
-1948
-1346
-776
-76
652
1261
1770
2251
2599
2669
2516
2320
2061
1688
1270
828
379
-132
-709
-1248
-1687
-2057
-2383
-2585
-2612
-2446
-2226
-2026
-1724
-1347
-945
-569
-131
353
890
1305
1537
1751
1906
1827
1429
997
700
352
-198
-642
-905
-1273
-1854
-2535
-3245
-4262
-5585
-6512
-6590
-6319
-6237
-6032
-5231
-4199
-3666
-3364
-2512
-1171
75
1258
2930
5039
6778
7686
8020
8144
8172
7990
7632
7369
7274
7060
6439
5336
4026
2669
1111
-628
-2130
-2946
-3218
-3387
-3697
-4026
-4291
-4534
-4687
-4502
-3846
-2838
-1572
-220
1074
2240
3146
3718
3933
4052
4419
5012
5418
5424
5136
4599
3736
2556
1242
-158
-1505
-2532
-3134
-3554
-4154
-4892
-5553
-6153
-6599
-6521
-5830
-4878
-3917
-2885
-1642
-478
360
1086
1822
2495
3092
3775
4464
4793
4618
4064
3371
2604
1804
1120
529
-155
-936
-1602
-2078
-2467
-2834
-3082
-3125
-2920
-2393
-1623
-895
-417
-82
291
740
1220
1727
2226
2643
2848
2687
2236
1677
984
47
-1022
-1920
-2412
-2672
-3098
-3681
-4185
-4884
-6328
-8233
-9378
-9122
-8292
-7759
-7090
-5590
-3769
-2634
-2131
-1267
261
1838
3194
4853
7093
9119
9973
9702
9067
8486
7803
6853
5851
5166
4715
3963
2671
1129
-374
-1899
-3528
-4868
-5350
-4989
-4324
-3801
-3447
-3054
-2499
-1815
-1034
-52
1281
2879
4394
5521
6262
6778
6950
6570
5934
5607
5668
5584
4899
3823
2712
1471
-80
-1724
-3018
-3864
-4511
-5072
-5493
-5821
-6171
-6544
-6714
-6427
-5654
-4524
-3280
-2088
-954
100
1056
1930
2745
3489
4031
4289
4366
4322
4026
3267
2072
782
-356
-1338
-2118
-2729
-3282
-3824
-4261
-4366
-4090
-3570
-2931
-2205
-1316
-233
934
2022
2841
3315
3497
3507
3567
3750
3840
3616
3140
2636
2086
1233
91
-1064
-2122
-3181
-4225
-5006
-5368
-5557
-5961
-6506
-6624
-6129
-5958
-7115
-8818
-9141
-7667
-6024
-5237
-4235
-2075
85
878
1021
2066
3901
5150
5606
6499
8332
9939
9975
8573
6985
5897
4930
3687
2550
2067
1892
1100
-421
-1808
-2547
-3168
-4186
-4950
-4456
-2871
-1309
-420
110
745
1448
2073
2813
3891
5249
6513
7269
7464
7342
7050
6349
5038
3613
2828
2609
2157
1040
-342
-1571
-2888
-4467
-5731
-6093
-5844
-5684
-5617
-5092
-4245
-3883
-4181
-4319
-3609
-2325
-1066
110
1330
2264
2548
2374
2272
2437
2553
2400
2208
2175
2020
1239
-249
-1911
-3256
-4226
-4805
-4855
-4481
-4108
-4015
-3911
-3378
-2485
-1509
-499
715
2204
3675
4756
5348
5522
5350
4892
4330
3926
3646
3170
2359
1318
227
-719
-1413
-2011
-2814
-3743
-4238
-4183
-4162
-4562
-5042
-5204
-5230
-5458
-5519
-4745
-3394
-2810
-4043
-6166
-7062
-6121
-4885
-4586
-4277
-2576
-280
783
632
850
2002
2947
3103
3685
5621
7827
8471
7228
5635
4916
4629
3895
2891
2520
2912
2999
2111
914
180
-347
-1435
-2707
-2728
-1113
716
1364
1088
1038
1511
1847
1898
2344
3492
4705
5211
5100
5026
5053
4512
3127
1694
1252
1713
1928
1220
46
-957
-1853
-2955
-3939
-4155
-3717
-3447
-3587
-3460
-2652
-1989
-2427
-3475
-3856
-3151
-2057
-1136
-250
611
912
504
85
305
868
1041
812
822
1222
1360
741
-339
-1415
-2466
-3477
-4037
-3850
-3314
-3088
-3200
-3110
-2454
-1413
-383
514
1404
2371
3350
4178
4730
4904
4631
4046
3440
3000
2653
2114
1257
250
-621
-1096
-1223
-1426
-2011
-2773
-3168
-3093
-3085
-3478
-3925
-4033
-3989
-4177
-4364
-3781
-2423
-1682
-2951
-5611
-7345
-6928
-5668
-5247
-5140
-3793
-1527
-215
-357
-391
717
1954
2309
2750
4630
7277
8592
7730
6105
5320
5255
4841
3881
3304
3566
3706
2771
1308
453
73
-935
-2533
-3123
-1844
37
816
471
178
484
907
1072
1430
2433
3655
4358
4508
4648
4938
4739
3622
2240
1688
2120
2531
2091
1082
185
-591
-1612
-2720
-3324
-3292
-3174
-3254
-3080
-2343
-1692
-2022
-3056
-3597
-3072
-2064
-1228
-479
306
704
457
82
233
713
806
486
394
690
714
-62
-1372
-2587
-3455
-3966
-3998
-3439
-2662
-2290
-2387
-2397
-1798
-737
305
1150
1995
2928
3740
4193
4246
4026
3516
2721
1998
1675
1567
1217
485
-322
-921
-1313
-1598
-1950
-2423
-2792
-2914
-2906
-2890
-2997
-3209
-3459
-3830
-4179
-4060
-3139
-2023
-2330
-4668
-7274
-8007
-6949
-5990
-5855
-5087
-2965
-961
-357
-396
382
1811
2604
2906
4177
6745
9047
9327
7780
6194
5509
5142
4359
3509
3501
4001
3630
2106
593
-114
-767
-2282
-3713
-3380
-1418
346
689
282
291
711
1037
1413
2346
3797
4984
5354
5316
5468
5659
5155
3785
2538
2360
2903
3038
2248
1020
-118
-1309
-2647
-3602
-3733
-3438
-3440
-3654
-3328
-2475
-2130
-2879
-3926
-4074
-3216
-2158
-1233
-201
716
864
285
-140
54
335
159
-148
-9
329
50
-1071
-2463
-3570
-4328
-4785
-4678
-3906
-3001
-2537
-2488
-2298
-1558
-431
700
1650
2575
3515
4198
4426
4323
4007
3354
2430
1732
1422
1125
534
-281
-893
-1196
-1376
-1576
-2010
-2602
-2982
-3051
-2928
-2772
-2714
-2661
-2774
-3066
-3109
-2605
-1523
-910
-2288
-5218
-7394
-7331
-6034
-5554
-5647
-4525
-2331
-807
-637
-611
541
1983
2555
3093
4868
7593
9375
8810
6950
5667
5313
5027
4117
3307
3558
3956
3114
1266
-201
-687
-1431
-3157
-4234
-3201
-961
388
146
-252
215
870
1206
1673
2922
4700
5859
6040
5933
5981
5870
4991
3472
2423
2293
2334
1763
573
-586
-1500
-2634
-3943
-4770
-4800
-4356
-4116
-3898
-3149
-2283
-2087
-2454
-2449
-1767
-1277
-1396
-1171
-123
885
1032
760
946
1289
909
16
-542
-547
-498
-872
-1417
-1893
-2506
-3233
-3796
-3834
-3204
-2380
-1797
-1260
-504
473
1280
1650
2020
2653
3227
3463
3409
3305
3027
2189
1064
351
149
-46
-596
-1145
-1175
-1036
-1467
-2289
-2748
-2735
-2757
-3067
-3234
-2978
-2791
-3045
-3404
-3203
-2240
-1645
-2976
-5919
-8198
-8145
-6729
-6086
-6027
-4757
-2427
-958
-1084
-1168
277
2189
3172
3826
5517
8120
9760
9081
7039
5510
5121
5058
4444
3758
3802
3906
2857
860
-595
-896
-1287
-2496
-3188
-2125
-69
1196
1114
934
1415
2010
2365
2894
4070
5498
6206
6126
5896
5703
5309
4321
2790
1497
977
950
654
-356
-1554
-2443
-3345
-4438
-5144
-4858
-3867
-3187
-2997
-2517
-1804
-1733
-2431
-2904
-2297
-1134
-227
581
1474
1929
1542
623
-47
-177
-184
-363
-670
-927
-1190
-1882
-3070
-4204
-4834
-4936
-4721
-4168
-3149
-1997
-1179
-750
-328
472
1491
2334
3038
3854
4642
4880
4433
3791
3181
2324
1179
213
-227
-413
-742
-1131
-1394
-1777
-2637
-3781
-4550
-4617
-4226
-3763
-3391
-3075
-2780
-2630
-2631
-2348
-1394
-552
-1488
-4329
-6779
-6933
-5786
-5472
-5823
-4887
-2548
-902
-924
-1111
14
1697
2537
3030
4683
7509
9588
9296
7315
5666
5223
5113
4386
3545
3616
4102
3477
1544
-148
-619
-977
-2375
-3656
-2929
-602
1010
881
413
883
1670
1821
1853
2794
4407
5497
5587
5402
5605
5764
4940
3097
1422
1004
1441
1452
607
-432
-1232
-2257
-3778
-4946
-4885
-3966
-3256
-3051
-2638
-1832
-1607
-2608
-3859
-3938
-2825
-1565
-562
556
1505
1483
512
-443
-630
-277
29
216
464
610
254
-852
-2350
-3538
-4049
-3889
-3234
-2345
-1403
-675
-456
-534
-374
270
1156
1878
2514
3285
3838
3716
2980
2051
1287
596
-58
-335
-249
-258
-659
-1343
-1985
-2628
-3491
-4314
-4722
-4623
-4042
-3386
-3090
-3151
-3267
-2882
-2096
-2197
-4015
-6486
-7541
-6623
-5367
-4883
-4230
-2595
-871
-324
-618
-80
1682
3293
3905
4434
6133
8508
9582
8529
6549
5144
4512
3850
3051
2995
3669
3648
2022
-120
-1001
-830
-1363
-2873
-3567
-2248
-88
1070
1294
1763
2444
2492
2040
2308
3864
5576
6138
5734
5399
5456
5202
4007
2365
1136
516
176
-153
-467
-794
-1530
-2933
-4414
-5054
-4585
-3609
-2877
-2464
-1980
-1554
-1676
-2456
-3127
-2926
-2067
-1092
16
1415
2355
2008
676
-508
-957
-969
-847
-568
-171
-1
-405
-1291
-2293
-3153
-3695
-3745
-3121
-1937
-674
179
437
327
363
741
1271
1835
2520
3264
3552
3033
2156
1415
653
-307
-1169
-1433
-1039
-475
-326
-937
-2163
-3447
-4467
-5218
-5393
-4739
-3700
-3018
-2838
-2562
-1943
-1632
-2476
-4615
-7018
-8089
-7320
-5808
-4720
-3859
-2480
-1020
-613
-1037
-724
954
2860
3929
4842
6730
9019
9998
9051
7260
5834
4886
3936
3083
3001
3720
4113
3104
1211
-91
-541
-1330
-2882
-3795
-2811
-810
412
591
938
1887
2399
1845
1364
2289
4176
5527
5866
5958
6160
5859
4609
3030
2065
1740
1322
489
-218
-385
-582
-1582
-3229
-4577
-4989
-4722
-4365
-4047
-3563
-3081
-3098
-3537
-3527
-2633
-1542
-934
-494
410
1597
2283
2222
1870
1625
1387
905
406
303
338
-187
-1383
-2556
-3146
-3351
-3520
-3563
-3326
-2865
-2275
-1606
-867
-169
330
618
916
1519
2393
3042
3034
2514
1902
1454
1134
883
760
632
180
-694
-1773
-2753
-3628
-4597
-5396
-5473
-4862
-4167
-3932
-3961
-3599
-2939
-2966
-4430
-6781
-8322
-8021
-6748
-5686
-4691
-2963
-750
518
390
233
1176
2755
3910
4630
5964
8133
9805
9768
8349
6822
5772
4661
3269
2454
2864
3698
3484
2004
626
154
-277
-1625
-3181
-3352
-1992
-554
99
672
1864
2864
2533
1488
1462
2904
4521
5220
5409
5900
6373
5901
4371
2745
1782
1138
253
-571
-657
-237
-438
-1890
-3778
-4884
-4991
-4763
-4642
-4332
-3588
-3021
-3252
-3812
-3758
-3007
-2346
-2023
-1252
332
1949
2760
2856
2833
2724
2162
1318
897
1106
1208
538
-644
-1638
-2187
-2559
-3038
-3476
-3550
-3170
-2572
-2007
-1337
-376
454
722
754
1135
1913
2473
2523
2372
2221
1998
1609
1123
792
586
126
-699
-1619
-2407
-3286
-4441
-5323
-5354
-4877
-4639
-4862
-4886
-4162
-3414
-3965
-6099
-8326
-8950
-8088
-7097
-6275
-4648
-2033
132
594
284
918
2589
3993
4478
5162
7109
9427
10397
9608
8187
7118
5942
4059
2308
1993
3007
3606
2656
1226
700
598
-572
-2784
-4143
-3483
-1966
-1101
-604
747
2688
3430
2404
1288
1700
3165
4201
4562
5208
6404
7046
6219
4550
3321
2713
1851
502
-363
-87
462
-25
-1583
-3089
-3930
-4611
-5532
-6125
-5826
-5173
-5034
-5248
-4927
-3862
-2809
-2313
-1931
-920
676
2124
2995
3603
4181
4373
3746
2725
2142
1956
1450
258
-1084
-1927
-2321
-2746
-3314
-3706
-3744
-3639
-3567
-3303
-2550
-1518
-774
-427
-27
690
1403
1725
1756
1798
1942
2089
2168
2266
2264
1746
545
-842
-1853
-2606
-3495
-4369
-4712
-4551
-4390
-4466
-4466
-4061
-3768
-4652
-6837
-8968
-9543
-8623
-7440
-6443
-4877
-2520
-486
204
148
779
2322
3727
4555
5624
7668
9919
10880
10175
8820
7819
6935
5435
3717
3010
3452
3683
2744
1403
807
581
-544
-2612
-4121
-4076
-3158
-2428
-1806
-504
1278
2259
1832
1059
1220
2100
2736
3088
3934
5462
6649
6520
5428
4413
3801
3019
1796
801
711
1068
845
-227
-1529
-2530
-3471
-4661
-5740
-6176
-6113
-6215
-6579
-6555
-5739
-4631
-3923
-3484
-2670
-1289
230
1486
2591
3730
4612
4803
4442
4087
3915
3503
2515
1262
255
-399
-941
-1551
-2163
-2671
-3142
-3567
-3626
-3106
-2348
-1901
-1827
-1673
-1153
-464
97
470
805
1262
1768
2123
2338
2521
2423
1712
502
-711
-1602
-2313
-2908
-3167
-3077
-2990
-3161
-3391
-3490
-4024
-5769
-8331
-10191
-10388
-9556
-8639
-7364
-5163
-2701
-1296
-1170
-1110
-74
1544
2838
3891
5643
8338
10706
11409
10655
9599
8726
7429
5464
3940
3902
4644
4553
3289
2110
1643
789
-1345
-3812
-4929
-4497
-3864
-3656
-2976
-1255
461
772
-71
-456
323
1440
2101
2721
4129
6013
7114
6943
6271
5846
5375
4169
2558
1701
1951
2331
1849
745
-144
-807
-1903
-3534
-5082
-6086
-6779
-7502
-7965
-7609
-6529
-5503
-4995
-4598
-3749
-2554
-1384
-202
1267
2942
4294
4998
5299
5473
5363
4623
3406
2311
1616
1088
517
-100
-689
-1329
-2163
-3006
-3462
-3371
-3022
-2798
-2644
-2292
-1778
-1355
-1141
-963
-626
-191
182
569
1127
1723
1918
1505
812
156
-512
-1275
-1912
-2163
-2207
-2422
-2785
-2946
-3040
-3885
-5943
-8409
-9943
-10195
-9890
-9386
-8130
-5899
-3660
-2510
-2213
-1564
-101
1439
2460
3539
5629
8409
10464
11018
10658
10263
9684
8258
6340
5198
5310
5667
5084
3854
3098
2774
1685
-610
-2921
-4001
-4178
-4457
-4663
-3805
-1902
-365
-269
-820
-659
256
938
1152
1842
3535
5390
6279
6281
6241
6359
5892
4445
2895
2342
2608
2702
2200
1580
1207
575
-811
-2617
-4218
-5502
-6752
-7917
-8336
-7684
-6521
-5612
-5107
-4554
-3732
-2946
-2267
-1300
209
1943
3285
4125
4777
5238
5166
4351
3146
2176
1576
1118
703
366
101
-409
-1270
-2189
-2855
-3117
-3220
-3351
-3304
-2850
-2208
-1784
-1676
-1540
-1090
-506
-29
369
710
947
930
570
-33
-739
-1308
-1512
-1438
-1281
-1232
-1330
-1413
-1781
-3152
-5633
-8259
-9751
-9938
-9703
-9299
-8130
-6136
-4261
-3482
-3351
-2642
-1154
396
1593
3040
5438
8221
10097
10674
10636
10615
10257
8951
7270
6401
6531
6644
5872
4685
3940
3293
1746
-733
-2897
-3820
-4080
-4583
-4926
-4175
-2557
-1478
-1600
-1895
-1284
-134
618
1056
2126
4017
5686
6314
6277
6372
6560
6089
4797
3597
3279
3481
3269
2405
1487
841
-107
-1844
-3809
-5158
-5902
-6648
-7361
-7300
-6289
-5168
-4668
-4547
-4118
-3296
-2547
-1893
-816
806
2312
3123
3463
3874
4229
3940
3004
2074
1635
1458
1083
567
242
47
-483
-1531
-2543
-2917
-2852
-2899
-3190
-3195
-2575
-1824
-1446
-1317
-999
-415
-7
33
174
650
1065
905
295
-188
-545
-1139
-1820
-2158
-2082
-1958
-1987
-2041
-2520
-4108
-6696
-9072
-10223
-10330
-9999
-9192
-7520
-5347
-3700
-3090
-2722
-1720
-304
872
1926
3718
6509
9262
10784
11015
10812
10594
9829
8215
6629
6125
6430
6290
5300
4299
3750
2753
415
-2527
-4445
-4891
-4903
-5113
-4775
-3295
-1660
-1261
-1853
-1929
-943
239
1010
2006
3917
6117
7397
7538
7332
7252
6824
5593
4162
3519
3697
3697
2848
1631
662
-441
-2348
-4712
-6391
-6992
-7280
-7724
-7697
-6640
-5128
-4209
-3924
-3422
-2382
-1391
-777
-44
1418
3091
4069
4305
4282
4310
3985
3009
1843
1141
886
581
32
-446
-683
-1063
-1963
-3140
-3941
-4090
-3954
-3881
-3699
-3128
-2315
-1703
-1361
-828
-6
683
888
776
811
1013
920
421
-112
-375
-515
-889
-1403
-1714
-1868
-2188
-3096
-4849
-7080
-9043
-10105
-10303
-10139
-9484
-7941
-5933
-4418
-3720
-3067
-1763
-220
1049
2454
4625
7397
9744
10909
11193
11144
10803
9875
8418
7182
6706
6574
5972
4768
3614
2779
1579
-620
-3188
-4950
-5521
-5682
-5920
-5487
-4026
-2484
-2033
-2308
-1941
-591
769
1597
2637
4609
6827
8049
8189
8092
8122
7652
6329
4898
4179
3992
3484
2345
1167
282
-764
-2414
-4262
-5591
-6577
-7879
-9222
-9563
-8634
-7245
-6122
-4993
-3443
-1825
-627
223
1304
2877
4393
5339
5936
6508
6892
6439
5035
3482
2290
1279
179
-877
-1433
-1655
-2231
-3214
-4033
-4263
-4244
-4565
-4930
-4709
-3931
-3016
-2271
-1436
-247
839
1315
1240
1167
1445
1575
1215
677
372
286
-41
-722
-1376
-1824
-2238
-2872
-4096
-6053
-8457
-10502
-11407
-11370
-10950
-9948
-8042
-5755
-4169
-3485
-2626
-991
827
2330
3909
6285
9243
11429
12152
11966
11511
10787
9450
7779
6677
6332
5999
4981
3404
2057
1019
-558
-2891
-5052
-6056
-6055
-6026
-6038
-5199
-3465
-2082
-1852
-1821
-733
1037
2379
3365
4947
7171
8784
9046
8720
8667
8548
7537
5935
4845
4486
3906
2459
662
-768
-2000
-3657
-5611
-7082
-7769
-8298
-9057
-9525
-8987
-7604
-6312
-5255
-3821
-1780
263
1627
2571
3851
5293
6055
5977
5788
5978
5869
4803
3264
2027
1140
2
-1561
-2805
-3330
-3639
-4261
-4915
-4866
-4169
-3610
-3432
-3198
-2490
-1560
-971
-425
538
1732
2670
3120
3317
3311
2706
1659
699
60
-347
-880
-1470
-1822
-2144
-2728
-3529
-4333
-5242
-6969
-9551
-11667
-12176
-11434
-10568
-9701
-7999
-5554
-3660
-2789
-1860
62
2383
4047
5323
7315
10052
12195
12710
12045
11213
10376
8995
7120
5640
5022
4526
3186
1199
-398
-1358
-2632
-4666
-6440
-6854
-6221
-5638
-5199
-4013
-2093
-690
-432
-280
1050
3180
4780
5701
6852
8435
9505
9363
8612
8087
7590
6483
4925
3781
3282
2545
932
-1142
-2940
-4287
-5539
-6662
-7215
-7317
-7642
-8426
-8930
-8366
-7082
-5759
-4220
-2091
322
2325
3671
4804
5870
6448
6348
5947
5831
5975
5600
4351
2708
1141
-344
-1950
-3435
-4263
-4547
-4826
-5195
-5265
-4795
-4178
-3915
-3703
-3043
-1933
-824
83
1136
2398
3412
3827
3817
3546
2951
1988
873
-101
-874
-1479
-1932
-2394
-2962
-3542
-4098
-4542
-4956
-5974
-8068
-10502
-11859
-11674
-10898
-10167
-8795
-6421
-4082
-2795
-2063
-507
1907
3851
5050
6660
9305
11874
12871
12398
11569
10644
9148
7096
5418
4759
4388
3248
1333
-484
-1711
-2932
-4735
-6501
-7218
-6721
-5807
-5042
-3933
-2120
-383
405
651
1692
3836
5849
6969
7851
9138
10121
9776
8501
7501
6809
5598
3814
2448
1923
1395
19
-1883
-3478
-4700
-5937
-7117
-7719
-7795
-7988
-8481
-8678
-7911
-6336
-4647
-3016
-1115
1139
3295
4850
5890
6705
7211
7211
6767
6305
5938
5154
3624
1655
-121
-1503
-2849
-4113
-4858
-5064
-5110
-5315
-5391
-4949
-4314
-3885
-3518
-2708
-1220
347
1439
2267
3085
3771
4059
3932
3624
3074
2116
938
-166
-1029
-1635
-2121
-2709
-3557
-4499
-5156
-5431
-5865
-7249
-9501
-11459
-12087
-11536
-10677
-9622
-7814
-5481
-3598
-2527
-1431
568
3016
4888
6371
8371
10845
12653
12909
12160
11162
9871
8148
6323
5049
4345
3353
1556
-685
-2554
-3756
-4879
-6260
-7250
-7140
-6103
-4956
-4001
-2734
-1045
377
1143
1924
3707
6212
8132
9075
9744
10507
10678
9691
8128
6876
5831
4394
2660
1353
624
-454
-2458
-4800
-6582
-7562
-8074
-8231
-7797
-6915
-6159
-5857
-5771
-5412
-4651
-3652
-2248
-178
2342
4664
6222
6982
7081
6612
5825
5131
4782
4593
4070
2928
1319
-544
-2449
-4190
-5436
-5974
-5846
-5297
-4604
-3883
-3270
-2872
-2649
-2340
-1693
-563
863
2252
3359
4136
4613
4744
4436
3675
2589
1356
107
-1070
-2016
-2634
-3123
-3756
-4563
-5311
-5737
-5941
-6645
-8443
-10774
-12143
-11853
-10769
-9755
-8371
-6124
-3771
-2343
-1526
-70
2211
4232
5611
7248
9655
11910
12768
12229
11056
9532
7676
5819
4451
3747
3195
2060
221
-1780
-3370
-4633
-6024
-7296
-7605
-6547
-4666
-2956
-1676
-368
898
1609
1982
3078
5391
7900
9446
10175
10656
10699
9715
7845
6040
4744
3570
2335
1359
739
-89
-1731
-3965
-6033
-7422
-8031
-7954
-7298
-6284
-5384
-4944
-4813
-4489
-3653
-2508
-1242
321
2293
4334
5815
6465
6501
6119
5310
4283
3444
2945
2459
1542
216
-1288
-2806
-4170
-5065
-5285
-4950
-4369
-3758
-3100
-2473
-1979
-1579
-1155
-511
393
1359
2268
3020
3448
3621
3599
3424
3136
2482
1495
380
-879
-2078
-3224
-4292
-4941
-5319
-5650
-5831
-5846
-5598
-5829
-7599
-10102
-11540
-11097
-9611
-8371
-6923
-4430
-1961
-717
-370
496
2387
4035
5016
6564
9055
11403
12274
11449
9934
8218
6270
4508
3300
2710
2353
1438
-112
-1834
-3259
-4212
-5229
-6291
-6440
-5164
-2979
-1142
-105
932
2059
2676
2872
3633
5679
7998
9112
9269
9365
9290
8354
6438
4578
3375
2327
1239
395
-173
-963
-2502
-4452
-5967
-6715
-6757
-6313
-5610
-4800
-4076
-3624
-3471
-3551
-3612
-3270
-2325
-751
1293
3238
4473
4793
4479
4047
3640
3232
3019
3004
2879
2316
1269
65
-1186
-2560
-3806
-4400
-4084
-3198
-2402
-1925
-1630
-1533
-1576
-1393
-733
326
1370
2090
2647
3123
3305
3120
2735
2254
1590
669
-260
-1005
-1871
-2909
-3669
-4060
-4525
-5359
-5955
-5512
-4849
-5731
-8328
-10761
-11300
-10365
-9469
-8589
-6676
-4039
-2132
-1470
-835
824
2757
3993
5108
7112
9748
11648
11899
10897
9329
7530
5781
4306
3314
2792
2277
1217
-550
-2439
-3682
-4519
-5597
-6526
-6149
-4253
-2228
-1190
-504
616
1655
1949
2182
3705
6280
8259
9042
9418
9813
9576
8079
6075
4644
3744
2883
1936
1132
381
-947
-2951
-4910
-6205
-6665
-6589
-6326
-5852
-5261
-4809
-4553
-4372
-3912
-2973
-1709
-220
1510
3334
4766
5332
5102
4592
4162
3792
3370
2900
2338
1583
567
-679
-1977
-3141
-3983
-4412
-4414
-4009
-3337
-2668
-2227
-2035
-1862
-1523
-944
-93
860
1793
2533
2925
3107
3298
3428
3311
2773
1861
869
-294
-1645
-2812
-3644
-4226
-4777
-5225
-5302
-5160
-5017
-5116
-6139
-8423
-10735
-11375
-10160
-8538
-7356
-5686
-3189
-1243
-702
-461
834
2723
4031
5280
7609
10411
11921
11489
10066
8514
6797
5128
4080
3636
3249
2469
1246
-408
-2329
-3927
-4886
-5578
-6032
-5473
-3547
-1387
-398
-270
188
1095
1817
2519
4105
6466
8201
8726
8865
9005
8482
6885
5019
3916
3407
2726
1845
999
-22
-1622
-3774
-5620
-6452
-6428
-5990
-5532
-5175
-4877
-4721
-4680
-4525
-4102
-3119
-1632
97
1889
3503
4658
5054
4732
4240
4036
3960
3842
3575
3113
2351
1075
-509
-1963
-3063
-3676
-3873
-3745
-3298
-2680
-2134
-1784
-1695
-1663
-1385
-840
7
931
1555
1990
2343
2577
2683
2594
2548
2434
1701
422
-909
-2030
-2847
-3613
-4288
-4515
-4631
-4639
-4275
-3870
-4154
-5932
-8788
-10919
-11313
-10386
-8964
-7517
-5760
-3933
-2740
-2093
-1422
-298
1296
3051
5127
7695
10199
11809
11824
10343
8462
7021
6132
5486
4816
4326
3735
2263
-15
-2135
-3501
-4573
-5804
-6374
-5293
-3253
-1700
-1280
-1231
-701
-53
553
1780
3928
6322
7907
8448
8638
8711
8238
7000
5389
4296
4011
3787
3044
1896
571
-1059
-3147
-5134
-6073
-5933
-5537
-5469
-5541
-5316
-5019
-5064
-5181
-4706
-3515
-2034
-416
1435
3203
4195
4272
4010
3944
4071
4143
4114
3964
3501
2616
1385
-10
-1348
-2493
-3258
-3514
-3390
-3015
-2578
-2364
-2436
-2681
-2705
-2192
-1388
-551
264
959
1554
2011
2333
2709
3084
3187
2904
2239
1418
575
-467
-1567
-2545
-3334
-3843
-4096
-4113
-4019
-4040
-4330
-5478
-7925
-10601
-11711
-10860
-9394
-8348
-6905
-4510
-2540
-2040
-1981
-822
1239
2932
4455
6939
9964
11843
11733
10430
8992
7522
6030
4924
4342
3948
3179
1842
165
-1616
-3172
-4335
-5243
-5617
-4910
-3153
-1281
-352
-178
230
1066
1876
2689
4141
6265
7859
8094
7704
7480
6967
5462
3465
2178
1779
1372
548
-332
-1178
-2405
-4058
-5435
-5840
-5417
-4777
-4257
-3712
-2991
-2379
-2098
-1914
-1425
-534
541
1651
2827
3780
4136
3876
3268
2655
2087
1536
1125
759
254
-391
-1170
-1988
-2712
-3202
-3276
-2970
-2408
-1598
-715
-65
190
207
295
535
798
1006
1272
1612
1795
1718
1550
1486
1444
1132
549
-75
-803
-1771
-2845
-3713
-4285
-4810
-5333
-5479
-5103
-4498
-3866
-3286
-3283
-4666
-7146
-8963
-8846
-7590
-6568
-5594
-3901
-2142
-1583
-1906
-1605
-344
850
1807
3525
6103
8260
8928
8278
6982
5395
3929
3122
3010
3120
3060
2722
2053
1056
20
-736
-1205
-1387
-895
588
2475
3641
3762
3537
3521
3534
3443
3822
4992
6177
6459
5935
5310
4601
3222
1367
54
-277
-188
-324
-613
-797
-1185
-2100
-3226
-3904
-3795
-3193
-2571
-2024
-1526
-1247
-1426
-2009
-2490
-2448
-1979
-1303
-481
371
907
835
386
15
-223
-435
-492
-289
-13
29
-170
-454
-870
-1367
-1606
-1371
-721
120
864
1309
1340
1072
772
643
710
862
1003
1130
1233
1173
930
635
437
349
259
145
-44
-485
-1182
-1995
-2758
-3305
-3651
-3820
-3720
-3239
-2403
-1547
-1037
-1265
-2774
-5478
-8014
-8843
-8042
-7079
-6531
-5592
-4165
-3471
-3941
-4159
-3075
-1557
-468
958
3560
6384
7757
7464
6477
5418
4405
3702
3687
4189
4526
4293
3549
2501
1366
330
-425
-780
-582
346
1713
2756
2986
2680
2437
2397
2426
2794
3862
5281
6129
6032
5529
5046
4253
2930
1678
1243
1392
1350
1020
682
137
-1031
-2540
-3569
-3848
-3808
-3697
-3367
-2869
-2631
-2944
-3572
-4057
-4102
-3655
-2804
-1665
-453
490
939
951
760
587
528
651
953
1264
1417
1329
905
204
-547
-1052
-1118
-797
-241
330
601
457
63
-359
-616
-609
-286
286
834
1168
1344
1409
1333
1115
893
859
1000
1164
1184
851
87
-923
-1938
-2816
-3487
-3806
-3633
-3190
-2836
-2537
-2091
-1815
-2569
-4629
-6879
-7894
-7572
-6973
-6676
-6109
-4868
-3741
-3559
-3798
-3345
-2124
-1005
-143
1307
3547
5496
6166
5809
5254
4741
4127
3575
3398
3614
3890
3835
3306
2518
1874
1466
956
394
456
1399
2479
2896
2863
3023
3291
3155
2783
2929
3708
4401
4546
4444
4471
4377
3711
2661
1857
1510
1296
942
555
302
6
-602
-1480
-2328
-2948
-3362
-3621
-3684
-3547
-3419
-3553
-3890
-4105
-3918
-3372
-2678
-1895
-1033
-235
308
574
763
1012
1194
1259
1301
1445
1574
1436
1017
492
53
-253
-418
-446
-332
-215
-308
-614
-947
-1099
-996
-739
-467
-193
190
661
1007
1057
908
798
795
817
889
1081
1237
1046
449
-321
-1105
-1933
-2743
-3279
-3411
-3351
-3245
-2980
-2548
-2257
-2450
-3168
-4189
-5168
-5722
-5688
-5317
-4897
-4343
-3537
-2849
-2759
-3036
-2963
-2342
-1597
-905
68
1447
2747
3490
3679
3546
3181
2675
2300
2342
2870
3667
4319
4486
4206
3806
3420
2942
2458
2401
2934
3656
4135
4405
4631
4556
3924
3058
2585
2679
2981
3177
3241
3191
2936
2420
1757
1149
721
451
231
32
-46
-21
-182
-770
-1603
-2250
-2564
-2731
-2847
-2796
-2627
-2600
-2765
-2849
-2639
-2327
-2164
-2068
-1828
-1446
-1105
-889
-691
-484
-423
-577
-774
-766
-530
-283
-201
-288
-419
-496
-527
-539
-552
-526
-441
-329
-153
119
447
664
660
595
693
958
1238
1408
1483
1485
1354
1161
1040
1011
943
676
224
-213
-551
-846
-1127
-1415
-1657
-1830
-1920
-1939
-1936
-1962
-2034
-2128
-2190
-2200
-2184
-2201
-2313
-2553
-2850
-3089
-3231
-3337
-3495
-3667
-3708
-3515
-3109
-2662
-2343
-2171
-2047
-1846
-1508
-1058
-605
-258
12
368
908
1536
2081
2483
2821
3201
3694
4294
4924
5427
5656
5613
5449
5342
5370
5439
5385
5144
4795
4497
4302
4103
3804
3409
3000
2636
2317
2062
1857
1574
1110
550
116
-66
-109
-156
-247
-376
-563
-776
-927
-1003
-1106
-1335
-1631
-1862
-1982
-2060
-2174
-2364
-2635
-2943
-3183
-3247
-3126
-2949
-2817
-2732
-2654
-2547
-2440
-2359
-2286
-2203
-2058
-1801
-1434
-985
-532
-160
103
300
500
739
989
1209
1365
1454
1514
1557
1553
1473
1325
1158
1003
873
766
645
469
278
160
143
133
31
-175
-458
-790
-1119
-1351
-1444
-1466
-1488
-1484
-1353
-1113
-921
-923
-1168
-1628
-2239
-2864
-3318
-3504
-3540
-3633
-3833
-3992
-3983
-3878
-3812
-3778
-3657
-3408
-3045
-2499
-1755
-995
-444
-100
243
704
1255
1874
2564
3236
3791
4276
4793
5294
5613
5699
5617
5438
5253
5181
5225
5214
5009
4703
4425
4168
3897
3670
3522
3354
3054
2707
2453
2256
1980
1632
1337
1122
929
763
675
603
457
203
-118
-424
-674
-876
-1059
-1301
-1628
-2024
-2438
-2780
-3014
-3173
-3292
-3422
-3586
-3672
-3599
-3455
-3368
-3383
-3383
-3244
-2985
-2656
-2283
-1924
-1645
-1426
-1185
-810
-381
-21
205
344
495
656
834
945
950
853
730
662
655
673
664
597
492
421
428
515
616
628
537
421
317
206
64
-96
-278
-494
-716
-841
-815
-759
-815
-973
-1114
-1181
-1212
-1250
-1331
-1527
-1896
-2383
-2859
-3225
-3478
-3670
-3853
-3995
-3990
-3788
-3469
-3176
-2930
-2646
-2266
-1785
-1198
-509
188
747
1157
1548
2009
2502
2943
3319
3650
3929
4168
4395
4587
4672
4629
4533
4490
4508
4519
4442
4283
4095
3950
3825
3660
3476
3310
3179
3055
2925
2795
2643
2411
2076
1717
1445
1294
1203
1080
889
650
389
85
-298
-746
-1207
-1640
-2041
-2395
-2676
-2906
-3144
-3421
-3683
-3859
-3909
-3832
-3642
-3398
-3167
-2967
-2783
-2625
-2477
-2292
-2024
-1678
-1323
-983
-638
-311
-73
39
65
89
122
144
187
255
321
354
338
309
274
260
315
429
564
682
767
803
780
729
710
718
708
680
636
573
446
239
-47
-368
-694
-965
-1113
-1172
-1207
-1280
-1369
-1471
-1601
-1752
-1969
-2293
-2706
-3138
-3490
-3714
-3828
-3864
-3890
-3935
-3906
-3692
-3280
-2776
-2324
-1925
-1524
-1093
-619
-121
360
768
1101
1425
1787
2174
2538
2845
3078
3274
3488
3760
4053
4284
4410
4452
4458
4444
4440
4467
4508
4519
4502
4507
4514
4457
4305
4124
3980
3856
3686
3450
3189
2907
2579
2203
1828
1468
1098
726
369
31
-335
-780
-1321
-1930
-2510
-2981
-3318
-3574
-3784
-3933
-3997
-3974
-3916
-3837
-3735
-3598
-3432
-3215
-2924
-2622
-2373
-2211
-2100
-2004
-1911
-1813
-1686
-1518
-1362
-1237
-1119
-963
-792
-662
-534
-364
-145
107
376
626
803
887
918
971
1071
1204
1336
1416
1419
1388
1345
1279
1160
995
843
707
570
438
307
135
-130
-490
-863
-1167
-1380
-1525
-1643
-1748
-1822
-1839
-1815
-1787
-1823
-1974
-2231
-2534
-2786
-2911
-2907
-2858
-2863
-2936
-2957
-2825
-2584
-2350
-2163
-1979
-1742
-1429
-1019
-527
-49
334
666
1040
1481
1946
2385
2761
3069
3352
3705
4128
4508
4750
4883
4984
5075
5153
5238
5327
5311
5149
4916
4710
4539
4326
4022
3696
3425
3207
3004
2755
2422
2009
1566
1135
738
405
130
-111
-356
-617
-906
-1240
-1627
-2074
-2515
-2881
-3129
-3261
-3314
-3346
-3410
-3489
-3559
-3586
-3564
-3535
-3520
-3473
-3357
-3194
-3023
-2857
-2698
-2548
-2379
-2178
-1912
-1600
-1291
-1031
-837
-689
-523
-348
-207
-73
71
269
505
711
874
996
1059
1075
1062
1098
1193
1292
1336
1307
1236
1138
1040
941
822
698
571
445
313
173
31
-138
-349
-612
-888
-1116
-1289
-1411
-1487
-1514
-1496
-1453
-1390
-1327
-1291
-1329
-1482
-1729
-2019
-2296
-2518
-2677
-2780
-2849
-2873
-2830
-2701
-2490
-2240
-1978
-1712
-1416
-1025
-519
62
634
1139
1584
1994
2377
2732
3096
3492
3880
4208
4477
4725
4965
5130
5172
5097
4969
4846
4746
4656
4543
4377
4140
3846
3545
3283
3067
2879
2685
2486
2263
2010
1736
1432
1094
721
352
46
-179
-347
-515
-725
-1018
-1399
-1808
-2164
-2449
-2717
-2997
-3278
-3534
-3731
-3851
-3916
-3949
-3996
-4049
-4065
-3997
-3850
-3667
-3484
-3327
-3174
-2974
-2675
-2314
-1967
-1690
-1464
-1242
-1008
-763
-545
-364
-220
-85
81
291
495
634
709
774
862
972
1097
1200
1277
1318
1329
1338
1347
1321
1255
1183
1119
1094
1067
1006
893
734
577
448
365
301
192
2
-231
-453
-629
-777
-924
-1087
-1235
-1340
-1391
-1384
-1366
-1405
-1569
-1856
-2189
-2462
-2634
-2725
-2773
-2784
-2728
-2589
-2372
-2106
-1814
-1524
-1235
-904
-476
55
611
1094
1441
1686
1915
2187
2489
2800
3097
3365
3596
3812
4033
4229
4338
4340
4279
4226
4213
4238
4267
4242
4111
3894
3683
3552
3484
3408
3276
3075
2831
2574
2308
2007
1643
1220
766
333
-31
-312
-562
-830
-1151
-1515
-1872
-2197
-2496
-2795
-3103
-3415
-3710
-3955
-4130
-4240
-4294
-4307
-4296
-4259
-4179
-4047
-3884
-3715
-3548
-3369
-3167
-2934
-2674
-2394
-2103
-1840
-1624
-1404
-1140
-841
-549
-302
-97
68
201
337
492
647
775
870
978
1115
1269
1417
1531
1601
1635
1658
1713
1784
1805
1755
1659
1540
1429
1339
1246
1132
978
791
620
489
388
271
100
-116
-365
-611
-818
-971
-1084
-1176
-1235
-1225
-1158
-1058
-986
-1000
-1135
-1381
-1655
-1886
-2042
-2150
-2213
-2227
-2200
-2125
-1994
-1827
-1644
-1442
-1188
-840
-410
53
490
847
1112
1327
1564
1870
2221
2570
2898
3205
3506
3790
4010
4143
4189
4183
4172
4204
4257
4271
4196
3997
3716
3420
3176
3001
2850
2688
2500
2312
2117
1888
1587
1205
770
334
-20
-273
-445
-597
-806
-1082
-1406
-1756
-2088
-2383
-2641
-2874
-3078
-3256
-3427
-3601
-3779
-3951
-4080
-4127
-4082
-3974
-3822
-3664
-3527
-3422
-3345
-3252
-3133
-2975
-2773
-2529
-2253
-1965
-1683
-1415
-1142
-879
-613
-336
-49
231
476
675
827
944
1030
1127
1254
1422
1587
1722
1830
1904
1938
1952
1952
1931
1901
1880
1880
1883
1851
1769
1645
1501
1363
1247
1163
1091
993
844
649
420
177
-83
-349
-590
-789
-936
-1017
-1073
-1143
-1253
-1400
-1543
-1644
-1725
-1804
-1912
-2066
-2242
-2408
-2534
-2609
-2644
-2631
-2556
-2395
-2128
-1779
-1398
-1022
-677
-334
44
466
912
1321
1671
1955
2207
2455
2716
2974
3208
3411
3582
3746
3900
4023
4066
4012
3879
3714
3574
3469
3389
3308
3218
3103
2974
2861
2738
2587
2388
2156
1898
1618
1309
976
603
201
-209
-615
-974
-1295
-1596
-1889
-2183
-2490
-2819
-3144
-3432
-3670
-3869
-4034
-4162
-4251
-4292
-4275
-4204
-4092
-3962
-3817
-3633
-3411
-3159
-2904
-2665
-2444
-2244
-2053
-1838
-1602
-1357
-1127
-908
-672
-442
-205
25
225
400
559
715
876
1045
1200
1345
1476
1611
1763
1930
2094
2231
2345
2438
2510
2550
2549
2500
2422
2335
2239
2131
2005
1844
1644
1436
1215
970
708
436
167
-79
-298
-511
-733
-971
-1216
-1425
-1553
-1595
-1591
-1565
-1533
-1505
-1461
-1401
-1366
-1396
-1501
-1657
-1807
-1913
-1974
-2019
-2079
-2138
-2157
-2075
-1889
-1649
-1386
-1131
-876
-594
-257
122
497
826
1116
1411
1735
2081
2425
2732
2992
3217
3420
3621
3806
3926
3960
3918
3837
3732
3607
3469
3311
3131
2935
2739
2546
2354
2134
1877
1601
1320
1043
776
518
247
-49
-361
-668
-961
-1225
-1459
-1682
-1909
-2153
-2404
-2642
-2863
-3049
-3214
-3356
-3468
-3541
-3573
-3567
-3535
-3487
-3425
-3361
-3267
-3130
-2950
-2755
-2568
-2387
-2205
-2000
-1776
-1540
-1296
-1038
-768
-489
-212
41
265
449
608
746
861
972
1084
1181
1275
1359
1438
1499
1536
1561
1590
1632
1683
1747
1799
1840
1873
1895
1903
1882
1829
1747
1662
1573
1483
1384
1257
1092
904
705
513
326
138
-50
-243
-433
-614
-787
-946
-1077
-1190
-1276
-1312
-1311
-1289
-1255
-1222
-1203
-1206
-1215
-1238
-1287
-1342
-1415
-1493
-1564
-1621
-1642
-1621
-1547
-1434
-1291
-1100
-874
-629
-378
-121
126
368
613
862
1110
1346
1562
1754
1938
2103
2255
2388
2489
2563
2612
2651
2672
2661
2615
2538
2449
2360
2269
2175
2068
1940
1797
1644
1488
1327
1148
950
735
505
267
40
-195
-430
-671
-900
-1104
-1289
-1446
-1601
-1747
-1892
-2035
-2158
-2261
-2341
-2400
-2447
-2481
-2485
-2462
-2406
-2333
-2248
-2145
-2024
-1892
-1749
-1597
-1453
-1320
-1183
-1050
-915
-776
-645
-522
-405
-294
-188
-93
8
100
191
287
396
502
605
705
800
891
980
1069
1157
1233
1292
1343
1383
1420
1433
1417
1371
1299
1218
1138
1068
988
881
743
579
414
254
94
-67
-232
-382
-493
-579
-624
-668
-726
-785
-835
-854
-842
-813
-793
-784
-770
-741
-700
-656
-619
-602
-610
-634
-655
-672
-704
-753
-813
-856
-874
-867
-827
-760
-667
-549
-399
-215
-8
215
433
642
838
1013
1164
1308
1444
1556
1657
1749
1822
