-1
0
0
0
0
0
0
0
0
1
0
-1
0
1
0
0
-1
0
0
0
0
-1
0
0
0
0
0
0
0
0
0
0
0
0
0
-1
0
0
0
0
0
0
0
0
0
1
0
0
0
0
0
1
0
0
1
0
1
-1
0
0
1
0
0
0
0
0
0
0
-1
0
0
0
0
0
0
0
0
0
0
0
-1
0
-1
0
0
0
0
0
0
-1
0
0
0
0
1
0
0
0
0
0
0
0
0
0
0
0
0
1
1
0
-1
0
0
0
0
0
0
0
0
0
0
0
0
0
0
0
0
0
0
0
0
0
0
1
0
0
0
0
0
0
0
-1
-1
0
0
0
0
0
-1
-1
0
0
0
-1
1
0
0
-1
0
0
0
0
0
0
0
0
0
0
0
0
0
0
0
0
1
0
0
-1
0
0
0
0
0
0
1
0
0
-1
-1
0
0
0
0
-1
0
0
0
0
0
1
0
0
1
0
1
0
0
0
0
0
0
-1
0
0
0
0
0
0
1
0
0
0
0
0
0
-1
-1
0
-1
0
0
0
0
0
0
0
0
0
0
0
0
0
0
-1
0
0
0
0
1
0
0
1
0
0
0
0
0
0
0
-1
1
0
0
0
0
0
0
0
0
-1
1
0
0
0
0
0
0
0
0
0
0
0
1
0
-1
0
0
0
-1
0
0
0
0
1
0
0
1
0
0
0
0
0
0
0
1
-1
-1
-1
0
0
0
0
0
0
-1
0
-1
-1
0
0
0
-1
-1
0
-1
0
0
0
0
1
0
0
-1
0
-1
0
0
0
-1
0
1
-1
0
0
0
0
-1
0
1
1
-1
0
1
0
1
0
0
0
0
0
0
-1
1
0
0
0
0
0
0
0
0
0
0
0
0
1
0
-1
0
0
0
1
0
1
-1
0
1
0
0
0
1
-1
0
0
0
0
0
0
0
0
0
-1
0
-1
0
1
0
1
0
0
0
1
1
0
0
0
0
0
1
-1
0
-1
0
0
0
0
0
0
0
1
0
1
-1
-1
-1
0
-1
-1
0
0
0
0
0
0
0
0
0
0
0
0
1
0
0
0
0
1
-1
0
0
0
0
1
0
0
0
0
0
1
0
0
0
1
0
0
1
0
0
0
0
0
0
0
0
-1
0
0
0
0
-1
0
0
0
0
0
0
0
-1
0
0
0
-1
1
1
1
1
0
0
0
0
-1
0
0
0
0
0
1
0
0
0
0
0
0
0
0
0
0
-1
-1
0
0
0
0
0
0
0
0
0
0
0
0
0
1
1
0
0
0
1
0
0
0
0
0
0
0
0
1
1
0
0
0
0
-1
-1
-1
0
1
-1
0
-1
1
-1
-1
-1
0
0
0
0
1
1
0
1
0
0
0
0
0
-1
0
0
0
0
0
0
0
0
0
0
0
0
1
1
0
0
0
0
-1
0
0
0
0
-1
0
0
0
1
0
1
0
0
0
0
1
0
0
0
0
0
0
0
0
0
0
0
0
0
0
0
0
-1
0
0
0
1
-1
0
0
0
0
0
1
0
1
1
0
0
0
-1
1
0
0
0
0
0
0
0
0
-1
0
0
0
0
0
-1
0
0
0
0
-1
0
0
-1
1
0
1
0
0
0
0
1
0
0
-1
1
1
0
0
0
0
0
0
0
-1
0
0
0
0
0
0
1
-1
0
0
-1
-1
0
0
0
-1
0
-1
0
0
0
0
0
-1
0
1
0
0
0
1
0
0
0
-1
0
0
0
0
0
0
0
0
0
0
1
0
0
0
-1
-1
-1
0
0
1
1
0
0
0
-1
1
0
1
0
0
1
0
0
0
0
0
0
0
-1
0
0
0
0
0
0
0
-1
0
0
0
0
0
0
0
-1
-1
0
0
0
0
0
1
1
0
0
0
0
0
0
0
-1
0
0
0
0
0
-1
0
0
0
0
-1
0
0
0
1
1
0
0
0
1
0
0
1
-1
-1
0
0
0
0
0
-1
0
0
0
0
0
1
-1
0
1
-1
-1
1
0
0
0
0
0
0
0
0
-1
-1
-1
0
0
0
0
-1
-1
-1
0
1
0
0
-1
1
0
0
0
1
0
0
0
0
0
0
0
0
-1
-1
-1
0
0
0
0
0
0
1
1
0
0
0
0
1
0
0
-1
0
1
0
0
0
0
0
1
0
-1
0
0
-1
1
0
0
1
0
0
0
0
0
0
0
0
0
0
0
-1
0
0
0
1
0
0
0
0
-1
1
0
0
0
0
0
0
1
-1
1
0
0
0
-1
0
0
-1
-1
0
0
1
1
0
0
0
-1
-1
0
0
0
-1
0
0
0
1
-1
0
0
0
0
0
-1
-1
0
0
0
-1
1
0
0
0
0
-1
1
0
0
0
0
0
0
0
1
0
-1
0
0
-1
0
0
0
0
0
0
0
-1
0
0
0
1
0
1
0
0
-1
0
0
-1
-1
0
0
0
1
0
0
0
1
1
-1
0
-1
-1
0
0
0
0
0
0
0
0
0
-1
0
-1
0
0
-1
0
0
0
0
0
0
0
1
0
0
-1
0
1
0
0
0
0
0
0
0
0
0
0
0
0
0
0
0
0
0
0
-1
-1
-1
0
1
0
0
1
0
0
0
1
0
1
0
0
0
0
1
-1
0
0
0
1
0
-1
0
0
0
0
0
-1
0
0
0
0
1
0
0
1
0
0
0
1
0
0
0
0
0
1
1
0
0
0
0
0
-1
1
0
0
0
0
-1
0
0
-1
-1
0
0
-1
0
0
1
0
0
0
0
-1
1
0
0
0
0
1
0
1
0
0
0
1
1
0
0
0
0
-1
-1
-1
-1
-1
-1
0
1
0
1
0
0
1
0
1
1
0
0
0
0
0
0
0
1
0
0
0
1
0
1
1
1
1
-1
0
1
1
0
0
0
1
0
0
-1
0
-1
0
-1
-1
-1
-1
-1
-1
-1
-1
-1
-1
0
-1
-1
-1
-1
0
0
0
0
1
-1
0
-1
-1
0
-1
0
0
-1
0
0
-1
-1
0
-1
1
0
1
1
1
1
1
1
1
1
1
2
1
1
1
1
1
1
2
1
0
1
1
1
0
0
0
0
1
1
0
0
0
1
0
0
-1
0
1
0
0
-1
-1
0
-1
-1
-1
-2
-1
-2
-1
-1
-1
-1
-2
-2
0
-1
-1
-1
-1
0
-1
1
-1
-1
-1
-1
0
0
0
0
0
0
1
1
1
1
1
2
0
2
1
1
1
0
1
1
0
1
1
2
1
0
1
1
0
1
1
0
-1
0
0
0
0
0
0
0
-1
-1
-1
-1
-1
-1
-1
0
-1
0
-1
-1
-1
-2
-2
-1
-1
-1
0
-1
-1
0
-1
-1
-1
1
0
0
0
0
0
0
0
1
0
0
1
1
1
2
1
2
2
1
1
1
2
2
1
1
1
1
1
1
1
2
1
1
0
2
0
0
0
0
0
0
-1
-1
-1
-1
-2
0
-1
-1
-2
-1
-1
-1
-1
-1
-2
-1
-1
-1
-1
-1
-2
-2
-1
-2
-1
-2
-1
-2
-2
-2
-1
0
1
1
-2
-4
-7
-11
-11
-10
-10
-10
-14
-21
-27
-28
-24
-16
-7
1
5
3
5
14
27
45
65
82
91
90
85
82
81
88
102
114
116
104
83
58
28
8
7
10
4
-17
-41
-64
-95
-122
-134
-137
-147
-171
-195
-220
-247
-267
-267
-244
-209
-174
-155
-165
-196
-217
-197
-145
-73
9
78
102
73
35
44
97
171
244
297
306
261
198
167
177
216
254
268
245
186
112
48
11
14
49
78
73
37
-11
-61
-105
-114
-73
-7
38
44
27
3
-29
-39
-4
67
131
149
129
84
31
-1
17
73
119
116
57
-42
-149
-217
-214
-158
-98
-70
-84
-129
-174
-185
-140
-60
20
82
110
108
93
94
127
184
245
293
314
302
261
222
207
209
223
234
231
200
144
87
48
45
86
162
240
281
256
176
72
-13
-44
-11
49
26
-183
-562
-985
-1321
-1510
-1512
-1360
-1272
-1523
-2111
-2675
-2871
-2699
-2317
-1805
-1264
-942
-980
-1100
-869
-195
632
1353
1947
2431
2707
2732
2679
2784
3066
3309
3326
3150
2886
2490
1846
1067
484
230
73
-247
-695
-1137
-1623
-2202
-2634
-2621
-2230
-1833
-1627
-1490
-1328
-1165
-952
-514
185
911
1422
1703
1846
1901
1909
1973
2147
2324
2343
2128
1703
1156
612
188
-83
-268
-447
-676
-982
-1336
-1641
-1796
-1775
-1623
-1383
-1113
-872
-683
-501
-267
19
335
672
1010
1274
1405
1446
1492
1569
1608
1551
1435
1316
1171
984
828
770
706
463
40
-398
-774
-1143
-1471
-1631
-1657
-1822
-2328
-3064
-3782
-4344
-4728
-4855
-4653
-4278
-4141
-4525
-5174
-5468
-5060
-4186
-3232
-2272
-1309
-612
-378
-200
575
1958
3320
4236
4869
5425
5720
5603
5393
5508
5855
5952
5566
4927
4291
3578
2625
1591
860
517
191
-432
-1197
-1787
-2228
-2716
-3102
-2993
-2397
-1818
-1588
-1500
-1242
-834
-410
160
1046
2046
2708
2876
2809
2786
2852
2964
3128
3275
3211
2785
2033
1148
355
-192
-529
-823
-1206
-1684
-2228
-2797
-3252
-3421
-3280
-2992
-2707
-2418
-2097
-1767
-1422
-979
-401
222
771
1210
1552
1802
1975
2121
2261
2351
2295
2028
1608
1133
734
496
423
412
276
-123
-722
-1317
-1783
-2084
-2145
-1910
-1576
-1557
-2055
-2886
-3719
-4372
-4788
-4836
-4441
-3896
-3839
-4689
-5984
-6763
-6501
-5560
-4536
-3544
-2579
-1972
-1964
-2011
-1185
588
2454
3761
4661
5478
6020
6062
5982
6357
7159
7731
7616
7022
6350
5613
4578
3371
2503
2175
1894
1107
-89
-1166
-1950
-2694
-3364
-3527
-3043
-2483
-2419
-2668
-2675
-2278
-1708
-1003
46
1260
2082
2264
2178
2314
2723
3206
3643
3999
4068
3618
2794
2014
1539
1268
953
511
-13
-652
-1429
-2180
-2633
-2756
-2787
-2873
-2916
-2804
-2615
-2448
-2228
-1837
-1291
-753
-307
119
596
1052
1325
1433
1567
1779
1896
1802
1620
1496
1342
1004
581
295
156
-102
-646
-1284
-1733
-1963
-2116
-2291
-2530
-2960
-3695
-4643
-5532
-6046
-5977
-5496
-5271
-5868
-7006
-7727
-7526
-6791
-5936
-4892
-3668
-2771
-2483
-2186
-1074
774
2588
3923
4971
5970
6788
7277
7618
8116
8741
9084
8846
8232
7628
7041
6124
4812
3576
2785
2153
1185
-94
-1258
-2189
-3169
-4166
-4672
-4466
-4066
-4044
-4258
-4129
-3511
-2738
-1943
-956
248
1328
2021
2545
3218
4014
4666
4975
4997
4873
4656
4398
4117
3779
3298
2541
1509
404
-481
-1033
-1450
-1964
-2589
-3218
-3777
-4212
-4402
-4233
-3794
-3332
-2991
-2682
-2214
-1561
-854
-187
483
1176
1759
2106
2281
2415
2516
2500
2342
2080
1727
1317
855
301
-359
-1030
-1555
-1973
-2369
-2736
-3095
-3582
-4361
-5380
-6333
-6896
-6913
-6570
-6497
-7154
-8186
-8729
-8385
-7544
-6553
-5316
-3942
-2951
-2509
-1935
-489
1636
3634
5075
6138
7073
7811
8253
8601
9137
9767
10012
9577
8735
7952
7259
6294
4986
3755
2906
2135
962
-504
-1747
-2669
-3616
-4610
-5124
-4902
-4523
-4603
-4931
-4833
-4094
-3093
-2100
-1002
205
1236
1912
2469
3296
4348
5225
5648
5659
5483
5252
4997
4765
4506
4045
3219
2042
767
-326
-1106
-1677
-2219
-2868
-3625
-4333
-4817
-4985
-4872
-4565
-4179
-3750
-3256
-2662
-1933
-1093
-221
566
1205
1794
2416
2935
3126
3008
2833
2726
2518
2089
1564
1021
298
-702
-1676
-2205
-2350
-2622
-3323
-4212
-4967
-5704
-6667
-7521
-7656
-7224
-7205
-8124
-9221
-9453
-8842
-8106
-7403
-6297
-4801
-3599
-2959
-2195
-620
1545
3536
4987
6181
7383
8412
8995
9270
9695
10385
10793
10430
9556
8801
8222
7288
5850
4502
3673
2938
1709
147
-1141
-2095
-3174
-4420
-5217
-5240
-4986
-5070
-5386
-5394
-4925
-4180
-3264
-2084
-720
457
1240
1862
2652
3668
4655
5363
5785
6031
6138
6077
5815
5409
4909
4250
3402
2418
1430
521
-406
-1435
-2536
-3581
-4386
-4894
-5115
-5131
-5129
-5145
-5079
-4753
-4077
-3175
-2150
-1119
-251
372
830
1371
2075
2711
3065
3080
2865
2498
2001
1458
920
377
-220
-903
-1621
-2352
-3038
-3624
-4188
-4916
-5927
-6947
-7605
-8017
-8635
-9541
-10123
-9917
-9352
-9019
-8722
-7911
-6553
-5211
-4058
-2589
-541
1655
3375
4600
5810
7217
8606
9662
10381
11005
11495
11523
10966
10217
9758
9409
8584
7199
5765
4617
3446
1937
399
-741
-1629
-2735
-4060
-5088
-5594
-5915
-6287
-6482
-6227
-5676
-5099
-4434
-3514
-2368
-1168
6
1227
2515
3766
4784
5451
5903
6373
6860
7125
7037
6731
6245
5427
4287
3123
2150
1221
147
-1052
-2258
-3446
-4576
-5462
-5963
-6156
-6214
-6217
-6078
-5709
-5116
-4345
-3461
-2460
-1391
-315
614
1338
1969
2560
3020
3241
3247
3101
2854
2429
1826
1172
533
-87
-750
-1453
-2055
-2550
-3137
-4022
-5238
-6464
-7431
-8237
-9079
-9953
-10493
-10468
-10231
-10117
-9939
-9269
-8005
-6538
-5061
-3323
-1245
844
2585
4015
5496
7169
8749
9980
10864
11581
12111
12190
11751
11156
10752
10330
9456
8096
6660
5359
3975
2366
792
-425
-1401
-2550
-3907
-5110
-5947
-6502
-6911
-7034
-6726
-6212
-5673
-5076
-4276
-3182
-1944
-645
703
2007
3242
4291
5110
5764
6344
6895
7275
7308
7038
6603
5958
5045
3942
2854
1796
649
-566
-1791
-2982
-4088
-5044
-5749
-6227
-6551
-6690
-6537
-6101
-5455
-4738
-3968
-3087
-2121
-1105
-74
937
1830
2483
2867
3087
3253
3360
3285
2886
2248
1555
867
213
-454
-1127
-1787
-2520
-3355
-4314
-5397
-6473
-7551
-8715
-9856
-10720
-10981
-10742
-10480
-10327
-10097
-9508
-8455
-7023
-5177
-2992
-812
1102
2679
4102
5624
7288
8999
10504
11551
12148
12417
12431
12203
11824
11398
10822
9860
8474
6957
5502
4072
2546
982
-421
-1688
-2990
-4313
-5474
-6340
-6928
-7316
-7422
-7150
-6593
-5829
-4944
-3996
-2956
-1813
-469
1065
2587
3979
5123
5951
6557
7037
7513
7924
8008
7712
7094
6210
5165
4011
2857
1694
401
-982
-2359
-3662
-4778
-5650
-6281
-6746
-7181
-7467
-7391
-6924
-6152
-5259
-4336
-3351
-2394
-1489
-556
484
1640
2647
3269
3564
3656
3677
3577
3356
3086
2617
1893
1035
179
-567
-1221
-1855
-2679
-4048
-5814
-7420
-8609
-9601
-10665
-11451
-11631
-11600
-11745
-11831
-11285
-9971
-8407
-6848
-5058
-2964
-749
1321
3162
4921
6674
8415
10002
11224
12067
12701
13112
13076
12609
12076
11681
11100
9896
8252
6677
5238
3646
1865
290
-932
-2228
-3828
-5411
-6570
-7296
-7827
-8079
-7928
-7527
-7001
-6320
-5381
-4198
-2871
-1395
168
1649
3009
4308
5508
6485
7255
7969
8596
8878
8702
8262
7664
6811
5651
4366
3158
1905
412
-1244
-2856
-4257
-5429
-6378
-6994
-7350
-7602
-7762
-7719
-7311
-6581
-5643
-4568
-3443
-2339
-1339
-425
518
1570
2630
3441
3904
4097
4086
3904
3541
3026
2483
1946
1337
604
-223
-1040
-1952
-3338
-5137
-6849
-8166
-9212
-10366
-11393
-11820
-11913
-12090
-12338
-12136
-11010
-9365
-7661
-5870
-3925
-1751
393
2279
4123
6067
8108
9940
11204
12049
12763
13362
13596
13350
12948
12580
11968
10764
9111
7500
6026
4440
2657
915
-551
-1987
-3648
-5376
-6852
-7854
-8474
-8808
-8768
-8487
-8058
-7453
-6623
-5434
-3959
-2283
-551
1023
2469
3839
5142
6360
7382
8227
8857
9092
8993
8663
8135
7376
6274
4965
3641
2258
805
-698
-2168
-3531
-4861
-6067
-6954
-7473
-7702
-7778
-7696
-7398
-6941
-6359
-5545
-4397
-3076
-1857
-796
232
1315
2269
2981
3609
4183
4536
4497
4098
3633
3184
2688
2181
1640
1046
352
-599
-2020
-3887
-5811
-7387
-8585
-9727
-10816
-11462
-11739
-12078
-12518
-12598
-11793
-10298
-8663
-6908
-4920
-2832
-810
1018
2842
4883
6998
8962
10509
11547
12284
12899
13321
13412
13223
12940
12472
11502
9998
8339
6843
5399
3774
2048
453
-1028
-2589
-4252
-5784
-6976
-7833
-8442
-8734
-8692
-8389
-7919
-7318
-6411
-5133
-3625
-2010
-388
1197
2730
4092
5313
6470
7527
8395
8942
9150
9098
8750
8077
7127
6011
4806
3485
2052
574
-905
-2366
-3807
-5161
-6312
-7163
-7694
-7964
-8049
-7873
-7390
-6761
-6075
-5258
-4153
-2812
-1542
-406
758
1889
2774
3355
3805
4239
4461
4301
3910
3506
3061
2448
1731
1082
528
-315
-1869
-3920
-5892
-7401
-8520
-9628
-10617
-11162
-11523
-12037
-12648
-12828
-11978
-10364
-8630
-6916
-5182
-3308
-1310
585
2493
4625
6893
8975
10521
11487
12230
12976
13492
13601
13454
13207
12730
11679
10040
8332
6820
5336
3746
2082
504
-1020
-2660
-4365
-5907
-7064
-7753
-8086
-8198
-8217
-8106
-7764
-7161
-6264
-5090
-3611
-1915
-267
1232
2613
3938
5235
6399
7437
8331
8930
9171
9104
8722
8092
7229
6179
5107
3920
2610
1159
-372
-1850
-3291
-4636
-5758
-6642
-7302
-7790
-8122
-8213
-7983
-7448
-6692
-5756
-4693
-3566
-2424
-1320
-122
1187
2362
3234
3761
4085
4383
4509
4341
4003
3598
3100
2381
1498
746
39
-1217
-3186
-5344
-7093
-8334
-9490
-10664
-11385
-11707
-12084
-12627
-12941
-12331
-10828
-9071
-7336
-5620
-3762
-1697
328
2250
4200
6286
8379
10047
11095
11854
12661
13344
13512
13248
12954
12660
11941
10583
9013
7595
6189
4568
2819
1237
-199
-1752
-3474
-5177
-6588
-7581
-8159
-8353
-8350
-8227
-7919
-7426
-6680
-5660
-4304
-2558
-745
830
2202
3476
4759
6050
7217
8217
8860
9044
8979
8673
8079
7264
6306
5289
4066
2578
1063
-362
-1726
-3133
-4547
-5757
-6652
-7249
-7652
-7928
-8005
-7848
-7485
-6905
-6048
-4892
-3588
-2390
-1369
-366
686
1770
2788
3631
4323
4781
4903
4739
4313
3797
3354
2894
2399
1832
1100
-3
-1832
-4142
-6172
-7524
-8412
-9379
-10430
-11152
-11707
-12429
-13061
-12935
-11665
-9809
-8080
-6549
-5001
-3247
-1305
699
2814
5085
7338
9252
10526
11272
11999
12885
13566
13717
13478
13131
12539
11326
9603
7928
6534
5167
3566
1870
308
-1229
-2872
-4533
-5973
-6982
-7610
-7953
-8081
-8164
-8146
-7785
-7098
-6167
-5115
-3858
-2245
-553
981
2387
3814
5261
6482
7337
7945
8430
8797
8915
8611
7894
6866
5680
4414
3085
1757
496
-789
-2194
-3724
-5125
-6110
-6685
-7087
-7401
-7565
-7469
-7188
-6796
-6123
-5132
-3941
-2835
-1923
-988
124
1261
2303
3161
3844
4372
4684
4732
4449
3965
3526
3097
2568
1981
1415
807
-319
-2261
-4486
-6383
-7737
-8764
-9809
-10634
-11121
-11675
-12382
-12916
-12675
-11375
-9604
-7882
-6248
-4628
-2850
-944
948
2974
5269
7571
9428
10569
11258
12054
12947
13494
13578
13404
13081
12367
11007
9346
7846
6522
5126
3501
1817
218
-1374
-3024
-4660
-6046
-6987
-7511
-7757
-7914
-8026
-7905
-7490
-6813
-5873
-4666
-3105
-1367
185
1469
2604
3797
5145
6420
7396
8040
8348
8396
8179
7684
7106
6502
5735
4646
3185
1649
265
-1009
-2235
-3471
-4649
-5659
-6494
-7118
-7561
-7781
-7656
-7293
-6805
-6115
-5141
-3976
-2858
-1888
-892
199
1260
2230
3125
3886
4409
4619
4541
4325
3978
3510
3015
2475
1964
1501
936
141
-1157
-3009
-5003
-6730
-8000
-8991
-9919
-10648
-11182
-11781
-12451
-12767
-12208
-10826
-9153
-7506
-5875
-4177
-2380
-493
1466
3512
5632
7652
9283
10389
11226
12125
12940
13312
13260
13042
12701
11926
10617
9163
7814
6467
4926
3242
1659
197
-1331
-2970
-4568
-5829
-6646
-7162
-7462
-7607
-7588
-7369
-7007
-6425
-5494
-4203
-2664
-1228
-52
1088
2397
3827
5124
6160
7003
7596
7833
7756
7513
7221
6819
6194
5233
3953
2549
1198
-83
-1370
-2591
-3574
-4385
-5206
-6030
-6653
-6932
-6990
-6915
-6649
-6147
-5412
-4541
-3626
-2664
-1631
-545
532
1513
2413
3267
3937
4286
4356
4277
4133
3918
3511
2956
2369
1686
948
229
-372
-964
-2013
-3746
-5753
-7463
-8643
-9536
-10337
-10807
-10941
-11192
-11751
-12170
-11734
-10315
-8506
-6748
-5080
-3398
-1629
153
1891
3696
5704
7772
9534
10703
11446
12165
12794
13004
12807
12483
12195
11649
10531
9048
7550
6115
4633
3041
1483
70
-1318
-2788
-4299
-5608
-6462
-6844
-6986
-7078
-7114
-6936
-6521
-5918
-5104
-4047
-2732
-1317
-41
1037
2071
3188
4365
5352
5978
6329
6467
6463
6312
6032
5669
5167
4304
3115
1883
779
-149
-1024
-1872
-2764
-3715
-4644
-5352
-5744
-5961
-6013
-5868
-5600
-5265
-4781
-3922
-2738
-1576
-593
319
1205
2019
2702
3314
3880
4251
4347
4249
4008
3594
3050
2476
1872
1210
506
-91
-521
-989
-1850
-3349
-5233
-6912
-8054
-8832
-9570
-10225
-10647
-11038
-11596
-12080
-11920
-10797
-9085
-7349
-5808
-4358
-2728
-864
1018
2872
4848
6975
8853
10037
10698
11360
12118
12584
12580
12422
12302
11927
10984
9651
8338
7081
5735
4287
2858
1503
103
-1405
-2948
-4352
-5372
-5979
-6327
-6580
-6764
-6729
-6527
-6256
-5774
-4928
-3741
-2531
-1517
-540
546
1656
2637
3504
4428
5338
5942
6132
6039
5812
5489
5084
4596
3976
3181
2273
1273
114
-1073
-2009
-2663
-3253
-3924
-4519
-4899
-5185
-5390
-5356
-5010
-4445
-3799
-3077
-2257
-1434
-615
240
1061
1786
2400
2902
3251
3388
3364
3317
3223
2940
2464
1873
1250
629
24
-417
-635
-850
-1334
-2306
-3792
-5437
-6801
-7730
-8435
-9209
-9957
-10433
-10788
-11201
-11427
-10995
-9772
-8261
-6934
-5666
-4167
-2383
-524
1204
2893
4707
6575
8206
9347
10134
10942
11773
12263
12286
12149
12069
11760
10866
9566
8312
7219
6080
4741
3315
1926
548
-883
-2359
-3690
-4648
-5248
-5680
-6126
-6523
-6628
-6483
-6219
-5779
-5054
-4036
-2972
-2070
-1191
-199
865
1863
2664
3300
3897
4480
4936
5132
5058
4847
4534
4044
3422
2813
2256
1617
785
-137
-987
-1676
-2181
-2575
-2964
-3389
-3779
-3981
-3979
-3809
-3401
-2791
-2120
-1565
-1138
-650
-45
628
1294
1835
2192
2341
2323
2197
1974
1720
1521
1359
1085
561
-91
-626
-982
-1251
-1455
-1553
-1745
-2499
-3986
-5642
-6789
-7422
-8061
-8883
-9484
-9690
-9930
-10404
-10671
-10174
-8929
-7482
-6203
-4981
-3556
-1854
-64
1533
3027
4767
6679
8221
9112
9754
10659
11575
11939
11861
11839
11889
11528
10545
9374
8387
7385
6111
4659
3284
2050
776
-626
-2032
-3244
-4116
-4707
-5217
-5735
-6149
-6282
-6213
-6099
-5856
-5257
-4293
-3319
-2575
-1866
-967
41
978
1790
2599
3361
3853
4070
4147
4224
4316
4267
3976
3520
2997
2500
2014
1473
960
494
-7
-601
-1334
-2039
-2472
-2680
-2809
-2953
-3051
-2959
-2758
-2565
-2296
-1851
-1259
-690
-292
4
297
552
708
716
641
595
587
566
423
175
-68
-307
-585
-895
-1114
-1083
-890
-837
-1233
-2263
-3683
-4958
-5832
-6470
-7193
-7961
-8446
-8767
-9289
-9943
-10162
-9497
-8262
-7028
-5897
-4636
-3179
-1651
-215
1177
2764
4593
6400
7812
8752
9535
10373
11055
11367
11514
11753
11914
11548
10593
9478
8470
7407
6150
4815
3570
2362
994
-573
-2137
-3429
-4314
-4924
-5492
-6058
-6474
-6680
-6779
-6747
-6422
-5683
-4661
-3676
-2816
-1968
-1082
-178
662
1443
2268
3134
3900
4414
4641
4644
4493
4247
3994
3811
3665
3447
2977
2187
1281
529
15
-378
-759
-1118
-1500
-2021
-2607
-2989
-2998
-2753
-2521
-2417
-2365
-2293
-2108
-1784
-1354
-907
-475
-105
84
113
96
131
204
231
241
289
294
172
-67
-341
-542
-608
-481
-135
233
234
-451
-1795
-3323
-4479
-5140
-5690
-6505
-7510
-8376
-9069
-9717
-10142
-9967
-9102
-8006
-7109
-6318
-5267
-3737
-1884
-85
1506
3036
4647
6210
7458
8437
9475
10559
11286
11496
11516
11627
11623
11151
10270
9269
8227
7063
5803
4555
3306
1963
513
-968
-2353
-3489
-4316
-4969
-5641
-6338
-6860
-7084
-7053
-6757
-6196
-5499
-4832
-4200
-3424
-2400
-1240
-65
1105
2184
3016
3569
4036
4616
5267
5756
5900
5693
5235
4660
4131
3694
3265
2750
2086
1302
465
-374
-1083
-1584
-1953
-2305
-2708
-3116
-3444
-3658
-3758
-3740
-3651
-3533
-3314
-2926
-2438
-2009
-1721
-1494
-1242
-930
-536
-99
259
457
519
577
689
859
1067
1279
1399
1273
975
710
609
659
651
304
-539
-1847
-3231
-4285
-5046
-5852
-6896
-7935
-8646
-9095
-9459
-9604
-9288
-8534
-7688
-6914
-5955
-4539
-2739
-874
775
2126
3392
4756
6188
7542
8737
9814
10647
11018
10999
10932
11001
10929
10380
9432
8369
7265
6029
4695
3450
2312
1115
-201
-1546
-2767
-3763
-4526
-5119
-5666
-6149
-6413
-6408
-6229
-5941
-5503
-4901
-4203
-3425
-2490
-1396
-271
761
1681
2514
3273
3974
4604
5079
5344
5451
5447
5287
4901
4360
3804
3257
2655
2002
1370
745
35
-773
-1556
-2191
-2639
-2941
-3187
-3471
-3791
-4045
-4170
-4199
-4119
-3869
-3497
-3154
-2899
-2589
-2134
-1647
-1250
-872
-415
59
433
711
969
1220
1458
1677
1841
1908
1921
1971
2004
1864
1560
1294
1152
978
568
-167
-1199
-2401
-3530
-4396
-5159
-6106
-7174
-8003
-8452
-8720
-8917
-8857
-8416
-7780
-7120
-6323
-5210
-3784
-2165
-522
966
2239
3444
4775
6187
7465
8510
9330
9861
10094
10183
10258
10215
9899
9336
8622
7705
6530
5282
4180
3188
2122
942
-259
-1397
-2432
-3289
-3936
-4463
-4957
-5341
-5537
-5563
-5432
-5105
-4597
-4043
-3493
-2835
-1976
-1021
-101
808
1721
2543
3190
3741
4325
4881
5188
5150
4859
4482
4171
3919
3570
2995
2202
1325
487
-287
-959
-1493
-1964
-2480
-3051
-3588
-3965
-4158
-4226
-4227
-4216
-4237
-4237
-4124
-3832
-3395
-2945
-2546
-2129
-1600
-956
-301
272
735
1111
1429
1711
1992
2302
2606
2816
2844
2689
2468
2275
2122
1968
1755
1446
1031
541
33
-512
-1234
-2165
-3115
-3880
-4508
-5255
-6228
-7166
-7758
-7988
-7985
-7816
-7482
-7052
-6640
-6175
-5441
-4332
-2950
-1489
-124
1067
2110
3096
4135
5267
6418
7460
8212
8591
8725
8825
8945
8938
8682
8251
7745
7112
6299
5372
4452
3539
2564
1552
603
-224
-959
-1635
-2266
-2863
-3397
-3786
-3965
-3929
-3759
-3541
-3327
-3131
-2872
-2437
-1817
-1117
-447
153
682
1119
1501
1919
2395
2823
3058
3040
2777
2356
1941
1673
1530
1320
894
281
-424
-1060
-1495
-1708
-1832
-2007
-2260
-2517
-2731
-2920
-2981
-2848
-2632
-2480
-2355
-2147
-1866
-1612
-1398
-1152
-873
-586
-246
151
517
739
829
890
957
1032
1159
1328
1422
1342
1150
1006
978
1021
1091
1127
1018
727
375
103
-36
-85
-124
-276
-679
-1292
-1883
-2276
-2562
-2978
-3615
-4320
-4881
-5183
-5242
-5148
-5041
-5032
-5092
-5044
-4684
-3952
-2990
-2044
-1304
-794
-346
258
1092
2050
2929
3594
4048
4383
4722
5134
5558
5885
6045
6051
5984
5892
5798
5680
5453
5079
4600
4102
3664
3281
2883
2412
1867
1299
767
285
-141
-487
-757
-1003
-1279
-1576
-1832
-2004
-2111
-2177
-2204
-2183
-2127
-2054
-1956
-1817
-1632
-1431
-1253
-1107
-963
-777
-580
-460
-468
-558
-652
-696
-670
-552
-366
-210
-189
-297
-434
-496
-450
-326
-183
-95
-117
-240
-400
-524
-590
-622
-645
-663
-672
-670
-651
-602
-528
-456
-390
-277
-65
215
472
645
761
869
981
1093
1213
1346
1468
1516
1434
1257
1072
935
811
633
402
169
-47
-274
-519
-752
-958
-1173
-1420
-1668
-1888
-2106
-2389
-2750
-3123
-3403
-3513
-3460
-3306
-3142
-3053
-3068
-3106
-3009
-2653
-2081
-1474
-1009
-727
-549
-365
-98
277
709
1105
1376
1526
1652
1841
2096
2341
2510
2590
2616
2624
2637
2657
2649
2578
2441
2295
2211
2212
2253
2262
2209
2128
2086
2132
2269
2439
2558
2567
2493
2425
2437
2514
2569
2526
2369
2124
1839
1569
1346
1126
845
478
76
-311
-664
-979
-1265
-1570
-1944
-2363
-2746
-3053
-3301
-3492
-3616
-3712
-3844
-3996
-4067
-3982
-3774
-3518
-3250
-2967
-2651
-2301
-1921
-1510
-1078
-658
-281
45
335
615
893
1154
1371
1515
1591
1635
1663
1677
1667
1631
1560
1430
1252
1085
963
858
733
575
398
212
33
-106
-187
-235
-263
-272
-270
-245
-185
-84
25
101
150
222
327
452
584
706
784
784
704
579
427
242
15
-273
-615
-994
-1397
-1804
-2199
-2572
-2921
-3250
-3562
-3828
-4022
-4142
-4199
-4204
-4140
-3982
-3721
-3379
-2996
-2599
-2162
-1656
-1093
-500
99
694
1273
1845
2414
2976
3522
4025
4451
4780
5030
5235
5406
5518
5526
5425
5245
5032
4805
4559
4275
3928
3507
3040
2589
2199
1886
1602
1300
962
612
294
44
-123
-241
-350
-484
-632
-762
-835
-854
-852
-868
-919
-1002
-1102
-1196
-1283
-1375
-1470
-1576
-1687
-1811
-1953
-2105
-2253
-2397
-2529
-2638
-2713
-2760
-2792
-2827
-2865
-2890
-2868
-2780
-2629
-2451
-2263
-2077
-1894
-1682
-1428
-1134
-808
-485
-185
106
412
749
1102
1452
1783
2062
2278
2460
2632
2793
2918
2979
2963
2882
2752
2594
2407
2171
1886
1552
1191
816
433
77
-246
-566
-907
-1258
-1593
-1880
-2100
-2234
-2304
-2350
-2399
-2446
-2470
-2473
-2451
-2395
-2296
-2174
-2060
-1967
-1899
-1840
-1778
-1689
-1566
-1423
-1272
-1123
-994
-881
-772
-652
-519
-385
-258
-148
-73
-29
23
126
281
459
634
808
964
1098
1236
1415
1646
1906
2171
2417
2630
2800
2948
3103
3282
3462
3614
3721
3780
3805
3812
3837
3882
3920
3915
3846
3707
3499
3269
3050
2834
2586
2281
1920
1513
1078
617
161
-281
-708
-1128
-1550
-1980
-2414
-2812
-3155
-3443
-3685
-3884
-4032
-4121
-4160
-4145
-4073
-3951
-3785
-3591
-3354
-3071
-2746
-2411
-2089
-1786
-1498
-1214
-928
-647
-376
-131
65
217
313
386
466
539
585
576
529
472
401
321
254
211
187
147
81
6
-49
-75
-77
-73
-63
-46
-15
34
87
130
171
218
255
282
310
347
378
384
362
330
301
268
227
179
126
55
-42
-153
-273
-400
-540
-694
-863
-1031
-1185
-1317
-1429
-1534
-1643
-1737
-1806
-1839
-1823
-1755
-1636
-1485
-1313
-1127
-916
-674
-397
-86
242
577
904
1233
1561
1881
2194
2501
2793
3047
3250
3396
3503
3588
3653
3686
3671
3601
3481
3328
3150
2967
2782
2597
2396
2170
1929
1687
1454
1236
1045
868
691
507
335
196
81
-36
-161
-285
-401
-495
-571
-651
-749
-863
-989
-1124
-1265
-1399
-1520
-1644
-1794
-1966
-2125
-2244
-2326
-2398
-2471
-2537
-2591
-2629
-2641
-2610
-2543
-2467
-2397
-2333
-2257
-2150
-2022
-1893
-1764
-1625
-1468
-1306
-1147
-990
-827
-669
-521
-379
-230
-82
51
161
257
348
429
493
540
573
594
610
624
625
614
587
541
489
442
408
388
365
321
268
212
166
137
129
126
122
99
62
24
7
15
43
77
105
121
128
147
189
248
319
391
454
518
582
650
718
777
824
872
919
957
980
989
991
979
961
949
952
960
964
956
930
907
909
944
1006
1073
1126
1162
1200
1252
1320
1398
1475
1537
1569
1574
1554
1518
1475
1419
1337
1222
1077
911
729
522
299
78
-134
-350
-585
-824
-1049
-1266
-1476
-1670
-1840
-1984
-2108
-2215
-2305
-2362
-2379
-2361
-2322
-2268
-2190
-2086
-1960
-1816
-1664
-1507
-1351
-1206
-1071
-935
-792
-657
-542
-455
-392
-347
-317
-295
-281
-283
-299
-325
-355
-384
-420
-465
-514
-556
-589
-602
-588
-555
-514
-467
-421
-370
-301
-207
-95
29
149
261
364
466
564
662
759
851
940
1027
1094
1136
1157
1165
1161
1150
1123
1086
1039
973
882
769
655
551
456
366
279
191
106
32
-19
-49
-52
-38
-16
13
43
93
165
262
368
475
574
654
721
787
871
959
1033
1076
1084
1069
1043
1019
995
970
929
872
790
691
587
493
412
330
237
133
27
-76
-173
-259
-328
-390
-449
-501
-550
-587
-612
-621
-615
-607
-600
-601
-596
-577
-549
-522
-504
-498
-505
-512
-528
-540
-550
-557
-569
-587
-615
-654
-700
-749
-794
-828
-853
-873
-891
-916
-940
-950
-940
-904
-848
-784
-722
-671
-623
-567
-494
-406
-315
-230
-150
-82
-26
29
89
149
213
266
302
322
327
319
306
300
300
300
291
270
240
214
196
191
194
206
213
212
218
218
232
267
312
359
399
425
442
455
479
512
547
568
564
542
507
474
448
428
413
383
334
274
214
162
118
83
51
21
-5
-19
-14
-1
16
30
42
62
94
137
189
231
258
276
296
318
350
381
399
399
384
370
357
343
322
289
252
213
177
141
105
68
25
-21
-63
-105
-137
-169
-208
-247
-287
-323
-358
-390
-421
-451
-474
-497
-514
-528
-541
-554
-563
-559
-539
-514
-486
-459
-436
-424
-415
-402
-385
-362
-342
-331
-332
-337
-340
-344
-346
-341
-332
-318
-305
-291
-278
-268
-258
-240
-206
-160
-107
-55
-6
41
89
140
194
261
338
401
452
488
516
551
591
630
657
666
655
624
588
557
527
494
456
405
348
285
226
168
111
65
22
-17
-49
-78
-107
-137
-163
-179
-175
-165
-150
-139
-140
-140
-134
-118
-82
-43
-18
-17
-30
-47
-55
-44
-28
-21
-32
-61
-93
-109
-106
-88
-70
-63
-75
-99
-111
-103
-77
-45
-19
-2
6
15
28
47
77
108
138
157
172
185
192
198
200
199
201
202
190
167
136
99
61
27
-5
-35
-69
-114
-172
-231
-287
-333
-368
-389
-405
-425
-447
-467
-478
-469
-443
-411
-375
-346
-320
-293
-255
-203
-138
-77
-22
23
60
100
141
185
229
265
277
275
267
259
252
245
231
207
175
138
104
76
56
41
24
5
-16
-31
-33
-26
-8
13
39
67
98
134
182
228
276
320
357
392
420
436
443
447
447
439
422
391
350
301
247
198
147
92
36
-29
-92
-154
-208
-251
-285
-314
-340
-361
-374
-379
-372
-352
-332
-309
-285
-266
-238
-201
-160
-118
-78
-48
-26
2
32
64
91
110
112
99
86
67
53
43
30
15
-10
-40
-69
-91
-108
-116
-123
-139
-162
-186
-199
-198
-186
-169
-154
-149
-150
-145
-124
-88
-47
-11
16
36
54
70
94
118
140
149
146
137
124
111
97
78
50
22
-12
-51
-88
-124
-163
-203
-236
-261
-279
-293
-307
-320
-329
-326
-315
-293
-260
-222
-187
-153
-111
-64
-10
44
99
152
202
247
288
327
361
390
412
426
434
434
432
428
414
400
382
367
349
330
303
270
235
203
182
164
148
127
104
88
75
66
61
51
36
19
4
-4
1
7
2
-15
-38
-59
-69
-70
-71
-72
-88
-113
-141
-165
-170
-170
-175
-194
-218
-243
-260
-260
-251
-238
-225
-216
-214
-207
-196
-177
-154
-136
-124
-119
-111
-104
-97
-87
-77
-70
-62
-52
-39
-35
-35
-38
-38
-33
-28
-17
-9
-3
-1
-3
0
9
18
27
28
28
29
30
37
48
57
62
59
54
45
38
33
30
25
19
14
