-1
1
0
0
0
-1
-1
0
0
0
-1
0
-1
0
0
0
-1
0
0
0
0
1
0
0
0
0
0
0
1
0
1
0
0
0
0
0
0
1
0
0
0
1
1
0
0
0
0
0
0
0
0
-1
1
0
0
0
0
0
0
0
1
0
0
-1
0
0
0
-1
-1
0
0
1
0
-1
0
0
0
0
0
0
-1
-1
0
0
-1
1
0
1
0
0
0
0
0
0
1
0
0
0
-1
0
0
0
0
0
1
-1
0
0
0
0
1
-1
-1
0
0
0
0
0
0
-1
0
0
0
0
0
0
0
0
-1
0
-1
0
0
1
1
-1
1
1
1
1
0
1
0
0
-1
-1
0
0
0
0
0
0
0
0
0
1
0
0
0
0
0
0
1
0
0
0
0
0
0
-1
0
0
-1
0
0
0
0
-1
0
1
1
-1
0
0
-1
1
0
-1
1
0
-1
-1
0
0
0
0
0
0
-1
-1
0
0
-1
0
0
0
0
0
0
-1
0
-1
0
0
0
0
0
0
-1
0
-1
0
0
0
0
1
1
0
1
-1
0
0
0
0
0
0
0
0
0
-1
0
0
0
-1
1
0
0
1
0
0
-1
1
0
0
1
0
0
1
0
0
-1
1
0
1
0
1
0
0
1
0
0
1
0
0
0
0
-1
-1
1
0
0
0
-1
0
0
0
0
0
0
0
0
0
-1
0
0
0
-1
0
0
1
1
-1
0
0
0
0
0
0
0
0
0
-1
1
0
0
1
0
0
0
0
1
0
1
0
0
0
-1
1
0
0
0
0
0
0
0
0
-1
0
-1
1
0
0
1
0
0
0
0
0
0
1
0
-1
0
0
0
1
0
1
0
0
0
0
-1
0
0
1
1
0
0
0
-1
-1
0
0
0
-1
0
0
1
0
1
0
-1
0
0
0
1
0
0
0
0
0
0
0
0
0
0
0
-1
1
0
0
0
-1
0
0
0
0
-1
0
-1
0
-1
0
0
0
0
0
-1
0
0
0
0
0
0
0
0
0
-1
0
0
0
-1
1
1
-1
0
0
0
0
0
0
0
0
0
0
0
0
0
-1
0
0
0
0
0
0
0
0
-1
0
0
0
0
-1
0
-1
0
0
0
0
0
-1
0
0
-1
0
1
0
1
0
0
0
0
0
0
1
0
0
0
0
0
1
0
0
0
1
1
0
0
0
0
0
0
0
0
1
1
1
0
0
-1
0
0
0
-1
-1
0
0
0
0
1
0
0
0
0
0
0
0
0
0
0
0
0
0
0
0
0
1
1
1
0
-1
0
0
0
0
0
0
1
-1
-1
0
0
0
0
0
1
0
-1
0
0
0
0
0
0
0
0
-1
0
0
0
0
1
0
0
0
0
0
-1
1
1
0
0
0
0
1
0
0
0
0
0
0
0
0
0
0
0
0
1
0
0
0
0
0
0
1
0
0
0
0
0
0
0
0
0
0
1
0
-1
0
0
0
0
-1
0
0
0
0
0
0
-1
0
0
-1
0
0
0
-1
1
0
0
0
0
0
0
0
0
0
0
0
0
0
-1
0
-1
0
0
0
0
0
0
0
0
0
1
0
0
0
0
0
0
0
0
0
0
0
1
0
0
0
0
0
0
0
0
0
-1
0
0
1
0
0
0
0
0
0
0
1
0
0
0
0
0
0
-1
0
1
0
0
0
0
0
0
0
0
-1
0
0
0
0
0
0
0
0
1
0
-1
0
1
0
0
-1
0
0
0
0
-1
0
0
0
0
1
0
0
0
0
0
0
0
0
-1
0
0
0
0
0
0
0
0
0
1
0
0
0
0
0
1
0
0
1
0
1
-1
0
0
0
0
0
0
0
0
-1
0
-1
-1
0
0
0
0
0
0
0
0
0
0
-1
0
-1
0
0
0
0
0
0
-1
0
0
0
0
0
0
0
0
0
0
0
0
0
0
0
0
0
1
1
0
-1
0
0
0
0
0
0
0
0
0
0
0
0
0
0
0
0
1
0
0
0
0
0
1
0
0
0
0
0
0
0
-1
-1
0
0
0
0
0
-1
-1
0
0
0
-1
1
0
0
-1
0
0
0
0
0
0
0
0
0
0
0
0
0
0
0
0
1
0
0
-1
0
0
0
0
0
0
1
0
0
-1
-1
0
0
0
0
-1
0
0
0
0
0
1
0
0
1
0
1
0
0
0
0
0
0
-1
0
0
0
0
0
0
1
0
0
0
0
0
0
-1
-1
0
-1
0
0
0
0
0
0
0
0
0
0
0
0
0
0
-1
0
0
0
0
1
0
0
0
0
0
0
0
0
0
0
-1
1
-1
0
0
0
0
0
0
0
0
1
0
1
0
0
0
1
-1
0
0
0
0
0
0
0
0
0
0
-1
0
0
0
0
1
1
0
1
0
0
0
0
0
0
0
0
0
0
-1
-1
-1
-1
0
0
0
0
0
-1
0
0
0
0
0
-1
0
-1
0
1
0
0
1
0
0
-1
0
-1
0
0
0
-1
0
1
-1
0
0
0
0
-1
0
1
0
-1
1
1
0
1
-1
0
0
1
0
0
-1
1
0
0
1
0
0
0
0
1
0
0
0
0
1
0
-1
0
-1
0
1
0
1
-1
0
1
0
0
0
0
0
-1
0
0
0
0
0
0
0
0
0
0
-1
0
1
0
1
0
-1
0
0
1
0
0
0
0
0
0
-1
0
-1
0
0
0
0
0
0
0
1
0
1
0
0
0
0
0
-1
0
0
0
0
0
-1
0
0
0
0
0
0
1
0
0
0
0
1
0
0
0
0
0
0
0
0
0
-1
0
1
0
0
0
0
0
0
0
0
0
0
0
0
0
0
0
-1
1
0
0
0
-1
0
0
0
1
0
0
0
-1
0
0
0
0
1
1
0
1
0
0
-1
0
-1
0
0
0
0
0
0
0
0
0
0
0
0
0
1
0
0
0
0
0
0
0
0
0
0
0
0
0
0
0
0
0
0
1
0
0
0
1
0
0
0
0
0
0
0
0
1
1
0
0
1
0
0
0
0
0
1
0
0
-1
1
0
-1
-1
0
0
0
0
0
1
0
1
0
0
0
1
0
-1
0
-1
0
0
-1
0
0
0
-1
0
0
0
0
0
0
0
0
1
-1
0
0
0
0
-1
0
0
0
0
0
1
0
0
0
0
0
0
0
0
1
1
0
0
0
0
0
0
0
0
0
1
0
-1
0
0
0
0
0
0
0
0
0
0
1
0
1
0
1
0
0
0
0
0
0
0
0
0
0
0
0
-1
0
0
0
-1
0
-1
0
0
0
0
0
0
0
-1
1
0
1
0
0
0
0
1
1
0
-1
0
1
-1
0
0
0
0
0
0
0
0
0
0
0
0
0
1
-1
0
0
0
0
0
0
0
-1
0
-1
0
0
0
0
0
-1
0
1
0
0
0
1
0
0
0
0
0
0
0
0
0
0
0
0
0
0
1
0
1
0
-1
-1
-1
0
0
0
0
0
0
0
-1
0
0
1
-1
0
1
0
0
0
0
0
0
0
-1
0
0
0
0
0
0
0
0
0
0
0
0
0
0
0
-1
0
0
0
0
0
0
1
0
1
0
0
0
1
0
0
-1
1
0
-1
0
0
-1
0
0
0
0
-1
0
0
0
0
1
0
0
0
1
0
0
1
-1
0
0
0
0
0
0
-1
0
1
0
0
0
1
-1
0
0
0
-1
0
0
-1
0
0
1
1
-1
1
-1
0
-1
0
0
0
1
-1
0
-1
0
1
0
1
0
1
0
0
0
0
0
0
0
1
0
0
0
0
0
-1
-1
1
0
0
0
-1
-1
0
0
0
0
0
0
0
0
1
-1
0
0
0
0
0
0
0
0
0
-1
0
0
-1
1
-1
-1
1
1
0
0
0
0
0
0
0
0
0
0
0
0
-1
0
1
0
0
-1
0
-1
0
0
0
0
0
0
0
1
0
1
0
1
-1
-1
0
0
-1
-2
0
0
0
1
0
0
1
-1
-1
0
0
0
-1
0
0
0
0
0
0
1
0
0
1
-1
0
0
0
1
-1
1
0
0
1
0
-1
0
0
0
1
-1
0
-1
0
1
0
-1
0
0
-1
0
-1
1
0
0
0
1
0
0
1
1
1
0
0
-1
0
-1
-1
0
-1
0
0
0
0
0
-1
0
0
0
0
-1
1
0
-1
-1
0
0
-1
0
-1
0
0
-1
-1
1
0
0
0
0
0
1
0
0
0
-1
0
0
0
0
-1
0
0
0
-1
1
0
0
0
0
0
0
0
0
0
0
1
-1
0
-1
1
0
-1
0
0
1
1
0
0
-1
1
0
1
0
0
1
-1
0
0
0
-1
-1
0
0
1
0
-1
0
-1
0
0
0
-1
0
0
0
0
1
0
0
1
0
0
0
1
-1
0
0
0
-1
0
1
0
0
0
1
0
0
0
0
0
0
0
-1
0
0
-1
-1
0
-1
-1
1
-1
1
1
0
1
0
0
1
0
1
0
0
1
0
1
0
1
0
1
0
0
1
-1
1
-1
0
0
-1
0
-1
0
0
0
0
-1
0
0
0
1
0
0
0
0
-1
0
0
0
1
-1
0
0
-1
0
0
1
0
0
0
-1
1
0
0
1
-1
0
-1
0
-1
1
0
1
0
0
0
-1
0
0
0
-1
0
0
1
0
0
0
-1
0
1
0
0
1
-1
0
0
-1
0
-1
0
0
-1
1
0
0
-1
0
-1
0
0
1
0
-1
0
0
1
-1
0
-1
0
1
-1
0
0
0
0
1
0
-1
0
0
0
0
0
0
-1
0
0
0
1
0
1
0
0
-1
0
1
0
0
-1
-1
1
0
0
1
-1
0
0
0
-1
0
-1
0
-1
0
1
0
0
0
0
0
1
-1
0
0
-1
0
0
-1
1
0
1
0
0
1
0
0
1
0
1
0
0
-1
0
-1
0
0
-1
0
1
0
0
-1
0
0
0
1
0
-1
0
1
-1
1
1
0
1
-1
1
1
-1
0
0
-1
1
0
1
0
-1
0
0
-1
-1
1
0
0
0
0
0
0
0
0
1
-1
-1
0
-1
-1
-1
0
0
-1
0
0
0
0
0
0
0
0
0
0
0
0
0
-1
0
0
-1
1
-1
0
1
-1
1
-1
1
0
-1
-1
1
-1
0
0
0
0
0
-1
0
0
0
0
-1
1
0
0
-1
0
0
0
0
0
1
-1
0
1
-1
0
0
-1
-1
0
-1
0
0
1
1
0
0
1
0
0
1
-1
-1
0
0
0
1
-1
0
1
-1
1
-2
0
2
-1
1
0
-1
2
-1
1
0
0
0
-1
-1
1
1
-2
2
-1
0
1
-1
1
-2
0
0
0
-3
3
-2
0
0
-1
2
-3
1
0
-1
1
-1
0
-2
0
1
-1
0
1
1
-2
1
0
2
-1
-1
1
-2
0
1
0
0
1
-1
2
-2
0
2
-2
1
1
0
2
-1
-1
1
-1
1
1
-2
1
-2
0
0
-1
1
1
0
0
0
0
1
-1
-1
0
0
-1
0
0
1
-1
0
0
2
-1
1
1
-1
2
-1
0
1
-1
0
1
-1
1
0
-1
1
-1
0
0
0
0
0
-1
0
0
1
-1
0
0
0
1
-2
1
-1
0
0
2
0
0
1
-2
1
-1
0
1
-2
1
0
0
2
-2
0
0
-1
1
-1
0
0
2
-2
2
-1
1
0
-2
1
1
-1
1
0
-1
2
0
1
1
-2
1
1
-2
2
-2
0
2
-1
2
0
-2
4
-5
4
1
-4
5
-4
0
3
-8
9
-5
-1
6
-6
4
-1
-5
5
-4
-3
7
-10
8
-2
-1
4
-3
-1
5
-8
5
3
-10
12
-11
3
7
-12
12
-8
-2
12
-16
10
-1
-6
9
-7
-2
10
-14
9
3
-16
24
-23
11
4
-16
20
-20
14
-2
-8
14
-10
10
-12
16
-10
-4
12
-15
13
-9
0
14
-21
15
0
-13
24
-26
20
-9
-7
20
-24
16
-8
-2
14
-24
28
-19
6
7
-14
25
-27
23
-9
-8
20
-23
21
-12
2
16
-32
37
-29
7
9
-18
22
-29
28
-10
-13
23
-22
19
-14
0
16
-28
18
2
-20
17
-7
-4
14
-32
46
-32
-7
50
-64
49
-20
-2
12
-19
24
-21
12
-4
6
-7
9
-13
18
-13
5
-6
10
-9
-4
17
-21
15
-9
3
10
-27
30
-12
-9
9
-1
10
-32
33
-8
-5
-14
36
-26
-9
20
-12
16
-30
28
15
-54
59
-29
9
-5
-4
27
-37
11
25
-22
-9
28
-12
-6
9
-10
14
-9
-32
68
-70
15
31
-50
43
-53
58
-25
-35
71
-49
10
9
-6
9
-7
-16
37
-44
32
-17
-13
45
-60
39
-2
-2
-5
12
11
-13
1
13
-10
-1
-3
2
5
-7
-8
21
-17
16
-19
23
3
-29
32
-9
-3
5
-3
4
8
-27
50
-61
46
-25
4
20
-44
67
-67
47
-30
17
5
-33
54
-49
38
-39
44
-46
34
-8
-27
51
-64
55
-37
-6
54
-95
102
-72
18
43
-80
79
-51
4
26
-58
71
-57
16
38
-60
82
-93
89
-57
32
-27
-25
90
-134
111
-84
82
-73
21
69
-100
90
-53
50
-57
40
-6
-38
46
-50
28
3
-41
65
-64
41
11
-49
44
-23
30
-35
13
-10
43
-76
19
57
-86
55
-25
16
-14
36
-39
67
-69
65
0
-103
177
-162
75
18
-37
33
7
-44
83
-62
-3
86
-140
149
-118
-1
128
-186
112
-39
30
-3
-71
88
-36
-18
-7
38
-11
-36
108
-161
164
-135
86
8
-123
194
-167
70
4
-29
29
-79
65
-45
1
9
-40
73
-15
0
15
45
-4
-120
152
-86
-39
12
45
-42
-79
170
-114
75
-50
116
-76
40
-34
7
66
-113
61
18
14
-85
64
48
-76
10
33
30
-31
7
-43
74
-13
-89
64
36
-73
22
-31
24
43
-110
100
-43
22
47
-168
148
-56
-72
18
65
-62
-6
19
-18
-7
-31
73
-92
59
7
-68
-9
83
-44
-54
112
-36
12
-33
43
-11
-60
21
11
2
-31
64
-42
54
-58
34
43
-47
42
16
-16
-14
40
-56
51
-17
33
-55
35
3
-47
37
-55
53
-49
-6
99
-103
53
-5
-8
42
-89
89
-41
-10
4
-16
-8
33
-60
45
-14
7
-1
23
7
20
-12
20
86
-120
76
-26
-15
70
-142
139
-48
-57
106
-58
36
-16
48
-38
28
-42
75
-36
-79
169
-158
87
-62
-2
27
-94
54
-63
85
-99
56
-44
-43
88
-159
151
-57
3
9
26
-66
-13
53
-95
56
-97
109
-94
-49
79
-31
-39
64
-27
58
-21
-35
57
-116
130
-113
62
37
-36
44
-39
110
-107
24
76
-21
15
-45
110
-97
60
47
14
73
-32
130
-90
138
-92
-16
97
-86
61
-100
144
-53
-60
45
-41
42
-137
90
-25
-71
28
-13
34
-137
74
-47
40
-73
75
3
-84
99
-122
68
-7
-30
48
-27
41
-46
-4
-8
-77
29
0
-27
-30
87
-102
-41
99
-74
-23
-19
82
-12
-54
77
-7
-5
-8
57
-15
4
58
-39
48
21
-26
107
-69
96
26
-76
102
-73
26
-17
-7
4
6
-11
-38
53
-28
-33
10
34
-3
-35
-6
53
-69
1
-22
-15
78
-84
7
-8
47
-54
-36
21
-56
-20
-94
16
-27
-21
15
-20
45
-31
-43
8
-2
-57
-46
75
1
-72
75
-23
42
-47
28
18
53
18
-44
49
44
-23
-64
132
53
-43
103
28
10
-39
22
31
8
77
15
40
40
63
-130
54
53
-30
-10
53
145
-86
-31
53
-33
-17
-4
-27
94
39
-69
-4
-5
-12
-50
-63
30
27
-30
-38
32
-3
-36
-53
-9
-1
8
7
-55
-65
44
-58
-90
71
-40
-21
18
-16
-28
-11
-8
1
-39
25
-13
-35
25
-110
37
30
-24
-18
43
14
-54
30
-22
-6
20
-9
4
2
39
1
-16
6
-6
3
-5
42
-10
31
-8
16
7
-48
-37
21
-15
-8
13
-20
44
-26
-54
-3
38
12
-30
19
73
-10
-45
51
-2
15
-13
-12
-17
22
-16
-54
5
-7
27
-10
34
46
30
8
32
34
45
29
12
76
14
7
103
25
26
45
36
36
-4
16
0
23
4
23
16
66
10
-40
9
-15
-28
-27
-13
-35
9
-30
-54
-44
-51
-29
-38
-39
-3
-33
-35
-19
-62
-23
-28
-64
-14
-17
-60
-48
-48
-28
-31
-33
-8
3
-58
-44
-55
-86
-105
-106
-77
-132
-118
-69
-120
-65
-75
-111
-58
-43
-64
-61
-33
24
21
13
129
67
66
130
114
185
215
229
217
231
198
140
184
132
142
182
272
263
192
202
184
209
162
194
274
281
268
205
218
185
102
54
68
156
96
94
80
5
4
-40
-105
-104
-97
-121
-170
-187
-202
-277
-371
-379
-424
-477
-440
-493
-517
-529
-576
-512
-564
-640
-609
-561
-574
-557
-459
-307
-185
-186
-215
-200
-192
-246
-272
-273
-245
-292
-392
-444
-529
-617
-696
-831
-825
-677
-691
-747
-694
-541
-451
-335
-93
230
584
790
1027
1310
1631
1874
2092
2444
2702
2842
2928
3006
2998
2955
2883
2742
2559
2397
2165
1828
1479
1164
818
508
292
87
-157
-600
-901
-1046
-1202
-1192
-1076
-881
-926
-1157
-1300
-1407
-1570
-1537
-1331
-1238
-1229
-1114
-1243
-2310
-3746
-4518
-4534
-4672
-4826
-4369
-3781
-3886
-4772
-5058
-4367
-3948
-3756
-2944
-1341
62
572
957
1671
2105
2012
2337
3517
4890
5672
5863
5775
5389
4818
4479
4414
4504
4434
3998
3361
2508
1605
621
-644
-1827
-2440
-2440
-2403
-2691
-3126
-3670
-4464
-5229
-5185
-4157
-2859
-1955
-1119
-248
511
1062
1626
2383
3167
3919
4724
5753
6362
6156
5632
5022
4538
4148
3807
3627
3019
1849
615
-357
-985
-1672
-2367
-2614
-2691
-2833
-3094
-3282
-3350
-3435
-3274
-2701
-1720
-956
-543
-273
-70
192
414
776
1361
1795
1800
1324
876
760
494
15
-250
-265
-1048
-3381
-6098
-7854
-8772
-9755
-10508
-10028
-9147
-9342
-10373
-10496
-9303
-8220
-7422
-5625
-2569
252
1935
3391
5255
6662
7228
8013
9743
11592
12465
12529
12256
11576
10410
9159
8194
7361
6346
5045
3501
1736
15
-1650
-3534
-5342
-6388
-6668
-6901
-7374
-7563
-7409
-7535
-7482
-6408
-4436
-2458
-900
745
2396
3585
4502
5710
7139
8197
8730
9094
9318
8968
7919
6646
5536
4462
3253
2100
1132
-2
-1666
-3502
-4762
-5439
-6022
-6543
-6681
-6418
-6290
-6311
-5935
-5075
-4027
-3049
-1904
-500
743
1490
1837
2198
2730
3264
3560
3559
3253
2647
1823
831
-71
-569
-935
-1477
-2086
-2651
-3711
-6158
-9346
-11513
-12121
-12159
-12328
-11885
-10812
-10556
-11338
-11401
-9578
-7228
-5573
-3548
-326
2995
4877
5921
7482
9063
9922
10522
11776
13397
13978
13254
11946
10530
9197
7968
6880
5766
4445
2806
700
-1619
-3639
-4977
-6015
-7232
-7982
-7838
-7306
-7149
-7284
-6804
-5693
-4471
-2901
-757
1650
3561
4725
5779
7004
8391
9657
10568
11091
11121
10684
9622
8096
6556
5087
3528
1569
-458
-2287
-4079
-5906
-7672
-8883
-9498
-9780
-9814
-9738
-9374
-8697
-7736
-6479
-4913
-2776
-489
1412
2890
4194
5488
6377
6875
7319
7580
7356
6564
5481
4192
2714
1286
41
-943
-1638
-2067
-2391
-2967
-3712
-4138
-4218
-4775
-6812
-9741
-11881
-12566
-12708
-13028
-12641
-11150
-10054
-10321
-10274
-7990
-4664
-2647
-1387
1255
5023
7529
8369
9452
11243
12147
11736
11719
12875
13563
12373
10119
8328
7194
5975
4410
2769
1267
-275
-2116
-4025
-5360
-5902
-6415
-7542
-8384
-7616
-5806
-4619
-4279
-3491
-1901
-442
829
2638
4822
6290
6918
7668
8768
9702
10210
10282
9632
8313
7246
6725
5695
3584
1270
-443
-2185
-4477
-6373
-7182
-7825
-9291
-10696
-10780
-10055
-9685
-9574
-8737
-7023
-5244
-3568
-1555
763
2863
4384
5662
7084
8337
9027
9106
8780
8195
7238
5896
4379
2883
1364
-423
-2238
-3592
-4289
-4626
-5182
-5671
-5518
-4909
-4417
-4203
-4134
-4918
-7422
-10467
-11801
-11092
-10221
-10091
-9401
-7971
-7404
-7971
-7510
-4779
-1920
-574
821
3724
6718
7802
7854
8816
10228
10663
10452
10826
11355
10606
8698
6886
5827
5157
4315
3182
1700
178
-1004
-2190
-3509
-4444
-4608
-4572
-4987
-5017
-3825
-2359
-1769
-1489
-201
1706
2892
3656
4858
6155
6445
6145
6810
8193
8751
7996
7024
6384
5284
3805
2853
2475
1504
-672
-2699
-3774
-4694
-6084
-7263
-7295
-7279
-8234
-9035
-8657
-7588
-7078
-6591
-4792
-2254
-301
967
2544
4497
5825
6554
7518
8600
8758
7747
6526
5471
4129
2424
1060
67
-1340
-3139
-4615
-5362
-5677
-5797
-5614
-5193
-4743
-4094
-3215
-2457
-1983
-2084
-3457
-6297
-9148
-10038
-9229
-8709
-9071
-9079
-8392
-8516
-9456
-8822
-5835
-2986
-2003
-954
1887
4718
5482
5416
6602
8338
8980
8971
9642
10530
10094
8464
7090
6645
6559
6122
5144
3701
2200
1029
19
-1213
-2258
-2487
-2444
-3040
-3727
-3189
-1844
-1232
-1298
-676
959
2295
2669
3000
3909
4827
5006
4968
5656
6740
7043
6217
5331
5129
4951
4278
3432
2563
1238
-605
-2181
-3221
-4208
-5156
-5741
-6258
-7243
-8107
-8043
-7426
-6955
-6290
-4775
-2938
-1758
-987
297
2060
3486
4516
5623
6530
6518
5686
5018
4791
4191
2831
1348
264
-700
-1743
-2407
-2513
-2663
-3215
-3692
-3599
-3148
-2606
-1870
-1068
-517
-473
-1439
-3935
-7268
-9433
-9608
-9154
-9234
-9234
-8752
-9085
-10546
-10980
-8836
-5733
-3905
-2700
-473
2139
3464
3904
5251
7535
9141
9621
10029
10789
10996
10125
8874
8034
7718
7526
6858
5494
3911
2630
1301
-489
-1936
-2138
-1903
-2797
-4484
-5154
-4380
-3597
-3569
-3213
-1761
-292
174
304
1318
3023
4226
4642
5139
6308
7265
6987
6167
6138
6771
6562
5189
3998
3306
2145
250
-1298
-1969
-2755
-4152
-5631
-6654
-7245
-7629
-7683
-7451
-6960
-6106
-5093
-4136
-3179
-1811
-2
1685
3079
4297
5203
5380
4992
4883
5225
5383
4895
4054
3064
1697
228
-620
-758
-1161
-2179
-2883
-2857
-2796
-3141
-3010
-1944
-1201
-1605
-2506
-3434
-5411
-8634
-10732
-10250
-9071
-9370
-10236
-9978
-9762
-10819
-11074
-8432
-4804
-3219
-2791
-881
1954
3518
4249
6169
8813
10045
9902
10078
10811
11000
10514
10117
9831
9153
8288
7270
5605
3674
2536
2015
841
-811
-1649
-2036
-3491
-5425
-5571
-3994
-3068
-3390
-3257
-2176
-1548
-1715
-1101
957
3058
4114
4677
5437
6151
6386
6429
6762
7187
7200
6697
5709
4277
2713
1394
424
-394
-1310
-2392
-3716
-5360
-6865
-7477
-7243
-6971
-7047
-7012
-6511
-5936
-5469
-4534
-2736
-720
837
2085
3309
4297
4770
5083
5725
6333
6228
5421
4467
3654
2766
1641
511
-366
-1176
-2056
-2821
-3198
-3286
-3349
-3239
-2697
-2040
-1953
-2708
-4377
-6959
-9605
-10673
-9818
-8966
-9513
-10315
-10296
-10580
-11460
-10604
-7098
-4018
-3632
-3587
-1308
1599
3011
4303
7083
9563
9752
9152
9810
11002
11210
10796
10610
10256
9352
8332
7354
6106
4896
4197
3368
1773
173
-604
-1444
-3190
-4464
-3795
-2514
-2708
-3855
-4072
-3498
-3441
-3345
-1893
364
1696
1923
2237
3001
3779
4669
5900
6877
7016
6598
6022
5227
4360
3876
3601
2757
1293
-83
-1068
-1990
-2917
-3578
-4042
-4700
-5662
-6563
-6917
-6597
-5964
-5345
-4591
-3414
-2094
-1130
-459
437
1629
2757
3651
4328
4610
4389
3937
3487
3069
2686
2267
1390
-67
-1382
-1953
-2357
-3229
-3942
-3624
-2767
-2390
-2289
-1904
-2144
-4438
-7992
-10002
-9357
-8162
-8349
-9002
-8840
-8977
-10591
-11558
-9284
-5451
-3899
-4457
-3736
-1171
672
1352
3262
6450
8018
7270
6964
8503
10135
10495
10507
10951
11051
10259
9174
8475
8187
8016
7395
5884
4149
3046
2230
758
-814
-1147
-845
-1562
-3252
-4294
-4386
-4715
-5190
-4733
-3378
-2331
-2084
-1994
-1654
-997
149
1708
3151
3943
4065
3723
3212
3180
3897
4712
4631
3473
2119
1259
1008
1048
1008
603
-326
-1657
-2954
-3526
-3122
-2442
-2421
-3075
-3522
-3301
-2778
-2223
-1442
-514
31
104
241
868
1625
1985
1866
1614
1470
1035
114
-704
-839
-703
-1136
-1916
-2174
-2016
-2195
-2354
-1650
-1094
-2761
-6171
-8420
-8342
-7725
-7943
-7963
-7373
-7939
-10167
-11316
-9323
-6273
-5187
-5413
-4591
-3080
-2516
-1974
540
3945
5357
4741
4610
5869
7225
8079
9139
10360
10717
9991
9100
8921
9510
10119
9881
8734
7465
6397
5030
3603
3162
3512
2995
1064
-797
-1693
-2450
-3399
-3610
-2967
-2835
-3766
-4588
-4473
-3953
-3565
-3090
-2341
-1692
-1322
-970
-389
256
729
1043
1352
1742
1897
1652
1430
1704
2090
2063
1846
1770
1495
724
131
332
754
589
37
-310
-529
-865
-857
-158
517
359
-329
-618
-360
-89
63
284
354
-106
-874
-1325
-1369
-1424
-1695
-2142
-2793
-3529
-3844
-3426
-2670
-2146
-1903
-2043
-3210
-5454
-7285
-7271
-6148
-5661
-6003
-6281
-6763
-8128
-9139
-7969
-5424
-4004
-4093
-3995
-3220
-2669
-2040
-186
2215
3214
2639
2153
2641
3706
5098
6717
7733
7454
6462
5899
6137
7053
8438
9398
8973
7483
6227
5793
5927
6416
6914
6536
4961
3169
2155
1873
1973
2290
2158
831
-997
-1792
-1497
-1337
-1550
-1503
-1689
-2947
-4175
-3684
-2276
-2012
-2759
-2971
-2843
-3492
-4166
-3433
-2035
-1722
-2316
-2400
-1854
-1511
-1299
-598
374
945
1090
1216
1433
1676
1997
2400
2768
3034
3094
2736
2073
1680
1780
1823
1336
639
149
-393
-1226
-1899
-2009
-2051
-2636
-3457
-3844
-3860
-4014
-4220
-4039
-3635
-3649
-3926
-3738
-3018
-2329
-1863
-1256
-826
-1458
-2936
-3747
-3202
-2348
-2133
-2201
-2292
-3089
-4541
-5146
-4160
-2894
-2621
-2871
-2934
-3119
-3430
-2909
-1403
-212
-108
-382
-360
-91
624
2078
3595
4149
3904
3702
3782
4214
5389
7025
7896
7520
6814
6508
6492
6887
7965
8923
8579
7163
5904
5276
5015
5081
5270
4784
3287
1578
434
-152
-364
-332
-657
-1867
-3375
-4211
-4322
-4195
-3888
-3566
-3934
-5055
-5788
-5380
-4502
-3909
-3460
-3025
-3062
-3483
-3339
-2249
-902
32
618
1046
1287
1483
1931
2612
3180
3370
3080
2357
1617
1358
1475
1363
787
86
-603
-1451
-2249
-2474
-2254
-2381
-3102
-3756
-3888
-3854
-3948
-3847
-3387
-3040
-3138
-3290
-3025
-2495
-2094
-1843
-1485
-950
-442
-89
222
636
921
639
-117
-683
-757
-787
-1101
-1415
-1619
-2167
-3128
-3772
-3661
-3317
-3296
-3414
-3351
-3245
-3165
-2763
-1923
-1090
-601
-273
158
717
1416
2232
2936
3316
3558
3885
4246
4601
5125
5797
6162
6073
5937
6083
6358
6548
6668
6641
6276
5640
5052
4667
4374
4035
3559
2914
2198
1608
1203
874
587
287
-180
-783
-1227
-1355
-1392
-1567
-1781
-1963
-2193
-2328
-2137
-1724
-1390
-1184
-942
-714
-586
-372
-2
241
167
35
125
345
486
511
357
-94
-656
-965
-943
-861
-975
-1332
-1929
-2634
-3098
-3118
-2949
-2979
-3284
-3688
-4016
-4151
-3924
-3435
-3095
-3156
-3414
-3486
-3253
-2863
-2428
-2033
-1780
-1737
-1800
-1653
-1154
-489
42
306
411
483
539
591
659
699
571
226
-241
-646
-903
-1086
-1277
-1515
-1714
-1815
-1845
-1809
-1651
-1413
-1251
-1194
-1107
-882
-599
-315
46
527
1022
1423
1794
2249
2776
3244
3602
3920
4250
4523
4691
4829
4998
5142
5134
4979
4798
4644
4499
4358
4196
3986
3713
3385
3005
2612
2330
2164
1938
1561
1171
906
721
546
419
370
316
179
20
2
119
174
70
-65
-102
-75
-107
-182
-256
-445
-810
-1206
-1436
-1522
-1710
-2118
-2630
-3101
-3438
-3593
-3613
-3627
-3749
-3977
-4154
-4128
-3849
-3468
-3251
-3305
-3466
-3549
-3471
-3249
-2945
-2695
-2636
-2680
-2662
-2487
-2206
-1891
-1561
-1293
-1115
-949
-691
-366
-115
14
65
108
179
297
451
575
641
638
607
654
802
957
1037
1048
1035
1003
960
1022
1189
1326
1352
1274
1220
1235
1288
1368
1488
1639
1743
1769
1786
1870
2004
2091
2093
2016
1861
1641
1434
1334
1323
1299
1189
1036
874
720
618
615
697
799
869
874
891
979
1126
1299
1463
1619
1716
1699
1658
1692
1787
1842
1775
1659
1569
1473
1333
1190
1052
863
543
142
-166
-343
-539
-846
-1218
-1528
-1746
-1932
-2050
-2075
-2092
-2193
-2365
-2449
-2341
-2148
-2048
-2076
-2125
-2130
-2133
-2142
-2074
-1916
-1797
-1802
-1858
-1863
-1827
-1819
-1822
-1783
-1680
-1586
-1546
-1540
-1525
-1463
-1345
-1198
-1028
-845
-676
-582
-575
-516
-321
-81
67
157
269
353
324
272
327
455
508
477
470
529
611
672
772
974
1207
1346
1389
1474
1631
1756
1780
1753
1734
1691
1559
1386
1283
1220
1096
888
682
525
362
184
56
34
73
73
9
-63
-101
-91
-31
88
230
327
330
284
315
454
604
694
714
718
719
779
937
1117
1191
1113
955
851
861
928
939
823
595
352
215
225
287
261
132
-21
-139
-189
-167
-129
-178
-378
-621
-760
-776
-779
-815
-890
-1016
-1184
-1322
-1341
-1301
-1319
-1393
-1430
-1365
-1233
-1077
-918
-793
-705
-598
-411
-149
88
254
353
395
424
480
542
536
430
285
160
-10
-233
-412
-520
-629
-791
-929
-999
-1084
-1196
-1252
-1185
-1078
-1017
-941
-802
-604
-381
-152
121
373
523
591
645
739
844
911
963
1015
1013
911
769
668
620
581
542
494
403
235
21
-148
-222
-235
-254
-305
-375
-450
-516
-526
-455
-363
-309
-299
-258
-155
-31
78
183
299
422
525
604
694
796
863
880
872
876
859
802
776
820
869
833
735
634
531
390
237
141
53
-116
-339
-527
-637
-726
-846
-973
-1078
-1162
-1211
-1187
-1073
-923
-810
-740
-646
-488
-267
-4
271
540
761
905
999
1083
1162
1219
1233
1190
1093
940
751
565
390
218
39
-171
-412
-651
-818
-884
-896
-933
-1014
-1104
-1170
-1171
-1075
-872
-619
-435
-361
-325
-241
-94
86
288
487
623
654
648
691
783
825
783
722
693
662
574
458
360
262
117
-23
-93
-112
-177
-327
-466
-538
-570
-610
-650
-656
-658
-698
-733
-697
-592
-494
-453
-439
-399
-326
-247
-162
-50
72
168
200
221
290
399
494
559
610
634
595
515
470
489
511
448
325
185
62
-45
-140
-203
-258
-369
-530
-673
-728
-700
-665
-653
-647
-646
-658
-643
-532
-330
-146
-61
-33
45
175
343
525
716
854
876
800
737
756
827
873
817
650
422
215
95
64
69
22
-153
-413
-612
-658
-582
-465
-385
-395
-485
-582
-567
-403
-176
21
126
143
114
121
220
376
513
573
593
575
549
562
632
706
717
656
571
515
481
458
437
401
329
207
87
0
-74
-156
-256
-347
-427
-516
-614
-703
-756
-776
-783
-767
-730
-688
-659
-620
-551
-445
-327
-223
-112
17
162
273
350
417
462
477
468
483
501
479
399
276
156
55
-36
-135
-252
-393
-540
-663
-735
-775
-807
-834
-862
-865
-826
-734
-612
-497
-388
-279
-164
-36
104
253
395
502
563
606
674
753
792
772
715
656
596
523
446
372
273
120
-32
-114
-135
-149
-183
-231
-294
-365
-399
-370
-304
-250
-248
-261
-252
-204
-121
-20
60
90
91
119
189
285
369
408
392
356
385
477
572
617
585
506
429
388
404
431
403
299
159
43
-3
3
13
-17
-103
-227
-334
-385
-376
-330
-321
-359
-403
-400
-346
-258
-175
-102
-63
-59
-54
-15
53
104
116
112
118
114
96
81
60
11
-60
-122
-169
-214
-274
-334
-382
-411
-426
-420
-404
-399
-418
-432
-407
-358
-292
-214
-148
-114
-90
-49
-5
37
79
118
141
143
143
136
110
77
68
90
130
160
163
151
123
94
99
136
186
211
190
145
119
138
178
217
232
217
173
119
112
131
135
104
53
12
-20
-30
-14
13
16
-14
-37
-29
-6
19
42
72
91
107
138
180
226
252
261
267
279
292
301
307
296
261
196
131
85
49
15
-24
-65
-126
-192
-247
-261
-237
-226
-240
-263
-283
-307
-305
-268
-219
-188
-192
-211
-220
-207
-183
-146
-117
-113
-141
-175
-167
-117
-70
-52
-53
-61
-67
-72
-55
-14
32
51
48
57
77
87
72
59
39
2
-38
-74
-91
-118
-163
-211
-247
-265
-283
-287
-269
-252
-247
-244
-223
-178
-131
-70
-3
53
100
144
190
247
309
349
374
381
382
381
360
336
318
295
254
202
157
115
56
-4
-37
-43
-53
-61
-58
-53
-56
-40
-2
53
98
121
126
129
146
183
230
271
287
261
225
203
202
232
257
253
206
132
64
32
38
65
72
44
-15
-71
-108
-89
-48
-33
-57
-120
-171
-193
-180
-144
-132
-159
-215
-268
-286
-266
-229
-210
-209
-230
-253
-242
-199
-156
-129
-119
-132
-139
-126
-95
-59
-37
-40
-61
-72
-71
-63
-60
-75
-110
-150
-180
-192
-191
-191
-195
-218
-235
-239
-218
-184
-153
-135
-116
-96
-71
-33
6
49
79
97
125
162
186
207
214
213
204
196
204
230
250
248
228
194
161
146
144
149
142
113
89
76
71
93
126
141
142
133
119
111
111
120
119
102
84
82
88
95
107
119
132
133
121
113
108
99
99
112
121
113
93
79
76
88
107
111
96
59
7
-28
-37
-36
-43
-72
-123
-175
-210
-222
-218
-211
-219
-235
-248
-240
-210
-171
-130
-94
-76
-67
-56
-36
-23
-8
-1
-4
-9
-24
-48
-64
-76
-97
-124
-149
-169
-194
-226
-250
-265
-275
-263
-248
-220
-186
-159
-142
-129
-98
-59
-15
18
39
47
48
44
50
69
99
113
110
103
89
62
29
5
-14
-17
-7
17
47
64
54
31
12
8
31
65
93
106
103
102
117
134
151
162
141
108
76
64
83
118
137
132
112
87
82
107
147
180
196
205
203
200
210
208
175
108
45
6
6
51
96
97
60
12
-29
-59
-69
-82
-203
-348
-380
-271
-88
142
398
450
199
-169
-420
-506
-428
-104
353
655
656
456
139
-219
-474
-450
-210
54
230
254
125
-95
-239
-239
-157
-88
-71
-117
-226
-324
-341
-242
-125
-68
-84
-157
-253
-339
-335
-226
-72
51
81
7
-140
-285
-351
-316
-172
24
165
198
152
72
-38
-104
-79
9
74
111
167
230
271
312
355
362
306
217
103
-3
-84
-123
-97
-37
20
40
22
-48
-210
-429
-578
-588
-520
-379
-144
95
216
229
245
244
194
173
248
317
321
327
359
339
269
230
244
241
181
122
59
-20
-111
-140
-102
-60
-70
-111
-103
-56
2
72
134
145
39
-76
-109
-23
122
270
359
294
120
-100
-253
-315
-278
-161
-50
0
-43
-110
-163
-185
-181
-185
-149
-124
-157
-225
-209
-90
-8
23
89
180
133
-15
-60
-4
37
110
277
401
337
209
94
-31
-130
-81
4
-65
-166
-155
-161
-297
-330
-189
-157
-313
-397
-302
-266
-293
-143
120
246
252
321
363
267
164
159
169
139
185
251
168
-23
-166
-252
-347
-337
-201
-75
-76
-129
-145
-139
-99
47
270
451
561
625
619
531
405
295
193
68
-15
-58
-106
-184
-275
-336
-398
-408
-361
-262
-182
-221
-323
-383
-348
-245
-23
317
561
597
475
276
66
-93
-70
113
321
465
453
316
94
-119
-173
-112
12
75
54
-102
-308
-426
-416
-305
-105
115
184
42
-225
-456
-605
-634
-453
-109
168
224
209
183
17
-111
-41
108
104
75
179
124
-72
-72
143
245
195
267
204
-148
-513
-592
-420
-162
126
316
277
59
-241
-460
-358
-83
145
270
385
312
5
-145
-36
130
214
379
406
150
-93
-279
-436
-375
132
554
500
398
322
-95
-559
-361
164
196
137
405
354
-156
-379
-77
-42
-254
-12
225
10
-313
-285
-237
-421
-189
241
354
265
227
173
-168
-236
57
258
340
446
603
362
-8
-137
-150
-136
-198
-101
18
-60
-376
-664
-516
-323
-197
-43
248
317
-109
-280
-67
134
2
33
357
266
-79
-214
41
146
72
124
167
30
-266
-294
-143
-23
112
239
256
55
-131
-163
-148
-85
65
214
154
66
59
-49
-157
-280
-206
-175
-126
26
137
227
25
-17
57
100
24
99
290
145
-28
37
57
-145
-179
53
93
-96
-228
-278
-404
-486
-219
58
144
84
87
-8
-130
-5
154
168
134
229
270
134
131
184
169
55
-43
126
96
-52
-189
-152
-59
-135
-99
-10
59
-67
-261
-151
56
-29
-282
-239
48
110
102
237
191
8
-298
-313
2
220
427
302
278
180
20
-196
-309
162
382
294
144
347
178
-442
-488
-255
-55
-134
130
366
115
-168
-167
-50
-172
-256
18
104
-37
-135
-108
50
-90
-35
51
278
184
67
145
58
-208
-233
311
336
59
46
360
60
-371
-191
219
101
-227
148
100
-347
-593
-32
46
-216
-75
107
46
-392
-136
-135
-162
-163
260
268
-127
27
-53
-70
-229
172
183
-9
32
30
48
-208
-24
182
259
203
-51
11
-152
-58
-221
81
307
246
82
-79
195
-393
-494
-137
189
94
64
398
-68
-274
-143
-124
-81
148
334
32
-211
102
64
-102
-5
323
172
-369
-178
137
182
-18
282
550
-3
-171
36
18
-236
-169
221
43
23
101
-254
-370
-107
63
-46
-16
323
-148
-378
-240
103
205
-119
418
356
-75
-173
52
75
-258
-20
282
29
127
185
0
-202
-349
76
-99
-106
101
27
-61
-357
128
159
-51
170
50
0
-416
-367
8
-140
120
242
243
96
-81
-54
-207
-196
63
-89
-9
236
346
118
-17
140
-63
-265
-67
186
179
126
-67
323
38
-156
126
88
-84
-156
132
37
-233
281
108
-243
-11
115
124
-348
79
-82
-346
-334
83
87
18
119
18
-227
-176
-189
-267
67
86
283
-171
447
17
35
232
-85
215
-316
115
-371
88
217
11
201
-75
480
-432
-144
-228
-132
-14
-133
374
158
196
-20
-33
-282
-48
38
-185
-2
44
238
-185
106
344
-41
-224
-208
102
-144
117
76
193
10
-23
-18
55
209
108
87
98
27
-211
-110
141
71
-288
204
222
-415
1
74
-356
-312
34
52
-102
46
119
-37
-194
-219
182
-27
-41
104
230
-25
-47
168
-24
32
158
233
201
246
-100
-156
-274
-275
46
-89
-43
226
186
-183
-364
-29
-256
-413
86
305
165
-117
109
23
-147
-153
60
107
-74
-9
-141
109
-108
-98
128
85
242
170
185
149
-229
-61
-179
71
166
108
527
158
-22
100
-248
-335
-196
306
179
-94
298
-134
-339
-184
-49
67
-40
205
-103
-114
-10
-79
0
-38
109
-78
73
-7
-217
64
-137
11
131
230
160
-100
-22
-35
-56
275
74
136
158
142
28
-168
299
-157
-105
-292
-38
49
-229
159
-127
-37
-287
-138
-4
-354
143
-15
94
-44
-18
285
-140
69
-148
323
30
-133
227
-200
109
-253
180
-71
109
226
-174
-34
129
-100
-206
169
92
37
55
14
47
-259
200
-8
-207
104
44
118
-375
76
66
-144
-172
0
70
-185
-19
-83
-47
-11
-159
124
87
170
211
-75
154
147
109
40
-5
197
-51
77
231
-202
166
233
-194
-175
15
33
-342
-70
111
117
1
-59
80
-118
-289
-155
-130
112
-13
136
-268
-102
113
-285
-102
-32
340
-57
133
186
20
0
-69
157
-26
314
184
24
276
-223
162
-363
0
144
-123
215
-358
261
-39
-392
92
-103
62
-314
201
158
-177
30
-86
-32
-4
1
49
-6
34
-84
-105
-27
139
96
32
152
146
8
-4
110
-201
81
26
-38
44
93
142
-245
171
-111
-228
-58
48
139
-136
259
-49
-101
-76
-69
-139
-202
221
-96
1
-34
213
-132
-251
180
-22
137
-211
122
12
-72
46
-8
220
-73
119
-73
63
62
-185
72
108
136
-102
-63
19
-140
-117
89
10
15
34
-95
-182
-135
107
26
-47
135
73
37
-73
52
-43
115
160
-99
210
87
131
-333
90
128
-104
-26
26
224
-264
45
-89
-148
22
-24
-4
-65
298
-39
-194
148
-61
-65
67
157
-79
-9
182
-193
28
29
-111
57
-50
-72
-100
-16
12
-77
74
59
-65
-19
40
55
-120
114
144
-102
-36
140
49
-191
92
42
-235
-54
-38
76
-184
11
-120
45
80
-80
3
-25
106
-137
47
138
57
-16
12
54
-17
-100
53
31
73
48
-46
105
-40
-105
20
33
37
106
39
-39
-2
135
-259
-118
32
12
61
-130
130
-1
-58
-152
-39
274
-79
3
69
105
-7
-117
108
36
49
20
42
26
-54
-14
17
-123
42
-28
153
-84
-16
-49
-29
47
-86
80
-69
79
9
-28
48
125
-129
36
79
-61
-26
157
131
-303
93
232
-198
-130
112
51
-154
-99
106
-131
11
14
-3
-66
87
82
-193
136
92
27
-75
173
104
-201
98
40
-16
66
-124
-36
-170
3
67
-75
108
-99
43
-114
-98
128
-75
54
155
63
-167
35
-71
-52
-23
54
68
-151
258
-169
-59
-24
-69
-92
-119
186
-67
42
145
-97
36
-35
126
-87
9
37
10
-60
-146
160
-63
-69
-8
127
124
-160
-106
231
-62
-162
235
60
16
-16
-52
105
-282
147
63
-10
131
-133
173
-121
-83
163
-93
26
-91
191
-65
-148
168
-13
68
-94
242
17
-199
109
95
-111
-209
228
2
-294
-29
122
-125
-193
195
-88
-26
91
-81
-69
-133
229
-144
86
177
-134
58
-80
107
-144
-124
120
-42
128
-131
15
235
-211
97
5
45
177
-121
40
29
128
-100
-115
206
24
-116
28
81
40
32
-44
-62
10
67
-164
-33
172
0
-37
7
111
-97
-121
49
97
-27
-87
165
-6
-6
-43
37
132
-132
12
-14
-16
10
-28
1
-13
83
-105
-78
107
-43
-151
-68
237
-148
-115
109
68
-107
-50
-5
14
5
-74
-16
105
11
-118
73
-9
8
-36
-9
-70
163
-14
-178
113
163
-148
-196
219
102
-168
48
91
60
-229
131
82
-209
126
9
160
-140
128
36
-132
104
-172
185
-190
117
59
-73
91
-30
136
-211
56
41
-118
-47
-23
230
-130
-14
112
-45
-31
-54
30
-51
104
-53
-18
113
43
-120
-126
149
-93
-90
76
79
-34
-99
29
4
-122
-6
45
-48
13
34
-51
-74
62
77
-45
-61
94
24
-131
-52
152
-25
-65
160
-33
-69
-17
-16
-11
-61
235
-64
13
56
-118
97
-53
16
55
27
128
-177
207
15
-214
191
-47
-6
-42
240
-119
-79
207
-41
-22
-2
104
-63
-80
48
-10
-5
118
-15
-43
87
10
-114
-44
122
-136
-95
167
-124
52
44
-61
-11
-26
34
-166
90
-33
-78
112
-52
-51
-13
-13
-4
-80
55
39
14
52
-59
-14
57
-51
-101
-16
153
-64
-100
42
108
-23
-101
2
182
-160
-100
132
-17
-65
7
46
38
-56
46
7
-122
189
-116
-81
63
123
-109
8
35
82
-94
-10
31
160
-86
-124
130
19
-94
-85
163
6
19
-69
-1
144
-83
-34
-16
99
-44
-182
179
5
-108
81
65
39
2
-58
14
-34
-12
-61
99
-54
31
20
-93
45
-17
43
-213
139
97
-225
85
-6
97
-192
-67
259
-142
-99
116
111
-15
-132
166
61
-178
-35
161
-26
-112
85
50
-31
-138
117
-35
-18
77
-72
33
85
-28
-73
94
26
-23
-88
86
72
-55
-70
133
15
-21
11
-86
144
-70
-112
8
91
-24
-53
113
-49
21
5
-89
24
77
-45
-145
216
-10
-54
37
-61
173
-246
6
152
-1
-108
102
75
-177
106
-79
4
-36
86
-100
-65
287
-162
-129
170
-28
-94
-59
73
-23
-113
50
34
73
-43
-29
44
8
-75
-29
144
-59
-14
5
23
18
-171
70
-53
-16
-25
10
43
-49
19
-59
33
-58
22
24
-7
14
4
-18
92
24
-96
56
77
-40
-112
159
27
-63
3
90
57
-90
51
-51
130
-129
-10
96
10
3
-145
192
-80
-60
88
-28
39
-111
194
-154
6
159
-99
93
-156
245
-53
-185
145
-32
40
-96
-22
148
-142
47
-49
-51
72
-75
22
-23
113
-74
3
31
-53
-93
1
68
-100
-57
147
19
-182
24
150
-217
-6
107
-120
136
-9
7
-28
57
-17
-49
12
24
-10
-37
8
88
-73
-74
120
-31
-74
-33
101
-4
-119
137
47
36
-1
-59
187
-124
-20
-79
216
18
-253
262
-36
-69
-28
-29
86
-94
78
1
45
32
-19
46
-112
89
-28
-106
-46
132
-67
-76
88
88
-81
34
45
-56
5
9
-38
-31
102
-51
-56
6
86
-87
-89
99
14
-4
42
-59
67
-11
-89
-10
-109
132
-61
-77
105
-13
21
-61
71
37
-73
51
42
-46
-16
71
-53
-59
73
17
-57
72
-23
24
-66
41
24
-76
69
-62
53
-86
-29
30
-63
53
-16
43
99
4
-18
16
62
-148
-10
69
-63
16
-66
99
-69
20
48
-32
60
-92
111
-14
-101
54
-21
23
-63
-27
81
-29
-12
-6
-8
-62
0
57
-68
-78
122
96
-174
58
135
-20
-68
-6
73
36
-115
-22
93
-1
-69
-86
153
-33
-78
30
-16
104
-80
17
110
2
26
-48
86
22
-62
-39
86
46
-71
9
136
-32
-67
20
48
-51
15
32
-60
85
-14
-86
-83
69
49
-137
3
104
50
-135
-47
108
10
-108
-71
174
16
-142
-22
147
9
-179
109
98
-96
-56
48
-4
-56
23
-3
-52
47
-11
-146
66
-24
-12
-70
101
48
-122
13
18
15
-141
72
75
-34
-46
62
109
-95
33
34
31
-2
-69
16
14
10
-160
23
50
-19
-64
-27
140
-24
-30
-20
50
5
-14
0
48
24
67
-81
-74
146
-2
-72
10
120
50
-153
45
24
-38
-36
1
68
38
-1
36
12
-34
13
7
16
-65
89
8
-68
-4
25
-34
-82
101
35
-48
105
58
-35
2
48
40
-46
-9
3
-4
16
-77
-65
60
-26
-24
-111
42
128
-181
-39
39
74
-129
9
148
-63
2
44
-63
-35
34
-70
1
4
29
19
-89
45
-10
48
-54
-23
168
-83
-8
57
20
-31
-32
105
-100
33
78
-72
60
-6
24
-15
47
9
-39
80
-78
20
2
-68
25
6
-18
-68
57
23
-97
-49
94
24
-48
8
37
31
-64
-32
-6
43
69
-95
-24
81
5
-166
-40
117
10
-87
37
44
-22
-58
-123
2
107
-48
-123
18
126
-74
-147
51
117
-43
-43
27
122
-37
-114
63
-55
53
-36
-31
66
33
50
-99
74
93
-60
-40
0
145
-70
-33
73
62
-56
-53
86
-37
41
5
0
91
-8
-34
15
24
2
-53
56
37
-25
-6
21
19
36
-57
-10
138
-66
-79
-10
121
-24
-131
111
59
-4
-41
-13
34
-33
7
-87
-24
193
-101
-35
92
15
-76
-65
38
-12
-17
15
-4
22
-25
-76
-17
-33
-15
-30
10
79
-37
-4
45
-39
14
-38
59
-12
-52
48
-17
7
-60
29
-2
-17
-7
-22
49
-39
34
6
-8
14
57
-98
-73
123
-69
-33
39
44
5
-30
-9
12
16
-56
57
74
-35
-13
65
45
-117
-19
107
-8
-57
-2
73
-16
-13
-66
13
93
-60
-42
13
87
-39
-101
6
97
-1
-102
-30
97
12
-85
-30
135
12
-61
47
24
-7
-57
-15
17
-2
-26
-1
4
-8
-11
-28
12
70
-5
-46
34
14
-7
-57
-11
64
-33
-42
27
25
-38
-22
-12
5
-7
-2
-41
0
0
-9
10
-1
56
-7
20
83
17
9
12
40
-21
-42
-5
40
-8
-69
23
36
4
-16
-2
39
78
-58
-3
56
29
-45
-49
80
-34
14
-14
-2
37
-51
40
-2
15
-36
-36
57
-67
-71
39
51
-19
-65
17
86
-22
-84
27
42
34
-58
9
31
15
-31
-82
94
-39
-7
-45
-8
45
-4
-4
-33
69
-40
-47
72
-35
-50
18
7
-37
-10
55
-33
-18
29
-44
-8
41
-22
-96
79
48
-41
-8
53
44
-44
23
16
42
17
-64
16
6
-43
-68
34
-1
-59
47
63
36
-21
1
34
-13
-35
-31
50
57
-91
-41
65
11
-76
-60
76
13
-54
10
24
-22
6
24
-15
29
56
-40
-56
2
-3
-16
-6
47
-3
36
22
-7
-23
-12
61
-41
-43
59
44
-17
-56
2
64
-19
-39
42
12
-14
-40
1
-6
21
-9
-77
58
1
-19
-36
61
32
-57
22
53
2
-16
-5
31
-20
34
-50
4
41
-43
-4
-34
81
-56
-28
61
-17
-19
-29
72
-50
-36
45
-25
34
-20
6
4
2
-27
-52
-21
10
13
-38
11
27
42
-14
-14
47
64
-30
-23
82
11
-41
6
60
-45
-16
34
-32
-3
-9
18
-11
11
35
-42
46
6
14
38
1
-9
33
-16
-22
-5
-15
28
-7
-24
-26
4
12
-56
-6
36
-12
-1
-11
-16
21
33
-72
17
52
-44
-47
25
-40
-57
87
-43
-44
30
21
-70
-16
23
-30
10
13
-3
-30
34
-6
-31
25
-1
-2
-17
11
8
2
18
28
28
-37
32
31
-21
4
-9
45
-32
-17
48
-37
-2
14
30
-13
-35
19
38
-63
-16
21
-8
-29
11
-15
-25
73
11
-39
10
97
-14
-80
3
41
-7
-86
-16
38
23
-47
-22
66
81
-32
-52
73
46
-27
-31
-10
67
-3
-69
-25
61
18
-113
-10
55
-26
-62
-21
18
53
-34
-3
77
15
46
-50
-11
51
6
-67
-24
69
-39
-62
19
67
-30
10
58
15
-2
20
-31
31
-27
-51
16
-16
16
-55
-5
46
34
-28
29
52
-19
-44
20
36
-38
-4
18
10
-12
14
-57
21
33
-47
-37
42
41
-66
-40
34
26
-19
-49
54
50
-48
-47
32
52
-44
-36
37
18
-27
-14
-10
20
18
-54
8
73
-12
-17
14
24
-11
-31
20
-5
-8
-18
-14
34
-19
-23
20
-10
1
-48
-11
38
5
-36
2
67
-25
-24
-15
51
-31
-60
57
24
-18
1
9
47
-51
5
18
-30
23
-16
2
-30
72
-22
-77
73
55
-38
-61
116
39
-93
-4
58
35
-88
-3
61
-1
-44
34
-11
1
23
-50
-10
12
-16
-15
-64
27
39
-35
10
24
40
-38
-23
57
-30
-44
35
25
10
-32
66
18
-44
4
6
14
-23
-10
30
-10
13
40
-27
-20
54
24
-62
20
54
-25
-7
-27
-19
6
2
-49
-47
64
37
-53
-18
40
24
-26
-79
33
30
-29
-64
14
39
-48
2
-25
7
10
-1
-32
-20
51
-17
-67
28
52
-34
-46
46
76
-57
-11
57
36
-38
-30
68
6
-12
-27
37
29
-22
-9
8
3
-6
-40
-39
22
-18
-16
-21
57
23
-2
31
30
27
5
25
3
17
-7
12
16
-17
-12
12
-4
-29
-19
9
11
-13
-15
28
-5
6
16
-35
18
11
-24
-30
1
-6
-16
-4
-4
7
-1
23
18
-24
2
28
21
-63
7
20
-14
-33
-35
44
-36
-11
-22
-6
38
-28
-10
19
17
-8
24
-15
12
29
5
-19
0
40
-29
-23
25
10
-32
-3
26
-43
-18
41
5
-61
48
20
-37
14
7
30
-6
26
20
12
33
21
12
-10
25
11
-32
-23
35
-6
-55
-6
34
-18
-36
11
-21
16
-18
-15
-16
7
13
-50
20
23
0
-2
-4
17
-13
-10
5
-11
17
23
-15
-15
19
6
-45
-34
6
13
-32
-12
-9
-2
13
-34
-16
17
28
-7
-42
32
31
0
-31
-4
48
-8
-49
7
28
17
-47
3
44
-31
1
3
33
-19
19
44
-5
16
19
26
8
-3
26
-16
23
11
-38
2
29
-9
-29
3
31
4
-13
12
0
31
-14
-49
29
41
-29
-60
57
18
-76
-2
26
-15
-29
-4
0
-13
18
-11
-38
25
22
-26
-33
24
36
-39
-26
44
29
-31
-34
37
7
-35
-17
9
8
-25
-15
15
1
-9
-1
11
11
7
4
-2
2
27
-16
-33
34
37
-27
-14
57
10
-26
-13
32
4
-40
11
12
-12
-12
4
2
-1
-2
-13
-8
21
-20
-20
12
16
-34
-27
31
10
3
-22
14
51
-6
-45
27
37
-26
-53
27
23
-50
-9
14
26
-9
0
39
13
9
0
2
24
4
-30
9
14
-14
-29
7
19
-14
6
4
11
7
-1
-5
-7
14
-12
-6
-1
-12
10
-22
24
3
11
12
4
37
-38
-6
7
-8
-36
-40
1
4
-47
-38
15
23
-35
-49
12
3
-21
-41
-1
30
-7
10
-7
27
56
-25
-1
2
42
-14
-51
23
16
-14
-31
28
12
1
14
13
14
31
27
9
45
27
29
30
42
35
-8
37
-3
6
4
-19
-11
2
1
-39
2
13
-5
7
-10
-9
19
-5
-32
-29
-10
-12
-48
-26
-12
-17
10
-40
-13
12
4
-12
-41
14
7
-27
-22
26
7
-26
4
22
-3
-35
16
23
-35
-25
21
4
-4
-26
23
17
-32
14
-3
6
2
-6
6
17
10
-16
30
27
-2
-16
19
15
-22
-31
-14
15
-19
-57
16
29
-8
-4
15
47
2
-2
12
7
-11
-14
11
-13
4
6
20
25
-15
33
14
-4
-11
-32
-4
-3
-36
-36
16
26
-19
-1
26
27
36
-11
6
51
6
-18
-19
24
8
-56
-11
11
-6
-42
8
42
-22
-6
45
19
-33
5
29
-17
-32
-19
17
-13
-20
2
20
2
-8
13
-1
8
-6
-7
-19
2
14
-21
-1
14
-5
0
-3
7
-8
2
6
3
8
20
22
17
12
13
16
7
0
-13
13
-4
-12
1
-7
1
-3
-14
-15
12
-2
-22
-12
21
2
-26
5
5
2
-10
-21
4
-17
-11
-3
-12
-13
-1
-1
-12
0
8
20
13
14
22
23
7
9
30
3
-22
-7
3
-29
-38
-18
-12
-17
-33
-6
-1
-4
-1
-24
5
22
-3
-18
29
25
-16
6
20
18
-5
12
15
1
16
10
0
2
25
-1
-13
0
13
11
-19
7
16
4
-5
-2
2
1
-17
-16
5
3
-16
-8
18
1
-20
-4
14
2
