1
0
0
0
0
0
0
0
0
-1
-1
0
-1
0
-1
0
0
0
0
0
-1
-1
0
0
-1
-1
-2
-1
0
-2
0
-1
-1
0
0
0
0
0
0
-1
0
1
0
0
0
0
0
0
1
1
0
1
1
0
0
0
0
0
0
0
0
1
0
0
0
1
0
0
0
0
0
1
1
1
0
0
0
0
0
0
0
0
0
0
0
0
0
0
1
0
0
1
0
0
0
0
-1
1
1
-1
0
0
-1
0
0
0
-1
0
-1
0
-1
-1
0
0
0
-1
0
-2
0
1
0
-1
0
0
1
-1
-1
0
-1
0
0
0
-1
-1
0
0
1
1
1
-1
1
1
0
0
0
0
0
0
0
1
0
0
1
2
1
1
0
0
0
1
0
0
0
1
0
0
0
0
0
0
0
0
0
0
0
0
1
0
-1
0
-1
0
0
0
1
-1
0
0
0
0
-1
0
-1
0
0
-1
-1
0
0
0
0
0
0
0
-1
0
0
0
1
1
-1
0
0
1
0
0
0
0
0
0
-1
0
0
-1
0
0
0
0
0
0
1
0
1
-1
-1
0
0
0
-1
0
0
0
0
0
0
0
1
0
0
0
0
0
0
-1
-1
-1
0
-1
0
0
0
0
0
1
0
0
0
0
0
1
0
0
0
0
0
1
0
0
0
0
1
1
1
0
-1
1
0
0
0
-1
0
0
0
0
0
0
0
-1
0
0
0
-1
0
1
0
0
1
0
-1
0
-1
0
0
0
0
0
0
0
0
0
0
0
0
0
1
0
0
0
0
0
0
0
1
0
0
0
0
0
-1
0
0
0
0
1
0
0
-1
0
0
0
0
1
0
1
1
0
1
0
1
0
1
0
-1
-1
0
1
1
-1
0
0
1
-1
0
-1
0
0
0
0
0
1
0
0
0
0
-1
0
0
-1
0
-1
0
0
-1
0
0
1
0
0
0
0
0
0
0
0
0
1
-1
0
0
0
0
-1
0
0
0
0
0
0
0
-1
-1
-1
1
0
0
1
1
1
0
1
0
1
0
0
1
1
0
1
0
-1
0
0
0
0
-1
0
0
0
0
0
1
0
1
0
1
0
-1
0
0
0
0
0
0
0
0
0
0
-1
-1
0
0
-1
-1
-1
0
0
0
0
0
0
0
0
1
-1
0
0
0
0
1
1
1
1
0
0
1
-1
0
0
0
0
0
0
-1
0
1
0
0
0
0
1
-1
0
0
0
-1
0
0
0
0
0
-1
0
0
0
0
0
-1
0
1
0
0
-1
1
0
0
0
0
0
0
0
0
0
1
1
0
0
1
1
0
1
0
-1
-1
-1
0
0
1
0
0
0
-1
-1
0
0
0
-1
-1
1
0
0
0
1
0
0
0
-1
0
1
-1
0
-1
0
1
0
1
0
0
0
0
0
0
0
0
0
0
0
-1
0
0
1
1
0
0
0
1
0
0
-1
1
0
0
0
0
0
0
0
0
0
-1
0
0
0
0
1
0
0
0
1
0
0
1
-1
-1
0
0
0
0
0
-1
0
0
0
0
0
0
-1
0
0
-1
0
0
-1
0
-1
0
0
0
-1
0
0
-1
-1
0
0
0
0
-1
0
0
0
1
1
0
0
0
0
0
-1
1
0
-1
0
1
0
0
0
0
0
0
0
0
0
1
0
0
0
1
0
1
0
-1
1
1
0
0
-1
0
1
0
0
1
0
0
0
-1
0
0
0
-1
0
0
0
1
1
0
-1
0
0
0
0
-1
0
0
0
-1
0
0
0
0
0
0
1
0
0
1
0
0
1
0
0
0
1
0
0
-1
0
0
-1
0
0
-1
-2
0
0
0
0
0
0
0
0
-1
0
1
0
-1
0
0
0
0
-1
0
1
1
0
0
-1
-1
0
0
0
0
0
1
1
0
0
0
1
0
0
0
-1
-1
0
0
1
0
-1
1
0
-1
0
-1
0
0
0
0
0
0
0
0
0
0
0
1
0
0
-1
-1
0
-1
0
0
0
0
1
0
0
0
1
0
-1
0
0
-1
-1
0
-1
-1
0
0
-1
0
0
-1
0
0
-1
0
0
0
0
0
0
0
0
0
0
0
1
-1
1
0
-1
-1
0
0
0
0
0
0
0
1
0
0
0
1
0
0
0
1
0
-1
0
1
1
0
0
0
0
0
0
1
0
1
0
0
0
0
1
-1
-1
0
0
1
0
-1
0
-1
0
0
0
-1
0
0
0
0
1
0
0
1
1
0
-1
1
-1
0
0
1
-1
1
1
0
1
0
1
0
0
1
0
1
0
0
-1
0
0
0
-1
0
0
0
0
-1
1
0
0
0
0
0
0
0
1
1
0
1
1
1
0
0
1
1
0
0
0
0
0
-1
0
-1
-1
-1
-1
-1
0
0
0
0
0
0
-1
0
0
0
0
0
-1
-1
0
0
0
0
0
0
0
0
1
1
0
0
-1
0
0
0
0
1
-1
0
-1
0
0
0
0
1
0
0
0
0
0
0
0
-1
0
-1
0
0
0
0
-1
1
1
0
0
1
-1
0
-1
-1
0
-1
0
0
-1
0
0
0
0
0
-1
1
0
1
0
0
1
0
0
0
1
0
0
0
-1
0
0
1
0
0
0
-1
0
0
0
-1
0
0
-1
1
1
-1
0
0
0
1
0
0
0
1
0
0
0
-1
1
0
0
0
-1
0
0
0
0
0
0
0
-1
0
0
0
0
-1
0
0
1
-2
0
0
-1
-1
-1
-1
0
0
0
0
0
0
0
0
1
-1
0
0
0
-1
-1
-1
0
0
0
0
1
-1
-1
0
0
0
0
1
0
-1
0
0
0
1
0
1
0
0
0
1
0
0
0
0
0
0
1
0
0
1
0
0
0
1
0
1
0
0
1
0
0
-1
1
0
-1
0
-1
0
0
0
0
-1
-1
0
0
0
0
-1
1
0
0
-1
0
0
0
-1
-1
0
-1
-1
0
0
0
0
1
0
1
0
0
0
0
0
0
0
0
0
0
-1
1
0
0
-1
0
0
-1
0
0
-1
0
0
0
1
0
0
0
1
-2
0
-1
0
-1
-1
-1
0
0
0
0
-1
0
0
0
0
0
-1
-1
0
0
0
0
0
1
0
0
0
-1
0
1
0
0
1
0
1
0
0
0
0
0
-1
0
0
0
0
0
0
0
1
0
0
0
0
1
-1
-1
-1
-1
0
-1
-1
0
0
-1
-1
0
0
0
-1
0
0
0
1
0
1
0
-1
-1
1
0
0
-1
-1
0
0
0
1
0
0
0
1
0
0
0
0
0
1
0
1
0
0
0
1
0
1
0
0
0
-1
0
0
0
0
0
0
0
1
0
-1
0
0
0
0
0
0
0
0
0
1
1
0
1
0
0
0
0
0
0
-1
0
1
0
0
1
0
0
0
0
0
0
0
0
0
0
1
1
-1
0
0
0
0
-1
0
0
0
0
2
1
0
1
1
-1
0
0
-1
-1
-1
0
0
0
0
-1
0
0
0
0
-1
0
0
-1
-1
0
0
0
-1
0
0
0
0
0
-1
0
1
0
0
0
0
0
0
0
0
0
0
0
1
0
0
0
0
0
0
0
1
0
-1
0
-1
1
1
0
1
1
-1
1
0
0
0
0
0
-1
1
1
0
1
1
0
0
0
0
1
0
-1
0
0
0
0
0
-1
0
0
-1
0
-1
-1
0
1
-1
0
0
-1
0
0
0
0
0
1
1
0
0
0
-1
0
0
0
0
1
0
0
0
0
0
0
1
0
1
-1
0
0
0
0
-1
0
0
0
1
-1
0
-1
1
1
0
1
0
0
0
0
1
0
0
0
0
1
0
0
0
0
0
0
-1
0
0
0
-1
-1
-1
0
0
0
0
0
1
0
0
-1
0
-1
0
-1
0
0
0
0
0
0
0
0
0
1
1
0
1
0
0
0
0
0
0
0
-1
0
0
-1
1
0
0
0
1
1
-1
0
0
0
0
0
0
-1
-1
1
0
0
0
-1
1
0
0
0
0
0
0
0
0
0
-1
-1
0
1
0
1
0
0
0
0
0
1
0
1
0
0
0
0
0
0
0
0
0
0
0
1
0
0
-1
0
1
0
0
0
0
0
0
0
0
-1
0
0
0
0
0
0
0
0
-1
1
0
0
-1
0
0
0
1
0
0
0
0
0
0
-1
0
0
0
0
0
0
-1
1
0
1
0
0
0
0
0
0
0
0
0
0
1
1
0
0
0
1
-1
0
0
0
0
1
1
0
0
1
0
0
0
0
0
0
0
0
0
0
1
0
0
0
0
1
-1
0
-1
0
0
1
1
0
1
-1
0
0
0
0
0
0
1
1
0
-1
0
0
0
0
0
1
1
0
1
-1
0
1
0
0
0
-1
0
-1
0
1
0
-1
0
-1
0
0
1
1
0
0
0
1
1
0
1
1
1
-1
1
0
0
1
0
1
1
0
0
0
-1
0
0
0
1
0
-1
-1
1
0
0
1
0
-1
0
1
0
0
0
-1
1
0
1
0
1
0
0
0
-1
-1
0
0
0
0
0
0
0
0
0
0
0
0
0
0
-1
0
0
1
0
-1
0
-1
1
0
1
0
1
0
0
0
-1
0
0
0
0
0
0
0
0
0
0
-1
0
1
-1
0
0
0
-1
1
1
1
0
1
0
0
1
-1
0
0
0
0
0
-1
-1
0
0
-1
0
0
0
-1
-1
1
0
0
0
0
0
0
0
-1
0
0
0
0
0
0
0
0
0
0
-1
0
0
0
-1
0
-1
0
-1
1
0
0
1
0
0
0
0
0
0
1
0
0
0
-1
0
0
0
0
0
0
0
0
0
0
1
1
0
0
0
-1
0
0
0
0
-1
1
1
0
0
0
0
0
0
-1
-1
0
0
1
0
1
1
0
0
-1
0
0
0
0
1
0
0
0
0
0
0
0
0
-1
-1
0
0
-1
0
-1
0
-1
0
-1
-1
0
-1
0
1
0
0
1
0
0
0
0
1
0
0
0
0
0
0
0
0
1
0
0
0
0
0
1
0
0
0
0
0
0
0
0
0
0
0
0
-1
1
-1
0
0
0
0
0
-1
0
-1
0
-1
1
-1
0
0
0
0
0
0
-1
0
-1
0
0
0
0
-1
0
0
0
1
-1
-1
0
0
0
0
1
0
0
0
-1
-1
0
-1
0
0
0
0
-1
0
0
1
0
0
1
1
0
0
0
0
0
1
0
0
0
0
0
0
0
-1
-1
-1
-1
0
1
-1
1
0
0
0
0
0
1
1
0
0
0
0
-1
0
0
0
0
1
1
1
0
1
0
0
0
1
0
1
0
0
1
1
0
0
0
0
1
0
1
0
1
1
1
0
1
0
0
0
-1
-1
1
0
0
0
1
0
1
-1
0
0
-1
0
0
0
-1
-1
0
0
0
0
0
-1
-1
-1
0
-1
0
0
-1
-2
0
0
-1
0
0
-1
0
0
0
-1
0
0
0
0
1
0
0
0
0
0
0
0
-1
0
1
0
1
0
0
-1
0
-1
1
0
1
0
0
0
0
1
0
-1
0
0
0
0
0
0
0
0
0
0
0
1
1
-1
0
0
0
1
1
0
0
0
0
0
0
0
0
-1
0
0
0
-1
-1
-1
-1
-1
-1
0
0
0
0
0
0
1
-1
0
-1
0
0
0
1
1
1
1
0
2
2
2
1
2
2
2
1
1
2
2
3
2
2
2
1
1
2
1
1
1
1
-1
1
0
0
0
0
0
-1
-1
0
-1
-1
-1
-2
-1
-2
-2
-1
-2
-2
-2
-2
-3
-2
-2
-2
-2
-2
-2
-2
-2
-2
-3
-2
-2
-1
-1
-1
-1
-1
-1
-1
0
-1
0
0
0
0
0
0
0
0
1
0
0
0
0
1
0
1
0
1
0
1
0
0
0
0
0
0
-1
0
-1
0
-1
-1
0
0
-1
-1
-1
-1
-1
-1
-1
0
0
0
-1
0
-1
-1
0
1
1
0
1
2
1
2
1
2
2
3
3
4
4
4
5
5
5
6
5
6
6
6
6
6
7
6
6
7
7
6
6
5
6
6
5
5
4
4
4
4
2
1
1
1
1
0
0
-1
-3
-2
-4
-5
-5
-7
-7
-9
-8
-9
-9
-12
-13
-13
-14
-14
-15
-15
-16
-17
-17
-17
-17
-18
-18
-18
-17
-17
-19
-19
-20
-21
-21
-22
-20
-21
-20
-20
-20
-18
-17
-15
-13
-11
-10
-5
-2
0
2
5
9
11
14
18
22
26
32
36
40
45
50
54
57
61
63
67
70
73
76
80
81
81
81
79
78
76
74
71
66
62
58
53
46
39
32
26
19
12
4
-3
-11
-19
-27
-33
-41
-47
-53
-60
-65
-72
-78
-85
-90
-97
-104
-109
-112
-117
-119
-121
-124
-126
-129
-129
-132
-130
-131
-130
-130
-128
-127
-126
-125
-123
-122
-120
-116
-113
-109
-104
-100
-96
-88
-79
-70
-60
-47
-37
-24
-11
2
16
31
47
61
78
94
109
124
139
151
163
176
187
196
206
215
221
227
233
236
238
239
240
239
235
233
227
222
215
209
200
193
187
177
170
162
154
144
136
125
114
105
96
87
79
72
66
59
54
47
40
34
27
20
11
2
-9
-22
-34
-46
-59
-72
-85
-100
-117
-132
-147
-163
-178
-192
-207
-219
-232
-242
-252
-261
-270
-277
-284
-288
-293
-297
-300
-302
-303
-303
-301
-299
-294
-289
-285
-277
-273
-265
-258
-253
-248
-245
-239
-234
-232
-229
-228
-229
-228
-231
-233
-238
-241
-245
-253
-254
-253
-254
-249
-242
-231
-215
-196
-171
-141
-107
-69
-25
23
75
130
186
245
303
359
417
473
526
577
624
665
705
739
768
791
811
824
831
831
826
814
795
773
747
715
682
646
609
570
528
484
436
387
337
286
237
186
135
86
37
-11
-56
-99
-143
-185
-223
-258
-290
-321
-348
-373
-395
-411
-426
-437
-444
-447
-446
-442
-435
-425
-413
-394
-376
-360
-338
-315
-295
-272
-250
-231
-212
-195
-181
-168
-156
-142
-131
-123
-116
-111
-110
-109
-112
-116
-120
-125
-133
-139
-146
-152
-158
-165
-173
-182
-191
-201
-211
-221
-233
-243
-254
-265
-274
-284
-292
-300
-308
-317
-326
-336
-345
-355
-366
-375
-382
-388
-393
-398
-399
-401
-401
-402
-401
-398
-395
-388
-379
-367
-345
-316
-281
-237
-188
-134
-74
-8
60
128
199
270
343
413
484
552
622
692
761
827
889
948
1003
1054
1097
1133
1163
1183
1197
1202
1198
1188
1171
1148
1119
1085
1049
1009
965
918
869
815
754
688
617
542
463
378
289
196
102
5
-90
-185
-278
-370
-457
-540
-617
-689
-751
-806
-851
-887
-915
-931
-938
-935
-921
-898
-865
-825
-777
-721
-663
-605
-543
-481
-421
-362
-305
-250
-198
-151
-112
-75
-43
-18
4
20
31
36
38
36
32
24
17
9
0
-10
-19
-28
-38
-44
-52
-60
-67
-77
-85
-99
-115
-133
-155
-182
-210
-245
-283
-325
-373
-424
-480
-538
-600
-664
-726
-790
-854
-917
-979
-1034
-1084
-1127
-1163
-1188
-1203
-1206
-1193
-1165
-1120
-1053
-970
-870
-751
-616
-466
-305
-136
40
223
405
588
770
951
1129
1297
1456
1607
1746
1872
1982
2074
2150
2207
2243
2259
2257
2237
2204
2157
2094
2018
1933
1836
1733
1622
1503
1380
1252
1116
977
832
685
535
385
237
90
-53
-193
-328
-458
-579
-695
-808
-911
-1011
-1106
-1191
-1264
-1328
-1384
-1427
-1459
-1479
-1486
-1482
-1466
-1438
-1404
-1357
-1304
-1244
-1181
-1108
-1032
-951
-869
-785
-697
-612
-525
-435
-349
-266
-189
-118
-53
8
63
115
161
200
236
265
291
313
328
341
352
358
359
355
350
344
334
320
305
284
263
238
211
179
143
103
58
11
-45
-100
-157
-217
-288
-361
-442
-532
-627
-726
-827
-931
-1036
-1138
-1238
-1329
-1413
-1489
-1552
-1603
-1634
-1643
-1623
-1573
-1492
-1382
-1245
-1080
-889
-675
-442
-196
62
329
596
861
1123
1376
1613
1832
2027
2203
2356
2483
2579
2647
2686
2694
2673
2625
2557
2470
2367
2252
2125
1992
1855
1712
1568
1422
1274
1128
981
832
687
543
400
258
118
-21
-160
-294
-428
-559
-688
-811
-930
-1044
-1152
-1254
-1346
-1423
-1487
-1536
-1569
-1586
-1588
-1577
-1551
-1516
-1471
-1418
-1360
-1297
-1227
-1156
-1082
-1008
-928
-846
-767
-681
-593
-509
-427
-344
-261
-182
-100
-21
56
133
204
270
327
381
428
470
504
532
549
560
564
555
542
520
493
456
412
365
315
257
195
127
55
-21
-100
-183
-266
-348
-436
-524
-613
-704
-798
-893
-991
-1093
-1196
-1302
-1410
-1524
-1637
-1747
-1854
-1952
-2038
-2102
-2142
-2158
-2139
-2080
-1980
-1841
-1663
-1446
-1187
-895
-579
-242
115
484
860
1239
1611
1975
2320
2639
2926
3176
3386
3551
3666
3728
3735
3691
3599
3464
3295
3102
2888
2658
2420
2179
1946
1719
1504
1307
1118
945
780
623
474
335
201
69
-66
-204
-340
-477
-618
-760
-901
-1045
-1188
-1325
-1457
-1582
-1700
-1808
-1902
-1971
-2017
-2039
-2036
-2007
-1953
-1882
-1791
-1686
-1569
-1446
-1319
-1191
-1065
-944
-832
-725
-631
-547
-476
-412
-351
-299
-251
-205
-157
-107
-54
7
69
136
207
281
354
424
494
562
624
674
710
736
750
750
737
707
667
614
550
474
390
294
197
92
-18
-131
-249
-369
-492
-616
-746
-873
-1006
-1144
-1285
-1439
-1605
-1781
-1959
-2132
-2301
-2466
-2615
-2736
-2823
-2872
-2871
-2814
-2694
-2513
-2276
-1984
-1638
-1251
-829
-382
87
570
1063
1555
2033
2495
2927
3320
3670
3968
4215
4400
4517
4563
4538
4451
4298
4094
3846
3566
3263
2939
2607
2273
1949
1639
1344
1063
801
561
341
138
-42
-205
-344
-459
-554
-636
-706
-770
-830
-892
-959
-1038
-1127
-1227
-1336
-1453
-1573
-1686
-1791
-1884
-1957
-2011
-2048
-2054
-2032
-1988
-1922
-1841
-1744
-1640
-1528
-1413
-1292
-1173
-1056
-943
-835
-732
-638
-549
-468
-396
-333
-271
-209
-150
-90
-22
54
136
220
310
401
491
579
658
731
792
837
870
890
900
899
892
874
840
794
736
665
577
478
363
235
96
-55
-217
-383
-553
-729
-912
-1098
-1293
-1503
-1740
-1996
-2265
-2540
-2821
-3099
-3349
-3551
-3700
-3786
-3790
-3699
-3510
-3232
-2879
-2456
-1965
-1421
-848
-262
342
958
1565
2152
2713
3250
3752
4200
4580
4891
5131
5289
5353
5318
5195
4989
4704
4347
3943
3512
3070
2625
2190
1783
1414
1082
779
510
272
60
-129
-299
-447
-572
-676
-763
-832
-878
-898
-902
-892
-873
-854
-846
-863
-913
-988
-1086
-1202
-1337
-1476
-1605
-1721
-1821
-1904
-1959
-1982
-1979
-1955
-1912
-1848
-1765
-1680
-1595
-1507
-1410
-1307
-1197
-1075
-943
-799
-649
-508
-371
-232
-98
24
137
245
349
441
521
590
656
714
759
789
806
816
813
806
794
784
780
778
768
749
727
694
634
547
440
322
179
2
-196
-394
-586
-786
-1003
-1227
-1445
-1679
-1966
-2307
-2671
-3030
-3401
-3794
-4174
-4468
-4651
-4741
-4727
-4567
-4233
-3761
-3213
-2601
-1900
-1129
-356
369
1065
1766
2448
3058
3600
4124
4644
5117
5488
5775
6008
6169
6190
6047
5797
5466
5035
4481
3848
3214
2608
1998
1391
835
388
20
-321
-631
-881
-1053
-1200
-1356
-1485
-1527
-1495
-1433
-1335
-1167
-910
-599
-296
-6
283
540
711
756
703
589
389
84
-292
-681
-1050
-1400
-1728
-1999
-2197
-2329
-2419
-2472
-2478
-2437
-2371
-2302
-2216
-2103
-1957
-1793
-1609
-1388
-1131
-864
-589
-305
-16
263
500
697
861
989
1060
1070
1038
972
876
758
643
560
502
464
459
494
557
619
664
698
705
648
509
325
125
-99
-367
-660
-910
-1104
-1317
-1563
-1800
-2000
-2228
-2594
-3068
-3546
-3997
-4481
-5027
-5495
-5738
-5775
-5680
-5415
-4847
-3967
-2949
-1929
-853
331
1509
2513
3318
4046
4743
5299
5655
5909
6195
6498
6677
6685
6625
6557
6368
5916
5236
4472
3660
2701
1593
516
-377
-1118
-1795
-2345
-2620
-2609
-2463
-2288
-2031
-1631
-1194
-860
-607
-309
75
461
809
1212
1737
2344
2916
3386
3775
4075
4160
3940
3445
2755
1910
889
-269
-1417
-2448
-3333
-4096
-4690
-5070
-5267
-5328
-5290
-5111
-4823
-4482
-4098
-3625
-3040
-2382
-1679
-929
-145
631
1335
1935
2441
2827
3021
3023
2892
2677
2364
1971
1564
1184
810
408
21
-276
-492
-706
-915
-1039
-1050
-1002
-932
-783
-536
-287
-164
-163
-155
-109
-174
-456
-830
-1123
-1390
-1809
-2334
-2714
-2921
-3270
-3966
-4757
-5305
-5705
-6281
-6960
-7294
-7097
-6667
-6202
-5393
-3922
-2037
-276
1239
2843
4622
6154
7074
7574
8050
8463
8463
8030
7627
7518
7391
6870
6074
5411
4879
4042
2715
1262
18
-1188
-2636
-4092
-5000
-5249
-5232
-5146
-4670
-3551
-2102
-810
312
1551
2866
3857
4364
4702
5174
5616
5731
5603
5508
5500
5317
4772
4000
3178
2217
939
-605
-2128
-3457
-4693
-5913
-6927
-7503
-7665
-7607
-7361
-6771
-5832
-4776
-3745
-2644
-1386
-101
1004
1917
2768
3533
4054
4238
4166
3950
3554
2888
2005
1080
232
-553
-1321
-1982
-2399
-2592
-2682
-2705
-2592
-2286
-1894
-1517
-1134
-639
6
658
1255
1845
2425
2832
2935
2778
2487
2049
1317
297
-779
-1769
-2769
-3851
-4787
-5374
-5839
-6587
-7555
-8276
-8605
-8904
-9359
-9526
-8952
-7843
-6595
-5040
-2721
235
3073
5354
7366
9372
10991
11693
11564
11127
10573
9627
8186
6694
5606
4767
3667
2194
786
-280
-1359
-2859
-4523
-5751
-6457
-7029
-7474
-7182
-5855
-4012
-2242
-447
1739
4068
5921
7123
8021
8766
9056
8725
8105
7575
7071
6290
5206
4051
2944
1697
181
-1497
-3140
-4661
-6121
-7466
-8446
-8854
-8757
-8357
-7703
-6683
-5342
-3930
-2637
-1387
-66
1191
2202
3046
3936
4823
5432
5629
5569
5303
4633
3445
1927
349
-1237
-2892
-4431
-5504
-5981
-5977
-5633
-4935
-3881
-2672
-1550
-546
420
1341
2044
2453
2797
3275
3794
4185
4446
4676
4739
4290
3323
2174
994
-433
-2258
-4120
-5576
-6712
-7798
-8643
-8849
-8575
-8541
-9003
-9349
-9130
-8731
-8625
-8457
-7491
-5743
-3854
-1947
532
3713
6816
8986
10331
11450
12249
12120
10923
9314
7876
6429
4581
2641
1305
650
-33
-1231
-2495
-3230
-3701
-4533
-5632
-6195
-5895
-5279
-4644
-3449
-1233
1478
3788
5542
7215
8850
9836
9850
9358
8805
8011
6698
5141
3919
3084
2191
1016
-232
-1315
-2370
-3673
-5118
-6304
-7037
-7482
-7730
-7494
-6510
-4964
-3373
-1949
-483
1009
2128
2605
2705
2859
2948
2657
2200
2016
2136
2108
1670
1056
447
-375
-1605
-3016
-4164
-4932
-5481
-5774
-5469
-4477
-3101
-1675
-302
1094
2354
3179
3511
3623
3694
3646
3339
2958
2851
3000
3090
2883
2427
1781
791
-599
-2173
-3641
-4997
-6356
-7544
-8302
-8590
-8490
-8015
-7175
-6528
-6683
-7247
-7519
-7406
-7331
-7422
-6891
-5314
-3337
-1299
1162
4267
7457
9621
10536
10942
11070
10551
9157
7315
5759
4529
3183
1758
750
433
282
-490
-1829
-2969
-3549
-4029
-4771
-5182
-4543
-3144
-1715
-283
1787
4460
6631
7672
8082
8467
8606
7943
6735
5755
5081
4270
3196
2253
1765
1325
401
-934
-2240
-3342
-4374
-5436
-6157
-6150
-5504
-4613
-3643
-2363
-698
794
1550
1754
1877
1959
1541
711
107
21
27
-214
-367
-144
107
-125
-811
-1521
-2134
-2857
-3578
-3939
-3800
-3346
-2782
-1977
-793
513
1552
2234
2646
2938
3141
3138
2977
2878
2881
2759
2466
2123
1951
1816
1351
508
-469
-1513
-2549
-3462
-4194
-4813
-5439
-5935
-6308
-6619
-6792
-6624
-6178
-6262
-7305
-8471
-8911
-8750
-8594
-8446
-7322
-5142
-2914
-800
1770
4942
7904
9530
9933
10133
10252
9872
8848
7499
6497
5753
4674
3253
1975
1250
580
-908
-2980
-4488
-5017
-5229
-5547
-5287
-3817
-1785
-150
1192
3105
5419
6902
7229
7209
7455
7662
7315
6756
6501
6279
5632
4522
3273
2147
919
-635
-2321
-3837
-4970
-5623
-5844
-5629
-4963
-3952
-2835
-1903
-1119
-326
293
495
407
349
408
418
373
454
655
735
539
235
-65
-469
-1061
-1745
-2298
-2687
-2983
-3042
-2812
-2459
-2050
-1536
-882
-156
488
1046
1555
1977
2320
2650
2989
3276
3437
3325
2942
2519
2069
1647
1332
953
516
-37
-813
-1564
-2223
-2946
-3902
-5136
-6201
-6880
-7422
-7715
-7373
-6689
-6708
-7682
-8596
-8684
-8331
-8286
-8123
-6773
-4527
-2363
-229
2486
5812
8643
9884
10024
9992
9798
9160
7959
6615
5680
4854
3694
2344
1247
625
-185
-1824
-3774
-5006
-5351
-5400
-5269
-4319
-2445
-487
968
2362
4325
6210
7021
6993
6936
7051
6961
6569
6437
6551
6156
5055
3712
2471
1160
-518
-2240
-3515
-4392
-5005
-5216
-4798
-3832
-2733
-1850
-1160
-550
-49
291
306
169
237
421
486
360
197
226
202
-204
-738
-1099
-1370
-1759
-2151
-2225
-1957
-1733
-1790
-1765
-1422
-1065
-977
-912
-466
168
586
922
1459
2098
2520
2651
2767
2955
2904
2525
2026
1540
1267
1188
1017
761
428
-44
-569
-1310
-2160
-2952
-4009
-5159
-6118
-6919
-7265
-7109
-6517
-6160
-7054
-8476
-9221
-9294
-9198
-9147
-8149
-5670
-2991
-646
2006
5211
8351
10057
10169
9967
9785
9241
8221
7079
6474
6117
5105
3477
1856
672
-521
-2455
-4715
-6208
-6558
-6330
-5950
-4796
-2536
-204
1242
2078
3330
4957
5810
5862
6131
6893
7527
7595
7583
7894
7768
6470
4356
2223
383
-1434
-3240
-4440
-4845
-4839
-4700
-4359
-3627
-2687
-2015
-1754
-1678
-1447
-933
-362
174
948
1894
2559
2659
2253
1691
1082
115
-1081
-1938
-2271
-2349
-2401
-2271
-1843
-1504
-1651
-2030
-2287
-2401
-2474
-2376
-1806
-786
343
1372
2322
3117
3494
3444
3237
3017
2814
2596
2357
2107
1991
2042
1979
1765
1388
728
-177
-1294
-2341
-3117
-4002
-5003
-5913
-6741
-7257
-7441
-7205
-6770
-7279
-8700
-9769
-9962
-9508
-9039
-8192
-5861
-2853
-456
1704
4268
7199
9323
9678
9389
9437
9382
8914
8134
7533
7248
6354
4442
2168
232
-1353
-3099
-5069
-6463
-6641
-5988
-5254
-4256
-2400
-233
1200
1764
2377
3652
4825
5376
5989
7098
8143
8471
8181
7884
7407
5974
3788
1619
-227
-1797
-3172
-4010
-4098
-3954
-3996
-4132
-4018
-3651
-3332
-3027
-2518
-1728
-749
197
1105
2075
2879
3197
2861
2115
1211
323
-445
-1103
-1454
-1505
-1489
-1539
-1596
-1607
-1702
-2138
-2666
-2847
-2702
-2413
-1929
-1039
181
1294
1980
2392
2791
3006
2817
2552
2593
2880
3159
3246
3218
3141
2852
2338
1704
1054
309
-694
-1705
-2335
-2807
-3546
-4530
-5422
-6243
-7055
-7614
-7502
-6661
-6507
-7870
-9349
-9772
-9435
-9139
-8950
-7424
-4351
-1568
504
2746
5479
7989
8835
8392
8485
9121
9176
8444
7617
7491
7316
5788
3357
1217
-414
-2145
-4315
-5908
-5976
-5226
-4703
-4263
-2901
-896
476
872
1258
2431
3816
4595
5267
6623
8075
8655
8308
7725
7174
6048
4185
2275
768
-442
-1651
-2603
-2917
-2936
-3272
-3929
-4540
-4757
-4670
-4397
-3708
-2622
-1409
-230
772
1661
2383
2612
2259
1646
1053
583
266
25
7
111
-27
-502
-1112
-1578
-1964
-2600
-3257
-3492
-3238
-2743
-2224
-1528
-580
340
894
1245
1739
2198
2377
2504
2825
3343
3867
4024
3897
3629
3165
2591
1952
1304
653
-163
-960
-1564
-2173
-2898
-3885
-5014
-6072
-7014
-7644
-7698
-7045
-6590
-7468
-8957
-9618
-9361
-8889
-8531
-7388
-4650
-1628
621
2741
5277
7778
8943
8567
8386
8936
9183
8706
7921
7534
7267
5900
3564
1301
-464
-2154
-4199
-5747
-5860
-5028
-4266
-3801
-3034
-1691
-585
-157
287
1449
3038
4225
5171
6629
8149
8692
8208
7381
6583
5387
3665
2158
1232
418
-679
-1800
-2398
-2711
-3455
-4503
-5237
-5443
-5244
-4727
-3750
-2470
-1351
-396
449
1048
1481
1721
1705
1581
1324
1164
1258
1144
763
396
-92
-743
-1438
-2055
-2408
-2694
-3045
-3159
-2957
-2603
-2172
-1645
-967
-192
507
1118
1779
2369
2726
3000
3327
3728
4112
4266
4188
3867
3422
3064
2616
1992
1378
720
-49
-990
-2157
-3323
-4484
-5698
-6801
-7604
-7902
-7684
-6968
-6209
-6674
-8276
-9447
-9542
-9080
-8734
-7870
-5288
-1915
622
2508
4522
6645
7833
7461
7059
7801
8728
8858
8363
8021
7786
6545
4139
1572
-375
-1863
-3450
-4702
-4718
-3794
-3072
-3083
-3089
-2342
-1545
-1345
-1001
318
2299
3864
4872
6235
7760
8260
7518
6523
6025
5496
4325
3226
2806
2493
1505
63
-978
-1661
-2704
-4061
-4971
-5084
-4707
-4145
-3296
-2225
-1488
-1206
-1015
-768
-408
39
479
974
1362
1516
1610
1491
1083
632
86
-534
-948
-1158
-1304
-1552
-1931
-2335
-2693
-2930
-2998
-2792
-2202
-1333
-448
280
941
1565
1915
2034
2262
2678
3288
3928
4191
4052
3792
3503
3047
2332
1504
820
249
-482
-1416
-2264
-3029
-4102
-5523
-6809
-7512
-7708
-7542
-6766
-6130
-6920
-8477
-9195
-8940
-8560
-8316
-7121
-4250
-1267
635
2374
4611
6529
6893
6227
6569
8033
8922
8751
8443
8457
8078
6399
3923
1829
249
-1408
-3099
-3885
-3376
-2560
-2530
-3049
-3078
-2501
-2251
-2235
-1443
311
2100
3171
4169
5824
7149
7069
6320
6027
6142
5759
4807
4263
4157
3436
1881
399
-413
-1158
-2488
-3811
-4360
-4313
-4240
-4206
-3810
-3161
-2964
-3156
-3041
-2435
-1665
-968
-259
552
1203
1461
1463
1318
1047
783
607
512
525
500
238
-290
-1060
-1905
-2524
-2809
-2822
-2529
-1934
-1147
-399
86
391
684
939
1194
1579
2229
3117
3942
4331
4325
4164
3866
3310
2522
1777
1255
681
-152
-1065
-1943
-2931
-4160
-5434
-6459
-7078
-7413
-7289
-6378
-5534
-6221
-8020
-9097
-8931
-8494
-8342
-7313
-4533
-1531
403
1963
3807
5390
5703
5139
5519
7220
8665
8925
8782
8769
8190
6392
3727
1501
161
-1387
-2929
-3256
-2723
-1981
-1872
-2732
-2974
-2273
-1954
-1888
-1019
1048
3191
4249
5244
6780
7552
6975
5855
5205
5140
4687
3713
3191
3000
2071
328
-1227
-2010
-2651
-3785
-4745
-4768
-4227
-3729
-3357
-2819
-1991
-1524
-1488
-1151
-356
411
788
978
1217
1285
1000
517
-149
-856
-1309
-1489
-1520
-1496
-1461
-1510
-1845
-2308
-2591
-2577
-2201
-1509
-692
238
1212
1903
2200
2288
2393
2530
2612
2778
3221
3793
4170
4096
3614
2932
2133
1235
393
-188
-485
-691
-1053
-1645
-2369
-3163
-4208
-5390
-6173
-6437
-6351
-5961
-5062
-3723
-3338
-4863
-6742
-7340
-7165
-7282
-7230
-5490
-2507
-516
226
1158
2315
2595
1954
1799
3082
4877
5901
6216
6458
6442
5446
3583
1707
398
-315
-727
-787
-145
907
1441
938
86
-68
290
406
660
1871
3689
4973
5457
5868
6249
5762
4457
3538
3482
3493
3153
2998
3129
2759
1589
302
-580
-1300
-2163
-2837
-2859
-2375
-1912
-1658
-1488
-1420
-1602
-2006
-2284
-2167
-1872
-1690
-1578
-1386
-1216
-1338
-1750
-2198
-2572
-2796
-2697
-2275
-1745
-1329
-1037
-872
-952
-1192
-1252
-981
-546
-9
734
1495
1939
2041
1979
1919
1888
1886
2090
2562
3063
3422
3561
3425
2975
2248
1522
978
608
399
265
88
-233
-740
-1436
-2418
-3575
-4487
-4940
-5070
-4948
-4503
-3812
-3059
-2599
-2963
-4253
-5738
-6495
-6436
-6162
-5785
-4676
-2868
-1493
-1115
-1048
-642
-157
-40
145
1106
2609
3896
4521
4596
4404
3905
3026
2076
1681
1992
2522
2861
3026
3224
3315
2872
2051
1460
1304
1358
1574
2162
3062
3686
3620
3201
2889
2665
2341
2013
2075
2510
2785
2785
2818
2853
2538
1810
1095
769
703
588
403
254
33
-413
-1032
-1627
-2084
-2580
-3207
-3768
-4161
-4356
-4421
-4548
-4642
-4624
-4503
-4250
-3878
-3300
-2603
-1967
-1406
-886
-378
7
200
317
467
727
996
1150
1222
1287
1329
1300
1248
1248
1347
1496
1635
1794
1958
2028
1894
1625
1409
1292
1289
1338
1346
1301
1149
844
449
27
-378
-770
-1119
-1229
-1038
-738
-494
-389
-372
-417
-602
-821
-881
-776
-692
-801
-1043
-1314
-1713
-2329
-3047
-3655
-4090
-4469
-4773
-4856
-4701
-4489
-4402
-4357
-4210
-4048
-3923
-3694
-3227
-2517
-1737
-1010
-277
490
1173
1658
1995
2321
2718
3179
3694
4255
4796
5215
5413
5388
5249
5120
5023
4965
5018
5169
5307
5336
5244
5060
4740
4303
3869
3473
3111
2811
2579
2399
2155
1763
1303
820
289
-266
-774
-1181
-1519
-1867
-2218
-2538
-2884
-3335
-3878
-4358
-4628
-4680
-4571
-4299
-3933
-3634
-3481
-3340
-3128
-2931
-2803
-2675
-2412
-2009
-1541
-1061
-612
-234
6
124
267
508
821
1118
1325
1468
1568
1621
1615
1552
1498
1438
1293
1093
924
843
783
656
526
449
429
463
532
654
792
892
932
881
785
713
682
657
571
442
271
-28
-498
-1094
-1725
-2341
-2991
-3646
-4168
-4504
-4736
-4975
-5148
-5156
-5115
-5126
-5097
-4896
-4488
-3942
-3313
-2659
-2049
-1479
-972
-544
-150
243
626
1017
1508
2189
2952
3617
4113
4482
4786
5014
5187
5403
5665
5869
5959
6007
6088
6124
6012
5744
5384
4980
4546
4130
3780
3458
3069
2603
2158
1779
1419
950
346
-284
-838
-1248
-1530
-1713
-1864
-2078
-2397
-2786
-3109
-3323
-3480
-3606
-3714
-3746
-3666
-3531
-3394
-3303
-3261
-3246
-3218
-3084
-2803
-2441
-2099
-1814
-1555
-1281
-991
-717
-454
-191
37
208
380
553
709
825
864
856
832
798
794
831
907
1012
1135
1260
1402
1530
1634
1733
1830
1942
2043
2083
2055
1978
1870
1727
1527
1271
917
463
-50
-526
-921
-1318
-1808
-2445
-3128
-3701
-4172
-4574
-4916
-5197
-5440
-5647
-5698
-5509
-5148
-4784
-4457
-4086
-3630
-3116
-2570
-2048
-1577
-1155
-732
-206
416
1061
1635
2075
2406
2730
3101
3467
3758
4017
4323
4656
4970
5226
5391
5439
5334
5163
5092
5154
5193
5092
4884
4664
4437
4155
3832
3487
3124
2701
2235
1794
1393
995
525
-16
-513
-885
-1178
-1491
-1840
-2136
-2356
-2587
-2855
-3051
-3125
-3147
-3175
-3155
-3043
-2926
-2908
-2940
-2906
-2771
-2644
-2586
-2509
-2350
-2144
-1925
-1669
-1385
-1142
-1007
-931
-816
-646
-478
-358
-254
-106
81
272
454
626
753
846
955
1150
1448
1783
2071
2315
2546
2726
2806
2768
2663
2498
2226
1897
1604
1345
1037
628
168
-285
-755
-1243
-1703
-2105
-2493
-2933
-3423
-3884
-4265
-4581
-4869
-5112
-5266
-5307
-5227
-5037
-4750
-4398
-4049
-3744
-3422
-3006
-2503
-2017
-1615
-1195
-688
-143
371
835
1252
1618
1954
2365
2893
3444
3901
4241
4531
4802
5030
5175
5210
5165
5087
5043
5083
5182
5231
5143
4862
4484
4138
3843
3554
3227
2904
2627
2367
2112
1872
1575
1164
629
96
-289
-525
-702
-900
-1112
-1321
-1565
-1860
-2162
-2431
-2670
-2891
-3053
-3112
-3077
-3017
-3007
-3031
-3057
-3086
-3130
-3145
-3071
-2900
-2683
-2466
-2268
-2071
-1874
-1692
-1519
-1339
-1132
-903
-666
-390
-56
277
559
751
910
1109
1384
1695
1974
2216
2385
2486
2546
2553
2508
2389
2182
1922
1662
1439
1240
1005
708
336
-58
-415
-729
-1000
-1216
-1406
-1633
-1933
-2304
-2724
-3141
-3537
-3908
-4238
-4475
-4612
-4687
-4683
-4556
-4375
-4239
-4155
-4036
-3780
-3406
-2960
-2471
-1976
-1464
-945
-409
163
733
1260
1742
2248
2846
3473
4014
4400
4638
4783
4883
4972
5066
5140
5137
5034
4905
4812
4722
4544
4244
3894
3604
3409
3305
3236
3125
2926
2661
2404
2160
1905
1614
1271
930
649
470
373
265
52
-296
-728
-1170
-1575
-1940
-2272
-2558
-2796
-2979
-3099
-3182
-3259
-3391
-3581
-3757
-3854
-3832
-3705
-3522
-3313
-3096
-2859
-2603
-2336
-2054
-1762
-1478
-1200
-912
-572
-201
155
482
783
1080
1358
1589
1775
1938
2102
2261
2375
2444
2480
2461
2351
2164
1952
1757
1537
1273
996
748
530
304
76
-129
-343
-610
-934
-1246
-1497
-1687
-1865
-2086
-2364
-2705
-3081
-3438
-3758
-4064
-4360
-4624
-4805
-4856
-4778
-4620
-4457
-4303
-4124
-3872
-3513
-3050
-2515
-1935
-1312
-614
141
851
1455
1938
2348
2737
3128
3549
3965
4317
4591
4824
5048
5204
5215
5068
4848
4650
4538
4538
4572
4555
4425
4217
4009
3814
3624
3395
3123
2865
2671
2582
2521
2387
2132
1754
1330
925
566
236
-112
-464
-806
-1135
-1477
-1847
-2245
-2684
-3134
-3540
-3839
-4031
-4162
-4243
-4277
-4299
-4299
-4259
-4168
-4023
-3833
-3576
-3260
-2878
-2458
-2025
-1602
-1218
-868
-531
-180
196
579
926
1223
1478
1700
1884
2018
2111
2182
2217
2214
2206
2237
2270
2226
2089
1924
1769
1600
1425
1275
1143
982
776
559
353
133
-122
-399
-667
-922
-1162
-1392
-1619
-1833
-2048
-2326
-2732
-3221
-3669
-4002
-4253
-4434
-4529
-4571
-4618
-4628
-4510
-4296
-4087
-3906
-3688
-3369
-2929
-2374
-1758
-1162
-627
-128
365
848
1303
1739
2132
2492
2863
3260
3639
3924
4127
4304
4474
4604
4692
4751
4794
4846
4927
5013
5045
4998
4879
4716
4541
4380
4213
3999
3729
3446
3180
2924
2632
2276
1870
1436
994
556
133
-273
-667
-1059
-1457
-1849
-2240
-2628
-3000
-3321
-3563
-3727
-3834
-3905
-3954
-3977
-3969
-3952
-3936
-3907
-3832
-3686
-3447
-3122
-2753
-2393
-2063
-1752
-1443
-1148
-878
-631
-386
-118
189
528
854
1115
1301
1443
1568
1683
1786
1876
1970
2070
2172
2259
2296
2240
2093
1903
1725
1561
1378
1165
969
832
736
610
393
84
-276
-634
-931
-1138
-1289
-1455
-1654
-1852
-1993
-2082
-2233
-2552
-3024
-3513
-3895
-4145
-4300
-4399
-4462
-4521
-4535
-4448
-4287
-4135
-4013
-3843
-3541
-3070
-2473
-1832
-1234
-687
-146
407
942
1407
1825
2241
2688
3179
3710
4205
4549
4735
4852
4979
5108
5210
5277
5316
5347
5387
5454
5484
5408
5198
4905
4599
4325
4076
3812
3524
3245
2965
2664
2302
1870
1397
898
429
47
-251
-515
-797
-1088
-1347
-1589
-1872
-2240
-2643
-3008
-3282
-3455
-3540
-3552
-3556
-3599
-3666
-3717
-3757
-3815
-3859
-3824
-3670
-3416
-3118
-2834
-2562
-2308
-2068
-1839
-1617
-1382
-1124
-804
-387
84
523
854
1093
1285
1439
1575
1713
1864
1999
2107
2229
2352
2412
2370
2244
2080
1900
1724
1559
1392
1211
1015
813
614
405
167
-104
-395
-669
-910
-1130
-1335
-1548
-1766
-1979
-2184
-2395
-2587
-2791
-3059
-3387
-3706
-3947
-4128
-4268
-4360
-4391
-4398
-4365
-4236
-4021
-3780
-3530
-3224
-2827
-2354
-1825
-1265
-698
-139
408
966
1534
2078
2597
3090
3567
4034
4472
4833
5087
5271
5420
5539
5618
5642
5621
5562
5465
5342
5192
5008
4779
4508
4233
3977
3732
3490
3245
3001
2761
2521
2252
1951
1623
1269
893
520
158
-204
-563
-907
-1220
-1529
-1865
-2212
-2553
-2889
-3204
-3464
-3670
-3852
-4034
-4185
-4274
-4348
-4407
-4426
-4368
-4248
-4097
-3895
-3649
-3376
-3108
-2844
-2550
-2215
-1865
-1508
-1144
-769
-383
-17
313
603
886
1152
1390
1616
1842
2039
2168
2249
2324
2410
2463
2467
2438
2402
2346
2249
2113
1938
1710
1440
1164
914
712
522
313
87
-139
-374
-627
-912
-1214
-1493
-1737
-1939
-2117
-2301
-2517
-2743
-2960
-3180
-3432
-3703
-3937
-4112
-4214
-4226
-4154
-4061
-3976
-3879
-3710
-3472
-3189
-2862
-2483
-2057
-1576
-1048
-503
41
565
1057
1527
1997
2465
2919
3344
3766
4189
4556
4844
5060
5230
5356
5450
5519
5581
5607
5588
5547
5493
5414
5285
5090
4840
4583
4327
4061
3759
3437
3093
2722
2335
1948
1566
1152
695
227
-200
-598
-1012
-1428
-1818
-2170
-2482
-2766
-3025
-3262
-3498
-3745
-3978
-4151
-4273
-4372
-4440
-4452
-4412
-4355
-4299
-4233
-4155
-4065
-3949
-3785
-3563
-3297
-2989
-2643
-2271
-1906
-1575
-1265
-947
-606
-241
132
520
917
1291
1606
1886
2112
2285
2408
2495
2597
2705
2805
2863
2866
2813
2712
2544
2320
2086
1860
1628
1400
1197
1007
788
529
239
-69
-370
-654
-902
-1118
-1301
-1443
-1553
-1667
-1799
-1971
-2198
-2457
-2690
-2861
-3000
-3151
-3348
-3561
-3754
-3906
-4008
-4078
-4143
-4170
-4104
-3906
-3595
-3211
-2809
-2417
-2009
-1543
-993
-395
220
837
1444
2071
2725
3349
3878
4297
4645
4959
5257
5527
5741
5883
5959
5981
5957
5888
5756
5555
5312
5076
4879
4712
4528
4290
4019
3741
3468
3185
2896
2587
2251
1922
1616
1315
984
599
145
-340
-796
-1197
-1565
-1918
-2252
-2563
-2859
-3161
-3464
-3786
-4109
-4395
-4606
-4738
-4801
-4832
-4862
-4880
-4863
-4819
-4765
-4695
-4595
-4418
-4150
-3807
-3428
-3060
-2716
-2397
-2077
-1746
-1403
-1049
-695
-323
83
499
882
1213
1490
1714
1901
2063
2218
2377
2532
2675
2792
2879
2908
2877
2807
2708
2585
2436
2263
2094
1936
1782
1613
1410
1144
861
572
287
14
-267
-531
-779
-1000
-1188
-1364
-1565
-1784
-2006
-2209
-2391
-2552
-2686
-2808
-2910
-2972
-3030
-3124
-3253
-3385
-3479
-3516
-3473
-3353
-3176
-2935
-2630
-2260
-1850
-1431
-1011
-590
-143
353
897
1459
2005
2534
3029
3466
3839
4130
4364
4569
4762
4963
5135
5267
5356
5400
5407
5373
5302
5183
5004
4797
4603
4434
4268
4072
3836
3550
3219
2851
2463
2057
1634
1206
777
350
-58
-454
-851
-1264
-1699
-2153
-2603
-3006
-3340
-3613
-3837
-4028
-4195
-4341
-4478
-4600
-4711
-4812
-4881
-4895
-4852
-4759
-4622
-4457
-4278
-4096
-3912
-3730
-3540
-3323
-3064
-2756
-2400
-2019
-1653
-1296
-949
-617
-299
5
299
599
916
1248
1578
1870
2116
2326
2487
2616
2723
2808
2878
2929
2966
2989
2978
2918
2805
2644
2462
2261
2051
1842
1637
1428
1231
1037
851
657
448
214
-29
-263
-489
-711
-918
-1103
-1262
-1398
-1532
-1669
-1799
-1929
-2054
-2172
-2257
-2310
-2342
-2344
-2320
-2284
-2292
-2339
-2415
-2489
-2517
-2471
-2362
-2210
-2023
-1776
-1475
-1154
-812
-472
-142
206
617
1097
1597
2070
2490
2851
3168
3443
3668
3830
3947
4052
4172
4298
4406
4470
4453
4362
4230
4098
3944
3766
3576
3395
3222
3050
2851
2600
2296
1954
1614
1288
967
654
344
34
-262
-548
-843
-1170
-1520
-1870
-2200
-2489
-2738
-2949
-3122
-3265
-3389
-3504
-3619
-3737
-3844
-3916
-3948
-3943
-3910
-3841
-3745
-3615
-3460
-3313
-3194
-3093
-2981
-2827
-2608
-2332
-2032
-1741
-1458
-1173
-888
-608
-343
-110
103
320
564
830
1106
1364
1577
1751
1896
2016
2128
2234
2333
2434
2532
2613
2671
2691
2671
2600
2491
2348
2182
2009
1838
1670
1490
1293
1069
830
581
327
77
-178
-421
-633
-804
-930
-1027
-1104
-1183
-1270
-1345
-1398
-1430
-1439
-1434
-1425
-1410
-1380
-1340
-1306
-1298
-1325
-1395
-1490
-1572
-1633
-1662
-1662
-1633
-1582
-1505
-1388
-1238
-1072
-892
-686
-458
-188
131
481
847
1201
1527
1818
2067
2272
2451
2618
2770
2913
3052
3175
3261
3308
3316
3279
3203
3090
2973
2856
2752
2665
2559
2422
2249
2038
1804
1552
1291
1031
772
527
307
100
-114
-351
-609
-870
-1126
-1373
-1600
-1818
-2022
-2191
-2330
-2457
-2584
-2718
-2863
-2996
-3094
-3148
-3169
-3178
-3150
-3098
-3013
-2900
-2772
-2639
-2507
-2367
-2205
-2021
-1817
-1614
-1413
-1212
-1010
-812
-630
-451
-280
-120
32
177
325
470
621
776
927
1066
1198
1322
1433
1537
1634
1727
1807
1880
1951
2021
2074
2101
2095
2052
1972
1883
1792
1692
1589
1478
1346
1203
1050
879
686
487
301
130
-18
-138
-251
-371
-491
-612
-727
-829
-917
-994
-1051
-1081
-1088
-1080
-1067
-1057
-1054
-1056
-1047
-1021
-974
-914
-846
-789
-762
-761
-782
-813
-846
-870
-885
-889
-879
-842
-778
-700
-621
-546
-471
-387
-273
-128
32
190
342
479
598
710
805
883
952
1026
1112
1207
1308
1401
1478
1538
1580
1614
1640
1665
1687
1705
1734
1751
1748
1723
1664
1575
1471
1364
1264
1161
1054
946
834
717
589
448
296
142
-17
-172
-312
-444
-569
-696
-825
-956
-1091
-1222
-1335
-1424
-1487
-1527
-1549
-1562
-1567
-1569
-1563
-1548
-1529
-1504
-1464
-1408
-1333
-1246
-1168
-1099
-1048
-1002
-953
-892
-823
-746
-667
-584
-506
-436
-374
-305
-248
-195
-124
-41
53
150
255
350
427
495
553
600
649
696
742
792
832
854
850
830
790
731
665
593
523
454
382
311
245
180
110
43
-21
-78
-123
-158
-174
-187
-191
-187
-190
-195
-212
-242
-286
-343
-416
-494
-572
-654
-732
-808
-886
-959
-1017
-1058
-1081
-1093
-1088
-1051
-985
-887
-769
-635
-495
-355
-220
-74
80
228
376
525
674
819
961
1097
1216
1308
1384
1456
1530
1601
1676
1740
1785
1823
1848
1861
1857
1844
1826
1803
1780
1755
1723
1679
1615
1528
1431
1331
1219
1093
955
810
658
502
343
184
27
-138
-302
-465
-616
-754
-883
-1003
-1118
-1227
-1321
-1395
-1462
-1531
-1603
-1666
-1725
-1762
-1779
-1779
-1769
-1751
-1725
-1696
-1658
-1619
-1572
-1522
-1453
-1374
-1277
-1153
-1038
-927
-821
-718
-622
-522
-427
-331
-228
-118
-4
97
189
270
334
390
439
486
530
579
631
676
723
753
763
760
738
705
664
618
572
523
476
423
373
316
255
192
122
69
17
-17
-36
-51
-63
-75
-89
-113
-139
-188
-255
-329
-396
-450
-489
-517
-549
-599
-657
-707
-750
-779
-794
-789
-765
-719
-652
-572
-489
-421
-362
-304
-237
-154
-51
64
183
296
398
497
587
668
738
805
876
959
1054
1154
1256
1351
1429
1492
1547
1589
1623
1647
1676
1697
1714
1727
1724
1703
1660
1597
1518
1420
1309
1189
1066
942
818
692
556
415
270
118
-32
-176
-315
-435
-541
-628
-692
-749
-809
-873
-943
-1011
-1079
-1140
-1188
-1220
-1245
-1265
-1280
-1298
-1316
-1331
-1345
-1346
-1337
-1321
-1295
-1255
-1210
-1165
-1122
-1081
-1041
-1002
-960
-918
-864
-809
-758
-705
-650
-594
-539
-478
-419
-363
-305
-245
-180
-114
-50
6
61
103
138
178
212
242
264
281
296
304
307
302
293
280
266
255
244
238
240
248
257
262
265
261
254
236
225
212
200
187
175
171
156
133
98
64
30
6
-5
-8
-2
6
17
27
37
49
60
72
92
118
154
199
243
277
297
298
292
286
288
299
318
342
363
390
417
443
461
479
497
524
573
641
721
793
853
900
924
939
941
940
937
929
927
923
911
884
837
771
704
635
575
530
494
456
418
374
322
256
177
92
10
-64
-126
-179
-231
-293
-365
-445
-529
-620
-705
-785
-850
-903
-948
-980
-1015
-1052
-1090
-1127
-1165
-1197
-1216
-1232
-1237
-1233
-1223
-1214
-1205
-1195
-1188
-1181
-1171
-1149
-1120
-1085
-1039
-985
-921
-852
-784
-713
-640
-569
-500
-425
-347
-266
-187
-117
-46
27
93
155
211
265
313
357
405
455
502
550
605
659
704
742
776
799
814
819
812
799
789
779
767
754
733
709
676
636
598
563
522
480
446
407
374
337
298
246
194
144
97
54
14
-15
-42
-70
-100
-126
-141
-152
-158
-162
-160
-157
-151
-141
-128
-120
-117
-109
-104
-89
-75
-60
-47
-36
-27
-22
-9
2
19
41
65
97
135
182
230
278
325
377
430
475
523
562
589
609
622
633
644
650
649
647
644
634
620
601
575
545
518
493
467
430
390
342
282
218
149
71
-4
-75
-146
-213
-285
-360
-439
-517
-595
-673
-749
-820
-888
-946
-995
-1034
-1073
-1111
-1142
-1167
-1187
-1202
-1206
-1204
-1194
-1173
-1140
-1103
-1065
-1032
-1003
-966
-922
-876
-825
-774
-718
-655
-588
-517
-449
-380
-318
-257
-187
-111
-35
36
107
173
236
305
373
439
498
550
598
642
686
730
767
800
830
851
872
889
896
899
893
884
866
849
833
811
792
766
736
708
670
624
576
525
474
426
380
338
295
253
214
169
126
85
42
-2
-46
-90
-134
-181
-228
-270
-303
-333
-360
-384
-408
-426
-434
-440
-442
-445
-435
-412
-393
-365
-338
-312
-284
-258
-232
-203
-169
-126
-84
-43
1
43
79
111
147
188
230
280
323
363
398
435
467
493
518
536
553
566
573
577
574
560
545
526
504
473
437
399
358
310
262
214
158
102
41
-19
-83
-152
-216
-281
-347
-413
-473
-530
-585
-632
-676
-714
-752
-785
-822
-854
-881
-900
-910
-919
-917
-909
-888
-865
-836
-803
-770
-731
-689
-648
-604
-553
-496
-430
-365
-302
-240
-177
-110
-45
21
83
138
190
242
291
340
384
425
459
484
516
545
573
599
620
635
648
655
657
652
637
624
606
588
570
546
519
486
448
405
365
321
269
217
167
120
80
44
5
-34
-72
-110
-144
-176
-205
-240
-266
-289
-307
-319
-324
-330
-334
-336
-331
-324
-309
-291
-278
-257
-236
-210
-181
-151
-125
-93
-57
-20
17
58
103
145
179
210
234
253
274
293
311
325
339
348
350
355
352
349
345
343
337
333
336
334
328
320
303
287
270
250
226
205
184
161
137
109
84
58
34
14
-9
-33
-58
-80
-102
-121
-144
-170
-200
-232
-262
-292
-314
-340
-363
-383
-397
-410
-419
-425
-433
-438
-438
-440
-440
-437
-432
-423
-412
-402
-386
-366
-345
-325
-302
-280
-258
-232
-210
-184
-164
-142
-116
-97
-75
-57
-41
-23
-3
16
33
51
72
89
104
119
133
141
146
152
154
157
164
171
175
172
170
166
168
164
155
147
138
129
123
120
112
98
81
63
50
37
29
26
25
27
29
31
29
29
28
31
41
52
60
65
73
80
90
101
107
113
122
128
140
152
166
178
190
196
203
212
218
222
225
228
231
232
232
230
221
207
199
188
181
169
155
140
116
92
68
47
25
5
-10
-22
-31
-40
-47
-55
-68
-79
-87
-98
-106
-113
-118
-124
-130
-130
-129
-134
-141
-147
-157
-165
-171
-178
-174
-177
-186
-196
-203
-211
-223
-230
-231
-238
-243
-245
-251
-249
-248
-239
-232
-225
-211
-201
-192
-179
-169
-152
-131
-112
-94
-79
-64
-51
-35
-13
7
23
41
56
69
81
93
106
120
135
147
157
168
177
186
194
199
203
202
199
194
186
179
171
161
153
141
129
113
98
76
56
39
21
7
-6
-16
-29
-40
-57
-68
-78
-93
-105
-118
-122
-121
-120
-116
-112
-111
-114
-114
-115
-117
-113
-112
-108
-103
-99
-96
-92
-84
-74
-65
-53
-41
-26
-9
5
19
27
40
55
69
84
92
104
114
123
125
134
140
147
159
170
176
176
174
172
169
168
168
165
160
153
140
127
118
106
97
88
80
74
67
64
61
52
45
41
35
29
29
24
20
14
9
3
-3
-7
-10
-14
-18
-20
-24
-29
-39
-45
-54
-61
-67
-76
-79
-82
-84
-88
-94
-97
-104
-110
-115
-117
-119
-123
-129
-133
-142
-149
-154
-154
-153
-148
-144
-141
-134
-124
-119
-120
-117
-117
-115
-110
-106
-98
-89
-75
-64
-55
-46
-40
-38
-36
-27
-23
-15
-8
1
10
16
23
26
27
27
28
32
36
42
49
54
58
57
55
58
62
63
70
80
86
88
94
100
101
101
101
100
96
94
97
107
113
117
119
119
120
114
109
104
96
88
77
67
57
47
36
29
17
5
-2
-8
-18
-28
-39
-45
-51
-62
-75
-85
-93
-102
-107
-113
-119
-126
-125
-123
-122
-119
-112
-105
-99
-94
-88
-80
-70
-63
-58
-46
-36
-25
-10
4
18
30
41
54
66
77
89
105
120
130
133
142
145
144
148
149
152
153
153
151
144
141
133
125
118
106
97
90
85
73
60
50
38
23
12
4
-9
-21
-35
-43
-51
-57
-65
-70
-78
-88
-98
-109
-121
-135
-151
-163
-169
-176
-174
-174
-169
-162
-161
-161
-159
-153
-150
-147
-143
-135
-128
-119
-110
-105
-101
-93
-88
-82
-76
-64
-52
-38
-26
-14
-8
-1
9
16
29
37
51
66
82
96
115
135
150
158
161
166
165
169
167
166
163
155
145
134
123
111
99
87
80
69
54
42
34
23
18
11
-1
-11
-24
-37
-51
-61
-67
-71
-76
-77
-77
-78
-85
-94
-104
-109
-111
-110
-105
-93
-83
-74
-59
-52
-37
-27
-15
-3
4
11
17
23
31
33
41
54
64
71
79
85
92
99
110
121
131
135
133
128
120
112
102
94
87
78
68
66
65
61
55
47
33
25
19
12
3
-2
-8
-18
-27
-36
-46
-54
-65
-77
-87
-92
-96
-100
-99
-103
-106
-107
-109
-112
-112
-114
-116
-117
-121
-125
-121
-115
-107
-99
-88
-79
-68
-56
-46
-34
-29
-22
-19
-13
-1
4
12
18
21
25
29
36
42
45
49
53
57
58
58
58
54
51
49
45
47
50
52
50
50
44
39
34
29
22
17
16
14
11
7
0
-6
-13
-17
-22
-25
-27
-25
-21
-22
-19
-15
-13
-14
-14
-15
-15
-13
-8
-1
8
14
21
26
30
32
32
33
34
34
34
38
39
41
41
37
39
35
32
27
23
21
18
13
8
8
8
7
6
4
1
0
0
2
0
-5
-7
-10
-10
-13
-15
-17
-18
-18
-19
-23
-25
-22
-18
-15
-11
-6
1
6
8
9
6
1
-3
-8
-8
-6
-2
4
9
10
12
10
7
7
4
1
-1
-2
-4
-10
-14
-18
-24
-23
-20
-15
-6
-4
-6
-9
-16
-21
-25
-32
-36
-42
-44
-49
-54
-54
-46
-42
-37
-29
-21
-17
-13
-11
-9
-10
-13
-11
-9
-2
2
6
10
14
15
16
21
25
26
26
26
26
27
25
23
21
19
15
13
14
14
16
20
26
28
28
31
31
32
30
31
32
29
27
25
23
19
17
12
8
6
7
8
9
9
7
2
-4
-10
-16
-18
-21
-28
-29
-27
-26
-20
-18
-17
-17
-18
-21
-22
-24
-28
-27
-28
-28
-26
-24
-19
-19
-16
-12
-8
-5
-5
-2
2
1
3
7
8
12
14
16
18
18
16
14
13
13
14
16
19
21
21
17
12
10
10
13
13
13
12
7
4
0
-3
-3
-2
-2
3
1
-1
-2
-3
1
2
1
2
2
-3
-6
-9
-12
-12
-9
-5
0
3
3
2
0
-4
-5
-6
-7
-7
-7
-10
-13
-13
-14
-17
-19
-19
-19
-20
-20
-20
-20
-21
-22
-22
-24
-27
-26
-26
-22
-15
-10
-4
3
10
14
26
32
36
39
41
40
40
41
44
48
51
55
55
55
51
46
40
35
28
21
20
15
8
0
-6
-11
-16
-19
-20
-21
-24
-27
-28
-33
-38
-43
-47
-48
-49
-49
-45
-44
-42
-39
-37
-35
-35
-34
-32
-29
-29
-24
-21
-19
-17
-15
-11
-6
-2
1
7
11
12
15
17
15
18
20
24
30
38
44
48
51
50
52
50
48
45
41
40
38
34
29
25
19
15
14
13
12
12
10
8
3
-2
-7
-12
-16
-22
-27
-23
-24
-24
-23
-25
-25
-27
-29
-28
-29
-28
-28
-28
-29
-33
-36
-35
-36
-40
-39
-36
-32
-28
-22
-16
-14
-10
-6
-2
5
10
15
20
21
21
20
20
24
23
21
24
26
27
25
26
30
31
34
34
35
34
35
35
34
34
33
31
29
27
21
20
17
14
9
3
-3
-5
-9
-13
-18
-22
-28
-30
-33
-38
-41
-42
-42
-46
-51
-49
-48
-49
-50
-52
-52
-50
-45
-42
-37
-31
-25
-17
-12
-4
1
4
9
10
12
13
16
19
23
24
28
33
36
38
40
41
44
44
46
46
48
46
44
41
38
36
32
30
30
29
27
25
20
16
11
8
6
3
2
-3
-8
-10
-15
-20
-21
-21
-22
-24
-24
-26
-25
-26
-25
-23
-23
-25
-28
-30
-30
-29
-27
-25
-23
-26
-29
-31
-33
-32
-29
-28
-28
-25
-23
-19
-20
-19
-21
-21
-16
-13
-9
-4
-1
3
8
13
19
24
30
37
40
43
47
50
50
47
45
45
44
43
38
35
32
26
20
17
15
14
14
13
15
15
13
10
9
3
-2
-4
-9
-11
-17
-20
-23
-25
-29
-31
-33
-35
-39
-40
-39
-39
-37
-36
-37
-35
-32
-28
-22
-17
-14
-7
0
3
3
4
2
1
2
3
4
7
7
9
11
11
11
10
9
9
10
11
12
10
8
5
2
3
7
10
12
18
19
20
19
18
18
16
13
12
11
13
12
8
7
8
4
1
-1
-6
-7
-9
-12
-13
-13
-12
-11
-11
-11
-11
-8
-5
-5
-5
-7
-5
-5
-5
-4
-6
-5
-3
1
1
3
4
3
6
6
6
7
6
7
6
5
8
9
12
13
15
16
17
17
21
22
23
22
21
20
17
15
11
6
-2
-4
-6
-4
-7
-8
-8
-12
-16
-21
-26
-31
-36
-36
-40
-41
-39
-36
-32
-27
-25
-24
-23
-21
-20
-17
-16
-17
-16
-15
-14
-12
-10
-8
-6
-3
-2
-2
0
2
3
3
8
11
14
13
17
17
18
22
23
24
24
25
23
23
25
25
25
28
26
24
24
23
21
18
14
12
10
7
6
5
8
8
10
10
10
7
5
1
-3
-7
-9
-7
-9
-9
-9
-10
-11
-11
-11
-14
-15
-17
-18
-19
-18
-17
-14
-8
-4
-3
4
7
10
10
9
8
4
5
2
1
0
-1
-4
-8
-12
-15
-15
-18
-19
-21
-18
-13
-14
-13
-13
-13
-14
-11
-10
-7
-6
-3
-1
2
5
6
8
10
5
4
5
4
4
2
7
8
7
8
5
5
4
5
7
7
9
10
11
15
16
19
22
22
22
24
24
20
18
15
14
12
8
5
0
-2
-4
-5
-9
-8
-11
-13
-14
-15
-16
-16
-15
-18
-20
-19
-18
-17
-14
-12
-11
-10
-11
-10
-13
-14
-17
-17
-15
-13
-11
-8
-6
-2
-1
1
2
7
10
10
13
14
16
18
18
18
15
12
16
15
14
15
15
16
16
13
11
10
8
4
2
2
2
0
-2
-4
-6
-6
-5
-2
-2
2
3
1
1
-1
-3
-4
-7
-11
-13
-12
-16
-16
-16
-14
-12
-13
-10
-10
-10
-12
-12
-11
-15
-17
-17
-15
-14
-14
-11
-9
-6
-3
1
5
3
5
5
5
6
6
7
10
12
15
15
14
14
16
14
16
16
15
14
13
11
9
11
10
11
10
9
10
8
8
6
4
2
-1
-3
-2
-5
-4
-5
-5
-7
-11
-12
-12
-13
-11
-9
-9
-8
-9
-7
-7
-7
-6
-3
-1
-2
1
3
4
5
4
5
6
6
8
7
6
4
3
1
2
0
-1
-2
0
2
3
3
5
5
4
10
10
11
11
9
8
5
2
0
-2
-1
-1
-1
0
0
-2
-2
-3
-6
-9
-9
-10
-10
-10
-9
-7
-5
-6
-7
-6
-7
-9
-11
-11
-13
-15
-16
-15
-18
-15
-13
-9
-5
-1
1
2
4
4
0
-3
-3
-6
-6
-6
-6
-4
-3
1
4
7
10
12
13
17
19
19
21
20
19
17
16
13
11
8
7
5
1
-1
-4
-7
-6
-10
-11
-11
-12
-12
-8
-6
-4
-4
-2
-1
-1
-1
1
2
2
2
1
2
5
7
7
9
8
6
2
1
-3
-3
-3
-4
-4
-3
-1
-1
1
2
1
1
2
4
5
7
7
7
8
9
10
11
12
11
8
6
3
2
-3
-4
-7
-10
-10
-11
-13
-12
-11
-11
-9
-8
-4
-3
-3
-2
0
1
1
1
1
1
-2
-4
-3
-3
-4
-6
-8
-8
-10
-8
-10
-8
-8
-9
-7
-9
-8
-7
-7
-5
-3
-3
0
4
6
7
9
11
10
11
12
12
12
8
7
4
2
-1
-4
-3
-10
-12
-11
-10
-7
-6
-2
2
5
8
11
14
14
14
13
11
9
5
5
1
0
0
-1
0
-1
1
-1
0
0
-2
1
2
3
4
1
-1
-2
-4
-5
-5
-6
-3
0
2
2
2
2
2
1
1
0
0
-1
-1
-2
-4
-2
-3
-1
0
-2
-4
-1
0
0
1
3
5
7
8
9
12
11
10
9
9
9
8
5
3
-1
-5
-8
-10
-14
-15
-16
-18
-18
-17
-18
-15
-13
-9
-7
-4
2
6
9
9
8
9
10
9
8
8
5
1
-2
-5
-7
-7
-7
-6
-6
-5
-8
-8
-6
-7
-7
-8
-7
-6
-4
0
0
3
6
6
6
7
7
6
7
5
5
5
5
7
2
1
3
1
1
1
2
2
2
2
1
-1
-2
-2
-2
1
4
6
9
12
13
12
11
10
8
7
3
2
-2
-4
-5
-4
-4
-2
-2
-1
1
-1
0
-1
-4
-4
-2
-1
-2
-3
-2
-2
-2
-1
1
2
4
5
3
2
3
2
0
-2
-5
-6
-5
-6
-6
-10
-10
-10
-9
-10
-7
-4
0
1
4
5
6
