1
-2
1
0
0
-1
0
2
-1
-1
0
2
0
-2
1
1
0
-1
0
2
0
-1
0
1
2
-1
1
1
0
0
-1
2
1
-3
-1
1
-1
-1
-2
2
1
-3
0
0
0
-1
-1
2
0
0
1
-1
1
-2
1
0
1
-1
-1
-1
1
-1
-1
0
1
-1
-1
1
1
0
0
1
0
0
0
0
-1
0
0
-1
2
-1
0
1
-2
1
-3
2
0
-2
0
2
1
-2
1
1
-1
-1
2
2
-2
-1
1
2
-2
-1
1
1
-1
-1
1
1
2
-2
-1
2
-1
-1
1
0
0
-4
0
3
-2
0
0
3
1
-2
0
2
0
-2
-1
3
-1
-2
-1
0
1
-2
1
1
-1
-2
0
1
0
0
1
1
0
1
-1
-1
0
-1
-2
-1
0
-1
-1
0
3
-2
2
1
0
1
-4
3
-1
0
0
0
2
-2
0
1
2
-2
-1
2
0
1
-2
3
0
2
-1
-1
1
0
0
-3
3
-2
2
2
1
4
-1
5
0
1
0
-1
2
-2
0
-3
0
-4
-4
-2
-2
-2
-5
-2
-1
-3
-3
-1
0
-3
0
0
0
-1
-1
0
-1
-2
-2
-1
-1
-2
1
-1
1
0
0
2
0
4
2
2
4
3
1
3
5
2
3
4
2
1
0
2
0
-1
1
1
1
-1
2
0
1
1
0
5
2
4
4
5
7
2
5
5
5
3
4
3
3
2
0
2
2
1
3
2
1
2
2
2
-1
0
2
0
0
0
0
-1
-2
0
-1
0
-4
-2
0
-2
-2
-3
-2
-3
-5
-6
-3
-7
-6
-9
-7
-6
-10
-7
-9
-9
-11
-10
-11
-11
-12
-14
-12
-14
-15
-16
-15
-14
-17
-16
-16
-16
-16
-16
-13
-15
-12
-12
-9
-10
-10
-7
-9
-4
-5
-3
-1
-1
3
2
6
6
9
11
13
14
15
17
20
23
24
24
26
29
30
30
31
35
33
35
34
38
39
37
37
38
38
35
36
37
37
33
31
33
31
27
25
24
24
19
16
16
12
9
5
5
2
-3
-6
-9
-11
-15
-17
-19
-23
-26
-28
-30
-34
-34
-37
-37
-39
-41
-43
-43
-43
-46
-45
-45
-45
-46
-43
-42
-43
-43
-43
-40
-40
-39
-38
-35
-33
-33
-30
-29
-26
-24
-22
-18
-17
-14
-13
-11
-8
-8
-6
-4
-2
-1
0
1
3
6
6
6
6
9
9
10
11
10
11
12
12
11
11
11
11
10
12
10
8
10
11
11
11
12
13
13
14
14
18
17
20
20
25
28
28
32
32
37
37
40
42
43
46
46
48
51
50
51
51
53
54
53
55
55
54
53
53
55
53
53
54
52
50
48
46
45
41
38
37
35
32
29
27
22
18
12
7
3
-3
-9
-15
-22
-25
-33
-40
-46
-54
-60
-66
-73
-79
-86
-93
-100
-104
-110
-116
-121
-126
-129
-131
-132
-134
-135
-134
-132
-131
-128
-123
-117
-112
-107
-101
-90
-82
-77
-67
-58
-53
-48
-39
-32
-28
-21
-14
-4
-1
5
12
21
35
37
52
70
81
92
100
116
124
132
141
148
153
155
156
156
152
144
145
149
154
154
157
172
176
184
199
222
242
249
265
284
289
282
275
276
262
221
179
143
104
30
-41
-94
-154
-214
-293
-356
-410
-465
-531
-608
-700
-826
-962
-1092
-1182
-1240
-1285
-1294
-1279
-1266
-1223
-1156
-1060
-916
-723
-487
-235
34
310
562
785
989
1195
1386
1554
1695
1801
1856
1855
1779
1650
1505
1344
1181
1025
863
697
523
335
158
12
-85
-130
-95
5
124
222
305
420
541
660
803
972
1164
1326
1443
1551
1624
1633
1596
1537
1492
1411
1266
1088
832
520
177
-150
-421
-658
-892
-1175
-1491
-1809
-2116
-2414
-2699
-2970
-3176
-3323
-3559
-3915
-4442
-5054
-5478
-5744
-5846
-5780
-5579
-5218
-4909
-4667
-4289
-3682
-2989
-2356
-1548
-487
658
1665
2443
3203
3865
4321
4786
5341
5905
6237
6297
6348
6341
6112
5695
5196
4736
4233
3648
3108
2590
1964
1179
356
-322
-861
-1235
-1498
-1716
-1880
-2071
-2196
-2195
-2159
-1980
-1742
-1359
-824
-216
441
918
1295
1552
1727
1933
2212
2615
2923
3051
3075
2988
2721
2350
2001
1618
1088
440
-62
-482
-1073
-1827
-2516
-2967
-3294
-3537
-3573
-3430
-3309
-3208
-2867
-2300
-1641
-1061
-516
73
561
990
1379
1660
1784
1865
2045
2149
2083
1936
1828
1691
1244
823
658
509
209
-294
-618
-1070
-2573
-4891
-7073
-8411
-9228
-10082
-10405
-10062
-9757
-10024
-10288
-9574
-8341
-7277
-6157
-4240
-1571
692
2381
3977
5533
6707
7413
8464
10072
11372
11782
11599
11423
11233
10585
9590
8616
7683
6546
5123
3745
2492
984
-980
-3025
-4469
-5177
-5613
-6099
-6530
-6711
-6878
-7062
-6727
-5664
-4232
-3061
-2019
-413
1404
2789
3690
4606
5736
6422
6579
6901
7520
7624
6793
5730
5082
4423
3188
1813
928
114
-1245
-2701
-3523
-3923
-4703
-5664
-5986
-5745
-5529
-5475
-5036
-4195
-3560
-3027
-2119
-919
55
648
1151
1704
1924
1991
2253
2422
2310
1896
1491
1038
346
-285
-660
-936
-1515
-2204
-2550
-2601
-2982
-4489
-6716
-8729
-10117
-10909
-11457
-11337
-10498
-9951
-10021
-10041
-9009
-7229
-5780
-4398
-2216
716
3307
5090
6653
8114
9015
9393
10188
11806
12980
12854
12016
11272
10669
9615
8303
7259
6241
4843
3166
1774
674
-871
-3016
-5062
-6179
-6438
-6485
-6491
-6374
-6210
-6164
-6029
-5107
-3296
-1364
75
1233
2747
4442
5689
6566
7465
8331
8721
8582
8466
8238
7240
5371
3469
2303
1371
20
-1599
-3089
-4404
-5884
-7217
-7804
-7770
-7723
-7848
-7617
-6757
-5691
-4907
-4235
-3168
-1688
-149
1263
2694
4014
4894
5322
5548
5822
5931
5646
5066
4141
2997
1819
635
-409
-1347
-2146
-2702
-3171
-3627
-3984
-4246
-4421
-4405
-4744
-6182
-8418
-10507
-11587
-11885
-11985
-11497
-10298
-9234
-8828
-8369
-6887
-4731
-2954
-1429
993
4092
6484
7933
9112
10267
10898
10817
11097
12046
12493
11775
10311
9010
8024
6802
5376
4094
2874
1448
-89
-1468
-2634
-3891
-5329
-6472
-6863
-6507
-5810
-5229
-4847
-4398
-3770
-2843
-1399
440
2236
3584
4660
5905
7151
7995
8451
8890
9252
9119
8487
7519
6160
4167
1806
-169
-1562
-2811
-4158
-5534
-6784
-7880
-8700
-8952
-8683
-8128
-7429
-6585
-5519
-4289
-2899
-1525
-280
1118
2754
4478
5785
6386
6618
6658
6558
6300
5858
5237
4248
2928
1544
267
-889
-1908
-2699
-3234
-3607
-3920
-4094
-4417
-4992
-5304
-5008
-4233
-4136
-5332
-7158
-8929
-10189
-11010
-11066
-9986
-8661
-8085
-8187
-7716
-6231
-4752
-3616
-2127
506
3461
5476
6949
8250
9054
9142
9043
9822
11038
11309
10479
9229
8161
7175
6024
4992
4147
3209
1909
528
-507
-1394
-2474
-3795
-4765
-4870
-4477
-3999
-3645
-3385
-3087
-2732
-1810
-161
1645
3078
3948
4693
5535
6279
6744
7037
7480
7731
7462
7045
6652
5946
4032
1175
-911
-1988
-2934
-4350
-5772
-6506
-7363
-8675
-9198
-8193
-6791
-6379
-6175
-4795
-2596
-980
-65
1351
3095
4194
4793
5752
7065
7295
6186
5242
5112
5041
4156
2726
1449
83
-1405
-2362
-2675
-3041
-3893
-4689
-4980
-4970
-4650
-4105
-3762
-3976
-4145
-3162
-2098
-2840
-5111
-7201
-8192
-9085
-10112
-9699
-8101
-7589
-8799
-9397
-7718
-5511
-4627
-3876
-1437
1583
3184
4082
5773
7635
8029
7522
8384
10489
11434
10428
9024
8324
7712
6616
5738
5644
5309
3770
1782
450
-133
-763
-1861
-2802
-3130
-3148
-3169
-3065
-2743
-2391
-2261
-2089
-1141
506
1932
2500
2775
3555
4610
5242
5564
6214
6806
6504
5600
5133
5155
4327
2028
-510
-1988
-2897
-4280
-5783
-6429
-6508
-7333
-8504
-8320
-6736
-5647
-5835
-5432
-3417
-1137
108
897
2493
4136
4762
5199
6356
7631
7522
6181
5187
4962
4667
3718
2448
1199
-152
-1479
-2402
-2986
-3535
-4169
-4462
-4413
-4464
-4348
-3815
-3323
-3428
-3562
-2552
-1339
-2056
-4397
-6364
-7172
-8100
-9481
-9568
-8276
-7778
-9026
-9891
-8655
-6914
-6128
-5425
-3216
-168
1619
2502
4016
5969
7101
7291
8136
9963
11092
10573
9478
8996
8635
7830
7078
6733
6300
4829
2730
1363
718
27
-1156
-2422
-2950
-3174
-3573
-3840
-3644
-3106
-2760
-2365
-1317
422
1985
2774
3326
4130
5017
5600
5889
6417
7003
6808
5924
5293
5344
5008
3117
510
-1201
-2074
-3409
-5088
-5936
-5956
-6673
-8291
-8859
-7729
-6518
-6430
-6294
-4733
-2689
-1526
-721
973
3025
4060
4532
5659
7227
7715
6788
5783
5450
5185
4447
3524
2509
1069
-747
-2209
-2857
-3196
-3771
-4468
-4861
-5097
-5351
-5181
-4394
-3593
-3495
-3523
-2615
-1608
-2362
-4720
-6564
-7272
-8182
-9474
-9538
-8022
-7413
-8965
-10069
-8606
-6180
-5108
-4550
-2358
627
2167
2699
4341
6771
7838
7629
8290
10278
11460
10585
9285
8832
8480
7575
6790
6681
6197
4432
2228
910
420
-126
-1173
-2334
-3147
-3656
-3890
-3763
-3268
-2731
-2324
-1885
-979
394
1683
2533
3067
3792
4781
5582
6086
6531
6875
6617
5766
5280
5549
5466
3786
1144
-746
-1823
-3244
-4972
-5772
-5620
-6325
-8033
-8598
-7266
-5933
-6199
-6427
-4916
-2817
-1523
-539
1410
3493
4097
4097
5162
6989
7688
6761
5906
5722
5309
4067
2676
1712
196
-1912
-3254
-3406
-3287
-4073
-5302
-5863
-6079
-6089
-5520
-4425
-3495
-3523
-3552
-2651
-1391
-1299
-3099
-5208
-6563
-7548
-8616
-9251
-8424
-7568
-8429
-9721
-9297
-7077
-5585
-5381
-4150
-1336
1104
1993
2995
5215
7019
7288
7373
8910
10878
11067
9905
9226
9335
9139
8256
7623
7278
6161
4236
2509
1665
1108
23
-1331
-2435
-3015
-3375
-3623
-3536
-3303
-3004
-2783
-2399
-1382
-52
1159
1942
2590
3548
4311
4598
4805
5361
5838
5518
5216
5605
5632
4070
1611
236
-149
-1185
-2797
-3592
-3622
-4635
-6604
-7291
-6246
-5388
-5779
-5882
-4421
-2769
-2027
-1322
224
1855
2432
2714
3974
5605
6294
5946
5536
5448
5092
4170
3057
2115
968
-533
-1692
-2228
-2766
-3855
-5099
-5661
-5714
-5740
-5227
-4076
-3132
-3026
-3192
-2657
-1719
-1355
-2085
-3589
-5168
-6633
-7944
-8963
-9218
-8620
-8447
-9309
-10049
-9335
-7707
-6755
-5995
-3908
-981
906
1630
3149
5680
7329
7660
8409
10380
11705
11174
10233
10119
10206
9472
8402
7944
7446
6012
4001
2523
1828
1079
-90
-1250
-2098
-2904
-3752
-4150
-4007
-3802
-3808
-3855
-3498
-2569
-1420
-429
330
1187
2193
2925
3391
4033
4811
5215
5284
5558
5709
4932
3453
2380
1880
1004
-129
-634
-943
-2007
-3440
-4053
-3730
-3600
-3864
-3755
-3188
-2825
-2732
-2265
-1348
-539
-107
353
1178
2050
2562
2744
2851
2945
2717
2078
1413
907
424
-243
-1037
-1654
-2296
-3005
-3632
-4115
-4228
-4054
-3648
-3183
-2876
-2419
-1830
-1469
-1463
-1387
-881
-1045
-2647
-4823
-6378
-7345
-8659
-9561
-8845
-7813
-8338
-9873
-9951
-8318
-7029
-6259
-4478
-1640
206
650
1867
4521
6890
7732
8286
9887
11272
11282
10846
11093
11517
10953
9814
9204
8764
7567
5769
4313
3393
2353
1016
-265
-1274
-2226
-3267
-4012
-4220
-4159
-4247
-4615
-4706
-4198
-3435
-2749
-2131
-1317
-494
-134
27
789
2214
3442
3963
4091
4105
3952
3487
3129
3243
3443
3209
2389
1489
1022
729
298
-148
-413
-735
-1424
-2032
-2073
-1796
-1791
-2078
-2087
-1753
-1577
-1541
-1334
-844
-579
-799
-1010
-938
-871
-1149
-1363
-1171
-1042
-1472
-2054
-2184
-2196
-2471
-2629
-2309
-1817
-1743
-1974
-1863
-1392
-925
-585
-283
120
93
-1016
-2958
-4766
-5872
-6773
-7750
-8172
-7916
-8064
-9243
-10209
-9641
-8304
-7362
-6376
-4582
-2700
-1739
-827
1288
3913
5642
6553
7691
9090
9979
10436
11128
11869
11877
11126
10461
10216
9808
8868
7754
6757
5632
4204
2782
1675
683
-488
-1689
-2669
-3443
-4149
-4857
-5427
-5700
-5675
-5517
-5355
-5022
-4528
-4307
-4255
-3609
-2094
-448
475
947
1535
1975
2158
2677
3931
5187
5340
4708
4392
4639
4794
4469
4049
3671
2827
1638
889
787
562
-476
-1682
-2344
-2679
-2904
-2918
-2654
-2548
-2957
-3399
-3478
-3356
-3210
-3026
-2734
-2444
-2224
-2074
-2057
-2185
-2225
-1971
-1625
-1454
-1399
-1313
-1304
-1337
-1017
-249
321
222
-90
-259
-932
-2447
-3954
-4683
-5122
-6077
-7012
-7180
-7268
-8133
-9176
-9145
-8224
-7571
-7137
-6119
-4589
-3387
-2435
-928
1118
2807
3791
4780
6258
7734
8782
9603
10307
10703
10605
10328
10329
10505
10386
9706
8714
7745
6860
5949
5027
4271
3476
2316
933
-237
-1047
-1806
-2601
-3137
-3510
-4131
-4908
-5325
-5275
-5300
-5596
-5568
-4900
-4153
-3807
-3480
-2713
-1890
-1476
-1017
130
1536
2304
2541
3101
4043
4634
4741
4931
5273
5178
4591
4193
4116
3714
2776
1852
1278
722
57
-416
-748
-1324
-2127
-2717
-3001
-3230
-3408
-3433
-3527
-3877
-4238
-4318
-4292
-4328
-4339
-4204
-3965
-3781
-3584
-3264
-2854
-2622
-2538
-2216
-1527
-826
-482
-244
88
-145
-1347
-2687
-3117
-2990
-3373
-3985
-4068
-4182
-5271
-6672
-6813
-5918
-5464
-5546
-5155
-4192
-3510
-3051
-1957
-385
760
1250
1752
2716
3903
4997
5844
6447
6840
7037
7189
7585
8329
9009
9104
8707
8259
7874
7437
7070
6929
6680
5870
4670
3662
3019
2411
1710
1123
591
-272
-1406
-2220
-2495
-2756
-3334
-3836
-4006
-4132
-4402
-4446
-4085
-3762
-3724
-3722
-3459
-3001
-2526
-2005
-1440
-812
-137
468
979
1520
2212
2754
2885
2907
3128
3391
3315
3027
2895
2764
2329
1720
1345
1171
750
-8
-781
-1369
-1935
-2545
-3045
-3397
-3808
-4401
-4934
-5144
-5070
-4923
-4860
-4816
-4657
-4326
-3787
-3096
-2356
-1723
-1364
-1207
-971
-413
377
1040
1443
1705
1752
1376
677
132
-79
-336
-831
-1276
-1567
-2072
-2969
-3752
-3959
-3896
-4002
-4135
-3940
-3537
-3274
-2998
-2363
-1603
-1184
-1039
-657
119
965
1732
2439
2937
3110
3201
3563
4245
4984
5572
5876
5838
5636
5519
5586
5792
6024
6095
5829
5342
4985
4779
4461
4051
3759
3499
2951
2238
1796
1570
1121
441
-67
-341
-709
-1178
-1388
-1356
-1526
-2037
-2469
-2515
-2387
-2329
-2203
-1866
-1583
-1624
-1786
-1650
-1204
-781
-510
-234
77
255
261
273
377
422
248
-59
-264
-298
-332
-522
-813
-1121
-1498
-1939
-2232
-2219
-2101
-2183
-2470
-2728
-2819
-2769
-2627
-2418
-2216
-2118
-2086
-1994
-1753
-1400
-1089
-946
-944
-961
-884
-707
-481
-250
-100
-82
-131
-119
-8
59
-12
-147
-302
-486
-646
-697
-655
-677
-814
-971
-1172
-1423
-1591
-1529
-1305
-1144
-1105
-1070
-1014
-1004
-958
-716
-320
-24
52
120
346
619
814
967
1191
1402
1513
1670
2002
2408
2647
2706
2743
2853
3037
3265
3535
3755
3847
3846
3850
3955
4117
4217
4182
4047
3904
3771
3632
3480
3314
3068
2697
2346
2163
2119
2030
1790
1501
1189
838
512
315
230
32
-366
-766
-1030
-1253
-1552
-1878
-2187
-2546
-2978
-3319
-3493
-3645
-3868
-4110
-4251
-4287
-4283
-4212
-4074
-3914
-3734
-3512
-3223
-2933
-2700
-2479
-2250
-2019
-1815
-1611
-1425
-1357
-1395
-1419
-1354
-1275
-1270
-1286
-1293
-1336
-1426
-1463
-1380
-1258
-1146
-1024
-860
-710
-616
-490
-297
-108
12
90
181
247
274
332
449
561
599
616
697
809
918
1056
1237
1354
1334
1265
1297
1456
1615
1692
1687
1624
1536
1471
1515
1678
1858
1929
1869
1816
1910
2110
2315
2494
2660
2812
2916
2974
3029
3092
3116
3081
3021
2992
2970
2857
2632
2403
2250
2113
1938
1773
1623
1417
1097
751
499
298
56
-245
-576
-915
-1240
-1523
-1782
-2076
-2432
-2781
-3078
-3298
-3417
-3452
-3488
-3618
-3788
-3846
-3734
-3537
-3290
-2980
-2655
-2391
-2168
-1895
-1551
-1215
-920
-626
-370
-205
-122
-65
-41
-134
-335
-522
-662
-817
-1019
-1231
-1442
-1679
-1939
-2134
-2167
-2083
-1987
-1934
-1866
-1710
-1466
-1152
-763
-316
62
296
480
761
1170
1591
1932
2210
2422
2562
2651
2719
2784
2804
2725
2551
2386
2309
2255
2123
1869
1546
1194
853
623
535
514
447
277
55
-156
-287
-285
-193
-78
17
101
188
254
321
434
605
788
948
1115
1311
1491
1587
1615
1661
1736
1792
1811
1829
1849
1787
1604
1378
1207
1055
847
585
311
33
-288
-641
-965
-1223
-1464
-1735
-2027
-2310
-2570
-2774
-2908
-2978
-2987
-2938
-2857
-2747
-2576
-2301
-1971
-1677
-1398
-1081
-716
-356
-1
354
635
756
780
816
859
850
773
655
458
153
-183
-443
-629
-848
-1097
-1277
-1368
-1467
-1576
-1630
-1596
-1520
-1423
-1243
-1007
-797
-663
-528
-303
-8
266
501
722
914
1062
1196
1366
1551
1673
1687
1642
1634
1677
1731
1729
1638
1459
1226
1042
965
942
909
787
550
266
23
-104
-120
-121
-186
-313
-446
-539
-582
-590
-575
-556
-540
-523
-483
-381
-232
-100
-11
99
278
473
645
839
1055
1226
1299
1332
1404
1481
1501
1478
1426
1306
1085
807
559
348
111
-193
-528
-870
-1197
-1470
-1670
-1818
-1966
-2108
-2192
-2191
-2107
-1947
-1740
-1531
-1348
-1147
-845
-462
-81
245
506
692
827
965
1116
1244
1283
1224
1105
940
760
627
524
389
180
-49
-245
-411
-555
-648
-683
-709
-753
-785
-762
-722
-715
-702
-624
-512
-428
-372
-294
-198
-126
-71
31
166
241
258
300
406
529
625
698
752
749
715
724
810
911
945
890
789
671
566
506
471
401
253
36
-179
-345
-446
-524
-624
-748
-868
-962
-1021
-1026
-977
-912
-870
-837
-738
-574
-402
-233
-42
163
332
466
627
825
998
1111
1200
1275
1283
1200
1097
1023
926
756
525
280
32
-217
-434
-594
-742
-918
-1107
-1238
-1289
-1293
-1267
-1226
-1166
-1080
-936
-717
-464
-229
-54
78
207
356
545
732
860
890
849
799
775
776
779
740
653
533
413
319
259
210
129
12
-102
-187
-254
-326
-404
-461
-513
-580
-635
-659
-661
-677
-684
-664
-618
-574
-539
-489
-414
-288
-139
-1
107
182
245
321
436
599
764
884
926
915
919
961
1018
1041
