0
0
-1
0
0
0
0
0
1
0
0
0
0
0
0
0
0
0
0
0
0
0
0
0
0
0
0
-1
0
0
1
0
1
-1
0
-1
0
0
0
0
0
0
0
0
-1
-1
1
0
0
-1
0
-1
0
0
0
0
0
-1
0
1
0
1
0
0
0
0
-1
0
0
0
0
-1
0
1
0
0
1
0
0
0
0
-1
0
0
0
0
1
1
0
1
0
0
0
0
0
1
0
0
1
0
0
1
0
0
0
0
0
0
0
0
0
0
0
0
-1
-1
0
0
0
1
0
0
1
0
-1
0
-1
1
0
0
0
0
-1
0
-1
-1
0
0
0
0
0
0
0
-1
0
0
0
-1
0
0
0
-1
0
0
0
-1
0
-1
-1
-1
0
0
0
0
0
0
0
-1
0
0
0
0
0
0
-1
0
-1
0
0
0
0
0
0
-1
0
-1
0
1
0
0
0
0
0
0
0
0
0
0
0
0
0
-1
0
0
0
0
0
0
1
0
1
0
1
1
0
0
0
1
0
1
0
0
1
0
1
0
1
0
-1
-1
0
0
0
0
1
1
0
0
1
0
1
1
0
0
1
0
-1
0
0
1
1
1
0
0
1
0
0
0
-1
0
-1
1
0
0
0
0
0
0
0
0
0
0
0
-1
0
0
0
0
0
0
0
-1
0
-1
0
0
-1
-1
0
0
1
0
0
0
0
0
-1
0
-1
0
0
0
0
0
1
0
0
0
0
-1
0
1
0
-1
0
1
0
0
0
0
0
-1
0
-1
0
0
0
0
1
1
0
1
0
1
0
-1
0
0
0
0
0
0
1
-1
1
-1
0
0
1
0
0
1
0
1
0
0
0
0
0
0
0
0
0
0
0
0
-1
0
0
-1
0
0
0
0
1
0
0
0
1
0
0
0
0
-1
0
0
0
-1
0
0
1
0
0
0
0
0
0
0
0
0
0
0
-1
0
0
-1
0
0
-1
0
0
0
0
1
0
1
0
1
0
0
0
0
0
0
0
0
0
0
0
0
0
-1
1
-1
1
-1
0
0
0
0
-1
0
1
0
0
0
0
-1
-1
0
0
0
0
0
1
0
0
0
0
0
0
0
0
0
0
0
0
0
0
0
0
1
0
0
0
1
-1
0
1
0
1
1
0
0
0
0
-1
0
0
0
0
-1
0
-1
1
-1
0
0
0
0
1
0
1
0
0
0
0
0
0
1
0
0
0
0
0
0
0
-1
0
0
1
0
0
0
-1
1
0
1
0
0
0
-1
-1
-1
0
-1
0
0
1
0
0
1
0
0
0
0
0
1
0
0
0
0
0
0
0
0
1
0
-1
0
0
0
1
0
0
0
0
0
-1
-1
0
0
0
1
0
-1
0
-1
-1
0
-1
0
-1
0
0
1
-1
0
0
-1
0
0
1
-1
0
0
0
1
0
0
0
1
1
0
1
0
0
0
-1
1
0
1
0
0
0
1
0
0
0
-1
0
1
0
0
0
0
0
0
0
0
0
0
0
0
0
1
0
1
1
1
0
0
0
0
1
1
1
0
-2
-1
-1
0
0
0
0
0
0
0
0
-1
0
0
-1
-1
1
0
0
-1
0
0
1
0
0
0
-1
0
0
1
0
0
0
0
0
0
0
0
0
0
0
0
1
0
0
0
1
-1
0
0
0
0
-1
0
0
0
0
0
0
0
0
0
0
1
0
0
1
0
0
0
1
-1
0
-1
0
0
0
0
0
1
0
0
0
0
0
-1
0
0
-1
0
0
1
0
0
0
0
-1
0
0
-1
0
-1
0
0
0
-1
0
0
-1
-1
0
0
0
0
0
-1
0
0
0
0
0
1
0
1
0
0
0
0
0
0
0
0
0
0
1
1
0
0
0
0
0
0
1
0
0
0
0
1
0
1
0
1
-1
1
1
0
1
0
0
0
-1
0
0
-1
0
0
0
0
0
0
1
0
0
0
1
0
0
1
0
0
0
0
0
0
0
1
0
0
0
0
0
1
0
0
0
0
0
0
0
0
0
0
0
0
-1
-1
0
1
0
0
1
0
0
0
1
0
1
0
-1
0
1
0
0
0
0
0
-1
0
-1
1
0
1
0
-1
-1
0
0
0
0
0
0
0
0
1
0
-1
0
1
0
0
1
0
1
0
1
-1
0
1
1
0
0
0
-1
0
-1
-1
0
0
0
0
0
0
0
0
0
0
0
0
0
0
1
0
0
-1
0
0
0
0
-1
0
0
-1
0
-1
0
0
0
0
0
1
1
0
0
1
0
0
0
0
0
0
0
0
-1
1
0
1
0
0
1
0
0
0
0
0
0
-1
1
0
-1
0
0
1
0
0
-1
-1
0
0
0
1
0
1
1
-1
-1
0
0
0
0
0
0
0
0
0
0
0
-1
0
0
0
1
1
0
0
1
1
0
-1
0
1
0
0
-1
0
0
0
0
1
0
0
1
0
0
-1
0
0
0
-1
0
0
0
0
0
0
0
0
0
0
-1
0
0
0
0
0
-1
0
0
-1
0
0
-1
0
0
0
-1
0
0
0
-1
0
0
0
-1
0
0
0
0
0
0
0
-1
0
0
0
0
0
0
0
0
0
0
0
0
0
0
0
-1
0
0
0
0
-1
1
0
0
0
1
0
0
0
-1
-1
1
1
-1
0
0
0
0
0
0
1
0
0
0
0
0
-1
0
0
0
0
0
0
0
0
0
1
0
1
0
0
-1
-1
0
0
0
0
0
-1
0
0
0
0
0
0
0
0
0
1
1
1
-1
0
0
0
0
0
0
-1
0
1
-1
1
0
0
0
0
1
0
-1
0
0
0
-1
0
-1
0
0
1
0
0
-1
0
0
0
0
0
0
-1
0
0
0
0
0
0
0
0
-1
-1
0
0
0
0
0
1
0
0
0
0
0
-1
0
0
-1
0
-1
0
0
0
0
1
0
0
1
0
1
0
1
0
0
0
0
0
0
1
1
-1
0
-1
0
0
0
-1
0
0
0
0
1
1
0
0
-1
0
0
1
0
0
0
0
0
0
0
0
1
0
0
0
1
1
0
0
0
0
0
0
1
0
-1
1
0
0
0
0
0
0
0
0
-1
0
-1
0
0
0
-1
-1
-1
0
1
0
-1
0
0
0
0
0
0
-1
-1
0
0
-1
1
0
1
0
0
0
0
0
1
1
0
0
0
0
0
1
-1
0
0
1
-1
0
0
0
0
0
0
0
0
0
1
0
0
0
0
0
0
-1
0
0
0
0
0
0
0
0
0
0
0
0
-1
0
1
0
0
0
1
0
0
-1
-1
0
0
0
0
-1
0
0
0
-1
1
0
0
1
0
0
0
0
0
0
0
0
1
0
0
0
0
-1
0
0
0
-1
-1
-1
0
0
0
0
0
-1
0
0
-1
2
1
0
0
1
1
0
0
1
1
1
1
1
0
0
0
0
0
1
1
1
0
0
-1
0
1
0
-1
0
0
-1
-1
-1
-1
0
-1
-1
0
0
-1
0
-1
-1
-1
0
0
-1
-1
-1
-1
-1
-1
0
-1
-1
-2
-1
-1
-2
0
-1
-1
-1
-1
-1
0
0
0
-1
1
0
0
0
1
0
2
2
2
1
1
3
3
3
3
2
4
3
4
2
2
4
2
3
3
2
2
2
3
2
1
1
1
1
0
-1
0
-1
-1
-2
-1
-1
-1
-2
-3
-3
-3
-3
-4
-4
-4
-4
-5
-5
-5
-4
-5
-5
-4
-4
-4
-5
-4
-3
-4
-3
-3
-3
-2
-2
-1
-1
0
-1
0
1
1
1
1
2
3
3
4
4
4
5
4
6
6
6
6
6
7
7
6
7
7
7
8
7
7
6
6
6
6
5
4
5
5
4
3
2
2
0
0
0
-1
-2
-3
-3
-3
-4
-5
-6
-8
-8
-7
-8
-9
-9
-11
-11
-11
-11
-12
-11
-11
-11
-10
-11
-9
-9
-7
-7
-6
-5
-4
-3
-2
-1
0
1
3
3
5
5
6
7
8
8
9
9
9
9
9
10
9
9
9
8
8
7
7
6
6
4
5
4
2
1
1
0
0
-1
0
-1
-2
-1
-2
-2
-3
-3
-3
-4
-4
-4
-5
-5
-6
-11
-17
-22
-24
-25
-28
-33
-35
-31
-25
-20
-21
-24
-23
-13
0
10
12
13
23
43
60
71
72
76
88
113
136
141
129
115
118
126
120
96
70
57
54
43
17
-19
-51
-72
-91
-120
-161
-202
-226
-236
-250
-277
-303
-309
-298
-285
-277
-275
-264
-242
-210
-172
-136
-100
-54
3
54
88
110
141
179
209
228
252
285
310
321
318
307
289
264
241
219
196
172
149
122
91
61
40
25
7
-10
-12
0
16
25
31
43
73
118
172
225
261
280
277
260
236
209
188
176
167
158
144
113
60
-15
-90
-145
-183
-215
-246
-259
-248
-225
-218
-230
-245
-246
-232
-214
-202
-179
-131
-75
-38
-31
-39
-45
-61
-108
-175
-236
-267
-287
-324
-390
-477
-576
-693
-842
-1021
-1182
-1291
-1352
-1388
-1416
-1415
-1371
-1303
-1240
-1180
-1097
-968
-790
-576
-341
-87
179
451
712
947
1157
1353
1546
1730
1899
2040
2152
2230
2262
2243
2187
2113
2013
1883
1730
1560
1374
1175
956
727
512
329
175
47
-66
-166
-245
-302
-331
-339
-332
-309
-270
-213
-137
-47
60
182
301
411
505
593
669
733
764
771
771
762
746
712
665
611
546
460
350
220
70
-97
-277
-473
-684
-906
-1130
-1356
-1585
-1831
-2101
-2379
-2650
-2912
-3206
-3583
-4030
-4467
-4807
-5053
-5273
-5480
-5586
-5488
-5205
-4857
-4508
-4091
-3531
-2880
-2248
-1660
-1008
-204
693
1553
2338
3120
3945
4739
5393
5885
6272
6594
6813
6875
6818
6731
6631
6455
6142
5727
5264
4755
4167
3486
2753
2024
1318
635
-7
-594
-1127
-1630
-2107
-2545
-2917
-3235
-3490
-3683
-3801
-3816
-3746
-3613
-3435
-3179
-2823
-2385
-1900
-1383
-812
-191
422
971
1465
1938
2399
2803
3101
3290
3416
3492
3481
3329
3039
2675
2290
1882
1422
924
437
-4
-417
-839
-1265
-1663
-2010
-2290
-2510
-2674
-2764
-2779
-2750
-2722
-2724
-2739
-2748
-2759
-2812
-2918
-3050
-3186
-3355
-3628
-4021
-4450
-4811
-5089
-5344
-5607
-5804
-5818
-5644
-5378
-5077
-4703
-4185
-3546
-2886
-2238
-1528
-699
203
1095
1951
2840
3759
4671
5475
6137
6710
7195
7555
7750
7812
7808
7760
7624
7355
6964
6510
6011
5417
4713
3939
3148
2358
1561
764
13
-664
-1289
-1885
-2438
-2912
-3295
-3609
-3867
-4038
-4086
-4026
-3890
-3692
-3429
-3071
-2614
-2071
-1458
-781
-75
622
1279
1883
2450
2981
3451
3838
4132
4349
4500
4560
4497
4300
3987
3578
3075
2494
1864
1217
563
-94
-755
-1391
-1978
-2514
-2992
-3425
-3808
-4111
-4339
-4503
-4590
-4603
-4544
-4424
-4300
-4194
-4153
-4202
-4356
-4649
-5093
-5645
-6209
-6706
-7077
-7316
-7407
-7291
-6952
-6444
-5837
-5187
-4480
-3706
-2903
-2088
-1243
-307
750
1883
3044
4206
5349
6443
7411
8206
8810
9215
9430
9455
9320
9063
8720
8306
7819
7245
6599
5892
5115
4246
3292
2316
1367
452
-440
-1281
-2004
-2578
-3031
-3404
-3706
-3917
-4054
-4167
-4285
-4386
-4405
-4308
-4125
-3878
-3543
-3067
-2459
-1804
-1164
-527
132
786
1359
1837
2275
2706
3116
3456
3700
3871
3979
3996
3897
3674
3354
2952
2464
1897
1275
669
123
-382
-858
-1287
-1626
-1878
-2102
-2325
-2510
-2624
-2679
-2702
-2688
-2603
-2469
-2348
-2266
-2238
-2307
-2540
-2986
-3577
-4256
-5041
-5907
-6767
-7459
-7909
-8185
-8303
-8170
-7745
-7111
-6455
-5820
-5065
-4160
-3201
-2285
-1383
-312
956
2274
3521
4712
5923
7117
8127
8853
9346
9699
9890
9836
9566
9204
8825
8390
7822
7159
6476
5769
4960
4009
2976
1960
972
-23
-1026
-1945
-2666
-3230
-3688
-4080
-4382
-4522
-4559
-4589
-4635
-4675
-4613
-4454
-4267
-4008
-3620
-3090
-2432
-1763
-1084
-324
463
1213
1823
2289
2726
3144
3492
3746
3931
4122
4310
4412
4389
4254
4026
3649
3098
2406
1640
864
101
-642
-1308
-1842
-2257
-2581
-2829
-2988
-3065
-3109
-3141
-3144
-3032
-2838
-2653
-2471
-2281
-2121
-2068
-2266
-2689
-3193
-3844
-4707
-5731
-6761
-7552
-8118
-8603
-8891
-8801
-8314
-7603
-6892
-6124
-5141
-4052
-3065
-2231
-1333
-229
981
2129
3230
4483
5892
7188
8220
9055
9769
10329
10513
10300
9928
9517
9017
8321
7479
6728
6110
5470
4705
3860
3076
2318
1421
381
-641
-1521
-2288
-3035
-3700
-4138
-4337
-4401
-4437
-4426
-4289
-4119
-4025
-3989
-3941
-3765
-3478
-3172
-2794
-2276
-1600
-817
-39
708
1440
2136
2727
3141
3418
3633
3793
3880
3848
3744
3657
3551
3353
3028
2599
2101
1519
820
54
-682
-1344
-1951
-2483
-2885
-3122
-3211
-3230
-3183
-3037
-2827
-2599
-2421
-2293
-2137
-2016
-2053
-2297
-2731
-3192
-3702
-4452
-5390
-6343
-7119
-7677
-8223
-8692
-8798
-8494
-7939
-7340
-6684
-5743
-4564
-3438
-2484
-1513
-323
949
2098
3121
4216
5500
6717
7655
8453
9231
9936
10345
10325
10095
9833
9440
8776
7891
6999
6218
5419
4492
3506
2657
1953
1163
231
-703
-1509
-2185
-2888
-3613
-4154
-4418
-4534
-4614
-4599
-4343
-3905
-3510
-3251
-3020
-2676
-2294
-2011
-1795
-1506
-1048
-484
65
633
1301
2055
2726
3225
3600
3900
4089
4091
3908
3623
3336
3050
2683
2275
1889
1498
1059
517
-100
-688
-1265
-1862
-2415
-2884
-3185
-3297
-3318
-3226
-2995
-2668
-2240
-1850
-1569
-1299
-1112
-1101
-1320
-1835
-2439
-3044
-3857
-4870
-5937
-6851
-7474
-8029
-8589
-8845
-8675
-8211
-7703
-7183
-6411
-5335
-4238
-3335
-2470
-1372
-94
1129
2237
3367
4686
6026
7097
7971
8801
9557
10075
10183
10028
9839
9540
8999
8246
7432
6692
5926
5031
4089
3228
2470
1649
685
-285
-1136
-1869
-2605
-3366
-3993
-4349
-4519
-4654
-4740
-4630
-4300
-3928
-3640
-3393
-3032
-2553
-2127
-1787
-1412
-917
-317
280
850
1493
2212
2880
3396
3774
4063
4274
4308
4140
3871
3561
3203
2793
2343
1903
1486
1027
506
-24
-553
-1102
-1680
-2283
-2836
-3270
-3551
-3737
-3805
-3707
-3457
-3059
-2609
-2219
-1836
-1486
-1313
-1358
-1701
-2216
-2732
-3455
-4434
-5494
-6458
-7139
-7706
-8287
-8596
-8480
-8057
-7550
-7060
-6333
-5303
-4240
-3366
-2586
-1579
-363
777
1788
2848
4133
5494
6610
7539
8475
9358
9997
10191
10101
9986
9735
9190
8378
7514
6775
5995
5049
4078
3222
2508
1738
817
-81
-834
-1516
-2269
-3076
-3725
-4129
-4367
-4534
-4621
-4466
-4094
-3698
-3334
-2988
-2616
-2183
-1839
-1607
-1329
-990
-614
-199
255
840
1547
2227
2826
3398
3906
4268
4424
4357
4159
3893
3508
3034
2542
2050
1601
1125
613
141
-306
-763
-1270
-1799
-2269
-2672
-3025
-3285
-3471
-3512
-3390
-3136
-2766
-2401
-2022
-1636
-1385
-1332
-1572
-2024
-2523
-3226
-4209
-5331
-6416
-7226
-7871
-8518
-8909
-8853
-8436
-7842
-7244
-6445
-5333
-4173
-3218
-2410
-1434
-253
847
1781
2732
3910
5224
6318
7225
8161
9117
9863
10149
10095
10005
9815
9280
8402
7426
6584
5743
4742
3690
2801
2134
1453
610
-227
-906
-1488
-2176
-3017
-3736
-4192
-4475
-4723
-4920
-4847
-4457
-3939
-3458
-2981
-2429
-1806
-1278
-952
-654
-286
130
443
726
1123
1680
2286
2804
3308
3808
4240
4479
4463
4278
4006
3588
2986
2297
1637
1053
504
-38
-517
-895
-1228
-1554
-1897
-2224
-2504
-2791
-3070
-3294
-3407
-3382
-3218
-2895
-2503
-2049
-1543
-1108
-803
-778
-1063
-1453
-2036
-2977
-4132
-5343
-6381
-7223
-8094
-8785
-8995
-8784
-8302
-7759
-7020
-5905
-4674
-3610
-2735
-1783
-619
461
1314
2140
3188
4460
5594
6526
7511
8590
9541
10086
10259
10360
10328
9911
9082
8055
7102
6142
5018
3832
2791
1988
1270
469
-301
-882
-1361
-1908
-2619
-3307
-3787
-4175
-4576
-4969
-5174
-5059
-4782
-4490
-4089
-3524
-2835
-2156
-1611
-1082
-514
3
405
715
1041
1481
1957
2394
2845
3346
3858
4275
4515
4629
4653
4502
4128
3591
2962
2304
1596
806
71
-542
-1098
-1603
-2040
-2388
-2650
-2894
-3123
-3282
-3382
-3453
-3452
-3308
-3064
-2811
-2476
-2094
-1760
-1522
-1577
-1768
-1994
-2557
-3419
-4447
-5501
-6341
-7219
-8136
-8679
-8767
-8483
-8023
-7430
-6404
-5052
-3748
-2644
-1594
-349
872
1771
2466
3239
4231
5189
5914
6654
7581
8528
9215
9576
9850
10076
9974
9417
8547
7625
6686
5536
4209
2973
1982
1166
340
-441
-982
-1312
-1614
-2039
-2514
-2842
-3111
-3449
-3869
-4252
-4393
-4366
-4300
-4153
-3829
-3309
-2671
-2057
-1472
-826
-177
350
763
1143
1518
1912
2247
2520
2854
3225
3579
3865
4058
4187
4238
4122
3813
3403
2911
2287
1567
793
44
-606
-1256
-1836
-2299
-2670
-2941
-3131
-3273
-3343
-3314
-3250
-3101
-2879
-2690
-2461
-2200
-2040
-1960
-2085
-2352
-2629
-3157
-3954
-4876
-5844
-6642
-7409
-8269
-8852
-9010
-8817
-8412
-7880
-6970
-5633
-4244
-3019
-1857
-516
893
2010
2842
3641
4607
5576
6269
6877
7660
8537
9250
9648
9933
10257
10370
10038
9322
8479
7602
6490
5101
3682
2449
1390
337
-681
-1436
-1872
-2170
-2528
-2888
-3068
-3151
-3335
-3659
-4007
-4198
-4266
-4377
-4432
-4280
-3915
-3358
-2768
-2101
-1271
-419
326
950
1499
1999
2403
2670
2841
3008
3205
3364
3500
3614
3736
3840
3817
3662
3424
3079
2598
1969
1211
430
-347
-1147
-1912
-2576
-3122
-3561
-3885
-4057
-4065
-3954
-3790
-3540
-3166
-2767
-2393
-2047
-1768
-1546
-1537
-1811
-2139
-2582
-3295
-4200
-5226
-6134
-6857
-7666
-8413
-8774
-8736
-8411
-7971
-7314
-6198
-4842
-3576
-2433
-1213
176
1426
2351
3134
4034
5042
5856
6454
7165
8029
8836
9374
9674
10028
10305
10200
9691
8954
8152
7232
6002
4615
3341
2228
1171
104
-790
-1377
-1783
-2145
-2505
-2769
-2862
-2998
-3267
-3571
-3820
-3967
-4122
-4287
-4295
-4101
-3771
-3357
-2839
-2161
-1379
-629
37
686
1319
1848
2267
2589
2866
3109
3278
3393
3525
3650
3711
3687
3589
3445
3230
2848
2317
1717
1056
340
-458
-1287
-2033
-2714
-3341
-3841
-4182
-4329
-4336
-4251
-4024
-3628
-3158
-2738
-2327
-1928
-1626
-1468
-1575
-1862
-2173
-2741
-3596
-4564
-5551
-6361
-7136
-8010
-8612
-8771
-8581
-8203
-7728
-6873
-5609
-4295
-3117
-1991
-676
716
1804
2632
3471
4464
5442
6120
6715
7518
8387
9065
9449
9748
10116
10262
9978
9373
8664
7927
6923
5624
4308
3116
2045
954
-113
-878
-1363
-1752
-2124
-2457
-2578
-2607
-2759
-3004
-3283
-3483
-3626
-3877
-4100
-4150
-4055
-3830
-3532
-3094
-2438
-1700
-1023
-376
314
986
1564
2030
2406
2741
3018
3200
3342
3499
3590
3610
3568
3484
3372
3171
2825
2404
1898
1284
581
-179
-960
-1741
-2500
-3220
-3783
-4180
-4459
-4607
-4582
-4353
-3939
-3464
-2985
-2436
-1901
-1493
-1296
-1379
-1577
-1876
-2559
-3527
-4561
-5551
-6395
-7306
-8228
-8719
-8738
-8489
-8101
-7510
-6478
-5144
-3863
-2720
-1539
-194
1055
1962
2720
3571
4504
5310
5889
6526
7375
8223
8861
9309
9737
10137
10235
9922
9365
8696
7874
6736
5367
4040
2824
1665
502
-530
-1258
-1745
-2117
-2435
-2627
-2620
-2606
-2734
-2909
-3084
-3223
-3423
-3708
-3915
-3990
-3943
-3790
-3500
-3033
-2422
-1749
-1032
-270
510
1200
1787
2311
2734
3076
3312
3442
3563
3639
3634
3603
3533
3438
3300
3058
2747
2369
1862
1250
551
-210
-990
-1802
-2630
-3339
-3876
-4281
-4564
-4687
-4570
-4233
-3754
-3283
-2790
-2179
-1651
-1327
-1237
-1378
-1579
-1998
-2832
-3835
-4852
-5795
-6692
-7691
-8495
-8810
-8765
-8530
-8115
-7316
-6073
-4711
-3489
-2306
-971
424
1532
2324
3079
3916
4739
5329
5797
6484
7330
8053
8594
9068
9620
10049
10058
9723
9221
8593
7684
6437
5073
3778
2588
1379
203
-696
-1294
-1696
-2023
-2276
-2321
-2262
-2298
-2416
-2617
-2832
-3063
-3415
-3769
-4003
-4125
-4124
-3983
-3667
-3152
-2481
-1726
-907
-24
828
1568
2221
2761
3171
3459
3590
3640
3676
3617
3461
3318
3173
3029
2837
2541
2241
1906
1451
891
245
-445
-1172
-1969
-2771
-3486
-4069
-4532
-4866
-5011
-4940
-4661
-4220
-3711
-3099
-2409
-1810
-1356
-1099
-1084
-1185
-1574
-2374
-3320
-4332
-5338
-6332
-7399
-8223
-8570
-8605
-8414
-7962
-7108
-5851
-4496
-3230
-1977
-602
736
1733
2463
3171
3931
4651
5139
5597
6297
7105
7816
8388
8953
9580
10022
10053
9763
9314
8682
7728
6452
5075
3759
2476
1208
38
-855
-1450
-1868
-2164
-2313
-2269
-2137
-2086
-2113
-2234
-2410
-2635
-3000
-3408
-3759
-4050
-4206
-4197
-4002
-3585
-3002
-2294
-1467
-556
335
1139
1872
2510
3013
3345
3508
3591
3621
3545
3392
3225
3071
2929
2737
2495
2267
2000
1621
1132
549
-91
-805
-1629
-2471
-3240
-3904
-4465
-4891
-5106
-5048
-4754
-4311
-3776
-3110
-2350
-1707
-1242
-1016
-994
-1116
-1621
-2509
-3517
-4576
-5619
-6672
-7749
-8465
-8714
-8684
-8398
-7803
-6779
-5409
-4021
-2719
-1391
21
1310
2215
2898
3565
4230
4794
5157
5563
6207
6907
7546
8128
8741
9404
9846
9931
9762
9363
8733
7778
6501
5120
3738
2381
1076
-101
-1009
-1641
-2050
-2295
-2383
-2293
-2117
-1993
-1972
-2056
-2213
-2457
-2853
-3302
-3683
-3998
-4198
-4236
-4056
-3621
-3009
-2261
-1371
-394
575
1452
2228
2886
3369
3643
3741
3739
3655
3466
3222
3002
2811
2652
2479
2293
2125
1896
1536
1061
488
-173
-958
-1865
-2761
-3552
-4263
-4880
-5318
-5487
-5366
-5024
-4522
-3878
-3085
-2228
-1482
-924
-584
-469
-561
-1012
-1859
-2881
-3954
-5057
-6179
-7290
-8130
-8517
-8602
-8436
-7935
-7038
-5778
-4424
-3145
-1840
-454
839
1840
2609
3311
3995
4592
5008
5411
5999
6663
7274
7829
8380
8975
9428
9559
9437
9102
8545
7711
6562
5280
4013
2766
1544
417
-463
-1030
-1391
-1623
-1695
-1582
-1392
-1262
-1252
-1356
-1529
-1828
-2307
-2857
-3376
-3816
-4141
-4348
-4364
-4115
-3632
-2993
-2232
-1362
-435
465
1277
1975
2559
2983
3227
3343
3380
3341
3229
3085
2929
2771
2602
2413
2230
1996
1648
1204
672
77
-622
-1451
-2300
-3114
-3862
-4519
-5055
-5347
-5368
-5193
-4805
-4214
-3467
-2613
-1785
-1084
-539
-256
-227
-436
-1031
-1932
-2982
-4123
-5246
-6367
-7412
-8078
-8355
-8353
-8053
-7429
-6405
-5116
-3829
-2579
-1289
14
1153
1994
2680
3346
3983
4503
4902
5396
6048
6704
7282
7834
8458
9062
9393
9439
9308
8987
8406
7498
6357
5164
3943
2687
1469
423
-364
-956
-1388
-1618
-1633
-1493
-1346
-1262
-1206
-1216
-1362
-1678
-2156
-2655
-3154
-3667
-4096
-4368
-4428
-4268
-3932
-3388
-2647
-1774
-838
109
1010
1838
2510
3022
3372
3582
3674
3620
3503
3346
3149
2950
2736
2509
2280
1981
1599
1162
646
17
-735
-1550
-2387
-3204
-3996
-4690
-5178
-5476
-5570
-5414
-5008
-4407
-3698
-2895
-2034
-1262
-706
-415
-335
-453
-978
-1865
-2927
-4037
-5106
-6243
-7339
-8058
-8349
-8356
-8105
-7518
-6466
-5129
-3805
-2522
-1177
224
1417
2267
2931
3580
4166
4576
4876
5281
5858
6448
6990
7552
8195
8814
9207
9337
9270
8999
8453
7610
6522
5349
4134
2894
1718
693
-90
-629
-988
-1174
-1171
-1039
-868
-757
-741
-831
-1050
-1423
-1953
-2516
-3095
-3657
-4116
-4434
-4532
-4408
-4111
-3621
-2916
-2105
-1244
-366
475
1283
1976
2484
2848
3112
3230
3226
3129
2948
2754
2550
2279
2003
1741
1452
1135
744
281
-218
-798
-1481
-2201
-2920
-3603
-4214
-4697
-4996
-5088
-4956
-4571
-3984
-3276
-2459
-1570
-743
-113
233
370
316
-137
-1010
-2078
-3199
-4330
-5526
-6744
-7643
-8112
-8316
-8284
-7912
-7086
-5902
-4691
-3544
-2276
-875
393
1318
2034
2758
3465
3981
4297
4683
5270
5872
6384
6918
7574
8252
8731
8943
9020
8972
8653
8008
7114
6137
5096
3952
2804
1778
945
296
-219
-539
-655
-645
-575
-533
-532
-605
-815
-1154
-1627
-2211
-2803
-3373
-3889
-4295
-4559
-4617
-4443
-4091
-3568
-2866
-2070
-1204
-331
503
1308
2012
2560
3008
3344
3543
3614
3556
3421
3230
2972
2660
2336
1988
1586
1145
656
143
-380
-1002
-1677
-2346
-2981
-3568
-4088
-4473
-4705
-4754
-4627
-4288
-3727
-3038
-2279
-1486
-755
-140
253
376
260
-206
-1026
-2042
-3155
-4318
-5515
-6683
-7557
-8022
-8211
-8119
-7702
-6887
-5772
-4605
-3444
-2192
-910
200
1034
1718
2402
3018
3461
3793
4239
4833
5407
5931
6506
7181
7844
8287
8520
8652
8623
8326
7757
6997
6156
5214
4171
3159
2265
1527
902
399
75
-82
-172
-238
-296
-384
-542
-826
-1192
-1630
-2159
-2766
-3377
-3911
-4344
-4678
-4872
-4831
-4566
-4136
-3543
-2794
-1928
-1004
-98
775
1572
2220
2710
3055
3253
3325
3287
3155
2978
2775
2548
2312
2059
1775
1457
1078
610
89
-469
-1075
-1718
-2364
-2964
-3432
-3781
-4011
-4056
-3919
-3578
-3069
-2481
-1816
-1100
-421
113
435
516
418
73
-651
-1590
-2637
-3736
-4865
-6039
-7041
-7690
-8050
-8205
-8045
-7497
-6605
-5575
-4543
-3384
-2096
-866
130
942
1742
2503
3080
3493
3924
4475
5041
5542
6068
6692
7350
7884
8225
8466
8600
8511
8150
7553
6844
6045
5129
4157
3238
2434
1753
1174
722
434
267
127
-12
-172
-381
-676
-1087
-1576
-2140
-2757
-3391
-3961
-4445
-4834
-5083
-5141
-4982
-4652
-4191
-3590
-2857
-2054
-1234
-412
401
1161
1826
2391
2829
3161
3366
3420
3385
3268
3056
2765
2401
1983
1552
1084
579
64
-443
-930
-1386
-1811
-2199
-2507
-2733
-2888
-2942
-2872
-2689
-2392
-2001
-1559
-1059
-523
-27
373
623
663
530
179
-488
-1386
-2402
-3487
-4605
-5755
-6811
-7579
-8064
-8321
-8302
-7967
-7291
-6393
-5424
-4367
-3191
-1991
-919
-13
821
1658
2395
2975
3498
4091
4740
5343
5922
6544
7201
7801
8241
8544
8734
8742
8514
8070
7463
6745
5917
5021
4138
3310
2557
1886
1307
844
477
150
-157
-469
-792
-1143
-1536
-1989
-2489
-3004
-3506
-3960
-4356
-4680
-4891
-4946
-4873
-4673
-4309
-3803
-3189
-2482
-1742
-953
-137
627
1337
1959
2525
2975
3281
3449
3506
3487
3314
3019
2659
2238
1764
1256
721
202
-281
-748
-1167
-1524
-1804
-2019
-2208
-2346
-2383
-2333
-2232
-2071
-1834
-1507
-1116
-722
-340
42
348
502
475
261
-129
-771
-1643
-2634
-3699
-4796
-5891
-6898
-7681
-8197
-8471
-8455
-8099
-7440
-6562
-5548
-4422
-3201
-2012
-962
-24
837
1610
2249
2791
3321
3889
4472
5040
5652
6345
7056
7691
8218
8650
8965
9084
8967
8648
8178
7568
6797
5909
5016
4151
3293
2480
1753
1114
570
65
-396
-813
-1228
-1663
-2125
-2603
-3088
-3566
-4045
-4488
-4855
-5130
-5303
-5345
-5266
-5058
-4702
-4234
-3670
-3019
-2306
-1551
-787
-33
698
1381
1992
2515
2927
3233
3411
3450
3382
3206
2921
2555
2133
1687
1230
762
325
-47
-380
-675
-924
-1131
-1285
-1409
-1530
-1607
-1649
-1651
-1590
-1466
-1282
-1049
-778
-488
-233
-63
-5
-80
-307
-741
-1393
-2190
-3088
-4087
-5157
-6199
-7097
-7756
-8199
-8409
-8292
-7832
-7120
-6231
-5208
-4060
-2846
-1706
-693
249
1135
1901
2509
3040
3595
4182
4748
5300
5925
6619
7289
7871
8363
8790
9077
9126
8953
8602
8074
7368
6488
5530
4578
3619
2678
1822
1095
488
-33
-485
-852
-1155
-1470
-1815
-2175
-2559
-2973
-3427
-3891
-4319
-4691
-5007
-5236
-5336
-5307
-5146
-4857
-4432
-3874
-3229
-2521
-1755
-952
-149
617
1329
1976
2532
2957
3253
3427
3491
3442
3285
3056
2781
2475
2144
1828
1527
1251
993
736
497
264
11
-268
-565
-870
-1183
-1478
-1733
-1921
-2021
-2036
-1959
-1795
-1567
-1305
-1063
-894
-822
-867
-1096
-1540
-2175
-2929
-3780
-4729
-5713
-6620
-7350
-7872
-8207
-8287
-8021
-7451
-6688
-5773
-4696
-3494
-2285
-1185
-177
788
1671
2389
2987
3563
4165
4752
5285
5840
6469
7111
7697
8190
8602
8920
9048
8947
8664
8223
7607
6809
5894
4964
4045
3126
2245
1458
795
244
-241
-661
-991
-1288
-1608
-1960
-2322
-2706
-3128
-3580
-4037
-4462
-4842
-5156
-5377
-5474
-5449
-5298
-4994
-4554
-4000
-3346
-2602
-1798
-973
-150
640
1381
2049
2602
3046
3396
3632
3755
3791
3761
3669
3524
3321
3084
2833
2546
2219
1862
1483
1078
623
115
-418
-945
-1462
-1974
-2432
-2778
-3012
-3142
-3157
-3037
-2788
-2469
-2134
-1788
-1448
-1195
-1098
-1167
-1400
-1805
-2394
-3122
-3912
-4720
-5514
-6243
-6809
-7163
-7316
-7250
-6939
-6373
-5612
-4747
-3785
-2739
-1676
-684
217
1054
1847
2564
3180
3759
4347
4926
5472
6012
6574
7128
7607
7995
8296
8489
8524
8364
8056
7622
7039
6313
5508
4693
3879
3060
2275
1591
1013
487
-8
-427
-790
-1159
-1575
-2018
-2451
-2923
-3466
-4042
-4583
-5070
-5498
-5839
-6029
-6040
-5897
-5600
-5136
-4516
-3784
-2964
-2095
-1203
-323
495
1248
1920
2489
2950
3322
3609
3825
3974
4062
4116
4119
4061
3942
3761
3506
3166
2736
2212
1613
934
195
-571
-1341
-2065
-2745
-3342
-3815
-4140
-4325
-4381
-4303
-4085
-3765
-3393
-2997
-2582
-2173
-1826
-1590
-1464
-1409
-1462
-1667
-1995
-2384
-2791
-3228
-3697
-4136
-4471
-4705
-4857
-4896
-4769
-4465
-4051
-3554
-2947
-2223
-1449
-685
63
824
1574
2249
2844
3409
3954
4444
4870
5266
5664
6039
6357
6619
6849
7032
7124
7116
7026
6871
6627
6264
5815
5315
4767
4167
3524
2854
2182
1505
816
139
-502
-1111
-1691
-2239
-2742
-3193
-3596
-3935
-4202
-4385
-4489
-4503
-4435
-4280
-4042
-3729
-3334
-2871
-2359
-1813
-1237
-635
-26
565
1119
1630
2094
2503
2838
3102
3287
3383
3380
3294
3135
2894
2566
2156
1684
1149
558
-66
-693
-1307
-1900
-2459
-2947
-3348
-3675
-3919
-4068
-4127
-4122
-4067
-3952
-3772
-3572
-3375
-3166
-2926
-2665
-2416
-2165
-1868
-1530
-1208
-915
-619
-314
-64
58
72
25
-99
-360
-753
-1191
-1610
-2041
-2485
-2839
-3022
-3050
-2976
-2779
-2398
-1855
-1246
-621
46
761
1431
2005
2522
3032
3495
3870
4194
4538
4915
5271
5583
5900
6229
6504
6669
6740
6727
6581
6253
5769
5190
4514
3738
2902
2072
1288
550
-127
-705
-1174
-1555
-1874
-2133
-2334
-2508
-2684
-2864
-3028
-3184
-3325
-3423
-3445
-3379
-3223
-2966
-2587
-2094
-1522
-899
-247
405
1004
1515
1931
2239
2429
2488
2436
2290
2069
1784
1468
1146
835
527
223
-67
-353
-659
-1001
-1367
-1747
-2145
-2579
-3027
-3458
-3850
-4213
-4525
-4741
-4849
-4864
-4772
-4565
-4234
-3817
-3347
-2830
-2256
-1655
-1077
-531
-6
495
930
1290
1597
1868
2075
2194
2249
2260
2212
2064
1823
1524
1185
788
330
-147
-607
-1040
-1453
-1809
-2056
-2187
-2217
-2139
-1942
-1615
-1184
-698
-159
425
1006
1549
2039
2477
2848
3125
3308
3434
3514
3543
3529
3495
3461
3419
3354
3286
3222
3147
3039
2885
2689
2443
2142
1790
1403
994
578
173
-196
-511
-760
-940
-1043
-1073
-1035
-934
-794
-637
-483
-352
-238
-145
-97
-84
-87
-95
-117
-140
-153
-142
-113
-91
-81
-67
-61
-89
-156
-261
-389
-555
-763
-999
-1243
-1483
-1729
-1970
-2189
-2366
-2513
-2639
-2734
-2799
-2823
-2819
-2791
-2737
-2658
-2550
-2416
-2261
-2080
-1875
-1643
-1387
-1113
-818
-510
-186
126
411
667
884
1069
1194
1257
1266
1221
1109
933
724
500
263
13
-234
-448
-616
-763
-886
-961
-987
-981
-953
-882
-768
-615
-445
-267
-63
163
387
601
809
1011
1199
1362
1499
1628
1756
1870
1970
2062
2162
2272
2369
2454
2527
2586
2626
2628
2602
2552
2484
2385
2259
2120
1974
1821
1668
1523
1389
1262
1138
1021
902
780
658
530
392
249
100
-43
-183
-321
-454
-578
-692
-793
-883
-965
-1038
-1112
-1177
-1233
-1290
-1353
-1414
-1471
-1528
-1584
-1636
-1678
-1713
-1753
-1791
-1827
-1851
-1883
-1924
-1961
-1992
-2020
-2047
-2059
-2052
-2020
-1961
-1876
-1765
-1628
-1468
-1290
-1106
-917
-726
-533
-357
-202
-65
64
175
260
328
388
434
462
473
476
467
445
403
333
248
154
47
-77
-210
-338
-447
-534
-598
-628
-617
-566
-489
-380
-244
-84
74
226
373
516
650
765
866
956
1043
1130
1225
1335
1452
1576
1704
1841
1984
2121
2246
2355
2440
2501
2533
2532
2497
2429
2339
2226
2105
1986
1872
1766
1663
1571
1489
1416
1337
1249
1144
1020
866
688
492
279
45
-199
-428
-639
-829
-1004
-1147
-1251
-1330
-1393
-1445
-1475
-1498
-1534
-1581
-1629
-1682
-1743
-1812
-1876
-1922
-1948
-1961
-1952
-1914
-1855
-1786
-1715
-1640
-1571
-1513
-1468
-1431
-1400
-1378
-1372
-1372
-1364
-1343
-1306
-1250
-1171
-1068
-948
-818
-678
-539
-418
-315
-236
-175
-125
-97
-89
-91
-100
-117
-117
-97
-59
-3
63
140
221
302
366
421
465
488
494
480
463
435
404
376
358
349
359
394
451
527
611
706
798
889
973
1050
1112
1159
1190
1202
1206
1203
1197
1194
1202
1227
1269
1331
1410
1497
1588
1687
1779
1858
1917
1949
1947
1911
1837
1728
1597
1450
1296
1139
983
842
716
602
496
393
288
173
45
-99
-257
-436
-632
-836
-1045
-1247
-1424
-1568
-1675
-1742
-1766
-1740
-1676
-1585
-1476
-1356
-1241
-1136
-1054
-998
-969
-967
-992
-1035
-1082
-1126
-1155
-1164
-1140
-1084
-998
-898
-790
-680
-575
-484
-422
-389
-385
-411
-460
-530
-605
-678
-746
-796
-810
-799
-765
-705
-624
-531
-437
-347
-269
-210
-176
-163
-169
-185
-205
-223
-231
-216
-178
-122
-41
60
165
263
346
413
463
485
470
423
352
268
174
87
13
-34
-51
-33
19
106
233
375
527
682
832
970
1085
1174
1239
1290
1327
1360
1396
1441
1490
1552
1623
1704
1791
1867
1934
1975
1987
1972
1922
1837
1716
1559
1373
1167
951
728
507
296
98
-77
-222
-342
-439
-514
-570
-614
-648
-675
-705
-739
-783
-830
-876
-914
-944
-969
-979
-975
-955
-924
-881
-829
-776
-721
-666
-622
-594
-592
-609
-645
-704
-778
-859
-943
-1024
-1093
-1153
-1195
-1224
-1233
-1223
-1200
-1166
-1126
-1070
-1017
-966
-916
-868
-818
-763
-699
-630
-550
-457
-346
-218
-76
69
215
359
486
590
662
703
705
678
619
534
427
306
175
42
-82
-191
-273
-331
-364
-380
-374
-355
-319
-281
-239
-192
-151
-113
-69
-18
37
104
193
300
425
565
725
900
1073
1238
1388
1517
1616
1676
1692
1675
1624
1536
1425
1298
1162
1030
900
783
681
598
536
489
455
426
407
387
367
336
296
256
215
170
135
112
95
93
103
119
147
185
220
249
273
287
287
275
250
208
153
87
17
-61
-143
-227
-315
-400
-486
-577
-673
-771
-872
-979
-1082
-1187
-1284
-1376
-1461
-1534
-1587
-1618
-1629
-1613
-1572
-1506
-1424
-1324
-1212
-1091
-960
-833
-705
-579
-463
-360
-260
-164
-78
1
61
118
157
187
202
202
187
155
107
52
-8
-74
-137
-194
-242
-280
-294
-292
-268
-225
-164
-82
10
105
197
281
361
436
504
565
617
666
710
744
771
792
812
825
834
834
821
799
760
709
647
576
495
408
321
239
168
114
73
51
47
53
74
103
137
173
206
244
273
292
303
309
307
300
294
289
287
289
301
318
342
364
387
405
424
434
438
439
433
418
397
372
344
314
282
246
210
170
125
72
15
-51
-123
-197
-272
-343
-416
-479
-538
-587
-628
-655
-666
-660
-645
-625
-600
-574
-543
-513
-481
-450
-421
-396
-376
-366
-362
-357
-356
-355
-358
-361
-365
-376
-388
-403
-422
-439
-456
-469
-478
-483
-479
-468
-448
-425
-402
-371
-346
-320
-295
-274
-250
-230
-213
-198
-180
-166
-150
-132
-110
-88
-69
-45
-23
-2
20
38
56
73
89
109
124
140
154
175
196
219
245
267
290
307
324
338
349
356
361
367
375
384
395
412
428
450
473
494
516
536
556
572
583
592
593
594
591
585
581
579
579
577
574
571
558
534
509
480
441
393
339
277
210
139
65
-7
-76
-134
-183
-213
-237
-253
-259
-256
-247
-235
-221
-206
-189
-170
-151
-135
-120
-103
-88
-69
-42
-16
9
39
66
88
102
108
104
91
70
38
0
-40
-81
-123
-165
-207
-250
-293
-336
-384
-430
-465
-495
-526
-558
-588
-618
-649
-673
-697
-717
-730
-738
-736
-727
-714
-697
-673
-639
-607
-570
-526
-485
-449
-413
-383
-363
-341
-325
-309
-293
-278
-262
-244
-226
-204
-175
-141
-101
-60
-19
32
85
132
178
219
257
290
314
335
356
378
404
432
461
501
541
587
634
673
707
737
754
766
770
766
755
740
718
689
659
628
597
566
529
487
446
401
349
294
238
193
148
101
60
23
-4
-21
-27
-20
-5
17
47
81
113
141
168
190
210
223
229
236
234
227
217
207
194
182
165
146
119
88
51
9
-35
-87
-136
-191
-243
-295
-347
-394
-435
-470
-503
-531
-555
-573
-589
-604
-611
-614
-612
-605
-597
-589
-581
-572
-564
-559
-553
-545
-533
-513
-488
-460
-427
-388
-350
-312
-275
-240
-210
-188
-165
-147
-135
-126
-120
-113
-105
-96
-85
-78
-67
-55
-46
-32
-18
-6
7
17
27
37
48
60
72
88
107
129
156
188
226
263
300
334
370
402
432
455
472
482
486
489
486
479
466
448
428
407
387
371
357
341
330
320
312
310
311
309
311
313
320
326
331
337
344
350
358
360
353
349
338
325
308
284
255
226
194
166
136
113
90
71
59
44
30
15
-4
-35
-72
-113
-161
-215
-269
-321
-374
-424
-470
-512
-545
-572
-591
-601
-602
-602
-601
-598
-597
-596
-593
-585
-573
-559
-541
-516
-485
-448
-414
-379
-341
-301
-258
-220
-187
-161
-135
-119
-109
-108
-114
-114
-118
-118
-122
-129
-133
-133
-132
-129
-129
-122
-112
-102
-89
-78
-59
-39
-20
1
24
52
80
108
138
170
196
221
245
270
295
318
341
361
376
389
399
404
411
407
400
400
392
385
380
374
367
361
352
341
329
317
306
293
286
275
264
251
239
223
207
199
195
194
197
203
208
219
228
235
239
245
246
238
225
208
186
158
130
97
64
32
0
-33
-67
-102
-132
-161
-185
-210
-234
-252
-268
-284
-301
-313
-326
-338
-343
-347
-345
-335
-319
-299
-277
-258
-242
-227
-216
-210
-209
-208
-210
-214
-223
-229
-237
-250
-265
-281
-297
-308
-320
-330
-337
-336
-333
-324
-313
-300
-288
-274
-260
-249
-241
-231
-219
-210
-198
-183
-167
-146
-118
-88
-52
-10
33
77
119
160
199
232
262
290
310
327
337
343
346
344
338
330
316
298
280
264
251
236
225
209
195
182
167
155
144
137
131
127
127
124
126
136
153
168
187
210
230
247
261
271
273
273
267
254
238
220
202
182
164
142
117
95
67
35
2
-28
-56
-83
-105
-122
-137
-146
-144
-141
-131
-120
-102
-82
-62
-44
-33
-18
-8
-5
-7
-13
-26
-46
-70
-95
-125
-152
-176
-196
-212
-225
-230
-235
-237
-243
-246
-250
-259
-269
-282
-295
-308
-322
-333
-339
-338
-332
-322
-304
-281
-258
-232
-205
-179
-156
-134
-110
-83
-56
-25
11
51
88
126
161
194
223
247
264
276
280
280
275
268
256
232
210
186
153
121
91
64
39
19
3
-8
-12
-12
-10
-2
7
21
33
50
64
77
92
100
106
113
120
127
135
146
157
172
187
196
207
216
217
216
213
203
190
169
151
126
102
74
45
20
-7
-30
-50
-66
-78
-90
-94
-96
-93
-91
-87
-81
-77
-74
-63
-52
-41
-27
-21
-13
-9
-6
-7
-12
-16
-25
-39
-52
-68
-91
-110
-131
-147
-169
-185
-196
-210
-219
-225
-229
-232
-233
-234
-234
-230
-222
-214
-200
-178
-153
-127
-98
-66
-35
0
34
62
88
107
119
123
124
119
109
97
83
67
52
38
22
8
-3
-20
-35
-44
-56
-71
-80
-91
-101
-109
-113
-112
-106
-98
-86
-70
-54
-35
-15
6
26
46
62
80
97
113
128
140
154
168
178
186
194
199
201
203
199
197
188
177
168
155
142
130
121
112
105
99
93
90
86
87
91
93
98
100
102
103
101
100
97
95
92
88
79
70
64
55
42
31
19
9
-1
-11
-22
-32
-45
-57
-70
-86
-98
-111
-126
-135
-143
-150
-155
-156
-156
-153
-149
-147
-143
-141
-140
-135
-127
-120
-110
-100
-91
-86
-88
-85
-86
-93
-95
-99
-103
-111
-120
-126
-132
-134
-137
-138
-142
-141
-136
-134
-130
-127
-123
-114
-109
-103
-97
-92
-85
-72
-59
-45
-30
-13
1
18
33
49
66
84
101
112
125
137
146
153
160
163
162
160
156
152
145
141
135
128
124
116
107
99
96
92
85
85
88
86
88
86
88
89
87
84
81
79
78
81
86
93
98
102
107
100
93
85
80
77
76
79
75
70
64
50
36
24
10
-3
-11
-21
-30
-38
-43
-49
-60
-61
-64
-67
-66
-66
-62
-57
-54
-53
-52
-54
-58
-63
-65
-67
-69
-69
-68
-68
-70
-74
-79
-87
-94
-103
-116
-125
-129
-134
-131
-127
-123
-120
-113
-108
-102
-97
-92
-90
-90
-85
-82
-77
-72
-69
-67
-65
-65
-64
-61
-61
-59
-54
-49
-44
-38
-37
-33
-31
-28
-17
-12
-4
2
8
16
24
31
35
39
39
41
40
44
45
49
58
66
70
75
81
84
87
90
91
92
97
102
106
113
119
125
135
143
152
159
163
165
165
164
163
159
154
154
152
149
144
135
129
120
110
101
91
79
66
52
40
29
17
7
-2
-9
-17
-28
-43
-56
-69
-79
-87
-96
-102
-105
-107
-108
-107
-108
-107
-107
-106
-109
-110
-112
-113
-112
-111
-107
-101
-95
-90
-87
-84
-85
-87
-89
-87
-86
-86
-83
-82
-82
-80
-75
-71
-71
-73
-75
-76
-75
-75
-75
-74
-73
-67
-61
-58
-55
-52
-44
-41
-41
-37
-32
-30
-28
-25
-25
-21
-19
-15
-14
-12
-10
-4
1
8
17
28
42
49
58
69
75
82
90
100
106
115
123
126
133
136
139
144
148
153
156
159
157
153
145
137
131
124
121
119
113
109
102
95
85
74
63
56
49
44
42
41
37
38
35
31
28
21
13
5
-3
-12
-18
-24
-28
-29
-34
-39
-43
-45
-50
-58
-65
-76
-86
-91
-93
-94
-91
-88
-87
-85
-85
-86
-88
-91
-92
-92
-92
-92
-91
-92
-90
-92
-94
-91
-89
-90
-93
-98
-103
-102
-99
-94
-91
-85
-80
-75
-71
-67
-65
-67
-67
-68
-69
-68
-66
-68
-62
-57
-49
-39
-30
-16
-5
9
19
28
38
45
50
55
58
62
69
78
91
102
114
124
130
135
138
138
139
138
140
139
139
138
133
129
121
115
108
103
96
88
81
72
62
55
49
39
30
25
20
15
11
6
0
-5
-10
-18
-21
-25
-24
-25
-26
-29
-30
-32
-33
-30
-32
-33
-32
-34
-35
-37
-37
-35
-30
-25
-21
-14
-10
-7
-5
-3
-4
-4
-4
-5
-5
-4
-2
-2
-2
-2
-3
-4
-4
-7
-12
-13
-18
-23
-30
-39
-44
-48
-52
-53
-58
-62
-64
-68
-71
-72
-74
-74
-74
-76
-79
-80
-78
-75
-73
-70
-69
-69
-69
-66
-65
-61
-52
-45
-37
-32
-25
-20
-14
-8
-2
9
17
26
34
39
46
49
53
55
59
60
61
62
63
62
59
56
55
52
47
47
46
44
41
41
42
41
44
45
45
46
50
52
56
59
63
67
69
70
69
69
66
64
65
66
67
69
71
68
64
58
52
48
42
38
35
34
28
22
13
5
-6
-14
-20
-26
-33
-38
-43
-47
-49
-56
-63
-71
-75
-81
-88
-91
-94
-98
-103
-102
-101
-101
-101
-103
-102
-102
-99
-97
-93
-87
-83
-77
-71
-64
-58
-51
-45
-37
-30
-20
-12
-4
4
12
20
21
22
26
29
30
32
34
37
40
42
43
44
45
43
45
44
44
46
40
38
33
31
27
24
24
21
19
21
20
22
23
25
19
13
11
8
2
-3
-6
-7
-5
-7
-7
-5
-3
2
9
15
21
26
33
39
43
47
50
53
56
59
60
63
64
62
61
60
53
47
43
39
31
24
18
13
6
2
1
2
2
4
3
-3
-7
-12
-19
-26
-30
-33
-37
-40
-42
-41
-42
-46
-48
-51
-52
-53
-55
-58
-58
-60
-58
-56
-54
-51
-47
-45
-44
-41
-40
-41
-39
-38
-38
-40
-39
-36
-34
-33
-30
-27
-27
-25
-22
-20
-18
-18
-15
-13
-6
-2
6
9
8
9
10
11
11
11
11
9
8
8
8
5
6
7
8
8
9
11
14
15
13
14
21
25
31
38
44
46
48
49
46
44
38
36
35
34
32
34
35
39
41
40
45
44
43
40
38
39
37
36
34
29
26
21
16
9
4
2
1
1
-2
-3
-3
-5
-5
-7
-8
-10
-10
-7
-6
-6
-5
-6
-7
-9
-11
-11
-12
-16
-18
-22
-18
-18
-17
-15
-14
-13
-12
-11
-14
-15
-18
-21
-25
-26
-26
-27
-25
-24
-24
-27
-26
-24
-24
-23
-21
-23
-24
-26
-28
-29
-27
-25
-22
-20
-16
-13
-13
-13
-16
-18
-17
-16
-16
-15
-14
-12
-9
-3
-2
0
1
4
8
10
11
11
10
11
10
5
1
0
-2
-1
-1
-1
1
3
5
10
15
18
22
25
29
29
28
29
27
26
28
30
32
32
31
31
32
33
33
34
35
34
31
29
26
21
17
12
5
2
0
-2
-2
1
2
1
0
-3
-5
-7
-9
-9
-10
-11
-13
-10
-9
-7
-6
-3
0
2
3
4
5
3
2
0
-3
-3
-5
-4
-2
-2
-2
-6
-7
-9
-10
-12
-10
-10
-13
-15
-18
-19
-21
-23
-26
-28
-30
-32
-35
-34
-34
-34
-34
-31
-31
-29
-25
-22
-18
-18
-16
-14
-13
-10
-7
-6
-4
-3
-2
-2
0
1
3
2
1
-2
-2
1
1
4
8
11
13
12
12
14
15
16
14
14
14
14
14
14
16
16
19
19
17
16
15
12
8
7
4
5
5
8
11
14
13
13
14
15
19
21
24
24
25
26
28
25
24
23
20
18
17
14
12
9
6
6
9
9
7
6
6
8
8
8
9
7
9
8
8
7
3
-1
-4
-8
-11
-10
-11
-10
-10
-11
-11
-11
-12
-15
-19
-20
-23
-26
-26
-25
-23
-21
-21
-22
-23
-25
-24
-26
-27
-27
-27
-25
-23
-20
-17
-16
-16
-16
-18
-19
-23
-20
-18
-16
-14
-12
-11
-8
-8
-7
-3
-2
0
4
7
9
12
12
15
15
16
18
20
19
19
16
14
13
8
5
-1
-5
-8
-11
-12
-12
-11
-10
-8
-6
-3
-2
0
1
3
5
7
7
7
9
10
9
10
13
14
16
20
20
23
24
24
23
18
16
15
14
14
14
15
15
18
19
19
20
21
21
19
17
13
10
6
5
5
5
7
5
3
-1
-8
-14
-15
-16
-13
-12
-10
-11
-11
-13
-14
-15
-14
-14
-11
-7
-6
-5
-5
-5
-6
-5
-2
-2
-2
-2
-3
-8
-11
-11
-11
-10
-12
-13
-13
-14
-13
-15
-14
-12
-11
-10
-8
-7
-5
-3
1
3
3
4
5
4
5
5
5
5
5
1
-2
-3
-8
-10
-11
-10
-9
-7
-4
-2
0
1
1
1
-1
-1
-2
-3
-1
0
0
1
1
2
6
7
10
10
12
13
13
12
13
13
13
13
14
13
14
14
12
12
11
9
10
8
9
6
2
0
-3
-4
-4
-3
-1
0
0
0
0
-2
-3
-2
-4
-6
-4
-5
-4
-3
1
5
8
10
11
9
7
4
3
0
1
2
0
-2
-6
-9
-10
-12
-12
-13
-15
-18
-19
-18
-17
-15
-15
-14
-11
-11
-7
-7
-7
-8
-10
-12
-11
-9
-8
-6
-9
-7
-5
-6
-5
-5
-3
-2
0
-1
-1
0
-1
-2
-4
-6
-3
-3
-2
-1
0
1
2
3
3
5
8
9
13
15
20
23
25
27
25
22
18
14
10
9
8
8
7
8
9
9
7
7
4
3
1
-2
-2
-2
-3
-2
0
2
4
3
2
1
0
-1
-2
-2
-2
-4
-6
-8
-9
-11
-11
-9
-8
-7
-5
