0
0
0
0
0
0
0
0
0
-1
0
0
0
0
0
0
0
0
0
0
0
-1
0
0
0
0
0
0
0
0
-1
-1
0
0
0
0
0
0
0
0
0
0
0
0
0
1
0
0
1
0
0
-1
0
0
0
0
0
1
0
0
0
0
0
0
-1
0
0
0
1
-1
1
0
0
1
0
0
0
0
1
0
0
0
-1
0
0
0
0
0
0
-1
-1
0
0
0
-1
1
0
0
-1
0
0
0
0
0
0
0
-1
0
0
0
0
0
0
0
0
1
0
0
0
0
0
0
0
0
0
1
-1
0
0
-1
0
0
0
0
0
0
0
1
0
0
1
0
0
1
0
0
0
1
0
-1
0
0
-1
1
0
0
0
1
0
1
0
0
0
0
0
0
0
-1
0
-1
0
0
0
0
0
-1
0
1
0
0
0
0
-1
0
-1
0
0
0
0
0
0
0
0
-1
1
0
0
0
0
0
-1
1
-1
-1
0
0
-1
1
0
0
-1
1
0
1
0
0
1
0
-1
0
0
0
0
0
0
0
0
0
0
0
0
1
0
1
1
0
0
1
0
0
1
0
0
0
0
0
0
-1
-1
-1
-1
0
0
0
0
-1
0
-1
-1
0
0
0
0
-1
1
-1
-1
1
-1
-1
0
-1
0
-1
0
-1
0
1
0
0
0
0
-1
0
0
0
1
-1
0
0
0
0
0
1
1
1
-1
0
-1
0
0
0
-1
0
0
0
0
0
0
0
0
0
-1
1
0
0
2
0
0
0
-1
0
1
0
0
-1
1
0
0
0
0
0
0
0
0
0
0
0
0
0
0
0
0
0
0
0
0
0
0
0
-1
0
0
1
1
-1
0
0
0
1
-1
0
-1
0
0
0
0
0
0
0
1
0
1
0
-1
0
0
0
-1
0
0
0
0
0
0
0
0
0
0
0
0
0
0
0
0
0
0
0
0
0
0
-1
0
0
0
0
-1
0
1
0
0
0
0
0
0
0
0
0
0
0
0
0
0
0
-1
1
-1
0
0
0
0
0
0
0
0
0
0
-1
0
0
0
0
1
1
0
0
1
0
-1
0
-1
-1
0
0
0
0
0
-1
0
0
0
0
0
0
0
-1
0
0
0
0
0
0
0
0
0
0
0
0
-1
0
0
0
0
0
1
0
0
1
0
0
0
1
0
0
1
0
1
1
0
0
1
0
0
0
0
0
1
0
0
-1
1
0
-1
-1
0
0
0
0
0
1
0
1
-1
0
0
0
0
-1
0
-1
0
0
-1
0
0
0
-1
0
0
0
0
0
0
0
0
1
-1
0
0
0
0
-1
0
0
0
0
0
1
0
0
0
0
1
0
0
0
1
1
0
0
0
0
0
0
0
1
0
1
0
-1
0
0
0
1
0
0
0
0
0
0
1
0
1
1
1
0
0
0
0
0
0
0
0
0
0
0
0
-1
0
0
0
-1
0
-1
0
0
0
0
0
0
0
-1
1
0
1
0
0
0
0
1
0
0
-1
0
1
-1
0
0
0
0
0
0
-1
0
0
0
0
0
0
1
-1
0
0
0
0
0
0
0
-1
0
-1
0
0
0
0
0
-1
0
1
0
0
0
1
0
0
0
0
0
0
0
0
0
0
0
0
0
0
1
0
1
0
-1
-1
-1
0
0
0
0
0
0
0
-1
0
0
1
0
0
1
0
0
0
0
0
0
0
-1
0
0
0
0
0
0
0
0
0
0
0
0
0
0
0
0
0
0
0
0
0
0
1
0
1
0
0
0
1
0
0
-1
1
0
0
0
0
-1
0
1
0
0
0
0
0
0
0
1
-1
0
0
0
0
0
0
-1
-1
-1
-1
-1
-1
-1
-1
-1
0
0
0
-1
0
-1
0
0
-1
-1
0
0
-1
-1
0
1
0
0
0
0
0
-1
0
0
1
1
0
0
0
0
1
1
1
0
1
1
1
0
1
1
0
1
1
1
1
1
1
0
0
0
1
1
1
1
0
-1
1
1
1
0
0
1
1
0
1
-1
0
0
0
0
0
0
0
0
0
0
0
0
-1
1
0
0
0
0
-1
0
0
0
-1
-1
-1
0
-1
0
-1
-1
-1
-1
0
-1
-1
-1
-1
-2
-1
-2
-2
-2
-3
-1
-2
-2
-3
-2
-2
-3
-3
-3
-3
-2
-2
-3
-2
-2
-1
-1
-2
-1
-1
-2
-2
-1
-1
-1
-2
-1
0
-1
0
-1
0
0
1
1
2
0
0
2
2
2
2
3
3
3
4
3
2
4
4
3
5
3
4
5
4
5
4
3
4
4
3
4
3
4
4
4
3
4
3
2
3
2
3
2
2
2
1
0
0
0
0
-1
-1
0
-2
-1
-1
-2
-2
-2
-1
-3
-1
-3
-4
-3
-3
-3
-4
-3
-4
-4
-3
-3
-4
-2
-4
-3
-3
-4
-3
-4
-3
-3
-3
-3
-2
-2
-3
-2
-3
-1
-2
-3
-2
-2
-2
-2
-2
-2
-3
-2
-1
-1
-2
-1
-1
-1
-1
-2
-1
-1
-2
-1
-1
0
0
-1
1
-1
-1
0
1
0
1
0
0
0
0
1
1
0
1
1
2
2
1
2
2
3
3
3
3
4
4
5
4
6
5
6
6
5
7
6
7
6
7
6
7
6
7
7
6
6
6
6
6
5
5
4
3
3
2
1
1
0
0
-1
-1
-2
-2
-2
-3
-2
-3
-3
-3
-3
-4
-3
-4
-4
-4
-5
-4
-5
-5
-6
-5
-5
-5
-6
-6
-7
-7
-8
-10
-9
-10
-10
-11
-11
-11
-10
-11
-11
-12
-11
-10
-12
-10
-10
-11
-10
-10
-10
-10
-9
-8
-7
-7
-8
-6
-6
-6
-5
-5
-4
-4
-4
-3
-1
0
1
3
2
6
6
8
10
13
14
16
18
19
22
24
25
27
29
30
32
34
37
38
40
41
41
43
44
42
41
41
38
37
34
31
29
26
23
18
13
9
4
-1
-6
-10
-15
-17
-20
-22
-26
-30
-32
-35
-37
-41
-41
-43
-43
-43
-44
-43
-41
-38
-37
-35
-35
-33
-28
-26
-22
-18
-14
-10
-6
-2
0
1
2
3
3
3
2
1
2
-1
-3
-5
-9
-12
-14
-18
-24
-32
-40
-45
-55
-62
-70
-77
-86
-95
-103
-109
-115
-122
-128
-134
-137
-139
-140
-143
-142
-140
-137
-132
-125
-116
-103
-91
-74
-56
-35
-13
11
34
61
89
120
150
183
215
247
282
317
352
385
417
448
475
499
522
541
558
572
582
588
591
588
582
572
555
533
507
475
434
387
337
281
223
161
96
31
-37
-105
-177
-245
-311
-379
-445
-506
-564
-619
-669
-715
-757
-792
-822
-848
-868
-881
-893
-898
-897
-891
-881
-868
-847
-827
-807
-783
-756
-730
-705
-677
-646
-614
-581
-547
-511
-476
-444
-413
-383
-351
-322
-292
-259
-224
-184
-140
-92
-41
11
75
139
212
291
371
453
540
628
717
806
894
978
1060
1140
1215
1282
1341
1394
1438
1476
1505
1524
1537
1540
1536
1522
1501
1471
1433
1393
1342
1285
1217
1139
1056
968
873
773
667
556
441
321
199
73
-58
-186
-315
-441
-565
-687
-804
-920
-1030
-1131
-1229
-1322
-1404
-1478
-1545
-1603
-1649
-1687
-1713
-1727
-1732
-1726
-1709
-1683
-1643
-1592
-1532
-1463
-1384
-1297
-1208
-1115
-1015
-909
-796
-679
-557
-431
-305
-175
-50
72
192
309
419
526
628
724
815
900
977
1052
1118
1173
1224
1263
1298
1322
1340
1350
1352
1349
1334
1308
1276
1233
1180
1116
1040
957
867
767
661
548
427
302
173
40
-98
-235
-374
-508
-640
-768
-894
-1016
-1134
-1249
-1355
-1449
-1539
-1623
-1695
-1756
-1802
-1836
-1861
-1875
-1875
-1859
-1834
-1798
-1751
-1686
-1607
-1510
-1397
-1271
-1128
-969
-794
-607
-410
-203
8
226
450
676
906
1130
1349
1562
1765
1963
2147
2313
2464
2595
2707
2804
2878
2933
2973
2992
2988
2962
2917
2855
2772
2667
2542
2402
2245
2073
1889
1691
1481
1256
1023
787
545
305
63
-177
-418
-657
-887
-1112
-1329
-1537
-1736
-1921
-2090
-2244
-2382
-2500
-2600
-2685
-2749
-2787
-2806
-2807
-2788
-2749
-2686
-2601
-2495
-2369
-2228
-2071
-1903
-1724
-1535
-1338
-1141
-937
-729
-523
-313
-101
101
296
481
656
821
974
1116
1243
1357
1456
1539
1609
1663
1703
1730
1745
1744
1723
1691
1646
1583
1502
1409
1300
1175
1040
896
739
575
398
216
34
-150
-333
-515
-699
-876
-1051
-1219
-1372
-1519
-1660
-1790
-1906
-2010
-2101
-2182
-2255
-2318
-2365
-2398
-2414
-2420
-2415
-2393
-2348
-2280
-2184
-2059
-1913
-1746
-1555
-1340
-1107
-853
-586
-303
-8
301
621
946
1268
1584
1889
2183
2473
2749
3001
3231
3438
3616
3765
3885
3972
4030
4057
4054
4025
3973
3899
3806
3694
3561
3412
3245
3056
2846
2619
2378
2120
1848
1565
1276
980
671
358
32
-299
-631
-962
-1286
-1608
-1920
-2220
-2506
-2772
-3022
-3249
-3450
-3623
-3769
-3888
-3973
-4024
-4043
-4033
-3990
-3920
-3816
-3683
-3524
-3344
-3144
-2918
-2674
-2415
-2148
-1876
-1588
-1285
-979
-669
-362
-61
236
530
811
1077
1326
1554
1765
1956
2128
2279
2409
2521
2607
2667
2711
2738
2744
2730
2696
2644
2566
2471
2356
2222
2067
1894
1703
1493
1264
1018
769
511
254
-13
-277
-531
-784
-1035
-1275
-1501
-1714
-1915
-2100
-2269
-2422
-2556
-2674
-2777
-2870
-2952
-3021
-3076
-3116
-3144
-3162
-3174
-3165
-3132
-3065
-2966
-2837
-2681
-2495
-2274
-2018
-1727
-1404
-1062
-702
-325
69
478
894
1306
1705
2090
2463
2823
3163
3475
3758
4004
4212
4383
4523
4629
4699
4732
4728
4691
4622
4530
4417
4276
4111
3930
3732
3521
3294
3048
2782
2496
2191
1874
1552
1217
876
522
163
-200
-558
-909
-1259
-1605
-1946
-2279
-2594
-2886
-3153
-3401
-3634
-3841
-4018
-4162
-4274
-4356
-4406
-4422
-4402
-4336
-4225
-4075
-3894
-3689
-3455
-3185
-2890
-2579
-2262
-1941
-1617
-1293
-966
-644
-331
-41
228
482
721
942
1139
1313
1467
1616
1759
1902
2035
2159
2274
2378
2473
2552
2614
2657
2677
2676
2650
2592
2503
2379
2225
2038
1820
1570
1296
1004
707
412
116
-177
-464
-737
-989
-1216
-1428
-1630
-1814
-1977
-2115
-2234
-2337
-2439
-2547
-2657
-2765
-2867
-2970
-3081
-3195
-3290
-3349
-3363
-3338
-3278
-3185
-3047
-2856
-2606
-2306
-1972
-1607
-1208
-768
-289
216
729
1223
1695
2150
2583
2989
3350
3662
3928
4155
4349
4517
4641
4716
4745
4730
4689
4620
4530
4427
4309
4183
4050
3912
3771
3618
3441
3242
3018
2766
2493
2200
1891
1560
1209
841
458
64
-339
-751
-1172
-1594
-2013
-2414
-2790
-3136
-3444
-3718
-3959
-4160
-4308
-4406
-4457
-4471
-4447
-4377
-4255
-4088
-3886
-3666
-3427
-3176
-2904
-2616
-2328
-2044
-1767
-1494
-1221
-937
-656
-384
-129
101
308
502
679
826
951
1067
1188
1313
1445
1575
1699
1808
1899
1971
2020
2048
2052
2016
1958
1899
1830
1740
1620
1480
1309
1107
899
696
506
335
184
73
-22
-137
-280
-456
-667
-912
-1177
-1430
-1658
-1868
-2059
-2249
-2460
-2713
-3025
-3391
-3779
-4133
-4394
-4519
-4474
-4244
-3837
-3294
-2677
-2034
-1398
-768
-141
490
1145
1812
2461
3084
3654
4130
4437
4527
4420
4160
3814
3447
3100
2788
2524
2333
2235
2222
2249
2289
2340
2419
2553
2775
3083
3435
3772
4050
4251
4348
4298
4076
3678
3136
2496
1811
1118
438
-242
-921
-1577
-2202
-2774
-3273
-3681
-3989
-4187
-4252
-4179
-3990
-3714
-3387
-3039
-2696
-2381
-2106
-1872
-1675
-1514
-1395
-1308
-1244
-1211
-1208
-1222
-1245
-1275
-1298
-1290
-1226
-1105
-932
-717
-464
-197
70
329
578
808
1002
1168
1324
1465
1589
1695
1761
1791
1769
1687
1565
1401
1202
981
747
518
292
79
-119
-305
-497
-713
-940
-1149
-1315
-1425
-1492
-1523
-1510
-1455
-1362
-1255
-1183
-1168
-1219
-1321
-1453
-1596
-1725
-1843
-1956
-2070
-2211
-2386
-2622
-2942
-3353
-3814
-4193
-4387
-4342
-4025
-3439
-2628
-1706
-797
56
856
1611
2321
3011
3714
4424
5088
5663
6073
6214
6003
5445
4652
3773
2936
2234
1669
1241
944
788
798
922
1083
1257
1479
1825
2313
2924
3599
4204
4622
4805
4747
4437
3897
3169
2325
1426
528
-321
-1089
-1795
-2474
-3100
-3622
-4010
-4250
-4296
-4135
-3825
-3457
-3072
-2681
-2310
-1987
-1710
-1445
-1216
-1083
-1062
-1110
-1221
-1429
-1715
-1978
-2141
-2186
-2124
-1928
-1602
-1210
-811
-416
-5
387
728
1019
1285
1513
1664
1709
1653
1505
1294
1046
797
570
394
276
228
240
296
366
431
485
538
592
634
652
637
590
503
382
208
-24
-317
-650
-1017
-1399
-1779
-2115
-2365
-2496
-2498
-2417
-2334
-2293
-2283
-2256
-2183
-2039
-1792
-1482
-1191
-1008
-987
-1228
-1859
-2896
-4115
-5167
-5809
-5983
-5669
-4844
-3621
-2291
-1086
-39
910
1758
2520
3313
4242
5243
6141
6811
7197
7187
6660
5680
4478
3279
2220
1399
853
533
392
445
703
1081
1449
1782
2175
2707
3365
4104
4857
5462
5752
5692
5353
4754
3890
2822
1687
599
-393
-1264
-2007
-2650
-3239
-3769
-4159
-4346
-4343
-4166
-3813
-3326
-2786
-2263
-1797
-1441
-1222
-1117
-1096
-1177
-1375
-1683
-2045
-2393
-2702
-2934
-3057
-3062
-2970
-2762
-2385
-1858
-1255
-653
-47
572
1167
1680
2043
2248
2302
2221
2045
1798
1496
1156
839
590
415
261
116
1
-47
-20
27
95
221
405
604
734
839
909
882
734
529
426
355
153
-223
-698
-1203
-1774
-2359
-2820
-3140
-3398
-3582
-3587
-3393
-3155
-2891
-2444
-1834
-1270
-917
-713
-758
-1465
-2964
-4747
-6103
-6836
-7153
-6906
-5818
-4040
-2222
-822
339
1443
2366
3004
3662
4638
5765
6677
7273
7616
7557
6869
5598
4113
2743
1633
849
380
184
245
633
1317
2071
2706
3233
3764
4327
4923
5577
6196
6557
6501
6119
5527
4677
3496
2096
710
-533
-1613
-2492
-3129
-3580
-3928
-4160
-4191
-4028
-3737
-3363
-2907
-2405
-1932
-1510
-1157
-942
-912
-1043
-1272
-1615
-2110
-2714
-3323
-3846
-4230
-4406
-4326
-4031
-3570
-2962
-2240
-1485
-798
-203
327
808
1247
1582
1774
1848
1796
1671
1475
1214
903
607
404
317
354
447
502
485
424
417
466
534
589
636
712
810
912
978
979
863
688
517
382
225
-79
-509
-1008
-1455
-1861
-2277
-2661
-2952
-3050
-3045
-2956
-2647
-2054
-1332
-759
-365
-106
-201
-1162
-3066
-5204
-6787
-7667
-8157
-8071
-6949
-4880
-2697
-1096
110
1264
2334
3099
3784
4810
6058
7060
7573
7737
7573
6819
5331
3432
1654
327
-516
-1028
-1240
-1061
-372
728
1913
2990
3898
4684
5355
5943
6539
7034
7200
6946
6417
5761
4842
3510
1916
363
-973
-2081
-2907
-3354
-3538
-3611
-3544
-3223
-2700
-2183
-1797
-1436
-1057
-755
-598
-583
-659
-886
-1281
-1753
-2242
-2829
-3574
-4357
-4948
-5178
-5077
-4693
-4112
-3391
-2561
-1679
-771
28
646
1069
1365
1616
1801
1825
1613
1240
834
472
89
-316
-634
-728
-558
-222
197
568
805
889
891
872
821
736
644
660
770
884
885
731
527
294
91
-157
-462
-775
-1146
-1516
-1907
-2236
-2479
-2684
-2829
-2900
-2802
-2489
-1961
-1300
-663
-77
476
751
111
-1834
-4473
-6725
-8057
-8805
-9045
-8201
-6057
-3431
-1397
25
1338
2535
3226
3567
4337
5705
7057
7823
8102
8076
7448
5945
3800
1687
42
-1030
-1573
-1691
-1389
-635
604
2051
3312
4259
5050
5846
6558
7154
7646
7906
7687
6954
5963
4808
3344
1558
-202
-1610
-2654
-3395
-3741
-3695
-3495
-3316
-2996
-2351
-1577
-926
-429
30
384
402
86
-403
-938
-1591
-2409
-3238
-3975
-4612
-5272
-5831
-6048
-5782
-5108
-4229
-3164
-1997
-853
52
683
1117
1388
1518
1540
1553
1531
1319
896
411
-16
-452
-941
-1322
-1443
-1241
-754
-36
659
1096
1191
1157
1152
1061
817
500
360
348
422
522
619
626
402
115
-174
-454
-863
-1274
-1512
-1692
-1927
-2294
-2479
-2391
-2243
-2095
-1867
-1287
-618
-118
396
967
1096
-236
-2954
-5895
-7903
-9074
-9920
-9872
-8199
-5176
-2279
-261
1340
2909
4057
4408
4577
5251
6302
7159
7746
8256
8271
7107
4821
2198
-31
-1639
-2650
-3106
-2962
-2064
-378
1776
3715
5033
5875
6544
7068
7411
7714
8003
7996
7443
6568
5551
4121
2047
-317
-2229
-3510
-4362
-4772
-4480
-3564
-2651
-1948
-1211
-271
465
661
703
900
1124
976
519
39
-595
-1631
-3012
-4276
-5250
-6100
-6773
-6913
-6335
-5359
-4288
-3096
-1750
-503
335
784
1060
1216
1145
941
811
691
415
-48
-481
-796
-1070
-1350
-1553
-1526
-1313
-806
-115
618
1103
1264
1348
1341
1210
816
506
462
552
568
416
368
270
56
-343
-761
-1095
-1416
-1440
-1258
-1073
-1286
-1794
-2143
-2274
-2234
-2088
-1530
-687
114
901
1727
2108
839
-2184
-5543
-7846
-9148
-10143
-10211
-8352
-4989
-1942
-62
1481
3150
4318
4401
4248
4821
5809
6510
6949
7624
7992
7013
4592
1663
-789
-2550
-3593
-3916
-3550
-2419
-444
2171
4610
6188
6928
7277
7456
7445
7460
7600
7604
7152
6342
5392
3993
1826
-747
-2897
-4286
-5128
-5466
-4967
-3650
-2106
-781
335
1341
1838
1699
1372
1272
1343
1076
496
-131
-770
-1656
-3001
-4484
-5811
-6803
-7349
-7273
-6432
-5058
-3479
-1854
-248
1153
2053
2341
2225
1899
1529
1162
830
501
31
-490
-962
-1266
-1556
-1912
-2121
-1992
-1343
-386
611
1326
1643
1641
1463
1160
617
22
-341
-286
-82
103
271
425
415
-39
-702
-1409
-1970
-2401
-2631
-2459
-2164
-1933
-2078
-2394
-2576
-2454
-1873
-1229
-516
328
1441
2290
1607
-858
-4228
-7020
-8941
-10376
-10828
-9409
-6168
-2772
-338
1446
3144
4374
4558
4341
4680
5620
6459
7082
7857
8473
8032
6093
3223
291
-2102
-3599
-4176
-4002
-3089
-1247
1444
4180
6202
7399
8022
8120
7653
7090
6945
7122
7031
6470
5598
4361
2483
24
-2255
-3937
-5075
-5761
-5652
-4454
-2639
-842
595
1645
2176
2057
1582
1202
993
728
252
-287
-839
-1615
-2696
-4018
-5402
-6679
-7603
-7830
-7170
-5762
-3859
-1780
178
1723
2640
3024
2910
2438
1705
917
373
51
-163
-512
-937
-1346
-1713
-2034
-2282
-2255
-1842
-1026
45
1122
1808
2009
1756
1309
755
90
-440
-713
-527
-134
304
588
489
100
-500
-872
-1211
-1563
-1980
-2153
-2119
-2381
-2952
-3595
-3636
-3310
-2654
-1912
-1018
145
1407
2354
1727
-749
-4164
-6943
-8703
-10088
-10631
-9276
-5935
-2370
-33
1676
3446
4866
4995
4413
4499
5477
6519
7152
7805
8391
7990
5934
2844
-171
-2341
-3547
-3909
-3596
-2563
-539
2305
5054
6832
7694
8237
8485
8105
7398
7047
7168
7020
6276
5249
4027
2107
-596
-3178
-4858
-5761
-6261
-6064
-4761
-2736
-786
706
1758
2248
2028
1430
1036
893
682
242
-259
-790
-1637
-2869
-4344
-5751
-6956
-7770
-7842
-7039
-5377
-3264
-1108
709
1946
2578
2630
2265
1666
973
337
-112
-416
-657
-897
-1061
-1107
-1219
-1594
-2032
-2062
-1400
-302
824
1712
2292
2561
2474
2037
1178
160
-694
-1096
-994
-650
-32
602
1099
1035
249
-883
-2082
-2866
-3404
-3525
-3263
-2780
-2487
-2438
-2098
-1516
-1010
-860
-351
765
1486
327
-2660
-5616
-7514
-8857
-10299
-10776
-8986
-5566
-2329
-105
1952
4117
5603
5846
5614
5903
6412
6625
6690
7038
7192
6384
4428
1798
-751
-2584
-3395
-3544
-3391
-2510
-194
3055
5878
7495
8370
9063
9210
8515
7646
7202
6930
6193
5164
4278
3179
1241
-1244
-3257
-4556
-5451
-5975
-5559
-4095
-2208
-425
1181
2480
3025
2782
2354
2067
1591
705
-272
-974
-1681
-2795
-4251
-5548
-6563
-7485
-8137
-8010
-6789
-4917
-2894
-859
1112
2703
3511
3599
3229
2534
1517
426
-351
-826
-1251
-1749
-2037
-2017
-1952
-2069
-2230
-2096
-1527
-594
531
1556
2191
2356
2140
1684
988
244
-352
-610
-499
28
828
1369
1273
597
-229
-1178
-2264
-3254
-3628
-3418
-3090
-2927
-2671
-2021
-1275
-826
-717
-292
644
1290
301
-2430
-5454
-7536
-8847
-10113
-10568
-8895
-5360
-2030
-184
1007
2576
4108
4642
4581
5053
6189
7099
7362
7417
7299
6310
3977
938
-1669
-3159
-3518
-3260
-2717
-1725
281
3130
5718
7186
7829
8449
8962
8885
8350
8021
7894
7297
6018
4508
2934
939
-1451
-3434
-4473
-4858
-5008
-4706
-3629
-2165
-852
210
1292
2166
2493
2414
2411
2530
2206
1263
73
-1086
-2435
-4111
-5749
-6915
-7610
-8027
-7971
-6966
-5062
-2846
-892
781
2261
3327
3777
3657
3260
2499
1395
257
-603
-1321
-2123
-2761
-2948
-2765
-2550
-2306
-1829
-1078
-236
598
1302
1778
2001
2009
1837
1337
641
79
-229
-470
-750
-728
-341
56
-27
-592
-1239
-1842
-2402
-2973
-3278
-3266
-3235
-3365
-3458
-2923
-1903
-992
-512
109
1377
2176
874
-2658
-6358
-8544
-9644
-10527
-10505
-8192
-4261
-1006
469
1255
2419
3367
3466
3504
4586
6419
7873
8529
8754
8532
7214
4565
1219
-1618
-3060
-3021
-2268
-1562
-632
1163
3576
5391
6101
6511
7276
7953
8010
8008
8477
8755
7951
6258
4544
2788
517
-1898
-3423
-3874
-3931
-3926
-3531
-2624
-1841
-1403
-967
-257
424
860
1424
2243
2815
2610
1726
457
-1122
-3110
-5077
-6461
-7147
-7391
-7390
-6916
-5871
-4444
-2985
-1590
-287
919
1931
2745
3272
3281
2802
1965
974
-133
-1259
-2208
-2761
-2774
-2390
-1820
-1306
-928
-518
10
570
932
1042
1130
1318
1570
1631
1403
1016
642
307
-27
-297
-579
-869
-1277
-1663
-1974
-2323
-2612
-2919
-3126
-3317
-3504
-3424
-2909
-1864
-808
41
942
1959
2087
-74
-3983
-7574
-9451
-10311
-10839
-10036
-7012
-2980
-368
476
1010
2008
2710
2689
3134
4823
7031
8492
8983
8881
7950
5820
2689
-353
-2318
-2827
-2234
-1384
-700
178
1731
3479
4497
4788
5342
6557
7668
8243
8760
9396
9298
7877
5814
3905
1995
-300
-2259
-2940
-2636
-2452
-2675
-2640
-2190
-1838
-1814
-1568
-766
270
1206
2106
2970
3223
2481
1008
-606
-2108
-3562
-4832
-5742
-6267
-6699
-7078
-7114
-6531
-5419
-4014
-2338
-447
1429
2822
3586
3741
3438
2751
1783
824
-34
-751
-1289
-1512
-1576
-1754
-2071
-2288
-2109
-1620
-1003
-380
227
726
1019
1225
1324
1324
1187
1064
1048
990
888
673
437
-92
-1103
-2375
-3566
-4094
-4147
-3889
-3514
-3091
-2731
-2663
-2427
-1960
-1352
-801
173
1866
2727
1099
-2754
-6380
-8293
-9354
-10300
-10095
-7466
-3701
-1180
-443
-32
918
1651
1876
2630
4658
7100
8654
9097
8844
7916
6046
3308
491
-1411
-1765
-930
-62
98
115
958
2269
3083
3409
4277
5887
7316
8100
8787
9478
9249
7694
5702
4156
2713
951
-643
-1409
-1710
-2306
-2998
-3230
-3058
-2943
-2806
-2035
-698
602
1512
2153
2691
2674
1958
697
-589
-1643
-2664
-3589
-4461
-5126
-5866
-6761
-7380
-7132
-5918
-4312
-2588
-860
912
2428
3253
3424
3102
2606
2049
1480
986
447
-140
-752
-1318
-1823
-2262
-2513
-2530
-2135
-1367
-428
183
200
-17
-65
148
312
426
743
1298
1818
2045
1963
1514
459
-1014
-2449
-3267
-3570
-3709
-3647
-3577
-3527
-3835
-4058
-3688
-2841
-1734
-461
1339
2766
2079
-1204
-5437
-8241
-9377
-9820
-9613
-7811
-4470
-1652
-630
-705
-444
301
911
1806
3773
6606
8816
9454
8819
7567
5905
3698
1420
-93
-226
592
1184
864
34
-228
309
1229
2269
3786
5826
7645
8656
9025
9071
8487
7063
5341
4151
3524
2907
2059
1180
172
-1195
-2842
-4192
-4833
-4802
-4148
-2895
-1167
416
1398
1692
1659
1522
1122
585
200
110
-38
-625
-1642
-2841
-4165
-5759
-7214
-7736
-6912
-5102
-3116
-1412
-53
1000
1626
1810
1728
1640
1749
1968
2155
2096
1653
852
-154
-1136
-1976
-2498
-2682
-2457
-1803
-1017
-422
-409
-820
-1229
-1240
-850
-245
650
1512
2008
2054
1992
1911
1147
-400
-1924
-2582
-2610
-2903
-3514
-4043
-4474
-5208
-5850
-5430
-3962
-2250
-725
1005
2536
2061
-1236
-5517
-8191
-8717
-8506
-8024
-6482
-3859
-1777
-1550
-2352
-2649
-1854
-445
1526
4314
7410
9501
9592
8102
6239
4759
3550
2461
1948
2605
3726
3715
1971
-246
-1319
-1112
-332
1085
3656
6674
8643
8987
8549
7996
7076
5761
4884
5019
5504
5412
4483
3042
1128
-1277
-3587
-5003
-5221
-4621
-3686
-2608
-1508
-664
-313
-391
-543
-370
231
868
1217
1138
616
-401
-1887
-3324
-4347
-5047
-5739
-6264
-6057
-5086
-3961
-3295
-2792
-1879
-556
744
1612
2178
2501
2548
2311
1880
1464
1079
693
342
84
-246
-779
-1399
-1784
-1861
-1599
-1207
-982
-883
-952
-864
-649
-313
157
622
1106
1596
2026
2217
1676
523
-772
-1854
-2362
-2941
-3475
-4228
-4999
-5511
-5824
-5166
-4120
-2846
-1537
156
1784
1204
-2024
-5982
-7909
-7752
-7403
-7048
-5639
-3138
-1665
-2354
-3458
-3246
-1629
198
2244
4937
7618
9022
8440
6919
5578
4885
4452
3964
3793
4144
4527
3652
1276
-1211
-2089
-1203
353
2238
4642
6988
7915
7248
6363
6191
6253
6071
6175
6899
7322
6393
4457
2402
423
-1614
-3120
-3486
-3155
-3049
-3332
-3339
-3037
-2772
-2492
-1814
-638
199
448
397
190
-191
-1053
-1826
-2118
-2005
-1869
-2343
-3327
-4476
-5073
-4808
-4080
-3322
-2565
-1468
-217
649
881
729
577
517
651
1254
2032
2367
1952
1228
625
-15
-664
-1113
-991
-524
-251
-270
-542
-1055
-1777
-2355
-2231
-1348
-306
484
1005
1378
1519
1243
606
-50
-516
-786
-1026
-1603
-2581
-3854
-5102
-5937
-5920
-4797
-3193
-1851
-805
323
733
-1171
-5004
-8199
-8516
-7022
-5998
-5413
-4339
-3076
-3286
-4732
-5125
-3425
-740
1615
4007
6612
8355
8092
6401
5129
5006
5608
6085
6113
5925
5422
4144
1784
-801
-2027
-1254
573
2235
3614
4951
5659
5299
4632
4953
6354
7631
8272
8499
8319
7257
5254
3341
2113
1344
552
-269
-963
-1946
-3498
-5037
-5690
-5247
-4111
-2691
-1238
-266
-119
-588
-1162
-1456
-1483
-1196
-736
-335
-199
-713
-2033
-3851
-5220
-5316
-4330
-3096
-2207
-1647
-1299
-1192
-1353
-1452
-1070
-280
739
1701
2324
2462
1937
1136
510
340
641
1008
1101
818
320
-411
-1309
-2266
-2918
-2887
-2330
-1304
-252
445
525
140
63
175
323
283
213
267
-78
-764
-1808
-3037
-4229
-5226
-5424
-4661
-3451
-2481
-1901
-1041
93
-150
-2864
-6475
-8105
-7069
-5714
-5466
-5336
-4430
-3837
-4800
-5840
-4890
-2199
353
2103
4024
6139
7209
6610
5582
5678
6788
7678
7553
6809
6034
5033
3257
986
-483
-243
1101
2200
2626
2935
3266
3254
3182
3963
5786
7478
8154
8159
7893
7240
5934
4690
4182
3918
3231
2032
714
-819
-2816
-4750
-5631
-5231
-4254
-3315
-2657
-2328
-2520
-2954
-2876
-2075
-942
-109
215
159
-223
-921
-1876
-2866
-3540
-3490
-2736
-1958
-1797
-2260
-2870
-3191
-3103
-2522
-1431
-303
440
785
944
1040
815
465
607
1207
1892
2194
1950
1457
812
126
-444
-918
-1469
-2039
-2363
-2092
-1532
-923
-364
-98
189
332
414
262
-363
-669
-517
-209
-452
-1531
-2713
-3766
-4540
-4695
-4028
-2852
-1900
-1047
-79
-388
-3040
-6713
-8353
-6989
-5298
-5019
-5219
-4734
-4445
-5492
-6330
-5044
-2145
321
1867
3474
5041
5690
5262
4978
5786
7310
8451
8282
7125
5805
4708
3250
1344
246
756
2011
2517
2012
1571
1580
1585
1963
3457
5772
7274
7299
6932
6865
6655
6030
5797
6310
6412
5228
3332
1548
-120
-1959
-3382
-3724
-3360
-3074
-3169
-3511
-4118
-4798
-4892
-4079
-2741
-1466
-578
-215
-531
-1271
-1720
-1735
-1615
-1511
-1180
-587
-436
-1166
-2380
-3179
-3143
-2579
-1835
-1170
-786
-797
-989
-936
-571
-69
326
727
1213
1538
1592
1371
1058
843
675
509
149
-658
-1533
-2096
-2202
-1920
-1536
-947
-376
-129
-130
-255
-223
-260
-420
-433
-624
-1164
-2068
-3037
-3693
-4059
-3877
-3346
-2618
-1660
-537
-182
-2125
-5439
-7583
-6862
-4968
-4651
-5520
-5996
-5687
-5862
-6416
-5521
-2957
-383
929
1683
2707
3584
3908
4269
5640
7621
8879
8758
7504
6133
5327
4701
3711
2617
2348
2957
3153
2227
1071
689
937
1522
2720
4539
5814
5620
4942
4964
5608
6139
6462
7039
7301
6355
4429
2562
1240
86
-894
-1480
-1838
-2374
-3236
-4082
-4792
-5484
-5673
-5021
-3817
-2725
-2108
-1810
-1718
-1853
-2010
-1722
-1157
-733
-593
-501
-276
-351
-939
-1685
-2042
-1810
-1397
-1206
-1419
-1817
-1901
-1576
-1112
-712
-360
122
555
712
895
1126
1256
1134
948
1078
1079
568
-379
-1134
-1293
-1296
-1280
-1233
-948
-619
-596
-614
-547
-451
-626
-927
-1060
-1194
-1624
-2476
-3236
-3549
-3472
-3296
-3127
-2607
-1641
-751
-1513
-4166
-6605
-6731
-4917
-4026
-4962
-6086
-6168
-5858
-6035
-5529
-3502
-1177
-66
313
1332
2642
3247
3409
4394
6383
7941
8158
7314
6326
5813
5541
5031
4219
3671
3679
3660
3060
2164
1729
1787
1951
2464
3571
4617
4643
3927
3764
4564
5439
5855
6229
6698
6525
5361
3920
2851
1907
750
-173
-631
-1180
-2217
-3358
-4078
-4551
-5043
-5206
-4776
-4084
-3691
-3479
-3049
-2565
-2204
-1891
-1518
-1147
-956
-678
-99
373
331
-322
-1004
-1260
-1140
-898
-832
-1038
-1393
-1495
-1311
-1128
-1046
-773
-233
295
625
745
878
961
943
1014
983
697
56
-672
-1002
-1150
-1247
-1407
-1424
-1295
-1220
-979
-635
-334
-434
-699
-787
-896
-1179
-1667
-2088
-2406
-2633
-2805
-2871
-2674
-2168
-1712
-2574
-5006
-7238
-7185
-5284
-4327
-5327
-6582
-6655
-6197
-6054
-5287
-3185
-1036
-162
137
1150
2500
3150
3452
4571
6425
7689
7692
6903
6105
5690
5500
5191
4556
4041
4090
4274
3847
2943
2466
2483
2542
2721
3464
4467
4622
4051
3866
4419
5008
5152
5374
5829
5856
5220
4433
3717
2692
1330
323
-71
-567
-1568
-2648
-3480
-4256
-5054
-5396
-5029
-4580
-4460
-4325
-3786
-2971
-2370
-1993
-1627
-1296
-1016
-664
-113
355
402
67
-293
-532
-658
-750
-930
-1169
-1464
-1563
-1479
-1423
-1372
-1134
-639
-178
93
221
389
617
878
1176
1230
786
145
-148
-214
-378
-764
-1069
-1095
-1341
-1602
-1480
-1250
-1086
-1146
-1020
-693
-1013
-1706
-2249
-2246
-1964
-2066
-2251
-2337
-2001
-1390
-1551
-3279
-6019
-7384
-6379
-4884
-4873
-6070
-6724
-6621
-6556
-6034
-4213
-1837
-624
-407
398
1833
2693
2717
3254
4950
6678
7468
7207
6471
5710
5322
5384
5137
4394
3881
4150
4547
4181
3460
3063
2957
2968
3399
4371
4968
4626
4054
4105
4615
4831
4821
5022
5180
4928
4479
4079
3445
2267
967
170
-330
-989
-1668
-2229
-2913
-3926
-4822
-5002
-4722
-4577
-4703
-4769
-4470
-3811
-2998
-2185
-1695
-1662
-1568
-1046
-393
-114
-260
-263
-2
30
-286
-742
-1109
-1387
-1536
-1339
-981
-846
-864
-783
-518
-277
-52
329
626
895
1267
1632
1628
865
216
245
446
404
-70
-322
-385
-793
-1201
-1394
-1227
-1132
-1335
-1383
-1365
-1401
-1762
-2261
-2532
-2707
-2614
-2426
-2295
-2063
-1750
-1509
-2373
-4535
-6306
-6206
-4849
-4532
-5699
-6671
-6626
-6341
-6293
-5374
-3297
-1546
-892
-432
728
1829
2213
2753
4188
5960
6873
6931
6723
6354
6029
5758
5437
4870
4251
4286
4668
4578
3899
3175
2927
3004
3340
3969
4477
4423
4027
4030
4418
4602
4460
4460
4818
5042
4852
4478
3924
2972
1724
682
88
-400
-1033
-1670
-2391
-3268
-4098
-4514
-4425
-4340
-4465
-4469
-4129
-3626
-3186
-2717
-2152
-1783
-1697
-1512
-1015
-557
-500
-607
-449
-177
-238
-660
-1102
-1287
-1211
-944
-621
-428
-509
-681
-598
-301
-52
-4
45
343
643
736
543
127
-300
-619
-584
-408
-476
-758
-1113
-1145
-1015
-981
-948
-1107
-1273
-1452
-1519
-1356
-1423
-1601
-1818
-1892
-1872
-2014
-1874
-1230
-507
-903
-2835
-4948
-5738
-5101
-4595
-5224
-6225
-6797
-6903
-6815
-6150
-4602
-2985
-2011
-1327
-105
1400
2343
2868
3651
4965
6155
6669
6802
6742
6624
6421
5983
5145
4093
3570
3849
4447
4515
3929
3163
2683
2772
3280
3934
4309
4332
4310
4361
4433
4368
4337
4460
4627
4753
4728
4334
3389
2141
1089
578
239
-357
-1114
-1957
-2714
-3441
-4083
-4354
-4389
-4367
-4359
-4227
-3973
-3752
-3448
-2899
-2210
-1701
-1360
-1003
-706
-580
-527
-288
0
-30
-340
-610
-660
-678
-785
-755
-580
-498
-603
-676
-524
-364
-391
-452
-236
183
343
218
3
-208
-290
-325
-283
-317
-618
-861
-833
-677
-633
-802
-1005
-1101
-1328
-1569
-1668
-1773
-1850
-1984
-1957
-1838
-2025
-2250
-2016
-1219
-916
-2067
-3993
-5170
-4855
-4295
-4676
-5610
-6303
-6564
-6681
-6316
-5028
-3474
-2555
-2097
-1191
302
1673
2519
3301
4500
5626
6188
6323
6359
6529
6678
6567
6014
4981
4015
3731
4034
4333
4265
3879
3330
2931
2926
3344
3851
4035
4106
4337
4571
4655
4621
4584
4532
4419
4429
4481
4064
2991
1770
874
282
-327
-1082
-1852
-2691
-3577
-4228
-4477
-4498
-4557
-4633
-4506
-4169
-3817
-3492
-3130
-2733
-2332
-1908
-1354
-832
-579
-490
-262
133
350
173
-196
-432
-418
-338
-335
-365
-515
-698
-735
-543
-316
-353
-583
-640
-369
-13
205
170
36
-29
-4
173
220
111
-114
-365
-337
-178
4
-60
-459
-808
-1186
-1525
-1837
-2060
-2142
-2390
-2581
-2623
-2554
-2350
-1902
-1282
-1510
-2970
-4509
-4801
-4071
-3959
-4833
-5719
-6108
-6349
-6508
-5737
-4163
-2947
-2465
-1999
-929
221
1082
2065
3280
4268
4714
4992
5318
5478
5588
5861
5994
5424
4309
3676
3893
4411
4637
4514
4263
3865
3568
3688
4093
4320
4281
4325
4524
4636
4556
4457
4418
4306
4191
4149
4006
3384
2403
1546
972
465
-161
-773
-1463
-2344
-3154
-3601
-3682
-3758
-3901
-3910
-3818
-3742
-3684
-3399
-2861
-2447
-2205
-1965
-1574
-1183
-988
-799
-492
-186
-75
-250
-501
-610
-564
-466
-386
-412
-510
-551
-508
-273
-65
-52
-137
-256
-205
-65
-18
-189
-431
-505
-472
-370
-428
-526
-607
-777
-749
-636
-509
-476
-621
-701
-741
-898
-1257
-1653
-1858
-1873
-1915
-2181
-2301
-1972
-1437
-1455
-2660
-4279
-5037
-4720
-4324
-4724
-5499
-6023
-6344
-6530
-6042
-4626
-3269
-2679
-2303
-1409
-155
760
1513
2691
3941
4669
4976
5260
5551
5651
5692
5810
5578
4688
3762
3528
3846
4169
4263
4197
4007
3767
3775
4146
4475
4534
4519
4560
4614
4607
4612
4641
4497
4187
3960
3784
3301
2516
1756
1190
737
208
-303
-837
-1640
-2615
-3400
-3750
-3810
-3903
-4016
-3965
-3755
-3566
-3376
-3070
-2695
-2281
-1956
-1663
-1300
-1007
-762
-533
-335
-168
-172
-314
-449
-480
-419
-335
-346
-495
-634
-696
-598
-444
-430
-472
-473
-389
-254
-267
-469
-550
-391
-86
84
-41
-226
-339
-360
-289
-255
-313
-525
-838
-998
-1070
-1112
-1299
-1700
-1992
-2159
-2125
-2133
-2249
-2034
-1547
-1409
-2329
-3838
-4702
-4653
-4508
-4905
-5424
-5656
-5851
-5986
-5631
-4516
-3235
-2458
-1783
-857
152
941
1651
2655
3731
4527
4859
4942
4978
5046
5380
5665
5476
4798
4067
3718
3750
3903
4121
4229
3990
3698
3710
4026
4268
4254
4248
4365
4388
4278
4239
4233
4007
3625
3404
3346
3070
2343
1488
774
207
-265
-666
-1080
-1693
-2459
-3100
-3410
-3520
-3619
-3674
-3627
-3429
-3189
-2967
-2756
-2543
-2259
-1917
-1542
-1234
-1081
-1009
-899
-696
-518
-498
-580
-689
-662
-503
-375
-328
-395
-402
-262
-81
48
-17
-107
-31
138
292
239
56
-7
-20
36
110
64
-44
-255
-431
-349
-240
-271
-481
-816
-963
-1064
-1215
-1282
-1419
-1554
-1720
-1934
-2004
-2163
-2104
-1732
-1563
-1954
-3090
-4057
-4329
-4422
-4688
-5140
-5404
-5476
-5613
-5534
-4912
-3912
-3041
-2327
-1572
-775
-12
697
1618
2655
3455
3979
4290
4454
4535
4681
4937
5029
4726
4245
4015
4045
4102
4135
4133
4098
3988
3843
3920
4163
4288
4292
4246
4281
4426
4508
4517
4366
4011
3582
3221
2937
2555
2032
1379
706
129
-291
-585
-990
-1569
-2120
-2434
-2587
-2723
-2891
-3033
-3048
-3003
-2904
-2758
-2690
-2727
-2756
-2603
-2252
-1896
-1629
-1401
-1212
-1063
-920
-798
-728
-676
-593
-398
-208
-162
-133
-17
142
201
119
39
8
-30
-63
-60
-87
-199
-314
-347
-352
-444
-573
-596
-555
-595
-672
-702
-705
-792
-965
-1095
-1160
-1231
-1332
-1432
-1535
-1618
-1611
-1535
-1460
-1380
-1230
-1096
-1282
-1804
-2362
-2749
-3118
-3654
-4122
-4287
-4290
-4333
-4352
-4131
-3691
-3239
-2725
-2054
-1326
-678
-106
573
1315
1877
2255
2582
2927
3287
3625
3936
4101
3974
3689
3521
3587
3827
4126
4366
4386
4152
3895
3906
4142
4326
4354
4303
4277
4242
4200
4165
4024
3674
3215
2905
2757
2560
2233
1844
1461
1069
659
355
136
-191
-586
-902
-1030
-1098
-1310
-1583
-1860
-2081
-2218
-2239
-2187
-2259
-2464
-2696
-2791
-2750
-2652
-2486
-2327
-2224
-2136
-1999
-1782
-1568
-1445
-1356
-1188
-923
-664
-443
-313
-280
-274
-267
-231
-214
-271
-342
-402
-454
-477
-559
-709
-856
-936
-880
-792
-767
-755
-726
-690
-701
-751
-766
-747
-719
-738
-782
-835
-905
-928
-870
-723
-525
-387
-365
-444
-578
-733
-972
-1364
-1878
-2372
-2760
-3004
-3141
-3263
-3346
-3380
-3367
-3284
-3117
-2824
-2413
-1983
-1543
-1043
-492
0
378
730
1149
1661
2140
2507
2797
2983
3151
3393
3729
4128
4411
4477
4439
4440
4558
4736
4831
4829
4769
4667
4574
4560
4588
4525
4246
3828
3516
3339
3113
2783
2434
2178
1992
1744
1446
1133
810
523
295
102
-76
-303
-598
-931
-1248
-1492
-1713
-2002
-2334
-2608
-2787
-2921
-3008
-3023
-2968
-2894
-2854
-2801
-2698
-2579
-2453
-2333
-2233
-2114
-1951
-1734
-1472
-1266
-1163
-1146
-1169
-1152
-1084
-1048
-1097
-1217
-1338
-1397
-1401
-1403
-1408
-1399
-1362
-1261
-1085
-887
-715
-628
-623
-630
-568
-419
-249
-143
-113
-93
-60
16
133
267
351
320
204
28
-248
-649
-1075
-1465
-1832
-2184
-2485
-2704
-2855
-2934
-2850
-2656
-2475
-2327
-2136
-1804
-1362
-857
-331
91
380
633
980
1423
1829
2148
2367
2507
2624
2790
3050
3294
3447
3524
3580
3621
3629
3668
3761
3838
3865
3840
3836
3841
3815
3786
3727
3592
3372
3116
2915
2757
2576
2363
2135
1902
1657
1423
1197
941
620
275
13
-160
-333
-553
-825
-1090
-1317
-1507
-1650
-1790
-1953
-2140
-2306
-2423
-2513
-2547
-2522
-2465
-2393
-2331
-2250
-2145
-2021
-1859
-1660
-1473
-1338
-1254
-1179
-1091
-1005
-969
-983
-1058
-1171
-1279
-1339
-1320
-1290
-1316
-1381
-1439
-1459
-1436
-1386
-1316
-1234
-1140
-1032
-938
-890
-855
-765
-587
-358
-170
-53
12
41
76
168
269
260
75
-219
-504
-746
-995
-1293
-1646
-2017
-2329
-2504
-2515
-2435
-2348
-2250
-2102
-1907
-1651
-1317
-927
-540
-180
199
598
954
1263
1574
1902
2196
2411
2592
2786
2957
3062
3145
3257
3358
3404
3431
3462
3484
3477
3457
3427
3372
3292
3226
3169
3086
2971
2826
2677
2546
2439
2354
2230
2038
1825
1670
1571
1438
1210
909
578
258
-11
-215
-406
-643
-910
-1137
-1276
-1378
-1503
-1646
-1780
-1876
-1931
-1958
-1983
-2042
-2095
-2097
-2033
-1931
-1857
-1827
-1806
-1750
-1620
-1453
-1314
-1235
-1192
-1118
-1012
-935
-922
-961
-1027
-1115
-1187
-1233
-1273
-1331
-1404
-1435
-1408
-1359
-1336
-1344
-1337
-1296
-1227
-1120
-1009
-940
-905
-827
-652
-459
-298
-181
-100
-38
20
93
108
-28
-281
-536
-755
-985
-1252
-1514
-1762
-2003
-2166
-2213
-2173
-2112
-2013
-1813
-1547
-1298
-1071
-825
-547
-248
96
500
864
1127
1350
1644
1999
2314
2559
2757
2907
3009
3117
3267
3425
3518
3544
3541
3530
3530
3538
3540
3501
3414
3304
3192
3062
2933
2828
2746
2657
2537
2414
2269
2099
1917
1749
1582
1385
1170
956
734
484
225
-31
-280
-531
-766
-985
-1208
-1434
-1640
-1799
-1924
-2006
-2043
-2059
-2089
-2134
-2137
-2084
-2036
-2036
-2049
-2057
-2056
-2046
-2022
-1997
-1968
-1912
-1809
-1693
-1600
-1557
-1531
-1504
-1465
-1417
-1405
-1443
-1497
-1507
-1454
-1375
-1333
-1334
-1348
-1340
-1262
-1115
-969
-888
-865
-817
-695
-508
-313
-151
-52
-9
45
140
260
328
308
203
56
-103
-245
-395
-593
-846
-1102
-1296
-1408
-1440
-1434
-1420
-1370
-1253
-1049
-795
-550
-319
-85
172
437
713
987
1229
1402
1550
1723
1918
2100
2246
2363
2448
2513
2589
2697
2823
2941
3011
3014
2967
2921
2893
2901
2920
2883
2775
2623
2486
2399
2349
2279
2158
2002
1858
1745
1650
1543
1401
1222
1036
846
636
419
188
-46
-285
-513
-716
-921
-1122
-1320
-1476
-1597
-1696
-1788
-1866
-1913
-1927
-1913
-1880
-1853
-1844
-1827
-1798
-1771
-1732
-1706
-1688
-1656
-1620
-1589
-1554
-1516
-1462
-1404
-1341
-1275
-1233
-1210
-1197
-1167
-1121
-1067
-1021
-994
-1001
-1024
-1019
-974
-904
-844
-781
-729
-692
-640
-560
-474
-405
-332
-254
-194
-175
-164
-108
-34
13
8
-59
-194
-347
-487
-601
-741
-960
-1202
-1394
-1490
-1508
-1481
-1447
-1411
-1346
-1200
-963
-709
-492
-296
-76
174
467
771
1018
1196
1334
1493
1688
1873
2027
2146
2233
2307
2400
2509
2621
2705
2757
2783
2793
2805
2828
2861
2880
2879
2839
2786
2725
2666
2607
2535
2449
2345
2220
2091
1975
1854
1725
1572
1375
1162
942
721
505
276
39
-210
-453
-680
-893
-1078
-1266
-1460
-1654
-1804
-1903
-1981
-2049
-2102
-2139
-2162
-2159
-2125
-2085
-2065
-2047
-2010
-1949
-1880
-1825
-1784
-1754
-1725
-1682
-1623
-1561
-1519
-1493
-1475
-1438
-1370
-1276
-1181
-1100
-1035
-979
-916
-853
-785
-725
-677
-630
-598
-589
-576
-535
-476
-414
-353
-310
-286
-256
-195
-108
-38
-12
-38
-96
-170
-245
-323
-429
-591
-772
-925
-1014
-1051
-1058
-1051
-1044
-993
-867
-676
-465
-295
-160
-11
189
438
693
896
1027
1117
1213
1350
1515
1654
1753
1825
1895
2000
2136
2262
2361
2421
2468
2522
2578
2627
2653
2659
2663
2671
2684
2689
2674
2633
2573
2497
2418
2334
2229
2099
1943
1773
1598
1405
1198
986
768
541
307
59
-193
-426
-636
-847
-1052
-1244
-1427
-1595
-1733
-1831
-1908
-1969
-2014
-2037
-2028
-1996
-1963
-1945
-1937
-1919
-1879
-1817
-1747
-1706
-1686
-1665
-1636
-1588
-1533
-1484
-1447
-1425
-1410
-1390
-1349
-1297
-1240
-1186
-1145
-1109
-1082
-1029
-951
-864
-786
-730
-671
-615
-543
-463
-380
-304
-246
-197
-152
-115
-87
-64
-55
-65
-108
-167
-240
-337
-432
-524
-625
-726
-812
-868
-886
-877
-850
-810
-752
-657
-525
-377
-224
-71
84
236
405
584
763
923
1038
1134
1242
1361
1479
1596
1689
1756
1823
1889
1978
2067
2135
2183
2196
2222
2285
2362
2429
2466
2470
2462
2445
2438
2424
2396
2321
2202
2090
1969
1853
1721
1571
1412
1213
1020
825
633
453
272
98
-80
-252
-413
-560
-697
-822
-944
-1051
-1143
-1220
-1287
-1355
-1421
-1486
-1525
-1537
-1557
-1584
-1624
-1650
-1653
-1631
-1590
-1555
-1541
-1541
-1539
-1519
-1485
-1463
-1454
-1453
-1455
-1454
-1428
-1385
-1355
-1322
-1283
-1232
-1161
-1084
-1006
-938
-893
-846
-790
-719
-663
-628
-592
-560
-514
-468
-410
-350
-308
-266
-234
-202
-192
-200
-226
-272
-317
-378
-452
-533
-602
-653
-678
-680
-667
-635
-589
-511
-403
-268
-125
8
137
275
437
609
758
884
982
1073
1172
1270
1368
1437
1490
1534
1585
1663
1740
1801
1848
1892
1929
1981
2048
2118
2175
2225
2267
2300
2329
2347
2359
2335
2288
2217
2120
2011
1889
1768
1624
1472
1299
1107
926
755
607
452
283
104
-60
-199
-321
-435
-559
-696
-828
-943
-1035
-1111
-1189
-1266
-1356
-1418
-1455
-1480
-1512
-1557
-1592
-1616
-1622
-1623
-1625
-1639
-1653
-1669
-1666
-1641
-1626
-1618
-1617
-1614
-1592
-1552
-1501
-1448
-1394
-1347
-1308
-1264
-1205
-1137
-1072
-1005
-948
-904
-860
-801
-729
-654
-581
-532
-488
-443
-398
-348
-313
-295
-296
-307
-313
-320
-335
-362
-399
-437
-451
-449
-436
-410
-392
-359
-307
-225
-122
-21
72
166
267
375
486
604
720
829
925
1009
1095
1187
1275
1358
1436
1506
1573
1619
1668
1724
1793
1855
1906
1945
1968
1992
2033
2077
2121
2140
2125
2103
2077
2062
2045
1986
1884
1766
1647
1535
1425
1295
1148
981
808
658
527
403
257
101
-47
-168
-282
-388
-490
-596
-690
-773
-842
-907
-976
-1045
-1120
-1188
-1238
-1284
-1327
-1375
-1432
-1467
-1492
-1501
-1503
-1507
-1506
-1512
-1511
-1495
-1473
-1456
-1436
-1421
-1400
-1373
-1336
-1292
-1242
-1188
-1144
-1098
-1054
-987
-922
-854
-795
-749
-706
-661
-616
-565
-522
-492
-463
-436
-411
-379
-367
-368
-373
-403
-431
-451
-467
-492
-518
-552
-586
-608
-607
-585
-551
-515
-476
-415
-335
-234
-119
-6
99
194
290
399
516
627
733
832
932
1022
1121
1220
1312
1402
1480
1549
1614
1677
1737
1790
1834
1856
1880
1900
1905
1913
1920
1918
1906
1885
1859
1830
1803
1772
1721
1657
1578
1489
1399
1309
1211
1097
970
833
705
592
493
387
274
152
36
-65
-156
-236
-323
-412
-502
-583
-653
-724
-793
-878
-962
-1026
-1073
-1115
-1160
-1210
-1256
-1288
-1308
-1326
-1351
-1386
-1420
-1444
-1461
-1476
-1484
-1489
-1494
-1503
-1493
-1460
-1424
-1379
-1335
-1290
-1238
-1179
-1116
-1053
-992
-934
-875
-824
-774
-728
-688
-630
-572
-528
-500
-483
-467
-454
-450
-458
-478
-507
-535
-553
-561
-568
-575
-578
-570
-550
-510
-451
-384
-314
-232
-132
-15
108
236
358
475
587
696
799
898
991
1075
1155
1230
1298
1363
1423
1477
1528
1576
1627
1664
1702
1732
1748
1763
1762
1762
1754
1744
1732
1709
1684
1650
1613
1568
1511
1454
1379
1311
1229
1122
1013
904
803
695
595
490
377
270
172
80
-2
-83
-166
-255
-334
-408
-473
-535
-596
-659
-717
-767
-806
-835
-870
-898
-928
-946
-963
-978
-992
-1007
-1025
-1050
-1068
-1082
-1103
-1114
-1123
-1133
-1137
-1134
-1119
-1102
-1079
-1057
-1028
-994
-957
-913
-870
-839
-807
-776
-747
-717
-703
-688
-673
-668
-653
-633
-620
-611
-614
-613
-611
-613
-615
-627
-646
-661
-674
-671
-660
-649
-640
-628
-593
-553
-503
-440
-383
-316
-249
-166
-73
25
124
214
304
390
477
566
656
743
815
889
965
1041
1120
1197
1267
1331
1394
1458
1516
1577
1636
1682
1723
1748
1768
1785
1794
1806
1803
1780
1755
1718
1683
1635
1568
1483
1393
1296
1189
1084
979
873
759
643
530
418
311
213
104
-1
-96
-181
-254
-326
-394
-465
-526
-582
-637
-680
-726
-775
-826
-865
-890
-916
-942
-968
-997
-1023
-1046
-1073
-1099
-1126
-1147
-1164
-1178
-1197
-1211
-1223
-1224
-1220
-1210
-1188
-1169
-1139
-1098
-1052
-1004
-958
-908
-849
-794
-736
-681
-631
-584
-547
-510
-475
-450
-444
-424
-399
-386
-379
-380
-388
-407
-427
-435
-451
-465
-474
-490
-493
-494
-484
-457
-429
-393
-358
-310
-256
-189
-110
-29
60
139
226
318
404
494
574
653
730
810
888
969
1050
1124
1189
1254
1327
1387
1442
1499
1553
1598
1637
1680
1709
1725
1734
1735
1723
1702
1667
1624
1577
1526
1467
1404
1333
1257
1183
1097
1014
914
815
725
621
520
416
311
208
102
-2
-106
-199
-285
-367
-439
-522
-594
-657
-716
-765
-819
-869
-921
-967
-1009
-1044
-1076
-1110
-1145
-1179
-1206
-1228
-1244
-1265
-1286
-1309
-1317
-1320
-1319
-1311
-1305
-1286
-1257
-1225
-1189
-1145
-1095
-1039
-978
-911
-848
-788
-729
-672
-608
-555
-506
-463
-423
-383
-348
-314
-275
-246
-222
-199
-172
-152
-139
-130
-120
-110
-102
-95
-95
-93
-89
-74
-56
-41
-24
-1
30
69
111
159
205
244
291
335
378
421
462
501
540
580
628
678
719
768
813
859
909
964
1009
1052
1092
1123
1158
1186
1206
1218
1228
1234
1229
1220
1204
1178
1150
1120
1088
1050
1015
974
932
894
841
788
728
670
614
552
490
422
357
294
230
172
116
58
-5
-66
-111
-163
-212
-259
-303
-341
-380
-418
-453
-489
-525
-561
-597
-636
-675
-717
-758
-796
-838
-886
-930
-973
-1006
-1029
-1055
-1075
-1086
-1097
-1099
-1097
-1092
-1085
-1075
-1058
-1035
-1009
-979
-945
-915
-880
-838
-797
-758
-712
-673
-634
-592
-550
-514
-475
-440
-401
-363
-333
-305
-281
-257
-228
-211
-196
-173
-152
-135
-113
-88
-60
-35
-11
13
44
78
117
148
176
205
236
272
312
343
373
407
431
463
488
517
546
578
614
649
694
739
785
832
879
924
966
1007
1051
1085
1111
1138
1157
1169
1181
1181
1178
1175
1164
1149
1129
1104
1070
1023
968
908
852
789
729
658
583
524
460
400
335
271
217
163
115
71
33
-10
-51
-84
-116
-153
-194
-232
-270
-310
-357
-402
-445
-491
-530
-572
-612
-651
-698
-743
-783
-821
-863
-900
-936
-976
-1009
-1040
-1064
-1088
-1106
-1108
-1112
-1114
-1107
-1098
-1087
-1071
-1051
-1024
-994
-966
-935
-899
-860
-822
-787
-741
-691
-641
-595
-545
-489
-435
-380
-324
-279
-233
-184
-142
-99
-66
-32
0
23
44
63
80
96
105
117
139
154
168
187
207
230
249
270
297
326
363
397
434
469
503
541
585
628
664
697
731
754
775
796
807
821
825
829
834
835
836
831
829
826
823
820
819
817
807
799
794
787
780
774
771
765
750
740
724
707
683
657
636
607
577
544
513
480
437
392
349
303
252
197
143
83
21
-34
-92
-148
-201
-251
-307
-361
-414
-469
-520
-576
-634
-690
-741
-790
-842
-885
-930
-970
-1006
-1039
-1066
-1084
-1102
-1114
-1124
-1134
-1135
-1132
-1126
-1118
-1109
-1102
-1081
-1059
-1041
-1011
-975
-937
-892
-849
-806
