1
1
2
1
1
2
2
2
1
1
1
1
1
1
1
1
0
-1
0
-1
-2
-1
-2
-2
-2
-2
-3
-2
-2
-2
-1
-1
0
0
0
2
1
2
1
3
2
2
2
1
2
2
1
2
0
0
0
0
-2
0
-1
-2
-1
-1
-2
-1
-2
-1
-2
-1
-1
0
0
0
1
0
0
2
1
2
2
1
2
2
2
1
1
1
0
1
0
-1
1
-1
-2
-2
-1
-1
-2
-1
-1
-1
-1
-1
0
-1
0
0
0
1
1
2
2
1
1
0
0
1
0
-1
-1
0
-1
-1
0
0
0
-1
0
0
0
-1
0
-1
-1
0
1
0
0
0
1
1
2
1
1
1
1
0
1
1
0
0
0
0
-1
0
-1
0
0
-1
-1
-1
-1
-1
-2
-1
-2
0
0
0
0
1
1
1
0
1
0
1
1
2
1
0
2
1
1
1
0
0
-1
1
0
0
-1
-1
0
-2
-2
-1
-1
-1
-2
-1
-1
0
1
0
0
1
0
1
1
1
2
1
1
1
2
1
1
2
1
0
0
0
0
0
0
0
-1
0
-1
-1
-2
-1
-2
-2
-1
-1
-1
-2
-1
0
0
2
1
1
2
2
3
2
2
2
2
1
1
0
1
1
-1
1
-1
0
-1
-2
-2
-1
-3
-2
-1
-1
-1
-2
0
0
-1
-1
0
1
1
1
1
2
2
1
2
1
1
2
1
1
2
1
0
0
-1
0
0
-1
-1
0
-1
-1
-1
0
-1
-1
-1
-2
0
0
0
0
-1
0
-1
0
-1
0
1
1
1
1
0
1
1
0
1
0
0
0
0
-1
-1
-1
-1
-1
-2
0
-1
-2
-1
-1
-1
-1
-1
0
-1
-1
1
0
1
1
2
1
1
1
1
1
1
1
0
0
-1
-1
-1
-1
-2
-2
-1
-2
-1
-1
-1
0
0
0
0
1
0
0
2
1
2
1
2
1
1
2
1
1
0
0
-1
-1
-1
0
-2
-1
-3
-1
-2
-2
-1
-1
-1
-1
0
0
1
1
1
2
2
1
0
2
0
1
0
-1
0
1
1
0
1
0
0
-1
-1
-1
0
-1
-1
-1
-1
-1
-1
0
0
0
0
1
1
1
2
0
1
2
2
2
1
1
2
0
0
0
0
0
0
0
0
-1
-1
-1
-1
-1
-1
-1
-1
-1
-1
-2
-1
0
-1
-1
0
0
0
0
0
0
0
1
1
1
1
1
2
2
2
1
0
1
0
0
0
0
0
-1
0
-1
0
-1
-2
0
-1
0
-1
0
0
-1
0
-1
0
0
0
1
1
1
1
1
1
0
1
2
2
0
1
1
0
0
0
-1
-1
-1
-1
-2
-2
-1
-2
-2
0
-1
-1
0
0
-1
0
0
0
0
1
1
1
1
1
0
0
1
1
1
1
0
0
0
0
0
0
-1
-1
-1
-1
-1
0
-1
0
1
0
0
1
0
0
0
0
0
1
1
0
1
0
0
0
1
0
0
0
-1
0
0
0
1
-1
0
0
0
1
0
-1
-1
-1
0
0
0
-1
0
0
0
1
-1
0
1
0
0
0
0
0
0
1
1
0
0
1
0
-1
-1
-1
-1
-1
-1
-1
-2
-1
0
0
0
0
0
1
1
1
1
1
1
0
1
1
1
1
0
1
0
0
0
0
0
-1
-1
-1
-1
-1
0
-2
-1
-1
0
-2
0
0
1
1
1
1
1
2
1
1
1
0
1
1
1
1
0
0
0
-1
0
0
-1
0
-2
0
0
0
0
0
-1
-1
-1
-1
0
0
0
-1
1
0
1
0
0
1
1
0
0
0
0
1
0
0
0
0
-1
0
-1
1
1
1
0
0
-1
-1
-1
0
0
-1
-1
0
-1
0
0
0
0
1
1
1
0
1
0
0
0
-1
0
1
1
-1
0
0
-2
-1
-1
0
0
-1
1
0
-1
-1
0
0
0
0
0
0
0
0
0
1
0
1
1
1
1
0
1
0
0
-1
0
0
0
0
-1
0
0
-1
0
-1
-1
0
0
0
0
-1
0
0
0
0
0
0
0
0
0
0
1
1
1
0
0
0
0
-1
0
-1
-1
0
0
0
1
0
0
0
1
0
0
0
-1
0
-2
0
0
0
0
0
0
-1
0
-1
-2
-1
0
-1
-1
-2
0
0
0
0
1
0
1
1
1
1
0
0
0
1
1
0
2
1
0
1
1
1
0
0
0
-1
0
-1
-1
-1
-1
-1
0
-1
0
0
1
1
1
1
0
1
1
1
0
1
1
1
1
1
1
0
0
-1
0
-1
0
-1
-1
-1
-1
-1
-1
-1
-1
-1
0
0
0
1
0
0
-1
1
1
0
0
1
0
1
0
0
2
0
0
0
0
-1
-2
0
-1
-1
0
0
-1
0
0
-1
0
0
0
1
0
0
1
1
1
2
2
1
2
-1
0
0
0
0
0
-2
0
-2
-1
-1
-2
-1
-1
-1
-1
-2
-1
-1
0
1
0
1
1
0
2
2
1
2
0
1
1
1
1
0
1
-1
-1
0
0
0
-1
-1
-1
-1
-1
-1
0
-1
0
1
1
1
1
0
1
1
2
1
1
2
1
1
1
0
0
-1
0
0
0
0
-1
-1
-1
-1
-1
-1
-1
-1
-1
1
0
0
1
1
1
2
1
1
1
1
1
1
0
0
1
0
0
0
-1
0
-2
-1
-1
-2
-2
-2
-1
-2
-2
-2
-1
-1
-1
0
0
1
1
0
1
2
1
2
1
2
1
1
1
0
1
1
0
0
0
0
-1
-1
-1
-1
-1
-1
-2
-1
-1
-1
-1
0
1
1
1
1
0
0
1
0
1
1
2
1
0
2
1
2
0
1
0
0
0
0
-1
-1
-2
-2
-1
-1
-1
-1
-1
0
0
0
0
0
0
1
1
1
2
1
1
1
2
0
0
0
1
0
0
0
-1
0
-1
-1
-1
0
-1
-1
-1
0
0
1
0
0
0
1
0
0
0
1
1
1
0
1
1
0
1
0
1
0
1
0
-1
0
-1
-1
-1
-1
0
0
1
0
0
0
0
0
0
0
-1
0
0
-1
0
-1
0
-1
-1
0
1
1
1
1
1
1
0
0
0
1
0
0
0
1
1
0
0
-1
0
-1
-2
-1
-1
-1
0
-1
-2
-1
-1
-1
-1
-1
-1
0
0
1
1
2
1
2
2
2
2
1
1
2
1
1
1
0
0
0
-1
-1
-1
-2
-1
-2
-3
-3
-3
-2
-2
0
-1
0
0
1
0
3
2
3
2
2
2
2
3
2
2
0
1
1
-1
-1
-2
-2
-2
-2
-3
-3
-3
-2
-2
-1
-2
-1
0
-1
1
1
0
1
2
1
2
1
3
2
2
1
1
1
1
-1
0
0
-1
-1
-2
-1
-3
-2
-2
-2
-2
-2
-1
-2
-1
0
0
0
0
1
3
2
3
2
1
2
2
3
2
2
2
1
1
0
-1
0
-1
-1
-2
-3
-2
-3
-2
-3
-1
-2
-2
0
-1
0
1
1
2
1
2
3
2
3
3
3
2
1
1
1
0
0
-1
-2
-3
-3
-2
-2
-3
-2
-3
-3
-3
-1
-1
-1
-1
1
1
1
2
2
2
2
3
3
2
2
2
2
1
0
1
-1
-1
-2
-2
-2
-3
-2
-4
-3
-2
-3
-4
-4
-3
-3
0
1
1
3
4
5
4
6
5
5
4
5
4
3
1
1
1
-1
-3
-3
-4
-5
-6
-5
-5
-4
-4
-4
-2
-2
-1
0
0
1
1
3
3
4
4
4
4
3
3
3
2
2
0
0
-2
-3
-3
-3
-4
-4
-4
-4
-4
-3
-3
-2
-2
-2
0
0
0
1
1
3
4
3
5
5
4
4
4
3
2
2
2
0
0
-2
-2
-2
-3
-3
-3
-3
-3
-3
-3
-3
-2
-1
0
-1
1
0
1
2
2
2
3
3
3
4
3
2
2
1
1
1
1
-1
0
-2
-2
-3
-4
-3
-3
-3
-4
-2
-3
-1
-1
-1
0
1
1
0
2
2
2
1
2
2
1
1
0
1
1
1
0
0
-1
-2
-1
-1
-1
-2
0
0
0
-1
-1
-1
0
0
0
0
0
-1
-1
-1
-1
-1
-2
-1
-1
-2
0
0
1
1
2
2
3
2
2
3
2
2
2
2
2
1
0
0
0
-1
-2
-2
-2
-3
-2
-3
-3
-3
-3
-2
-3
-1
-1
-1
-1
0
1
1
2
3
3
3
4
3
4
2
2
2
1
1
0
0
-1
-2
-3
-4
-4
-5
-4
-6
-4
-4
-4
-4
-2
-2
-1
0
1
2
2
4
4
5
6
6
5
5
4
4
2
1
1
1
0
-1
-3
-3
-4
-4
-4
-5
-5
-5
-5
-5
-5
-3
-1
-1
0
2
3
5
6
6
7
7
8
8
8
7
8
7
5
3
1
-3
-5
-7
-9
-10
-10
-10
-11
-10
-9
-8
-7
-5
-3
-2
1
2
5
6
7
9
9
10
10
10
8
8
6
4
2
2
-1
-2
-4
-5
-6
-7
-8
-9
-10
-10
-8
-8
-6
-5
-4
-2
-2
0
2
4
6
8
8
8
9
8
8
6
7
6
5
4
2
1
0
-1
-3
-5
-5
-5
-6
-6
-6
-6
-6
-5
-4
-3
-1
0
2
3
3
4
5
6
7
7
6
7
5
5
5
5
2
1
-1
0
-2
-2
-3
-3
-5
-5
-6
-7
-6
-6
-6
-5
-5
-4
-4
-4
-3
-3
-1
0
1
3
4
4
3
4
2
3
2
3
4
4
4
3
1
1
1
0
-1
0
-1
-1
-3
-2
-4
-5
-5
-6
-5
-6
-4
-5
-4
-3
-4
-2
-1
1
2
4
5
4
6
7
8
8
9
9
8
8
7
5
5
3
2
0
-2
-4
-5
-5
-7
-9
-10
-11
-10
-10
-9
-8
-8
-6
-5
-3
-1
2
4
5
7
10
10
11
11
10
12
12
13
9
8
6
2
-2
-5
-8
-10
-13
-14
-16
-17
-18
-18
-16
-14
-14
-10
-7
-4
-2
2
5
8
12
14
18
21
21
21
20
19
18
17
15
11
7
4
-1
-6
-10
-15
-17
-22
-25
-25
-25
-24
-22
-20
-18
-14
-11
-5
0
6
13
18
23
26
29
29
30
31
31
31
28
25
20
13
2
-7
-16
-24
-31
-36
-38
-41
-43
-45
-45
-42
-39
-34
-26
-15
-3
7
15
26
34
41
46
52
56
58
59
56
49
42
31
18
4
-8
-22
-35
-47
-58
-67
-73
-76
-75
-71
-66
-59
-49
-39
-28
-15
0
15
30
46
59
70
77
81
81
82
79
74
68
60
47
33
16
0
-16
-30
-41
-50
-58
-65
-71
-74
-74
-71
-66
-56
-42
-31
-20
-8
2
12
19
28
38
48
53
58
57
56
51
43
37
30
24
17
8
-2
-15
-28
-42
-53
-58
-59
-59
-55
-48
-45
-39
-34
-28
-18
-8
4
15
24
29
32
33
37
38
43
46
50
51
49
42
33
23
12
2
-5
-9
-15
-24
-31
-38
-43
-47
-48
-48
-45
-43
-38
-32
-25
-18
-11
-3
8
18
29
38
45
51
53
54
56
55
55
49
43
37
29
16
4
-9
-21
-31
-42
-50
-55
-60
-63
-65
-63
-61
-56
-50
-43
-31
-20
-8
4
16
27
38
47
55
62
67
68
67
62
56
47
37
25
14
1
-11
-23
-36
-45
-54
-63
-67
-69
-67
-65
-60
-53
-43
-30
-16
0
17
31
43
51
58
64
69
72
74
77
76
70
59
43
24
5
-16
-32
-44
-56
-67
-77
-86
-92
-96
-94
-89
-76
-58
-39
-19
-2
18
36
50
66
83
98
109
113
111
104
93
76
58
39
21
3
-20
-45
-69
-94
-115
-130
-140
-138
-131
-120
-108
-94
-80
-61
-39
-12
22
57
88
116
135
149
158
155
153
147
138
124
105
78
48
11
-27
-61
-90
-114
-134
-148
-155
-161
-162
-158
-146
-127
-101
-72
-42
-10
22
50
74
98
120
138
153
163
165
157
143
123
100
75
51
24
-2
-29
-59
-86
-110
-129
-141
-146
-144
-137
-127
-114
-99
-82
-63
-41
-16
7
32
55
75
92
102
109
115
115
109
105
93
78
58
39
16
-8
-31
-50
-65
-76
-86
-93
-95
-93
-91
-85
-74
-60
-44
-25
-6
13
28
43
56
69
77
81
84
83
80
72
63
51
36
20
6
-10
-23
-36
-47
-55
-58
-60
-60
-56
-54
-49
-44
-35
-30
-23
-15
-7
-1
7
16
21
28
32
36
39
41
41
39
40
39
36
31
28
23
19
17
15
13
11
8
5
0
-5
-12
-19
-27
-36
-44
-53
-60
-66
-70
-71
-71
-67
-61
-53
-43
-33
-21
-6
9
22
37
52
65
78
87
93
96
95
93
89
84
75
66
52
32
11
-8
-29
-49
-68
-84
-96
-106
-113
-117
-118
-114
-107
-96
-78
-56
-31
-3
22
46
66
84
98
110
121
128
128
121
113
100
81
57
34
13
-8
-31
-53
-73
-92
-112
-129
-136
-135
-127
-115
-99
-79
-59
-38
-20
-3
19
41
63
80
94
106
110
106
95
86
75
61
47
33
18
-1
-21
-39
-53
-63
-69
-69
-64
-57
-52
-49
-46
-42
-38
-32
-19
-4
11
24
34
44
49
50
50
50
50
48
43
37
28
15
0
-13
-24
-34
-39
-44
-48
-50
-49
-46
-40
-36
-24
-10
5
18
29
38
44
49
52
58
61
64
64
59
51
40
25
5
-13
-28
-40
-53
-64
-71
-77
-80
-81
-77
-70
-56
-42
-27
-8
12
28
45
60
75
87
93
94
91
81
66
48
28
9
-11
-28
-43
-55
-66
-77
-83
-87
-88
-88
-81
-73
-59
-43
-26
-6
14
35
54
72
86
97
101
96
90
79
64
48
33
16
-2
-19
-37
-53
-66
-77
-83
-82
-76
-68
-55
-42
-27
-14
0
16
33
49
60
66
68
64
55
42
27
14
3
-8
-19
-29
-42
-54
-64
-69
-68
-61
-49
-35
-21
-9
4
16
32
49
65
81
93
98
98
90
76
59
40
18
-2
-22
-43
-64
-86
-105
-120
-129
-131
-125
-116
-100
-80
-61
-40
-18
6
31
54
80
106
131
151
163
171
173
167
154
137
117
89
56
18
-23
-62
-101
-135
-163
-181
-193
-201
-198
-192
-178
-161
-138
-108
-73
-32
10
52
92
130
162
187
207
222
228
222
207
188
162
124
81
34
-13
-64
-112
-156
-190
-217
-237
-247
-247
-238
-222
-200
-168
-131
-90
-42
11
67
124
173
214
245
267
275
274
263
243
219
185
142
90
32
-32
-95
-157
-208
-246
-273
-288
-294
-291
-279
-259
-229
-185
-130
-69
-1
66
127
179
218
249
273
288
298
301
293
272
235
182
121
53
-12
-70
-121
-164
-200
-233
-261
-282
-293
-290
-273
-241
-192
-130
-67
-10
38
80
115
146
171
198
220
230
227
211
180
139
93
46
7
-30
-62
-90
-117
-140
-157
-168
-168
-159
-144
-121
-94
-62
-29
3
31
57
81
103
122
134
138
130
115
93
68
43
18
-4
-24
-39
-50
-59
-67
-75
-83
-88
-89
-79
-62
-43
-19
10
36
58
73
80
82
78
70
60
50
39
25
6
-18
-42
-62
-79
-89
-92
-86
-73
-63
-50
-33
-17
-7
4
18
41
63
84
96
105
107
97
81
60
44
24
1
-22
-44
-65
-87
-113
-134
-146
-151
-149
-137
-115
-86
-54
-24
8
39
70
95
118
143
170
187
198
200
191
173
144
110
80
48
19
-15
-49
-83
-118
-158
-199
-230
-251
-256
-248
-229
-202
-168
-135
-102
-65
-25
22
75
132
190
239
277
299
302
294
276
252
224
194
158
113
59
-4
-72
-141
-200
-250
-285
-304
-311
-306
-299
-286
-269
-244
-205
-156
-94
-18
55
124
180
224
255
273
283
288
293
295
285
260
219
165
98
25
-44
-106
-157
-194
-225
-250
-269
-280
-284
-280
-261
-229
-183
-128
-69
-9
44
92
130
166
198
226
245
259
262
252
230
197
158
116
77
35
-7
-48
-90
-127
-162
-191
-214
-226
-232
-231
-219
-194
-160
-119
-72
-25
26
72
112
145
172
193
203
206
203
190
170
141
107
68
29
-7
-42
-73
-101
-123
-145
-163
-176
-181
-182
-178
-165
-142
-111
-76
-41
-11
17
39
54
68
83
98
111
118
122
119
109
93
74
54
36
16
1
-9
-15
-19
-27
-37
-45
-48
-51
-52
-49
-41
-29
-21
-12
-6
-1
1
0
3
6
9
12
11
7
1
-6
-13
-21
-17
-7
10
24
38
52
55
54
48
43
44
45
45
49
50
46
30
11
-4
-22
-37
-50
-59
-64
-69
-81
-93
-99
-99
-94
-81
-61
-34
-9
14
33
50
64
80
93
104
116
122
123
109
91
64
31
-2
-35
-62
-85
-106
-122
-138
-148
-157
-159
-149
-131
-106
-81
-50
-18
15
47
79
112
145
171
193
206
213
208
192
171
141
106
66
21
-20
-66
-112
-155
-191
-220
-240
-251
-252
-243
-225
-200
-168
-125
-75
-21
33
87
144
189
225
251
271
281
282
272
255
225
184
134
78
20
-38
-92
-140
-181
-218
-243
-256
-260
-257
-243
-223
-196
-163
-126
-86
-43
4
51
98
141
178
206
223
232
229
221
211
195
173
143
106
63
17
-27
-69
-106
-137
-161
-179
-193
-200
-201
-199
-193
-182
-163
-138
-105
-67
-29
8
42
71
98
122
143
161
174
181
180
171
154
131
104
72
44
16
-14
-48
-80
-109
-135
-158
-173
-179
-177
-166
-151
-133
-107
-78
-45
-8
32
72
110
145
170
188
196
195
186
174
159
140
113
83
49
11
-30
-67
-96
-120
-138
-157
-167
-169
-167
-162
-155
-140
-116
-87
-55
-19
19
54
83
105
121
133
136
133
125
118
106
89
68
47
27
4
-14
-32
-44
-55
-65
-72
-74
-73
-73
-69
-67
-60
-50
-39
-28
-12
2
15
22
27
32
38
40
41
42
40
37
28
19
10
2
-3
-8
-10
-7
-3
-1
2
9
12
10
9
8
8
3
-2
-5
-9
-14
-22
-30
-35
-38
-45
-46
-43
-38
-35
-37
-39
-38
-32
-24
-11
8
30
47
59
67
70
72
69
64
56
49
40
27
12
-4
-20
-38
-55
-66
-73
-75
-72
-67
-59
-52
-41
-30
-21
-8
7
26
47
66
81
92
98
99
97
93
89
79
66
53
36
14
-11
-36
-60
-82
-102
-119
-126
-130
-129
-121
-110
-93
-74
-49
-23
8
37
62
81
97
110
118
124
127
123
118
110
95
74
49
19
-12
-44
-71
-92
-109
-118
-123
-123
-124
-123
-119
-112
-99
-84
-63
-32
-1
27
55
76
93
104
113
121
129
132
128
117
98
76
48
15
-15
-43
-64
-79
-91
-99
-106
-114
-120
-123
-116
-101
-83
-58
-30
-1
24
47
68
85
102
114
125
134
137
131
116
98
76
53
29
7
-13
-31
-50
-68
-85
-102
-118
-128
-128
-124
-107
-88
-69
-48
-31
-15
-1
14
29
43
55
65
71
73
67
60
49
37
25
15
8
4
2
-2
-4
-5
-5
-6
-7
-6
-3
1
5
7
4
1
-4
-11
-18
-23
-25
-23
-23
-23
-19
-14
-10
-8
-2
3
7
10
10
12
11
11
11
12
15
19
21
26
30
32
38
38
35
31
19
2
-11
-26
-36
-45
-51
-59
-64
-67
-71
-71
-66
-53
-38
-19
-2
18
35
48
62
73
81
82
81
74
65
55
43
31
17
-1
-20
-43
-65
-83
-98
-111
-119
-114
-106
-93
-71
-49
-23
8
35
67
104
136
165
181
189
191
179
156
131
103
75
44
9
-30
-71
-113
-182
-248
-266
-292
-307
-291
-268
-231
-209
-204
-161
-89
-8
93
194
284
364
412
426
420
391
352
321
282
235
170
100
25
-70
-155
-207
-261
-301
-314
-334
-346
-346
-371
-398
-377
-353
-315
-220
-131
-46
65
142
206
284
332
365
398
415
416
390
341
274
189
112
42
-24
-63
-97
-143
-178
-206
-244
-256
-249
-263
-256
-228
-206
-172
-137
-114
-78
-31
0
40
82
117
142
149
165
178
176
173
159
142
128
107
78
59
41
10
-12
-29
-37
-37
-37
-33
-38
-43
-52
-68
-75
-84
-93
-96
-94
-88
-72
-67
-66
-54
-45
-30
-4
6
26
51
67
84
92
90
90
95
85
92
111
108
122
113
69
47
-6
-56
-88
-129
-143
-188
-238
-273
-326
-335
-317
-273
-195
-95
0
84
179
226
279
356
395
451
476
470
460
385
304
219
128
50
-36
-125
-186
-233
-313
-347
-386
-465
-473
-478
-483
-439
-404
-361
-280
-178
-83
25
136
239
332
393
471
528
552
563
530
490
423
314
195
60
-45
-136
-198
-223
-279
-336
-392
-446
-468
-467
-428
-371
-299
-231
-179
-109
-52
0
72
183
296
395
472
476
443
407
324
246
214
156
98
45
-36
-119
-207
-279
-317
-350
-321
-245
-214
-186
-145
-141
-148
-108
-65
-23
65
111
123
179
225
232
228
238
237
208
184
150
90
36
-4
-61
-104
-95
-106
-140
-140
-136
-131
-100
-78
-76
-69
-72
-106
-140
-138
-134
-127
-83
-55
-34
-3
-7
-12
12
54
86
132
170
163
146
110
60
13
-2
40
87
129
169
184
178
120
65
43
37
36
2
-29
-54
-121
-211
-291
-323
-291
-250
-209
-133
-60
-35
-42
-56
-47
8
70
122
195
243
239
218
193
179
189
185
177
195
207
158
84
43
-10
-72
-94
-115
-152
-179
-232
-288
-286
-294
-307
-270
-252
-225
-176
-133
-44
50
98
151
224
249
228
226
230
257
269
269
271
261
201
62
-11
-43
-84
-90
-117
-136
-163
-258
-373
-418
-393
-374
-304
-205
-127
-68
-42
-29
-22
55
152
240
363
399
373
309
184
101
67
67
96
101
115
120
11
-135
-202
-220
-259
-230
-122
-66
-63
-100
-153
-175
-168
-135
-47
74
149
189
208
184
159
121
90
96
140
159
152
165
133
69
13
-57
-98
-95
-89
-79
-45
-25
-41
-68
-100
-121
-111
-72
-23
41
116
134
117
87
19
-56
-97
-112
-78
-31
-20
-20
-59
-118
-156
-179
-152
-63
10
58
122
151
125
77
30
37
75
97
101
128
138
46
-34
-49
-81
-120
-129
-100
-83
-81
-82
-90
-93
-116
-130
-93
-36
14
42
68
89
79
49
26
36
52
58
78
91
117
136
94
50
69
89
64
29
42
48
-11
-81
-128
-159
-211
-245
-219
-166
-87
-37
14
84
109
124
134
137
156
174
152
91
53
21
-19
-47
-35
20
39
35
55
68
43
-8
2
66
79
28
-35
-63
-132
-281
-352
-285
-199
-158
-107
-20
4
-46
-55
-1
90
197
285
359
397
305
153
36
-54
-91
-78
-29
22
20
-65
-199
-320
-398
-394
-319
-232
-130
-49
-39
-99
-158
-181
-165
-71
59
189
319
376
346
295
242
175
177
235
248
264
277
254
176
70
-18
-100
-189
-274
-299
-261
-255
-273
-273
-286
-326
-363
-342
-275
-178
-19
168
316
382
407
408
359
298
301
396
481
504
484
393
224
-19
-225
-307
-326
-349
-328
-239
-234
-346
-468
-505
-485
-449
-344
-145
62
156
154
151
142
102
49
89
222
308
329
333
309
203
73
11
-10
-18
7
67
63
-28
-121
-205
-294
-374
-398
-334
-256
-215
-147
-52
-24
-47
-58
-20
68
149
204
256
298
297
249
185
141
88
29
14
19
0
-37
-78
-126
-189
-241
-243
-219
-212
-193
-138
-69
-19
1
13
53
76
74
111
168
203
186
131
114
118
94
65
102
195
241
232
218
219
181
74
-3
-10
11
33
34
36
23
-38
-129
-197
-200
-125
-27
51
134
185
190
149
54
-6
17
76
123
155
159
103
-7
-170
-295
-301
-269
-214
-117
-31
-19
-77
-146
-192
-200
-166
-93
7
73
68
0
-102
-219
-323
-364
-343
-302
-274
-248
-236
-288
-360
-410
-417
-392
-369
-284
-153
-80
-87
-105
-103
-115
-149
-152
-58
95
227
307
371
419
373
270
186
147
151
177
230
240
195
99
-39
-156
-224
-217
-157
-55
72
168
217
226
223
219
236
345
500
625
712
774
821
839
785
691
644
611
544
512
513
468
368
243
167
115
53
-5
-81
-88
-50
-70
-76
-81
-131
-137
-110
-126
-148
-167
-174
-129
-84
-97
-136
-142
-156
-239
-306
-329
-355
-377
-354
-323
-358
-419
-455
-504
-548
-585
-594
-545
-500
-469
-449
-462
-505
-554
-568
-542
-503
-459
-408
-355
-321
-308
-292
-261
-239
-211
-158
-96
-58
-49
-51
-53
-60
-44
-3
51
106
119
106
100
99
91
101
139
179
191
186
168
137
105
89
112
160
206
242
253
241
193
146
113
81
72
78
99
99
40
-36
-97
-168
-228
-234
-201
-153
-100
-53
-6
21
15
50
142
237
338
438
519
578
597
591
582
586
605
625
648
662
655
639
614
584
560
565
596
599
592
603
603
571
535
513
501
480
465
461
462
464
445
418
399
379
326
262
225
186
121
42
-40
-122
-217
-330
-431
-522
-590
-639
-690
-738
-775
-809
-823
-834
-853
-825
-770
-744
-731
-711
-681
-674
-684
-666
-642
-642
-661
-683
-706
-739
-775
-810
-835
-854
-881
-912
-926
-911
-879
-827
-773
-719
-647
-577
-517
-450
-382
-302
-224
-154
-92
-52
-18
11
20
41
83
107
119
129
131
129
110
82
77
83
87
92
99
109
131
147
184
250
306
374
458
529
600
672
732
803
885
955
1025
1083
1121
1143
1158
1159
1150
1136
1127
1122
1106
1100
1100
1083
1071
1066
1063
1075
1102
1123
1125
1127
1115
1090
1062
1029
988
923
850
757
639
520
404
274
133
-11
-148
-293
-437
-576
-719
-848
-970
-1080
-1187
-1293
-1377
-1454
-1509
-1549
-1591
-1610
-1603
-1603
-1603
-1592
-1564
-1512
-1447
-1363
-1268
-1161
-1056
-968
-884
-801
-732
-675
-621
-559
-498
-440
-378
-328
-275
-216
-164
-116
-63
3
84
176
278
366
442
509
560
602
642
679
698
721
757
772
753
701
635
563
494
433
380
340
309
262
195
118
37
-41
-108
-160
-190
-202
-220
-246
-287
-343
-397
-440
-457
-448
-434
-418
-406
-410
-422
-434
-447
-455
-429
-385
-345
-294
-243
-198
-151
-101
-44
30
117
220
323
423
532
637
729
822
914
999
1082
1160
1222
1272
1319
1354
1376
1377
1363
1360
1358
1333
1293
1255
1209
1150
1079
1007
927
843
764
689
600
515
434
333
224
113
2
-110
-228
-340
-445
-547
-646
-752
-859
-966
-1073
-1171
-1254
-1320
-1364
-1405
-1437
-1461
-1471
-1465
-1453
-1430
-1391
-1336
-1270
-1201
-1134
-1064
-984
-905
-814
-708
-604
-511
-424
-331
-237
-150
-62
27
127
235
337
420
477
519
555
573
584
590
589
587
582
574
571
565
552
538
525
519
504
478
444
399
347
286
221
151
80
2
-78
-159
-247
-339
-441
-532
-613
-697
-752
-789
-814
-825
-826
-825
-824
-818
-809
-792
-766
-722
-673
-632
-600
-570
-547
-518
-486
-451
-396
-322
-235
-142
-54
23
90
147
209
305
438
585
727
858
966
1038
1068
1097
1146
1217
1307
1416
1534
1644
1708
1645
1469
1327
1322
1430
1567
1673
1764
1848
1880
1800
1589
1329
1106
990
1001
1046
1006
826
553
252
-45
-318
-528
-620
-583
-498
-488
-633
-910
-1237
-1554
-1807
-1969
-2002
-1903
-1759
-1683
-1723
-1832
-1921
-1936
-1856
-1660
-1357
-987
-626
-349
-182
-107
-73
-22
102
307
564
804
957
992
923
780
606
458
389
393
412
395
337
250
116
-74
-285
-433
-470
-442
-418
-430
-453
-483
-565
-712
-867
-954
-985
-1037
-1129
-1196
-1211
-1247
-1387
-1579
-1688
-1698
-1782
-2056
-2366
-2475
-2382
-2324
-2428
-2530
-2443
-2230
-2056
-1906
-1610
-1146
-668
-276
117
613
1149
1606
1989
2403
2881
3351
3757
4119
4412
4565
4553
4483
4465
4458
4344
4104
3833
3577
3264
2854
2418
2032
1673
1258
794
384
60
-275
-671
-1050
-1334
-1539
-1718
-1860
-1938
-1958
-1951
-1918
-1836
-1703
-1553
-1405
-1236
-1055
-916
-798
-625
-370
-95
125
255
315
346
395
484
595
700
773
813
818
779
681
535
380
236
122
34
-33
-137
-304
-523
-759
-940
-1040
-1072
-1095
-1157
-1242
-1293
-1307
-1318
-1327
-1277
-1131
-942
-761
-596
-462
-369
-315
-266
-153
20
141
115
-49
-256
-464
-680
-918
-1142
-1342
-1617
-2017
-2406
-2646
-2868
-3380
-4146
-4715
-4803
-4687
-4804
-5067
-5057
-4734
-4483
-4409
-4091
-3256
-2273
-1591
-1048
-174
1023
2032
2637
3203
4052
4984
5654
6135
6714
7331
7649
7601
7520
7606
7620
7308
6801
6357
5932
5299
4491
3764
3159
2435
1497
603
-34
-578
-1270
-2047
-2654
-3075
-3512
-3971
-4239
-4245
-4191
-4216
-4145
-3798
-3318
-2929
-2602
-2140
-1554
-1029
-546
82
830
1361
1492
1514
1740
2056
2141
1981
1811
1682
1429
1026
644
309
-191
-952
-1690
-2113
-2304
-2556
-2956
-3357
-3657
-3845
-3874
-3702
-3384
-3055
-2775
-2450
-1957
-1296
-601
6
514
995
1507
2038
2543
2975
3252
3301
3204
3157
3228
3266
3147
2890
2549
2152
1763
1461
1212
858
306
-331
-843
-1141
-1340
-1615
-2049
-2576
-3040
-3397
-3769
-4176
-4381
-4335
-4537
-5444
-6611
-7045
-6602
-6267
-6651
-7005
-6466
-5530
-5212
-5253
-4501
-2915
-1703
-1316
-681
1006
2892
3809
4086
4907
6368
7431
7708
8032
8899
9525
9166
8445
8401
8773
8427
7224
6207
5807
5180
3814
2498
1961
1539
299
-1321
-2183
-2329
-2847
-3985
-4794
-4746
-4535
-4771
-4982
-4534
-3760
-3368
-3237
-2672
-1567
-545
46
559
1335
2166
2707
2984
3176
3268
3197
3077
3047
2945
2523
1848
1194
671
145
-458
-1072
-1657
-2304
-3028
-3659
-4030
-4232
-4505
-4856
-5040
-4888
-4546
-4241
-3924
-3442
-2911
-2472
-1960
-1179
-307
302
645
1050
1643
2205
2612
2935
3145
3173
3105
3108
3230
3311
3140
2706
2175
1700
1344
1077
804
465
-21
-682
-1303
-1637
-1777
-2020
-2460
-2949
-3383
-3826
-4176
-4215
-4262
-5039
-6436
-7253
-6871
-6257
-6503
-7072
-6797
-5975
-5755
-5828
-4813
-2815
-1496
-1404
-1057
607
2579
3465
3724
4620
6032
6885
7065
7573
8717
9437
8981
8250
8408
9019
8822
7749
6911
6648
6022
4641
3520
3281
2905
1432
-343
-1102
-1118
-1689
-2944
-3769
-3850
-4097
-4805
-5059
-4460
-3909
-4106
-4400
-3853
-2766
-2071
-1778
-1225
-347
288
580
1140
2146
2773
2398
1767
1939
2612
2722
2186
1783
1668
1192
269
-252
-153
-353
-1376
-2458
-2873
-2918
-3219
-3741
-4014
-4065
-4275
-4536
-4368
-3759
-3233
-3081
-2974
-2415
-1464
-726
-359
54
699
1240
1548
1973
2679
3228
3191
2971
3152
3510
3499
3203
3013
2893
2509
1857
1375
1219
906
215
-441
-847
-1287
-1894
-2354
-2541
-2881
-3609
-4183
-4149
-4271
-5485
-7061
-7463
-6726
-6449
-7245
-7772
-7100
-6367
-6636
-6707
-5173
-3036
-2242
-2519
-1809
385
2186
2588
2981
4452
5973
6333
6327
7369
8966
9332
8478
8257
9203
9692
8785
7726
7682
7777
6689
5103
4566
4679
3770
1849
572
485
211
-1135
-2462
-2772
-2909
-3889
-4928
-4876
-4316
-4488
-5234
-5314
-4452
-3730
-3648
-3407
-2505
-1644
-1357
-1084
-129
1073
1472
1144
1114
1664
2087
2034
2035
2407
2575
1987
1201
1110
1366
1066
159
-534
-630
-790
-1463
-2082
-2181
-2278
-2835
-3402
-3357
-2917
-2861
-3164
-3112
-2621
-2260
-2101
-1790
-1256
-805
-613
-382
156
794
1173
1323
1403
1599
1916
2179
2324
2432
2419
2141
1742
1480
1383
1239
899
417
-85
-643
-1255
-1745
-2090
-2350
-2506
-2916
-4101
-5793
-6799
-6538
-6039
-6597
-7774
-8070
-7514
-7406
-7687
-6919
-5094
-3947
-4079
-3869
-2085
12
908
1305
2534
4170
4937
5048
5822
7431
8422
8159
7961
8849
9854
9609
8599
8371
8913
8676
7344
6397
6436
6050
4473
2998
2773
2821
1642
-179
-1025
-1018
-1563
-2789
-3527
-3544
-3868
-4906
-5593
-5168
-4536
-4660
-5012
-4675
-3920
-3578
-3553
-3006
-1947
-1288
-1261
-1078
-422
32
-45
-36
612
1446
1652
1347
1294
1631
1890
1816
1796
1949
1829
1237
675
623
668
209
-589
-1143
-1404
-1733
-2141
-2250
-2049
-2137
-2611
-2858
-2616
-2259
-2057
-1939
-1809
-1636
-1372
-979
-560
-176
225
595
966
1477
2038
2175
1895
1765
2022
2288
2186
1811
1407
956
287
-401
-747
-767
-961
-2017
-3901
-5526
-5828
-5341
-5609
-6905
-7912
-7882
-7843
-8418
-8385
-6919
-5499
-5668
-6218
-5055
-2650
-1247
-1092
-317
1597
2971
3083
3429
5126
6889
7156
6765
7502
9010
9402
8570
8248
9144
9776
8918
7693
7570
7777
6816
5234
4701
5072
4477
2515
1029
980
952
-211
-1576
-1991
-2157
-3200
-4495
-4732
-4228
-4396
-5280
-5588
-5031
-4661
-4840
-4720
-3892
-3096
-2949
-2864
-2243
-1559
-1403
-1230
-357
697
1035
756
780
1456
2183
2483
2615
2766
2700
2283
1870
1937
2252
2002
1093
358
120
-103
-600
-1010
-1080
-1259
-1920
-2551
-2565
-2390
-2618
-2956
-2803
-2351
-2250
-2464
-2335
-1698
-1161
-946
-523
216
733
692
702
1263
1922
2063
1787
1604
1410
884
232
-127
-180
-346
-1227
-2927
-4606
-5182
-4791
-4808
-6009
-7306
-7509
-7327
-7804
-8173
-7268
-5897
-5744
-6389
-5726
-3549
-1959
-1777
-1341
343
2067
2655
2914
4138
5827
6565
6477
7027
8396
9196
8735
8137
8656
9575
9398
8372
7904
7983
7344
5976
5249
5481
5152
3433
1772
1474
1480
399
-1063
-1617
-1772
-2768
-4171
-4525
-3950
-4012
-5017
-5549
-5032
-4549
-4692
-4593
-3719
-2898
-2868
-2951
-2346
-1655
-1664
-1690
-818
337
604
79
-50
742
1561
1655
1563
1803
1927
1611
1330
1599
2179
2117
1164
360
355
561
290
-297
-569
-571
-973
-1662
-1785
-1413
-1470
-1973
-2088
-1700
-1524
-1749
-1770
-1371
-1054
-1006
-638
30
218
-75
-75
410
897
1021
821
489
135
-140
-216
-365
-805
-1062
-1216
-2351
-4381
-5478
-4809
-4065
-5140
-7141
-7678
-6900
-6993
-7810
-7296
-5601
-4995
-5953
-6137
-4060
-1685
-1203
-1431
-239
1812
2771
2613
3225
5273
6829
6479
5966
7186
8875
8828
7679
7819
9285
9569
8021
7063
7743
7937
6450
5131
5428
5750
4252
2073
1502
2042
1426
-331
-1294
-1248
-1865
-3488
-4398
-3733
-3194
-4170
-5324
-5130
-4404
-4427
-4755
-4299
-3285
-2886
-3269
-3375
-2763
-2144
-1846
-1398
-658
-179
-358
-641
-83
1151
1900
1771
1520
1680
1954
2022
2126
2562
2767
2073
1105
882
1237
1227
607
-7
-220
-490
-1050
-1285
-1028
-992
-1486
-1858
-1710
-1438
-1503
-1696
-1536
-1230
-1094
-909
-585
-389
-416
-442
-272
172
635
699
296
-256
-570
-509
-574
-1022
-1275
-1286
-2132
-4081
-5679
-5499
-4369
-4654
-6588
-7770
-7332
-7062
-7708
-7669
-6102
-4754
-5335
-6305
-5072
-2376
-1049
-1283
-777
1124
2527
2413
2521
4372
6399
6567
5885
6613
8375
8899
7856
7474
8784
9689
8534
7036
7219
7860
6956
5346
5132
5844
5011
2670
1496
2134
2233
745
-650
-816
-1010
-2346
-3571
-3245
-2495
-3026
-4230
-4627
-4148
-3904
-4156
-3970
-3154
-2784
-3299
-3752
-3316
-2411
-1900
-1894
-1715
-1220
-1076
-1162
-596
636
1493
1262
705
1009
1905
2232
2010
2066
2356
2121
1368
1011
1367
1483
798
35
-165
-222
-587
-1073
-1262
-1163
-1279
-1621
-1780
-1630
-1527
-1633
-1642
-1368
-1017
-758
-538
-440
-470
-438
-193
315
738
693
350
-46
-427
-580
-645
-869
-999
-1267
-2510
-4431
-5509
-5089
-4377
-5090
-6852
-7636
-7243
-7286
-7745
-7139
-5668
-5075
-5856
-6098
-4235
-1839
-1072
-1082
-42
1705
2664
2806
3591
5426
6657
6368
6160
7298
8552
8398
7507
7617
8675
8827
7628
6868
7278
7255
5990
4944
5184
5421
4076
2112
1645
2233
1758
238
-630
-634
-1226
-2673
-3394
-2755
-2409
-3434
-4509
-4363
-3773
-3799
-4025
-3643
-2965
-2988
-3543
-3475
-2531
-1698
-1531
-1565
-1254
-742
-519
-405
234
1248
1695
1358
1157
1706
2444
2590
2373
2409
2510
2026
1343
1271
1580
1368
457
-277
-352
-440
-969
-1400
-1403
-1393
-1671
-1975
-1928
-1692
-1699
-1855
-1699
-1324
-1036
-889
-748
-561
-453
-393
-117
281
482
357
10
-450
-753
-899
-1084
-1328
-1578
-2321
-3926
-5542
-5805
-4970
-4930
-6404
-7713
-7652
-7334
-7715
-7625
-6227
-4954
-5289
-6002
-4862
-2380
-897
-660
19
1575
2738
3070
3718
5387
6809
6868
6511
7174
8472
8936
8334
8003
8576
8970
8310
7437
7411
7555
6727
5452
5041
5248
4569
2832
1578
1499
1330
226
-873
-1214
-1575
-2726
-3771
-3567
-2881
-3256
-4378
-4785
-4211
-3776
-3993
-3921
-3138
-2743
-3331
-3722
-2843
-1542
-1193
-1607
-1599
-994
-529
-359
126
953
1340
1039
905
1548
2334
2454
2088
1922
2032
1993
1691
1471
1458
1240
614
24
-122
-102
-352
-878
-1181
-1094
-1133
-1428
-1550
-1367
-1205
-1295
-1418
-1198
-729
-482
-505
-483
-257
20
174
287
413
325
27
-186
-219
-433
-996
-1433
-1436
-1854
-3416
-5123
-5485
-4815
-4919
-6357
-7507
-7328
-7150
-7797
-7912
-6604
-5311
-5590
-6338
-5377
-3042
-1649
-1523
-930
719
2041
2250
2642
4408
6211
6323
5678
6389
8168
8865
8058
7692
8634
9184
8219
7319
7739
8125
6941
5290
5064
5639
4930
2953
1779
1926
1661
273
-859
-921
-1115
-2422
-3707
-3609
-2970
-3415
-4590
-4876
-4216
-3983
-4408
-4256
-3329
-2887
-3452
-3743
-2779
-1546
-1296
-1512
-1169
-468
-156
-48
659
1649
1919
1489
1495
2293
2969
2930
2642
2676
2657
2191
1782
1850
1873
1272
390
-45
-107
-392
-949
-1276
-1262
-1415
-1848
-2035
-1784
-1525
-1549
-1692
-1606
-1300
-1059
-901
-680
-416
-187
3
95
268
604
737
420
90
-45
-259
-774
-1263
-1215
-1305
-2670
-4638
-5328
-4703
-4579
-5832
-7176
-7296
-7043
-7665
-8153
-7170
-5749
-5642
-6472
-6154
-4073
-2187
-1743
-1376
124
1681
2192
2470
3888
5902
6616
6072
6313
7854
8872
8409
7784
8356
9179
8651
7493
7415
7914
7263
5698
5023
5472
5223
3499
1970
1860
1909
838
-505
-878
-974
-2063
-3511
-3699
-2927
-3074
-4381
-5161
-4611
-4015
-4325
-4520
-3746
-3042
-3535
-4335
-3777
-2097
-1216
-1660
-1895
-1234
-648
-581
-122
1148
2058
1621
972
1581
2875
3350
2968
2741
2941
2823
2173
1881
2249
2218
1238
248
61
223
-178
-970
-1370
-1362
-1603
-2060
-2153
-1905
-1867
-2127
-2180
-1750
-1317
-1155
-963
-641
-370
-135
200
626
932
984
807
548
255
106
36
-331
-927
-1270
-1755
-3010
-4517
-5027
-4546
-4608
-6035
-7379
-7304
-6895
-7451
-7848
-6842
-5466
-5456
-6327
-5789
-3433
-1602
-1347
-1067
378
1960
2486
2689
4083
6048
6596
5968
6207
7677
8652
8203
7657
8315
9023
8273
7106
7218
7832
7181
5603
4890
5257
4843
3022
1649
1746
1724
410
-1085
-1439
-1409
-2430
-3847
-3920
-3135
-3492
-4893
-5378
-4549
-4056
-4548
-4671
-3773
-3241
-3903
-4381
-3358
-1900
-1568
-1971
-1713
-791
-167
-50
497
1592
2187
1904
1771
2493
3423
3632
3247
3191
3432
3196
2553
2323
2532
2338
1358
437
259
307
-292
-1107
-1298
-1215
-1567
-2104
-2231
-1890
-1748
-2050
-2112
-1621
-1191
-1069
-1022
-884
-611
-354
-199
151
611
621
190
-198
-320
-306
-557
-974
-1061
-1362
-2831
-4621
-5123
-4442
-4295
-5584
-7057
-7253
-6994
-7480
-7738
-6621
-5296
-5383
-6278
-5884
-3758
-1947
-1551
-1127
313
1613
1926
2185
3603
5528
6160
5611
5835
7182
7944
7548
7297
8005
8588
7848
6787
7025
7725
7067
5582
5098
5596
5270
3546
2201
2348
2465
1287
-62
-352
-391
-1432
-2849
-3069
-2352
-2545
-3893
-4646
-4126
-3646
-4005
-4283
-3766
-3299
-3804
-4383
-3667
-2316
-1861
-2213
-2114
-1290
-603
-342
233
1333
1973
1835
1822
2478
3284
3576
3426
3367
3442
3169
2625
2366
2371
2143
1474
684
218
-8
-406
-931
-1221
-1346
-1671
-2069
-2288
-2201
-1989
-2018
-2171
-2064
-1770
-1549
-1356
-1167
-930
-660
-571
-533
-139
319
383
64
-346
-487
-508
-809
-1067
-951
-1394
-2987
-4588
-4872
-4245
-4217
-5429
-6596
-6725
-6858
-7495
-7329
-5993
-4965
-5356
-6130
-5295
-3086
-1740
-1468
-621
941
1953
2141
2701
4456
6141
6250
5752
6429
7753
8100
7491
7406
8229
8519
7521
6713
7127
7373
6271
4989
4856
5209
4463
2744
1784
1912
1515
215
-627
-651
-1014
-2319
-3391
-3138
-2550
-3080
-4143
-4279
-3722
-3658
-4000
-3760
-3063
-3034
-3834
-4067
-3054
-2031
-2038
-2317
-1960
-1310
-996
-838
-99
964
1298
1017
1122
1903
2714
2903
2714
2758
2898
2655
2316
2415
2660
2336
1496
896
906
920
411
-167
-380
-585
-1066
-1495
-1534
-1311
-1320
-1658
-1855
-1667
-1471
-1284
-945
-615
-445
-419
-400
-92
464
853
770
398
22
-157
-345
-706
-948
-986
-1672
-3325
-4788
-5016
-4587
-4774
-5904
-6850
-6955
-7139
-7650
-7336
-6036
-5085
-5348
-5890
-5099
-3145
-1808
-1293
-395
924
1713
1970
2716
4405
5830
5915
5592
6267
7422
7760
7371
7393
8022
8132
7315
6717
7041
7115
6084
4996
4916
5108
4283
2757
1983
2051
1621
533
-161
-250
-728
-1946
-2773
-2437
-2074
-2708
-3565
-3698
-3429
-3477
-3758
-3538
-3048
-3305
-4059
-4016
-3095
-2409
-2405
-2492
-2113
-1557
-1240
-752
160
854
911
880
1368
2163
2677
2751
2666
2649
2530
2278
2247
2385
2253
1634
905
580
620
509
75
-309
-536
-875
-1287
-1422
-1204
-1043
-1306
-1646
-1634
-1445
-1293
-1180
-1019
-767
-609
-630
-516
-218
15
270
499
355
21
-274
-509
-652
-862
-1133
-1281
-1947
-3448
-4690
-4839
-4451
-4598
-5666
-6622
-6734
-6814
-7140
-6655
-5414
-4693
-4978
-5301
-4366
-2440
-1178
-706
168
1355
1970
2217
2978
4512
5804
5857
5518
6050
6930
7186
7014
7136
7619
7659
6882
6330
6664
6821
6037
5139
4964
4972
4220
2931
2272
2289
1803
663
-70
-223
-713
-1738
-2450
-2367
-2204
-2742
-3531
-3659
-3482
-3653
-3893
-3670
-3302
-3459
-3968
-3989
-3292
-2670
-2534
-2417
-2041
-1626
-1234
-660
105
774
1071
1221
1630
2213
2678
2922
2994
2899
2768
2637
2569
2526
2311
1824
1310
996
762
497
208
-148
-539
-857
-1044
-1018
-914
-1005
-1260
-1407
-1377
-1229
-1115
-1069
-953
-829
-936
-1054
-875
-585
-464
-403
-348
-370
-539
-806
-898
-883
-1098
-1316
-1342
-1895
-3302
-4477
-4445
-3881
-4190
-5515
-6382
-6301
-6458
-6977
-6520
-5233
-4708
-5380
-5720
-4466
-2576
-1667
-1349
-378
827
1274
1479
2552
4317
5413
5223
5007
5890
6995
7179
7002
7418
7998
7784
6954
6705
7225
7213
6179
5322
5252
5071
4058
2878
2439
2346
1562
427
-2
-72
-830
-1974
-2383
-2008
-2045
-2856
-3473
-3335
-3172
-3482
-3593
-3116
-2871
-3382
-3885
-3669
-3017
-2658
-2698
-2574
-2188
-1906
-1626
-1039
-302
252
506
655
1124
1849
2337
2492
2559
2691
2808
2712
2516
2501
2451
2027
1504
1290
1246
985
437
-70
-320
-513
-768
-906
-1041
-1334
-1612
-1691
-1564
-1429
-1409
-1462
-1441
-1349
-1193
-959
-800
-679
-533
-448
-347
-137
-1
-61
-320
-615
-755
-879
-1071
-1261
-1864
-3106
-4160
-4253
-3918
-4282
-5369
-6028
-5945
-6089
-6505
-6005
-4724
-4232
-4869
-5082
-3818
-2107
-1305
-946
-52
930
1194
1414
2621
4313
5069
4803
4780
5634
6481
6588
6629
7169
7525
7037
6345
6409
6929
6753
5807
5186
5120
4690
3718
3036
2957
2659
1595
561
376
362
-409
-1338
-1565
-1435
-1828
-2592
-2903
-2734
-2870
-3360
-3426
-2981
-2914
-3501
-3935
-3690
-3229
-3048
-2952
-2642
-2384
-2433
-2272
-1442
-488
-29
70
312
876
1498
1932
2369
2803
2850
2578
2435
2577
2771
2686
2240
1781
1502
1176
822
603
433
105
-434
-883
-996
-1020
-1287
-1631
-1757
-1774
-1865
-1991
-2002
-1907
-1856
-1869
-1735
-1419
-1167
-1096
-1011
-758
-440
-272
-282
-320
-349
-605
-964
-979
-746
-1096
-2333
-3523
-3752
-3413
-3673
-4546
-5060
-5096
-5471
-5973
-5525
-4288
-3686
-4212
-4508
-3485
-2018
-1278
-848
75
990
1151
1181
2180
3802
4614
4268
4031
4784
5749
5987
5938
6376
6845
6529
5895
6053
6767
6777
5861
5182
5206
5062
4298
3662
3565
3261
2239
1225
1004
1011
373
-598
-1071
-1188
-1649
-2373
-2698
-2641
-2908
-3549
-3837
-3605
-3521
-3926
-4259
-3984
-3476
-3294
-3232
-2874
-2359
-1981
-1600
-897
-37
502
643
919
1574
2284
2695
2850
2954
3004
2915
2824
2913
3020
2785
2177
1566
1264
1137
902
466
-11
-471
-956
-1345
-1427
-1441
-1712
-2075
-2256
-2318
-2380
-2439
-2329
-2124
-2151
-2302
-2188
-1887
-1660
-1548
-1464
-1270
-968
-807
-869
-937
-878
-829
-949
-1111
-1065
-1213
-2116
-3158
-3189
-2598
-2780
-3818
-4412
-4205
-4206
-4671
-4526
-3486
-3010
-3717
-4089
-3030
-1637
-1198
-1143
-418
561
855
928
1877
3348
4026
3821
3888
4764
5651
5839
5821
6255
6729
6574
6152
6273
6736
6614
5825
5310
5355
5180
4379
3654
3441
3065
2129
1344
1187
948
51
-890
-1175
-1229
-1781
-2511
-2735
-2722
-3128
-3666
-3695
-3440
-3567
-3974
-3993
-3576
-3313
-3328
-3166
-2686
-2264
-1976
-1507
-804
-212
99
362
910
1631
2171
2422
2592
2755
2813
2763
2801
2929
2834
2366
1743
1430
1344
1116
692
250
-127
-547
-965
-1160
-1172
-1345
-1769
-2129
-2165
-2097
-2187
-2307
-2256
-2166
-2226
-2230
-1947
-1617
-1606
-1684
-1453
-994
-749
-744
-698
-549
-539
-665
-716
-651
-622
-711
-1139
-1938
-2593
-2636
-2429
-2731
-3473
-3956
-4064
-4346
-4668
-4319
-3548
-3440
-4007
-4036
-3099
-2140
-1723
-1268
-411
306
508
843
1958
3260
3837
3884
4244
4986
5547
5766
6065
6598
6836
6490
6141
6285
6532
6326
5801
5427
5219
4765
4073
3590
3386
3021
2267
1518
1039
610
21
-510
-811
-1144
-1750
-2368
-2671
-2760
-2965
-3231
-3324
-3349
-3524
-3707
-3619
-3339
-3098
-2930
-2689
-2403
-2137
-1724
-1082
-487
-143
142
568
1025
1399
1767
2128
2306
2253
2178
2226
2259
2147
1911
1614
1276
928
627
380
138
-180
-599
-1010
-1274
-1426
-1602
-1859
-2111
-2263
-2333
-2388
-2426
-2397
-2343
-2326
-2289
-2150
-1909
-1671
-1519
-1384
-1142
-835
-609
-455
-272
-103
-123
-201
-85
125
96
-174
-371
-538
-1016
-1651
-1922
-1907
-2236
-2971
-3510
-3632
-3782
-4118
-4225
-3953
-3782
-3938
-3934
-3387
-2633
-2069
-1587
-976
-323
247
872
1717
2632
3342
3828
4267
4767
5324
5856
6244
6486
6622
6618
6513
6467
6511
6427
6061
5590
5233
4861
4323
3792
3408
2936
2240
1565
1120
705
95
-514
-878
-1197
-1703
-2185
-2398
-2518
-2768
-3015
-3020
-2881
-2844
-2855
-2731
-2523
-2330
-2076
-1702
-1347
-1106
-878
-571
-244
38
329
620
771
807
866
969
1035
1045
1022
919
680
400
219
113
-42
-258
-523
-842
-1154
-1372
-1467
-1532
-1684
-1892
-2036
-2113
-2199
-2250
-2175
-2030
-1970
-2015
-1995
-1815
-1608
-1464
-1306
-1094
-951
-902
-805
-594
-378
-266
-234
-163
-8
123
138
134
219
317
306
254
243
107
-353
-940
-1272
-1376
-1629
-2125
-2622
-3034
-3430
-3667
-3569
-3319
-3238
-3275
-3114
-2662
-2103
-1522
-867
-200
315
777
1414
2208
2916
3432
3874
4362
4851
5246
5544
5762
5849
5809
5778
5806
5721
5378
4891
4476
4150
3770
3307
2843
2379
1841
1319
983
779
486
52
-333
-551
-668
-758
-817
-849
-937
-1060
-1102
-997
-840
-774
-831
-937
-969
-885
-753
-690
-725
-827
-970
-1081
-1065
-948
-896
-1006
-1183
-1260
-1211
-1139
-1092
-1066
-1058
-1079
-1078
-1005
-870
-773
-777
-801
-751
-641
-559
-550
-572
-594
-630
-659
-632
-566
-588
-757
-947
-996
-912
-859
-892
-904
-866
-885
-987
-1016
-862
-730
-813
-987
-1061
-1099
-1191
-1239
-1139
-1008
-1011
-1034
-916
-732
-601
-440
-189
46
131
53
-129
-374
-623
-791
-937
-1215
-1637
-2042
-2308
-2402
-2330
-2158
-1994
-1878
-1742
-1463
-999
-430
105
525
854
1183
1571
1980
2363
2712
2985
3156
3288
3461
3659
3806
3849
3818
3767
3695
3582
3443
3294
3118
2920
2731
2555
2377
2177
1980
1858
1789
1734
1694
1652
1544
1383
1270
1255
1272
1218
1073
876
642
402
253
186
66
-222
-623
-982
-1211
-1325
-1415
-1534
-1718
-1970
-2168
-2190
-2070
-1918
-1850
-1862
-1875
-1821
-1695
-1532
-1378
-1290
-1306
-1361
-1352
-1266
-1206
-1196
-1165
-1087
-1027
-1001
-937
-825
-768
-761
-709
-577
-501
-546
-599
-600
-598
-598
-596
-619
-719
-845
-905
-897
-906
-962
-1009
-1037
-1095
-1186
-1242
-1224
-1201
-1210
-1175
-1073
-997
-961
-891
-708
-494
-301
-99
117
247
195
122
162
193
39
-266
-574
-870
-1146
-1345
-1405
-1392
-1440
-1539
-1555
-1374
-1043
-691
-363
-76
210
518
821
1159
1534
1863
2106
2273
2469
2710
2917
3055
3209
3416
3584
3652
3685
3750
3802
3777
3729
3679
3587
3390
3128
2895
2715
2551
2412
2291
2123
1913
1752
1667
1636
1601
1507
1329
1058
771
539
346
112
-224
-611
-1031
-1399
-1627
-1776
-1914
-2076
-2243
-2369
-2420
-2378
-2271
-2186
-2176
-2215
-2223
-2173
-2104
-2051
-2026
-2008
-2003
-1975
-1880
-1734
-1600
-1529
-1465
-1345
-1219
-1139
-1107
-1082
-1055
-1031
-1002
-970
-953
-942
-917
-863
-788
-719
-660
-605
-544
-492
-503
-543
-543
-489
-478
-555
-629
-655
-702
-772
-781
-730
-741
-809
-776
-622
-501
-452
-356
-146
63
189
255
263
203
131
98
44
-137
-414
-691
-925
-1087
-1165
-1169
-1156
-1147
-1082
-929
-713
-468
-201
67
317
548
788
1029
1255
1467
1686
1908
2100
2282
2480
2672
2844
3011
3218
3432
3563
3640
3723
3798
3827
3808
3802
3793
3695
3504
3288
3109
2942
2748
2534
2273
1988
1707
1444
1241
1063
848
580
270
5
-200
-408
-646
-878
-1090
-1326
-1560
-1696
-1739
-1800
-1924
-2005
-2000
-1993
-2044
-2073
-2056
-2061
-2122
-2163
-2147
-2132
-2182
-2249
-2267
-2235
-2199
-2180
-2169
-2151
-2128
-2099
-2050
-1957
-1839
-1746
-1696
-1630
-1467
-1281
-1139
-1048
-947
-825
-733
-629
-497
-393
-367
-414
-449
-415
-335
-279
-301
-378
-466
-525
-553
-554
-508
-485
-543
-613
-592
-480
-365
-277
-168
-18
110
150
155
186
231
232
153
35
-119
-302
-473
-590
-629
-643
-656
-654
-606
-467
-281
-84
130
399
668
836
950
1124
1355
1535
1660
1822
1997
2116
2225
2413
2653
2841
2981
3112
3234
3333
3425
3522
3556
3516
3444
3358
3242
3111
2986
2841
2642
2441
2292
2171
2013
1842
1704
1576
1420
1240
1062
838
551
255
-11
-282
-596
-916
-1219
-1482
-1677
-1814
-1908
-2012
-2108
-2157
-2164
-2137
-2098
-2072
-2081
-2128
-2150
-2159
-2180
-2210
-2243
-2273
-2330
-2381
-2410
-2413
-2392
-2350
-2310
-2288
-2248
-2174
-2076
-1963
-1863
-1748
-1630
-1529
-1439
-1329
-1205
-1112
-1027
-916
-786
-684
-630
-553
-444
-358
-281
-209
-133
-126
-157
-142
-113
-97
-99
-108
-122
-155
-157
-102
-62
-18
7
28
63
94
159
213
221
224
223
256
255
231
253
264
263
262
296
379
426
494
621
755
876
972
1114
1267
1367
1444
1522
1634
1727
1779
1829
1843
1852
1867
1917
2019
2096
2135
2137
2157
2265
2388
2472
2501
2489
2437
2336
2262
2223
2136
1954
1733
1550
1378
1203
1044
924
815
668
534
453
376
259
114
-11
-129
-286
-461
-652
-852
-1052
-1238
-1377
-1487
-1585
-1695
-1798
-1839
-1823
-1794
-1776
-1764
-1738
-1724
-1744
-1777
-1773
-1737
-1746
-1801
-1830
-1831
-1834
-1844
-1815
-1721
-1634
-1595
-1547
-1438
-1293
-1186
-1114
-1037
-970
-949
-946
-932
-908
-899
-902
-895
-899
-898
-886
-856
-782
-697
-656
-656
-673
-649
-581
-520
-469
-450
-476
-492
-447
-332
-195
-93
-17
40
102
183
285
410
501
509
456
409
413
442
458
498
560
596
618
688
821
951
1042
1133
1222
1276
1273
1256
1268
1285
1278
1247
1228
1236
1230
1201
1210
1291
1416
1522
1591
1666
1744
1799
1841
1915
2018
2063
1989
1875
1784
1710
1624
1519
1446
1362
1222
1099
1014
987
931
840
777
710
640
526
399
304
185
80
-32
-142
-253
-418
-582
-733
-832
-891
-973
-1056
-1146
-1233
-1301
-1347
-1337
-1313
-1319
-1341
-1367
-1383
-1412
-1449
-1464
-1483
-1548
-1649
-1742
-1793
-1814
-1823
-1813
-1783
-1758
-1743
-1682
-1568
-1449
-1376
-1327
-1263
-1190
-1130
-1109
-1080
-1045
-1034
-1027
-993
-914
-826
-770
-704
-626
-523
-428
-360
-276
-187
-102
-36
-2
67
152
217
274
338
436
502
534
588
677
750
755
764
799
822
810
773
770
768
736
722
724
738
753
780
850
921
952
961
962
953
946
918
875
816
726
637
555
481
431
369
336
349
389
432
453
514
634
757
845
885
915
908
856
832
838
828
756
657
623
624
628
643
668
691
684
675
702
715
697
631
553
500
441
384
305
195
110
38
-12
-33
-42
-51
-107
-190
-269
-352
-436
-523
-592
-637
-722
-812
-888
-926
-914
-903
-865
-829
-818
-825
-865
-886
-890
-906
-948
-1011
-1072
-1120
-1165
-1181
-1163
-1118
-1067
-1023
-963
-898
-831
-771
-742
-721
-721
-743
-777
-831
-855
-864
-864
-853
-822
-746
-647
-536
-411
-275
-153
-74
-34
-2
12
20
25
19
21
7
-3
16
74
152
239
324
403
487
550
606
656
696
722
710
686
652
613
572
524
516
528
525
525
547
613
672
711
761
809
839
843
838
849
825
782
743
705
687
642
598
586
594
630
651
648
642
616
594
549
470
386
278
158
50
-24
-60
-100
-145
-147
-118
-73
-40
-21
13
29
15
-36
-119
-195
-298
-415
-515
-581
-589
-608
-613
-568
-485
-353
-244
-140
-27
50
74
28
-18
-40
-89
-180
-282
-354
-405
-470
-509
-463
-355
-255
-197
-127
-25
45
66
77
109
136
98
12
-58
-98
-143
-196
-218
-181
-138
-125
-114
-72
-17
14
18
29
57
44
-17
-93
-157
-201
-255
-292
-315
-329
-329
-337
-332
-317
-295
-273
-276
-292
-308
-351
-403
-467
-528
-547
-563
-581
-596
-584
-531
-477
-405
-330
-239
-145
-99
-57
-12
42
61
38
59
91
111
100
99
149
196
245
294
374
480
536
562
573
610
660
661
654
657
672
666
619
601
620
638
616
576
568
560
537
501
482
477
448
413
399
396
383
330
260
214
177
142
100
47
-6
-77
-140
-188
-224
-242
-268
-288
-308
-348
-383
-407
-417
-447
-490
-504
-517
-557
-605
-628
-616
-596
-577
-535
-462
-388
-343
-305
-254
-215
-197
-195
-175
-145
-151
-165
-166
-134
-76
-9
104
245
384
486
551
618
679
709
715
698
670
609
499
392
311
274
255
249
274
302
316
327
349
383
405
382
332
259
165
47
-84
-204
-299
-367
-417
-446
-471
-475
-459
-423
-374
-332
-296
-269
-254
-262
-276
-277
-275
-288
-312
-320
-302
-288
-282
-265
-233
-189
-159
-134
-106
-83
-65
-68
-65
-50
-32
-22
-26
-24
-4
5
0
-20
-42
-47
-62
-86
-130
-168
-201
-233
-226
-188
-141
-112
-102
-81
-55
-35
-9
14
27
17
-16
-61
-105
-133
-136
-124
-110
-102
-105
-104
-95
-66
-15
34
81
108
117
111
93
82
79
93
102
95
81
65
71
88
101
122
150
192
224
239
253
267
281
288
296
321
345
357
352
341
325
299
269
252
255
253
237
208
182
175
163
147
146
163
190
194
188
187
179
162
148
153
163
141
87
38
7
-14
-29
-29
-1
33
46
47
49
77
107
126
142
155
150
119
76
39
0
-39
-83
-115
-132
-140
-142
-145
-155
-160
-142
-123
-117
-108
-110
-122
-163
-208
-233
-248
-258
-278
-306
-324
-328
-336
-340
-326
-294
-268
-267
-273
-271
-259
-251
-261
-261
-263
-274
-285
-295
-291
-284
-279
-278
-278
-265
-248
-251
-250
-235
-221
-208
-198
-184
-166
-143
-116
-90
-67
-44
-19
4
15
23
33
41
38
33
48
71
90
120
161
201
240
273
306
334
351
342
324
295
262
220
182
153
131
114
100
98
106
124
159
190
207
210
197
175
147
111
74
32
4
-12
-24
-24
-11
13
46
91
133
178
214
230
242
253
268
261
248
241
228
210
196
197
211
225
232
237
247
258
254
242
237
217
187
145
103
77
54
28
1
-21
-39
-69
-100
-118
-131
-151
-175
-183
-196
-218
-240
-257
-258
-244
-224
-207
-199
-189
-185
-183
-185
-180
-169
-178
-193
-208
-223
-236
-249
-242
-217
-196
-171
-150
-129
-115
-113
-103
-93
-88
-92
-114
-142
-167
-195
-214
-218
-201
-180
-166
-146
-117
-94
-68
-36
4
37
52
59
68
76
76
73
76
70
65
62
61
70
73
87
101
107
114
122
139
146
144
135
124
113
98
83
73
65
50
30
16
3
-14
-25
-33
-37
-26
-14
-9
0
15
42
66
89
114
138
154
161
164
158
156
141
122
111
96
77
57
49
48
54
59
55
54
54
47
37
18
-1
-26
-58
-95
-132
-152
-168
-183
-199
-199
-192
-189
-178
-149
-114
-88
-67
-44
-24
-7
6
21
40
60
66
64
69
77
87
98
103
120
136
149
152
147
141
124
111
101
94
83
72
61
45
26
19
6
-6
-18
-35
-54
-82
-109
-124
-130
-136
-143
-151
-152
-151
-155
-155
-144
-130
-115
-98
-83
-67
-49
-35
-26
-22
-18
-7
-6
0
11
24
31
34
33
33
35
29
23
18
20
20
20
13
9
8
5
-5
-13
-15
-22
-30
-43
-46
-41
-36
-31
-21
-5
18
26
33
53
76
93
103
116
133
138
131
127
130
130
125
114
111
111
101
75
59
49
31
13
-6
-19
-31
-51
-74
-95
-107
-121
-131
-134
-131
-135
-144
-143
-143
-144
-134
-118
-105
-97
-97
-101
-95
-86
-74
-68
-51
-25
-13
-2
10
30
46
56
66
78
94
96
93
98
99
91
83
80
81
81
76
75
74
72
66
53
50
47
36
20
16
21
24
21
25
31
34
39
40
47
48
37
18
-2
-15
-26
-36
-36
-31
-26
-26
-26
-22
-8
8
18
24
27
24
10
-2
-5
-2
-7
-14
-24
-37
-43
-52
-57
-50
-45
-45
-48
-54
-55
-56
-59
-59
-56
-50
-48
-41
-31
-21
-12
-6
0
2
12
24
35
43
53
64
65
61
52
46
44
41
39
35
30
23
16
12
6
1
-8
-21
-39
-51
-57
-60
-65
-67
-63
-67
-71
-75
-68
-62
-56
-52
-45
-39
-34
-30
-26
-16
-4
4
6
14
25
30
33
40
49
57
59
57
60
61
58
53
50
46
36
30
19
8
-2
-14
-26
-38
-43
-50
-56
-62
-68
-72
-71
-68
-65
-63
-59
-58
-55
-43
-29
-14
-1
12
27
40
56
68
78
82
82
80
80
78
78
79
76
74
69
71
63
55
52
51
44
33
19
10
5
-1
-10
-11
-11
-12
-17
-19
-14
-12
-13
-14
-2
10
21
28
33
38
40
35
25
21
24
25
25
22
25
24
15
9
6
9
7
3
-3
-17
-31
-44
-60
-74
-86
-96
-108
-112
-106
-100
-92
-81
-69
-65
-63
-55
-49
-45
-36
-27
-27
-25
-19
-18
-15
-10
-3
6
15
26
33
40
45
44
38
33
31
23
13
6
-2
-6
-12
-16
-16
-19
-18
-20
-20
-24
-27
-29
-29
-28
-27
-20
-13
-9
-4
-1
4
10
13
15
23
31
38
47
56
62
69
67
63
51
41
36
32
27
26
28
25
26
26
22
25
24
22
20
22
25
22
21
20
15
8
3
-2
-5
1
7
8
8
7
5
3
1
1
4
6
3
-7
-12
-13
-14
-15
-14
-9
-5
-3
-9
-14
-19
-24
-32
-40
-43
-51
-53
-55
-56
-55
-52
-45
-46
-44
-32
-25
-30
-31
-27
-28
-28
-27
-23
-17
-7
1
3
14
23
28
34
40
44
44
42
39
34
37
34
28
22
17
9
-1
-12
-16
-16
-17
-21
-24
-21
-14
-12
-13
-8
0
4
3
2
9
17
21
23
29
41
43
42
41
40
39
32
28
23
18
20
17
15
17
17
19
17
15
16
13
9
0
-6
-10
-19
-30
-33
-36
-37
-37
-39
-35
-27
-21
-14
-5
3
5
5
4
4
6
3
-1
-4
-6
-10
-14
-11
-13
-7
-5
-4
1
0
-3
-6
-7
-11
-21
-27
-31
-32
-32
-29
-25
-20
-15
-13
-10
-6
-3
1
4
4
3
7
4
1
1
0
-4
-3
-5
-5
-4
-1
1
4
8
14
18
17
20
23
21
21
24
21
18
13
10
0
-5
-5
-4
-1
2
8
11
18
19
17
15
10
4
2
2
4
4
7
9
13
15
13
12
9
8
3
-6
-10
-9
-12
-12
-10
-8
-1
3
9
12
13
12
7
0
-10
-16
-25
-32
-37
-40
-33
-25
-19
-8
1
6
7
8
5
5
4
10
14
17
20
22
22
21
17
8
11
8
7
4
1
-4
-7
-7
-8
-7
-8
-7
-6
-4
-8
-9
-15
-16
-19
-21
-20
-22
-21
-14
-13
-11
-10
-8
-8
-5
-5
-6
-5
-4
-1
1
1
3
2
-2
1
1
3
8
14
18
23
26
24
20
15
15
9
5
3
4
3
1
-1
0
4
7
9
16
20
19
18
17
13
12
12
9
9
7
6
3
3
2
-3
-9
-7
-11
-16
-20
-20
-21
-18
-13
-10
-5
-1
2
4
4
1
-6
-12
-15
-18
-23
-23
-19
-16
-9
-4
2
6
8
5
0
-4
-8
-12
-11
-11
-7
-4
-3
0
1
5
8
7
6
4
0
-4
-6
-9
-12
-10
-5
-2
4
11
19
23
28
26
23
23
20
13
9
4
-2
-8
-10
-9
-7
-4
-1
0
1
2
6
6
7
9
6
10
7
2
-3
-4
-6
-11
-10
-8
-1
1
-3
-1
2
0
-2
-7
-7
-12
-16
-17
-20
-19
-15
-12
-8
-5
-3
1
4
11
15
16
16
11
8
4
-2
-7
-13
-13
-11
-9
-6
-3
2
3
6
7
8
9
6
6
4
2
2
-2
-3
-8
-14
-16
-15
-17
-10
-5
-3
4
11
15
17
18
18
16
14
11
6
7
6
9
9
12
15
16
17
14
8
5
0
-4
-6
-4
-2
1
5
7
10
7
11
9
4
4
3
-3
-9
-17
-23
-25
-22
-22
-19
-14
-11
-11
-7
-3
-4
-3
-2
-3
-2
4
9
11
12
10
12
11
14
12
13
10
5
-2
-6
-10
-16
-21
-20
-20
-22
-20
-15
-12
-8
-3
-4
-1
0
-1
-4
-3
0
1
2
2
1
3
3
-1
0
4
6
5
6
3
1
-7
-9
-12
-11
-12
-5
-2
1
6
7
11
9
6
1
-1
-5
-11
-9
-9
-5
-1
3
5
6
5
6
0
-1
-4
-12
-15
-15
-15
-10
-1
8
15
20
24
25
24
22
20
20
16
13
13
12
7
5
5
2
1
-1
1
1
-2
-1
0
2
6
8
12
13
12
9
6
4
2
-1
-2
-2
-3
-5
-1
1
5
4
3
2
-1
-4
-8
-10
-12
-13
-16
-17
-18
-17
-17
-10
-10
-6
-4
-2
-3
-3
-1
-4
-5
-11
-15
-18
-20
-18
-14
-9
-3
3
7
12
11
9
7
5
4
4
4
2
3
3
2
2
0
-2
-1
-1
4
7
9
13
14
10
8
4
-5
-8
-7
-9
-6
-3
1
6
12
13
14
16
12
10
7
-1
-9
-16
-17
-20
-20
-19
-18
-15
-15
-9
-2
6
7
9
11
9
7
6
4
8
7
10
14
15
19
18
15
12
7
1
-5
-10
-14
-15
-16
-18
-19
-18
-17
-18
-20
-21
-18
-12
-8
-4
3
7
6
5
2
6
7
9
11
13
15
16
12
8
5
-2
-5
-7
-9
-11
-12
-14
-12
-9
-7
-4
-3
-1
0
3
5
7
10
15
12
13
14
11
15
13
15
16
19
24
21
17
10
4
-2
-11
-16
-19
-21
-20
-16
-13
-7
-4
-3
2
4
6
4
3
6
8
9
12
15
12
12
8
4
1
0
-3
0
-1
-3
0
-1
-4
-6
-8
-11
-14
-16
-17
-17
-14
-11
-8
-4
-2
-2
0
1
3
3
4
3
0
-2
-5
-2
-3
-2
-2
-1
-1
1
4
2
5
5
2
6
4
4
3
-1
-4
-7
-10
-10
-9
-10
-8
-7
-2
1
5
6
4
5
1
2
2
2
4
4
5
2
3
-2
-5
-7
-9
-6
-5
-3
-1
-2
-3
-7
-8
-6
-8
-8
-6
-1
1
2
5
7
10
9
7
3
1
-1
-2
-1
1
2
3
6
8
8
8
10
9
8
6
6
7
7
4
3
1
-1
-2
-7
-6
-11
-12
-8
-6
-2
2
5
8
8
8
9
9
9
9
10
9
9
9
7
4
0
-4
-5
-4
-7
-6
-3
-3
-4
-4
-2
-2
1
1
5
7
6
9
7
6
2
-4
-3
-4
-4
-4
-1
3
3
4
8
7
3
-1
-2
-4
-9
-10
-9
-9
-12
-15
-14
-15
-14
-13
-11
-8
-8
-8
-8
-10
-12
-16
-15
-16
-16
-10
-6
0
2
6
10
14
13
12
10
7
6
4
5
9
12
13
13
10
7
8
7
7
3
3
5
4
4
3
2
1
-2
-5
-6
-7
-6
-5
-2
2
5
7
11
16
17
16
18
16
11
6
-1
-6
-8
-9
-11
-12
-11
-7
-6
-4
-2
-1
2
2
0
-1
-1
-4
-7
-8
-10
-12
-13
-14
-16
-16
-14
-13
-10
-6
0
2
4
7
8
7
6
5
1
-2
-4
-5
-6
-6
-4
-4
-1
0
1
0
-1
-2
-3
1
0
2
3
6
7
7
12
18
19
21
23
23
19
13
7
3
-3
-6
-7
-7
-5
-9
-5
-3
-6
-5
-7
-7
-4
0
3
6
11
12
13
14
13
10
6
2
-4
-9
-9
-11
-11
-11
-9
-10
-9
-9
-9
-6
-8
-9
-10
-12
-11
-10
-9
-5
-2
0
4
7
7
7
6
4
3
4
4
5
8
9
8
6
3
1
-1
-2
-3
-3
-2
-2
-2
1
2
2
3
4
8
10
12
13
13
11
10
9
9
6
4
-1
-4
-7
-9
-8
-8
-7
-6
-5
-2
-2
0
1
3
3
6
11
12
12
10
10
5
-1
-7
-11
-16
-19
-21
-21
-18
-16
-13
-12
-10
-8
-7
-8
-6
-4
-5
-4
-1
1
3
5
5
4
4
4
2
0
-3
-6
-8
-10
-7
-6
-3
-1
0
-2
3
3
5
4
3
4
4
4
3
5
8
11
13
16
20
22
23
23
20
13
11
6
0
-4
-8
-11
-13
-14
-14
-12
-10
-8
-7
-2
-1
0
3
6
8
9
12
12
16
13
11
8
7
3
1
-2
-5
-6
-10
-9
-13
-13
-16
-16
-19
-20
-16
-14
-13
-9
-8
-4
1
4
4
5
7
8
6
4
3
-1
-2
-4
-6
-7
-7
-7
-4
-1
3
6
8
11
11
12
9
8
7
1
-4
-9
-12
-16
-19
-18
-12
-9
-4
0
5
6
6
6
8
7
9
11
15
17
19
16
14
9
3
-4
-10
-11
-13
-11
-8
-7
-6
-2
1
1
3
6
8
8
8
8
8
8
6
6
4
0
-4
-7
-11
-15
-15
-14
-12
-7
-1
2
4
6
7
6
3
5
-2
-7
-7
-9
-9
-9
-8
-8
-7
-8
-12
-9
-9
-6
-5
-5
0
2
6
11
11
10
12
10
9
9
7
6
6
5
7
8
10
13
11
9
8
7
4
3
2
3
4
5
6
7
8
9
9
7
7
3
2
-1
-5
-9
-10
-10
-7
-3
-1
1
7
7
8
7
5
0
-2
-5
-7
-9
-11
-12
-12
-12
-12
-12
-13
-14
-16
-16
-13
-13
-11
-8
-6
0
0
3
0
-2
-4
-9
-11
-14
-17
-15
-15
-10
-7
-3
3
5
8
7
6
3
0
-1
-1
-1
0
3
4
8
8
9
8
6
3
3
5
6
7
9
10
13
14
12
11
9
8
6
2
2
2
6
6
7
8
11
15
15
16
17
17
15
12
9
1
0
-6
-12
-14
-17
-19
-18
-17
-13
-15
-11
-7
-7
-3
2
4
7
9
10
12
12
9
7
5
2
-2
-5
-5
-7
-9
-12
-12
-12
-15
-12
-11
-10
-4
-4
-5
-6
-4
-7
-6
-3
-4
-2
0
2
3
4
6
5
5
7
5
4
4
3
3
2
5
9
9
8
9
7
3
0
-3
-7
-9
-10
-14
-14
-12
-13
-11
-10
-6
-4
-1
3
6
8
8
10
12
11
10
10
10
6
5
2
2
3
-1
-3
-5
-5
-5
-7
-7
-7
-6
-5
-5
-5
-5
-4
-6
-7
-9
-10
-10
-10
-8
-7
-4
0
2
4
7
10
12
14
18
19
16
16
15
12
10
6
0
-4
-8
-10
-12
-13
-12
-10
-9
-7
-6
-5
0
4
3
-1
0
2
1
3
5
8
9
11
12
12
12
11
10
11
12
13
13
11
8
6
4
2
0
0
0
-2
-6
-8
-8
-10
-10
-13
-13
-14
-17
-16
-17
-15
-17
-18
-12
-11
-8
-3
2
6
8
10
12
12
13
12
10
7
3
-3
-9
-12
-14
-14
-16
-13
-9
-7
-4
-3
-2
1
0
1
3
4
3
2
3
4
6
6
7
6
11
12
11
13
13
11
11
12
11
11
8
6
3
0
-4
-5
-6
-5
-7
-7
-6
-5
-5
-5
-4
-4
0
2
2
6
5
5
5
4
2
1
1
0
-4
-6
-5
-9
-12
-14
-16
-16
-16
-15
-12
-11
-10
-5
-3
0
4
6
8
8
7
9
9
7
6
4
2
-3
-5
-8
-10
-12
-11
-8
-6
0
2
5
7
9
9
8
9
9
10
8
9
9
9
9
6
4
1
-2
-4
-5
-4
-4
-4
-5
-4
-5
-2
-1
0
4
8
8
8
8
9
7
4
5
4
6
5
5
5
3
-1
-5
-6
-8
-12
-12
-11
-10
-9
-8
-7
-4
-5
-4
-5
-4
-3
-2
-2
0
2
3
9
10
13
13
13
11
6
2
-2
-7
-12
-14
-14
-15
-13
-11
-8
-6
-6
-6
-4
-1
0
0
2
4
4
4
5
6
7
8
6
5
7
4
2
2
-2
-3
-2
0
2
5
6
6
6
5
7
9
11
9
10
10
7
4
1
1
-3
-8
-9
-9
-9
-9
-10
-10
-9
-8
-8
-7
-4
0
3
6
9
12
14
14
12
9
8
5
1
0
-3
-6
-10
-13
-17
-19
-20
-19
-17
-17
-13
-13
-11
-7
-8
-8
-4
-3
-4
-4
-2
-1
0
4
6
10
11
13
12
14
13
10
10
7
4
0
0
0
0
-1
0
2
3
3
6
7
8
9
9
11
10
8
7
3
-1
-5
-4
-5
-3
-2
3
6
8
10
13
14
15
17
17
17
16
14
11
9
4
-1
-3
-8
-10
-15
-17
-21
-25
-24
-25
-25
-22
-17
-13
-8
-4
1
3
5
4
5
6
6
5
6
5
0
-3
-5
-9
-13
-15
-15
-17
-16
-13
-7
-4
0
4
6
8
8
7
5
4
4
3
2
3
2
3
4
6
4
3
1
-1
0
-1
0
1
2
4
4
5
5
5
3
1
-2
-4
-3
-3
-2
0
0
2
2
3
1
-2
-4
-7
-5
-6
-6
-7
-4
-1
1
3
4
3
2
1
1
0
2
3
5
9
9
11
12
13
13
14
12
9
8
3
1
-3
-5
-6
-7
-7
-6
-4
-4
-1
1
2
3
4
5
4
4
5
5
6
5
4
2
0
-2
-6
-8
-12
-16
-17
-18
-19
-20
-18
-16
-13
-9
-4
1
6
11
15
15
17
15
14
11
6
0
-2
-8
-12
-15
-16
-18
-19
-18
-17
-13
-9
-5
1
6
10
13
16
18
17
16
17
16
13
12
10
6
1
-1
-8
-12
-15
-15
-13
-12
-8
-6
-3
-1
0
1
2
3
6
7
7
7
7
7
4
1
-2
-4
-7
-9
-9
-10
-7
-5
-6
-3
0
0
2
4
6
8
9
10
9
10
10
9
9
7
6
5
1
0
-3
-5
-6
-6
-6
-4
-3
-1
-2
-1
0
2
2
5
6
8
9
9
8
7
5
2
2
1
2
1
-1
-3
-5
-7
-9
-8
-9
-9
-9
-9
-10
-7
-7
-5
-7
-7
-6
-7
-6
-4
-1
1
4
4
5
5
6
5
4
6
4
2
1
-1
-3
-5
-4
-3
-4
-3
-3
-3
-3
-1
1
2
1
3
2
5
4
4
5
5
5
5
6
4
4
4
2
1
1
0
-3
-3
-4
-5
-5
-6
-6
-6
-6
-6
-4
-1
2
5
8
8
9
11
10
7
4
0
-3
-7
-11
-13
-15
-15
-13
-13
-12
-10
-7
-4
-2
2
3
7
9
8
9
9
9
9
9
9
9
9
9
7
5
2
1
-1
-2
-3
-2
1
1
2
1
3
5
9
9
10
10
12
9
7
6
1
1
0
-2
-5
-11
-12
-16
-15
-14
-15
-15
-13
-10
-9
-6
-5
-2
0
1
3
5
3
2
2
-1
-2
-4
-6
-8
-8
-6
-6
-5
-4
-3
-1
-1
1
0
-2
-1
0
-1
3
4
4
4
5
5
4
2
2
2
4
5
7
10
13
11
11
11
10
10
5
2
-3
-7
-9
-8
-8
-6
-3
1
4
3
4
3
1
2
0
0
-1
-1
1
1
0
1
0
0
-1
-1
-1
-2
-4
-5
-5
-5
-3
-4
-3
2
2
3
3
3
3
1
3
2
3
3
2
1
-1
-3
-4
-5
-4
-7
-8
-6
-6
-3
-3
0
2
2
3
4
4
2
0
-1
-3
-3
-3
-2
-1
0
-1
1
3
3
5
5
3
3
1
0
-1
-2
-3
-3
-3
-4
-4
-3
-3
-3
-4
-2
-1
-1
3
5
5
7
6
6
5
3
3
1
1
0
1
1
0
1
2
2
1
2
3
2
3
1
1
2
2
1
4
6
5
5
3
0
-2
-6
-9
-11
-13
-12
-10
-7
-6
-3
-2
-1
-1
1
1
0
1
-1
-1
-2
-2
-5
-6
-3
-3
-3
-2
-1
0
1
2
1
3
5
5
7
7
6
5
5
6
3
2
2
2
0
0
1
1
0
1
2
3
3
5
6
7
8
8
6
6
4
3
1
1
0
0
-2
-3
-3
-3
-4
-3
-4
-6
-6
-5
-5
-4
-4
-3
-3
-3
-2
-4
-3
-7
-8
-10
-10
-11
-10
-7
-6
-4
-2
1
1
0
0
0
1
0
2
3
4
3
4
2
1
0
-1
-2
-2
-2
-1
