0
0
2
-2
-1
3
-2
1
-1
0
2
-3
2
-3
0
1
-2
2
-1
0
1
0
1
0
0
-1
1
2
1
-2
3
-1
0
2
-4
6
-4
0
2
-4
5
-5
2
2
-5
5
-3
1
0
-2
3
-3
2
-2
0
-1
-2
1
2
-2
2
0
-1
3
-2
1
0
-2
2
-2
2
-2
0
3
-6
7
-4
0
3
-7
8
-8
3
1
-5
6
-5
5
-2
-3
3
-4
5
-6
2
3
-5
3
-1
-1
1
-2
-2
5
-5
0
3
-1
1
-1
0
2
-1
0
2
0
-2
4
-2
2
2
-3
4
-2
1
2
-4
5
-2
-1
3
-4
3
-1
-2
0
1
-1
0
1
2
-3
0
2
-4
5
-1
-2
6
-2
1
2
-2
1
-1
-1
-1
-1
0
1
-6
4
-1
-2
4
-4
2
1
-4
4
-2
1
-1
0
-1
0
2
-5
6
-3
-2
5
-5
3
0
1
-3
2
4
-7
6
-3
-1
6
-7
7
-3
0
6
-8
6
0
-5
8
-8
3
2
-3
1
-2
4
-1
-1
0
0
0
-4
4
-4
1
2
-8
9
-5
0
2
-1
4
-5
3
4
-1
-3
6
-6
3
1
-7
8
-4
-1
2
-4
5
-6
1
8
-10
9
-5
1
5
-8
7
-4
1
3
-7
3
2
-6
3
0
-2
3
-6
5
-3
3
-2
0
5
-4
1
0
2
-2
0
-3
4
-4
2
2
-5
4
-3
0
1
5
-8
4
4
-7
7
-2
2
3
-2
3
-3
2
-2
2
-2
-1
3
-4
3
-4
2
1
-3
4
-3
4
-1
-1
5
-8
7
-3
-2
8
-11
7
-3
-7
7
-6
0
1
-2
1
2
-4
6
-1
-3
6
-6
7
-3
-1
5
-6
5
-3
1
-2
2
-3
2
-3
0
1
-5
3
-1
-1
1
-1
-2
4
-6
3
1
-1
2
-3
3
1
-5
0
4
-6
9
-11
5
5
-10
8
-6
8
-4
0
1
1
1
-6
8
-6
4
3
-4
5
0
0
-6
6
-2
-2
1
0
2
-4
4
-5
5
-2
-2
7
-5
3
0
2
-1
-1
0
0
-2
-3
1
0
-6
1
0
-4
2
-3
2
3
-5
3
-1
3
-2
-1
6
-6
3
-1
-2
6
-6
4
2
-2
3
-4
6
-1
-1
1
3
0
2
-3
6
-1
-3
6
-4
4
-2
-2
5
-3
-1
3
-7
4
-5
-2
1
-5
5
-9
2
-3
-2
-2
-3
2
-5
1
-2
4
-3
-2
4
-5
0
3
-1
3
2
1
6
-1
2
6
1
6
-1
6
3
0
6
-1
6
1
1
1
3
3
-1
6
0
0
4
-3
4
-1
-2
0
0
-6
-1
-4
-2
-3
-7
-2
-5
-4
-8
-2
-4
-5
-4
-6
-1
-3
-5
-3
-3
0
-4
0
4
0
1
1
0
5
2
-1
9
6
0
7
7
2
8
2
7
8
5
8
6
7
2
8
4
4
5
3
2
0
-1
-2
0
-5
-2
-3
-3
-6
-9
-5
-7
-6
-13
-6
-6
-15
-10
-10
-11
-12
-14
-11
-13
-14
-16
-13
-13
-16
-12
-11
-9
-10
-11
-5
-9
-7
-6
-3
0
-3
0
2
3
2
6
8
10
11
12
17
17
13
18
22
21
25
22
29
29
25
29
30
28
29
29
32
30
28
27
25
25
22
18
18
20
13
11
12
9
4
-1
1
-2
-6
-10
-9
-13
-17
-20
-23
-24
-29
-32
-30
-33
-36
-37
-38
-40
-41
-44
-40
-39
-43
-40
-39
-38
-39
-40
-34
-33
-32
-29
-26
-23
-23
-21
-18
-12
-12
-8
-2
0
4
2
9
13
12
17
21
24
26
27
31
31
30
32
35
35
36
33
35
34
29
30
29
25
24
22
20
17
14
12
9
7
2
2
-2
-4
-7
-8
-9
-12
-13
-13
-14
-14
-14
-13
-13
-13
-13
-12
-11
-8
-7
-7
-6
-4
-3
-2
2
3
7
10
14
17
17
19
26
30
37
41
47
52
55
59
59
64
70
76
80
87
93
97
96
99
99
96
93
91
89
88
80
71
65
53
39
29
16
11
0
-17
-31
-44
-63
-89
-110
-125
-146
-174
-204
-253
-311
-375
-435
-480
-522
-555
-576
-589
-605
-623
-622
-593
-556
-498
-405
-282
-151
-40
78
192
290
394
506
623
732
818
878
900
899
859
791
717
631
539
431
316
182
17
-164
-344
-489
-583
-676
-731
-746
-729
-700
-651
-537
-397
-245
-69
157
401
608
784
962
1113
1227
1317
1385
1428
1406
1336
1220
1090
921
710
514
303
85
-131
-332
-490
-650
-806
-919
-988
-1007
-1015
-994
-933
-857
-775
-672
-528
-398
-280
-166
-53
33
115
162
162
115
38
-68
-210
-358
-529
-684
-884
-1122
-1322
-1553
-1900
-2270
-2469
-2478
-2453
-2426
-2272
-1988
-1754
-1632
-1425
-1010
-535
-104
390
1034
1686
2150
2458
2743
3014
3225
3389
3607
3805
3838
3667
3345
2921
2431
1892
1294
681
76
-482
-1025
-1590
-2186
-2738
-3179
-3498
-3649
-3558
-3264
-2874
-2465
-2028
-1455
-736
26
769
1537
2348
3125
3778
4292
4666
4843
4746
4460
4153
3794
3249
2463
1536
569
-450
-1497
-2485
-3373
-4180
-4877
-5343
-5558
-5653
-5650
-5470
-5048
-4446
-3700
-2735
-1627
-539
478
1490
2490
3359
4031
4551
4955
5132
5110
4974
4686
4181
3480
2691
1923
1153
353
-412
-1097
-1668
-2118
-2429
-2581
-2592
-2517
-2367
-2080
-1627
-1071
-501
86
682
1207
1585
1840
2057
2208
2228
2154
2002
1692
1146
402
-429
-1300
-2222
-3101
-3800
-4336
-4863
-5526
-6404
-7453
-8375
-8802
-8661
-8199
-7499
-6452
-5169
-3987
-3049
-1980
-553
956
2371
3920
5799
7644
8859
9390
9599
9599
9308
8850
8472
8153
7549
6415
4954
3485
2022
453
-1176
-2590
-3559
-4203
-4701
-5035
-5190
-5260
-5319
-5198
-4609
-3476
-2045
-624
712
1977
3160
4157
4882
5448
5962
6382
6591
6570
6375
5936
5065
3738
2260
976
-155
-1301
-2444
-3410
-4254
-5245
-6310
-7079
-7440
-7594
-7625
-7274
-6407
-5383
-4482
-3658
-2755
-1782
-901
72
1304
2610
3705
4484
4972
5181
5035
4537
3904
3277
2686
2073
1427
727
-115
-1092
-2049
-2793
-3212
-3264
-2999
-2479
-1811
-1132
-493
135
775
1362
1939
2574
3286
3898
4192
4186
3955
3500
2833
2169
1693
1262
624
-296
-1347
-2479
-3686
-4822
-5714
-6260
-6476
-6492
-6741
-7698
-9073
-9906
-9671
-8858
-7975
-6682
-4679
-2626
-1347
-509
775
2455
3788
4794
6348
8538
10230
10542
9885
9098
8263
7101
5898
5205
4912
4192
2663
853
-598
-1779
-3161
-4619
-5404
-5174
-4436
-3747
-3105
-2336
-1630
-1207
-732
420
2251
4117
5480
6405
7155
7631
7587
7085
6516
6104
5658
4972
4127
3296
2286
718
-1318
-3195
-4391
-5077
-5672
-6165
-6312
-6197
-6228
-6395
-6247
-5623
-4822
-4021
-2984
-1637
-334
523
976
1353
1721
1943
2026
2166
2332
2198
1619
808
-34
-1002
-2093
-3041
-3607
-3809
-3844
-3813
-3701
-3540
-3354
-3001
-2298
-1278
-56
1236
2482
3526
4255
4754
5089
5227
5178
5055
4896
4587
3984
3078
2030
908
-225
-1203
-1931
-2447
-2821
-3065
-3239
-3417
-3597
-3746
-3881
-4097
-4261
-4209
-4057
-3910
-3726
-3318
-2977
-3485
-4943
-6317
-6459
-5701
-5093
-4699
-3713
-2076
-1045
-1011
-855
237
1552
2159
2793
4519
6745
7886
7531
6872
6549
6127
5353
4920
5352
5839
5326
3900
2611
1909
1170
-39
-1145
-1367
-882
-501
-482
-511
-429
-553
-916
-840
172
1690
2818
3293
3585
3976
4194
3928
3434
3183
3166
3054
2721
2321
1910
1139
-228
-1766
-2761
-3079
-3236
-3526
-3713
-3567
-3484
-3855
-4259
-4093
-3458
-2978
-2650
-1957
-1043
-655
-985
-1224
-954
-629
-568
-386
194
606
464
125
-16
-179
-634
-1064
-1125
-951
-883
-970
-1097
-1280
-1491
-1562
-1229
-478
338
968
1489
2117
2767
3159
3323
3480
3621
3564
3353
3146
2822
2109
1147
274
-340
-820
-1205
-1392
-1568
-1922
-2377
-2516
-2250
-1950
-1951
-2266
-2662
-3049
-3365
-3662
-3991
-4123
-3837
-3535
-4220
-6122
-7923
-8220
-7488
-7110
-6864
-5442
-3071
-1562
-1433
-1058
536
2256
3037
3793
5764
8257
9531
9181
8376
7830
7081
5849
4853
4868
5285
4699
2906
1122
200
-550
-1907
-3216
-3303
-2330
-1535
-1311
-981
-212
344
300
484
1769
3725
5170
5723
5965
6259
6243
5594
4637
4002
3693
3166
2283
1430
785
-168
-1833
-3684
-4787
-4909
-4731
-4743
-4652
-4078
-3507
-3632
-3971
-3563
-2415
-1480
-977
-171
1027
1395
368
-797
-1019
-852
-1180
-1474
-990
-386
-616
-1450
-1980
-2254
-2762
-3210
-2935
-2062
-1471
-1336
-1249
-1125
-1133
-1062
-490
497
1504
2328
2977
3471
3807
3866
3664
3462
3470
3471
3135
2626
2132
1445
399
-576
-929
-864
-1027
-1532
-1761
-1438
-1180
-1510
-2044
-2229
-2323
-2795
-3350
-3530
-3576
-3804
-3917
-3979
-5028
-7329
-9135
-8885
-7554
-6924
-6589
-4977
-2548
-1294
-1347
-760
1199
3032
3896
5054
7433
9670
10032
8886
7811
7245
6401
5123
4321
4484
4571
3323
1101
-679
-1503
-2278
-3517
-4268
-3586
-2136
-1234
-975
-504
334
853
1026
1839
3744
5834
6986
7186
7126
6995
6406
5315
4305
3749
3368
2697
1663
576
-488
-1815
-3542
-5163
-5827
-5476
-4960
-4788
-4457
-3617
-2924
-3004
-3227
-2488
-1000
66
491
1186
2293
2421
727
-1345
-2120
-1983
-2232
-2628
-2129
-1248
-1450
-2697
-3431
-3240
-3127
-3436
-3118
-1647
-184
119
-283
-429
-278
-229
-27
916
2357
3479
3809
3658
3509
3406
3009
2417
2127
2160
1969
1311
618
62
-677
-1555
-1898
-1676
-1570
-1815
-1843
-1467
-1263
-1576
-1997
-2088
-2194
-2551
-2851
-2815
-2687
-2616
-2557
-3134
-5161
-7789
-8889
-8027
-6976
-6646
-5738
-3532
-1590
-1269
-1380
-198
1775
2999
3767
5674
8556
10223
9504
7798
6789
6256
5222
4064
3989
4754
4567
2564
130
-1135
-1638
-2723
-4059
-3977
-2243
-600
-179
-111
583
1380
1512
1652
2995
5293
7024
7372
7057
6930
6731
5740
4259
3209
2800
2374
1371
107
-931
-1918
-3402
-5200
-6303
-6142
-5421
-4998
-4618
-3629
-2422
-1952
-2071
-1763
-625
576
1287
1891
2682
3016
1851
-471
-2444
-3218
-3481
-3913
-3957
-3225
-2634
-3148
-4132
-4447
-4079
-3696
-3249
-2101
-352
952
1230
931
691
652
752
1338
2525
3761
4372
4221
3707
3250
2772
2080
1447
1228
1183
784
147
-286
-622
-1283
-2044
-2393
-2197
-1764
-1432
-1170
-1047
-1112
-1442
-1799
-1910
-1909
-2087
-2542
-2720
-2361
-2076
-3171
-5936
-8598
-9351
-8563
-7918
-7518
-6010
-3484
-1843
-1804
-1696
-102
1977
3113
4005
6187
9153
10679
9858
8126
7004
6264
5194
4250
4376
5135
4853
2784
229
-1299
-2013
-2962
-3954
-3667
-1957
-357
32
-83
362
1114
1375
1649
3184
5736
7596
7797
7175
6798
6467
5491
4103
3167
2900
2497
1377
-29
-1152
-2224
-3814
-5591
-6446
-6000
-5168
-4800
-4553
-3741
-2678
-2245
-2278
-1743
-366
1056
1792
2121
2396
2099
606
-1423
-2687
-2944
-3007
-3295
-3374
-3153
-3212
-3808
-4390
-4329
-3738
-3071
-2346
-1332
-209
429
320
-91
-191
164
875
1829
2905
3784
4000
3597
3076
2752
2455
2021
1561
1221
838
295
-213
-593
-1016
-1689
-2267
-2349
-2083
-1905
-1686
-1111
-634
-882
-1487
-1561
-1301
-1497
-2170
-2418
-1908
-1528
-2586
-5224
-7971
-9234
-8975
-8410
-7828
-6339
-3856
-1924
-1496
-1307
128
2226
3511
4353
6312
9288
11130
10599
8914
7593
6598
5214
3937
3721
4346
4263
2482
-81
-1834
-2574
-3450
-4689
-4949
-3436
-1448
-574
-643
-282
707
1333
1456
2416
4863
7275
8035
7505
7141
7035
6245
4729
3572
3243
2867
1711
229
-850
-1836
-3470
-5458
-6601
-6404
-5620
-5106
-4713
-3870
-2789
-2233
-2234
-1819
-415
1249
2240
2692
3044
2725
964
-1507
-3049
-3276
-3095
-2955
-2596
-2237
-2525
-3389
-4059
-4130
-3809
-3240
-2242
-892
292
890
904
525
62
33
752
1941
3044
3788
4011
3659
2867
2065
1625
1391
1100
698
304
-91
-553
-1091
-1654
-2194
-2511
-2446
-2161
-1983
-2035
-2100
-2086
-2110
-2195
-2101
-1750
-1508
-1622
-1716
-1498
-2026
-4322
-7341
-8823
-8263
-7402
-7131
-6320
-4265
-2423
-2078
-2267
-1180
1116
2998
4188
5932
8642
10684
10553
8832
7250
6379
5611
4759
4400
4845
4930
3364
584
-1605
-2489
-3127
-4141
-4473
-3131
-1213
-408
-671
-626
159
779
1055
2122
4484
6835
7803
7546
7115
6802
6125
4994
4011
3635
3491
2807
1349
-274
-1707
-3255
-5020
-6266
-6269
-5418
-4699
-4421
-4056
-3304
-2674
-2631
-2492
-1317
513
1901
2732
3594
4021
2680
-328
-3133
-4447
-4743
-4725
-4196
-3234
-2792
-3430
-4302
-4530
-4198
-3643
-2686
-982
998
2414
2813
2360
1434
611
468
1233
2576
3699
4225
4014
3201
2030
920
324
354
609
569
308
-75
-666
-1670
-2683
-3096
-2982
-2708
-2368
-1917
-1707
-1892
-2288
-2535
-2526
-2282
-1921
-1685
-1443
-1315
-2173
-4792
-7829
-9016
-8187
-7247
-6892
-5628
-3115
-1276
-1351
-1704
-422
1785
3194
4183
6357
9359
11015
10338
8700
7464
6435
5157
4130
4099
4702
4559
2850
414
-1379
-2378
-3479
-4664
-4703
-3153
-1331
-581
-566
-214
462
623
574
1698
4295
6727
7583
7454
7396
7185
6036
4414
3427
3248
3034
2202
1035
-56
-1319
-3250
-5468
-6838
-6721
-5751
-4844
-4165
-3376
-2655
-2542
-2839
-2571
-1216
543
1922
2878
3679
3870
2732
429
-1946
-3484
-4061
-3982
-3537
-2892
-2549
-2959
-3968
-4758
-4742
-4052
-2932
-1437
275
1571
2030
1804
1339
984
970
1570
2763
4104
4984
5137
4665
3828
2789
1656
805
426
369
190
-252
-705
-1313
-2414
-3619
-4087
-3823
-3634
-3923
-3956
-3355
-2933
-3082
-3207
-2771
-2217
-2118
-1973
-1303
-1388
-3565
-6746
-8427
-7839
-6980
-6962
-6250
-3948
-1807
-1612
-2232
-1286
1050
2641
3415
5200
8375
10731
10408
8592
7425
7016
6193
4945
4549
5448
5852
4207
1420
-533
-1229
-2125
-3701
-4395
-3153
-1359
-758
-1099
-953
-148
90
-222
445
2746
5286
6468
6614
6930
7336
6842
5527
4468
4209
4022
3175
2052
1146
162
-1526
-3731
-5376
-5839
-5642
-5476
-5249
-4555
-3531
-3034
-3246
-3200
-2210
-822
70
742
1763
2371
1574
13
-1015
-1585
-2530
-3572
-3635
-2867
-2455
-2737
-3043
-2969
-2944
-3134
-2885
-1731
-258
719
1105
1292
1484
1492
1488
1861
2617
3401
3799
3744
3587
3436
2886
1930
1032
557
332
-46
-328
-374
-689
-1558
-2581
-3171
-3245
-3442
-3935
-4109
-3807
-3380
-3221
-3110
-2622
-2255
-2448
-2720
-2994
-4171
-6473
-8365
-8281
-7185
-6712
-6199
-4417
-2215
-1389
-1751
-1229
798
2751
3871
5251
7609
9867
10336
9127
7818
7046
6336
5379
4744
5057
5518
4656
2439
233
-956
-1662
-2874
-3921
-3501
-2088
-1218
-1327
-1274
-378
279
47
173
1867
4393
6035
6465
6735
7059
6694
5648
4720
4388
4205
3568
2587
1695
905
-270
-2131
-4146
-5368
-5597
-5323
-5036
-4674
-4060
-3644
-3795
-3950
-3247
-1782
-438
573
1735
2511
1800
-8
-1413
-1942
-2357
-2762
-2383
-1414
-1010
-1540
-2380
-2825
-3007
-3255
-3070
-1992
-513
453
561
317
201
2
-196
202
1350
2819
3871
4112
3967
3670
3082
2306
1578
1223
1302
1330
1116
777
278
-426
-1560
-2915
-3714
-3869
-3847
-3839
-3756
-3465
-3345
-3690
-3985
-3995
-3988
-3813
-3486
-3759
-5265
-7295
-8123
-7582
-7139
-7039
-6017
-3748
-1705
-1080
-815
600
2478
3454
3981
5572
8278
10171
10054
9019
8281
7625
6434
5002
4436
4869
4989
3842
2042
809
115
-1149
-3014
-3948
-3255
-2043
-1575
-1478
-683
414
589
4
242
1955
3928
4933
5546
6565
7321
6875
5583
4712
4516
4067
3028
2145
1773
1318
18
-1922
-3550
-4597
-5324
-5843
-5879
-5206
-4307
-3920
-3964
-3821
-3158
-2314
-1833
-1379
-541
277
479
56
-335
-371
-519
-783
-668
-99
387
260
-270
-681
-1057
-1638
-2120
-2194
-1849
-1535
-1559
-1576
-1418
-1264
-1063
-621
226
1302
2210
2822
3142
3218
3142
2855
2315
1873
1648
1431
1046
464
-116
-765
-1590
-2303
-2820
-3448
-4177
-4695
-4702
-4311
-3968
-3720
-3446
-3175
-3095
-3716
-5363
-7312
-8405
-8215
-7386
-6618
-5408
-3428
-1726
-1259
-1447
-794
974
2586
3673
5275
7751
9869
10238
9204
8290
7746
6802
5424
4593
4988
5537
4724
2848
1299
510
-519
-2378
-3818
-3605
-2551
-2092
-2164
-1608
-288
364
-175
-496
629
2530
3785
4447
5648
7161
7599
6626
5442
5008
4692
3713
2644
2344
2416
1679
-170
-2090
-3317
-4287
-5497
-6382
-6126
-5128
-4576
-4720
-4643
-3846
-2978
-2659
-2482
-1694
-536
127
156
135
323
256
-295
-689
-316
455
850
749
679
803
540
-296
-1045
-1196
-1088
-1273
-1604
-1451
-891
-620
-741
-722
-237
390
812
1291
2101
2791
2777
2169
1553
1232
1033
650
279
150
92
-167
-819
-1772
-2642
-3306
-3905
-4331
-4402
-4011
-3540
-3620
-3979
-4161
-4759
-6432
-8620
-9753
-9168
-8099
-7403
-6300
-4298
-2280
-1411
-1397
-693
1045
2794
4092
5547
7752
10008
10903
10320
9370
8682
7893
6564
5386
5360
5938
5598
3924
2048
933
-86
-1962
-3870
-4275
-3325
-2633
-2787
-2630
-1549
-746
-1163
-1695
-778
1271
2944
3901
5101
6753
7735
7366
6508
6256
6323
5798
4673
3850
3673
3246
1804
-170
-1751
-2882
-4227
-5808
-6700
-6527
-6165
-6343
-6615
-6189
-5269
-4771
-4755
-4427
-3593
-2828
-2384
-1656
-172
1388
2167
2361
2669
3165
3264
2779
2337
2304
2203
1604
720
28
-548
-1545
-2860
-3715
-3679
-3077
-2509
-2010
-1233
-379
83
176
379
950
1474
1614
1719
2127
2588
2586
2037
1384
850
307
-361
-1089
-1695
-2215
-2787
-3329
-3718
-3962
-4238
-4620
-4883
-5202
-6208
-7936
-9453
-9767
-9095
-8399
-7613
-6020
-3873
-2315
-1797
-1249
241
1955
3124
4280
6331
8903
10489
10557
10132
9917
9412
8066
6484
5924
6384
6485
5423
3861
2739
1724
-186
-2682
-4257
-4299
-3849
-3877
-3829
-2901
-1796
-1836
-2757
-2870
-1535
135
1284
2492
4413
6310
6960
6578
6373
6681
6751
6112
5416
5424
5610
4947
3361
1658
334
-1044
-2806
-4310
-4945
-5153
-5769
-6749
-7234
-6965
-6657
-6842
-7101
-6820
-6181
-5608
-4911
-3545
-1530
326
1530
2476
3552
4474
4753
4466
4309
4488
4496
4115
3616
3176
2397
875
-1000
-2324
-2809
-2889
-2858
-2529
-1800
-1103
-916
-1065
-1035
-834
-794
-865
-563
377
1428
1846
1607
1050
271
-687
-1576
-2022
-2003
-1883
-1802
-1730
-1833
-2359
-3256
-4146
-4895
-5965
-7554
-8931
-9246
-8721
-8344
-8263
-7629
-6204
-4841
-4191
-3572
-2009
59
1576
2627
4236
6674
8727
9425
9424
9687
10027
9637
8539
7888
8181
8408
7620
6213
5219
4608
3249
919
-1183
-2166
-2521
-3147
-3819
-3627
-2774
-2572
-3493
-4362
-3996
-2847
-1965
-1181
466
2789
4453
4842
4824
5341
6000
5969
5524
5671
6532
6993
6271
4951
3821
2654
868
-1180
-2459
-2849
-3314
-4430
-5630
-6230
-6577
-7409
-8453
-8775
-8148
-7168
-6222
-4946
-3092
-1279
-190
405
1255
2517
3574
4061
4393
4922
5245
4841
3931
3144
2556
1674
416
-611
-975
-1057
-1379
-1837
-1989
-1843
-1882
-2226
-2408
-2149
-1807
-1755
-1750
-1262
-371
280
428
395
417
280
-250
-872
-1157
-1213
-1395
-1698
-1814
-1686
-1717
-2138
-2739
-3514
-4824
-6633
-8133
-8566
-8232
-7927
-7621
-6749
-5440
-4525
-4254
-3775
-2416
-717
583
1798
3679
6016
7670
8173
8321
8816
9229
8900
8215
8174
8754
8848
7962
6903
6413
5935
4508
2420
834
75
-611
-1634
-2309
-2085
-1669
-2075
-3121
-3723
-3519
-3222
-3216
-2827
-1474
216
1269
1688
2210
3017
3506
3416
3367
3952
4852
5336
5234
4955
4624
3838
2491
1143
251
-424
-1384
-2568
-3492
-4132
-4925
-6009
-6976
-7349
-7291
-7044
-6486
-5451
-4105
-2960
-2201
-1466
-479
537
1341
2039
2822
3500
3730
3575
3377
3203
2804
2070
1330
903
680
386
0
-277
-446
-733
-1145
-1419
-1462
-1432
-1504
-1597
-1473
-1176
-922
-764
-683
-646
-702
-946
-1214
-1387
-1561
-1780
-1956
-1968
-1862
-1926
-2179
-2377
-2720
-3724
-5470
-7256
-8186
-8258
-8145
-7899
-7075
-5713
-4584
-4252
-4083
-3218
-1866
-712
253
1778
4079
6197
7300
7759
8301
8817
8647
7883
7557
8138
8715
8428
7633
7218
7113
6262
4364
2469
1456
889
-49
-1053
-1174
-564
-456
-1363
-2382
-2605
-2416
-2626
-2929
-2351
-892
372
840
1127
1913
2707
2749
2318
2405
3230
3948
3969
3723
3769
3787
3055
1730
728
297
-321
-1570
-2814
-3261
-3278
-3818
-4862
-5588
-5660
-5637
-5859
-5721
-4711
-3351
-2445
-1994
-1304
-226
574
798
992
1677
2497
2785
2656
2674
2767
2337
1322
462
301
384
97
-389
-569
-532
-787
-1368
-1692
-1434
-1106
-1148
-1249
-967
-427
-196
-429
-638
-578
-580
-878
-1296
-1498
-1516
-1754
-2223
-2558
-2595
-2438
-2517
-3227
-4521
-6121
-7540
-8365
-8677
-8556
-7875
-6736
-5484
-4598
-4062
-3326
-2285
-1289
-441
705
2643
4986
6804
7869
8601
9217
9317
8591
7676
7427
7723
7788
7316
6898
6933
6714
5446
3462
1770
702
-306
-1451
-1968
-1424
-650
-735
-1558
-2128
-2111
-2150
-2528
-2508
-1509
-64
920
1393
2047
2964
3398
3044
2586
2789
3419
3662
3444
3361
3514
3275
2265
1042
310
-196
-1160
-2468
-3366
-3598
-3803
-4435
-5017
-5013
-4731
-4746
-4879
-4447
-3342
-2273
-1717
-1242
-374
596
1135
1247
1458
1930
2208
2079
1922
2035
2117
1668
793
89
-242
-532
-1002
-1399
-1426
-1267
-1304
-1502
-1520
-1280
-1112
-1220
-1331
-1108
-609
-198
-52
-22
-55
-344
-986
-1737
-2179
-2195
-2087
-2065
-2000
-1748
-1602
-2251
-3951
-6052
-7668
-8499
-8824
-8785
-8044
-6584
-5147
-4433
-4201
-3704
-2686
-1630
-771
489
2656
5242
7217
8251
8910
9485
9487
8633
7631
7417
7850
7980
7454
6881
6638
6117
4627
2556
902
-89
-1022
-2072
-2532
-2040
-1391
-1505
-2167
-2450
-2151
-1942
-2069
-1844
-747
660
1547
2050
2851
3893
4395
4088
3689
3849
4264
4270
3878
3628
3564
3072
1906
641
-201
-934
-2069
-3363
-4106
-4185
-4259
-4716
-5156
-5148
-4958
-5001
-5003
-4371
-3192
-2163
-1570
-952
34
1004
1462
1542
1760
2164
2333
2169
2103
2317
2369
1829
954
313
-4
-391
-1016
-1521
-1599
-1511
-1665
-1962
-1992
-1714
-1581
-1795
-1917
-1533
-870
-467
-448
-447
-368
-583
-1185
-1707
-1713
-1414
-1354
-1533
-1573
-1677
-2594
-4581
-6810
-8244
-8829
-9098
-9003
-8046
-6362
-4961
-4506
-4378
-3670
-2491
-1495
-611
1002
3602
6179
7778
8624
9396
10005
9771
8786
8112
8290
8597
8205
7363
6813
6398
5174
2977
817
-522
-1423
-2527
-3487
-3481
-2741
-2424
-2975
-3599
-3465
-2948
-2714
-2395
-1179
789
2464
3356
4072
5117
5936
5873
5334
5213
5593
5688
5135
4482
4108
3530
2211
475
-870
-1706
-2657
-3920
-4917
-5215
-5198
-5499
-5997
-6081
-5719
-5387
-5185
-4609
-3333
-1880
-858
-141
705
1649
2225
2348
2537
3009
3337
3190
2832
2680
2563
1973
990
180
-226
-596
-1272
-1932
-2178
-2228
-2485
-2879
-2931
-2521
-2127
-1956
-1682
-1105
-521
-412
-645
-676
-504
-536
-825
-987
-781
-599
-890
-1381
-1717
-2372
-4036
-6478
-8500
-9346
-9528
-9601
-9209
-7913
-6261
-5335
-5202
-4776
-3505
-2015
-826
628
3095
6072
8224
9161
9695
10289
10365
9530
8591
8574
9152
9064
7993
6843
6128
5092
2977
429
-1314
-2163
-2991
-4006
-4351
-3657
-2980
-3333
-4190
-4317
-3541
-2715
-2082
-815
1375
3485
4592
5085
5870
6793
6971
6452
6262
6799
7218
6684
5524
4476
3359
1563
-633
-2227
-2883
-3420
-4541
-5781
-6394
-6576
-7040
-7769
-7961
-7228
-6183
-5270
-4223
-2532
-634
568
1096
1723
2782
3716
4141
4388
4839
5128
4678
3656
2731
2048
1176
-4
-997
-1383
-1470
-1834
-2436
-2860
-3104
-3420
-3787
-3721
-2958
-1928
-1111
-526
60
658
936
740
487
482
561
356
-27
-175
-137
-448
-1316
-2253
-2903
-3878
-5913
-8485
-10333
-10939
-10990
-10991
-10334
-8649
-6769
-5689
-5173
-4060
-2057
-118
1351
3138
5823
8729
10546
11104
11363
11639
11305
10062
8747
8329
8341
7540
5803
4153
3085
1763
-476
-2888
-4216
-4603
-5157
-5956
-5930
-4752
-3769
-3863
-4075
-3113
-1307
127
1187
2887
5260
7003
7433
7503
8127
8801
8588
7782
7448
7583
7102
5518
3615
2026
245
-2231
-4600
-5776
-5915
-6241
-7228
-7995
-8079
-8076
-8504
-8688
-7635
-5643
-3727
-2123
-285
1887
3504
3991
4058
4537
5285
5647
5518
5431
5386
4676
3066
1236
-107
-1084
-2184
-3207
-3590
-3435
-3445
-3874
-4216
-4041
-3628
-3339
-2874
-1773
-323
831
1462
1929
2442
2691
2396
1936
1714
1543
1019
146
-566
-1045
-1690
-2705
-3674
-4158
-4690
-6261
-8705
-10803
-11712
-11803
-11844
-11403
-9724
-7393
-5622
-4647
-3387
-1176
1133
2784
4424
6917
9869
11900
12432
12381
12357
11823
10351
8580
7589
7198
6107
3963
1750
231
-1145
-3270
-5606
-6817
-6800
-6643
-6789
-6364
-4837
-3281
-2739
-2489
-1118
1260
3354
4766
6376
8467
9867
9788
9098
8938
9037
8363
7033
6192
5967
5132
2994
364
-1693
-3388
-5456
-7378
-8005
-7407
-6926
-7285
-7625
-7154
-6498
-6401
-6307
-5127
-2896
-769
827
2530
4444
5705
5758
5328
5445
5899
5837
5157
4406
3715
2495
514
-1480
-2770
-3536
-4276
-4924
-4947
-4396
-3979
-3970
-3918
-3328
-2386
-1567
-686
666
2215
3336
3779
3931
4140
4016
3380
2601
1880
1185
211
-1040
-2074
-2854
-3669
-4619
-5544
-6049
-6466
-7747
-9921
-11926
-12709
-12296
-11628
-10713
-8802
-6210
-4072
-2872
-1724
371
2847
4730
6379
8613
11231
12939
12971
12151
11333
10258
8541
6630
5432
4912
3861
1715
-677
-2380
-3578
-5150
-6920
-7627
-6910
-5823
-5149
-4334
-2669
-858
-40
244
1480
3890
6194
7569
8640
9997
10825
10195
8714
7621
6998
5956
4373
3233
2798
1942
-70
-2592
-4595
-6022
-7437
-8565
-8614
-7648
-6661
-6278
-5991
-5134
-4075
-3421
-2899
-1678
321
2228
3555
4624
5590
5984
5442
4524
4032
3856
3415
2537
1553
607
-653
-2331
-3767
-4490
-4633
-4525
-4265
-3618
-2718
-2109
-1879
-1622
-1010
-64
992
2199
3560
4543
4890
4729
4324
3856
3079
2046
1230
723
246
-448
-1535
-2774
-3962
-5140
-6100
-6738
-6996
-6902
-7222
-8576
-10505
-11871
-11886
-11096
-10255
-8808
-6228
-3382
-1463
-396
1063
3161
4798
5815
7281
9647
11816
12352
11428
10236
9033
7378
5320
3692
3016
2428
932
-1138
-2736
-3566
-4464
-5891
-6839
-6308
-4835
-3575
-2648
-1249
670
1957
2305
2992
4849
7035
8288
8742
9429
10093
9562
7857
6211
5290
4377
2868
1536
1050
546
-940
-3139
-4972
-6052
-6903
-7458
-7170
-6162
-5118
-4543
-4141
-3449
-2676
-1986
-1170
38
1602
2987
3787
4134
4084
3689
3041
2337
1977
1946
1876
1482
651
-423
-1582
-2914
-4013
-4447
-4280
-3721
-3046
-2299
-1458
-950
-819
-563
64
1035
2063
2903
3700
4285
4324
3938
3334
2662
1890
906
76
-315
-663
-1371
-2447
-3619
-4548
-5255
-5744
-5798
-5510
-5125
-4966
-5683
-7507
-9641
-10922
-10794
-9861
-8685
-6752
-4073
-1863
-870
-515
484
2169
3576
4956
7180
9823
11458
11201
9809
8433
6953
5169
3666
3063
3093
2573
1008
-832
-2291
-3455
-4673
-5694
-5628
-4281
-2559
-1268
-383
636
1683
2099
2214
3146
5166
7203
8227
8629
9045
8924
7543
5510
4073
3446
2801
1911
1388
1178
309
-1614
-3774
-5210
-5887
-6215
-6120
-5402
-4367
-3561
-3183
-2950
-2604
-2222
-1790
-1032
188
1592
2596
2932
2874
2631
2225
1800
1589
1697
1854
1697
1254
597
-326
-1419
-2422
-2961
-2958
-2590
-1973
-1276
-737
-460
-422
-439
-156
421
1125
1841
2376
2773
2916
2569
2060
1581
1089
672
178
-75
2
-349
-1212
-2306
-3462
-4316
-5091
-5676
-5609
-5370
-5128
-4910
-5442
-7000
-9218
-10893
-10802
-9711
-8481
-6641
-4179
-1907
-796
-575
343
2056
3489
4850
6877
9426
11187
11063
9837
8509
6944
5161
3635
2846
2665
2125
773
-891
-2333
-3329
-4150
-4927
-4985
-3929
-2316
-984
-74
1036
2306
2919
3037
3828
5679
7481
8195
8324
8663
8574
7256
5346
4062
3474
2640
1445
666
252
-725
-2551
-4415
-5494
-5937
-6114
-5760
-4713
-3643
-3316
-3583
-3591
-2964
-2172
-1466
-457
977
2194
2623
2506
2338
2123
1658
1290
1536
2130
2361
1950
1131
125
-1045
-2186
-2864
-2939
-2578
-1985
-1401
-1047
-923
-908
-906
-794
-354
588
1779
2744
3337
3559
3410
2938
2188
1467
992
685
460
102
-306
-652
-1282
-2163
-3113
-3967
-4463
-4835
-5067
-4823
-4347
-3810
-4003
-5877
-8607
-10649
-10960
-9962
-9034
-7734
-5285
-2834
-1618
-1472
-853
959
2434
3307
5101
8030
10626
11127
9829
8495
7275
5634
4096
3371
3511
3314
1816
-190
-1782
-2863
-3812
-4813
-5114
-4164
-2622
-1385
-557
379
1496
2071
2150
2975
5009
7138
8122
8191
8324
8338
7358
5639
4379
3945
3420
2277
1294
913
202
-1636
-3921
-5364
-5690
-5678
-5584
-4985
-4054
-3544
-3690
-3821
-3321
-2446
-1642
-661
738
2167
2960
2976
2691
2333
1958
1776
1990
2488
2748
2416
1550
380
-955
-2166
-2990
-3314
-3100
-2544
-1944
-1635
-1688
-1766
-1655
-1367
-774
178
1385
2426
2978
3242
3283
3022
2573
2079
1761
1584
1267
988
658
13
-737
-1532
-2297
-3066
-4063
-4766
-4951
-5072
-5122
-4989
-4644
-4783
-6660
-9489
-11079
-10753
-9493
-8421
-7013
-4405
-2014
-1185
-1039
-99
1814
3347
4367
6359
9163
11021
10867
9334
7854
6579
5049
3702
3070
2969
2502
1015
-881
-2310
-3213
-3951
-4734
-4800
-3668
-2152
-1055
-306
691
1798
2333
2590
3656
5588
7184
7670
7679
7955
7884
6734
5144
4253
3906
3177
2085
1298
777
-447
-2574
-4430
-5238
-5458
-5573
-5435
-4717
-3815
-3658
-3974
-3874
-3198
-2245
-1247
196
2104
3306
3259
2643
2116
1762
1375
1298
1936
2559
2381
1573
592
-430
-1606
-2549
-2759
-2413
-1927
-1505
-1237
-1336
-1808
-2168
-1959
-1229
-202
1027
2186
2836
2882
2744
2708
2646
2405
2167
2074
1909
1431
698
-214
-1178
-2030
-2704
-3129
-3501
-3976
-4410
-4731
-4962
-5142
-5240
-4930
-4420
-4869
-6796
-9110
-10049
-9244
-8174
-7485
-6068
-3635
-1571
-958
-779
567
2489
3582
4363
6203
8872
10445
9927
8567
7517
6371
4734
3262
2779
2946
2430
915
-694
-1658
-2211
-3052
-3952
-3875
-2593
-1131
-365
113
997
1853
2023
2123
3219
5030
6254
6517
6698
7070
6792
5588
4348
3812
3512
2777
1920
1397
743
-677
-2535
-3889
-4440
-4658
-4688
-4288
-3549
-3021
-2957
-3002
-2862
-2568
-2008
-870
744
2074
2446
2080
1480
850
330
207
722
1391
1496
1104
623
62
-833
-1814
-2075
-1589
-1141
-926
-655
-486
-799
-1397
-1544
-1028
-248
529
1315
1905
2043
1951
1887
1839
1740
1590
1499
1420
1161
728
105
-695
-1487
-2112
-2461
-2557
-2634
-2980
-3521
-3934
-4164
-4422
-4778
-4712
-4073
-4238
-6277
-8859
-9834
-8995
-8180
-8052
-6839
-4080
-1877
-1380
-1125
511
2568
3334
3912
6076
8893
10116
9141
7445
6119
4613
2682
1234
946
1347
1253
182
-1034
-1557
-1678
-2034
-2425
-1721
274
2189
3175
3880
4878
5516
5200
4847
5651
6995
7424
6852
6296
5902
4727
2647
868
128
-264
-1041
-1839
-2181
-2489
-3338
-4418
-4878
-4543
-3855
-3028
-1972
-778
128
487
522
552
691
931
1263
1531
1414
819
-54
-1015
-1913
-2496
-2556
-2226
-1930
-1759
-1502
-1255
-1217
-1326
-1226
-724
-176
237
715
1198
1392
1132
771
735
924
1105
1281
1492
1739
1892
1823
1699
1549
1315
1095
909
738
461
-32
-565
-1023
-1479
-1855
-2059
-2139
-2262
-2559
-2858
-3039
-3205
-3356
-3471
-3563
-3454
-3100
-3154
-4556
-7090
-9051
-9300
-8570
-7956
-7066
-5159
-3158
-2452
-2593
-1891
-55
1560
2635
4439
7108
8857
8380
6553
5014
3865
2491
1347
1253
1984
2318
1395
-155
-1259
-1699
-1805
-1614
-497
1733
4013
5131
5192
5203
5538
5703
5645
6154
7390
8249
7852
6764
5721
4501
2660
722
-311
-494
-807
-1637
-2532
-3227
-3961
-4761
-5071
-4462
-3286
-2106
-1134
-299
394
684
555
374
493
974
1508
1755
1655
1187
294
-965
-2192
-2898
-3062
-3010
-2966
-2918
-2760
-2532
-2326
-2152
-1957
-1561
-910
-197
426
944
1316
1381
1108
913
1138
1529
1698
1625
1564
1625
1599
1454
1352
1181
829
393
155
239
278
-43
-589
-1167
-1610
-1856
-1930
-1833
-1869
-2177
-2537
-2849
-3097
-3286
-3393
-3249
-2911
-2430
-1960
-2388
-4306
-6788
-8139
-7776
-6984
-6632
-5781
-4000
-2563
-2492
-2773
-1766
76
1255
2193
4126
6490
7394
6304
4785
3923
3092
1974
1428
2034
2976
2940
1805
582
-5
-160
-173
327
1783
3706
4930
5104
5039
5257
5436
5243
5173
5767
6502
6425
5477
4367
3335
1980
321
-926
-1323
-1355
-1709
-2338
-2734
-2846
-2980
-3092
-2823
-2027
-1023
-168
591
1370
1931
1954
1409
624
138
35
3
-132
-435
-885
-1605
-2652
-3610
-4028
-4003
-3715
-3188
-2392
-1533
-1060
-984
-936
-766
-467
-3
619
1311
1759
1822
1593
1183
824
723
826
980
1139
1281
1361
1233
926
625
358
164
119
239
351
111
-423
-931
-1355
-1669
-1872
-1902
-1761
-1827
-2116
-2331
-2534
-2826
-3221
-3380
-2971
-2439
-2047
-1606
-1614
-2891
-5367
-7452
-7683
-6979
-6789
-6597
-5319
-3532
-2909
-3432
-3221
-1730
-245
829
2600
5376
7447
7331
5876
4717
4138
3499
2893
3125
4116
4621
3746
2106
961
580
394
408
1302
3079
4529
4733
4324
4231
4258
3900
3607
4235
5445
5928
5296
4324
3430
2166
468
-713
-740
-241
-178
-565
-839
-1074
-1716
-2521
-2782
-2232
-1328
-512
326
1090
1237
594
-348
-934
-1080
-1095
-962
-672
-634
-1142
-2005
-2777
-3294
-3711
-3851
-3435
-2669
-1973
-1469
-1088
-856
-819
-720
-171
709
1494
1951
2087
1953
1500
856
348
158
172
240
329
475
593
527
289
45
-13
79
169
259
411
547
362
-224
-820
-1120
-1180
-1282
-1484
-1562
-1622
-1907
-2347
-2740
-2944
-2997
-2884
-2467
-1956
-1578
-1298
-1410
-2582
-4913
-7147
-7788
-7185
-6738
-6534
-5558
-3942
-3152
-3518
-3486
-2091
-312
1053
2737
5243
7407
7803
6747
5636
4965
4314
3680
3643
4351
4933
4415
2910
1373
450
19
-70
568
2104
3708
4369
4133
3859
3857
3714
3487
3852
4892
5699
5562
4865
4159
3244
1946
805
414
598
580
114
-485
-1116
-1858
-2601
-2981
-2725
-2109
-1601
-1300
-1135
-1143
-1457
-1960
-2219
-2107
-1880
-1626
-1287
-980
-1002
-1403
-1850
-2169
-2416
-2498
-2255
-1782
-1422
-1314
-1239
-1078
-891
-694
-393
31
417
654
793
828
719
495
266
188
321
612
924
1062
1006
890
824
885
1041
1163
1156
1030
857
597
154
-342
-694
-946
-1280
-1677
-1937
-2038
-2162
-2378
-2549
-2567
-2476
-2390
-2355
-2358
-2342
-2275
-2186
-2006
-1659
-1551
-2285
-3873
-5401
-5988
-5915
-5955
-6016
-5364
-4055
-3140
-3064
-2865
-1743
-296
649
1516
3108
4933
5687
5248
4797
4915
4911
4328
3867
4262
5024
5052
4194
3304
2911
2611
2085
1824
2377
3303
3646
3381
3354
3787
3963
3522
3141
3523
4222
4446
4286
4242
4192
3586
2485
1633
1387
1262
775
106
-358
-670
-1178
-1916
-2491
-2713
-2879
-3215
-3466
-3258
-2790
-2637
-2927
-3212
-3118
-2795
-2506
-2175
-1669
-1133
-854
-869
-967
-1020
-1136
-1375
-1626
-1663
-1459
-1259
-1231
-1352
-1482
-1609
-1811
-1932
-1718
-1205
-698
-404
-208
25
235
365
498
754
1115
1440
1646
1747
1768
1681
1416
1033
759
730
806
785
637
474
295
20
-279
-452
-485
-492
-522
-523
-505
-599
-848
-1150
-1388
-1519
-1564
-1571
-1601
-1701
-1839
-1964
-2118
-2395
-2794
-3246
-3648
-3915
-3986
-3875
-3752
-3765
-3856
-3870
-3704
-3385
-2974
-2510
-2064
-1631
-1095
-416
280
778
1012
1215
1634
2367
3303
4148
4685
4901
4982
5151
5474
5879
6213
6338
6272
6173
6162
6184
6044
5672
5183
4747
4492
4450
4477
4338
3895
3292
2845
2631
2460
2163
1766
1337
906
512
255
166
9
-403
-967
-1423
-1673
-1897
-2243
-2613
-2859
-3036
-3237
-3465
-3632
-3788
-4108
-4551
-4896
-4976
-4896
-4806
-4704
-4545
-4392
-4362
-4411
-4309
-3916
-3364
-2819
-2316
-1773
-1177
-713
-444
-257
-20
278
553
849
1253
1590
1580
1178
738
590
684
842
1036
1272
1462
1501
1451
1486
1613
1687
1682
1732
1923
2127
2138
1939
1614
1239
859
570
463
419
202
-268
-794
-1164
-1419
-1744
-2134
-2411
-2469
-2417
-2428
-2555
-2815
-3258
-3820
-4260
-4327
-4048
-3759
-3691
-3762
-3727
-3480
-3157
-2884
-2633
-2321
-1859
-1208
-375
486
1074
1273
1306
1537
2133
2956
3760
4366
4694
4820
4913
5080
5306
5482
5572
5633
5725
5869
5971
5887
5537
5050
4685
4562
4596
4617
4517
4254
3801
3231
2715
2352
2086
1832
1570
1342
1120
818
395
-120
-630
-1041
-1337
-1551
-1764
-2049
-2485
-3118
-3833
-4444
-4837
-5044
-5167
-5250
-5300
-5365
-5466
-5551
-5517
-5310
-5006
-4640
-4177
-3655
-3215
-2947
-2758
-2493
-2131
-1755
-1381
-978
-598
-367
-298
-237
-64
180
400
608
835
1067
1241
1368
1506
1658
1800
1954
2149
2372
2585
2713
2732
2680
2625
2599
2564
2484
2367
2205
1974
1692
1395
1097
831
522
201
-80
-352
-663
-1053
-1452
-1780
-2013
-2191
-2321
-2424
-2511
-2596
-2681
-2770
-2913
-3156
-3470
-3758
-3900
-3860
-3727
-3646
-3659
-3661
-3513
-3203
-2815
-2429
-2072
-1710
-1289
-765
-160
434
924
1330
1764
2282
2858
3417
3889
4246
4537
4871
5300
5756
6103
6248
6185
6017
5874
5805
5770
5697
5548
5317
5008
4638
4269
3963
3710
3470
3258
3054
2782
2372
1874
1380
925
487
64
-330
-703
-1093
-1538
-2038
-2593
-3128
-3559
-3805
-3913
-4033
-4248
-4569
-4927
-5209
-5303
-5208
-5048
-4951
-4913
-4828
-4634
-4401
-4234
-4140
-4046
-3892
-3643
-3269
-2831
-2464
-2257
-2119
-1868
-1427
-900
-429
-50
262
532
793
1063
1335
1567
1766
1981
2233
2495
2705
2792
2731
2617
2590
2724
2942
3112
3150
3040
2813
2539
2279
2072
1903
1761
1642
1505
1286
957
549
139
-196
-390
-449
-492
-648
-931
-1269
-1615
-1959
-2260
-2449
-2512
-2506
-2486
-2499
-2669
-3077
-3657
-4132
-4280
-4165
-3961
-3789
-3663
-3574
-3467
-3246
-2864
-2394
-1918
-1392
-724
73
843
1403
1735
1974
2279
2725
3284
3868
4346
4599
4630
4624
4748
4945
5058
5074
5107
5217
5310
5309
5260
5175
4995
4713
4470
4369
4315
4130
3765
3338
2910
2419
1855
1314
872
494
99
-307
-678
-1035
-1430
-1861
-2266
-2591
-2863
-3122
-3377
-3587
-3747
-3944
-4239
-4592
-4891
-5080
-5182
-5230
-5227
-5190
-5160
-5122
-4995
-4723
-4371
-4063
-3818
-3564
-3232
-2829
-2388
-1941
-1531
-1198
-930
-649
-283
135
500
774
990
1198
1436
1691
1908
2083
2235
2392
2572
2756
2921
3033
3068
3065
3104
3203
3284
3299
3269
3217
3143
3021
2840
2622
2375
2101
1821
1550
1269
908
479
67
-283
-582
-867
-1165
-1475
-1797
-2110
-2380
-2604
-2794
-2964
-3089
-3127
-3083
-2975
-2853
-2779
-2796
-2898
-3010
-3045
-2988
-2890
-2809
-2754
-2689
-2611
-2500
-2322
-2085
-1839
-1600
-1290
-865
-331
223
715
1146
1560
1983
2442
2958
3504
4000
4367
4629
4869
5117
5334
5452
5463
5421
5332
5186
5013
4848
4669
4403
4053
3735
3525
3359
3148
2853
2527
2169
1785
1400
1031
691
328
-79
-498
-885
-1272
-1687
-2126
-2523
-2850
-3147
-3453
-3787
-4104
-4384
-4624
-4806
-4921
-5004
-5076
-5138
-5153
-5086
-4977
-4883
-4783
-4609
-4317
-3925
-3495
-3121
-2842
-2623
-2367
-2002
-1542
-1050
-632
-310
-43
236
556
908
1240
1477
1674
1929
2274
2629
2903
3074
3182
3272
3392
3583
3814
3983
4002
3888
3765
3705
3648
3533
3370
3197
3017
2799
2537
2239
1911
1518
1100
767
546
357
73
-300
-677
-1012
-1310
-1580
-1797
-1970
-2169
-2411
-2645
-2823
-2987
-3211
-3471
-3677
-3757
-3719
-3617
-3495
-3429
-3496
-3684
-3865
-3866
-3660
-3342
-3018
-2743
-2507
-2279
-2014
-1669
-1267
-867
-481
-57
460
1028
1557
1954
2202
2380
2585
2905
3316
3725
4033
4191
4229
4249
4334
4487
4627
4693
4680
4623
4555
4451
4303
4098
3832
3531
3237
3008
2830
2622
2321
1921
1505
1131
812
519
201
-159
-555
-962
-1326
-1615
-1851
-2098
-2405
-2735
-3013
-3242
-3458
-3664
-3847
-3983
-4085
-4155
-4169
-4130
-4080
-4056
-4038
-3969
-3808
-3585
-3343
-3071
-2787
-2528
-2303
-2074
-1785
-1442
-1105
-795
-507
-232
41
307
584
884
1169
1418
1654
1896
2137
2333
2471
2579
2678
2781
2889
2998
3092
3137
3100
3026
2959
2905
2834
2734
2601
2458
2303
2093
1842
1569
1281
966
631
321
47
-218
-507
-813
-1106
-1370
-1600
-1802
-1966
-2086
-2182
-2283
-2381
-2453
-2500
-2543
-2589
-2612
-2582
-2514
-2439
-2376
-2314
-2253
-2209
-2192
-2188
-2208
-2281
-2388
-2456
-2425
-2320
-2199
-2078
-1926
-1705
-1412
-1056
-647
-238
134
506
944
1447
1934
2334
2632
2865
3077
3296
3529
3753
3915
3985
3997
4016
4054
4055
3979
3842
3700
3590
3506
3415
3277
3087
2835
2547
2292
2109
1944
1736
1480
1206
946
693
414
117
-196
-529
-863
-1141
-1347
-1533
-1773
-2076
-2383
-2643
-2825
-2942
-3016
-3059
-3103
-3159
-3192
-3172
-3099
-3020
-2960
-2879
-2739
-2544
-2347
-2187
-2068
-1968
-1861
-1710
-1483
-1203
-937
-738
-590
-432
-244
-53
127
304
479
647
804
962
1107
1206
1257
1307
1400
1530
1644
1712
1736
1730
1701
1661
1636
1634
1643
1644
1628
1593
1527
1408
1245
1066
906
781
666
530
363
151
-102
-361
-595
-783
-925
-1061
-1189
-1293
-1372
-1436
-1519
-1638
-1764
-1863
-1895
-1848
-1763
-1687
-1657
-1657
-1631
-1554
-1436
-1317
-1228
-1137
-1013
-870
-750
-719
-808
-992
-1179
-1267
-1236
-1127
-1018
-952
-877
-739
-524
-267
-10
250
528
856
1244
1646
1975
2164
2247
2318
2444
2623
2801
2934
3009
3020
3013
3016
3009
2973
2887
2770
2671
2612
2583
2532
2416
2236
2028
1830
1690
1620
1570
1509
1399
1230
1036
829
611
381
116
-157
-410
-629
-813
-1011
-1251
-1526
-1807
-2045
-2220
-2334
-2412
-2475
-2550
-2628
-2672
-2660
-2624
-2587
-2544
-2497
-2423
-2326
-2193
-2039
-1890
-1760
-1658
-1572
-1495
-1401
-1297
-1163
-1017
-884
-785
-709
-645
-572
-482
-390
-284
-169
-39
105
240
360
455
531
618
742
906
1088
1246
1344
1388
1402
1401
1386
1365
1336
1302
1245
1171
1064
947
815
676
550
444
353
250
144
45
-52
-147
-242
-329
-402
-459
-509
-550
-583
-611
-631
-645
-643
-631
-630
-652
-697
-736
-730
-693
-654
-620
-601
-587
-573
-527
-440
-348
-293
-281
-280
-272
-257
-249
-259
-289
-339
-381
-379
-323
-248
-176
-110
-33
74
208
358
500
621
726
848
988
1136
1268
1375
1471
1568
1664
1771
1875
1966
2042
2101
2148
2168
2145
2086
2023
1973
1939
1884
1794
1681
1570
1474
1396
1321
1223
1101
967
842
740
623
447
223
-6
-197
-346
-483
-640
-833
-1050
-1244
-1394
-1504
-1613
-1760
-1929
-2067
-2147
-2189
-2232
-2305
-2408
-2496
-2527
-2498
-2433
-2374
-2337
-2294
-2219
-2105
-1974
-1866
-1780
-1710
-1620
-1475
-1300
-1131
-992
-901
-823
-723
-575
-402
-243
-109
4
122
245
368
500
631
748
851
954
1079
1192
1268
1310
1330
1351
1370
1387
1403
1402
1372
1317
1248
1187
1133
1082
1018
951
871
775
680
585
489
393
300
213
138
76
7
-73
-152
-229
-290
-333
-351
-361
-374
-399
-429
-455
-464
-472
-479
-478
-484
-511
-558
-606
-664
-716
-756
-778
-789
-791
-771
-731
-672
-606
-537
-463
-351
-209
-60
88
221
337
440
543
653
779
902
1002
1098
1196
1302
1402
1487
1556
1618
1671
1732
1803
1853
1876
1871
1841
1797
1760
1725
1678
1621
1552
1463
1346
1210
1061
898
721
542
360
177
-21
-243
-470
-693
-897
-1088
-1254
-1394
-1516
-1638
-1757
-1866
-1971
-2056
-2118
-2141
-2129
-2110
-2092
-2071
-2042
-1999
-1939
-1862
-1772
-1673
-1559
-1439
-1318
-1220
-1142
-1073
-1005
-917
-805
-685
-568
-472
-395
-313
-228
-147
-64
20
112
206
302
390
467
534
589
640
702
776
847
922
991
1044
1072
1085
1097
1106
1117
1117
1115
1104
1078
1037
967
884
792
687
590
514
453
388
313
224
120
14
-72
-142
-185
-206
-222
-237
-264
-305
-367
-431
-484
-518
-523
-530
-543
-575
-628
-690
-758
-805
-822
-819
-798
-756
-706
-664
-630
-599
-549
-478
-372
-240
-102
32
144
242
336
429
522
628
750
868
987
1102
1196
1271
1327
1373
1426
1493
1562
1609
1628
1626
1598
1554
1509
1456
1392
1329
1263
1192
1121
1031
916
785
655
541
433
327
214
78
-74
-221
-348
-459
-564
-674
-787
-898
-991
-1075
-1146
-1215
-1290
-1361
-1418
-1444
-1460
-1475
-1491
-1509
-1523
-1527
-1509
-1485
-1463
-1448
-1441
-1413
-1363
-1297
-1231
-1170
-1114
-1052
-971
-874
-758
-646
-542
-440
-337
-225
-120
-23
68
161
256
360
468
554
624
668
704
744
802
852
890
922
940
954
958
959
953
947
927
907
888
868
832
768
688
607
523
442
366
284
198
104
6
-94
-191
-279
-362
-434
-499
-558
-613
-656
-698
-737
-775
-815
-842
-863
-873
-875
-875
-884
-886
-881
-859
-826
-787
-747
-702
-647
-583
-493
-391
-283
-166
-41
82
214
344
476
609
738
870
991
1105
1208
1304
1392
1466
1537
1594
1644
1694
1735
1762
1773
1759
1730
1697
1654
1611
1551
1479
1395
1294
1186
1074
955
825
688
546
417
287
153
15
-124
-259
-392
-519
-634
-746
-854
-952
-1044
-1126
-1199
-1267
-1320
-1361
-1393
-1421
-1439
-1448
-1458
-1448
-1437
-1422
-1395
-1363
-1330
-1286
-1239
-1179
-1116
-1047
-978
-907
-829
-753
-675
-599
-517
-433
-352
-274
-194
-111
-29
45
116
178
237
296
353
403
447
479
499
520
536
541
545
541
513
482
454
427
405
367
320
270
220
175
136
102
49
-10
-69
-117
-157
-200
-234
-276
-315
-351
-369
-371
