24
-32
26
-7
-8
21
-21
4
25
-35
20
-2
-5
4
-1
0
-3
31
-65
76
-45
-2
55
-79
96
-78
32
28
-73
86
-75
54
-13
-15
30
-31
49
-68
66
-36
-10
49
-78
70
-27
-19
31
-18
1
9
-21
25
-18
-8
20
-24
22
-18
9
6
-8
3
-3
-3
5
-9
-11
31
-48
23
1
-33
39
-44
17
5
-21
23
-29
32
-15
-4
26
-40
49
-32
-10
40
-22
-10
17
2
-13
21
-21
20
-7
1
-1
6
13
-33
47
-38
20
-5
1
14
-18
27
-18
25
-17
1
26
-23
10
-10
11
0
-32
35
-31
9
16
-47
58
-45
19
-4
-16
45
-69
59
-26
-1
8
-22
48
-69
66
-41
-5
64
-91
63
-12
-5
-12
25
-14
-5
22
-54
71
-49
4
13
-14
34
-56
42
-8
-7
6
-24
50
-63
56
-37
-6
62
-106
97
-35
-27
50
-32
12
-2
8
-8
-1
15
-7
-34
52
-31
-30
70
-83
62
2
-63
87
-50
28
-16
14
10
-17
21
-38
67
-50
-11
57
-54
28
-9
-2
18
-25
16
-3
-1
-6
5
5
-17
8
7
-31
34
-18
-6
10
-6
19
-35
38
-9
-20
29
-10
-27
50
-44
-7
56
-73
43
4
-50
84
-88
37
35
-86
79
-52
21
-7
-15
24
-28
20
-29
36
-34
33
-31
19
21
-52
58
-35
17
-2
-13
24
-25
16
-26
35
-22
-4
12
2
10
-38
54
-57
50
-20
-38
72
-57
18
14
-28
33
-23
-5
20
1
-17
14
-8
22
-27
6
16
-9
-11
11
-4
15
-6
-17
42
-34
30
-29
23
12
-40
49
-44
37
-8
-29
52
-20
-6
19
5
-17
37
-43
23
15
-34
23
-11
20
-22
2
19
-22
21
-25
9
2
-6
-12
10
2
-27
42
-43
16
19
-43
32
-20
2
0
-24
23
-18
11
-8
-1
18
-23
-1
21
-11
-16
31
-32
22
-2
-25
36
-32
28
-19
-1
39
-49
26
7
-11
-2
-10
29
-10
-30
42
-9
-9
22
-12
14
19
-30
26
7
-19
8
-10
17
-16
-15
14
6
-26
15
-11
-1
-2
-5
-10
-2
-4
-9
-7
-2
-3
-13
7
-6
-12
16
-17
-10
28
-38
18
4
-18
15
-12
16
-6
2
15
-1
5
13
0
14
17
-10
28
-4
16
21
-20
50
-15
9
42
-25
35
1
11
8
13
5
4
18
-5
18
-11
15
2
-14
10
-9
-5
-6
-9
-11
-6
-16
-17
-9
-14
-18
-17
-14
-10
-23
-30
5
-22
-32
-10
-17
-18
-16
-22
-8
-12
-9
-13
-4
1
-2
-16
13
5
-14
18
-12
18
5
-4
22
9
10
8
18
5
16
5
14
21
-1
16
13
0
18
-16
9
7
-14
-1
-4
4
-32
1
-20
-17
-20
-30
-5
-31
-24
-29
-14
-23
-48
-13
-28
-23
-27
-26
-7
-21
-13
-18
-2
9
-11
7
25
10
11
35
24
27
32
31
48
50
37
58
60
52
63
64
69
70
77
76
86
83
85
82
94
90
87
89
94
98
76
91
88
74
80
67
70
59
57
41
34
38
8
-1
8
-16
-31
-39
-47
-62
-79
-100
-106
-112
-140
-141
-154
-158
-175
-189
-176
-194
-210
-204
-206
-215
-227
-218
-216
-222
-226
-217
-213
-202
-213
-201
-191
-187
-190
-186
-157
-175
-167
-147
-133
-139
-123
-104
-92
-64
-72
-28
-9
-2
26
47
84
100
123
159
198
208
240
266
299
317
320
371
386
395
414
440
442
469
458
476
493
472
495
480
467
473
445
421
418
382
369
348
307
287
282
238
206
200
165
140
119
80
54
24
-12
-45
-59
-92
-115
-112
-149
-150
-161
-186
-192
-208
-224
-244
-234
-255
-307
-281
-310
-360
-354
-380
-394
-423
-440
-483
-493
-524
-588
-578
-605
-694
-761
-817
-984
-1214
-1531
-1765
-1935
-2185
-2326
-2313
-2287
-2218
-2178
-2027
-1775
-1567
-1278
-838
-264
315
905
1542
2099
2513
2816
3111
3367
3543
3681
3760
3801
3616
3320
2966
2447
1858
1233
658
192
-304
-745
-1100
-1494
-1878
-2205
-2421
-2463
-2409
-2232
-1914
-1535
-1177
-799
-444
-164
156
526
984
1427
1769
2065
2264
2242
2135
2024
1933
1817
1672
1526
1363
1086
666
269
-135
-503
-767
-910
-917
-947
-1004
-1046
-1100
-1119
-1089
-934
-660
-386
-94
176
397
533
593
625
646
690
723
778
744
599
366
78
-206
-459
-643
-768
-847
-988
-1111
-1246
-1388
-1502
-1581
-1583
-1553
-1549
-1531
-1548
-1701
-1863
-1976
-2053
-2134
-2272
-2404
-2610
-3056
-3768
-4440
-4819
-4988
-5033
-4843
-4324
-3735
-3248
-2846
-2356
-1757
-1121
-341
727
1982
3244
4321
5180
5800
6117
6279
6426
6570
6698
6778
6765
6518
5971
5235
4335
3351
2361
1451
812
358
-59
-434
-816
-1234
-1725
-2094
-2235
-2092
-1729
-1224
-599
2
538
928
1228
1484
1768
2129
2485
2803
3020
3062
2826
2305
1616
931
313
-286
-852
-1391
-1923
-2517
-3158
-3703
-4132
-4442
-4574
-4499
-4249
-3911
-3569
-3213
-2811
-2398
-1887
-1263
-606
62
667
1134
1431
1579
1659
1696
1627
1489
1351
1164
885
512
76
-389
-858
-1234
-1448
-1522
-1466
-1254
-960
-655
-364
-97
227
608
1027
1508
1951
2203
2248
2129
1967
1803
1495
1083
612
5
-701
-1454
-2152
-2659
-3031
-3389
-3651
-3798
-4004
-4647
-5911
-7270
-8079
-8165
-7769
-7022
-5802
-4311
-3150
-2511
-1978
-1147
-68
1056
2432
4315
6396
8078
8986
9112
8687
7957
7257
6917
6938
7063
6949
6321
5138
3599
1941
263
-1362
-2621
-3156
-3104
-2856
-2728
-2828
-3139
-3611
-4012
-3819
-2774
-1159
597
2147
3406
4345
4827
4919
4852
4855
5101
5491
5845
6011
5760
4872
3410
1719
210
-902
-1712
-2376
-2962
-3529
-4270
-5241
-6184
-6795
-7046
-7036
-6704
-6000
-5128
-4446
-3943
-3355
-2564
-1594
-528
711
2042
3133
3868
4384
4652
4577
4269
3925
3597
3126
2403
1550
656
-313
-1251
-1952
-2377
-2645
-2873
-2963
-2793
-2548
-2291
-1912
-1344
-623
23
582
1176
1633
1827
1841
1882
2095
2206
2010
1669
1234
634
-240
-1384
-2446
-3276
-4025
-4713
-5205
-5349
-5441
-6240
-7832
-9302
-9802
-9383
-8687
-7808
-6248
-4208
-2512
-1423
-405
979
2435
3607
4954
6941
9113
10621
10984
10425
9449
8321
7283
6528
6001
5563
4875
3634
1988
267
-1296
-2804
-4335
-5327
-5263
-4394
-3447
-2915
-2597
-2224
-1874
-1378
-288
1522
3596
5262
6381
7230
7846
8011
7637
6999
6483
6150
5775
5135
4174
2834
1026
-1118
-3134
-4540
-5352
-5929
-6441
-6772
-6853
-6917
-7160
-7294
-6965
-6178
-5120
-3830
-2320
-981
-286
-95
74
453
982
1564
2292
3032
3400
3364
3045
2423
1511
457
-359
-763
-1040
-1347
-1708
-2172
-2681
-3103
-3214
-2845
-2189
-1423
-501
532
1556
2395
2939
3302
3593
3751
3735
3608
3477
3267
2808
2145
1483
869
57
-1017
-2020
-2656
-3098
-3687
-4326
-4671
-4826
-5282
-5915
-6012
-5462
-5365
-6580
-8218
-8711
-7857
-6847
-6242
-5251
-3402
-1539
-523
124
1301
2830
3929
4620
5734
7478
8983
9387
8659
7436
6264
5332
4698
4320
4065
3647
2733
1363
18
-920
-1647
-2573
-3493
-3626
-2707
-1455
-640
-315
-42
369
782
1406
2590
4187
5557
6173
6270
6369
6475
6177
5288
4263
3628
3307
2853
2091
1135
-45
-1583
-3257
-4418
-4733
-4675
-4799
-5067
-5078
-4755
-4485
-4373
-4089
-3365
-2319
-1275
-426
156
375
234
15
51
400
901
1242
1262
1075
785
368
-208
-830
-1309
-1617
-1826
-1915
-1927
-2059
-2367
-2635
-2602
-2137
-1318
-349
467
980
1456
2147
2836
3180
3221
3255
3308
3044
2474
1974
1557
914
13
-737
-1066
-1408
-2106
-2715
-2891
-2911
-3130
-3449
-3502
-3409
-3657
-4208
-4556
-4240
-3500
-3459
-4907
-6925
-7782
-7063
-6122
-5913
-5385
-3608
-1651
-778
-500
479
2101
3155
3617
4710
6717
8482
8851
8023
7019
6254
5564
4923
4500
4356
4152
3395
2103
792
-87
-721
-1627
-2571
-2659
-1642
-423
69
-6
91
476
793
1188
2167
3699
5021
5545
5601
5750
5857
5423
4389
3336
2848
2731
2355
1495
395
-742
-2052
-3546
-4598
-4718
-4359
-4242
-4364
-4149
-3522
-3116
-3155
-3092
-2423
-1322
-351
250
573
562
31
-757
-1247
-1037
-447
-148
-207
-242
-119
-263
-960
-1743
-2111
-2166
-2149
-2013
-1674
-1401
-1512
-1804
-1815
-1364
-578
338
1198
1865
2440
3043
3488
3545
3319
3049
2774
2354
1872
1506
1067
301
-620
-1284
-1612
-1939
-2439
-2887
-3069
-3098
-3216
-3433
-3552
-3530
-3605
-3887
-3915
-3214
-2433
-3107
-5531
-7767
-7934
-6744
-6115
-6035
-4907
-2669
-1163
-1089
-923
435
2033
2827
3559
5396
7851
9311
9068
7839
6613
5742
5141
4797
4807
4936
4628
3510
1860
408
-541
-1398
-2439
-3057
-2483
-1030
83
208
-153
-319
-237
69
952
2606
4455
5620
5935
5905
5881
5692
4998
3962
3265
3262
3466
3083
1925
487
-914
-2439
-3913
-4615
-4279
-3691
-3696
-3999
-3832
-3404
-3469
-3841
-3564
-2439
-1365
-895
-569
-128
-128
-874
-1650
-1630
-1038
-602
-459
-272
-91
-309
-892
-1379
-1613
-1812
-1988
-1862
-1445
-1187
-1301
-1474
-1418
-1140
-637
162
1097
1841
2323
2757
3152
3167
2852
2531
2275
1933
1440
936
430
-258
-1068
-1758
-2277
-2633
-2791
-2778
-2762
-2844
-2826
-2696
-2844
-3308
-3619
-3593
-3503
-3289
-2517
-1756
-2691
-5493
-7801
-7735
-6422
-5873
-5684
-4102
-1555
-185
-353
-267
1035
2482
3191
4086
6147
8561
9721
9119
7579
6129
5144
4567
4358
4470
4610
4197
2861
1054
-388
-1309
-2232
-3230
-3437
-2203
-342
724
660
253
147
318
783
1948
3827
5633
6583
6635
6258
5806
5199
4257
3185
2502
2520
2718
2173
742
-910
-2412
-3949
-5296
-5662
-4902
-4035
-3882
-4012
-3745
-3363
-3446
-3646
-3105
-1750
-311
704
1209
1001
-59
-1439
-2246
-2114
-1360
-481
141
345
184
-201
-807
-1592
-2186
-2183
-1644
-981
-486
-261
-431
-1011
-1626
-1664
-867
388
1515
2242
2641
2783
2648
2292
1892
1582
1398
1311
1165
729
-7
-834
-1607
-2257
-2612
-2559
-2386
-2468
-2672
-2641
-2508
-2668
-2980
-3000
-2899
-3134
-3281
-2562
-1729
-2699
-5754
-8274
-8135
-6572
-5853
-5705
-4326
-1977
-730
-962
-757
849
2535
3237
3999
6059
8628
9848
9106
7372
5775
4736
4227
4208
4553
4825
4356
2838
846
-664
-1469
-2195
-3091
-3336
-2191
-306
913
985
585
389
505
1073
2468
4559
6444
7279
7075
6458
5924
5447
4689
3609
2746
2584
2682
2064
484
-1364
-2958
-4431
-5687
-6033
-5218
-4148
-3826
-4045
-3913
-3301
-2901
-2899
-2563
-1455
-201
488
763
1036
1017
249
-841
-1319
-897
-377
-347
-499
-515
-721
-1454
-2313
-2747
-2841
-2919
-2813
-2264
-1607
-1373
-1538
-1653
-1396
-744
171
1164
2047
2723
3131
3209
3074
2895
2608
2165
1701
1310
787
-74
-1002
-1666
-2151
-2594
-2865
-2889
-2897
-3111
-3255
-3011
-2667
-2617
-2808
-3025
-3136
-2930
-2156
-1367
-2123
-4869
-7527
-7893
-6509
-5561
-5446
-4508
-2400
-953
-972
-908
520
2344
3167
3688
5489
8242
9979
9561
7738
5981
4944
4463
4423
4806
5193
4771
3165
1083
-315
-971
-1758
-2889
-3400
-2461
-726
441
607
315
72
5
387
1704
3855
5839
6667
6377
5763
5424
5236
4701
3715
2785
2405
2380
1925
565
-1267
-2993
-4526
-5745
-6073
-5202
-3972
-3536
-3785
-3730
-3162
-2746
-2678
-2240
-1053
297
1218
1648
1518
559
-1032
-2328
-2610
-2024
-1121
-347
57
-14
-509
-1172
-1775
-2171
-2200
-1806
-1090
-331
133
81
-474
-1157
-1384
-842
290
1561
2562
3094
3105
2766
2379
2032
1663
1275
985
781
360
-440
-1405
-2255
-2823
-3054
-3033
-2914
-2835
-2739
-2563
-2560
-2797
-2892
-2720
-2699
-3023
-3014
-2207
-1931
-3846
-6993
-8579
-7684
-6306
-6029
-5583
-3581
-1367
-789
-1194
-575
1316
2848
3474
4578
7000
9556
10421
9295
7382
5887
5028
4582
4579
5055
5358
4438
2239
32
-1040
-1401
-2086
-2942
-2857
-1493
75
683
374
-133
-466
-500
211
2029
4488
6539
7372
7010
6220
5644
5267
4681
3715
2879
2500
2057
1080
-376
-1936
-3481
-5109
-6269
-6147
-4973
-3854
-3597
-3920
-3991
-3735
-3576
-3333
-2471
-1099
-21
280
394
736
657
-213
-1070
-1039
-334
146
130
7
-180
-734
-1534
-2086
-2165
-2050
-1958
-1760
-1439
-1273
-1468
-1895
-2044
-1487
-417
817
2031
3058
3731
3786
3393
3084
2950
2675
2176
1618
1149
590
-291
-1097
-1674
-2349
-3099
-3579
-3585
-3469
-3692
-3932
-3809
-3488
-3202
-3091
-3103
-2993
-2504
-1891
-2292
-4444
-6998
-7876
-6944
-5986
-5816
-5053
-2916
-902
-459
-678
185
1935
3113
3604
4775
7172
9347
9607
8039
6161
5101
4729
4557
4774
5477
5749
4547
2247
351
-517
-1227
-2339
-3178
-2777
-1417
-270
146
316
547
647
626
1136
2854
5025
6461
6722
6330
5750
5122
4488
3988
3537
3108
2841
2556
1907
665
-901
-2518
-4201
-5661
-5984
-5097
-4137
-3990
-4247
-4105
-3703
-3587
-3481
-2769
-1734
-1218
-1197
-956
-393
-157
-530
-806
-432
244
615
743
1007
1261
853
-96
-769
-1021
-1350
-2106
-2748
-2808
-2560
-2423
-2344
-1959
-1303
-671
-93
815
1965
2763
2819
2681
2764
2638
1923
1114
731
476
-60
-759
-1103
-1241
-1599
-2354
-3090
-3420
-3371
-3180
-3126
-3188
-3191
-3271
-3614
-3739
-3230
-2609
-3402
-5827
-7825
-7759
-6457
-5757
-5615
-4491
-2291
-864
-807
-629
1009
3251
4427
4904
6299
8756
10447
10045
8365
6978
6025
4935
3964
3928
4621
4535
2950
791
-591
-1163
-1912
-3019
-3416
-2606
-1354
-724
-679
-358
116
226
270
1262
3442
5593
6635
6770
6642
6301
5691
4951
4479
4101
3441
2666
1847
912
-312
-1815
-3527
-5088
-6139
-6239
-5664
-5060
-4617
-4349
-4030
-3789
-3642
-3214
-2313
-1435
-1078
-1064
-616
331
880
741
624
938
1281
1363
1509
1826
1711
869
-132
-728
-987
-1375
-2003
-2573
-2769
-2709
-2725
-2710
-2372
-1669
-1040
-571
120
1127
1958
2336
2509
2731
2844
2631
2222
1722
1108
381
-260
-759
-1087
-1330
-1703
-2393
-3362
-4196
-4536
-4387
-3930
-3393
-3101
-3049
-2900
-2668
-3261
-5440
-8134
-9132
-7981
-6434
-5676
-4903
-3073
-1265
-885
-1211
-461
1718
3722
4596
5473
7533
9804
10457
9114
7337
6314
5688
4974
4706
5410
6108
5283
2845
595
-432
-1100
-2335
-3508
-3349
-2049
-1075
-1034
-1102
-741
-409
-636
-584
941
3630
5777
6469
6351
6172
5950
5266
4496
4243
4341
4142
3445
2721
2177
1232
-597
-2820
-4540
-5416
-5685
-5585
-5340
-5119
-5158
-5444
-5698
-5563
-4693
-3475
-2510
-1850
-964
351
1479
1952
1987
2063
2281
2424
2546
2888
3213
2909
1782
363
-715
-1368
-2022
-2691
-3205
-3554
-3844
-3992
-3670
-3000
-2334
-1759
-1099
-288
522
1324
2168
2757
2877
2548
2070
1718
1594
1510
1238
704
184
-141
-648
-1649
-2935
-3957
-4533
-4908
-5182
-5245
-5092
-4933
-4803
-4409
-3966
-4458
-6307
-8287
-8683
-7366
-5934
-5063
-3868
-1874
-281
-191
-619
194
2241
4013
4955
6150
8264
10212
10486
9127
7461
6319
5464
4699
4629
5403
6031
5188
3032
1089
136
-485
-1555
-2633
-2747
-2009
-1396
-1246
-855
-115
121
-432
-673
640
2857
4622
5439
5808
6096
5900
5199
4643
4547
4497
3958
3099
2571
2281
1598
152
-1795
-3489
-4589
-5141
-5362
-5310
-5123
-5245
-5841
-6471
-6483
-5859
-5120
-4411
-3386
-1999
-513
749
1690
2325
2573
2664
2796
3091
3559
3891
3673
2766
1483
282
-677
-1452
-1940
-2268
-2657
-3139
-3466
-3356
-2990
-2663
-2405
-2018
-1449
-717
-22
583
1147
1488
1476
1237
1144
1258
1344
1185
908
620
273
-244
-1024
-2015
-2972
-3557
-3799
-3897
-3940
-3805
-3339
-3208
-4562
-7259
-9605
-10108
-9150
-8188
-7318
-5487
-2964
-1253
-1065
-1248
-286
1489
2812
3703
5349
8175
10761
11392
10299
9139
8483
7549
6055
5174
5820
6743
6114
4109
2408
1625
485
-1883
-4183
-4706
-3759
-3011
-3025
-2642
-1389
-712
-1618
-2790
-2289
-188
1798
2904
4030
5591
6697
6596
5800
5438
5603
5459
4833
4457
4742
4956
3943
1723
-512
-2060
-3232
-4364
-5146
-5201
-5116
-5688
-6690
-7141
-6651
-6006
-6022
-6325
-5874
-4508
-2896
-1573
-265
1240
2383
2669
2615
3092
4032
4585
4255
3630
3294
3094
2554
1597
518
-542
-1722
-2916
-3573
-3405
-2858
-2718
-3034
-3151
-2717
-2082
-1703
-1471
-1109
-588
-134
191
562
1123
1554
1383
694
85
-40
-185
-831
-1685
-2158
-2282
-2561
-3065
-3271
-2920
-2599
-3116
-4818
-6992
-8453
-8782
-8621
-8496
-7942
-6334
-4295
-3190
-3028
-2549
-1101
539
1523
2427
4394
7211
9418
10100
9868
9664
9343
8447
7334
7015
7649
8171
7623
6383
5391
4658
3394
1270
-795
-1814
-1918
-2009
-2337
-2267
-1633
-1446
-2447
-3724
-3937
-2968
-1859
-1095
-53
1516
2848
3362
3455
3823
4413
4537
4261
4303
4958
5703
5671
4682
3322
2010
691
-615
-1590
-2096
-2579
-3483
-4649
-5569
-6009
-6341
-6834
-7208
-7087
-6389
-5462
-4460
-3328
-2188
-1324
-794
-273
646
1753
2526
2901
3082
3255
3308
3127
2781
2317
1712
995
173
-553
-885
-957
-1083
-1486
-1984
-2315
-2372
-2316
-2268
-2246
-2173
-2017
-1871
-1543
-907
-214
3
-295
-740
-1043
-1302
-1570
-1663
-1449
-1066
-869
-826
-648
-396
-760
-2343
-4831
-6918
-7692
-7560
-7331
-7024
-6060
-4657
-3907
-4061
-4110
-3282
-2055
-1225
-604
877
3477
6057
7459
7678
7652
7792
7740
7310
7158
7794
8692
8846
8203
7627
7392
6780
5270
3445
2073
1268
591
-64
-338
-163
-116
-735
-1846
-2761
-3139
-3279
-3358
-3116
-2375
-1355
-603
-280
19
469
829
942
1061
1625
2599
3437
3831
3795
3587
3285
2825
2178
1521
901
50
-1072
-2234
-3004
-3359
-3652
-4069
-4491
-4662
-4612
-4395
-4011
-3486
-2878
-2388
-1981
-1487
-752
113
688
783
614
523
625
836
955
895
764
618
407
118
-52
-7
32
-164
-424
-472
-445
-519
-769
-1021
-1158
-1179
-1164
-1072
-794
-550
-596
-1031
-1627
-2210
-2653
-2947
-3019
-2766
-2401
-2013
-1594
-1240
-1407
-2626
-4587
-6263
-7062
-7223
-7111
-6528
-5230
-3823
-3206
-3370
-3416
-2828
-2022
-1500
-948
427
2636
4737
5987
6589
7119
7488
7209
6496
6240
6874
7700
7897
7679
7825
8291
8105
6774
5019
3758
2909
1925
993
845
1407
1680
944
-251
-1024
-1363
-1817
-2563
-2984
-2641
-1820
-1145
-764
-374
36
56
-472
-908
-587
303
1015
1313
1617
2189
2604
2504
2090
1691
1282
556
-295
-802
-808
-736
-1055
-1658
-2161
-2442
-2716
-3056
-3222
-3012
-2570
-2289
-2153
-1904
-1497
-1181
-1228
-1398
-1406
-1184
-940
-793
-660
-564
-595
-873
-1104
-1069
-831
-591
-499
-423
-260
-3
144
226
338
375
258
-29
-207
-221
-184
-304
-688
-1248
-1851
-2260
-2520
-2628
-2535
-2264
-1853
-1554
-1683
-2543
-4059
-5761
-7041
-7700
-7928
-7686
-6811
-5472
-4280
-3671
-3349
-2848
-2154
-1453
-715
408
2184
4334
6150
7278
7976
8440
8529
8148
7617
7484
7690
7815
7698
7513
7510
7311
6404
4841
3154
1807
734
-187
-676
-562
-266
-287
-780
-1259
-1547
-1949
-2400
-2653
-2364
-1580
-702
122
780
1288
1530
1339
962
852
1155
1578
1876
2115
2550
2969
3086
2679
1931
1109
311
-449
-1082
-1378
-1466
-1462
-1743
-2199
-2663
-3018
-3303
-3661
-3716
-3257
-2497
-1859
-1459
-993
-527
-374
-499
-587
-361
-103
166
339
461
475
324
-75
-667
-1051
-1224
-1240
-1364
-1254
-974
-794
-833
-998
-1108
-1140
-1109
-1142
-1211
-1241
-1119
-1117
-1412
-1823
-2138
-2296
-2379
-2351
-2024
-1479
-1164
-1644
-3155
-5220
-6881
-7855
-8356
-8492
-7881
-6389
-4889
-4088
-3880
-3520
-2809
-2124
-1638
-736
1249
3959
6387
7775
8575
9193
9466
9204
8706
8586
8795
8896
8625
8286
8086
7761
6705
4789
2693
1014
-174
-1182
-1856
-1892
-1572
-1564
-2118
-2847
-3193
-3136
-3093
-2968
-2354
-1118
293
1309
2018
2595
3005
3021
2745
2694
3104
3610
3860
3929
3979
3968
3598
2785
1664
343
-1073
-2453
-3506
-3976
-3940
-3787
-3817
-4058
-4321
-4527
-4754
-4822
-4544
-3841
-2833
-1869
-958
-106
694
1220
1322
1234
1303
1643
1950
2187
2143
1990
1554
951
331
-236
-709
-1236
-1751
-2180
-2239
-2183
-2100
-2165
-2137
-1891
-1699
-1699
-1849
-1926
-1942
-2049
-2303
-2427
-2271
-1886
-1512
-1332
-1141
-1010
-1387
-2682
-4732
-6704
-7933
-8442
-8506
-8090
-6987
-5466
-4402
-4141
-4124
-3644
-2692
-1693
-629
1157
3740
6272
7927
8665
9122
9505
9397
8885
8617
8928
9357
9152
8449
7788
7224
6181
4419
2347
733
-354
-1415
-2326
-2689
-2324
-2128
-2719
-3678
-4061
-3783
-3408
-3089
-2475
-1102
453
1703
2611
3476
4330
4709
4565
4440
4751
5162
5232
4929
4581
4207
3530
2639
1715
826
-279
-1687
-3137
-4163
-4772
-5357
-6022
-6525
-6482
-6135
-5667
-5129
-4357
-3432
-2579
-1933
-1174
-37
1145
2098
2628
3019
3408
3501
3218
2690
2164
1683
1078
468
83
-91
-383
-963
-1638
-2142
-2532
-2769
-2869
-2729
-2308
-1941
-1679
-1622
-1601
-1588
-1747
-2040
-2205
-2124
-1931
-1766
-1671
-1480
-1184
-1090
-1886
-3983
-6685
-8677
-9568
-9855
-9875
-9088
-7289
-5604
-4939
-4893
-4326
-3009
-1763
-740
895
3675
6839
9029
9956
10354
10692
10543
9672
8872
9012
9759
9718
8578
7183
6332
5454
3535
1004
-914
-1648
-2179
-3097
-3712
-3383
-2900
-3556
-4924
-5434
-4412
-3009
-2040
-920
1068
3292
4491
4744
5112
6002
6479
6111
5822
6488
7487
7442
6185
4611
3221
1674
-240
-1873
-2597
-2752
-3326
-4475
-5545
-6266
-6982
-8026
-8738
-8302
-6911
-5292
-3765
-2225
-568
662
1087
1272
1970
3295
4395
4845
4979
5186
4992
3994
2554
1329
590
-203
-1206
-2004
-2290
-2413
-2934
-3785
-4290
-4256
-3928
-3490
-2843
-1927
-1217
-863
-656
-456
-320
-219
-198
-227
-262
-283
-335
-566
-901
-1018
-939
-1049
-2094
-4436
-7224
-9367
-10437
-10973
-11217
-10567
-8819
-7084
-6318
-6045
-5087
-3300
-1669
-343
1716
5057
8566
10729
11363
11572
11852
11563
10556
9823
10120
10595
9773
7780
6055
5073
3704
1057
-1943
-3711
-4236
-4787
-5651
-5830
-4932
-4274
-4953
-5915
-5345
-3251
-1263
-37
1544
4156
6585
7444
7280
7610
8456
8545
7685
7220
7830
8324
7262
4907
2534
662
-1185
-3182
-4556
-4805
-4746
-5463
-6806
-7700
-7840
-8055
-8674
-8696
-7326
-5140
-3184
-1658
-105
1435
2372
2595
2887
3983
5466
6264
6091
5644
5208
4180
2338
512
-536
-1124
-1979
-3002
-3555
-3654
-3982
-4748
-5339
-5102
-4230
-3315
-2359
-1187
0
760
965
977
1184
1565
1690
1287
719
472
387
-72
-870
-1305
-1224
-1405
-2638
-5034
-7917
-10390
-11910
-12445
-12334
-11528
-9717
-7574
-6228
-5772
-5154
-3526
-1412
439
2660
5973
9716
12350
13135
12946
12711
12107
10882
9773
9552
9836
9145
7048
4677
2801
972
-1614
-4648
-6623
-6983
-6750
-6806
-6767
-5916
-4853
-4772
-5264
-4622
-2311
525
2785
4803
7207
9354
10171
9773
9325
9371
9223
8281
7299
7037
6782
5196
2358
-310
-2206
-3898
-5677
-6869
-7055
-6805
-7055
-7907
-8570
-8566
-8128
-7622
-6615
-4582
-2026
76
1501
2644
3847
4772
5152
5426
5995
6663
6783
6042
4799
3492
1786
-327
-2226
-3270
-3592
-3979
-4605
-5089
-5265
-5474
-5689
-5487
-4539
-3229
-1938
-621
714
1878
2665
3298
3725
3757
3418
2935
2298
1315
232
-642
-1395
-2364
-3353
-3865
-3619
-3402
-4646
-7759
-11217
-13059
-13115
-12724
-12261
-10460
-7268
-4668
-3952
-3718
-2123
374
2043
3201
5717
9721
13154
14253
13588
12709
11732
9938
7925
7064
7460
7425
5481
2539
371
-1005
-2936
-5827
-8161
-8441
-7346
-6512
-5994
-4698
-2728
-1748
-2201
-2042
355
3826
6215
7443
9001
10920
11537
10346
8878
8314
7810
6316
4694
4207
4207
2903
-137
-3329
-5439
-6900
-8262
-9000
-8540
-7488
-6996
-7231
-7262
-6613
-5883
-5406
-4514
-2359
617
3027
4413
5281
5831
5775
5115
4562
4653
4992
4794
3769
2379
992
-629
-2720
-4598
-5441
-5321
-4882
-4523
-4081
-3610
-3445
-3454
-3049
-1913
-253
1413
2709
3610
4077
4126
3857
3336
2739
2240
1764
1206
470
-521
-1658
-2782
-3866
-4774
-5380
-5544
-5528
-6449
-8885
-11766
-13341
-13039
-12083
-11272
-9616
-6638
-3643
-2064
-1354
196
2740
4779
6037
7978
11016
13668
14189
12920
11438
10164
8533
6590
5200
4744
4131
2224
-549
-2877
-4234
-5411
-7113
-8572
-8547
-7154
-5609
-4463
-3053
-1088
498
1174
1977
4130
7135
9336
10256
10928
11768
11824
10434
8462
7060
5957
4304
2421
1239
457
-1227
-4058
-6637
-7985
-8547
-8874
-8712
-7802
-6816
-6491
-6436
-5697
-4095
-2222
-472
1392
3439
5170
6056
6183
5978
5609
5045
4406
3858
3341
2513
1066
-903
-2972
-4571
-5416
-5707
-5664
-5360
-4841
-4225
-3785
-3383
-2731
-1811
-672
542
1731
2997
4169
4829
4767
4236
3806
3599
3232
2706
2189
1413
15
-1990
-3978
-5376
-6321
-7022
-7319
-7003
-5890
-4679
-4905
-7307
-10766
-12875
-12621
-11270
-9738
-7219
-3451
-157
830
378
844
2434
3770
4807
7067
10768
13735
14052
12380
10174
7790
5166
3025
2497
3167
3336
1984
-366
-2591
-4217
-5650
-7048
-7731
-6943
-4742
-2254
-387
910
1897
2354
2224
2474
4281
7254
9657
10699
10994
10952
9864
7451
4853
3269
2356
1247
248
-8
-197
-1768
-4587
-6994
-7955
-8033
-7729
-6502
-4222
-2151
-1567
-1933
-1950
-1491
-1303
-1148
-51
1866
3391
3847
3626
3076
2088
854
142
226
617
816
599
-98
-1259
-2624
-3669
-4035
-3869
-3312
-2341
-1152
-192
112
-37
65
556
1149
1880
2865
3889
4384
3995
3196
2475
1750
976
246
-338
-839
-1645
-2840
-4178
-5428
-6306
-6786
-7000
-6681
-5587
-4303
-4282
-6526
-9793
-11669
-11459
-10393
-9356
-7513
-4199
-1060
161
227
961
2508
3579
4236
6232
9700
12412
12750
11292
9450
7517
5259
3505
3150
3606
3485
2063
-44
-1862
-3293
-4593
-5680
-6098
-5321
-3504
-1543
-106
825
1535
1892
1793
2163
4020
6720
8642
9291
9493
9588
8722
6671
4667
3600
2879
1820
869
626
333
-1319
-4007
-6068
-6753
-6704
-6415
-5509
-3906
-2587
-2276
-2427
-2359
-2131
-1865
-1186
239
1980
3232
3685
3444
2654
1637
924
771
913
993
886
584
-144
-1412
-2759
-3564
-3721
-3485
-2886
-1924
-925
-447
-635
-893
-683
-67
782
1752
2672
3315
3424
3020
2325
1496
844
533
342
140
-94
-638
-1826
-3529
-5110
-6046
-6441
-6482
-5923
-4580
-2996
-2443
-4098
-7583
-10746
-11794
-11116
-10003
-8432
-5467
-1811
179
-51
-478
312
1619
2691
4427
7813
11459
13038
12188
10205
8030
5769
3789
3107
3866
4630
4049
2171
-106
-2094
-3778
-5258
-6177
-5963
-4396
-2168
-477
267
576
797
756
756
1976
4766
7615
9063
9419
9624
9320
7662
5340
3829
3214
2504
1614
1231
1056
-226
-2834
-5263
-6337
-6409
-6129
-5368
-3945
-2647
-2381
-3002
-3638
-3658
-3155
-2235
-776
1056
2641
3329
3113
2406
1688
1244
1250
1712
2184
2258
1815
913
-488
-2155
-3318
-3535
-3113
-2552
-1943
-1330
-1097
-1385
-1633
-1280
-481
377
1178
1951
2548
2711
2370
1862
1480
1307
1329
1108
750
478
-55
-1332
-3179
-4687
-5413
-5781
-6198
-6068
-4966
-3320
-1965
-2095
-4365
-8022
-10879
-11348
-10194
-8875
-7151
-4159
-1240
-410
-1310
-1608
-390
1015
2244
4712
8717
12019
12602
10996
8821
6681
4656
3576
4111
5417
5772
4409
2016
-403
-2358
-3808
-4848
-5251
-4495
-2605
-606
393
468
482
655
691
1194
3167
6123
8185
8460
8031
7780
7041
5230
3261
2255
1892
1322
618
366
-12
-1629
-4205
-6138
-6372
-5505
-4423
-3248
-2016
-1318
-1556
-2119
-2191
-1775
-1342
-783
355
1728
2574
2460
1724
906
156
-284
-179
301
573
380
-184
-922
-1707
-2305
-2397
-2135
-1833
-1424
-719
121
560
468
381
657
1080
1322
1595
2045
2302
2012
1562
1460
1408
994
309
-158
-360
-792
-1638
-2570
-3391
-4144
-4770
-5092
-5010
-4800
-4455
-3544
-2192
-1908
-3977
-7487
-9959
-10104
-9330
-8766
-7467
-4538
-1544
-748
-1583
-1575
-34
1369
2180
3982
7297
10094
10351
8679
6763
5019
3132
1732
1786
2937
3469
2361
275
-1371
-1999
-2254
-2547
-2322
-682
1871
3803
4474
4791
5425
5614
5004
4667
5841
7755
8491
7767
6758
5908
4408
2060
72
-754
-1179
-1912
-2440
-2323
-2290
-3227
-4713
-5430
-4807
-3491
-2136
-869
349
1086
764
-312
-1211
-1409
-1191
-827
-283
337
503
-253
-1486
-2486
-2914
-2908
-2560
-1776
-863
-302
-429
-968
-1471
-1586
-1174
-504
208
908
1561
1888
1734
1435
1420
1671
1849
1970
2144
2156
1767
1029
386
75
-92
-232
-297
-142
-236
-890
-1815
-2621
-3128
-3690
-4009
-3948
-3823
-3749
-3571
-2838
-1771
-471
382
-691
-4156
-8104
-9564
-8866
-8385
-8351
-6874
-4027
-2859
-4098
-4815
-3147
-1039
-307
984
4627
8648
9916
8638
7256
6215
4620
3037
3057
4515
5238
4043
1895
309
-456
-1057
-1616
-1592
-368
1715
3538
4316
4408
4639
4868
4587
4400
5480
7534
8728
8159
6918
6002
4707
2382
66
-949
-1036
-1403
-2048
-2156
-2062
-2940
-4689
-5785
-5377
-4243
-3178
-2003
-414
964
1306
697
-118
-645
-997
-1166
-1110
-1071
-1409
-2224
-3053
-3690
-4093
-4145
-3784
-2990
-1897
-685
414
1133
1489
1688
1884
2068
2267
2536
2800
3002
2799
2194
1547
1041
590
25
-235
-24
325
407
220
257
352
174
-285
-466
-177
-228
-757
-1242
-1416
-1725
-2414
-2794
-2780
-2757
-2672
-2132
-1145
-444
-375
-1350
-3991
-7784
-10574
-10657
-9492
-9140
-8927
-7235
-4982
-4555
-5336
-4595
-2059
0
1028
3195
6907
9539
9364
7767
6663
5619
4129
3185
3629
4464
3836
1995
366
-439
-857
-1159
-822
355
2012
3516
4452
4952
5126
5263
5304
5431
6152
7471
8531
8187
6782
5493
4398
2616
377
-839
-769
-806
-1708
-2512
-2500
-2727
-3963
-5083
-4757
-3434
-2344
-1498
-187
1157
1400
411
-927
-1896
-2641
-3196
-3145
-2392
-1626
-1651
-2284
-2841
-3096
-3230
-3102
-2168
-554
970
1838
2106
1915
1229
398
28
375
1162
1999
2602
2570
1782
698
-119
-488
-510
-59
841
1721
2001
1605
1000
417
-59
-385
-383
-33
297
326
48
-252
-692
-1576
-2622
-3317
-3546
-3796
-4056
-3837
-3168
-2559
-2101
-1409
-1330
-3256
-6711
-9260
-9528
-8943
-8796
-8141
-6053
-3912
-3689
-4536
-4124
-2334
-731
595
3133
6673
8995
9043
7988
6933
5597
3910
2893
3156
3967
4172
3485
2288
966
-44
-554
-547
16
1236
2873
4142
4703
5041
5593
5907
5577
5312
5881
6786
6865
6104
5296
4360
2696
578
-784
-1074
-1280
-1902
-2429
-2506
-2709
-3492
-4277
-4444
-4066
-3427
-2364
-873
249
449
-54
-725
-1412
-2113
-2232
-1551
-660
-416
-1021
-1783
-2406
-2946
-3245
-2901
-1853
-717
132
822
1301
1215
582
204
614
1424
2069
2360
2403
2002
1137
283
-164
-105
104
356
663
915
1037
890
659
363
132
181
498
921
949
551
15
-466
-895
-1461
-1960
-2444
-3063
-3801
-4511
-4818
-4780
-4396
-3720
-2781
-1548
-706
-1290
-3900
-7173
-8918
-8767
-8049
-7537
-6243
-4016
-2659
-3120
-3940
-3289
-1751
-529
1068
4160
7796
9527
8813
7213
5698
3957
2137
1572
2748
4305
4696
3763
2412
1105
-205
-1184
-1036
679
3160
5149
6082
6293
6174
5480
4250
3514
4097
5551
6623
6791
6366
5326
3308
732
-1129
-1669
-1458
-1350
-1413
-1446
-1769
-2656
-3774
-4445
-4404
-3775
-2687
-1311
-98
532
486
-98
-1052
-2089
-2641
-2575
-2161
-1776
-1518
-1345
-1538
-2063
-2459
-2298
-1693
-942
17
1155
2056
2230
1783
1226
841
517
269
318
685
895
659
93
-454
-713
-685
-359
148
799
1387
1679
1574
1218
840
509
295
300
594
783
534
-28
-663
-1439
-2395
-3153
-3431
-3472
-3643
-3822
-3900
-4103
-4398
-4359
-3635
-2584
-2105
-2841
-4716
-6592
-7382
-7282
-7131
-6841
-5528
-3556
-2501
-2768
-2848
-1716
-287
736
2113
4519
6875
7612
6984
6123
5217
3742
2133
1770
2868
4033
4018
3125
2326
1814
1294
965
1536
3025
4489
5219
5436
5827
6274
6072
5219
4555
4730
5279
5422
5129
4658
3739
2053
124
-1083
-1410
-1607
-2123
-2636
-2835
-2966
-3337
-3780
-3891
-3619
-3127
-2392
-1340
-126
705
790
170
-729
-1381
-1645
-1595
-1483
-1387
-1337
-1601
-2214
-2816
-2969
-2669
-2239
-1639
-695
383
1117
1222
938
550
300
271
510
1074
1653
1868
1431
665
127
-16
114
326
688
1182
1617
1838
1820
1622
1202
607
91
-106
-70
-106
-351
-742
-1193
-1662
-2141
-2559
-2990
-3414
-3636
-3673
-3629
-3700
-3753
-3607
-3376
-3013
-2342
-1364
-911
-1993
-4254
-6119
-6627
-6508
-6652
-6517
-5267
-3626
-3058
-3430
-3254
-2113
-962
-131
1405
3960
6077
6557
5887
5229
4646
3721
3074
3634
5100
5950
5424
4269
3359
2686
1934
1599
2343
3791
4830
4975
4888
4985
4802
4041
3321
3534
4425
5023
5058
4934
4585
3327
1246
-423
-928
-961
-1323
-1677
-1463
-1191
-1697
-2700
-3242
-3169
-3003
-2715
-1813
-474
369
297
-152
-565
-1154
-1995
-2469
-2135
-1553
-1425
-1629
-1751
-1939
-2496
-3059
-3009
-2327
-1425
-517
295
767
719
285
-191
-403
-174
434
1063
1364
1285
986
610
221
-100
-198
60
579
1047
1219
1091
722
172
-348
-508
-264
75
281
345
148
-513
-1465
-2174
-2389
-2366
-2352
-2338
-2363
-2596
-3031
-3475
-3787
-3853
-3478
-2670
-1816
-1149
-561
-309
-1226
-3395
-5411
-5957
-5578
-5520
-5560
-4663
-3307
-3161
-4252
-4656
-3385
-1632
-409
1076
3538
5809
6396
5717
5241
5226
4915
4432
4873
6331
7411
6983
5468
3974
2898
2084
1618
1930
3026
4116
4369
3876
3399
3214
2825
2157
2089
3056
4210
4506
4166
3848
3350
2245
1015
604
918
1047
661
159
-268
-952
-1895
-2601
-2765
-2557
-2282
-2005
-1845
-1904
-2134
-2361
-2573
-2853
-3006
-2746
-2154
-1644
-1423
-1306
-1235
-1410
-1807
-2032
-1785
-1405
-1211
-1096
-796
-387
-281
-467
-631
-640
-626
-636
-480
-141
163
131
-186
-422
-349
-76
164
381
721
1098
1303
1323
1350
1384
1222
864
615
596
540
211
-292
-721
-1080
-1452
-1794
-2070
-2317
-2508
-2492
-2243
-2049
-2116
-2310
-2443
-2488
-2401
-2063
-1524
-1124
-1064
-1120
-1269
-1856
-2931
-3904
-4271
-4371
-4607
-4530
-3725
-2833
-2721
-3006
-2547
-1368
-565
-332
277
1614
2818
3291
3634
4268
4516
3928
3300
3618
4612
5227
5133
4841
4658
4431
4003
3534
3359
3507
3747
3890
4041
4367
4566
4100
3098
2396
2493
2958
3253
3503
3825
3752
2962
2017
1623
1579
1268
787
671
852
709
85
-665
-1394
-2273
-3129
-3474
-3234
-2907
-2892
-3145
-3525
-3941
-4276
-4350
-4119
-3679
-3135
-2602
-2258
-2137
-2110
-2089
-2117
-2165
-2028
-1629
-1180
-914
-800
-766
-905
-1255
-1518
-1351
-814
-253
140
423
638
746
745
754
848
1017
1214
1432
1647
1784
1703
1311
729
245
66
117
203
252
267
187
-23
-305
-539
-677
-724
-698
-652
-627
-651
-797
-1139
-1616
-2017
-2154
-2154
-2203
-2287
-2258
-2070
-1844
-1777
-1957
-2413
-2990
-3359
-3409
-3210
-2919
-2631
-2481
-2577
-2700
-2478
-1905
-1379
-1104
-837
-276
484
1122
1514
1706
1762
1841
2182
2876
3699
4327
4657
4738
4658
4687
5019
5465
5630
5445
5275
5288
5257
5075
4864
4684
4440
4138
3972
3971
3960
3846
3678
3458
3122
2713
2330
1959
1498
959
448
7
-402
-776
-1100
-1461
-1917
-2364
-2626
-2718
-2795
-2845
-2873
-2999
-3328
-3694
-3839
-3847
-3935
-4123
-4260
-4322
-4362
-4336
-4179
-4012
-4024
-4060
-3840
-3332
-2757
-2308
-1994
-1773
-1574
-1280
-832
-336
49
252
347
442
536
559
510
474
521
663
871
1095
1242
1244
1166
1184
1373
1582
1662
1678
1765
1887
1939
1914
1817
1556
1139
791
701
760
684
381
11
-318
-658
-1066
-1459
-1743
-1887
-1910
-1841
-1744
-1760
-1913
-2195
-2553
-2904
-3174
-3323
-3380
-3420
-3469
-3492
-3496
-3552
-3601
-3412
-2913
-2295
-1734
-1196
-606
-34
449
913
1431
1910
2311
2774
3376
3933
4224
4287
4283
4308
4471
4876
5423
5835
5933
5795
5623
5512
5498
5532
5479
5315
5134
5002
4842
4509
4000
3431
2887
2453
2183
2020
1802
1386
810
244
-191
-469
-649
-823
-1038
-1340
-1755
-2257
-2802
-3326
-3791
-4183
-4463
-4624
-4730
-4867
-5100
-5407
-5662
-5774
-5718
-5506
-5226
-4917
-4616
-4361
-4147
-3912
-3580
-3141
-2651
-2172
-1750
-1433
-1233
-1077
-855
-520
-134
231
547
828
1096
1349
1575
1768
1955
2138
2298
2446
2616
2782
2859
2792
2648
2522
2419
2297
2172
2095
2047
1928
1730
1534
1363
1157
911
704
540
325
24
-288
-585
-914
-1287
-1647
-1975
-2246
-2382
-2380
-2367
-2432
-2507
-2565
-2722
-3025
-3302
-3378
-3319
-3278
-3249
-3164
-3064
-3011
-2912
-2669
-2358
-2122
-1893
-1489
-877
-193
372
787
1113
1451
1901
2463
3028
3483
3824
4143
4526
4978
5426
5713
5752
5641
5559
5549
5540
5507
5480
5404
5177
4871
4653
4537
4354
4066
3826
3672
3466
3143
2760
2379
1981
1513
1003
501
-19
-590
-1199
-1784
-2304
-2790
-3265
-3702
-4022
-4232
-4468
-4767
-5079
-5311
-5447
-5522
-5469
-5279
-5064
-4948
-4945
-4934
-4843
-4672
-4414
-4088
-3792
-3552
-3305
-3012
-2656
-2287
-1939
-1598
-1214
-741
-228
232
554
725
827
952
1152
1485
1898
2255
2406
2372
2315
2349
2406
2434
2526
2715
2908
2975
2955
2925
2806
2520
2167
1959
1905
1858
1714
1479
1199
832
407
19
-265
-437
-566
-725
-943
-1221
-1522
-1807
-2066
-2250
-2300
-2216
-2065
-1957
-1951
-2089
-2435
-2951
-3429
-3630
-3545
-3390
-3294
-3233
-3190
-3160
-3070
-2791
-2331
-1825
-1294
-661
70
782
1344
1730
1996
2250
2624
3134
3677
4151
4478
4623
4618
4601
4719
4964
5199
5333
5384
5405
5405
5349
5218
4997
4684
4350
4089
3959
3892
3716
3329
2751
2113
1524
1028
635
295
-48
-403
-742
-1025
-1303
-1679
-2143
-2609
-2980
-3231
-3389
-3494
-3665
-4009
-4468
-4872
-5119
-5272
-5430
-5575
-5671
-5723
-5718
-5594
-5356
-5108
-4902
-4656
-4267
-3755
-3217
-2711
-2271
-1884
-1501
-1102
-690
-291
99
477
788
1066
1380
1701
1932
2042
2145
2335
2560
2783
3031
3295
3482
3513
3465
3440
3428
3376
3305
3284
3305
3267
3091
2838
2558
2231
1855
1521
1295
1122
879
532
158
-190
-527
-884
-1269
-1650
-2027
-2388
-2683
-2887
-3016
-3142
-3301
-3394
-3352
-3204
-3058
-3006
-3080
-3252
-3406
-3429
-3308
-3121
-2936
-2779
-2630
-2427
-2137
-1806
-1530
-1286
-977
-544
-13
580
1186
1680
1995
2231
2563
3027
3523
3975
4374
4711
4965
5162
5331
5450
5472
5411
5327
5260
5210
5130
4977
4707
4350
3990
3671
3401
3183
3003
2775
2412
1949
1476
1034
594
129
-298
-674
-1044
-1429
-1820
-2216
-2654
-3143
-3619
-4005
-4258
-4449
-4662
-4921
-5170
-5353
-5460
-5444
-5295
-5084
-4931
-4855
-4764
-4593
-4367
-4144
-3911
-3620
-3249
-2847
-2442
-2049
-1714
-1450
-1186
-826
-371
89
477
788
1054
1326
1622
1920
2176
2361
2501
2654
2851
3067
3251
3376
3450
3518
3605
3693
3729
3669
3519
3332
3148
2978
2792
2571
2327
2082
1839
1577
1265
888
483
110
-186
-438
-687
-924
-1167
-1407
-1613
-1781
-1910
-2067
-2246
-2385
-2462
-2524
-2617
-2741
-2864
-2945
-2943
-2849
-2742
-2746
-2919
-3193
-3436
-3542
-3492
-3317
-3070
-2801
-2516
-2180
-1784
-1368
-982
-632
-254
240
840
1444
1957
2347
2636
2863
3111
3445
3841
4194
4438
4570
4609
4620
4643
4660
4648
4602
4533
4449
4328
4158
3951
3674
3336
3005
2756
2579
2385
2113
1773
1389
962
533
155
-162
-449
-751
-1079
-1406
-1736
-2089
-2445
-2747
-2982
-3190
-3426
-3681
-3922
-4169
-4403
-4580
-4675
-4670
-4588
-4443
-4240
-4015
-3821
-3650
-3454
-3209
-2916
-2582
-2235
-1908
-1613
-1329
-1046
-789
-549
-313
-75
151
366
588
827
1066
1279
1489
1697
1894
2065
2210
2356
2531
2734
2917
3049
3137
3218
3295
3325
3308
3259
3166
3036
2876
2671
2420
2105
1726
1349
1035
800
586
301
-62
-457
-847
-1170
-1410
-1596
-1776
-1979
-2166
-2275
-2318
-2361
-2444
-2563
-2652
-2663
-2568
-2396
-2219
-2093
-2026
-1978
-1894
-1776
-1725
-1822
-2047
-2281
-2422
-2439
-2351
-2228
-2114
-2012
-1896
-1699
-1382
-983
-571
-162
280
781
1265
1665
1998
2280
2529
2771
3037
3356
3649
3832
3917
3934
3927
3931
3949
3954
3909
3808
3654
3457
3246
3068
2923
2763
2586
2398
2224
2066
1887
1672
1425
1162
877
574
295
38
-225
-519
-833
-1142
-1447
-1745
-2038
-2334
-2627
-2907
-3169
-3396
-3573
-3702
-3786
-3825
-3814
-3754
-3664
-3559
-3430
-3274
-3097
-2906
-2672
-2381
-2044
-1695
-1378
-1109
-884
-696
-519
-344
-159
45
248
435
591
720
845
973
1094
1212
1346
1494
1640
1749
1838
1937
2027
2093
2144
2182
2200
2177
2130
2060
1981
1881
1763
1632
1491
1331
1125
885
637
408
208
28
-149
-327
-519
-724
-920
-1079
-1201
-1295
-1381
-1472
-1551
-1615
-1667
-1722
-1778
-1817
-1838
-1854
-1852
-1811
-1726
-1635
-1574
-1545
-1498
-1413
-1311
-1222
-1169
-1172
-1233
-1320
-1370
-1356
-1304
-1256
-1226
-1170
-1026
-785
-499
-207
68
333
612
940
1323
1712
2042
2275
2420
2547
2698
2865
2987
3059
3101
3116
3109
3074
3034
2972
2865
2725
2605
2547
2512
2455
2341
2186
1998
1801
1620
1475
1357
1231
1073
860
642
437
250
65
-116
-295
-485
-699
-928
-1164
-1422
-1709
-1999
-2236
-2410
-2515
-2605
-2679
-2747
-2834
-2904
-2922
-2854
-2739
-2616
-2481
-2330
-2170
-2025
-1891
-1743
-1578
-1399
-1203
-997
-775
-563
-394
-278
-186
-94
6
114
229
351
452
504
526
550
612
690
783
908
1046
1161
1217
1226
1224
1238
1247
1260
1302
1348
1370
1333
1244
1143
1025
882
731
602
488
364
203
33
-139
-331
-513
-668
-777
-856
-944
-1043
-1135
-1210
-1279
-1340
-1389
-1401
-1393
-1367
-1296
-1199
-1103
-1036
-997
-960
-906
-830
-742
-647
-568
-534
-581
-693
-837
-969
-1048
-1084
-1075
-1011
-918
-802
-661
-490
-289
-76
148
397
690
1018
1340
1585
1753
1871
1964
2086
2238
2412
2564
2643
2658
2654
2659
2664
2664
2633
2580
2521
2464
2433
2408
2359
2269
2149
2006
1885
1794
1708
1602
1452
1257
1027
803
600
386
132
-148
-439
-735
-1012
-1250
-1449
-1626
-1821
-2026
-2200
-2328
-2424
-2498
-2535
-2538
-2521
-2492
-2459
-2424
-2383
-2339
-2298
-2249
-2166
-2058
-1925
-1785
-1646
-1529
-1452
-1389
-1317
-1213
-1081
-940
-822
-728
-642
-544
-428
-295
-152
-18
103
243
404
558
695
797
880
968
1071
1205
1348
1458
1507
1513
1508
1492
1476
1466
1441
1376
1272
1143
1005
870
737
611
491
376
273
179
79
-34
-162
-307
-440
-541
-589
-594
-598
-639
-711
-809
-905
-966
-988
-975
-952
-919
-882
-862
-858
-875
-904
-921
-908
-867
-823
-806
-840
-935
-1062
-1182
-1256
-1255
-1185
-1062
-900
-710
-516
-332
-162
22
229
471
743
1020
1269
1463
1589
1665
1746
1849
1975
2091
2156
2171
2163
2171
2201
2250
2293
2315
2310
2317
2365
2424
2449
2421
2336
2246
2190
2169
2160
2093
1945
1730
1485
1250
1041
840
617
365
92
-173
-426
-681
-946
-1238
-1546
-1827
-2048
-2216
-2346
-2488
-2654
-2835
-3006
-3123
-3166
-3151
-3105
-3054
-3018
-2979
-2929
-2868
-2807
-2728
-2610
-2473
-2310
-2123
-1924
-1733
-1578
-1440
-1297
-1117
-909
-691
-459
-239
-41
126
282
438
597
768
936
1112
1304
1489
1644
1761
1837
1879
1903
1925
1941
1961
1973
1967
1925
1849
1751
1627
1495
1383
1309
1252
1199
1116
1005
882
762
642
525
423
326
221
105
-21
-160
-315
-488
-656
-794
-873
-913
-959
-1027
-1116
-1209
-1291
-1343
-1359
-1333
-1279
-1226
-1170
-1106
-1036
-969
-911
-854
-790
-715
-632
-563
-513
-485
-482
-491
-491
-448
-374
-270
-162
-69
25
113
204
307
433
571
706
837
971
1100
1219
1311
1387
1453
1520
1606
1702
1805
1880
1921
1925
1895
1847
1798
1750
1696
1632
1557
1477
1385
1277
1149
1014
863
721
600
491
387
265
124
-37
-211
-387
-550
-706
-866
-1023
-1180
-1316
-1431
-1544
-1652
-1745
-1817
-1864
-1882
-1876
-1850
-1818
-1790
-1762
-1718
-1661
-1588
-1503
-1409
-1309
-1214
-1104
-998
-902
-809
-726
-647
-563
-460
-353
-257
-170
-96
-27
44
123
207
291
369
452
521
579
628
672
705
751
794
831
862
870
860
837
824
814
804
790
762
719
665
599
532
458
379
298
225
153
88
37
-19
-74
-131
-187
-248
-298
-338
-368
-399
-432
-469
-500
-539
-567
-589
-611
-635
-668
-696
-722
-739
-756
-780
-806
-835
-852
-842
-806
-751
-684
-613
-540
-461
-354
-219
-72
72
206
335
468
611
764
900
1018
1116
1210
1314
1429
1548
1655
1729
1778
1809
1839
1872
1894
1893
1869
1834
1784
1732
1668
1584
1487
1367
1239
1117
992
866
730
582
423
261
99
-55
-208
-360
-506
-662
-820
-976
-1122
-1250
-1364
-1467
-1565
-1649
-1727
-1800
-1851
-1880
-1900
-1914
-1908
-1879
-1834
-1776
-1710
-1640
-1564
-1481
-1387
-1282
-1172
-1057
-945
-838
-730
-626
-523
-419
-320
-230
-137
-44
44
127
218
311
389
453
518
593
670
742
809
864
908
944
979
1016
1049
1065
1063
1056
1048
1036
1010
956
884
805
730
660
595
525
439
343
245
154
78
7
-67
-144
-217
-275
-329
-387
-437
-482
-523
-551
-582
-601
-622
-645
-671
-700
-732
-766
-792
-801
-800
-807
-812
-812
-801
-776
-740
-692
-646
-589
-520
-433
-325
-221
-119
-25
69
163
272
388
496
588
676
771
865
952
1028
1085
1133
1171
1215
1262
1302
1321
1321
1312
1301
1298
1292
1287
1263
1226
1188
1150
1103
1046
985
910
831
749
672
593
505
401
291
183
65
-57
-177
-290
-398
-503
-599
-685
-783
-878
-967
-1044
-1106
-1156
-1189
-1217
-1232
-1242
-1247
-1247
-1238
-1216
-1184
-1136
-1087
-1033
-979
-930
-880
-823
-766
-715
-660
-603
-543
-484
-431
-380
-337
-293
-249
-207
-165
-126
-85
-39
16
73
117
153
188
224
255
287
315
336
350
356
362
359
352
336
318
292
264
230
198
168
126
86
45
7
-23
-51
-79
-112
-152
-181
-197
-195
-184
-174
-170
-163
-156
-136
-98
-65
-33
2
45
86
126
164
194
211
223
231
243
262
292
312
325
329
334
344
364
389
402
412
411
414
426
438
447
438
414
399
385
382
378
372
360
347
337
330
334
337
334
326
320
304
290
272
254
232
212
195
176
153
123
84
43
9
-15
-30
-35
-35
-43
-56
-66
-64
-64
-77
-86
-97
-109
-112
-112
-107
-111
-120
-127
-132
-129
-122
-107
-92
-86
-83
-83
-82
-82
-83
-91
-103
-119
-120
-118
-116
-111
-119
-136
-157
-177
-191
-199
-206
-229
-259
-293
-325
-350
-369
-393
-431
-471
-505
-531
-547
-566
-591
-614
-636
-652
-668
-672
-672
-670
-656
-634
-606
-582
-560
-538
-519
-500
-480
-458
-436
-407
-370
-323
-277
-241
-209
-178
-132
-89
-45
3
46
83
119
155
192
234
270
316
369
428
477
522
569
617
663
704
744
775
803
833
853
864
864
859
858
849
840
828
807
786
761
736
711
686
648
608
569
524
486
457
422
380
331
274
213
150
89
32
-28
-80
-127
-173
-219
-267
-321
-375
-412
-441
-462
-481
-492
-503
-518
-517
-511
-495
-472
-447
-418
-390
-350
-308
-263
-218
-178
-136
-96
-57
-14
36
87
132
162
186
207
222
236
253
274
291
303
307
306
302
296
292
289
280
260
243
224
200
172
133
93
52
12
-37
-88
-139
-194
-249
-306
-358
-414
-461
-506
-553
-593
-629
-665
-697
-721
-740
-753
-763
-762
-759
-751
-741
-726
-704
-683
-656
-634
-599
-560
-527
-497
-469
-438
-403
-366
-323
-273
-222
-172
-121
-75
-27
26
77
133
195
248
297
350
394
441
490
535
575
613
651
684
713
738
757
767
768
760
749
742
734
715
701
683
662
637
608
575
540
499
457
420
381
344
306
269
231
188
137
89
47
-1
-45
-84
-133
-184
-234
-280
-313
-338
-363
-383
-395
-405
-407
-406
-404
-403
-406
-405
-393
-381
-359
-330
-315
-293
-275
-256
-231
-197
-164
-130
-96
-69
-38
-7
24
54
78
100
121
137
162
191
205
211
218
225
241
260
281
293
303
309
322
339
356
365
359
346
328
309
297
284
265
247
227
204
183
159
132
109
86
63
44
25
5
-19
-51
-86
-125
-166
-198
-228
-260
-288
-317
-341
-365
-390
-414
-442
-475
-507
-534
-550
-558
-563
-565
-562
-552
-541
-515
-487
-466
-442
-418
-392
