-4
-8
-8
-7
-4
1
2
4
6
6
5
8
8
6
3
3
1
0
2
2
3
2
2
0
0
-1
-3
-4
-6
-8
-10
-9
-9
-5
-1
2
3
5
7
6
5
3
0
-3
-4
-4
-4
-6
-6
-8
-12
-11
-12
-11
-9
-7
-6
-3
2
8
11
14
15
14
14
11
8
4
3
2
1
1
1
0
-1
-1
-5
-6
-6
-4
-2
0
2
1
-1
-4
-6
-9
-9
-9
-9
-4
-1
3
5
8
6
8
11
12
14
13
12
11
9
9
8
7
5
4
1
3
-1
-6
-10
-11
-17
-20
-20
-21
-21
-21
-17
-13
-8
-5
-3
-2
-2
-6
-8
-9
-12
-13
-12
-9
-11
-10
-5
-6
-3
-2
0
0
3
3
4
8
10
14
13
14
15
15
13
11
5
2
-1
-4
-3
-1
3
8
11
14
14
15
12
10
7
3
0
-4
-1
-2
-3
-1
4
6
10
11
8
5
-1
-5
-7
-7
-5
-5
-3
0
1
1
2
1
-3
-6
-3
-4
-4
-6
-8
-8
-9
-10
-8
-8
-9
-6
-4
1
4
7
9
10
7
4
4
2
-1
-3
-4
-7
-7
-7
-5
-3
3
8
11
11
9
9
7
7
2
2
3
1
1
1
1
-1
0
0
-1
-4
-6
-7
-9
-8
-5
-1
4
9
8
9
8
4
1
-4
-7
-12
-13
-13
-9
-8
-6
-5
-3
-4
-1
2
7
10
12
12
11
9
7
6
1
-2
-8
-10
-13
-15
-13
-13
-9
-6
-2
0
4
5
4
7
8
11
11
12
11
8
3
-1
-4
-9
-6
-7
-4
-5
-7
-10
-11
-11
-12
-9
-5
-3
-2
-3
-4
-5
-9
-11
-13
-15
-14
-8
-4
2
6
12
19
23
27
27
26
24
21
17
14
11
7
4
0
-7
-11
-14
-14
-13
-12
-9
-6
-6
-6
-7
-4
-3
-1
1
2
4
7
7
7
5
5
6
7
10
6
4
1
0
-7
-9
-13
-16
-19
-17
-13
-9
-1
8
15
22
25
26
24
21
16
11
7
4
-2
-6
-5
-6
-7
-6
-3
0
5
8
10
11
10
10
8
3
-3
-7
-11
-11
-13
-11
-9
-7
0
4
10
14
18
22
20
18
14
9
2
-2
-6
-10
-11
-13
-18
-19
-21
-22
-23
-22
-23
-21
-19
-18
-17
-13
-8
-4
-1
2
3
4
3
1
-1
-4
-6
-10
-13
-13
-15
-16
-14
-10
-6
-2
3
7
8
9
9
10
7
5
-2
-7
-11
-15
-15
-12
-9
-6
-2
1
2
5
4
4
3
5
8
7
6
4
3
6
7
7
11
13
15
18
22
21
22
19
14
9
6
4
2
1
-1
-1
-3
-4
-3
-4
-1
0
3
9
12
16
15
12
9
8
7
6
7
7
6
7
4
5
8
7
6
2
-3
-9
-13
-17
-22
-23
-22
-21
-17
-13
-9
-5
-2
-2
-4
-4
-2
1
3
6
10
13
14
9
6
1
-3
-7
-7
-7
-5
-6
-9
-6
-6
-5
0
1
4
3
0
0
2
2
1
0
-1
-2
-2
-3
-4
-5
-4
-4
-5
-4
-1
0
0
1
4
3
4
0
-3
-3
-3
-4
-2
-1
0
3
5
7
7
8
11
12
12
10
11
9
9
8
3
-3
-8
-15
-20
-20
-21
-20
-16
-13
-9
-5
0
4
7
6
5
5
3
1
-1
-3
-5
-10
-13
-14
-14
-12
-8
-3
-1
0
1
2
3
5
5
7
9
11
11
10
9
6
7
8
9
9
7
7
3
-3
-5
-7
-8
-7
-3
2
6
8
11
13
15
14
12
11
6
3
3
0
-2
-1
1
3
4
7
9
7
6
4
2
0
1
1
1
2
1
2
2
3
1
-3
-7
-12
-15
-18
-19
-18
-16
-15
-13
-11
-7
-7
-7
-6
-6
-2
-1
1
-1
-2
-5
-6
-9
-11
-14
-16
-16
-18
-17
-17
-15
-11
-8
-3
2
6
11
14
14
16
18
18
16
10
5
0
-6
-10
-14
-13
-12
-8
-3
4
9
15
20
22
24
27
28
26
24
19
14
7
3
0
-2
-2
-1
1
3
5
6
8
9
9
8
7
9
6
6
6
6
5
6
3
-1
-3
-6
-8
-10
-15
-17
-18
-17
-16
-13
-8
-4
-3
-1
1
0
-3
-6
-10
-12
-13
-12
-8
-5
-3
-3
-2
-4
-5
-8
-11
-11
-11
-9
-5
1
4
5
7
9
8
9
8
9
6
3
1
-3
-6
-7
-7
-4
-1
4
7
10
13
14
14
14
14
12
8
6
4
3
1
-1
-1
-3
-7
-8
-9
-9
-7
-4
-2
-1
-2
-2
-4
-4
-4
-2
0
2
5
6
7
3
0
0
-2
-6
-6
-6
-6
-6
-6
-7
-8
-9
-10
-11
-10
-11
-7
-4
0
3
10
15
18
16
15
12
8
5
0
-3
-7
-9
-11
-12
-11
-10
-7
-4
2
5
11
16
17
17
15
15
12
12
11
9
8
6
6
5
1
-2
-4
-5
-5
-8
-8
-6
-6
-7
-6
-8
-8
-9
-10
-9
-7
-6
-5
-4
-5
-7
-6
-5
-6
-5
0
2
6
8
10
7
5
4
1
-2
-4
-4
-4
-4
-4
-5
-6
-8
-10
-13
-11
-9
-6
-1
3
7
7
7
7
7
8
9
11
10
8
6
4
-1
-4
-8
-9
-6
-2
3
6
9
10
10
12
12
12
11
9
5
1
0
-3
-1
-1
-3
-2
-4
-5
-5
-4
-5
-5
-4
-4
-5
-6
-6
-6
-5
-4
-1
1
5
8
9
10
11
11
9
8
6
3
0
-2
-1
1
2
3
3
2
-1
-2
-4
-5
-7
-9
-8
-6
-6
-7
-4
-4
-2
0
2
5
4
2
1
0
-2
1
3
4
6
8
10
9
9
6
2
0
-2
-5
-7
-6
-6
-4
-1
1
6
6
8
8
6
2
0
-5
-8
-11
-12
-11
-10
-9
-7
-4
-2
-2
-1
0
-1
1
1
0
-3
-4
-4
-7
-8
-9
-8
-8
-5
-3
-2
1
6
7
11
14
15
17
17
13
8
5
1
-2
-5
-5
-6
-7
-7
-7
-11
-10
-9
-7
-5
-3
0
3
4
6
4
4
5
2
2
0
-1
-1
1
3
4
4
3
0
-1
-3
-5
-6
-5
-4
-5
-4
-2
1
1
0
0
-3
-5
-6
-6
-7
-5
-3
-1
1
4
6
7
9
9
9
8
9
7
7
6
7
7
5
5
4
2
0
0
-1
-2
-1
-3
-4
-7
-8
-8
-8
-8
-4
-2
1
3
7
11
11
13
10
7
3
1
-2
-2
-2
-4
-3
0
1
2
2
5
7
8
8
7
5
4
4
3
1
-1
-3
-6
-9
-13
-17
-17
-17
-15
-11
-8
-4
1
4
7
9
11
11
9
7
4
1
-1
-4
-9
-10
-8
-7
-6
-5
-4
-1
-2
-1
2
4
5
7
8
9
11
11
12
8
3
0
-4
-8
-11
-13
-11
-10
-7
-3
0
4
6
8
7
7
4
2
-1
-5
-7
-6
-6
-6
-5
-5
-5
-4
-5
-4
-4
-4
-2
-1
-1
2
1
0
0
-2
-5
-7
-8
-8
-11
-10
-8
-7
-4
-2
0
2
5
7
6
7
9
10
12
11
10
12
11
11
9
6
3
0
-3
-4
-2
-1
0
3
5
7
6
5
3
2
1
-1
-1
-2
-2
-2
-2
-2
-2
-1
-1
-1
-1
-1
-2
-1
-2
-2
-2
-2
-2
-1
2
2
1
1
-3
-4
-6
-6
-8
-7
-5
-5
-3
0
0
0
2
1
2
2
3
2
2
2
2
1
0
-2
-2
-3
-3
-4
-4
-1
2
2
5
6
6
6
7
8
8
10
11
10
8
6
3
-1
-5
-10
-13
-13
-13
-12
-10
-7
-7
-4
-3
-1
0
0
3
5
6
5
5
4
1
-3
-4
-6
-9
-11
-10
-9
-9
-5
-1
1
2
5
7
6
7
6
4
3
2
2
-1
-1
-2
-3
-6
-5
-7
-7
-4
-1
3
10
14
16
19
18
16
14
10
7
2
1
-1
-2
-5
-6
-9
-9
-8
-8
-4
-2
2
5
8
10
11
11
11
12
9
7
4
0
-1
-4
-8
-9
-8
-9
-9
-8
-6
-4
-1
1
3
5
4
5
3
1
-1
-3
-5
-7
-9
-9
-7
-5
-2
-1
-1
0
0
0
-1
-1
-1
-2
-1
0
0
0
-1
-2
-5
-8
-8
-11
-11
-11
-10
-9
-8
-7
-6
-3
-2
0
1
1
2
1
1
1
0
0
-1
-2
-5
-3
-4
-2
0
3
5
6
8
10
10
11
12
12
11
10
8
4
1
-4
-6
-6
-7
-5
-2
0
3
6
9
9
8
8
6
7
7
7
7
6
6
5
4
2
1
-2
-3
-5
-7
-8
-6
-5
-2
1
3
3
3
4
2
0
-3
-4
-7
-5
-6
-3
-2
-2
-1
0
0
0
-1
-1
-3
-3
-2
-2
-2
-2
-1
-1
0
1
1
1
0
2
0
0
-1
0
1
3
6
6
8
8
3
2
2
0
-3
-2
-3
-1
1
1
0
-2
-2
-3
-4
-5
-6
-6
-5
-3
-2
1
4
5
7
9
9
8
6
1
0
-2
-5
-8
-10
-10
-11
-8
-7
-4
-2
1
3
4
5
4
4
3
2
0
1
-2
-3
-4
-5
-6
-6
-7
-6
-5
-4
-1
0
2
3
2
2
2
2
2
2
1
2
1
-1
-3
-6
-7
-7
-7
-8
-5
-3
-1
2
5
7
8
9
8
5
6
4
2
2
1
1
1
1
0
-1
0
2
1
0
0
-1
-2
-2
-2
-1
0
2
3
4
6
6
4
3
0
-2
-3
-2
-2
-2
1
3
4
4
4
4
5
5
5
4
4
1
0
-2
-2
-6
-6
-5
-7
-6
-7
-7
-8
-7
-7
-9
-9
-8
-6
-4
-1
2
5
5
5
4
4
3
1
1
2
2
4
6
6
5
4
5
4
3
4
4
4
3
3
-1
0
0
-1
2
3
3
4
4
4
1
-1
-1
-1
-2
-1
1
2
7
6
6
4
3
1
-2
-2
-2
-3
-3
-3
-3
-3
-3
-2
-3
-5
-5
-4
-4
-2
-3
-1
1
-1
-2
0
0
-1
0
1
0
0
1
2
0
1
-1
-1
-1
-3
-5
-7
-7
-8
-7
-5
-3
-2
1
1
3
3
3
5
5
5
5
5
4
3
1
0
0
-1
0
1
2
1
2
1
1
1
0
-1
-4
-5
-6
-8
-7
-9
-8
-6
-4
-2
-1
2
4
4
4
4
4
4
4
6
4
3
1
-2
-3
-4
-8
-7
-5
-5
-3
-2
-2
-2
-2
-2
-2
-2
-1
-2
-3
-2
-2
-3
-2
-2
-4
-2
0
0
1
3
4
4
6
8
7
6
6
5
2
2
-1
-1
-1
1
-1
-1
0
-1
-1
0
3
4
7
10
10
10
9
7
5
3
0
-1
0
-1
0
0
0
0
0
1
1
0
0
-1
-3
-3
-5
-3
-5
-2
1
1
2
4
4
3
6
5
3
4
3
2
0
1
1
0
2
5
5
5
5
4
3
2
-2
-3
-6
-8
-7
-8
-7
-7
-6
-4
-2
0
1
2
3
3
4
3
3
2
-1
-1
-1
-2
-2
-1
-2
-3
-3
-5
-6
-7
-7
-7
-7
-7
-6
-5
-4
-2
2
4
7
7
6
8
6
6
5
5
4
1
-1
-2
-2
-2
-3
-4
-2
-2
-2
0
0
1
2
2
1
0
2
1
1
1
1
1
0
-1
1
-2
-1
-1
-1
-1
2
3
4
3
0
-1
-2
-3
-5
-5
-5
-4
-3
-4
-4
-6
-5
-5
-5
-5
-3
0
0
1
0
-1
-2
-2
-1
0
2
2
1
0
-1
-3
-3
-3
-3
-4
-3
-2
-1
0
2
4
5
6
7
7
7
6
5
4
3
1
2
2
1
2
3
4
3
2
1
1
1
0
2
0
-2
-2
-3
-3
-2
1
1
3
2
2
3
4
2
0
1
1
2
3
3
5
4
5
5
5
3
0
-3
-5
-8
-6
-5
-5
-4
-2
1
1
1
2
3
2
2
3
2
1
1
1
0
0
-1
0
-1
0
-2
-2
-1
-2
-2
-3
-4
-5
-4
-2
-1
1
1
2
2
2
1
2
2
-1
-1
-3
-5
-6
-6
-4
-3
-2
0
2
4
3
5
6
3
2
-1
-4
-5
-5
-4
-3
-2
1
1
0
2
1
1
1
1
1
2
1
1
0
-2
-2
0
1
4
4
4
3
1
0
-1
-3
-5
-4
-5
-3
-2
-1
0
1
-1
-1
-1
-1
0
0
0
1
0
-1
-3
-2
-3
-3
-2
-1
0
0
3
2
2
3
3
2
2
4
3
4
4
3
2
1
1
0
0
-1
-4
-4
-5
-6
-5
-4
-1
2
4
5
6
8
7
6
5
4
4
3
4
1
1
-2
-3
-4
-6
-5
-3
-2
-2
-1
-2
-1
1
1
3
4
4
4
2
2
1
-2
-2
-4
-5
-4
-3
-2
-1
2
0
-1
-2
-5
-4
-3
-3
-4
-1
0
1
0
-1
-2
-3
-3
-1
0
1
2
2
3
3
2
1
2
0
-1
-2
0
0
-1
0
0
-2
-2
-1
0
-1
0
1
1
2
4
5
2
1
0
-2
-3
-3
-5
-7
-6
-7
-6
-5
-4
-2
-3
-2
-2
-2
1
3
4
6
6
5
5
3
1
1
2
0
0
1
1
1
1
0
1
1
0
1
3
3
3
3
4
1
2
2
2
0
2
1
2
4
4
3
5
6
5
6
7
6
5
3
1
0
-1
-1
0
-2
-2
-3
-4
-6
-6
-6
-9
-10
-9
-11
-8
-7
-7
-1
-1
1
2
5
7
6
6
5
3
1
-1
-2
-4
-6
-7
-7
-6
-4
-3
-3
-3
-2
-2
0
1
1
1
3
4
2
3
4
4
3
3
3
3
2
-1
-1
-3
-4
-4
-2
-2
-3
-1
0
0
1
0
1
1
1
-1
1
1
1
3
3
3
2
2
0
-1
-4
-3
-3
-3
-3
-4
-2
0
0
2
3
4
4
4
4
3
1
1
-2
-2
-4
-4
-3
-2
-1
-1
0
1
0
2
2
1
1
0
-1
-1
2
4
3
4
3
1
-1
-2
-3
-3
-3
-3
-2
-1
0
2
2
3
4
4
4
2
2
-1
-5
-6
-7
-7
-5
-4
-2
-3
-2
-3
-2
0
-1
0
0
0
0
0
2
3
2
2
0
0
-3
-5
-6
-15
-24
-23
-21
-13
0
8
20
31
33
38
39
34
30
26
19
13
3
-5
-7
-14
-17
-14
-18
-14
-12
-16
-9
-8
-11
-5
-4
-5
-3
-4
-4
-2
-2
-6
-2
-4
-7
-4
-6
-6
-3
-5
-3
-1
1
1
1
1
-4
-4
-5
-3
0
6
8
14
16
14
22
19
17
24
15
17
14
5
5
2
-5
1
-2
-7
1
-8
-11
-6
-16
-16
-13
-28
-25
-25
-47
-40
-44
-49
-29
-20
-14
11
16
29
45
43
54
57
53
57
50
36
34
17
7
5
-6
-11
-8
-24
-24
-20
-29
-21
-16
-26
-8
-11
-18
-5
-17
-22
-16
-32
-29
-26
-42
-29
-22
-31
-14
-10
-7
11
12
14
33
28
31
42
32
33
30
24
23
17
11
8
1
1
-5
-6
1
-7
-2
3
-6
5
6
-3
8
-1
-14
-3
-21
-27
-15
-31
-26
-12
-26
-18
-2
-14
1
17
9
27
43
28
36
40
18
25
24
7
24
23
12
18
19
-2
-1
2
-11
1
2
-7
-3
3
-28
-27
-21
-46
-22
-19
-35
-5
-3
-27
3
-1
-17
18
6
7
35
5
-11
6
-29
-44
-14
-41
-32
-3
-35
-23
-5
-38
-34
-10
-24
-15
0
-18
-14
-6
-34
-28
-12
-20
-13
8
20
30
46
53
64
71
62
57
56
48
46
36
34
30
20
9
7
8
2
10
22
26
37
34
27
26
17
5
4
6
3
3
-2
-9
-20
-33
-35
-41
-38
-31
-32
-29
-24
-28
-28
-21
-25
-16
-6
-3
3
2
0
-10
-12
-11
-17
-12
-3
-5
-3
3
-4
-7
-5
-7
-14
-10
-8
-15
-17
-19
-28
-32
-31
-35
-26
-19
-25
-10
-10
-17
2
-6
-8
15
4
5
36
23
25
54
37
44
71
53
62
81
64
66
75
58
52
45
23
9
-8
-28
-38
-49
-69
-78
-87
-101
-102
-105
-111
-106
-94
-98
-89
-73
-81
-73
-59
-64
-53
-37
-28
-8
15
23
40
62
70
78
99
106
122
144
143
151
151
133
124
111
88
71
55
34
18
10
-10
-17
-19
-20
-12
-2
15
28
39
44
48
51
51
47
43
44
34
27
16
4
-5
-14
-16
-16
-10
-7
6
10
9
10
6
-1
-11
-24
-45
-52
-65
-86
-97
-110
-139
-166
-187
-210
-219
-231
-237
-236
-236
-238
-246
-231
-225
-212
-191
-163
-128
-97
-76
-57
-29
-18
-5
26
55
83
121
151
175
198
206
208
225
232
232
244
252
254
245
230
210
184
159
133
113
106
99
91
87
88
70
38
24
8
-19
-11
-11
-20
-17
-31
-50
-53
-51
-42
-1
60
118
176
218
245
254
242
237
224
197
184
153
103
43
-35
-120
-186
-238
-284
-308
-320
-330
-347
-358
-366
-372
-370
-342
-309
-267
-207
-155
-101
-44
13
73
138
209
275
334
387
432
473
512
538
557
559
541
505
431
339
236
74
-128
-333
-567
-799
-1023
-1245
-1417
-1549
-1665
-1733
-1736
-1702
-1606
-1471
-1280
-1023
-745
-455
-155
138
406
660
892
1141
1374
1570
1737
1859
1953
2008
1995
1961
1906
1789
1641
1448
1212
962
661
311
-20
-344
-694
-1016
-1327
-1601
-1833
-2045
-2194
-2272
-2299
-2280
-2202
-2047
-1818
-1520
-1154
-713
-233
243
720
1193
1654
2081
2464
2811
3094
3298
3407
3423
3358
3199
2973
2702
2401
2052
1654
1226
750
251
-248
-722
-1152
-1533
-1869
-2162
-2391
-2571
-2699
-2733
-2681
-2547
-2339
-2074
-1742
-1370
-1037
-700
-311
31
299
524
695
834
928
934
914
898
771
503
152
-215
-564
-960
-1414
-1805
-2163
-2699
-3427
-4067
-4501
-4855
-5168
-5284
-5102
-4767
-4496
-4214
-3659
-2917
-2212
-1463
-480
700
1806
2678
3457
4313
5047
5502
5931
6475
6973
7181
7081
6902
6679
6211
5495
4763
4156
3478
2581
1665
879
110
-795
-1721
-2399
-2840
-3284
-3711
-3920
-3908
-3877
-3886
-3746
-3313
-2741
-2249
-1736
-1033
-286
292
799
1364
1928
2398
2675
2880
3092
3138
2933
2649
2368
2014
1556
1007
454
-101
-735
-1479
-2222
-2829
-3351
-3796
-4139
-4304
-4320
-4315
-4270
-4068
-3680
-3204
-2664
-2028
-1268
-534
103
670
1224
1737
2141
2455
2774
3066
3200
3182
3061
2894
2667
2367
2084
1855
1619
1297
862
381
-89
-537
-931
-1178
-1247
-1259
-1321
-1460
-1631
-1783
-1992
-2182
-2075
-1670
-1263
-973
-776
-756
-1015
-1441
-1697
-1593
-1348
-1220
-1104
-1068
-1542
-2549
-3527
-4090
-4402
-4681
-4718
-4280
-3751
-3613
-3657
-3338
-2720
-2152
-1440
-241
1302
2673
3548
4137
4753
5271
5552
5884
6524
7248
7616
7451
7017
6629
6160
5390
4583
4055
3612
2891
1905
1016
319
-543
-1604
-2394
-2701
-2865
-3145
-3353
-3322
-3255
-3335
-3353
-2988
-2331
-1733
-1253
-717
-122
417
843
1228
1669
2082
2258
2228
2289
2463
2474
2208
1794
1343
784
54
-658
-1139
-1519
-2049
-2684
-3175
-3477
-3774
-4054
-4173
-4102
-3913
-3669
-3320
-2757
-2094
-1585
-1177
-694
-122
474
1025
1562
2102
2517
2708
2793
2879
2913
2811
2583
2325
2094
1828
1418
961
515
-3
-488
-854
-1066
-1225
-1436
-1700
-2029
-2439
-2891
-3141
-3064
-2907
-2770
-2527
-2239
-2195
-2417
-2567
-2382
-2056
-1878
-1650
-1263
-1264
-2065
-3121
-3648
-3661
-3797
-4123
-3989
-3317
-3004
-3357
-3485
-2851
-2016
-1537
-998
203
1739
2755
3166
3672
4493
5180
5534
5957
6764
7604
7905
7633
7274
7087
6840
6294
5647
5240
4947
4333
3378
2542
1995
1377
493
-333
-754
-953
-1304
-1773
-2073
-2249
-2532
-2824
-2889
-2721
-2449
-2162
-1931
-1762
-1553
-1250
-891
-595
-402
-175
71
120
-15
-76
25
75
-129
-459
-700
-898
-1248
-1647
-1911
-2111
-2373
-2692
-2945
-3060
-3089
-3083
-3025
-2905
-2711
-2425
-2119
-1846
-1564
-1257
-930
-583
-211
135
380
509
605
722
751
668
697
846
876
793
676
559
444
313
243
260
245
93
-21
22
69
-30
-222
-370
-473
-555
-635
-662
-619
-551
-510
-470
-370
-240
-109
52
234
398
504
500
440
372
256
64
-224
-583
-957
-1271
-1499
-1737
-2004
-2238
-2326
-2263
-2172
-2128
-2022
-1775
-1435
-1072
-715
-310
178
613
928
1221
1556
1903
2180
2377
2559
2748
2924
3079
3207
3307
3367
3357
3269
3166
3102
3034
2913
2731
2520
2316
2114
1918
1761
1645
1524
1393
1279
1201
1136
1078
1065
1056
965
858
785
679
516
371
271
184
94
-22
-141
-272
-494
-824
-1150
-1440
-1748
-2082
-2364
-2558
-2729
-2935
-3170
-3347
-3430
-3462
-3448
-3319
-3070
-2767
-2481
-2233
-2002
-1815
-1675
-1508
-1300
-1072
-813
-556
-346
-194
-107
-68
-35
29
131
267
425
582
672
641
527
432
397
372
330
309
334
347
312
292
325
377
443
530
646
764
856
933
1003
1045
1037
953
824
705
589
460
330
205
86
-51
-240
-433
-623
-882
-1250
-1642
-1939
-2142
-2363
-2651
-2892
-2989
-2978
-2955
-2939
-2856
-2690
-2479
-2203
-1802
-1311
-818
-366
69
509
933
1331
1766
2302
2894
3412
3762
3971
4113
4190
4171
4081
3960
3826
3664
3449
3191
2889
2546
2185
1853
1606
1472
1407
1349
1289
1212
1119
1066
1063
1106
1165
1215
1238
1180
1069
955
808
583
312
53
-191
-450
-770
-1119
-1423
-1711
-2020
-2362
-2706
-2979
-3133
-3277
-3447
-3571
-3646
-3654
-3512
-3251
-2990
-2824
-2699
-2420
-1977
-1585
-1302
-1029
-773
-528
-251
-116
-184
-192
10
458
976
1237
1269
1293
1364
1494
1484
1276
1135
1203
1254
996
556
133
-181
-325
-442
-547
-540
-530
-537
-506
-468
-394
-278
-162
-50
76
220
361
468
476
414
381
334
222
60
-159
-486
-975
-1553
-1998
-2191
-2271
-2494
-2861
-3142
-3299
-3409
-3502
-3493
-3290
-3001
-2702
-2323
-1814
-1208
-649
-173
326
854
1421
2079
2850
3648
4247
4547
4702
4929
5247
5494
5585
5565
5484
5340
5096
4747
4321
3825
3274
2693
2139
1648
1183
752
285
-255
-781
-1220
-1519
-1674
-1766
-1852
-1935
-2032
-2074
-2004
-1887
-1803
-1744
-1675
-1608
-1536
-1445
-1435
-1578
-1795
-1908
-1789
-1534
-1326
-1191
-1086
-984
-867
-723
-536
-311
-22
281
518
657
697
691
695
731
790
837
845
796
718
584
363
134
-14
-31
37
-10
-313
-753
-1069
-1137
-1122
-1270
-1553
-1687
-1581
-1441
-1462
-1630
-1648
-1347
-982
-806
-801
-686
-294
90
153
-33
-159
-53
126
161
58
-96
-228
-311
-305
-322
-742
-1756
-2977
-3728
-3794
-3714
-4056
-4720
-5214
-5419
-5602
-5784
-5577
-4779
-3783
-3034
-2438
-1647
-624
364
1221
2084
3034
4031
5037
6065
6963
7497
7646
7676
7876
8202
8399
8296
7926
7390
6650
5764
4953
4378
3915
3276
2390
1433
552
-220
-911
-1545
-2163
-2768
-3265
-3583
-3804
-4046
-4278
-4419
-4397
-4196
-3808
-3230
-2621
-2127
-1764
-1469
-1102
-618
-45
515
876
976
917
815
721
636
524
370
115
-224
-573
-905
-1224
-1508
-1695
-1755
-1773
-1789
-1774
-1800
-1902
-2017
-2048
-1949
-1805
-1615
-1391
-1225
-1108
-964
-728
-440
-141
217
589
862
1014
1122
1225
1292
1363
1529
1709
1712
1461
1078
727
488
425
545
672
555
111
-414
-717
-734
-654
-730
-1013
-1384
-1742
-2028
-2121
-1945
-1832
-2493
-4126
-5803
-6336
-5711
-5114
-5329
-5908
-6169
-6196
-6300
-6128
-5104
-3493
-2153
-1423
-815
175
1440
2661
3682
4592
5495
6431
7395
8255
8778
8872
8702
8547
8588
8735
8742
8414
7694
6634
5384
4260
3597
3307
2879
1971
692
-606
-1707
-2561
-3100
-3373
-3597
-3968
-4471
-4920
-5160
-5094
-4757
-4302
-3776
-3114
-2301
-1472
-794
-301
114
623
1292
2021
2543
2637
2444
2161
1789
1329
923
756
662
242
-574
-1477
-2154
-2576
-2829
-2959
-3032
-3112
-3230
-3415
-3672
-3899
-3889
-3563
-3128
-2792
-2503
-2143
-1796
-1498
-1149
-684
-115
482
1088
1664
2036
2203
2274
2304
2304
2330
2463
2579
2472
2126
1677
1251
809
375
110
-20
-227
-612
-1035
-1351
-1614
-1985
-2484
-2941
-3237
-3383
-3322
-2921
-2365
-2432
-3762
-5703
-6697
-6125
-5062
-4629
-4598
-4328
-4172
-4709
-5222
-4393
-2274
-319
576
972
1712
2755
3583
4180
4999
6192
7311
7893
8043
8180
8319
8094
7528
7193
7391
7642
7323
6399
5207
3969
2865
2193
2032
1993
1579
636
-670
-2031
-3025
-3345
-3126
-2855
-2902
-3185
-3530
-3841
-3959
-3657
-2957
-2156
-1475
-887
-355
68
384
705
1152
1772
2410
2717
2513
2045
1643
1282
797
406
400
431
-113
-1162
-2061
-2523
-2791
-3042
-3162
-3111
-3109
-3336
-3674
-3875
-3804
-3477
-3050
-2697
-2410
-2049
-1636
-1309
-1039
-652
-84
481
822
949
1021
1082
1154
1298
1475
1604
1653
1529
1162
710
442
384
255
-161
-663
-904
-895
-898
-1063
-1371
-1781
-2269
-2771
-3094
-3035
-2636
-2075
-1510
-1417
-2530
-4673
-6305
-6109
-4761
-4009
-4240
-4412
-4280
-4727
-5662
-5510
-3571
-1280
-188
28
643
1876
2958
3671
4589
5924
7087
7541
7543
7741
8203
8294
7802
7415
7643
8018
7718
6733
5738
4892
3917
3080
2900
3130
2842
1636
64
-1224
-1994
-2260
-2154
-2003
-2214
-2867
-3725
-4444
-4578
-3948
-3015
-2444
-2371
-2325
-1990
-1507
-1026
-423
353
1066
1534
1832
2012
1937
1549
1067
745
599
603
606
287
-525
-1548
-2275
-2558
-2555
-2489
-2408
-2515
-2925
-3375
-3467
-3176
-2798
-2478
-2248
-2156
-2162
-2015
-1558
-1016
-658
-441
-213
13
192
444
801
1087
1212
1287
1424
1602
1741
1814
1805
1667
1421
1099
718
315
9
-152
-312
-568
-852
-1104
-1453
-2010
-2621
-2994
-3002
-2818
-2648
-2364
-1891
-1918
-3265
-5356
-6371
-5495
-4159
-4025
-4664
-4797
-4736
-5424
-6022
-4887
-2426
-805
-861
-1090
-181
1216
2122
2879
4181
5668
6397
6221
6104
6768
7633
7805
7495
7644
8290
8437
7581
6479
5852
5360
4659
4212
4300
4230
3280
1711
350
-405
-693
-721
-749
-1173
-2058
-3048
-3785
-4080
-3822
-3210
-2857
-3087
-3442
-3344
-2910
-2523
-2063
-1305
-546
-113
218
710
1081
1009
743
660
751
875
1040
1117
765
-21
-705
-914
-913
-1017
-1160
-1307
-1634
-2066
-2244
-2076
-1916
-2026
-2227
-2293
-2262
-2172
-1944
-1684
-1618
-1687
-1633
-1388
-1070
-783
-552
-430
-393
-271
91
539
860
1064
1131
1173
1244
1295
1219
1004
729
509
427
404
293
31
-419
-1120
-1885
-2343
-2302
-1963
-1687
-1532
-1494
-2118
-3771
-5515
-5865
-4775
-3902
-4298
-5069
-5255
-5513
-6300
-6417
-4828
-2625
-1667
-1970
-1921
-807
558
1589
2629
4004
5201
5557
5387
5718
6811
7743
7840
7653
7929
8306
7983
7169
6687
6587
6157
5373
4977
5020
4687
3543
2188
1340
946
549
48
-441
-1068
-1937
-2853
-3496
-3713
-3643
-3564
-3684
-4021
-4243
-4014
-3525
-3133
-2755
-2231
-1734
-1332
-864
-190
434
634
510
427
526
821
1228
1483
1311
737
226
92
237
369
364
197
-98
-410
-643
-802
-1012
-1304
-1636
-1887
-2068
-2163
-2167
-2198
-2309
-2467
-2574
-2537
-2346
-2065
-1767
-1540
-1360
-1073
-635
-213
86
272
378
518
816
1145
1274
1268
1219
1107
897
679
601
531
57
-759
-1222
-1160
-1025
-1014
-968
-1226
-2591
-4685
-5725
-4934
-3931
-4317
-5429
-5932
-6047
-6587
-6855
-5632
-3597
-2703
-3253
-3517
-2420
-805
365
1383
2765
3961
4204
3997
4578
6072
7349
7583
7374
7629
8205
8254
7758
7575
7783
7475
6412
5610
5607
5552
4659
3455
2723
2268
1579
808
258
-214
-896
-1729
-2367
-2681
-2860
-3140
-3635
-4107
-4210
-3912
-3521
-3243
-3076
-2992
-2953
-2752
-2107
-1140
-323
-133
-595
-1187
-1274
-621
373
1062
1154
814
270
-137
-17
656
1439
1753
1369
656
148
76
207
267
136
-235
-747
-1358
-1749
-1796
-1735
-1818
-2029
-2207
-2326
-2386
-2347
-2194
-1974
-1766
-1599
-1338
-1009
-751
-614
-534
-385
-22
363
623
803
837
777
825
981
1022
789
322
-171
-519
-676
-720
-696
-802
-1579
-3273
-5041
-5629
-4930
-4337
-4838
-5594
-5803
-6145
-6974
-7021
-5347
-3263
-2777
-3536
-3442
-2015
-594
279
1460
3149
4205
4019
3757
4733
6471
7504
7479
7377
7745
8053
7807
7467
7740
8112
7528
6273
5587
5687
5598
4747
3741
3237
2749
1796
855
458
240
-458
-1478
-2145
-2295
-2425
-2905
-3499
-3846
-3838
-3645
-3498
-3400
-3250
-3086
-3049
-2978
-2522
-1691
-978
-864
-1150
-1298
-1125
-709
-84
614
997
802
340
140
369
836
1268
1452
1242
778
359
162
115
99
-12
-287
-727
-1160
-1350
-1393
-1550
-1796
-1943
-1996
-2008
-2000
-1952
-1900
-1877
-1848
-1685
-1349
-1015
-824
-716
-599
-407
-157
48
187
258
301
419
734
931
636
74
-345
-368
-240
-289
-362
-235
-392
-1572
-3380
-4472
-4154
-3434
-3694
-4775
-5468
-5691
-6250
-6848
-6312
-4682
-3606
-4016
-4607
-3830
-2196
-977
-48
1277
2608
3027
2749
3160
4802
6451
6921
6719
6835
7296
7437
7253
7483
8151
8174
7146
6122
5939
6082
5679
4855
4269
3891
3114
1981
1197
888
486
-316
-1152
-1652
-1984
-2475
-3084
-3522
-3669
-3616
-3483
-3303
-3184
-3190
-3197
-3017
-2622
-2095
-1532
-1092
-936
-1172
-1531
-1471
-826
2
482
489
248
17
-37
190
756
1368
1547
1274
858
590
546
620
620
434
6
-494
-805
-935
-981
-1061
-1346
-1777
-2104
-2177
-2021
-1798
-1670
-1660
-1693
-1650
-1448
-1204
-1015
-857
-824
-864
-746
-466
-241
-218
-207
-30
188
228
119
-26
-295
-627
-827
-827
-650
-418
-648
-1859
-3596
-4593
-4272
-3655
-3860
-4486
-4826
-5397
-6496
-6935
-5731
-3856
-3097
-3519
-3668
-2909
-1921
-956
477
2218
3288
3299
3133
3801
5271
6452
6772
6827
7181
7529
7387
7157
7564
8161
7869
6817
6163
6183
5944
5161
4503
4304
3814
2642
1578
1216
955
122
-914
-1515
-1753
-2154
-2740
-3194
-3500
-3812
-4058
-3961
-3598
-3336
-3360
-3540
-3463
-3025
-2404
-1789
-1311
-1069
-1153
-1478
-1506
-849
50
545
532
353
290
334
512
947
1356
1322
936
679
679
703
587
384
144
-226
-671
-891
-834
-817
-992
-1278
-1537
-1629
-1569
-1357
-1083
-1025
-1167
-1263
-1177
-971
-762
-595
-493
-462
-431
-314
-93
69
74
63
170
346
500
463
143
-371
-844
-1057
-1085
-1005
-846
-1199
-2718
-4579
-5239
-4544
-3880
-4181
-4805
-5121
-5727
-6689
-6657
-5062
-3301
-2911
-3539
-3656
-2796
-1665
-556
843
2305
2981
2703
2518
3436
5100
6285
6497
6497
6788
6909
6688
6757
7451
7941
7326
6222
5761
5876
5702
5083
4611
4348
3671
2565
1843
1690
1403
582
-330
-822
-1141
-1692
-2281
-2620
-2902
-3308
-3598
-3480
-3170
-3076
-3235
-3334
-3124
-2716
-2266
-1795
-1375
-1135
-1130
-1237
-1115
-581
45
339
252
86
85
190
356
719
1094
1045
667
445
541
710
763
729
539
98
-388
-545
-438
-478
-751
-1052
-1284
-1516
-1700
-1657
-1477
-1437
-1509
-1510
-1461
-1453
-1344
-1008
-718
-682
-687
-491
-272
-247
-235
-14
221
285
299
276
43
-359
-625
-680
-765
-787
-530
-801
-2460
-4326
-4601
-3625
-3267
-4082
-4717
-4676
-5229
-6522
-6576
-4739
-3082
-3207
-4063
-3791
-2487
-1539
-925
455
2241
2941
2434
2265
3586
5442
6211
6044
6244
6854
6892
6382
6459
7403
7828
6842
5681
5669
6096
5687
4699
4275
4298
3600
2235
1545
1722
1451
231
-930
-1259
-1325
-1899
-2661
-2951
-3042
-3437
-3781
-3590
-3168
-3104
-3349
-3382
-2977
-2391
-1872
-1410
-1087
-1074
-1272
-1364
-1017
-252
407
506
284
125
139
295
594
1059
1399
1149
620
523
859
1129
1029
828
616
189
-406
-636
-412
-324
-630
-1020
-1292
-1493
-1573
-1476
-1251
-1133
-1214
-1287
-1201
-1042
-815
-592
-478
-390
-247
-83
38
11
-62
-45
-46
-31
120
205
-112
-747
-1232
-1276
-1153
-1050
-864
-1111
-2401
-4079
-4711
-4067
-3486
-3895
-4560
-4834
-5338
-6239
-6300
-4927
-3430
-3180
-3716
-3594
-2571
-1589
-823
353
1785
2534
2410
2414
3468
5090
5977
5914
5886
6334
6658
6532
6576
7207
7574
6821
5747
5599
6038
5805
4884
4255
4052
3409
2199
1457
1506
1332
322
-789
-1269
-1482
-2024
-2598
-2699
-2657
-2956
-3305
-3206
-2838
-2683
-2743
-2600
-2178
-1753
-1433
-1110
-786
-590
-513
-457
-384
-219
-9
37
-84
-156
-119
-138
-202
-93
226
399
299
313
538
642
545
437
381
242
-15
-198
-246
-372
-610
-809
-1000
-1217
-1366
-1355
-1247
-1212
-1278
-1298
-1181
-983
-762
-508
-265
-151
-185
-180
-3
135
109
116
194
181
33
-106
-250
-620
-1195
-1542
-1561
-1525
-1470
-1534
-2315
-3735
-4687
-4503
-3959
-4155
-4770
-4899
-4936
-5645
-6153
-5274
-3694
-3033
-3476
-3539
-2521
-1375
-713
144
1533
2635
2821
2748
3553
5124
6128
6058
5881
6307
6772
6581
6271
6679
7261
6752
5453
4962
5497
5628
4785
3997
3896
3654
2548
1517
1500
1626
848
-295
-851
-931
-1309
-2033
-2386
-2310
-2428
-2791
-2898
-2644
-2410
-2426
-2455
-2202
-1778
-1422
-1130
-787
-485
-411
-479
-432
-154
163
221
16
-119
-57
-6
-32
32
253
301
33
-137
73
347
301
58
-98
-169
-371
-575
-568
-521
-723
-1114
-1367
-1393
-1362
-1339
-1287
-1272
-1272
-1246
-1194
-1011
-673
-335
-138
-106
-102
24
181
235
255
262
156
-34
-174
-207
-294
-633
-1084
-1343
-1414
-1535
-1641
-1515
-1433
-2111
-3502
-4397
-4055
-3445
-3775
-4572
-4767
-4618
-5022
-5554
-4938
-3467
-2832
-3384
-3543
-2353
-952
-425
-58
1065
2339
2749
2759
3587
5139
6054
5824
5593
6186
6906
6913
6576
6722
7037
6490
5340
4965
5496
5616
4695
3688
3410
3198
2312
1424
1284
1252
407
-864
-1468
-1388
-1534
-2148
-2561
-2543
-2608
-2993
-3219
-2921
-2599
-2646
-2705
-2421
-1958
-1609
-1382
-1053
-598
-211
-13
20
-48
-5
148
194
252
455
502
173
-217
-196
241
495
412
442
514
218
-159
-165
34
58
-206
-509
-659
-818
-997
-963
-814
-826
-949
-1087
-1163
-1110
-999
-841
-664
-536
-381
-180
-64
-3
137
266
276
294
388
376
62
-342
-417
-325
-588
-1004
-1145
-1213
-1547
-1952
-1849
-1463
-1960
-3384
-4349
-4160
-3765
-4200
-4936
-4884
-4506
-4984
-5791
-5415
-3983
-3171
-3553
-3676
-2517
-1137
-689
-421
822
2388
2957
2836
3470
5032
6099
5906
5611
6309
7190
7076
6440
6442
6857
6483
5403
5043
5575
5571
4513
3573
3496
3443
2596
1627
1415
1353
516
-630
-1066
-930
-1123
-1869
-2421
-2377
-2308
-2595
-2776
-2480
-2223
-2393
-2613
-2372
-1774
-1362
-1210
-929
-567
-490
-614
-621
-390
-127
-125
-316
-358
-174
-80
-150
-47
340
684
649
474
557
686
458
116
101
156
-172
-698
-959
-926
-969
-1199
-1302
-1192
-1234
-1513
-1673
-1522
-1279
-1224
-1283
-1212
-1001
-813
-614
-302
11
109
31
22
221
446
433
194
-29
-108
-192
-380
-504
-451
-480
-815
-1172
-1098
-902
-1443
-2830
-3935
-4001
-3775
-4206
-4911
-4969
-4756
-5250
-5975
-5525
-4032
-3125
-3410
-3608
-2682
-1444
-890
-465
719
2126
2701
2679
3278
4752
5896
5915
5665
6129
6823
6787
6291
6387
6997
6912
5992
5564
6054
6232
5316
4271
4042
3988
3165
2046
1575
1429
672
-482
-1065
-998
-1146
-1818
-2405
-2530
-2555
-2844
-3093
-2964
-2792
-2960
-3198
-3024
-2479
-2010
-1775
-1455
-987
-720
-676
-514
-214
-62
-164
-314
-243
-48
43
33
107
279
431
457
389
416
440
244
-37
-156
-215
-442
-785
-991
-936
-885
-968
-957
-911
-1072
-1338
-1407
-1242
-1046
-990
-1016
-988
-942
-887
-661
-258
66
151
63
-25
0
106
104
-17
-93
-105
-166
-215
-119
-21
-167
-443
-454
-320
-469
-741
-899
-1562
-3009
-4119
-3896
-3159
-3436
-4467
-4802
-4519
-4838
-5388
-4736
-3279
-2831
-3595
-3863
-2709
-1298
-730
-322
828
2093
2542
2552
3240
4653
5538
5338
5117
5799
6600
6494
6017
6275
6944
6829
6028
5796
6189
5902
4726
3891
3821
3550
2544
1588
1290
1054
282
-507
-681
-703
-1233
-2021
-2455
-2520
-2689
-3132
-3474
-3481
-3409
-3414
-3255
-2745
-2098
-1695
-1597
-1440
-990
-551
-426
-404
-228
-56
-166
-355
-173
290
464
298
260
403
354
81
-38
97
118
-167
-437
-428
-318
-309
-314
-243
-202
-344
-643
-884
-964
-1018
-1147
-1247
-1210
-1134
-1142
-1110
-805
-308
11
60
75
130
60
-138
-197
-39
8
-269
-592
-635
-513
-425
-265
11
110
-189
-634
-834
-806
-848
-1079
-1348
-1503
-1730
-2276
-2909
-3159
-3049
-3132
-3675
-4190
-4274
-4364
-4774
-4925
-4336
-3518
-3142
-2973
-2333
-1259
-366
232
997
1992
2667
2826
2998
3619
4432
4905
5079
5441
5985
6230
6167
6300
6706
6853
6444
5890
5573
5265
4728
4213
3963
3722
3139
2408
1959
1745
1439
971
492
38
-561
-1324
-1949
-2325
-2639
-2956
-3153
-3200
-3209
-3222
-3124
-2907
-2733
-2617
-2448
-2265
-2173
-2110
-1965
-1788
-1659
-1455
-1055
-617
-369
-279
-194
-112
-48
41
146
175
100
-3
-13
140
408
627
587
301
35
-99
-224
-391
-537
-717
-1020
-1307
-1308
-1017
-726
-597
-488
-316
-181
-106
28
229
286
50
-307
-499
-522
-549
-607
-582
-490
-465
-530
-572
-548
-556
-639
-712
-756
-863
-1063
-1250
-1287
-1146
-947
-793
-738
-979
-1630
-2342
-2639
-2604
-2779
-3291
-3714
-3895
-4131
-4309
-3856
-2883
-2243
-2236
-2213
-1692
-1018
-525
77
977
1733
2045
2306
3011
4015
4835
5359
5792
6171
6343
6313
6321
6487
6590
6376
5945
5560
5297
5033
4706
4427
4229
3879
3239
2519
1911
1359
727
49
-561
-1113
-1693
-2191
-2452
-2527
-2599
-2737
-2883
-3005
-3130
-3265
-3354
-3364
-3303
-3176
-2992
-2735
-2407
-2066
-1818
-1688
-1547
-1274
-973
-778
-687
-619
-535
-425
-209
128
468
654
709
730
723
691
649
574
395
112
-213
-507
-733
-910
-1040
-1108
-1125
-1124
-1098
-1016
-908
-861
-893
-915
-862
-817
-840
-823
-687
-509
-388
-272
-101
32
31
-59
-118
-133
-167
-204
-223
-260
-366
-492
-514
-411
-323
-397
-596
-759
-817
-802
-694
-462
-304
-514
-1017
-1390
-1448
-1440
-1567
-1730
-1899
-2239
-2669
-2805
-2531
-2210
-2138
-2166
-2049
-1765
-1344
-723
76
852
1441
1918
2445
3081
3740
4287
4668
4943
5163
5308
5406
5568
5796
5915
5815
5582
5334
5039
4642
4215
3837
3449
2943
2332
1730
1207
731
245
-237
-693
-1175
-1717
-2196
-2458
-2523
-2546
-2591
-2590
-2539
-2508
-2468
-2308
-2051
-1848
-1757
-1673
-1540
-1429
-1374
-1335
-1320
-1387
-1494
-1518
-1463
-1415
-1403
-1351
-1236
-1124
-1055
-1005
-958
-942
-954
-952
-879
-734
-571
-411
-229
-10
178
284
322
334
279
161
31
-79
-142
-217
-244
-187
-115
-124
-201
-261
-272
-272
-278
-280
-267
-251
-271
-313
-308
-257
-241
-319
-442
-519
-540
-547
-552
-575
-659
-802
-931
-985
-974
-967
-929
-801
-584
-315
5
265
275
0
-340
-575
-811
-1142
-1466
-1726
-2025
-2294
-2310
-2046
-1776
-1662
-1571
-1333
-975
-522
28
608
1119
1555
1995
2516
3094
3601
3941
4108
4185
4267
4368
4473
4572
4591
4471
4260
4060
3901
3765
3590
3369
3068
2650
2203
1831
1543
1295
1074
861
624
356
119
-14
-60
-89
-125
-199
-345
-526
-687
-828
-949
-1067
-1228
-1463
-1729
-1932
-2039
-2118
-2213
-2307
-2445
-2675
-2934
-3120
-3195
-3224
-3248
-3235
-3208
-3146
-3019
-2790
-2477
-2150
-1846
-1620
-1453
-1206
-855
-490
-176
85
300
432
493
540
582
553
413
241
119
56
18
-19
-50
-90
-132
-141
-102
-38
0
20
32
79
201
337
425
422
305
180
113
96
129
137
91
5
-67
-104
-132
-154
-215
-329
-445
-494
-430
-308
-192
-54
96
209
227
152
49
-79
-267
-491
-638
-713
-843
-1029
-1168
-1230
-1265
-1261
-1153
-972
-768
-529
-181
285
770
1231
1647
1975
2186
2339
2501
2676
2836
2963
3060
3130
3186
3256
3337
3399
3381
3270
3104
2927
2774
2621
2448
2246
1989
1719
1474
1301
1169
999
789
561
349
175
50
-38
-164
-347
-564
-774
-947
-1111
-1268
-1427
-1585
-1719
-1820
-1902
-2014
-2149
-2289
-2453
-2610
-2748
-2863
-2963
-3031
-3027
-2944
-2805
-2662
-2531
-2394
-2262
-2107
-1891
-1639
-1396
-1180
-964
-745
-547
-416
-370
-380
-449
-538
-560
-483
-324
-128
62
222
367
498
579
606
575
480
377
319
351
449
584
733
830
835
781
709
648
614
609
641
670
686
694
693
681
626
559
492
385
256
143
86
107
151
194
151
10
-173
-378
-537
-619
-598
-529
-507
-525
-540
-548
-579
-659
-777
-920
-1052
-1137
-1086
-867
-542
-186
165
497
780
963
1059
1120
1181
1227
1264
1347
1485
1644
1816
1996
2150
2235
2241
2200
2139
2078
2044
2058
2079
2046
1976
1875
1744
1591
1424
1281
1148
1015
888
777
707
638
539
397
200
-23
-274
-529
-725
-859
-963
-1088
-1229
-1380
-1575
-1775
-1954
-2091
-2199
-2295
-2328
-2288
-2204
-2102
-1990
-1880
-1825
-1811
-1805
-1799
-1790
-1778
-1712
-1551
-1333
-1101
-892
-720
-594
-514
-441
-376
-348
-362
-409
-449
-446
-375
-247
-106
9
76
100
115
157
230
298
327
333
344
376
420
475
531
543
496
444
419
422
406
389
382
344
266
162
81
36
-16
-60
-56
13
117
234
379
540
645
662
599
488
348
170
-25
-209
-353
-450
-504
-493
-443
-385
-321
-271
-224
-172
-110
-35
35
142
299
500
698
855
954
979
917
790
658
567
493
433
441
576
806
1091
1397
1676
1868
1924
1877
1762
1610
1458
1339
1253
1201
1170
1180
1224
1261
1275
1218
1087
861
586
319
81
-95
-220
-322
-401
-478
-571
-677
-801
-918
-1035
-1159
-1297
-1438
-1556
-1641
-1681
-1685
-1667
-1631
-1591
-1553
-1509
-1455
-1373
-1278
-1170
-1059
-944
-856
-802
-753
-704
-658
-632
-616
-607
-626
-681
-744
-758
-714
-656
-601
-539
-463
-373
-285
-188
-72
25
75
77
77
83
72
63
58
40
6
-23
-12
43
96
150
228
322
417
485
576
677
717
701
646
610
571
497
427
353
285
209
116
65
51
42
1
-56
-76
-80
-78
-86
-78
-63
-86
-130
-134
-80
-29
-19
-11
26
65
105
165
216
252
259
261
296
348
438
528
609
702
788
902
1031
1147
1263
1319
1313
1266
1199
1147
1071
1003
961
890
808
706
607
523
404
282
159
66
25
3
39
117
207
282
291
265
191
52
-158
-410
-604
-747
-863
-932
-927
-857
-788
-717
-609
-525
-504
-541
-583
-592
-560
-463
-326
-186
-54
21
39
-23
-157
-338
-592
-873
-1142
-1324
-1380
-1359
-1246
-1071
-874
-688
-559
-446
-372
-338
-332
-359
-372
-380
-379
-368
-361
-359
-385
-420
-444
-472
-480
-457
-387
-297
-193
-69
59
190
301
375
424
459
473
464
436
413
372
326
288
240
198
151
93
63
63
95
114
109
113
121
115
95
114
191
273
329
379
454
526
541
538
558
573
556
488
403
344
303
285
281
296
316
302
265
234
258
291
295
296
290
274
222
142
73
6
-66
-143
-210
-238
-209
-142
-68
19
121
204
234
216
185
125
27
-68
-112
-121
-126
-113
-75
-9
64
136
221
289
330
350
372
412
451
470
447
414
403
403
406
416
442
456
426
371
307
225
113
-29
-162
-277
-355
-367
-310
-212
-118
-25
14
-27
-125
-266
-418
-578
-700
-762
-773
-723
-610
-457
-318
-240
-238
-328
-485
-665
-817
-908
-941
-896
-762
-582
-379
-190
-42
32
25
-62
-208
-360
-476
-539
-553
-532
-474
-418
-371
-328
-294
-270
-279
-319
-368
-394
-358
-273
-159
-40
54
140
192
227
267
286
286
246
186
148
115
109
136
204
314
438
561
665
752
831
874
894
873
794
663
492
329
181
70
17
-11
-27
-40
-45
-30
-3
18
19
8
-26
-70
-72
-15
90
219
334
430
489
503
469
369
220
34
-165
-341
-472
-527
-493
-376
-207
-2
213
377
457
455
376
242
52
-151
-301
-387
-409
-374
-273
-121
28
143
223
265
259
194
112
55
46
91
172
297
442
573
678
720
710
655
557
416
271
176
136
150
223
338
467
554
594
590
524
398
223
17
-188
-388
-547
-635
-683
-703
-716
-719
-722
-737
-745
-737
-712
-670
-615
-524
-407
-282
-172
-98
-42
-44
-124
-254
-421
-592
-745
-866
-925
-921
-863
-761
-649
-531
-417
-326
-262
-218
-182
-142
-87
-14
64
136
167
148
88
-24
-162
-299
-406
-451
-434
-337
-178
8
194
335
408
411
376
312
233
171
149
187
273
398
530
629
658
598
480
333
189
91
60
115
223
383
572
739
840
847
766
609
395
172
-12
-124
-159
-126
-41
63
150
195
192
149
80
-12
-91
-146
-153
-107
-32
39
83
90
50
-24
-113
-193
-244
-257
-220
-127
2
139
254
331
366
348
289
214
142
95
67
65
68
53
25
-18
-72
-136
-217
-287
-312
-269
-160
-7
185
363
477
522
481
365
185
-37
-262
-443
-549
-578
-513
-369
-187
-4
143
239
266
231
158
66
-25
-94
-129
-112
-68
-21
3
-10
-63
-161
-285
-430
-569
-675
-734
-725
-646
-505
-335
-177
-56
11
18
-28
-122
-240
-356
-465
-543
-562
-508
-393
-235
-55
121
261
353
387
377
336
264
192
132
101
120
183
277
370
434
455
421
338
221
98
0
-56
-65
-18
78
191
297
375
411
401
334
217
66
-92
-222
-319
-365
-363
-328
-295
-266
-216
-177
-151
-135
-125
-113
-96
-65
-14
56
143
226
293
344
371
360
315
239
140
30
-74
-155
-189
-171
-127
-66
10
77
125
147
126
70
-12
-97
-167
-201
-197
-159
-109
-55
-10
-4
-33
-87
-149
-194
-196
-143
-36
119
299
476
621
709
715
652
530
371
197
53
-27
-51
-13
69
157
217
230
184
97
-26
-161
-278
-352
-365
-319
-225
-107
-4
52
45
-31
-164
-320
-454
-548
-581
-539
-430
-286
-126
19
116
142
106
18
-89
-191
-253
-264
-233
-153
-59
40
126
169
165
121
54
-20
-72
-102
-95
-47
25
98
163
219
236
206
136
48
-56
-152
-216
-240
-230
-191
-128
-51
34
115
177
216
227
219
207
197
188
177
162
139
107
77
53
24
-6
-27
-51
-83
-115
-145
-178
-202
-210
-206
-187
-154
-96
-19
75
167
234
260
241
175
73
-42
-155
-255
-318
-332
-298
-237
-180
-135
-124
-152
-210
-286
-348
-368
-327
-219
-45
160
353
510
596
596
514
363
184
21
-92
-124
-68
67
239
420
557
620
602
498
343
159
-8
-114
-153
-125
-32
86
191
252
246
166
25
-149
-319
-450
-511
-475
-355
-166
61
270
410
467
420
282
84
-137
-335
-476
-528
-486
-365
-205
-47
71
129
122
47
-55
-159
-242
-265
-222
-128
5
156
282
349
343
255
100
-91
-286
-445
-547
-577
-528
-422
-274
-113
25
112
141
116
58
-24
-101
-153
-163
-126
-46
55
159
244
285
280
239
170
91
41
19
35
86
162
247
322
366
352
285
167
20
-132
-261
-340
-355
-307
-207
-76
60
184
266
297
273
202
102
-2
-97
-163
-192
-198
-181
-153
-122
-98
-93
-103
-124
-157
-188
-200
-180
-135
-58
38
142
238
311
358
375
362
309
231
145
63
-5
-47
-61
-52
-22
23
61
73
56
8
-60
-134
-199
-239
-249
-231
-183
-114
-34
46
114
164
196
198
174
145
112
80
60
41
23
6
-7
-15
-26
-38
-55
-69
-89
-106
-113
-107
-84
-56
-22
14
39
45
28
-16
-87
-172
-257
-310
-328
-300
-230
-125
-3
102
173
197
170
95
-6
-102
-186
-236
-241
-204
-130
-51
23
68
82
65
26
-4
-23
-9
46
138
247
350
429
475
457
383
263
114
-39
-163
-246
-269
-230
-142
-23
102
205
265
272
223
129
4
-125
-232
-300
-313
-272
-189
-83
20
104
145
132
79
-8
-94
-155
-179
-147
-64
58
183
280
327
299
197
42
-138
-303
-417
-463
-429
-321
-170
-14
125
218
257
247
196
127
57
5
-12
-2
25
52
60
37
-12
-82
-150
-203
-214
-173
-82
45
188
317
404
434
396
303
170
29
-95
-176
-213
-196
-137
-58
15
66
76
36
-38
-125
-210
-262
-266
-221
-131
-18
91
164
180
143
54
-78
-217
-328
-390
-377
-287
-137
48
238
393
486
495
427
283
102
-68
-209
-284
-291
-234
-133
-11
91
153
158
103
8
-113
-217
-288
-306
-259
-153
-14
136
268
358
386
353
270
152
28
-73
-133
-145
-107
-37
50
129
172
167
103
7
-110
-213
-276
-295
-266
-195
-92
8
93
141
143
105
36
-50
-124
-185
-205
-185
-132
-57
14
73
103
106
70
15
-48
-99
-120
-105
-43
35
118
184
214
201
145
62
-21
-87
-124
-118
-75
-10
60
117
137
124
83
22
-31
-62
-65
-26
45
136
225
291
312
267
167
25
-120
-252
-345
-367
-315
-203
-49
111
242
331
359
319
226
104
-26
-126
-191
-215
-200
-158
-94
-43
-8
0
-24
-69
-128
-188
-237
-268
-265
-220
-143
-40
75
188
274
326
318
263
163
34
-106
-231
-312
-339
-297
-198
-61
87
211
283
299
257
172
72
-20
-73
-75
-32
52
143
206
229
197
118
0
-125
-220
-269
-254
-179
-57
85
215
304
326
283
175
35
-105
-221
-287
-292
-248
-175
-96
-34
-8
-27
-73
-135
-188
-218
-209
-150
-55
58
160
230
261
235
160
57
-50
-140
-195
-201
-167
-105
-25
49
100
130
122
92
56
21
-3
-3
12
45
85
120
147
150
137
110
85
61
45
38
31
22
9
-10
-35
-58
-78
-90
-85
-75
-63
-45
-38
-41
-58
-94
-130
-155
-166
-151
-104
-33
53
142
211
242
217
150
63
-38
-137
-207
-233
-213
-155
-66
30
112
153
148
109
29
-60
-139
-178
-163
-109
-13
110
220
297
324
300
223
117
10
-87
-149
-168
-154
-107
-47
16
71
103
123
123
109
94
75
52
28
5
-14
-34
-48
-70
-88
-100
-107
-106
-94
-73
-50
-27
-14
-9
-19
-38
-57
-75
-78
-65
-42
-4
35
65
72
54
13
-49
-113
-171
-196
-194
-151
-76
13
113
195
246
266
238
163
67
-38
-129
-189
-205
-181
-113
-22
73
155
205
212
171
97
17
-66
-126
-152
-130
-54
53
174
283
356
376
340
251
120
-31
-176
-286
-341
-342
-293
-206
-102
-6
64
89
58
-4
-83
-162
-222
-243
-220
-155
-64
43
141
212
250
243
194
124
36
-50
-113
-150
-158
-141
-101
-49
6
53
89
112
114
105
82
42
0
-46
-84
-104
-111
-97
-62
-10
42
87
123
137
135
114
79
45
13
-4
-6
8
31
56
76
99
107
102
83
48
9
-29
-54
-62
-58
-45
-27
-5
7
7
-8
-31
-60
-96
-124
-136
-138
-129
-111
-101
-97
-102
-111
-120
-116
-97
-67
-24
28
78
118
138
131
101
52
10
-23
-38
-27
6
52
100
138
158
154
125
70
-1
-79
-139
-178
-189
-166
-123
-64
-4
40
65
63
40
1
-46
-82
-102
-94
-58
-5
63
136
194
228
238
221
172
106
39
-34
-100
-150
-183
-179
-153
-108
-48
7
58
91
100
87
55
12
-32
-62
-81
-78
-50
-15
25
55
63
46
8
-46
-100
-141
-158
-142
-90
-4
96
198
276
315
304
240
143
22
-98
-192
-242
-237
-182
-79
34
144
223
257
241
182
93
-12
-107
-172
-202
-189
-143
-72
-3
50
78
69
30
-30
-91
-144
-169
-164
-122
-49
31
115
183
227
240
222
179
113
34
-51
-141
-208
-255
-274
-257
-217
-149
-64
27
116
184
224
231
199
138
54
-32
-117
-182
-207
-202
-162
-97
-21
53
110
137
131
101
52
-2
-44
-61
-48
-12
45
115
170
197
198
154
78
-21
-131
-228
-300
-334
-322
-266
-173
-56
56
156
219
236
204
142
55
-43
-125
-183
-205
-186
-136
-58
31
110
167
194
182
135
65
-14
-85
-135
-152
-121
-59
22
107
180
217
215
179
102
3
-92
-168
-214
-218
-176
-103
-12
75
137
162
147
94
12
-69
-142
-180
-174
-127
-43
60
164
249
297
307
277
212
131
44
-37
-102
-140
-158
-157
-144
-123
-98
-81
-64
-54
-54
-47
-43
-39
-28
-21
-14
-12
-16
-27
-40
-47
-59
-61
-53
-44
-21
4
36
67
99
123
137
146
144
134
126
113
103
96
77
60
30
-8
-51
-96
-141
-176
-190
-188
-160
-113
-52
10
65
112
139
142
122
77
14
-47
-103
-139
-145
-124
-79
-20
39
85
108
96
57
0
-64
-115
-141
-131
-87
-17
68
156
219
246
229
167
71
-40
-151
-237
-282
-275
-216
-117
7
123
210
255
246
184
89
-12
-107
-171
-187
-156
-93
-13
66
122
141
121
69
-1
-73
-122
-138
-117
-68
-4
62
121
149
142
107
46
-24
-91
-135
-156
-147
-114
-76
-39
-12
2
1
-8
-18
-20
-5
28
74
115
150
165
151
110
47
-24
-92
-140
-161
-143
-96
-28
41
96
122
110
68
11
-60
-118
-150
-148
-103
-29
62
151
221
253
246
194
108
9
-92
-178
-229
-236
-206
-141
-54
33
110
162
174
155
110
46
-17
-75
-115
-131
-121
-90
-51
-10
25
34
20
-6
-55
-107
-151
-176
-172
-140
-79
1
93
182
245
277
272
234
166
78
-14
-97
-158
-182
-175
-133
-62
16
92
151
179
175
147
93
31
-19
-58
-77
-79
-62
-38
-19
-11
-16
-34
-65
-94
-121
-131
-121
-90
-38
22
84
131
161
168
145
102
46
-11
-58
-97
-109
-100
-76
-44
-11
16
34
38
35
21
7
-7
-14
-10
2
27
45
59
55
32
-4
-45
-83
-117
-129
-119
-83
-29
32
97
147
168
158
118
54
-18
-84
-125
-136
-121
-73
-15
38
82
98
79
26
-45
-121
-178
-198
-183
-119
-31
71
168
236
263
236
168
77
-25
-117
-172
-184
-150
-81
5
84
138
153
123
60
-18
-96
-159
-188
-169
-115
-31
66
150
200
208
170
95
-5
-105
-189
-239
-244
-207
-134
-46
42
110
154
162
143
107
67
30
5
-6
-4
5
17
28
26
14
-8
-32
-53
-72
-83
-84
-67
-39
-7
27
64
94
107
108
95
70
46
16
-14
-41
-65
-83
-94
-95
-90
-74
-51
-20
5
33
62
75
81
80
71
55
34
16
-1
-14
-22
-26
-28
-29
-31
-34
-33
-32
-37
-43
-47
-45
-42
-34
-17
-1
21
46
72
96
112
111
97
63
15
-37
-85
-125
-145
-132
-91
-30
39
99
139
153
135
95
42
-16
-64
-94
-100
-84
-50
-14
16
32
24
-4
-41
-82
-114
-126
-112
-76
-24
38
93
135
152
148
116
66
9
-42
-78
-91
-83
-64
-33
-3
19
23
18
5
-12
-22
-25
-13
8
32
57
71
71
52
20
-21
-59
-84
-88
-74
-46
-7
33
67
84
86
63
30
-9
-46
-63
-59
-36
1
46
81
100
96
68
27
-24
-69
-97
-107
-95
-62
-18
23
55
74
68
39
-8
-61
-108
-136
-144
-123
-70
-2
71
135
175
182
159
112
44
-24
-89
-131
-141
-125
-82
-27
29
74
89
84
65
25
-17
-46
-60
-49
-16
29
73
105
116
104
66
9
-56
-122
-166
-180
-177
-142
-81
-11
54
107
137
142
127
95
61
28
8
4
10
24
36
37
24
-3
-43
-86
-121
-145
-149
-129
-92
-45
13
61
98
117
119
97
62
25
-10
-34
-44
-48
-46
-45
-46
-52
-64
-71
-75
-70
-50
-15
34
86
135
173
192
184
146
94
32
-28
-86
-124
-141
-143
-127
-100
-63
-30
-2
20
35
42
44
45
46
48
50
51
56
57
46
31
16
-4
-28
-51
-68
-80
-88
-88
-77
-55
-20
20
63
107
136
144
134
102
54
-1
-46
-90
-119
-128
-121
-105
-76
-44
-21
-4
4
1
-9
-15
-19
-16
-2
22
47
76
101
114
108
88
56
10
-40
-79
-104
-113
-108
-93
-64
-31
2
30
52
64
65
61
54
47
36
31
27
20
14
8
-2
-7
-11
-19
-29
-40
-55
-69
-78
-83
-79
-65
-35
-5
30
64
87
105
111
101
78
50
14
-20
-47
-65
-72
-71
-60
-46
-34
-19
2
15
26
35
40
40
39
33
29
25
17
12
5
1
-1
-2
-5
-6
-16
-31
-42
-60
-75
-82
-76
-62
-30
8
51
92
118
123
110
77
32
-16
-58
-82
-92
-77
-48
-5
37
67
81
71
37
-12
-59
-99
-116
-109
-75
-24
35
90
126
137
116
70
15
-41
-87
-112
-116
-98
-62
-18
24
56
73
76
60
33
3
-23
-40
-47
-43
-25
6
33
57
73
77
64
41
10
-24
-52
-72
-77
-69
-49
-17
18
48
68
72
59
35
2
-29
-53
-64
-66
-54
-34
-4
29
55
73
76
69
53
32
10
-10
-27
-37
-41
-47
-50
-48
-47
-42
-35
-30
-24
-17
-8
0
7
7
8
7
9
12
15
22
30
35
35
32
17
-5
-28
-48
-59
-57
-45
-20
11
38
58
63
57
39
11
-13
-29
-40
-42
-35
-19
-3
9
17
17
13
8
2
-4
0
7
19
29
35
40
34
26
10
-6
-20
-31
-34
-27
-12
2
18
31
33
24
7
-10
-29
-45
-48
-47
-36
-11
10
31
40
39
29
9
-7
-22
-26
-23
-16
1
18
30
38
35
20
4
-18
-39
-51
-54
-43
-26
-2
24
48
62
73
71
56
36
10
-15
-36
-51
-60
-65
-61
-50
-34
-17
0
15
24
28
29
28
28
29
26
25
18
8
-5
-15
-20
-29
-32
-29
-25
-20
-14
-11
-12
-13
-10
0
10
24
37
51
54
49
33
6
-23
-57
-86
-100
-98
-83
-47
-2
47
87
111
120
105
72
25
-25
-67
-92
-95
-77
-44
-3
36
65
75
61
30
-12
-52
-81
-89
-74
-41
10
59
98
118
114
89
45
-7
-62
-102
-120
-117
-98
-58
-12
33
67
84
79
54
20
-18
-52
-71
-71
-58
-31
7
38
62
73
73
53
23
-10
-38
-54
-54
-39
-18
7
30
50
59
55
46
27
10
-10
-19
-15
-5
8
18
28
31
27
15
-2
-19
-34
-44
-45
-35
-18
0
16
28
31
24
15
7
-4
-6
-6
-8
-5
-1
1
1
-4
-10
-20
-33
-41
-44
-42
-34
-18
1
24
42
53
58
50
32
10
-17
-31
-41
-39
-31
-18
-3
7
11
6
-3
-17
-30
-33
-29
-17
7
30
45
45
38
18
-6
-28
-44
-48
-40
-20
3
29
43
43
34
15
-6
-30
-47
-53
-44
-22
9
39
64
74
67
45
8
-34
-69
-88
-88
-74
-39
7
48
82
96
91
64
23
-23
-67
-96
-108
-95
-66
-22
26
73
109
126
122
101
73
39
3
-27
-45
-55
-54
-51
-38
-25
-13
-5
-5
-11
-20
-29
-34
-35
-31
-17
3
28
51
72
84
83
71
46
12
-21
-52
-75
-85
-81
-67
-44
-15
16
39
55
64
59
43
22
-1
-20
-32
-39
-35
-27
-16
-4
5
10
9
1
-14
-25
-34
-40
-34
-24
-11
7
25
36
45
46
44
38
31
21
14
3
-6
-15
-21
-28
-34
-34
-31
-22
-11
1
14
22
25
25
20
8
-3
-9
-10
-6
7
22
33
39
36
24
8
-17
-43
-67
-83
-81
-69
-45
-10
26
56
76
78
69
45
18
-9
-30
-41
-42
-29
-12
5
17
20
15
-1
-21
-39
-51
-57
-49
-32
-6
28
56
77
87
79
58
28
-6
-37
-55
-65
-59
-45
-25
-2
17
28
30
22
6
-9
-22
-26
-19
-7
12
32
49
54
49
31
7
-20
-43
-57
-61
-52
-34
-13
9
24
30
29
17
0
-17
-21
-18
-3
23
52
78
92
91
73
41
0
-42
-80
-104
-110
-100
-78
-43
-7
24
52
64
66
54
37
18
6
1
1
4
16
27
31
20
2
-26
-62
-92
-118
-128
-115
-86
-43
9
59
102
131
141
128
99
58
11
-30
-65
-83
-90
-82
-63
-42
-18
0
8
9
3
-7
-18
-21
-15
-3
19
43
66
83
88
86
67
38
6
-31
-62
-81
-89
-88
-76
-55
-28
7
35
56
70
72
60
46
26
7
-7
-16
-14
-7
2
16
24
24
15
-4
-29
-53
-71
-81
-80
-68
-46
-16
18
50
77
86
89
76
55
31
5
-15
-27
-34
-33
-25
-17
-10
-7
-8
-16
-25
-32
-36
-33
-24
-10
8
29
53
68
75
72
62
42
22
-5
-25
-45
-58
-64
-68
-63
-53
-42
-26
-8
6
23
36
43
48
51
48
40
32
18
-1
-23
-40
-56
-66
-64
-58
-46
-31
-16
-2
10
23
34
38
39
35
29
19
10
4
-4
-8
-11
-12
-14
-13
-14
-12
-13
-15
-14
-9
-1
7
22
32
42
46
44
34
17
-2
-25
-44
-56
-60
-51
-34
-9
15
35
49
52
46
34
20
4
-7
-12
-14
-9
2
16
28
31
29
20
2
-22
-47
-65
-76
-75
-61
-36
-9
18
43
57
65
60
48
32
14
-1
-11
-18
-24
-24
-24
-21
-15
-10
-5
-1
0
-2
-8
-12
-16
-17
-12
-6
7
23
38
51
55
56
45
29
8
-18
-41
-62
-75
-76
-68
-47
-22
5
27
41
46
44
35
21
10
2
-2
0
8
17
26
34
34
26
12
-10
-32
-52
-66
-74
-70
-51
-21
10
43
68
79
79
70
50
24
-5
-30
-49
-58
-57
-47
-31
-15
-2
5
6
1
-10
-22
-31
-37
-35
-22
-3
21
43
61
72
68
53
32
7
-19
-40
-52
-55
-50
-36
-17
3
14
19
20
15
4
-8
-18
-22
-20
-9
8
25
42
54
58
54
42
24
2
-15
-28
-38
-37
-30
-22
-14
-8
-7
-11
-15
-22
-24
-20
-14
-1
11
22
33
41
44
40
32
23
12
-1
-7
-16
-24
-28
-29
-29
-29
-27
-23
-21
-18
-14
-6
6
20
30
39
42
39
31
14
-2
-17
-28
-34
-29
-19
-7
7
17
22
19
9
-2
-15
-29
-32
-30
-23
-10
6
21
34
45
46
42
33
18
2
-15
-23
-23
-21
-14
-4
-1
1
0
-3
-9
-19
-22
-22
-18
-10
2
17
29
35
35
29
17
4
-10
-21
-30
-35
-31
-22
-11
1
13
21
22
15
8
-4
-14
-23
-29
-26
-22
-14
-2
12
21
26
25
15
1
-12
-24
-33
-33
-28
-13
2
20
34
41
39
29
15
1
-9
-17
-12
-4
8
22
35
43
44
34
17
-1
-19
-32
-38
-34
-23
-8
10
24
32
29
19
7
-7
-17
-21
-18
-12
1
10
16
15
10
-2
-21
-35
-46
-49
-42
-31
-15
0
15
24
32
34
29
23
14
5
-2
-7
-10
-9
-7
-3
-2
-1
-2
-8
-16
-24
-30
-32
-29
-20
-8
5
18
26
31
28
23
18
12
8
5
7
9
13
10
7
4
-2
-7
-8
-8
-9
-3
-2
0
0
0
-4
-10
-14
-14
-13
-10
-2
7
16
25
29
28
18
4
-11
-24
-33
-36
-36
-27
-15
-2
7
11
15
14
9
4
0
2
6
13
20
24
25
23
13
5
-3
-14
-21
-26
-27
-23
-19
-15
-11
-11
-12
-15
-17
-19
-16
-7
0
13
23
34
37
36
26
16
7
-5
-10
-13
-13
-13
-10
-6
0
2
7
9
10
11
10
8
8
5
2
2
2
3
1
0
0
-4
-6
-8
-10
-14
-15
-13
-8
-1
6
12
17
20
19
18
11
6
-1
-8
-11
-15
-18
-16
-14
-8
-2
4
10
13
15
14
7
1
-5
-10
-11
-11
-11
-11
-7
-6
-7
-4
-6
-8
-10
-13
-12
-7
-2
8
18
27
34
38
34
26
16
1
-12
-24
-29
-26
-19
-10
-2
7
10
10
6
-4
-12
-16
-15
-10
-5
1
8
9
10
4
-5
-7
-11
-12
-8
-4
3
8
15
17
13
8
2
-1
-6
-6
-6
-6
-4
-3
-2
-2
-2
-6
-3
1
1
3
4
6
7
7
5
2
-1
-1
-3
-1
1
-1
0
4
6
7
5
4
3
1
2
2
6
12
17
21
24
19
10
-3
-15
-28
-35
-35
-32
-22
-11
0
8
13
12
7
1
-6
-8
-8
-5
0
6
11
13
8
1
-5
-10
-12
-15
-12
-9
-3
2
8
13
17
16
14
7
1
-5
-10
-16
-18
-16
-11
-4
1
7
10
11
10
9
5
3
2
-1
-2
