-1
1
0
0
0
-1
0
1
0
1
0
0
0
0
0
1
-1
0
0
0
0
0
0
-1
0
-1
0
1
0
-1
0
0
0
0
0
0
0
0
0
0
1
0
0
0
0
0
0
1
0
0
0
1
-1
1
0
0
1
0
1
1
0
0
0
0
0
0
-1
-1
0
0
-1
0
-1
0
0
-1
1
1
0
0
0
0
0
0
1
0
0
0
0
1
-1
0
0
1
1
0
1
0
0
-1
-1
0
0
-1
-1
-1
1
1
0
1
-1
0
1
0
1
0
-1
0
0
-1
0
0
0
0
-1
1
0
0
1
1
0
0
-1
0
0
0
0
0
-1
1
0
0
0
1
-1
0
0
-1
1
0
0
0
0
0
0
0
0
0
0
0
-1
0
1
0
0
1
0
0
0
-1
0
0
0
0
0
0
0
0
0
0
-2
1
-1
0
1
0
0
0
0
0
0
0
0
0
0
0
0
0
0
1
0
-2
0
0
0
0
0
-1
-1
0
1
-1
0
0
1
0
1
0
0
1
0
1
0
0
1
0
0
0
0
0
0
0
-1
0
0
0
-1
0
0
0
0
-1
1
1
1
-1
0
0
0
0
0
0
0
0
1
1
0
0
1
0
1
0
0
0
0
0
-1
-1
0
0
0
0
0
0
0
0
0
0
0
1
0
-1
0
0
0
0
0
1
0
0
0
0
0
-1
0
0
0
-1
1
-1
-1
0
0
0
0
0
0
1
0
0
0
0
0
0
1
0
0
0
0
0
0
0
0
0
0
0
0
0
1
0
0
1
0
0
0
0
0
0
-1
0
0
0
-1
0
0
0
0
-1
1
0
0
0
-1
-1
0
0
0
0
-1
-1
1
0
0
-1
0
0
-1
1
0
0
-1
0
0
0
1
0
0
1
-1
0
0
0
-1
-1
-1
0
0
0
0
-1
0
0
0
1
0
-1
0
0
0
0
0
-1
0
0
0
0
-1
0
1
0
0
1
0
1
-1
0
0
0
0
-1
-1
1
0
0
0
-1
0
1
0
0
-1
0
0
0
-1
-1
-1
0
-1
0
0
0
-1
0
0
0
0
-1
0
0
0
0
0
1
0
-1
-1
1
1
0
-1
-1
0
0
0
1
0
0
1
1
0
0
1
0
1
1
0
1
0
0
0
1
0
1
0
0
0
-1
0
0
0
1
1
1
0
0
1
0
0
0
0
1
0
0
0
0
-1
1
1
0
1
0
0
0
0
0
0
-1
0
1
0
0
0
-1
0
0
0
-1
0
0
0
0
-1
1
1
-1
0
-1
0
0
-1
-1
-1
0
0
1
1
0
0
1
-1
0
0
0
0
0
1
1
0
0
-1
0
0
0
0
-1
-1
0
-1
-1
-1
-1
0
-1
-1
0
0
-1
0
0
0
0
-1
-1
-1
-1
-1
-1
-1
0
0
0
0
0
0
0
-1
0
0
0
0
0
0
-1
1
-1
1
0
1
1
1
-1
0
0
0
1
0
0
0
1
2
0
1
1
1
1
1
2
2
1
0
0
1
1
1
1
0
1
1
0
0
0
0
0
1
0
1
0
-1
0
0
0
0
0
1
0
0
-1
-1
-1
-1
-1
0
0
0
-1
-1
0
0
0
0
1
-1
0
-1
0
0
0
0
-1
0
0
0
1
-1
0
0
0
0
0
1
0
-1
1
0
0
0
0
1
0
0
0
1
0
1
0
0
-1
0
0
-1
-1
-1
0
0
-1
0
0
0
1
-1
-1
-1
1
-1
-1
-1
0
-1
-1
0
0
0
-1
0
0
0
0
0
0
0
0
-1
-1
0
1
0
0
0
0
1
1
0
0
0
1
0
0
0
0
0
0
0
0
0
-1
0
0
1
0
-1
1
1
0
1
1
1
0
1
1
1
0
1
1
2
1
2
2
1
1
1
2
2
1
1
0
1
1
0
0
-1
0
-1
-1
-1
-2
0
-2
-2
-3
-2
-2
-2
-3
-3
-3
-4
-4
-4
-4
-5
-4
-4
-3
-3
-3
-4
-2
-2
-2
-2
-1
0
-1
0
0
1
2
2
2
3
4
5
5
5
6
6
7
6
7
8
7
9
8
9
9
9
8
8
7
7
6
6
6
5
5
4
2
2
1
1
-1
-2
-2
-3
-4
-4
-6
-7
-8
-8
-9
-10
-11
-12
-13
-12
-13
-13
-14
-13
-13
-14
-14
-13
-13
-12
-12
-11
-10
-8
-8
-6
-4
-3
-1
-1
2
3
4
6
8
10
12
13
14
15
17
19
20
21
22
23
24
24
24
23
24
24
23
21
20
18
17
15
14
11
9
5
3
0
-3
-5
-9
-11
-15
-18
-21
-23
-26
-29
-31
-35
-37
-43
-45
-49
-52
-54
-57
-59
-62
-63
-65
-65
-65
-63
-63
-61
-58
-55
-51
-47
-39
-34
-25
-16
-6
4
16
29
42
54
67
78
93
103
117
130
140
149
159
169
176
183
188
193
196
198
195
190
185
177
167
158
146
134
119
104
88
71
53
35
16
-4
-24
-46
-66
-89
-111
-133
-154
-178
-200
-218
-237
-256
-273
-287
-299
-310
-319
-323
-326
-325
-324
-321
-314
-308
-302
-294
-284
-275
-266
-253
-239
-224
-212
-197
-183
-169
-153
-137
-119
-99
-78
-55
-29
-4
24
53
83
112
145
178
213
245
280
315
347
376
405
431
452
472
487
501
513
522
526
528
528
521
512
502
487
470
451
431
411
387
358
330
296
265
230
196
160
124
87
48
9
-37
-83
-129
-177
-222
-269
-310
-352
-392
-429
-461
-491
-519
-545
-566
-583
-595
-601
-602
-595
-585
-565
-537
-513
-487
-454
-421
-386
-346
-306
-262
-218
-175
-132
-89
-48
-9
29
65
101
136
172
208
242
276
310
341
370
398
425
450
475
501
525
544
561
575
584
589
588
578
561
539
508
472
427
369
310
241
166
83
-6
-101
-199
-298
-399
-500
-602
-702
-794
-880
-967
-1042
-1108
-1168
-1219
-1259
-1289
-1308
-1320
-1321
-1311
-1294
-1268
-1235
-1191
-1139
-1078
-1007
-923
-830
-727
-608
-483
-349
-207
-59
91
247
406
571
737
903
1068
1229
1386
1534
1675
1805
1922
2024
2109
2181
2234
2271
2289
2290
2272
2238
2186
2120
2037
1938
1828
1706
1576
1436
1289
1135
977
812
642
475
302
127
-49
-226
-402
-575
-746
-914
-1076
-1231
-1382
-1523
-1657
-1778
-1892
-1995
-2082
-2157
-2215
-2255
-2277
-2281
-2264
-2227
-2166
-2088
-1994
-1881
-1754
-1614
-1465
-1306
-1139
-969
-792
-613
-432
-256
-85
86
247
404
550
688
815
935
1044
1141
1224
1297
1361
1412
1452
1483
1505
1521
1525
1514
1490
1460
1412
1351
1283
1199
1105
996
876
748
612
466
311
150
-15
-181
-348
-510
-668
-825
-977
-1117
-1249
-1373
-1486
-1586
-1669
-1744
-1805
-1851
-1883
-1901
-1911
-1913
-1902
-1879
-1847
-1804
-1751
-1692
-1628
-1548
-1459
-1359
-1243
-1113
-976
-830
-671
-498
-314
-121
78
286
496
711
933
1160
1384
1601
1815
2027
2227
2417
2592
2752
2894
3015
3115
3195
3251
3286
3293
3275
3236
3170
3086
2983
2847
2685
2504
2311
2104
1886
1659
1424
1178
928
676
424
169
-86
-338
-590
-833
-1071
-1303
-1524
-1741
-1947
-2140
-2318
-2481
-2629
-2763
-2880
-2981
-3068
-3131
-3173
-3194
-3197
-3174
-3123
-3047
-2949
-2828
-2681
-2516
-2334
-2132
-1915
-1686
-1446
-1198
-941
-680
-422
-165
87
333
575
807
1027
1231
1422
1596
1754
1892
2013
2113
2198
2270
2325
2364
2391
2399
2393
2369
2326
2270
2195
2102
1993
1870
1729
1571
1401
1222
1026
823
613
396
177
-45
-267
-488
-709
-922
-1130
-1332
-1523
-1704
-1875
-2033
-2175
-2302
-2413
-2508
-2592
-2655
-2701
-2731
-2751
-2756
-2747
-2725
-2691
-2641
-2574
-2500
-2414
-2314
-2192
-2053
-1892
-1714
-1516
-1298
-1063
-809
-539
-253
39
341
653
966
1284
1596
1901
2195
2476
2743
2996
3228
3434
3617
3774
3903
4003
4074
4116
4125
4106
4055
3975
3868
3736
3581
3405
3211
2999
2774
2535
2284
2022
1751
1476
1198
915
630
344
61
-226
-508
-784
-1057
-1325
-1581
-1829
-2070
-2298
-2516
-2718
-2903
-3073
-3229
-3369
-3491
-3592
-3675
-3728
-3760
-3766
-3741
-3683
-3594
-3478
-3336
-3171
-2981
-2768
-2535
-2282
-2016
-1735
-1449
-1158
-859
-565
-272
19
299
568
830
1079
1313
1529
1724
1901
2055
2193
2314
2422
2510
2585
2642
2683
2710
2715
2700
2665
2609
2534
2438
2323
2192
2041
1872
1685
1485
1268
1038
797
541
277
11
-258
-523
-782
-1038
-1279
-1512
-1731
-1939
-2127
-2294
-2447
-2583
-2702
-2797
-2874
-2935
-2975
-3004
-3020
-3019
-3005
-2972
-2930
-2878
-2808
-2723
-2621
-2492
-2341
-2170
-1977
-1757
-1508
-1236
-941
-626
-300
36
382
739
1098
1458
1810
2151
2483
2806
3110
3401
3661
3889
4088
4253
4388
4490
4554
4583
4575
4532
4458
4355
4226
4070
3886
3678
3453
3214
2959
2688
2402
2103
1796
1480
1159
835
508
175
-155
-486
-813
-1133
-1444
-1746
-2042
-2323
-2587
-2833
-3063
-3269
-3455
-3622
-3768
-3888
-3986
-4057
-4100
-4116
-4104
-4063
-3993
-3899
-3776
-3623
-3448
-3253
-3032
-2791
-2536
-2264
-1972
-1670
-1358
-1041
-724
-406
-90
223
527
818
1094
1355
1602
1833
2041
2224
2386
2524
2642
2744
2828
2891
2933
2957
2959
2940
2906
2847
2767
2662
2538
2395
2232
2052
1848
1626
1391
1147
891
628
361
87
-186
-455
-717
-970
-1215
-1450
-1670
-1873
-2054
-2223
-2379
-2521
-2646
-2754
-2846
-2926
-2999
-3063
-3116
-3150
-3170
-3180
-3185
-3182
-3155
-3101
-3016
-2897
-2753
-2587
-2390
-2154
-1877
-1567
-1229
-872
-503
-115
294
718
1145
1556
1944
2323
2695
3052
3385
3683
3941
4158
4347
4510
4636
4716
4750
4734
4679
4599
4496
4372
4219
4037
3829
3616
3396
3163
2908
2629
2337
2034
1731
1429
1122
801
476
147
-174
-491
-803
-1111
-1429
-1739
-2037
-2314
-2574
-2823
-3066
-3295
-3502
-3681
-3834
-3962
-4072
-4158
-4205
-4214
-4188
-4131
-4056
-3950
-3817
-3654
-3459
-3243
-3005
-2746
-2468
-2167
-1845
-1511
-1173
-839
-506
-176
156
481
796
1095
1375
1644
1899
2134
2345
2522
2668
2788
2889
2970
3028
3064
3078
3070
3044
3003
2942
2853
2736
2592
2430
2253
2062
1850
1618
1374
1118
855
581
304
19
-269
-552
-826
-1090
-1337
-1565
-1779
-1979
-2173
-2358
-2537
-2704
-2855
-2994
-3122
-3241
-3344
-3427
-3487
-3533
-3575
-3616
-3648
-3650
-3604
-3508
-3370
-3203
-3006
-2766
-2475
-2133
-1756
-1366
-977
-572
-138
330
825
1315
1771
2188
2582
2969
3344
3694
3990
4229
4427
4607
4777
4928
5031
5060
5028
4955
4866
4778
4671
4524
4331
4118
3906
3696
3474
3223
2929
2597
2256
1929
1617
1313
989
647
301
-37
-358
-676
-1007
-1358
-1717
-2053
-2351
-2615
-2863
-3108
-3355
-3595
-3809
-3994
-4156
-4305
-4435
-4542
-4607
-4611
-4573
-4505
-4422
-4323
-4186
-4010
-3785
-3537
-3255
-2945
-2607
-2236
-1840
-1437
-1047
-673
-316
36
383
736
1072
1389
1678
1943
2185
2398
2580
2722
2836
2933
3018
3099
3174
3237
3283
3302
3292
3252
3178
3073
2941
2792
2629
2450
2254
2034
1791
1522
1220
898
561
213
-133
-463
-777
-1083
-1370
-1636
-1884
-2124
-2354
-2566
-2758
-2927
-3072
-3191
-3287
-3378
-3462
-3532
-3599
-3675
-3757
-3831
-3878
-3883
-3806
-3644
-3444
-3239
-3016
-2747
-2448
-2139
-1803
-1429
-1036
-624
-136
452
1065
1619
2118
2570
2966
3330
3697
4055
4334
4533
4718
4921
5090
5161
5130
4995
4763
4494
4291
4187
4117
4017
3915
3842
3778
3676
3524
3313
3019
2681
2382
2190
2051
1861
1578
1200
752
235
-304
-823
-1344
-1883
-2377
-2728
-2968
-3182
-3412
-3663
-3959
-4290
-4568
-4723
-4784
-4787
-4684
-4457
-4175
-3913
-3663
-3451
-3403
-3503
-3577
-3494
-3304
-3013
-2534
-1904
-1329
-908
-540
-205
3
110
328
720
1147
1532
1948
2369
2573
2514
2389
2297
2185
2132
2290
2618
2885
3001
3060
3075
2927
2617
2300
2056
1808
1565
1431
1393
1236
854
390
-47
-475
-902
-1198
-1320
-1371
-1406
-1390
-1344
-1427
-1718
-2107
-2472
-2798
-3071
-3197
-3191
-3191
-3267
-3383
-3570
-3949
-4482
-4918
-5081
-4989
-4632
-3910
-2910
-1937
-1166
-482
218
841
1349
1913
2635
3385
4036
4606
5042
5137
4803
4230
3626
3046
2535
2226
2133
2106
2085
2151
2300
2391
2369
2367
2510
2752
3072
3524
4059
4460
4572
4473
4238
3824
3202
2497
1832
1196
562
-10
-502
-1012
-1609
-2213
-2692
-3022
-3223
-3238
-3005
-2593
-2124
-1641
-1167
-789
-599
-540
-469
-393
-416
-583
-826
-1143
-1598
-2148
-2645
-3035
-3414
-3739
-3801
-3630
-3580
-3837
-4098
-4058
-3757
-3252
-2301
-822
704
1792
2503
3028
3179
2814
2339
2189
2179
1939
1577
1317
898
28
-995
-1626
-1803
-1743
-1313
-345
838
1684
2162
2602
2997
3088
2932
2848
2828
2560
2010
1414
772
-123
-1220
-2165
-2772
-3139
-3330
-3219
-2807
-2277
-1754
-1232
-792
-631
-723
-808
-762
-701
-665
-521
-357
-467
-914
-1503
-2324
-3687
-5353
-6550
-6895
-6703
-6173
-5052
-3392
-1838
-790
94
1166
2212
3019
3888
5079
6246
6916
7093
6942
6283
4972
3367
1943
777
-198
-797
-938
-939
-1045
-1025
-613
21
627
1334
2348
3477
4427
5268
6149
6796
6811
6249
5501
4681
3627
2387
1230
215
-810
-1821
-2615
-3194
-3752
-4252
-4408
-4096
-3435
-2527
-1388
-179
813
1486
1946
2197
2079
1584
945
302
-432
-1266
-2034
-2721
-3480
-4239
-4721
-4962
-5329
-5843
-6035
-5609
-4748
-3624
-2121
-346
1193
2176
2807
3273
3376
3024
2564
2292
2021
1487
813
172
-591
-1601
-2539
-2994
-2951
-2596
-1901
-815
398
1359
2081
2825
3559
3990
4026
3878
3616
3076
2274
1471
709
-256
-1438
-2480
-3152
-3585
-3850
-3798
-3449
-3060
-2655
-1972
-1040
-330
-87
-106
-125
-243
-516
-581
-359
-257
-553
-942
-1214
-1893
-3531
-5649
-7180
-7749
-7753
-7252
-5811
-3576
-1467
3
1230
2537
3567
4093
4632
5640
6779
7498
7722
7558
6806
5335
3469
1657
51
-1251
-1962
-2006
-1725
-1370
-765
208
1201
1919
2621
3592
4612
5364
6020
6805
7366
7146
6190
4986
3687
2119
414
-983
-1946
-2735
-3419
-3770
-3774
-3769
-3894
-3846
-3341
-2449
-1368
-161
1103
2164
2758
2834
2477
1742
691
-506
-1612
-2424
-3005
-3534
-4057
-4493
-4746
-5047
-5669
-6407
-6667
-6102
-4842
-3063
-847
1440
3176
4091
4460
4500
4080
3232
2397
1884
1461
806
-40
-961
-2030
-3182
-3992
-4100
-3595
-2693
-1430
98
1558
2669
3496
4209
4777
5046
4983
4629
3971
2984
1756
449
-870
-2187
-3351
-4113
-4393
-4341
-4105
-3700
-3142
-2508
-1817
-1085
-460
-121
-60
-114
-148
-91
45
91
-73
-344
-733
-1731
-3723
-6143
-7900
-8635
-8750
-8247
-6622
-4063
-1674
-114
1102
2443
3563
4193
4826
5949
7209
7987
8194
7966
7093
5398
3258
1217
-506
-1771
-2299
-2098
-1648
-1204
-476
674
1800
2594
3427
4593
5701
6324
6745
7284
7537
6925
5621
4240
2869
1270
-378
-1614
-2440
-3226
-3906
-4101
-3840
-3546
-3322
-2858
-2081
-1165
-156
1006
2085
2665
2711
2392
1788
820
-439
-1700
-2779
-3609
-4297
-4881
-5265
-5409
-5557
-6089
-6795
-6995
-6312
-4947
-3100
-660
2018
4100
5140
5495
5517
5003
3971
2998
2367
1695
628
-581
-1621
-2626
-3681
-4332
-4113
-3287
-2224
-893
782
2333
3195
3629
4142
4689
4808
4508
4202
3769
2808
1348
-77
-1300
-2617
-3895
-4620
-4566
-4147
-3707
-3186
-2559
-1997
-1609
-1280
-999
-904
-1007
-1116
-1050
-801
-534
-441
-518
-620
-966
-2249
-4708
-7359
-8885
-9121
-8775
-7881
-5811
-2852
-350
1074
2144
3395
4332
4681
5189
6387
7634
8154
8086
7731
6731
4786
2438
404
-1211
-2409
-2798
-2232
-1278
-396
632
2011
3255
3974
4601
5559
6515
7007
7264
7627
7696
6842
5229
3518
1840
-46
-1918
-3161
-3679
-3946
-4131
-3963
-3446
-2979
-2683
-2221
-1459
-605
262
1277
2344
2987
2976
2400
1461
184
-1290
-2647
-3678
-4398
-4920
-5213
-5282
-5417
-5904
-6586
-6904
-6439
-5191
-3248
-753
1927
4078
5317
5732
5557
4836
3703
2621
1884
1309
518
-513
-1574
-2629
-3673
-4396
-4421
-3736
-2704
-1425
139
1822
3137
3887
4320
4593
4583
4182
3619
2996
2155
1042
-128
-1158
-2139
-3123
-3847
-4113
-3963
-3631
-3128
-2457
-1787
-1310
-1026
-833
-842
-1095
-1357
-1322
-1114
-1006
-836
-416
-375
-1810
-4731
-7651
-9340
-9901
-9802
-8579
-5784
-2373
211
1708
2960
4185
4788
4785
5066
6133
7389
8106
8205
7716
6428
4318
1905
-235
-1836
-2657
-2557
-1828
-929
145
1688
3375
4464
4910
5395
6215
6844
7001
7130
7427
7272
6116
4371
2712
1114
-691
-2421
-3479
-3788
-3776
-3564
-3011
-2232
-1693
-1490
-1264
-769
12
882
1692
2267
2378
1965
1134
-19
-1409
-2896
-4245
-5299
-6036
-6489
-6748
-6805
-6567
-5884
-4766
-3423
-2001
-532
941
2254
3202
3707
3757
3400
2753
1954
1131
283
-539
-1217
-1735
-2148
-2406
-2302
-1752
-875
86
1100
2105
2897
3343
3489
3511
3342
2907
2333
1822
1266
551
-176
-744
-1232
-1914
-2575
-2794
-2474
-1945
-1404
-902
-548
-503
-772
-1027
-1355
-1865
-2442
-2779
-2699
-2305
-1730
-1214
-901
-815
-871
-1481
-3271
-5935
-8286
-9377
-9401
-8852
-7424
-4882
-1977
130
1251
2142
3161
3967
4456
5280
6618
7821
8193
7719
6797
5351
3360
1290
-297
-1257
-1662
-1501
-907
-129
721
1876
3255
4403
5261
6242
7470
8379
8565
8308
7930
7088
5433
3397
1642
257
-1109
-2408
-3209
-3461
-3522
-3555
-3351
-2780
-2051
-1326
-503
514
1531
2297
2688
2632
2102
1125
-95
-1383
-2702
-3950
-5023
-5854
-6530
-7118
-7545
-7627
-7204
-6212
-4679
-2842
-1030
544
1829
2786
3344
3496
3281
2827
2266
1682
1055
353
-406
-1217
-1999
-2683
-3051
-2899
-2183
-1082
140
1310
2361
3188
3612
3646
3403
3110
2833
2515
2153
1854
1552
1030
171
-828
-1552
-2000
-2169
-2079
-1617
-1024
-710
-722
-964
-1295
-1782
-2282
-2537
-2452
-2098
-1528
-862
-355
-150
-228
-828
-2607
-5597
-8628
-10267
-10396
-9810
-8657
-6494
-3711
-1604
-632
117
1385
2725
3735
4880
6633
8365
9111
8844
7872
6202
3837
1399
-335
-1269
-1600
-1376
-757
-248
-16
472
1509
2723
3813
5116
6906
8594
9510
9749
9609
8791
6921
4499
2452
1034
-154
-1199
-1846
-2184
-2680
-3355
-3741
-3651
-3342
-2877
-1881
-251
1537
2973
3866
4077
3372
1914
371
-786
-1735
-2812
-3859
-4554
-5100
-6050
-7483
-8743
-9233
-8788
-7441
-5183
-2331
289
2088
3111
3646
3695
3182
2502
2086
1909
1607
1038
339
-626
-1988
-3452
-4423
-4559
-4004
-2801
-1017
955
2509
3370
3769
3880
3635
3108
2677
2540
2397
2006
1412
745
40
-754
-1438
-1845
-1915
-1648
-1150
-541
-121
-107
-455
-980
-1427
-1732
-1798
-1528
-1043
-581
-297
-47
29
-868
-3367
-6831
-9556
-10549
-10261
-9320
-7556
-4875
-2349
-1126
-835
-243
990
2233
3378
5015
7095
8591
8816
8082
6763
4756
2203
-45
-1241
-1406
-1000
-440
-46
5
5
451
1402
2606
4004
5766
7573
8777
9243
9264
8877
7664
5732
3935
2769
1923
923
-55
-783
-1561
-2639
-3632
-3911
-3549
-2996
-2259
-1064
495
1872
2759
3199
3170
2618
1749
927
163
-834
-2120
-3473
-4699
-5801
-6773
-7462
-7747
-7548
-6748
-5322
-3538
-1833
-472
619
1476
1971
2022
1796
1545
1260
852
346
-163
-742
-1459
-2188
-2670
-2839
-2737
-2316
-1494
-360
741
1584
2050
2253
2307
2359
2445
2442
2330
1993
1486
713
-191
-984
-1526
-1734
-1778
-1604
-1379
-1144
-1052
-1177
-1438
-1816
-1927
-1758
-1397
-1068
-608
127
768
1185
1400
1363
-31
-3315
-7134
-9457
-9721
-9176
-8326
-6672
-4332
-2679
-2363
-2133
-882
993
2609
4250
6456
8572
9482
8914
7521
5671
3485
1464
197
-169
-64
188
209
-358
-1237
-1606
-896
423
1964
3902
6170
7951
8552
8489
8315
7767
6479
5044
4294
3936
3194
1916
549
-863
-2558
-4119
-4821
-4516
-3795
-3024
-2043
-841
280
1068
1654
2138
2382
2348
2166
1947
1483
520
-963
-2765
-4516
-5885
-6704
-7026
-6964
-6464
-5604
-4540
-3450
-2401
-1272
-82
1046
1966
2630
2980
2948
2497
1687
705
-213
-931
-1494
-1953
-2331
-2542
-2559
-2322
-1814
-1163
-521
1
544
1139
1695
2048
2175
2194
2089
1879
1520
1118
639
-22
-760
-1359
-1662
-1911
-2200
-2351
-2324
-2447
-2961
-3469
-3492
-2997
-2281
-1406
-364
566
1283
1841
1827
143
-3367
-6940
-8644
-8452
-7706
-6715
-5060
-3285
-2689
-3182
-3090
-1632
378
2209
4285
6786
8656
8990
8135
6897
5456
3877
2625
2064
2010
2011
1768
949
-432
-1642
-1754
-665
943
2709
4682
6429
7178
6991
6772
6935
6937
6459
6015
5877
5450
4167
2379
622
-1083
-2738
-3878
-4044
-3529
-2930
-2455
-2038
-1741
-1566
-1226
-584
155
730
1223
1713
1905
1466
483
-554
-1484
-2640
-4409
-6464
-7955
-8431
-8006
-6999
-5478
-3708
-2186
-1063
37
1356
2534
3378
4085
4785
5028
4361
2964
1260
-466
-2109
-3277
-3630
-3333
-2741
-2130
-1579
-1254
-1150
-939
-270
950
2349
3529
4262
4340
3680
2535
1350
350
-466
-1108
-1441
-1602
-1811
-2117
-2336
-2458
-2872
-3581
-4228
-4280
-3787
-2970
-1893
-799
198
949
1345
511
-2228
-5893
-8481
-8878
-8062
-6982
-5482
-3553
-2330
-2685
-3414
-2907
-1143
799
2717
5230
7788
9078
8594
7251
5984
4794
3745
3093
2981
2916
2437
1464
38
-1286
-1787
-1044
444
2091
3912
5725
6935
7056
6719
6743
6941
6847
6554
6573
6603
5874
4283
2421
750
-874
-2225
-2813
-2748
-2709
-3150
-3571
-3667
-3526
-3238
-2540
-1306
-153
527
788
932
759
96
-693
-1161
-1400
-1916
-2812
-3847
-4725
-5392
-5758
-5683
-5182
-4408
-3473
-2424
-1442
-717
-366
-130
238
817
1490
2037
2319
2145
1537
689
-192
-937
-1384
-1334
-813
-166
256
398
348
232
155
311
798
1383
1867
2066
1971
1547
834
137
-341
-584
-784
-996
-1173
-1422
-1875
-2461
-2952
-3232
-3372
-3355
-3024
-2371
-1585
-946
-440
106
720
746
-768
-3689
-6575
-7882
-7658
-6949
-6252
-5262
-4119
-3723
-4052
-3832
-2117
432
2619
4430
6299
7871
8323
7658
6766
6101
5440
4717
4163
3841
3281
2058
332
-1242
-1876
-1310
61
1515
2769
3808
4436
4524
4451
5002
6152
7209
7705
7739
7459
6512
4842
3006
1577
591
-236
-829
-1148
-1554
-2418
-3612
-4459
-4556
-3990
-3087
-2026
-987
-349
-250
-502
-586
-453
-397
-276
44
185
-914
-3365
-5832
-7167
-7265
-6714
-5578
-4049
-2894
-2530
-2517
-1996
-1091
-177
925
2354
3594
3835
3268
2414
1416
350
-466
-598
-375
-257
-432
-840
-1340
-1950
-2162
-1575
-307
1082
2010
2408
2366
1931
1406
1143
1234
1354
1200
938
481
-320
-1271
-1797
-1807
-1977
-2550
-3165
-3436
-3479
-3546
-3302
-2553
-1638
-761
138
715
-437
-3580
-6773
-7906
-7113
-6180
-5506
-4588
-3636
-3784
-4853
-4966
-3293
-752
1519
3686
5904
7255
7205
6346
5769
5707
5804
5948
5947
5502
4407
2818
994
-724
-1391
-614
1002
2268
2814
3187
3378
3225
3069
3910
5737
7255
7785
7684
7378
6482
4914
3526
2926
2742
2216
1368
480
-704
-2362
-3989
-4809
-4712
-4191
-3438
-2602
-2119
-2375
-2933
-2935
-2360
-1653
-1041
-371
160
9
-836
-1816
-2489
-2938
-3125
-2830
-2243
-1922
-2201
-2723
-3003
-2987
-2812
-2424
-1745
-959
-329
63
241
279
274
412
728
966
974
902
903
867
649
325
60
-109
-203
-126
113
287
254
173
231
358
340
206
46
-170
-450
-670
-697
-691
-825
-1168
-1679
-2243
-2772
-3031
-2842
-2266
-1680
-1304
-983
-376
373
397
-1136
-3945
-6479
-7403
-6855
-6061
-5630
-5265
-5047
-5367
-5849
-5139
-2765
125
2415
4090
5625
6642
6693
6284
6282
6886
7411
7402
6934
6111
4892
3190
1385
117
-143
510
1362
1869
1977
1921
1799
1755
2316
3807
5733
7041
7310
6937
6380
5693
4887
4340
4101
3721
2786
1491
162
-1220
-2562
-3541
-3825
-3589
-3226
-2901
-2791
-3062
-3584
-3875
-3511
-2691
-1861
-1254
-987
-1034
-1384
-1821
-2150
-2335
-2288
-2077
-1782
-1690
-1948
-2378
-2775
-2878
-2643
-2131
-1576
-1195
-1011
-945
-883
-759
-457
58
637
1084
1309
1392
1349
1244
1184
1069
848
521
245
-20
-336
-531
-549
-428
-383
-407
-371
-330
-247
-139
84
220
49
-277
-574
-739
-1091
-1707
-2269
-2531
-2459
-2277
-2021
-1666
-1181
-560
-301
-1225
-3614
-6157
-7126
-6495
-5655
-5456
-5420
-5320
-5702
-6291
-5675
-3188
-162
1853
2986
4057
5032
5334
5223
5575
6594
7598
7920
7427
6289
4738
3074
1704
977
1134
1942
2636
2589
1894
1214
980
1196
1981
3528
5370
6532
6635
6266
6059
5915
5676
5630
5836
5664
4542
2803
1118
-333
-1683
-2670
-3017
-3087
-3337
-3781
-4169
-4618
-5223
-5411
-4756
-3636
-2812
-2444
-2123
-1821
-1741
-1736
-1485
-985
-610
-460
-460
-699
-1304
-2033
-2332
-2099
-1728
-1582
-1723
-2086
-2519
-2725
-2465
-1867
-1212
-653
-158
265
509
622
893
1411
1953
2242
2247
2029
1589
1043
573
271
9
-216
-318
-415
-587
-765
-728
-499
-443
-618
-840
-903
-874
-939
-1123
-1499
-2025
-2572
-2741
-2296
-1619
-1169
-1056
-865
-305
-67
-1050
-3195
-5134
-5606
-5003
-4571
-4790
-5165
-5525
-6202
-6763
-6036
-3757
-1246
262
1076
1995
3014
3680
4203
5299
6871
7964
7941
7034
5964
5096
4356
3686
3310
3457
3705
3361
2322
1326
967
1113
1496
2151
3143
3953
4057
3787
3897
4510
5127
5595
6059
6384
5995
4800
3478
2451
1617
781
48
-582
-1406
-2463
-3428
-4056
-4517
-4906
-4994
-4657
-4249
-4200
-4454
-4541
-4184
-3507
-2702
-2031
-1658
-1544
-1500
-1289
-942
-633
-495
-449
-418
-466
-659
-1069
-1520
-1752
-1728
-1590
-1546
-1579
-1454
-1148
-774
-421
-20
533
1054
1379
1493
1536
1529
1402
1297
1258
1253
1114
787
476
165
-80
-193
-164
-58
-176
-524
-905
-1050
-1000
-1004
-1203
-1657
-2225
-2705
-2847
-2534
-2092
-1858
-1725
-1316
-650
-666
-2114
-4274
-5566
-5289
-4475
-4386
-4992
-5608
-6155
-6770
-6747
-5265
-2761
-752
84
641
1593
2597
3263
3997
5351
6880
7670
7423
6587
5777
5133
4588
4157
3993
4089
4019
3465
2632
2112
2107
2296
2529
2926
3392
3549
3294
3147
3515
4203
4852
5336
5612
5436
4737
3855
3255
2910
2428
1742
955
94
-906
-2042
-3011
-3618
-3999
-4376
-4765
-5014
-5069
-5066
-5043
-4745
-4082
-3379
-2935
-2665
-2182
-1391
-628
-149
19
-48
-252
-469
-518
-496
-696
-1132
-1554
-1799
-1997
-2224
-2306
-2138
-1786
-1315
-821
-367
-58
190
563
979
1335
1524
1571
1517
1343
1156
1046
956
672
218
-148
-314
-313
-378
-489
-616
-853
-1014
-1042
-988
-1046
-1429
-1835
-2018
-1949
-1722
-1534
-1501
-1620
-1477
-916
-683
-1723
-3692
-4890
-4584
-3878
-4009
-4750
-5174
-5394
-5833
-5937
-4861
-2948
-1478
-825
-200
867
1942
2718
3576
4803
6002
6632
6667
6390
6019
5671
5378
5101
4824
4563
4182
3560
2870
2579
2730
2904
2889
2933
3147
3136
2827
2743
3202
3778
4075
4318
4670
4661
4023
3318
3121
3145
2753
1968
1230
602
-178
-1022
-1678
-2213
-2933
-3830
-4425
-4586
-4635
-4876
-5168
-5070
-4574
-3996
-3611
-3385
-3063
-2556
-1913
-1251
-701
-306
-82
46
164
217
82
-318
-820
-1127
-1226
-1272
-1411
-1585
-1610
-1447
-1231
-1068
-887
-659
-324
131
641
1056
1195
1042
880
912
1108
1238
1062
726
425
272
268
230
13
-405
-891
-1139
-1107
-1093
-1369
-1912
-2472
-2754
-2559
-2059
-1683
-1722
-1828
-1412
-905
-1406
-3059
-4500
-4447
-3620
-3514
-4257
-4853
-4965
-5200
-5441
-4728
-3003
-1558
-1200
-1067
-203
1066
2066
2893
4086
5436
6191
6203
5917
5764
5717
5571
5329
5119
4963
4627
3951
3239
3009
3287
3503
3366
3173
3215
3265
3085
3064
3497
4050
4221
4132
4185
4267
4033
3595
3313
3146
2738
2004
1297
743
74
-770
-1578
-2187
-2708
-3313
-3842
-4149
-4405
-4751
-5078
-5147
-4890
-4509
-4103
-3704
-3299
-2876
-2385
-1763
-1190
-831
-651
-445
-106
211
273
-17
-448
-809
-955
-920
-915
-1003
-1126
-1162
-1042
-892
-750
-529
-238
18
161
291
544
825
1015
1105
1161
1248
1221
1044
766
498
371
237
72
-168
-502
-803
-1086
-1334
-1585
-1856
-2125
-2412
-2510
-2270
-1907
-1811
-1889
-1540
-992
-1335
-2960
-4491
-4395
-3380
-3290
-4375
-5317
-5431
-5455
-5672
-5137
-3585
-2153
-1675
-1468
-607
617
1529
2261
3358
4687
5576
5799
5655
5590
5725
5858
5796
5488
5119
4829
4473
4036
3843
3976
4003
3619
3222
3212
3309
3123
2958
3284
3736
3758
3567
3724
4073
4028
3661
3459
3429
3076
2358
1735
1295
781
86
-657
-1370
-2168
-2930
-3435
-3786
-4154
-4514
-4780
-4943
-4988
-4830
-4482
-4202
-4105
-3901
-3305
-2526
-1904
-1511
-1186
-817
-496
-192
60
73
-147
-404
-466
-401
-449
-588
-669
-646
-585
-570
-579
-579
-498
-259
51
258
316
380
525
662
741
823
902
852
679
571
598
581
343
-63
-467
-701
-777
-858
-1101
-1507
-1852
-2074
-2241
-2302
-2203
-2035
-1901
-1582
-1021
-983
-2128
-3757
-4351
-3647
-3104
-3711
-4769
-5271
-5337
-5453
-5219
-4176
-2934
-2354
-2167
-1424
-96
1041
1758
2589
3755
4772
5266
5417
5527
5632
5689
5722
5650
5402
5021
4621
4323
4196
4252
4279
4036
3631
3334
3244
3175
3117
3281
3555
3687
3681
3779
4007
4030
3791
3600
3507
3260
2737
2182
1766
1271
539
-265
-904
-1423
-2020
-2690
-3316
-3880
-4410
-4829
-4933
-4771
-4591
-4537
-4591
-4548
-4259
-3717
-3017
-2408
-2000
-1679
-1301
-796
-294
25
116
52
-62
-140
-170
-246
-443
-704
-830
-765
-692
-749
-825
-797
-665
-526
-426
-296
-129
37
194
432
721
879
791
629
689
892
962
804
523
239
-101
-374
-494
-683
-1081
-1595
-1975
-2152
-2261
-2307
-2314
-2296
-2047
-1457
-1096
-1844
-3431
-4383
-3910
-3143
-3506
-4597
-5216
-5229
-5276
-5211
-4329
-3009
-2337
-2320
-1905
-712
523
1274
1876
2831
3888
4503
4808
5150
5561
5744
5586
5475
5510
5398
5053
4714
4602
4621
4518
4294
4103
4000
3924
3752
3531
3521
3703
3770
3665
3670
3863
3839
3433
3130
3167
3062
2536
1973
1735
1468
779
-51
-628
-1059
-1640
-2241
-2664
-3084
-3680
-4276
-4549
-4488
-4340
-4205
-4132
-4166
-4234
-4112
-3629
-2920
-2324
-1984
-1797
-1547
-1136
-650
-268
-142
-197
-308
-333
-273
-304
-475
-662
-698
-640
-635
-654
-550
-358
-336
-440
-516
-397
-115
111
284
471
711
797
632
530
683
1022
1127
916
671
333
-95
-484
-608
-620
-962
-1498
-1893
-2026
-2025
-2080
-2110
-2160
-2030
-1611
-1474
-2195
-3501
-4131
-3633
-3148
-3678
-4681
-5095
-5002
-5038
-4936
-4081
-2930
-2464
-2474
-1874
-600
531
1202
1908
2898
3773
4324
4658
4845
4962
5189
5456
5478
5245
5066
4970
4728
4455
4523
4780
4676
4206
3910
3965
3898
3610
3539
3805
3939
3769
3730
3933
3907
3443
2995
2880
2802
2453
2013
1692
1354
787
72
-587
-1115
-1564
-1978
-2412
-2951
-3560
-4081
-4350
-4369
-4261
-4190
-4270
-4446
-4444
-4084
-3576
-3180
-2876
-2556
-2221
-1873
-1441
-971
-651
-566
-566
-482
-335
-195
-145
-199
-257
-260
-246
-272
-251
-165
-170
-301
-418
-413
-275
-124
-1
127
300
511
570
479
497
701
887
898
810
669
340
-124
-409
-449
-591
-986
-1358
-1540
-1649
-1825
-1935
-1877
-1849
-1822
-1619
-1578
-2229
-3360
-3868
-3373
-2989
-3606
-4600
-4957
-4847
-4893
-4773
-3937
-2886
-2523
-2533
-1921
-751
205
802
1571
2627
3420
3820
4098
4323
4541
4881
5315
5478
5242
5055
5097
5028
4774
4731
4925
4812
4336
4052
4102
4010
3667
3647
3953
3950
3614
3545
3884
3930
3448
3118
3159
3045
2541
2092
1927
1548
735
-16
-417
-779
-1387
-2012
-2415
-2772
-3285
-3820
-4133
-4227
-4261
-4326
-4385
-4386
-4307
-4081
-3699
-3268
-2942
-2745
-2522
-2142
-1663
-1224
-918
-791
-796
-768
-567
-282
-133
-156
-215
-213
-184
-144
-63
-6
-59
-194
-314
-358
-340
-260
-124
-6
73
158
240
284
339
479
662
713
616
541
486
302
-25
-348
-545
-715
-1002
-1325
-1531
-1596
-1613
-1678
-1752
-1747
-1693
-1713
-1973
-2494
-2973
-3121
-3068
-3222
-3620
-3897
-3948
-4027
-4134
-3846
-3080
-2371
-2046
-1715
-1027
-300
105
520
1409
2463
3017
3132
3351
3743
3986
4082
4338
4686
4789
4678
4669
4804
4855
4785
4686
4576
4473
4418
4374
4208
3925
3727
3673
3617
3504
3428
3356
3147
2829
2597
2503
2347
2012
1658
1411
1147
771
357
-4
-394
-877
-1373
-1734
-1968
-2204
-2558
-3016
-3384
-3577
-3696
-3819
-3900
-3891
-3857
-3864
-3810
-3644
-3441
-3233
-2955
-2619
-2357
-2202
-2087
-1934
-1724
-1480
-1188
-925
-732
-598
-496
-359
-197
-34
110
191
190
143
153
221
275
290
301
335
355
411
539
659
704
669
636
654
693
707
662
571
434
245
-9
-308
-522
-573
-536
-584
-731
-810
-810
-918
-1143
-1330
-1423
-1634
-2099
-2601
-2962
-3207
-3418
-3540
-3604
-3686
-3776
-3737
-3465
-3096
-2751
-2393
-1993
-1560
-1046
-417
224
704
1023
1372
1834
2358
2915
3463
3861
4012
4076
4315
4732
5103
5272
5261
5127
4917
4763
4794
4913
4909
4712
4427
4212
4110
4074
4028
3897
3666
3402
3178
2996
2839
2689
2480
2146
1698
1251
890
514
45
-453
-886
-1274
-1736
-2281
-2771
-3145
-3471
-3805
-4097
-4251
-4327
-4442
-4550
-4553
-4409
-4208
-3993
-3746
-3498
-3308
-3173
-2968
-2659
-2347
-2125
-1923
-1695
-1466
-1264
-1087
-911
-741
-576
-416
-283
-177
-56
73
162
203
247
325
406
476
547
617
639
607
608
688
797
844
802
746
714
685
624
541
443
333
244
204
193
136
6
-177
-386
-591
-767
-958
-1283
-1770
-2302
-2725
-3009
-3208
-3381
-3563
-3721
-3765
-3643
-3409
-3147
-2852
-2495
-2089
-1644
-1130
-573
-87
289
667
1148
1667
2126
2544
2937
3227
3419
3674
4057
4429
4640
4719
4742
4705
4640
4646
4724
4736
4603
4419
4297
4256
4266
4277
4225
4069
3839
3590
3346
3142
2990
2844
2588
2190
1744
1325
937
534
131
-274
-738
-1264
-1775
-2185
-2536
-2880
-3189
-3455
-3705
-3948
-4137
-4228
-4229
-4123
-3956
-3809
-3716
-3635
-3504
-3319
-3083
-2854
-2689
-2584
-2459
-2240
-1953
-1682
-1497
-1394
-1289
-1133
-926
-713
-528
-380
-289
-218
-125
6
150
271
379
491
587
657
718
793
875
950
997
1004
974
922
873
789
647
478
324
198
96
33
-41
-174
-346
-502
-598
-681
-827
-1084
-1436
-1833
-2209
-2487
-2669
-2792
-2928
-3101
-3215
-3210
-3070
-2836
-2575
-2288
-1970
-1610
-1197
-728
-226
255
693
1089
1467
1843
2230
2629
2985
3248
3452
3650
3875
4101
4253
4302
4271
4233
4243
4277
4274
4185
4037
3911
3859
3875
3910
3890
3762
3533
3289
3093
2973
2904
2782
2530
2132
1686
1312
1019
747
407
-39
-580
-1140
-1621
-1986
-2291
-2616
-2966
-3282
-3550
-3783
-3962
-4069
-4101
-4056
-3945
-3807
-3682
-3583
-3485
-3338
-3128
-2899
-2685
-2514
-2375
-2207
-1976
-1729
-1521
-1352
-1197
-1043
-883
-679
-428
-201
-53
37
117
235
406
602
781
882
899
899
936
1012
1090
1145
1164
1124
1048
988
937
847
727
608
492
361
207
63
-54
-162
-258
-342
-421
-521
-676
-868
-1067
-1316
-1636
-2009
-2358
-2626
-2828
-2966
-3077
-3168
-3212
-3157
-2980
-2700
-2406
-2155
-1894
-1557
-1144
-667
-147
337
733
1071
1436
1861
2298
2685
2994
3214
3385
3576
3800
4025
4172
4250
4295
4300
4274
4238
4215
4181
4115
4059
4033
4027
3985
3877
3702
3488
3271
3094
2954
2779
2523
2195
1834
1473
1139
827
490
52
-467
-979
-1448
-1857
-2227
-2563
-2895
-3231
-3532
-3750
-3886
-3973
-4031
-4065
-4061
-4002
-3889
-3711
-3512
-3329
-3193
-3065
-2928
-2758
-2527
-2296
-2091
-1913
-1743
-1576
-1389
-1173
-934
-711
-523
-371
-214
-44
132
306
475
636
776
884
968
1046
1132
1247
1350
1424
1452
1434
1399
1354
1311
1238
1122
957
779
609
439
261
78
-76
-204
-327
-466
-604
-726
-819
-889
-966
-1104
-1326
-1606
-1908
-2178
-2387
-2543
-2702
-2876
-3019
-3065
-3007
-2876
-2708
-2513
-2261
-1967
-1618
-1210
-765
-311
117
540
978
1423
1838
2220
2575
2907
3217
3482
3722
3933
4104
4198
4234
4243
4245
4245
4238
4227
4186
4109
4017
3925
3854
3794
3696
3518
3289
3082
2913
2770
2584
2315
1964
1579
1206
861
517
118
-347
-851
-1340
-1773
-2139
-2473
-2808
-3131
-3382
-3531
-3619
-3672
-3700
-3707
-3699
-3658
-3554
-3407
-3277
-3204
-3139
-3050
-2934
-2807
-2662
-2487
-2315
-2163
-2013
-1831
-1624
-1424
-1249
-1077
-886
-680
-462
-254
-55
111
245
368
507
670
819
937
1037
1153
1279
1387
1447
1446
1419
1371
1302
1204
1101
1001
896
778
640
507
369
213
53
-80
-176
-247
-309
-353
-385
-446
-550
-697
-849
-1003
-1183
-1382
-1623
-1872
-2100
-2292
-2425
-2519
-2557
-2541
-2472
-2342
-2148
-1898
-1606
-1281
-926
-535
-119
276
625
974
1368
1786
2169
2486
2744
2949
3115
3291
3475
3615
3679
3685
3679
3694
3717
3738
3721
3656
3558
3470
3396
3307
3214
3125
3028
2907
2751
2585
2396
2172
1932
1679
1396
1059
682
289
-110
-516
-931
-1342
-1720
-2060
-2369
-2658
-2916
-3114
-3241
-3306
-3329
-3339
-3353
-3378
-3391
-3356
-3264
-3155
-3057
-2971
-2872
-2750
-2611
-2470
-2323
-2184
-2044
-1903
-1725
-1501
-1273
-1069
-894
-733
-551
-350
-126
101
298
463
589
735
910
1072
1175
1204
1208
1208
1209
1224
1239
1217
1158
1080
1002
944
895
821
705
554
390
234
121
47
-25
-103
-199
-291
-369
-435
-497
-556
-626
-717
-830
-960
-1100
-1268
-1487
-1722
-1949
-2155
-2301
-2392
-2442
-2452
-2400
-2272
-2053
-1772
-1481
-1193
-890
-544
-145
283
701
1083
1424
1746
2064
2371
2650
2864
3009
3133
3277
3431
3567
3676
3744
3785
3782
3743
3685
3615
3544
3466
3371
3255
3126
2987
2847
2714
2576
2403
2161
1871
1575
1302
1025
717
393
61
-277
-620
-941
-1219
-1478
-1760
-2052
-2304
-2494
-2645
-2781
-2901
-3006
-3112
-3209
-3256
-3237
-3197
-3161
-3145
-3113
-3031
-2916
-2780
-2644
-2518
-2398
-2259
-2087
-1883
-1673
-1469
-1278
-1087
-882
-674
-485
-323
-172
-11
160
335
506
660
792
906
1009
1108
1183
1228
1245
1239
1240
1235
1235
1225
1189
1103
988
870
768
686
591
463
309
147
3
-98
-150
-199
-266
-353
-454
-535
-588
-615
-651
-732
-852
-1004
-1174
-1346
-1533
-1722
-1901
-2055
-2164
-2226
-2246
-2221
-2142
-2008
-1835
-1615
-1340
-1023
-687
-339
32
414
779
1117
1445
1772
2094
2403
2688
2939
3141
3302
3427
3533
3616
3662
3673
3679
3666
3614
3526
3408
3284
3168
3060
2943
2801
2631
2440
2261
2083
1899
1703
1486
1242
972
692
417
126
-189
-497
-796
-1089
-1371
-1652
-1941
-2218
-2483
-2703
-2858
-2980
-3079
-3176
-3262
-3326
-3355
-3342
-3294
-3224
-3153
-3069
-2975
-2851
-2703
-2551
-2394
-2230
-2065
-1895
-1720
-1523
-1314
-1100
-882
-670
-479
-287
-85
124
328
517
682
829
983
1125
1266
1391
1492
1548
1561
1573
1583
1566
1533
1475
1409
1344
1273
1190
1096
984
851
700
541
386
237
105
-29
-159
-286
-407
-505
-587
-663
-744
-824
-893
-943
-988
-1050
-1142
-1259
-1401
-1545
-1682
-1806
-1906
-1970
-1998
-1997
-1942
-1835
-1692
-1515
-1297
-1052
-784
-486
-164
180
523
865
1191
1498
1774
2025
2258
2479
2671
2829
2962
3080
3193
3283
3340
3364
3357
3345
3295
3219
3123
3020
2892
2750
2619
2472
2304
2132
1968
1800
1626
1423
1210
977
715
431
140
-145
-437
-733
-1017
-1288
-1555
-1818
-2055
-2260
-2445
-2609
-2755
-2884
-2980
-3046
-3091
-3111
-3101
-3077
-3043
-3001
-2926
-2823
-2692
-2541
-2372
-2191
-2016
-1839
-1664
-1485
-1310
-1135
-941
-729
-516
-311
-117
69
247
422
578
714
832
932
1025
1112
1190
1252
1293
1324
1343
1345
1327
1309
1289
1252
1199
1138
1069
998
915
823
720
606
487
363
254
147
26
-91
-187
-264
-336
-420
-506
-591
-670
-746
-819
-873
-921
-974
-1021
-1063
-1109
-1176
-1264
-1361
-1443
-1501
-1538
-1551
-1535
-1483
-1395
-1282
-1143
-991
-816
-591
-343
-87
176
435
686
939
1196
1447
1677
1877
2052
2214
2360
2487
2587
2653
2703
2724
2719
2712
2695
2668
2630
2593
2546
2491
2410
2305
2195
2071
1928
1766
1596
1413
1218
1012
805
593
376
155
-71
-290
-499
-702
-900
-1098
-1298
-1500
-1699
-1889
-2066
-2228
-2369
-2492
-2582
-2640
-2668
-2680
-2673
-2642
-2591
-2518
-2419
-2312
-2205
-2086
-1943
-1777
-1597
-1421
-1261
-1115
-974
-829
-677
-529
-393
-277
-173
-58
43
139
223
296
363
421
482
550
614
674
733
789
844
893
934
954
968
962
945
932
912
884
843
773
687
595
504
418
340
260
183
105
28
-45
-105
-162
-232
-303
-373
-421
-454
-476
-495
-507
-522
-545
-560
-579
-603
-632
-656
-671
-681
-698
-715
-708
-686
-654
-596
-510
-407
-286
-146
8
161
314
462
608
760
905
1052
1187
1320
1440
1548
1653
1753
1832
1886
1917
1933
1939
1949
1949
1924
1876
1812
1741
1663
1584
1493
1382
1250
1124
1008
905
793
660
510
361
214
64
-89
-240
-396
-561
-721
-866
-1004
-1142
-1274
-1408
-1525
-1624
-1704
-1772
-1833
-1887
-1928
-1948
-1949
-1942
-1912
-1872
-1823
-1749
-1658
-1558
-1458
-1347
-1235
-1121
-1005
-891
-784
-676
-571
-478
-395
-309
-230
-167
-107
-49
-3
36
79
121
158
194
229
265
301
341
378
411
443
470
497
530
551
554
554
551
544
531
519
504
487
467
443
407
364
323
281
236
181
106
25
-52
-127
-195
-253
-310
-373
-426
-463
-473
-467
-446
-417
-382
-336
-277
-212
-142
-75
-15
55
138
219
287
351
409
475
550
621
682
738
794
859
921
986
1047
1105
1153
1199
1240
1281
1319
1348
1366
1364
1349
1319
1277
1230
1176
1103
1024
945
857
756
648
536
422
306
184
57
-78
-211
-349
-470
-582
-689
-792
-885
-954
-1016
-1073
-1126
-1169
-1200
-1221
-1234
-1236
-1240
-1249
-1268
-1272
-1265
-1250
-1229
-1209
-1186
-1160
-1125
-1087
-1044
-993
-942
-898
-847
-792
-731
-660
-592
-531
-477
-424
-370
-309
-242
-175
-117
-59
-9
48
102
151
190
216
241
266
295
316
330
341
346
363
379
382
381
372
369
372
367
354
334
305
277
253
224
195
161
128
100
76
56
46
32
15
17
24
35
51
65
83
107
133
168
211
251
295
341
395
451
496
535
581
618
653
681
707
733
753
770
784
804
813
823
836
838
841
839
835
826
803
776
758
732
702
667
628
587
541
492
436
373
305
236
161
84
10
-69
-151
-230
-312
-391
-461
-533
-603
-672
-732
-793
-853
-911
-962
-1014
-1058
-1094
-1128
-1154
-1176
-1190
-1187
-1174
-1170
-1159
-1132
-1099
-1063
-1014
-963
-911
-859
-807
-753
-696
-638
-573
-507
-444
-378
-319
-267
-207
-153
-108
-62
-19
16
43
71
93
113
133
151
169
190
214
232
254
271
287
305
332
361
380
397
405
419
434
446
448
446
435
425
422
409
391
377
358
340
321
303
293
278
263
252
240
225
215
215
215
219
220
221
226
237
248
252
253
250
255
260
271
272
268
267
269
271
271
271
267
265
265
268
267
266
261
260
260
269
281
290
296
295
288
292
290
282
264
253
244
234
221
207
191
169
154
135
115
79
45
14
-13
-46
-82
-116
-149
-176
-206
-232
-256
