-63
-23
46
18
-22
-47
30
37
-50
-41
32
40
-36
-39
30
25
-49
-20
31
-4
-9
-22
31
-5
-37
6
-9
25
-14
-36
27
32
-29
-47
38
29
-33
-21
58
10
-33
-14
-2
12
-30
1
18
17
-1
-33
31
29
-49
-12
27
7
-23
10
26
-17
-8
11
-1
8
8
-5
-1
27
1
-28
11
21
-1
-13
26
16
-4
-9
4
-6
-5
20
-4
17
4
-11
17
-6
-29
-5
11
2
-15
-1
23
-9
-26
0
8
-2
-13
2
1
13
-2
-32
10
6
-7
-13
6
27
-11
-14
31
1
-13
6
17
3
-14
27
-4
-7
10
3
8
-2
14
7
-2
1
-8
7
2
-7
1
15
7
-6
-8
7
-20
-4
20
-16
2
2
2
-20
-23
-1
-10
-5
-17
-5
13
0
-30
-25
-5
-12
-20
-16
8
-4
-20
-17
-2
0
-11
-17
4
27
-6
-15
1
11
0
-4
4
16
13
-1
2
10
0
-2
10
9
12
-2
10
22
3
13
16
8
19
20
22
9
9
14
10
2
16
27
-3
14
23
6
5
4
8
7
9
17
4
6
4
-11
-15
-2
2
-18
-7
-6
-12
-13
-32
-21
-14
-18
-22
-27
-23
-27
-20
-31
-36
-18
-18
-19
-21
-20
-13
-19
-24
-12
-4
-5
-9
-7
-6
-4
-7
-4
1
4
2
3
11
26
16
9
27
21
17
20
26
16
13
30
28
20
18
26
30
18
11
22
20
15
14
10
18
16
7
3
12
13
4
7
4
8
13
1
-1
-3
-1
6
8
4
-6
3
5
-3
-9
-3
9
9
-13
-7
10
1
-13
-8
14
18
-4
-7
6
1
-7
-7
6
13
2
9
9
8
12
-4
7
15
9
5
13
10
-1
4
10
2
-6
-5
-8
-9
-28
-28
-23
-32
-41
-53
-46
-47
-69
-75
-60
-59
-71
-76
-68
-62
-79
-82
-80
-88
-85
-82
-81
-73
-70
-65
-59
-60
-57
-51
-44
-43
-44
-31
-19
-25
-30
-14
9
-3
-4
19
34
32
28
59
81
68
65
85
108
104
97
129
157
161
163
173
185
179
176
179
178
178
176
156
144
144
139
130
115
101
91
81
74
74
85
87
92
114
132
137
119
120
152
141
126
124
134
125
53
9
-4
-24
-76
-142
-140
-131
-186
-232
-251
-244
-251
-280
-274
-270
-289
-305
-319
-337
-361
-380
-403
-472
-576
-660
-691
-799
-968
-1069
-1097
-1117
-1193
-1222
-1160
-1073
-1040
-990
-814
-614
-446
-279
-11
304
523
730
999
1263
1466
1628
1816
1995
2085
2130
2201
2258
2245
2159
2094
2019
1844
1624
1447
1311
1117
904
772
687
533
338
193
86
-21
-143
-170
-138
-121
-92
-43
-28
-137
-180
-62
-6
-114
-333
-416
-549
-946
-1299
-1411
-1454
-1779
-2234
-2488
-2754
-3464
-4454
-4946
-4891
-4919
-5159
-5103
-4596
-4288
-4442
-4374
-3628
-2684
-2047
-1390
-233
1093
2005
2484
3065
3926
4628
4986
5397
6004
6441
6403
6038
5715
5466
5069
4401
3719
3197
2678
1972
1055
204
-458
-1136
-1932
-2584
-2894
-3082
-3528
-4039
-4192
-4053
-3849
-3580
-2990
-2123
-1439
-955
-419
277
979
1613
2454
3431
4156
4571
4754
4846
4573
4008
3538
3189
2789
2026
1150
365
-450
-1414
-2370
-2962
-3252
-3500
-3686
-3558
-3138
-2725
-2452
-2018
-1299
-534
119
692
1268
1698
1998
2377
2850
3223
3273
3121
2843
2368
1685
1070
732
356
-207
-714
-1025
-1631
-3327
-5859
-8102
-9481
-10265
-10830
-10895
-10371
-10083
-10453
-10795
-10206
-8840
-7499
-6066
-3818
-842
1837
3627
5059
6565
7858
8742
9716
11199
12554
12971
12518
11842
11202
10247
8902
7545
6297
4975
3381
1634
-93
-1832
-3710
-5600
-7019
-7714
-7920
-8098
-8333
-8414
-8190
-7596
-6565
-4972
-2982
-1052
664
2350
4157
5777
6841
7524
8219
8882
9234
9334
9383
9146
8154
6481
4809
3479
2068
332
-1307
-2429
-3332
-4459
-5572
-6258
-6681
-7189
-7472
-6917
-5628
-4333
-3370
-2489
-1558
-721
51
992
1987
2684
3094
3518
3907
3960
3686
3309
2776
1954
1055
315
-422
-1366
-2333
-3110
-3765
-4337
-4813
-5680
-7666
-10413
-12402
-12884
-12785
-12874
-12554
-11369
-10441
-10485
-10281
-8539
-5982
-4196
-2704
66
3768
6409
7474
8454
10093
11369
11737
12232
13477
14297
13521
11877
10689
9914
8609
6747
5135
3902
2436
503
-1346
-2786
-4308
-6205
-7934
-8605
-8115
-7326
-6952
-6922
-6605
-5682
-4320
-2561
-384
1902
3825
5393
7095
8948
10252
10612
10409
10197
9992
9523
8900
8115
6648
4271
1631
-298
-1591
-3185
-5212
-6885
-7649
-8058
-8756
-9252
-9054
-8511
-8128
-7458
-5670
-3343
-1668
-781
231
1825
3370
4524
5564
6423
6681
6323
5838
5313
4404
3223
2166
1140
-145
-1381
-2074
-2404
-3073
-4190
-5011
-5012
-4600
-4822
-6448
-9159
-11824
-13378
-13751
-13480
-12673
-11412
-10326
-10043
-9946
-8613
-6014
-3599
-1895
321
3846
7307
9146
9923
10893
11952
12294
12319
13105
14097
13719
11758
9705
8583
7609
6031
4185
2698
1353
-432
-2323
-3676
-4703
-6120
-7847
-8768
-8286
-7098
-6153
-5606
-4968
-4061
-2915
-1371
687
2915
4706
6037
7426
9018
10422
11050
10804
10054
9194
8241
7223
6253
4981
2909
169
-2295
-3844
-4899
-6304
-7863
-8779
-8997
-9184
-9475
-9194
-8207
-7213
-6401
-4846
-2184
346
1558
2010
3003
4614
5982
6803
7569
8138
7785
6525
5174
4248
3280
1976
475
-867
-1937
-2967
-3853
-4641
-5346
-5925
-6177
-5779
-5020
-4968
-6738
-9744
-12210
-13040
-12791
-12461
-11499
-9782
-8628
-8826
-9046
-7340
-4485
-2556
-1299
1342
5413
8415
9153
9364
10506
11646
11683
11617
12528
13163
12020
9642
7929
7282
6317
4676
3156
2111
927
-871
-2603
-3758
-4756
-6076
-7329
-7485
-6473
-5222
-4516
-4175
-3541
-2501
-1216
360
2255
4135
5554
6635
7880
9298
10306
10555
10225
9463
8311
6993
5868
4782
3103
721
-1684
-3477
-4778
-6015
-7156
-7986
-8580
-8941
-8941
-8508
-7710
-6670
-5387
-3897
-2199
-337
1259
2276
2952
3931
5425
6810
7568
7778
7575
6806
5414
3840
2544
1480
455
-675
-1999
-3382
-4460
-5088
-5539
-5876
-5740
-5067
-4322
-3979
-4314
-5811
-8614
-11527
-12738
-12119
-11196
-10552
-9664
-8672
-8646
-9222
-8323
-5413
-2475
-771
1060
4217
7159
8058
7989
8923
10543
11240
11185
11781
12593
11931
9766
7936
7375
6932
5659
4118
2928
1718
1
-1747
-2818
-3559
-4622
-5709
-6017
-5465
-4738
-4308
-3980
-3331
-2437
-1310
195
1967
3732
5104
6185
7300
8420
9334
9869
9982
9497
8222
6690
5551
4603
2992
629
-1345
-2635
-3973
-5526
-6630
-6922
-7396
-8371
-8778
-8097
-7037
-6288
-5456
-3980
-2329
-1042
-28
1212
2486
3405
4375
5537
6568
6973
6678
5905
4818
3498
2237
1170
186
-866
-2139
-3524
-4712
-5277
-5079
-4698
-4830
-5032
-4313
-2839
-2378
-4324
-7620
-10149
-11275
-11745
-11780
-10630
-8849
-8426
-9756
-10624
-8998
-6039
-3996
-2662
-318
3006
5255
5857
6614
8306
9745
10040
10217
11410
12463
11864
10028
8571
8093
7577
6526
5457
4596
3326
1224
-846
-1927
-2402
-3231
-4534
-5401
-5388
-5066
-4900
-4672
-4054
-3336
-2783
-1898
-173
1945
3530
4608
5779
7190
8354
8962
9329
9303
8491
7078
6017
5538
4639
2737
640
-808
-1884
-3133
-4261
-4839
-5320
-6176
-6978
-7061
-6481
-5740
-5031
-4197
-3260
-2272
-1230
-178
801
1794
2968
4108
4987
5444
5468
5048
4038
2660
1305
347
-201
-877
-1939
-3145
-3927
-4239
-4264
-3977
-3550
-3071
-2696
-2392
-2741
-4816
-7961
-10362
-11030
-10935
-11056
-10522
-9313
-9160
-10753
-11747
-9746
-6403
-4412
-3299
-919
2416
4142
4321
5472
8057
9941
10029
10226
11750
12751
11762
9996
9290
9381
8709
7326
6212
5301
3773
1622
6
-739
-1510
-2916
-4480
-5325
-5549
-5678
-5714
-5479
-4956
-4555
-4253
-3378
-1727
326
2126
3544
4950
6267
7323
8100
8630
8777
8296
7491
6852
6328
5434
3966
2395
1232
381
-535
-1638
-2695
-3559
-4389
-5285
-5925
-5996
-5682
-5483
-5460
-5052
-4090
-2958
-2057
-1179
81
1408
2401
3073
3758
4422
4454
3734
2679
1835
1343
816
78
-889
-1743
-2270
-2668
-2935
-3004
-2649
-2046
-1569
-1419
-2404
-4940
-8152
-10370
-10814
-10561
-10371
-9910
-9489
-10155
-11851
-12252
-9937
-6815
-4919
-3627
-1292
1406
2618
3089
4812
7548
9299
9612
10269
11741
12382
11542
10611
10709
10896
9984
8594
7652
6821
5260
3277
1895
1047
-122
-1955
-3693
-4618
-5114
-5627
-6059
-6167
-6051
-6100
-6083
-5317
-3706
-1870
-460
783
2328
3959
5149
5835
6699
7682
8010
7583
7099
7076
6779
5672
4614
4275
3945
2588
762
-255
-708
-1672
-3139
-3999
-4052
-4480
-5376
-5651
-4985
-4272
-4212
-4104
-3369
-2383
-1507
-626
495
1445
1752
1630
1341
1002
602
458
707
656
19
-737
-1063
-1094
-1350
-1502
-925
14
62
-1802
-4913
-7578
-8883
-9297
-9736
-9851
-9349
-9297
-10668
-12401
-12123
-9730
-7514
-6399
-5106
-2731
-588
320
1489
3972
6563
7696
8095
9455
11165
11758
11428
11493
12150
12005
10846
9812
9316
8703
7348
5907
4975
3969
2372
399
-1120
-1935
-2651
-3528
-4530
-5374
-6081
-6798
-7047
-6515
-5362
-4289
-3695
-2942
-1678
-276
756
1674
3045
4200
4454
4364
4908
5931
6176
5668
5600
6016
5775
4469
3413
3410
3261
2095
593
-285
-1010
-2309
-3335
-3338
-3004
-3323
-4082
-4380
-4256
-3947
-3220
-2159
-1396
-1298
-1327
-1129
-1100
-1377
-1529
-1232
-921
-1097
-1434
-1431
-1130
-1007
-1188
-1126
-510
243
240
-1199
-3664
-5965
-7227
-7626
-7925
-8131
-8034
-8345
-9660
-10998
-10566
-8605
-7130
-6640
-5802
-4026
-2495
-1711
-300
2127
4110
4700
5035
6464
8219
9140
9590
10409
11191
10997
10224
9925
10120
9933
9075
8174
7415
6365
4851
3406
2568
2046
1281
158
-1009
-1960
-2876
-3751
-4163
-3969
-3622
-3783
-4205
-4063
-3390
-2826
-2554
-1956
-1040
-701
-933
-749
344
1365
1503
1396
1736
2235
2450
2663
3244
3801
3831
3420
2952
2533
2133
1791
1528
1291
922
320
-470
-1133
-1386
-1262
-1163
-1310
-1537
-1753
-1967
-2219
-2441
-2607
-2832
-3120
-3312
-3309
-3201
-3152
-3130
-3123
-3049
-2639
-1984
-1293
-701
-158
302
-232
-2132
-4272
-5373
-5376
-5363
-5453
-5128
-5126
-6530
-8554
-8975
-7413
-5798
-5151
-4609
-3624
-3090
-3252
-2585
-524
1386
2014
2123
2864
3902
4652
5529
6804
7816
7829
7322
7286
7891
8660
9069
8973
8376
7346
6291
5676
5749
6075
5839
4782
3393
2366
1744
1192
840
781
506
-435
-1517
-1858
-1734
-1924
-2345
-2360
-2099
-2386
-3208
-3624
-3316
-3017
-3216
-3394
-3043
-2607
-2553
-2351
-1424
-238
253
103
296
1001
1610
2070
2821
3478
3221
2323
1864
2054
2274
2386
2583
2503
1733
713
108
-221
-738
-1335
-1819
-2432
-3271
-3917
-4118
-4230
-4516
-4656
-4439
-4171
-3947
-3468
-2754
-2143
-1693
-1081
-324
206
612
986
742
-415
-1673
-2108
-2127
-2535
-2947
-2932
-3321
-4760
-6094
-5996
-5175
-4917
-4903
-4317
-3748
-4016
-4198
-3180
-1669
-870
-617
-55
647
978
1505
2704
3942
4483
4573
4872
5371
5884
6563
7229
7428
7110
6725
6559
6524
6679
6902
6718
5952
5171
4810
4495
4045
3849
3776
3150
1982
1145
942
684
90
-366
-656
-1238
-1974
-2234
-2060
-2128
-2582
-2963
-3155
-3447
-3701
-3520
-3060
-2780
-2652
-2423
-2230
-2223
-2078
-1521
-911
-554
-174
369
731
804
1028
1517
1771
1566
1192
940
721
424
129
-225
-711
-1195
-1514
-1600
-1446
-1175
-1034
-1170
-1336
-1235
-991
-893
-878
-689
-466
-518
-727
-792
-721
-774
-907
-842
-635
-611
-915
-1471
-2182
-2808
-3104
-3125
-3191
-3399
-3688
-4165
-4841
-5269
-5026
-4423
-3995
-3742
-3465
-3185
-2967
-2527
-1625
-645
-25
316
693
1183
1681
2255
2927
3398
3438
3243
3253
3590
4060
4511
4790
4801
4565
4276
4255
4601
5097
5353
5168
4773
4480
4324
4235
4247
4311
4146
3630
3036
2670
2515
2357
2144
1873
1456
919
429
121
-100
-440
-965
-1564
-2074
-2455
-2712
-2790
-2738
-2736
-2908
-3142
-3166
-2977
-2731
-2480
-2203
-1944
-1834
-1773
-1566
-1252
-979
-737
-446
-147
52
219
463
674
755
781
869
995
1016
957
888
722
386
-50
-394
-597
-800
-1112
-1512
-1886
-2214
-2531
-2775
-2859
-2792
-2718
-2718
-2698
-2600
-2471
-2369
-2271
-2178
-2160
-2211
-2228
-2147
-2032
-1955
-1905
-1861
-1848
-1860
-1788
-1567
-1315
-1181
-1151
-1074
-872
-598
-257
110
397
518
518
617
912
1295
1607
1718
1705
1717
1827
2055
2349
2660
2843
2775
2622
2611
2818
3116
3390
3661
3844
3863
3844
4002
4303
4461
4377
4238
4151
4015
3749
3482
3267
2926
2407
1930
1704
1583
1302
855
440
74
-356
-774
-1006
-1057
-1158
-1423
-1635
-1665
-1628
-1659
-1740
-1732
-1680
-1704
-1718
-1594
-1392
-1326
-1424
-1462
-1310
-1110
-1028
-1017
-974
-1007
-1232
-1522
-1681
-1725
-1865
-2102
-2256
-2353
-2537
-2787
-2935
-2931
-2987
-3176
-3296
-3252
-3158
-3103
-3009
-2787
-2579
-2531
-2527
-2397
-2114
-1831
-1621
-1453
-1335
-1279
-1252
-1150
-905
-608
-384
-259
-159
-20
128
281
504
788
1054
1253
1431
1634
1821
1952
2083
2277
2475
2593
2634
2676
2749
2841
2947
3072
3183
3246
3264
3306
3407
3566
3719
3826
3875
3846
3778
3698
3593
3463
3272
3006
2673
2311
1983
1684
1371
1013
652
307
-39
-412
-754
-1033
-1308
-1595
-1816
-1955
-2070
-2200
-2337
-2439
-2468
-2398
-2279
-2168
-2066
-1942
-1803
-1666
-1475
-1199
-907
-704
-640
-594
-476
-329
-225
-174
-178
-279
-486
-670
-742
-756
-843
-1055
-1327
-1605
-1857
-2054
-2147
-2178
-2258
-2445
-2674
-2829
-2886
-2879
-2809
-2670
-2515
-2404
-2307
-2106
-1779
-1452
-1191
-934
-616
-286
-2
281
587
856
1029
1156
1320
1541
1755
1903
1998
2053
2047
1969
1888
1865
1864
1802
1679
1556
1466
1394
1327
1291
1297
1293
1238
1186
1210
1311
1394
1428
1443
1453
1464
1478
1519
1560
1524
1402
1246
1130
1047
970
876
733
514
256
57
-43
-102
-209
-348
-477
-605
-723
-755
-704
-671
-724
-815
-856
-831
-766
-647
-488
-361
-293
-248
-151
20
214
368
447
480
492
496
496
499
503
463
355
234
138
35
-134
-350
-540
-720
-906
-1075
-1182
-1269
-1411
-1578
-1707
-1769
-1804
-1831
-1797
-1699
-1606
-1541
-1470
-1332
-1151
-973
-753
-479
-216
-34
67
174
320
468
590
684
755
749
657
560
504
469
395
308
238
143
18
-92
-145
-150
-174
-221
-235
-193
-108
-14
95
222
328
391
459
586
739
826
835
824
817
789
730
685
656
573
432
304
200
89
-30
-127
-215
-326
-450
-541
-586
-600
-635
-722
-838
-943
-1018
-1024
-949
-838
-742
-683
-633
-522
-323
-73
192
435
636
779
879
996
1152
1290
1352
1354
1349
1350
1333
1283
1201
1077
908
735
601
502
396
271
136
-23
-214
-372
-461
-505
-538
-568
-609
-666
-728
-759
-708
-599
-498
-414
-323
-222
-143
-73
27
159
281
374
431
441
421
397
381
358
313
251
170
50
-77
-177
-241
-310
-405
-489
-540
-558
-567
-548
-497
-459
-443
-410
-331
-223
-124
-55
-23
-14
-1
20
51
76
81
57
2
-55
-97
-95
-71
-69
-65
-62
-76
-87
-61
0
42
41
5
-65
-141
-186
-168
-117
-113
-178
-258
-288
-272
-229
-149
-65
-14
-28
-25
56
173
257
285
283
281
290
323
390
442
419
303
195
176
224
274
287
241
131
0
-88
-87
-22
19
-14
-91
-152
-171
-152
-96
-25
38
55
46
47
63
55
25
2
13
30
9
-41
-101
-159
-197
-197
-172
-167
-211
-286
-352
-369
-340
-295
-256
-226
-198
-151
-83
8
111
195
263
329
396
447
480
493
481
446
407
380
337
265
155
49
-41
-109
-149
-166
-180
-217
-266
-292
-284
-270
-260
-229
-175
-129
-126
-139
-138
-130
-117
-85
-15
60
100
103
97
127
202
294
385
453
474
457
411
364
324
282
218
124
53
15
-36
-125
-223
-308
-360
-377
-356
-298
-271
-310
-374
-393
-359
-300
-246
-200
-181
-196
-202
-166
-85
-8
45
87
135
193
247
274
288
307
330
358
394
411
364
256
136
55
22
-12
-94
-216
-336
-428
-463
-441
-399
-383
-402
-417
-385
-295
-191
-107
-70
-41
11
98
200
278
317
317
309
306
325
347
335
290
234
188
