-4
35
-1
-8
15
-7
24
-11
-18
13
-19
-8
-19
1
18
-33
14
-14
14
14
-28
31
9
-1
18
-9
20
8
-24
13
7
-13
16
-22
16
8
-25
29
-14
13
-5
-3
17
-18
10
-20
14
-6
-1
3
-6
17
-11
-1
2
-4
-8
0
-27
9
-7
-37
20
-20
-5
7
-32
43
-7
-5
39
-28
31
19
-40
25
-4
-17
16
-33
22
-5
-27
-6
1
-4
1
-7
1
36
-23
5
-1
5
19
0
4
20
6
-12
20
-13
12
-26
-23
43
-7
-16
9
-24
5
-15
-14
23
-2
4
15
4
29
-14
-33
22
1
3
5
-12
9
0
-40
10
-7
-18
1
-36
40
19
-10
15
17
6
1
39
-7
36
17
-35
17
-20
2
-8
-23
26
-19
2
13
-14
-15
-18
1
-9
-11
17
-12
5
-4
-40
36
0
-24
20
5
31
14
-2
16
-6
-21
-4
-4
3
3
-16
2
31
-24
-11
15
-2
6
4
11
-5
-14
-27
-11
3
-13
-16
5
13
3
-8
-13
24
-22
7
-3
32
27
-25
31
-25
31
-27
-2
25
-17
17
-15
-3
-2
-5
-12
23
-15
-16
20
-17
20
-17
-18
27
-15
11
21
-12
26
-21
8
0
-18
-11
-23
19
-34
21
0
-29
29
-30
25
16
-22
42
-16
19
31
5
8
19
-23
4
18
-70
14
-12
-18
0
-32
18
-5
-15
-3
2
15
12
-1
7
25
-1
-24
32
-14
-9
12
-32
44
-1
-8
1
-10
6
-2
-12
30
-3
-28
20
-19
8
5
-24
8
-1
15
6
-15
24
0
-13
13
1
8
21
-3
22
-7
1
0
-10
-2
-14
-7
16
14
-23
5
-15
5
-14
-12
20
6
22
-10
10
3
-27
0
-18
13
3
-8
17
8
-8
-16
-3
-2
-16
-5
-5
3
-6
-29
6
-33
-7
-3
-32
28
3
3
13
-4
21
0
31
21
11
34
1
20
4
-8
0
4
6
-15
5
1
-27
-30
-15
-22
-7
-3
-15
6
17
-7
-4
12
2
-10
-2
22
12
16
15
-1
5
1
-15
6
19
6
2
8
9
-13
-3
-1
2
16
9
-7
-1
1
-21
-28
-21
-5
-15
4
4
-20
-4
-24
-27
-9
-8
18
6
22
21
-9
8
-22
-4
4
13
21
5
30
-7
-21
-4
-21
-17
4
14
20
18
12
-1
-6
-9
-4
13
43
37
-10
17
-4
-29
-26
-30
2
8
4
5
-5
-21
-17
-38
-32
10
14
18
22
11
-16
-32
-11
-35
-5
18
5
34
26
6
-11
9
15
9
22
53
38
20
32
3
4
16
7
17
26
9
-4
-13
-29
-42
-44
-22
-17
-22
-8
-7
-25
-26
-27
-36
-21
4
-9
-9
13
-16
-28
-23
-40
-7
13
28
55
55
70
59
30
38
32
47
55
52
54
46
28
-2
-13
-38
-15
-20
-14
-19
-14
-7
-34
-2
5
13
15
-2
38
10
12
17
14
50
38
36
50
61
22
21
30
25
26
43
63
48
46
28
15
20
-17
8
-2
-35
-29
-82
-99
-99
-113
-124
-111
-115
-156
-184
-204
-225
-261
-311
-310
-299
-303
-375
-516
-601
-610
-644
-656
-606
-537
-473
-445
-409
-363
-284
-179
-72
137
358
533
691
811
895
954
996
1100
1154
1170
1162
1074
1027
953
776
610
473
309
143
-18
-153
-268
-384
-492
-529
-515
-485
-444
-392
-277
-169
-79
55
200
304
424
605
752
885
932
973
1035
1077
1093
1081
1086
1028
941
830
719
580
382
183
28
-98
-243
-407
-564
-704
-770
-803
-817
-801
-791
-837
-1001
-1165
-1252
-1376
-1586
-1853
-2079
-2276
-2612
-3290
-4021
-4464
-4655
-4729
-4868
-4805
-4402
-3982
-3687
-3393
-2738
-1794
-922
-6
1147
2460
3649
4440
4998
5583
6154
6590
6853
7084
7254
7133
6642
5945
5195
4375
3407
2404
1537
734
-44
-926
-1905
-2843
-3659
-4269
-4675
-4864
-4799
-4554
-4268
-4018
-3666
-3069
-2356
-1681
-942
76
1188
2073
2712
3199
3657
3978
4081
4094
4176
4213
3982
3520
2973
2373
1650
805
-57
-825
-1513
-2203
-2994
-3756
-4399
-5015
-5593
-6220
-6786
-7018
-6941
-6645
-6174
-5516
-4570
-3611
-2685
-1548
-291
1010
2266
3480
4697
5735
6509
6969
7135
7135
6923
6620
6359
5941
5389
4637
3778
2942
2045
1166
333
-365
-827
-1250
-1674
-1996
-2328
-2662
-2915
-2956
-2782
-2585
-2407
-2374
-2479
-2579
-2727
-3043
-3512
-4061
-4443
-4630
-5078
-5830
-6592
-6973
-6973
-7065
-7082
-6598
-5722
-4830
-4137
-3337
-2052
-592
669
1820
3217
4886
6249
7068
7645
8316
8918
9096
8977
8937
8842
8315
7327
6228
5222
4079
2719
1426
343
-672
-1742
-2808
-3767
-4584
-5199
-5588
-5716
-5439
-4789
-3980
-3191
-2404
-1450
-350
756
1796
2881
4124
5251
5968
6359
6570
6613
6354
5801
5252
4753
4038
2935
1548
237
-906
-2134
-3370
-4359
-5055
-5666
-6424
-7068
-7345
-7429
-7533
-7529
-7125
-6355
-5605
-5252
-5215
-4915
-4153
-3242
-2222
-1009
440
1690
2438
3201
4068
4705
5013
5329
5926
6432
6479
6146
5511
4695
3712
2768
2222
1899
1575
1093
538
180
-191
-652
-1034
-1124
-778
-466
-276
84
433
494
283
208
330
262
0
-219
-393
-816
-1669
-2649
-3661
-4726
-5632
-6535
-7619
-8782
-9585
-9638
-9511
-9591
-9286
-8313
-6966
-5724
-4524
-2722
-538
1343
2859
4431
6438
8364
9460
9948
10404
10915
10985
10392
9735
9194
8261
6667
4836
3376
2051
365
-1487
-3010
-4060
-4921
-5778
-6386
-6602
-6477
-6080
-5457
-4420
-2934
-1319
146
1475
2928
4497
5870
6921
7752
8499
8997
9050
8759
8213
7412
6269
4809
3304
1848
345
-1315
-3095
-4700
-5919
-6879
-7718
-8367
-8633
-8609
-8563
-8366
-7681
-6631
-5639
-4767
-3611
-2208
-1360
-1148
-699
383
1619
2483
3171
4042
4523
4266
3819
3547
3315
2818
2221
1948
1788
1286
281
-942
-1817
-2225
-2357
-2192
-1607
-781
-288
-111
302
935
1405
1765
2431
3304
3855
4043
4137
3966
3361
2635
2270
2039
1330
247
-798
-1697
-2707
-4033
-5435
-6575
-7341
-8196
-9585
-11039
-11614
-11117
-10508
-10266
-9420
-7571
-5579
-4127
-2779
-573
2090
4132
5698
7520
9714
11396
11789
11532
11485
11527
11024
9808
8567
7555
6094
3894
1586
-139
-1521
-3244
-5037
-6141
-6439
-6593
-6920
-6938
-6378
-5473
-4390
-3009
-1198
863
2765
4354
5736
7070
8301
9082
9327
9397
9469
9264
8475
7144
5564
3888
1992
-59
-1948
-3472
-4759
-6075
-7440
-8491
-9040
-9239
-9200
-8843
-7924
-6584
-5278
-4135
-2875
-1368
63
1059
1821
2675
3362
3631
3738
3863
3778
3289
2631
2031
1304
330
-633
-1438
-2142
-2777
-3282
-3518
-3533
-3495
-3436
-3149
-2423
-1389
-342
691
1761
2822
3734
4457
5103
5637
5921
5861
5606
5285
4757
3941
2952
1984
1066
80
-804
-1571
-2507
-3591
-4624
-5352
-5828
-6395
-7048
-7592
-7784
-7783
-8332
-9466
-10215
-9729
-8417
-7358
-6409
-4826
-2877
-1434
-675
452
2495
4543
5912
6960
8394
10015
10632
9967
8985
8422
8033
7165
6060
5349
4622
3044
703
-1262
-2250
-3022
-4103
-4880
-4732
-4100
-3820
-3781
-3374
-2517
-1497
-370
1174
3156
5080
6397
6975
7276
7676
7973
7891
7515
7221
6881
5985
4494
2724
996
-710
-2479
-3980
-4997
-5598
-6090
-6787
-7447
-7706
-7476
-6902
-6119
-4858
-3143
-1572
-512
299
1365
2453
3036
3258
3461
3464
2673
1264
82
-782
-1688
-2650
-3325
-3604
-3972
-4458
-4710
-4751
-4600
-4194
-3442
-2293
-1064
64
1053
1822
2536
3253
3948
4704
5431
5934
6051
5874
5608
5137
4315
3363
2568
1810
844
-168
-965
-1607
-2320
-3088
-3538
-3672
-3804
-3954
-4068
-4033
-4001
-4315
-4838
-5199
-5033
-4636
-5098
-6507
-7657
-7559
-6690
-6282
-6107
-5118
-3511
-2330
-1903
-1145
636
2448
3421
4043
5364
7328
8527
8343
7700
7516
7471
6742
5709
5253
5039
3929
1920
344
-360
-1114
-2388
-3421
-3452
-3019
-2903
-2850
-2394
-1636
-1049
-646
257
1932
3812
5058
5516
5903
6547
7000
6870
6489
6435
6385
5750
4659
3525
2421
1000
-742
-2228
-3190
-3792
-4311
-4936
-5510
-5893
-6051
-5897
-5402
-4457
-3200
-2123
-1389
-697
190
1019
1378
1486
1668
1610
759
-758
-1945
-2410
-2662
-3035
-3385
-3427
-3392
-3584
-3710
-3489
-2933
-2209
-1409
-375
802
1756
2310
2617
2999
3504
3968
4382
4785
5019
4789
4176
3542
2914
2161
1286
524
-25
-655
-1316
-1838
-2288
-2687
-2977
-3014
-2864
-2758
-2604
-2300
-1990
-1959
-2419
-3173
-3782
-3844
-3361
-3292
-4518
-6477
-7730
-7628
-7175
-7178
-6826
-5475
-3897
-3075
-2641
-1415
536
2066
2832
3855
5977
8341
9421
8989
8312
8183
7891
6954
6133
6071
5930
4449
2142
520
-274
-1296
-2891
-4040
-4039
-3566
-3368
-3311
-2941
-2339
-1963
-1601
-472
1666
3979
5373
5907
6419
7083
7397
7152
6900
6913
6614
5725
4594
3509
2239
386
-1720
-3429
-4422
-4812
-5102
-5571
-6142
-6552
-6611
-6386
-5768
-4645
-3290
-2142
-1335
-515
423
983
920
570
475
713
940
1076
1183
1148
738
-107
-1000
-1463
-1480
-1467
-1720
-2028
-2069
-1982
-2115
-2326
-2153
-1568
-905
-199
738
1752
2374
2481
2534
2907
3454
3857
3932
3742
3372
2780
1969
1113
418
-149
-672
-1094
-1342
-1477
-1732
-2165
-2646
-3155
-3585
-3950
-4363
-4767
-4879
-4532
-4565
-5894
-7870
-8939
-8427
-7421
-6910
-6098
-4338
-2483
-1729
-1700
-692
1529
3425
4323
5342
7461
9595
9958
8778
7856
7797
7511
6435
5500
5423
5148
3382
833
-897
-1613
-2490
-3906
-4647
-4065
-3241
-3228
-3571
-3161
-2083
-1315
-804
493
2792
4933
5924
6200
6691
7266
7230
6666
6353
6469
6259
5274
3921
2703
1435
-288
-2240
-3754
-4474
-4676
-4869
-5227
-5578
-5784
-5865
-5716
-5037
-3754
-2336
-1287
-607
69
793
1111
827
299
-15
111
496
854
994
681
-67
-1036
-1858
-2154
-2025
-1797
-1699
-1746
-1792
-1849
-1991
-2022
-1700
-996
-24
1066
2132
3010
3464
3432
3180
3020
3153
3466
3556
3228
2521
1604
588
-398
-1082
-1494
-1967
-2655
-3226
-3272
-3052
-3094
-3521
-4053
-4456
-4847
-5178
-5027
-4516
-4567
-5844
-7632
-8398
-7771
-6890
-6439
-5711
-4131
-2377
-1420
-889
385
2272
3662
4411
5589
7764
9715
9985
9028
8294
8134
7689
6608
5772
5632
5141
3364
1076
-378
-1058
-2089
-3666
-4600
-4223
-3484
-3333
-3370
-2853
-1939
-1384
-1011
214
2385
4373
5325
5687
6312
7046
7140
6634
6290
6318
6106
5260
4112
3074
1874
115
-1876
-3405
-4183
-4564
-4989
-5451
-5833
-6137
-6374
-6312
-5633
-4423
-3153
-2319
-1855
-1364
-775
-333
-258
-289
34
661
1335
1882
2200
2135
1503
524
-249
-520
-498
-528
-741
-1066
-1442
-1862
-2213
-2279
-1979
-1419
-689
201
1177
1995
2406
2447
2426
2611
2955
3266
3363
3244
2881
2111
1100
269
-292
-812
-1557
-2398
-2926
-3164
-3390
-3738
-4140
-4461
-4752
-5041
-5019
-4804
-5257
-6784
-8471
-8914
-8010
-7066
-6557
-5640
-4060
-2686
-2171
-1659
44
2335
3812
4510
5723
7955
9804
9863
8822
8232
8256
7889
6918
6280
6232
5547
3459
1070
-291
-925
-1986
-3523
-4374
-4128
-3684
-3679
-3684
-3135
-2377
-1980
-1533
-142
2169
4281
5394
5920
6520
7167
7403
7240
7175
7222
6867
5915
4740
3682
2476
713
-1348
-3025
-4008
-4560
-5079
-5692
-6289
-6755
-7008
-6914
-6350
-5332
-4217
-3443
-2954
-2257
-1186
-243
159
282
648
1346
2066
2614
2969
3043
2678
1871
995
468
268
-36
-769
-1610
-2128
-2367
-2601
-2818
-2725
-2341
-1932
-1420
-520
685
1651
2011
2057
2305
2876
3431
3676
3656
3493
3099
2369
1478
707
47
-778
-1687
-2252
-2413
-2573
-3152
-3957
-4506
-4917
-5467
-5923
-5701
-4977
-5161
-6870
-8740
-9181
-8369
-7785
-7637
-6635
-4498
-2589
-1890
-1444
144
2403
3825
4385
5621
8080
10196
10457
9581
9255
9475
8898
7424
6427
6450
6168
4431
2161
803
146
-1118
-3167
-4549
-4459
-3948
-4060
-4329
-3787
-2761
-2337
-2341
-1548
408
2445
3645
4454
5591
6794
7257
6991
6878
7186
7269
6649
5689
4936
4116
2673
739
-1037
-2255
-3181
-4193
-5201
-5977
-6499
-6960
-7435
-7613
-7303
-6737
-6240
-5749
-4890
-3667
-2529
-1659
-748
518
1922
3068
3899
4545
4984
4993
4542
3957
3501
3029
2219
1041
-125
-995
-1716
-2490
-3114
-3335
-3251
-3165
-3065
-2638
-1897
-1206
-709
-168
654
1567
2214
2516
2586
2611
2623
2553
2364
1995
1406
607
-242
-846
-1186
-1584
-2359
-3423
-4307
-4723
-4961
-5738
-7359
-9224
-10405
-10593
-10233
-9649
-8590
-7057
-5651
-4772
-3930
-2295
8
2049
3524
5060
7184
9407
10774
11177
11195
11096
10604
9671
8923
8741
8443
7141
4999
3012
1576
119
-1737
-3494
-4556
-5081
-5506
-5751
-5518
-5009
-4807
-4973
-4767
-3529
-1487
565
2154
3423
4605
5634
6381
7004
7666
8180
8270
7972
7597
7195
6427
5053
3217
1336
-272
-1620
-2822
-3995
-5145
-6221
-7261
-8168
-8713
-8768
-8506
-8236
-7903
-7240
-6107
-4673
-3145
-1536
111
1633
2910
3984
5003
5890
6389
6397
6102
5802
5477
4809
3675
2309
1016
-152
-1228
-2088
-2622
-2957
-3355
-3783
-3936
-3679
-3190
-2765
-2416
-1900
-1139
-304
386
909
1410
1871
2095
2017
1767
1460
1044
425
-199
-591
-947
-1649
-2729
-3702
-4214
-4799
-6219
-8284
-9940
-10460
-10283
-10113
-9666
-8424
-6756
-5605
-5132
-4261
-2281
62
1762
3067
4994
7624
9763
10605
10778
11089
11266
10712
9766
9418
9711
9455
7991
6006
4405
3111
1409
-658
-2272
-3128
-3713
-4426
-4963
-4971
-4848
-5217
-5883
-5909
-4862
-3297
-1863
-543
976
2443
3398
4036
4861
5931
6752
7054
7229
7589
7847
7530
6545
5246
3899
2501
1061
-275
-1408
-2514
-3894
-5528
-7002
-7987
-8600
-9128
-9553
-9620
-9111
-8133
-6774
-5145
-3420
-1814
-491
720
2056
3542
4917
5868
6333
6556
6738
6747
6352
5548
4537
3447
2302
1255
490
-69
-700
-1545
-2404
-2975
-3222
-3362
-3549
-3671
-3546
-3174
-2685
-2080
-1329
-601
-173
-113
-165
-80
126
368
550
477
-11
-806
-1509
-1920
-2558
-4068
-6242
-8155
-9111
-9400
-9595
-9555
-8923
-7988
-7383
-7126
-6369
-4622
-2564
-962
418
2313
4784
6956
8266
9170
10119
10798
10733
10242
10190
10616
10570
9530
8066
6902
5891
4394
2419
636
-644
-1749
-2894
-3739
-3943
-3846
-4115
-4808
-5281
-5072
-4390
-3637
-2787
-1583
-149
1079
1997
2885
3872
4709
5161
5407
5796
6351
6800
6897
6537
5753
4624
3246
1815
496
-635
-1637
-2649
-3709
-4742
-5731
-6709
-7657
-8392
-8668
-8398
-7656
-6550
-5188
-3766
-2535
-1612
-836
53
1127
2202
3147
3992
4772
5335
5460
5187
4747
4225
3539
2735
2079
1718
1448
972
240
-566
-1305
-1968
-2508
-2848
-2940
-2825
-2597
-2237
-1720
-1203
-950
-1101
-1494
-1802
-1912
-1835
-1587
-1311
-1212
-1398
-1751
-2135
-2894
-4464
-6572
-8347
-9145
-9154
-8866
-8238
-7148
-6069
-5641
-5738
-5415
-4116
-2370
-866
574
2568
5059
7186
8434
9174
9790
10004
9546
8966
9074
9759
10050
9405
8262
7159
5934
4223
2287
766
-203
-1028
-1871
-2359
-2353
-2358
-2872
-3748
-4341
-4298
-3809
-3090
-2166
-1029
173
1170
1949
2658
3291
3725
3901
3991
4232
4660
5118
5362
5230
4688
3795
2604
1140
-341
-1532
-2343
-2940
-3533
-4152
-4808
-5608
-6517
-7280
-7602
-7363
-6668
-5632
-4340
-2933
-1663
-718
-49
567
1249
1913
2556
3328
4248
5034
5307
5015
4409
3660
2845
2081
1538
1254
1036
739
336
-181
-829
-1599
-2326
-2800
-2911
-2646
-2146
-1650
-1311
-1162
-1187
-1397
-1758
-2081
-2106
-1841
-1552
-1432
-1486
-1709
-2426
-4051
-6338
-8382
-9487
-9744
-9669
-9307
-8343
-7035
-6111
-5803
-5486
-4497
-3055
-1728
-388
1594
4304
6879
8482
9288
9931
10409
10213
9434
8932
9150
9481
9158
8312
7522
6718
5296
3167
1025
-478
-1462
-2336
-3036
-3233
-3026
-3009
-3490
-4072
-4193
-3854
-3361
-2707
-1585
30
1676
2952
3899
4684
5198
5245
4985
4834
4969
5204
5289
5123
4694
3904
2675
1078
-637
-2125
-3204
-3918
-4345
-4632
-4914
-5322
-5907
-6463
-6732
-6601
-6079
-5223
-4075
-2697
-1299
-128
716
1281
1678
2002
2344
2868
3599
4290
4618
4502
4059
3428
2677
1897
1236
748
339
-75
-462
-811
-1175
-1667
-2197
-2556
-2631
-2452
-2173
-1890
-1603
-1370
-1264
-1280
-1405
-1571
-1723
-1810
-1794
-1694
-1556
-1531
-2028
-3410
-5527
-7637
-9025
-9639
-9787
-9499
-8611
-7353
-6336
-5797
-5238
-4196
-2909
-1831
-782
897
3348
5860
7715
8947
9919
10523
10330
9482
8799
8788
9023
8846
8268
7681
6992
5682
3659
1539
-93
-1302
-2358
-3144
-3354
-3113
-3004
-3377
-3934
-4212
-4129
-3855
-3347
-2308
-721
958
2347
3487
4555
5403
5735
5654
5599
5831
6179
6313
6113
5624
4782
3462
1734
-103
-1737
-3099
-4276
-5247
-5894
-6261
-6592
-7036
-7389
-7380
-7003
-6396
-5511
-4182
-2534
-989
212
1185
2090
2831
3247
3492
3846
4351
4736
4769
4554
4225
3698
2848
1810
922
306
-206
-753
-1286
-1672
-1978
-2373
-2813
-3082
-3072
-2916
-2727
-2450
-2015
-1578
-1364
-1371
-1430
-1427
-1385
-1338
-1181
-810
-405
-499
-1661
-3805
-6134
-7902
-8970
-9596
-9703
-9003
-7774
-6765
-6309
-5913
-4994
-3738
-2690
-1725
-119
2411
5122
7167
8556
9722
10579
10599
9832
9122
9002
9074
8756
8151
7658
7079
5765
3652
1463
-247
-1608
-2879
-3800
-3987
-3729
-3716
-4155
-4573
-4561
-4294
-4018
-3531
-2466
-888
696
2041
3321
4622
5651
6117
6226
6430
6797
7002
6837
6459
6004
5263
3982
2248
465
-1137
-2625
-4047
-5248
-6076
-6674
-7319
-7983
-8354
-8215
-7660
-6880
-5845
-4435
-2752
-1111
290
1527
2673
3609
4193
4537
4938
5443
5762
5680
5260
4667
3883
2829
1659
660
-49
-630
-1257
-1864
-2313
-2614
-2918
-3233
-3368
-3191
-2799
-2422
-2119
-1783
-1392
-1090
-1042
-1199
-1309
-1249
-1102
-932
-669
-333
-421
-1611
-3912
-6444
-8296
-9334
-9929
-10080
-9423
-8159
-7120
-6750
-6489
-5568
-4125
-2817
-1585
318
3114
5970
7981
9281
10433
11305
11281
10450
9755
9738
9804
9208
8136
7190
6238
4562
2084
-343
-2039
-3237
-4374
-5203
-5277
-4875
-4768
-5144
-5368
-4958
-4206
-3472
-2526
-919
1179
3060
4419
5562
6673
7422
7519
7313
7403
7764
7818
7259
6334
5304
3956
2051
-106
-1972
-3433
-4808
-6183
-7194
-7652
-7918
-8376
-8832
-8767
-8042
-6966
-5717
-4145
-2226
-354
1094
2203
3303
4384
5090
5304
5394
5699
6001
5836
5140
4257
3340
2177
735
-566
-1348
-1788
-2291
-2880
-3213
-3190
-3115
-3213
-3249
-2844
-2027
-1188
-570
-63
422
686
538
174
-52
-70
-133
-379
-597
-499
-244
-532
-2060
-4694
-7467
-9523
-10701
-11245
-11083
-10043
-8584
-7596
-7272
-6828
-5600
-3938
-2481
-998
1281
4401
7374
9378
10639
11647
12178
11752
10725
10101
10143
10016
9095
7783
6625
5259
2972
34
-2466
-4042
-5186
-6250
-6788
-6435
-5847
-5903
-6381
-6288
-5260
-3899
-2630
-1027
1279
3759
5608
6784
7811
8781
9166
8815
8382
8414
8539
7996
6713
5237
3752
1861
-569
-2998
-4882
-6321
-7632
-8686
-9109
-9030
-9027
-9323
-9413
-8721
-7256
-5467
-3556
-1427
852
2822
4190
5220
6164
6901
7114
6893
6651
6551
6255
5400
4082
2603
1087
-448
-1842
-2834
-3418
-3888
-4395
-4782
-4871
-4692
-4427
-4040
-3276
-2088
-715
543
1532
2257
2622
2541
2204
1857
1576
1275
829
337
-5
-141
-301
-1111
-3183
-6314
-9445
-11545
-12452
-12610
-12142
-10901
-9332
-8249
-7764
-7064
-5488
-3446
-1545
533
3462
7023
10054
11771
12595
13141
13162
12306
11087
10444
10329
9688
8074
6184
4533
2550
-371
-3543
-5703
-6705
-7403
-8014
-7920
-7042
-6327
-6421
-6556
-5607
-3619
-1513
431
2705
5370
7611
8801
9336
9869
10258
9959
9166
8657
8580
8084
6512
4311
2160
10
-2472
-5030
-6944
-8078
-8956
-9761
-10138
-9886
-9431
-9261
-9101
-8270
-6563
-4387
-2126
246
2663
4659
5899
6623
7273
7798
7857
7426
6851
6330
5592
4359
2747
1017
-693
-2350
-3725
-4528
-4810
-4893
-5006
-5022
-4766
-4296
-3647
-2768
-1610
-248
1085
2287
3314
3986
4185
3948
3468
3001
2489
1766
911
8
-881
-1631
-2127
-2422
-3270
-5513
-8741
-11588
-13089
-13444
-13297
-12412
-10475
-8302
-6936
-6241
-5012
-2724
-299
1628
3815
7014
10521
12847
13556
13636
13656
13014
11393
9664
8793
8260
6762
4308
2038
260
-1964
-5056
-7802
-9010
-9129
-9155
-8954
-7810
-6150
-5146
-4829
-3899
-1653
1112
3479
5634
8044
10260
11402
11447
11239
11100
10484
9155
7773
6930
6062
4213
1496
-1178
-3423
-5592
-7780
-9375
-10007
-10231
-10537
-10570
-9814
-8530
-7483
-6728
-5617
-3660
-1241
1096
3319
5449
7084
7800
7885
7958
8120
7873
6926
5584
4203
2707
934
-934
-2585
-4009
-5311
-6311
-6623
-6258
-5721
-5300
-4783
-3864
-2640
-1344
105
1824
3470
4631
5384
6110
6811
6929
6200
5089
4034
2962
1599
24
-1400
-2705
-4077
-5208
-5598
-5545
-6305
-8659
-11656
-13595
-13970
-13487
-12546
-10661
-7910
-5487
-4154
-3116
-1165
1451
3555
5115
7260
10317
13025
14063
13765
13167
12254
10478
8179
6515
5736
4605
2294
-376
-2337
-3946
-6134
-8597
-9916
-9672
-8857
-8043
-6700
-4576
-2659
-1819
-1238
476
3246
5863
7823
9639
11453
12416
11981
10826
9818
8853
7364
5496
4019
3080
1823
-391
-3180
-5763
-7821
-9390
-10345
-10454
-9920
-9283
-8701
-7844
-6475
-4889
-3513
-2250
-677
1278
3306
5153
6722
7767
7957
7424
6709
6111
5425
4406
3093
1598
-79
-1808
-3267
-4352
-5281
-6157
-6660
-6413
-5527
-4495
-3552
-2576
-1436
-192
1072
2446
3948
5211
5886
6156
6466
6843
6779
5885
4328
2594
911
-736
-2297
-3593
-4634
-5695
-6714
-7105
-6632
-6264
-7402
-10069
-12591
-13448
-12769
-11474
-9660
-7006
-4195
-2426
-1680
-596
1601
3981
5584
7000
9245
11922
13490
13213
11931
10502
8765
6564
4658
3829
3441
2012
-583
-2955
-4377
-5673
-7507
-8925
-8694
-7232
-5755
-4367
-2438
-383
626
726
1511
3835
6677
8794
10224
11411
11968
11210
9478
7842
6592
5093
3194
1620
824
25
-1806
-4447
-6793
-8271
-9083
-9355
-8771
-7515
-6509
-6113
-5650
-4413
-2697
-1215
12
1393
2806
3837
4522
5172
5642
5406
4492
3624
3209
2868
2048
782
-530
-1823
-3169
-4265
-4668
-4496
-4372
-4436
-4116
-3106
-1866
-929
-175
816
1993
3066
4017
4980
5770
5892
5344
4806
4697
4629
4011
2832
1535
166
-1498
-3233
-4642
-5698
-6660
-7547
-7872
-7304
-6155
-5281
-5828
-8083
-10714
-11960
-11330
-9760
-7948
-5578
-2871
-1064
-596
-298
1004
2863
4198
5384
7488
10205
11951
11742
10288
8784
7303
5501
3846
3105
3037
2301
342
-1710
-2959
-4071
-5767
-7161
-6804
-4980
-3265
-2088
-713
750
1246
847
1229
3313
5865
7467
8385
9373
9965
9228
7451
5854
4862
3831
2532
1594
1311
839
-758
-3193
-5359
-6701
-7393
-7493
-6842
-5779
-5101
-5033
-4886
-4099
-2980
-1972
-912
489
1898
2762
3144
3456
3586
3150
2421
2164
2514
2705
2207
1329
422
-661
-1984
-2962
-3056
-2631
-2401
-2391
-2065
-1361
-863
-800
-602
176
1200
2021
2754
3603
4184
4009
3347
2906
2891
2842
2401
1730
1040
181
-1058
-2527
-3804
-4756
-5607
-6310
-6479
-6015
-5300
-4616
-3953
-3815
-5186
-7882
-10037
-10190
-8952
-7652
-6273
-4234
-2303
-1748
-2087
-1573
239
2156
3605
5446
8017
10062
10428
9616
8811
8227
7264
5924
4980
4716
4329
3019
1142
-431
-1755
-3456
-5105
-5372
-4090
-2740
-2276
-1949
-1104
-458
-537
-266
1411
3744
5391
6358
7373
8157
7790
6416
5157
4541
4103
3447
2809
2376
1612
-30
-2221
-4047
-4966
-5240
-5269
-4992
-4374
-3866
-3868
-4093
-3890
-3152
-2271
-1332
-148
1029
1627
1551
1292
1093
772
473
628
1108
1301
948
344
-292
-1086
-1932
-2327
-2023
-1363
-756
-251
240
528
384
109
292
1066
1962
2585
3024
3372
3361
2858
2307
2124
2052
1657
1020
548
253
-326
-1316
-2337
-3127
-3803
-4510
-5009
-4899
-4356
-3969
-3796
-3252
-2148
-1642
-3078
-5861
-7968
-8422
-8035
-7595
-6578
-4700
-3287
-3343
-3752
-2919
-1046
445
1382
2948
5301
7153
7665
7368
7012
6384
5055
3620
3051
3280
3236
2279
993
98
-664
-1696
-2372
-1774
-251
913
1412
2112
3211
3807
3648
3787
4916
6204
6725
6823
7011
6721
5327
3442
2134
1471
787
-29
-595
-961
-1630
-2718
-3694
-4161
-4362
-4525
-4357
-3534
-2440
-1853
-1925
-2026
-1810
-1532
-1285
-754
84
560
251
-352
-633
-733
-1013
-1302
-1165
-674
-370
-446
-637
-763
-964
-1227
-1155
-486
501
1265
1577
1553
1396
1231
1223
1531
2081
2560
2689
2542
2413
2314
2072
1716
1413
1176
913
619
382
180
-246
-940
-1611
-2129
-2581
-3103
-3631
-3898
-3846
-3541
-3067
-2541
-1864
-1196
-1554
-3653
-6576
-8533
-8783
-8328
-7952
-7049
-5457
-4337
-4355
-4612
-3872
-2385
-1104
329
2766
5580
7310
7442
6774
6091
5175
3916
3084
3285
3915
3817
2708
1458
609
-308
-1429
-1812
-652
1276
2568
3197
4023
4919
5077
4699
4965
6112
7047
7214
7156
7086
6279
4443
2453
1177
449
-266
-888
-1229
-1646
-2621
-3985
-5043
-5391
-5229
-4785
-4009
-2956
-1998
-1599
-1804
-2145
-2192
-1866
-1239
-390
424
740
373
-340
-1036
-1569
-1844
-1731
-1265
-789
-494
-353
-395
-660
-949
-870
-225
710
1563
2146
2325
2072
1527
1057
1045
1459
1960
2319
2539
2643
2467
1946
1362
1000
858
754
671
666
496
-61
-857
-1564
-1968
-2231
-2610
-2984
-3185
-3192
-3106
-3029
-2878
-2573
-2130
-1527
-1090
-1652
-3613
-6163
-7908
-8380
-8218
-7759
-6759
-5578
-5093
-5362
-5339
-4313
-2771
-1260
565
3008
5333
6631
6942
6807
6349
5430
4491
4364
5056
5606
5250
4168
2949
1726
402
-567
-431
711
1957
2763
3397
4104
4349
3781
3243
3604
4570
5368
5822
6109
5811
4443
2553
1191
595
252
-140
-494
-906
-1714
-2894
-3947
-4513
-4632
-4450
-3946
-3064
-2129
-1675
-1885
-2362
-2618
-2525
-2071
-1198
-134
494
294
-314
-821
-1228
-1601
-1675
-1199
-477
16
226
281
121
-275
-569
-298
585
1587
2227
2393
2142
1650
1184
940
1030
1362
1704
1900
1879
1684
1341
864
442
328
526
767
845
688
263
-395
-1047
-1418
-1526
-1529
-1632
-1939
-2314
-2603
-2713
-2874
-3213
-3363
-3094
-2524
-1918
-1540
-1937
-3720
-6278
-8070
-8402
-8064
-7751
-7017
-5817
-5114
-5342
-5495
-4545
-2973
-1450
445
3070
5600
6887
6963
6649
6319
5873
5485
5615
6195
6516
5972
4656
3174
1873
787
110
219
1121
2104
2574
2697
2842
2837
2501
2378
3055
4228
5129
5595
5904
5798
4819
3350
2315
1942
1686
1205
669
72
-935
-2299
-3538
-4332
-4707
-4712
-4328
-3708
-3166
-2917
-2973
-3185
-3248
-2857
-2026
-1050
-198
355
480
230
-149
-420
-455
-284
-19
214
303
303
222
-94
-543
-839
-812
-535
-139
347
721
656
199
-184
-164
179
672
1244
1788
2107
2131
2025
1923
1760
1523
1374
1406
1535
1558
1301
682
-199
-1052
-1655
-1982
-2162
-2317
-2570
-3020
-3555
-4002
-4295
-4394
-4289
-3937
-3420
-2839
-2113
-1456
-1572
-2813
-4478
-5511
-5735
-5742
-5660
-5077
-4206
-3837
-4066
-4054
-3365
-2549
-1859
-648
1351
3252
4191
4399
4527
4607
4433
4318
4758
5600
6141
5963
5298
4572
3823
2886
1972
1670
2162
2862
3188
3234
3300
3166
2604
2147
2387
3124
3779
4258
4741
4947
4425
3412
2512
1906
1387
963
777
591
61
-813
-1748
-2613
-3385
-3867
-3857
-3469
-3023
-2743
-2683
-2833
-3071
-3139
-2808
-2138
-1396
-797
-412
-189
-144
-290
-502
-653
-659
-539
-345
-147
-117
-364
-804
-1228
-1456
-1400
-1033
-503
-51
188
268
350
432
546
843
1361
1937
2351
2589
2741
2714
2447
2052
1758
1643
1570
1387
964
343
-343
-1010
-1612
-2135
-2502
-2765
-3099
-3423
-3549
-3494
-3507
-3627
-3545
-3164
-2641
-2124
-1590
-1050
-718
-601
-621
-851
-1332
-1973
-2591
-3184
-3795
-4177
-4296
-4436
-4771
-5059
-4944
-4557
-4116
-3537
-2734
-1820
-972
38
1390
2683
3496
3852
4203
4772
5388
5962
6439
6645
6454
6019
5693
5557
5369
4900
4240
3716
3493
3498
3508
3349
2985
2396
1755
1373
1343
1486
1544
1519
1606
1800
1931
1921
1832
1669
1396
1178
1214
1439
1490
1136
569
17
-502
-1032
-1525
-1935
-2304
-2683
-3007
-3188
-3278
-3399
-3641
-3905
-3965
-3775
-3482
-3208
-2971
-2737
-2548
-2398
-2147
-1704
-1182
-803
-617
-519
-397
-223
-74
8
63
119
131
84
87
220
327
214
5
-28
180
441
642
847
1075
1207
1207
1208
1285
1363
1324
1202
1122
1095
1007
766
442
212
129
86
29
-10
-105
-423
-911
-1242
-1253
-1216
-1422
-1769
-2028
-2248
-2585
-2990
-3332
-3679
-4167
-4636
-4790
-4627
-4451
-4447
-4491
-4347
-3970
-3510
-3095
-2727
-2326
-1842
-1280
-638
34
545
742
788
1030
1613
2329
2909
3317
3635
3918
4227
4605
4967
5177
5220
5221
5287
5403
5518
5585
5541
5403
5315
5353
5426
5381
5188
4948
4710
4447
4162
3861
3536
3167
2727
2233
1737
1264
767
227
-261
-607
-890
-1285
-1802
-2279
-2665
-2998
-3277
-3466
-3593
-3743
-3915
-4057
-4201
-4409
-4613
-4692
-4634
-4480
-4291
-4146
-4129
-4237
-4300
-4155
-3839
-3491
-3167
-2810
-2409
-2048
-1787
-1521
-1146
-676
-167
378
963
1445
1662
1652
1651
1792
1997
2126
2182
2243
2295
2239
2072
1922
1816
1691
1538
1494
1612
1716
1612
1335
1076
885
687
448
224
40
-169
-405
-601
-761
-953
-1209
-1454
-1587
-1620
-1637
-1750
-2022
-2435
-2921
-3375
-3727
-3980
-4194
-4412
-4579
-4636
-4581
-4499
-4446
-4360
-4129
-3652
-2929
-2069
-1225
-538
-33
383
865
1491
2180
2836
3421
3955
4442
4844
5130
5277
5312
5327
5409
5593
5827
6011
6045
5888
5633
5411
5302
5297
5326
5322
5247
5069
4773
4353
3851
3346
2877
2456
2109
1832
1512
1060
523
22
-428
-886
-1315
-1631
-1898
-2257
-2724
-3158
-3483
-3780
-4135
-4515
-4852
-5140
-5389
-5555
-5553
-5441
-5389
-5488
-5574
-5443
-5087
-4633
-4164
-3666
-3148
-2659
-2210
-1743
-1273
-890
-625
-357
43
515
853
940
872
813
864
1014
1207
1397
1523
1570
1602
1709
1859
1940
1904
1837
1847
1931
2012
2035
1991
1892
1771
1650
1534
1393
1199
987
799
636
438
134
-240
-607
-907
-1132
-1294
-1416
-1573
-1828
-2140
-2425
-2689
-3043
-3527
-4007
-4317
-4413
-4385
-4354
-4374
-4380
-4287
-4068
-3730
-3296
-2807
-2295
-1749
-1133
-463
155
639
1028
1445
1947
2500
3045
3533
3931
4254
4560
4871
5161
5399
5595
5768
5924
6064
6158
6139
5988
5787
5619
5477
5304
5103
4891
4622
4249
3813
3391
3004
2617
2232
1883
1565
1231
854
480
165
-132
-527
-1068
-1654
-2164
-2588
-2978
-3341
-3672
-4037
-4468
-4863
-5114
-5263
-5403
-5506
-5465
-5283
-5090
-4974
-4899
-4785
-4585
-4303
-3966
-3614
-3300
-3061
-2873
-2648
-2323
-1947
-1616
-1323
-991
-594
-197
155
476
773
1029
1253
1506
1799
2077
2293
2464
2606
2697
2716
2691
2675
2681
2677
2622
2502
2330
2124
1890
1634
1393
1197
1028
841
604
317
-3
-353
-685
-930
-1068
-1175
-1339
-1560
-1765
-1916
-2026
-2116
-2158
-2128
-2048
-1983
-2004
-2163
-2452
-2796
-3077
-3229
-3268
-3273
-3302
-3313
-3234
-3039
-2796
-2554
-2280
-1892
-1362
-720
-14
671
1221
1607
1966
2473
3143
3816
4361
4777
5105
5342
5485
5558
5581
5550
5483
5444
5461
5459
5325
5058
4767
4538
4397
4308
4232
4126
3939
3678
3379
3036
2615
2128
1647
1214
810
383
-63
-513
-970
-1416
-1836
-2214
-2565
-2920
-3273
-3595
-3871
-4134
-4417
-4701
-4948
-5144
-5286
-5362
-5362
-5313
-5242
-5123
-4938
-4719
-4516
-4323
-4108
-3835
-3505
-3121
-2692
-2219
-1734
-1296
-908
-545
-188
148
477
823
1162
1414
1535
1569
1596
1640
1699
1793
1915
2032
2122
2208
2297
2327
2247
2100
1993
1995
2085
2176
2166
1996
1695
1360
1082
895
775
653
479
261
35
-192
-440
-699
-925
-1072
-1129
-1119
-1105
-1167
-1318
-1513
-1690
-1831
-1950
-2070
-2226
-2442
-2700
-2948
-3156
-3317
-3421
-3454
-3385
-3189
-2874
-2492
-2097
-1709
-1311
-894
-434
95
668
1202
1655
2058
2455
2851
3222
3591
3955
4265
4517
4748
4975
5148
5233
5264
5305
5373
5428
5405
5276
5061
4797
4519
4249
3993
3730
3427
3078
2712
2338
1906
1389
860
419
76
-226
-541
-896
-1278
-1668
-2051
-2400
-2708
-3007
-3332
-3651
-3903
-4084
-4273
-4518
-4764
-4929
-4980
-4963
-4923
-4879
-4828
-4740
-4590
-4392
-4185
-4001
-3831
-3627
-3331
-2929
-2478
-2080
-1770
-1485
-1153
-764
-366
-5
297
553
786
1010
1237
1467
1665
1803
1913
2053
2233
2390
2488
2537
2591
2667
2743
2802
2832
2808
2719
2611
2538
2496
2434
2302
2109
1907
1705
1474
1180
839
492
155
-182
-507
-809
-1111
-1439
-1771
-2060
-2277
-2431
-2528
-2555
-2508
-2409
-2305
-2226
-2194
-2211
-2266
-2341
-2414
-2468
-2474
-2441
-2404
-2398
-2407
-2405
-2353
-2220
-1955
-1543
-1039
-518
-22
459
927
1369
1776
2191
2644
3115
3558
3960
4312
4580
4717
4728
4706
4721
4765
4781
4759
4711
4619
4454
4232
4001
3784
3572
3371
3213
3089
2935
2671
2290
1844
1391
952
538
151
-226
-613
-1017
-1427
-1829
-2218
-2617
-3013
-3355
-3615
-3824
-4022
-4217
-4405
-4575
-4730
-4839
-4894
-4897
-4864
-4793
-4655
-4449
-4216
-3984
-3770
-3565
-3350
-3083
-2743
-2340
-1907
-1494
-1118
-773
-438
-110
197
488
769
1055
1341
1600
1825
2001
2110
2175
2243
2375
2549
2699
2799
2858
2881
2862
2831
2812
2791
2736
2638
2530
2420
2271
2056
1779
1480
1194
929
678
435
180
-96
-404
-720
-1002
-1213
-1360
-1490
-1616
-1728
-1849
-2002
-2160
-2269
-2292
-2250
-2197
-2148
-2092
-2027
-1976
-1961
-1983
-2040
-2137
-2241
-2284
-2210
-2063
-1944
-1903
-1875
-1775
-1565
-1245
-838
-392
42
443
826
1227
1649
2039
2376
2696
3056
3433
3762
3994
4148
4238
4272
4277
4292
4329
4343
4292
4168
4005
3809
3571
3299
3029
2776
2521
2231
1930
1641
1340
989
597
212
-142
-468
-777
-1073
-1360
-1635
-1881
-2088
-2284
-2482
-2690
-2893
-3060
-3177
-3245
-3304
-3373
-3449
-3513
-3553
-3556
-3517
-3454
-3370
-3246
-3060
-2830
-2615
-2441
-2280
-2098
-1875
-1583
-1227
-855
-533
-285
-84
116
320
510
682
850
1019
1164
1268
1342
1393
1426
1448
1479
1555
1681
1836
1977
2080
2139
2153
2139
2127
2135
2158
2166
2122
1995
1794
1545
1256
935
604
301
26
-245
-517
-789
-1055
-1322
-1583
-1808
-1969
-2056
-2085
-2067
-2027
-2001
-1999
-1999
-1960
-1855
-1692
-1498
-1311
-1149
-1021
-918
-813
-695
-570
-459
-379
-325
-289
-271
-294
-356
-408
-422
-395
-323
-185
-10
137
226
301
423
603
841
1132
1440
1705
1883
2004
2117
2247
2380
2503
2611
2708
2789
2821
2786
2686
2542
2375
2209
2076
1986
1899
1767
1580
1364
1142
927
729
573
460
371
275
160
35
-101
-259
-437
-601
-736
-850
-960
-1081
-1211
-1364
-1547
-1737
-1898
-2036
-2176
-2322
-2432
-2481
-2480
-2452
-2415
-2363
-2295
-2207
-2084
-1911
-1696
-1476
-1269
-1060
-835
-605
-407
-258
-129
15
169
314
453
583
667
694
683
677
684
681
671
665
674
684
672
636
591
553
524
518
547
590
621
621
594
562
518
453
376
314
269
217
142
42
-80
-227
-387
-543
-667
-757
-816
-871
-928
-995
-1077
-1149
-1190
-1183
-1128
-1049
-956
-848
-717
-579
-453
-341
-237
-140
-45
48
131
167
132
32
-92
-199
-277
-330
-383
-445
-505
-537
-526
-471
-371
-246
-108
52
248
478
706
904
1077
1238
1393
1557
1735
1906
2037
2113
2148
2168
2172
2155
2116
2079
2047
2010
1959
1888
1784
1637
1466
1318
1225
1161
1081
975
858
740
621
498
374
259
154
69
9
-43
-127
-262
-439
-613
-751
-850
-935
-1041
-1167
-1302
-1434
-1553
-1658
-1751
-1822
-1863
-1879
-1867
-1839
-1813
-1800
-1771
-1693
-1568
-1425
-1280
-1150
-1033
-932
-847
-753
-633
-487
-342
-216
-128
-80
-67
-75
-70
-41
0
24
22
16
15
9
-16
-57
-91
-101
-84
-37
17
49
43
15
1
22
51
66
70
65
55
44
29
-6
-51
-100
-137
-150
-148
-154
-185
-229
-271
-286
-272
-246
-219
-191
-140
-59
37
134
220
294
360
430
518
611
669
663
609
532
452
367
273
172
65
-56
-173
-253
-290
-309
-323
-326
-293
-221
-144
-69
13
112
217
324
445
575
682
750
799
867
970
1082
1185
1283
1370
1427
1450
1464
1492
1523
1533
1534
1541
1547
1535
1487
1411
1326
1231
1138
1074
1044
1011
934
803
650
499
353
212
73
-65
-201
-334
-463
-589
-724
-875
-1031
-1154
-1220
-1234
-1227
-1227
-1250
-1301
-1368
-1430
-1458
-1439
-1390
-1340
-1301
-1274
-1269
-1290
-1323
-1344
-1344
-1334
-1312
-1266
-1217
-1198
-1218
-1252
-1269
-1255
-1221
-1163
-1083
-997
-918
-843
-757
-662
-573
-488
-382
-249
-100
35
138
211
271
320
356
383
413
442
462
471
479
481
463
430
408
414
440
459
474
494
511
520
523
527
543
577
626
683
727
747
741
724
714
716
719
715
688
623
528
415
290
161
40
-61
-142
-210
-277
-343
-393
-423
-429
-409
-377
-335
-278
-204
-121
-41
27
87
140
202
291
394
491
559
602
642
683
724
758
787
811
838
865
900
936
964
975
983
999
1030
1064
1088
1099
1101
1086
1042
980
915
854
788
711
617
511
385
245
110
-8
-112
-217
-321
-424
-519
-606
-685
-751
-803
-841
-867
-890
-925
-969
-1014
-1052
-1083
-1107
-1132
-1158
-1190
-1229
-1258
-1267
-1263
-1266
-1275
-1265
-1240
-1208
-1182
-1164
-1145
-1124
-1102
-1065
-1008
-946
-899
-854
-786
-696
-598
-508
-424
-334
-246
-160
-76
10
85
134
158
180
202
222
230
234
236
232
225
220
219
223
216
207
212
242
286
334
388
438
485
530
587
651
710
756
783
796
807
810
802
767
704
628
557
494
435
370
299
232
170
122
94
77
66
59
65
95
137
175
197
212
228
245
258
273
289
298
295
288
276
267
243
216
191
172
159
145
136
136
146
166
185
207
237
271
306
343
386
423
449
469
481
485
476
462
441
422
413
397
378
356
327
292
259
234
207
166
111
56
6
-44
-104
-175
-250
-318
-374
-414
-442
-480
-524
-569
-603
-623
-629
-631
-637
-645
-658
-671
-679
-680
-680
-686
-695
-707
-721
-732
-741
-754
-768
-772
-766
-758
-735
-713
-690
-669
-654
-629
-584
-533
-488
-444
-403
-366
-342
-328
-308
-284
-260
-237
-218
-185
-146
-113
-81
-39
14
66
114
171
242
320
384
439
490
533
561
579
604
635
659
658
643
624
594
555
503
452
410
374
344
323
303
278
242
206
193
201
221
241
251
248
236
224
215
209
200
190
182
181
183
179
157
120
78
52
38
31
20
4
-15
-38
-54
-59
-58
-54
-47
-37
-20
-6
9
22
37
56
79
110
143
171
205
242
275
299
317
335
358
379
397
407
402
379
347
310
275
238
193
145
100
60
31
8
-18
-45
-66
-75
-68
-49
-25
-10
-5
-3
-5
-9
-21
-40
-72
-106
-143
-184
-225
-269
-313
-354
-386
-414
-437
-460
-473
-483
-493
-491
-480
-463
-454
-457
-463
-462
-454
-444
-425
-405
-385
-372
-366
-361
-351
-345
-340
-331
-318
-300
-281
-266
-252
-241
-232
-214
-186
-144
-89
-38
3
31
56
76
97
127
162
195
220
240
258
269
266
253
242
240
238
233
223
209
182
146
106
74
46
26
9
-5
-21
-40
-67
-99
-121
-132
-136
-130
-118
-102
-86
-79
-72
-62
-50
-41
-26
-9
16
35
45
50
56
67
80
99
126
166
204
232
255
276
298
324
349
381
418
447
466
475
486
496
499
498
495
493
482
465
441
407
372
337
304
273
239
207
165
121
83
51
29
17
12
10
7
-5
-29
-54
-70
-79
-78
-78
-79
-83
-94
-116
-142
-161
-174
-184
-189
-179
-164
-158
-161
-170
-170
-156
-136
-114
-85
-56
-36
-15
4
19
30
34
47
61
72
75
64
39
7
-35
-73
-101
-135
-172
-214
-253
-293
-331
-364
-396
-420
-441
-453
-455
-449
-442
-441
-446
-448
-458
-457
-448
-437
-423
-412
-407
-401
-394
-392
-387
-383
-373
-362
-349
-333
-314
-297
-284
-269
-253
-228
-190
-149
-105
-60
-24
9
46
89
129
168
204
243
281
310
335
359
380
399
418
444
475
494
503
503
505
505
504
503
503
501
490
471
454
442
428
409
391
383
374
361
348
332
313
298
280
262
246
226
200
169
142
116
93
74
55
41
26
9
-7
-18
-24
-33
-46
-54
-58
-60
-68
-81
-99
-117
-137
-158
-169
-176
-183
-193
-204
-214
-223
-228
-231
-232
-229
-217
-207
-197
-186
-174
-159
-147
-130
-102
-71
-45
-23
1
23
46
69
96
130
153
164
174
183
189
187
181
167
154
134
116
97
80
63
45
31
18
0
-23
-48
-78
-111
-145
-179
-211
-242
-275
-311
-350
-388
-420
-446
-468
-479
-485
-486
-491
-503
-511
-507
-501
-488
-462
-436
-412
-387
-359
-327
-296
-272
-244
-213
-173
-125
-74
-27
16
47
78
119
159
199
233
263
291
324
358
386
406
420
435
450
470
493
510
515
511
504
499
495
488
479
471
458
445
430
414
387
348
304
266
236
214
191
161
127
92
50
12
-18
-51
-85
-120
-152
-180
-205
-234
-264
-290
-310
-323
-328
-326
-320
-313
-309
-303
-293
-272
-243
-216
-182
-143
-111
-83
-58
-36
-15
2
18
41
69
98
123
138
147
151
152
163
179
192
202
207
205
203
197
192
184
171
163
158
151
139
125
99
65
29
-2
-20
-37
-58
-80
-106
-132
-156
-173
-187
-199
-206
-213
-218
-222
-230
-240
-250
-258
-263
-270
-269
-265
-259
-256
-252
-246
-237
-227
-212
-189
-164
-142
-125
-106
-90
-73
-55
-38
-25
-16
-7
2
12
26
41
53
61
70
84
97
111
121
125
126
123
125
134
141
142
138
130
126
125
129
133
132
131
132
135
136
138
136
124
113
110
111
117
120
117
105
92
75
57
47
43
36
22
6
-13
-34
-56
-79
-96
-108
-113
-115
-117
-114
-127
-140
-140
-135
-124
-109
-88
-71
-62
-57
-54
-46
-41
-29
-18
-2
11
23
40
55
63
69
79
93
112
139
164
177
182
180
179
179
182
183
180
173
165
155
146
132
109
88
77
66
59
47
36
21
5
-10
-23
-30
-42
-55
-67
-79
-91
-104
-120
-139
-154
-165
-169
-173
-176
-173
-169
-161
-155
-143
-133
-127
-123
-119
-113
-106
-99
-90
-77
-69
-65
-63
-56
-52
-47
-40
-28
-13
0
10
14
11
8
8
9
14
21
26
27
23
13
0
-7
-17
-20
-19
-14
-8
-7
-7
-8
-6
-6
2
8
17
30
39
47
51
50
45
40
37
39
41
41
38
32
25
17
9
4
5
9
12
15
17
15
9
-1
-11
-11
-11
-13
-16
-21
-26
-34
-42
-46
-50
-47
-41
-34
-25
-21
-16
-14
-7
1
9
21
31
38
42
45
48
54
55
61
63
65
72
77
81
87
92
96
104
111
117
121
119
116
112
105
99
94
87
82
78
73
64
54
44
35
27
24
19
17
21
26
27
23
16
11
3
1
4
4
0
0
-5
-8
-10
-14
-21
-30
-38
-52
-58
-62
-68
-73
-80
-86
-92
-96
-102
-105
-111
-118
-117
-117
-116
-114
-112
-113
-118
-124
-124
-123
-120
-121
-121
-118
-118
-117
-116
-116
-115
-113
-112
-109
-100
-91
-83
-77
-72
-68
-60
-45
-28
-9
10
22
28
34
40
47
54
62
72
83
95
101
103
103
99
93
90
88
88
86
81
74
66
59
54
48
47
50
54
58
62
61
59
56
49
40
37
39
40
37
34
34
31
28
23
23
22
19
22
28
36
44
45
47
44
39
41
45
50
54
55
53
50
47
44
43
43
44
46
48
50
46
37
26
12
0
-2
0
3
5
9
6
1
-4
-13
-13
-15
-16
-16
-13
-7
-3
-1
-5
-9
-16
-17
-14
-11
-8
-6
-12
-21
-32
-41
-48
-56
-65
-72
-78
-84
-91
-99
-109
-114
-122
-121
-115
-113
-110
-108
-106
-106
-106
-105
-109
-111
-116
-119
-118
-115
-109
-104
-95
-90
-88
-81
-74
-64
-55
-44
-34
-19
-5
7
22
33
42
53
65
76
87
96
106
109
111
112
116
119
125
130
134
139
143
147
145
139
136
134
127
124
123
119
116
112
103
97
91
77
66
54
45
36
29
21
12
2
-11
-25
-38
-49
-59
-67
-71
-77
-80
-80
-82
-85
-90
-90
-88
-88
-84
-79
-70
-65
-66
-64
-61
-60
-57
-54
-49
-39
-30
-20
-8
-3
4
7
10
18
30
42
52
59
64
65
64
63
65
66
70
70
67
64
59
52
44
38
33
26
24
21
16
8
1
-8
-16
-22
-27
-31
-36
-41
-48
-54
-62
-70
-72
-73
-75
-73
-72
-69
-68
-66
-64
-64
-63
-60
-59
-59
-53
-51
-49
-42
-38
-36
-36
-37
-37
-34
-32
-30
-29
-29
-21
-15
-9
0
7
14
17
19
24
31
34
38
42
