0
0
0
0
0
0
0
0
0
0
-1
-1
0
0
0
0
-1
0
-1
0
0
0
0
0
1
0
0
-1
1
0
0
0
0
0
1
0
0
-1
0
-1
1
0
0
0
-1
0
0
0
0
1
0
1
1
0
0
0
0
0
0
0
1
0
0
1
0
0
-1
0
-1
0
0
-1
1
0
0
0
0
0
0
0
-1
0
0
0
0
0
0
0
1
0
0
0
0
-1
1
0
0
0
-1
0
0
0
-1
1
0
0
0
-1
0
0
-1
-1
0
0
1
1
1
0
1
0
-1
0
1
0
-1
0
0
0
0
-1
0
0
0
0
0
0
-1
-1
1
0
0
0
0
1
0
0
-1
0
0
0
0
0
0
0
0
1
0
-1
0
0
-1
0
-1
0
0
0
0
1
0
0
1
0
1
0
0
0
0
0
-1
0
-1
-1
0
0
-1
0
0
0
0
0
1
-1
0
0
-1
0
0
0
-1
0
0
-1
0
0
-1
0
-1
0
0
0
0
-1
0
0
0
0
0
0
-1
0
-1
1
0
-1
0
0
1
0
0
1
0
0
1
0
0
0
0
-1
0
0
0
-1
-1
-1
0
1
0
0
1
0
0
0
1
0
1
0
0
0
0
1
-1
0
0
0
1
0
-1
0
0
0
1
1
0
0
0
1
0
2
0
0
1
0
1
0
1
0
0
0
0
0
1
0
0
0
0
0
0
0
0
0
0
0
0
-1
0
0
-1
-1
0
-1
0
0
0
1
0
0
0
0
-1
1
0
0
0
0
1
0
1
0
0
1
1
0
0
0
0
0
-1
0
0
0
0
0
0
1
1
0
0
0
1
0
1
0
0
0
0
0
0
0
0
0
0
0
0
0
0
1
1
0
0
-1
0
0
0
0
0
-1
1
-1
-1
0
1
-1
0
0
-1
0
0
0
0
0
0
0
0
0
0
0
0
0
1
1
0
0
1
-1
0
-1
0
0
-1
0
0
-1
1
1
0
-1
0
-1
1
0
1
0
0
0
0
1
-1
0
-1
0
0
-1
0
0
0
0
1
0
-1
0
0
0
0
-1
-1
-1
0
0
-1
1
0
0
0
0
0
0
1
0
0
-1
0
0
0
0
0
-1
0
0
0
-1
0
-1
-1
-1
0
0
0
-1
-1
1
0
1
-1
0
0
0
-1
0
-1
1
1
0
0
0
0
1
1
1
0
1
0
1
0
0
-1
0
0
0
0
1
0
0
0
1
0
0
1
0
0
0
1
0
1
0
1
0
0
1
0
0
-1
0
0
0
0
1
0
0
0
0
0
0
0
0
0
0
0
0
0
0
-1
0
0
0
0
0
-1
-1
0
1
-1
-1
0
0
0
0
0
0
1
-1
0
0
0
0
0
0
0
-1
0
0
0
0
0
0
-1
1
-1
0
0
0
-1
0
0
0
0
0
-1
1
0
0
-1
0
1
0
1
-1
0
0
0
0
1
1
0
0
0
-1
1
-1
0
-1
-1
0
0
0
0
0
0
0
0
0
0
0
-1
-1
0
0
0
0
0
0
0
0
1
0
0
1
1
1
1
1
2
0
0
0
1
0
-1
0
0
-1
-1
-1
-1
-1
0
-1
-1
-2
-1
-1
-2
-2
-2
-2
-2
-3
-2
-1
-2
-2
-1
-1
-1
-1
-2
-1
0
0
1
0
1
1
0
1
2
1
2
1
2
2
2
3
3
3
4
3
3
2
3
3
2
3
3
3
4
2
1
2
3
1
1
1
0
0
-1
0
-1
0
-1
-1
-1
-2
-2
-2
-3
-3
-3
-3
-3
-4
-3
-2
-3
-4
-3
-3
-3
-2
-3
-2
-2
-2
-2
-1
-1
-1
0
-2
0
0
-1
0
1
1
1
2
1
1
1
1
2
2
2
2
2
2
2
1
2
1
1
1
2
1
0
0
0
-1
-1
-1
-2
-2
-2
-2
-3
-3
-4
-5
-4
-5
-4
-4
-5
-5
-4
-5
-5
-4
-4
-4
-4
-3
-3
-2
-2
-2
-2
-1
0
0
1
1
1
2
2
3
4
5
6
6
8
7
8
9
10
10
10
11
11
12
11
12
11
12
11
11
11
11
10
10
8
8
8
7
5
5
5
4
2
2
2
-1
-2
-3
-3
-4
-6
-8
-9
-10
-10
-12
-13
-14
-15
-15
-16
-16
-17
-17
-18
-18
-19
-18
-19
-19
-17
-17
-17
-15
-15
-14
-12
-12
-11
-9
-9
-7
-6
-4
-2
0
0
2
4
5
7
9
11
10
13
13
15
16
17
17
18
19
19
19
20
20
20
19
19
18
18
17
16
15
15
13
12
11
10
8
7
6
4
4
2
2
0
-2
-4
-4
-5
-6
-8
-8
-9
-9
-9
-8
-9
-9
-8
-8
-8
-7
-6
-6
-4
-4
-2
-2
-1
1
1
3
2
4
4
6
7
6
7
8
8
7
9
8
9
9
10
11
11
13
14
14
13
14
14
13
11
11
10
7
5
1
-2
-6
-11
-14
-20
-25
-32
-39
-45
-51
-59
-65
-73
-79
-86
-90
-95
-98
-102
-105
-108
-110
-113
-113
-114
-114
-112
-109
-105
-99
-93
-85
-77
-65
-53
-42
-28
-11
6
24
43
62
82
102
123
142
160
181
200
217
233
250
263
276
289
299
307
313
318
322
324
323
319
313
305
294
281
264
245
225
203
179
151
125
99
71
40
11
-18
-47
-77
-107
-135
-166
-195
-227
-256
-285
-315
-340
-365
-388
-411
-429
-445
-460
-474
-488
-496
-506
-513
-520
-524
-525
-526
-522
-518
-509
-499
-485
-466
-446
-428
-402
-374
-346
-317
-287
-258
-234
-208
-185
-157
-126
-97
-59
-19
27
79
131
183
235
284
337
388
441
494
544
591
638
680
722
763
798
829
853
876
894
908
915
914
907
891
870
848
822
789
749
705
661
613
562
509
449
390
327
263
199
138
76
8
-64
-133
-200
-264
-325
-383
-437
-490
-537
-576
-612
-646
-677
-705
-727
-744
-756
-763
-766
-765
-764
-756
-742
-723
-700
-677
-649
-618
-581
-540
-494
-444
-392
-336
-277
-209
-143
-75
-4
70
145
217
293
367
435
503
568
623
669
710
737
758
765
761
745
720
685
639
580
511
426
329
225
116
0
-125
-253
-386
-523
-662
-801
-939
-1075
-1205
-1331
-1452
-1567
-1673
-1767
-1852
-1925
-1987
-2031
-2058
-2067
-2052
-2014
-1952
-1870
-1764
-1634
-1481
-1306
-1114
-906
-683
-446
-198
62
326
593
856
1121
1385
1641
1885
2119
2340
2549
2740
2914
3069
3204
3310
3392
3453
3488
3498
3480
3436
3363
3264
3145
3011
2851
2675
2478
2263
2032
1789
1533
1270
997
718
433
144
-147
-433
-710
-985
-1251
-1510
-1746
-1965
-2170
-2360
-2536
-2687
-2818
-2924
-3008
-3067
-3102
-3114
-3104
-3072
-3015
-2939
-2842
-2732
-2603
-2461
-2296
-2119
-1930
-1728
-1522
-1308
-1085
-858
-629
-402
-175
47
262
472
672
859
1033
1192
1337
1461
1568
1658
1728
1783
1812
1825
1815
1784
1734
1664
1575
1477
1363
1236
1100
956
804
646
479
302
123
-57
-239
-418
-591
-762
-929
-1087
-1237
-1382
-1521
-1660
-1794
-1925
-2046
-2155
-2251
-2336
-2411
-2469
-2502
-2510
-2495
-2457
-2397
-2313
-2202
-2056
-1880
-1676
-1451
-1203
-927
-626
-302
33
373
714
1048
1383
1719
2050
2367
2668
2952
3216
3469
3699
3900
4069
4201
4304
4374
4408
4404
4368
4298
4197
4063
3906
3727
3526
3301
3046
2773
2485
2185
1873
1548
1211
860
499
141
-219
-579
-937
-1292
-1631
-1952
-2257
-2537
-2802
-3050
-3275
-3474
-3642
-3777
-3879
-3950
-3993
-4002
-3981
-3929
-3849
-3739
-3605
-3449
-3269
-3070
-2852
-2612
-2359
-2100
-1835
-1564
-1285
-1004
-726
-448
-177
91
359
620
870
1104
1321
1515
1697
1859
1994
2110
2205
2277
2323
2349
2356
2343
2304
2240
2156
2054
1935
1797
1640
1470
1290
1102
906
694
470
243
15
-212
-437
-666
-896
-1123
-1348
-1563
-1774
-1977
-2173
-2361
-2536
-2694
-2834
-2959
-3070
-3168
-3247
-3292
-3295
-3253
-3177
-3073
-2938
-2758
-2531
-2262
-1960
-1635
-1289
-922
-526
-109
315
738
1153
1558
1958
2352
2739
3105
3438
3737
4006
4255
4475
4655
4795
4887
4940
4955
4941
4891
4806
4683
4526
4349
4153
3939
3700
3440
3151
2848
2535
2207
1869
1517
1149
770
387
8
-370
-749
-1124
-1495
-1852
-2197
-2527
-2839
-3131
-3403
-3655
-3881
-4076
-4242
-4373
-4470
-4533
-4554
-4539
-4481
-4391
-4263
-4107
-3919
-3698
-3450
-3181
-2889
-2579
-2265
-1947
-1629
-1315
-998
-676
-349
-29
284
582
868
1144
1403
1642
1854
2033
2179
2302
2414
2509
2579
2619
2637
2627
2594
2545
2473
2373
2253
2112
1966
1819
1664
1492
1303
1096
874
643
406
169
-73
-318
-556
-793
-1033
-1267
-1500
-1722
-1945
-2158
-2368
-2572
-2754
-2922
-3072
-3212
-3340
-3456
-3536
-3579
-3578
-3537
-3457
-3336
-3174
-2963
-2698
-2393
-2057
-1699
-1323
-930
-502
-48
427
896
1345
1779
2211
2641
3054
3434
3773
4074
4342
4595
4825
5018
5149
5218
5240
5231
5201
5146
5044
4895
4710
4508
4297
4074
3820
3528
3203
2855
2507
2165
1819
1455
1065
658
252
-141
-524
-908
-1304
-1708
-2094
-2456
-2782
-3088
-3382
-3669
-3936
-4173
-4366
-4519
-4644
-4738
-4795
-4803
-4755
-4657
-4528
-4378
-4205
-3998
-3754
-3481
-3179
-2867
-2548
-2219
-1873
-1514
-1150
-795
-453
-122
209
534
840
1119
1367
1593
1796
1990
2169
2318
2431
2523
2592
2646
2676
2667
2620
2550
2475
2398
2311
2204
2072
1916
1746
1571
1389
1192
979
756
552
374
207
31
-166
-390
-630
-875
-1106
-1329
-1546
-1765
-1978
-2181
-2371
-2568
-2792
-3048
-3322
-3580
-3785
-3921
-3978
-3959
-3877
-3757
-3604
-3407
-3171
-2898
-2600
-2260
-1850
-1357
-781
-143
525
1164
1736
2232
2681
3102
3503
3878
4217
4511
4770
5001
5181
5273
5254
5112
4885
4637
4423
4257
4122
4001
3876
3740
3599
3463
3299
3093
2850
2593
2387
2230
2100
1947
1724
1400
966
467
-55
-595
-1156
-1727
-2272
-2764
-3205
-3626
-4043
-4454
-4848
-5201
-5462
-5571
-5526
-5359
-5100
-4754
-4345
-3906
-3465
-3033
-2622
-2229
-1850
-1466
-1050
-634
-278
10
225
366
460
514
552
586
627
701
817
961
1102
1227
1324
1396
1453
1527
1631
1747
1853
1950
2043
2125
2176
2185
2133
2009
1841
1654
1456
1237
994
733
449
150
-161
-495
-865
-1280
-1726
-2161
-2557
-2915
-3236
-3498
-3708
-3891
-4059
-4200
-4340
-4525
-4750
-4909
-4875
-4645
-4275
-3770
-3105
-2332
-1576
-884
-195
513
1207
1867
2553
3306
4076
4734
5187
5426
5463
5287
4927
4485
4077
3756
3478
3205
2972
2817
2682
2483
2257
2129
2141
2261
2524
2967
3510
3959
4206
4284
4227
4017
3674
3283
2881
2418
1882
1337
763
52
-823
-1759
-2612
-3295
-3776
-4027
-4078
-4046
-4019
-3976
-3871
-3721
-3596
-3483
-3303
-3047
-2767
-2508
-2290
-2182
-2238
-2402
-2506
-2446
-2283
-2077
-1822
-1514
-1229
-1025
-881
-772
-696
-629
-470
-170
214
592
888
1053
1079
1012
926
883
928
1096
1367
1651
1893
2083
2176
2119
1941
1732
1573
1458
1367
1319
1327
1324
1209
987
696
379
61
-218
-426
-580
-722
-874
-1030
-1158
-1259
-1387
-1593
-1878
-2177
-2416
-2604
-2793
-2974
-3071
-3084
-3102
-3185
-3275
-3394
-3785
-4573
-5439
-5839
-5614
-5054
-4347
-3354
-2032
-755
168
861
1624
2430
3062
3602
4341
5320
6166
6514
6346
5868
5196
4301
3290
2429
1922
1682
1505
1391
1477
1753
1983
2068
2158
2432
2888
3418
4017
4667
5196
5396
5245
4880
4376
3710
2885
2038
1276
582
-77
-698
-1287
-1923
-2595
-3187
-3558
-3669
-3569
-3277
-2875
-2495
-2217
-2020
-1862
-1791
-1847
-2010
-2200
-2388
-2566
-2744
-3015
-3417
-3878
-4191
-4217
-3970
-3509
-2887
-2186
-1535
-951
-415
68
440
703
956
1274
1598
1783
1744
1462
999
458
-32
-365
-491
-405
-144
194
499
739
981
1229
1423
1572
1769
2069
2339
2491
2498
2352
2007
1491
969
512
161
-101
-241
-376
-615
-946
-1256
-1484
-1681
-1851
-2014
-2172
-2301
-2373
-2418
-2508
-2638
-2631
-2561
-2600
-2689
-2691
-2888
-3841
-5464
-6876
-7299
-6923
-6241
-5269
-3716
-1812
-240
765
1550
2464
3343
4008
4615
5456
6454
7178
7276
6751
5844
4712
3423
2125
1117
580
369
279
375
848
1578
2198
2580
2945
3479
4088
4706
5409
6161
6644
6594
6076
5271
4259
3108
1993
1031
189
-589
-1201
-1639
-2057
-2642
-3307
-3793
-3953
-3774
-3267
-2500
-1701
-1133
-881
-837
-933
-1188
-1614
-2143
-2689
-3160
-3470
-3689
-3981
-4409
-4892
-5195
-5148
-4737
-3989
-2995
-1890
-827
124
912
1465
1741
1783
1724
1660
1656
1642
1515
1171
639
31
-556
-1016
-1276
-1240
-962
-518
36
675
1328
1834
2168
2397
2624
2805
2887
2914
2911
2768
2331
1677
999
426
-53
-401
-534
-538
-668
-1049
-1534
-1916
-2255
-2668
-3041
-3137
-2959
-2802
-2746
-2568
-2140
-1839
-1966
-2246
-2290
-2449
-3585
-5663
-7486
-7968
-7401
-6632
-5707
-4056
-1804
18
898
1428
2371
3502
4253
4760
5634
6872
7663
7487
6638
5658
4520
2984
1312
146
-290
-411
-506
-322
459
1539
2359
2837
3383
4190
4970
5522
6047
6707
7202
7116
6451
5508
4414
3080
1590
256
-729
-1457
-2032
-2393
-2519
-2617
-2889
-3230
-3340
-3067
-2519
-1795
-953
-149
344
393
143
-294
-963
-1935
-3020
-3909
-4465
-4803
-5094
-5371
-5551
-5517
-5240
-4740
-4034
-3060
-1848
-601
488
1366
2044
2406
2365
2052
1720
1444
1085
654
185
-287
-781
-1318
-1721
-1864
-1765
-1471
-959
-246
573
1371
2086
2653
3022
3162
3151
3072
2934
2683
2303
1878
1462
1041
561
113
-210
-408
-615
-900
-1212
-1479
-1722
-1998
-2279
-2532
-2734
-2917
-2980
-2783
-2343
-1961
-1846
-1807
-1680
-1895
-3227
-5598
-7821
-8735
-8448
-7730
-6697
-4815
-2193
111
1388
2070
2921
3844
4369
4657
5394
6633
7588
7652
7005
6094
4881
3183
1239
-284
-1039
-1234
-1141
-652
464
1929
3167
3852
4350
4983
5605
5993
6275
6756
7302
7425
6865
5861
4635
3155
1387
-344
-1634
-2384
-2726
-2796
-2611
-2366
-2267
-2369
-2456
-2333
-1998
-1480
-860
-194
294
480
306
-194
-1040
-2247
-3606
-4803
-5570
-5985
-6168
-6156
-5849
-5285
-4608
-3936
-3230
-2398
-1443
-391
654
1586
2239
2557
2534
2262
1773
1135
456
-158
-636
-1035
-1339
-1547
-1553
-1382
-1094
-766
-366
198
883
1585
2187
2731
3158
3372
3289
3016
2673
2236
1691
1115
686
405
215
51
-48
-102
-238
-480
-780
-1063
-1361
-1683
-1961
-2162
-2316
-2496
-2609
-2482
-2134
-1850
-1834
-1906
-1876
-2193
-3632
-6149
-8466
-9332
-8889
-8034
-6956
-4925
-1960
720
2147
2797
3704
4759
5262
5222
5589
6649
7509
7383
6528
5631
4574
2818
488
-1457
-2317
-2350
-2090
-1435
78
2258
4175
5239
5814
6433
6938
6910
6579
6617
7039
7119
6412
5237
4004
2517
570
-1499
-2981
-3665
-3845
-3683
-3093
-2138
-1296
-908
-808
-660
-407
-145
84
345
601
735
598
75
-913
-2328
-3867
-5250
-6224
-6791
-6904
-6578
-5880
-4875
-3767
-2686
-1837
-1121
-415
384
1174
1802
2245
2463
2427
2041
1357
509
-352
-1143
-1771
-2145
-2218
-2056
-1744
-1288
-737
-192
266
659
1052
1516
2066
2619
3025
3186
3097
2810
2346
1749
1099
521
124
-58
-67
17
194
351
302
-75
-569
-944
-1198
-1468
-1824
-2140
-2368
-2437
-2366
-2133
-1917
-1862
-1869
-1773
-1839
-2863
-5111
-7775
-9411
-9589
-8957
-8003
-6317
-3518
-420
1866
3069
4009
5073
5825
5904
5743
6111
6790
7018
6380
5405
4432
3050
905
-1475
-2961
-3310
-3090
-2620
-1400
931
3572
5466
6439
7173
7902
8072
7473
6777
6653
6795
6447
5399
4114
2822
1249
-750
-2718
-3976
-4381
-4191
-3631
-2661
-1373
-159
583
807
831
857
864
729
504
368
299
14
-797
-2122
-3631
-5029
-6207
-7120
-7586
-7398
-6555
-5272
-3850
-2518
-1397
-590
14
599
1199
1676
1921
1974
1925
1800
1403
664
-324
-1309
-2089
-2596
-2813
-2732
-2291
-1561
-690
153
833
1366
1754
2015
2191
2372
2637
2887
2926
2675
2222
1727
1179
543
-100
-534
-640
-499
-189
250
663
779
502
23
-368
-755
-1331
-2088
-2684
-2817
-2530
-2042
-1704
-1526
-1409
-1324
-1779
-3427
-6041
-8494
-9614
-9525
-8829
-7639
-5467
-2431
326
2052
2975
3936
4917
5428
5387
5437
6066
6755
6793
5954
4840
3717
2238
167
-1942
-3062
-3014
-2441
-1714
-355
1963
4515
6242
7037
7537
8021
8034
7439
6775
6510
6315
5567
4318
2964
1672
157
-1656
-3366
-4449
-4704
-4306
-3471
-2329
-1010
212
1085
1566
1838
1959
1826
1334
668
113
-304
-884
-1931
-3269
-4551
-5592
-6493
-7227
-7536
-7199
-6242
-4911
-3423
-2015
-835
61
775
1421
1975
2300
2330
2191
1974
1672
1156
387
-551
-1464
-2153
-2589
-2811
-2771
-2290
-1414
-387
539
1298
1782
1962
1937
1860
1986
2190
2299
2266
2180
2057
1756
1247
600
-14
-495
-731
-623
-230
230
558
751
748
443
-209
-1041
-1894
-2713
-3309
-3449
-2990
-2297
-1753
-1451
-1269
-1384
-2591
-5140
-8183
-10099
-10280
-9473
-8300
-6446
-3421
-183
1994
2896
3506
4455
5122
5149
5042
5742
6991
7588
6988
5717
4570
3155
954
-1562
-3135
-3202
-2597
-1926
-840
1351
4124
6183
7051
7395
7897
8209
7875
7220
6971
7020
6528
5182
3514
2049
546
-1327
-3253
-4460
-4648
-4183
-3457
-2509
-1266
-52
729
1053
1277
1628
1905
1819
1349
753
166
-621
-1850
-3371
-4739
-5808
-6623
-7200
-7398
-7044
-6278
-5142
-3744
-2250
-1035
-295
206
715
1331
1736
1857
1773
1670
1489
1000
222
-696
-1488
-2078
-2464
-2680
-2600
-2107
-1233
-226
692
1431
1946
2251
2335
2263
2104
1961
1866
1722
1487
1162
841
514
167
-197
-525
-668
-598
-309
64
437
676
582
204
-260
-627
-951
-1428
-1978
-2214
-1937
-1535
-1312
-1141
-861
-900
-2335
-5276
-8441
-10126
-10120
-9368
-8257
-6213
-3001
111
1950
2633
3271
4176
4670
4573
4628
5646
7028
7575
6840
5514
4160
2423
24
-2377
-3508
-3209
-2401
-1712
-592
1623
4240
5987
6580
6932
7625
8129
7901
7385
7270
7310
6601
4954
3075
1514
49
-1688
-3343
-4297
-4265
-3655
-2876
-2031
-1075
-82
609
958
1162
1548
1964
2095
1787
1199
510
-459
-1830
-3540
-5189
-6444
-7224
-7607
-7605
-7127
-6138
-4784
-3395
-2144
-1049
-123
632
1255
1793
2173
2295
2154
1839
1407
835
86
-772
-1554
-2069
-2289
-2323
-2230
-1943
-1332
-454
497
1345
1980
2410
2673
2831
2842
2625
2190
1639
1112
643
178
-309
-730
-952
-1037
-1021
-843
-501
-48
221
162
-176
-506
-659
-823
-1073
-1408
-1569
-1519
-1320
-1186
-1207
-1076
-720
-530
-1584
-4225
-7428
-9598
-10126
-9769
-8903
-7196
-4296
-1163
980
2047
2848
3857
4511
4623
4772
5749
7180
7872
7408
6272
5098
3570
1266
-1303
-2917
-3026
-2503
-2021
-1244
670
3305
5285
6094
6464
7232
7987
8045
7633
7485
7622
7120
5549
3524
1838
462
-1124
-2875
-4105
-4321
-3795
-3088
-2423
-1647
-727
47
463
761
1346
2131
2582
2347
1696
1013
177
-1166
-3044
-4863
-6179
-6954
-7456
-7694
-7441
-6645
-5456
-4155
-2849
-1621
-557
318
1101
1853
2437
2666
2521
2137
1607
912
46
-836
-1528
-1947
-2131
-2289
-2432
-2345
-1981
-1328
-473
461
1336
2047
2563
2904
3063
2958
2579
1978
1366
840
434
98
-184
-407
-634
-805
-881
-756
-507
-212
20
27
-137
-357
-471
-712
-1242
-1841
-2124
-1925
-1571
-1305
-1111
-784
-480
-983
-2948
-6028
-8756
-9953
-9793
-8984
-7583
-5118
-1996
545
1838
2448
3230
4086
4536
4725
5365
6636
7674
7667
6709
5483
4167
2309
-50
-1998
-2641
-2245
-1696
-1148
37
2108
4153
5263
5668
6240
7114
7654
7607
7484
7668
7540
6340
4301
2320
824
-516
-1952
-3122
-3562
-3344
-2927
-2531
-2005
-1295
-647
-257
88
706
1571
2275
2407
1944
1175
277
-858
-2332
-3956
-5312
-6228
-6796
-7179
-7300
-6991
-6218
-5075
-3780
-2525
-1443
-511
346
1157
1838
2210
2215
1935
1526
1096
559
-71
-736
-1221
-1472
-1626
-1830
-2075
-2063
-1640
-836
96
989
1752
2323
2667
2781
2691
2399
1926
1382
889
541
306
144
-16
-241
-534
-766
-816
-607
-207
152
327
286
154
-109
-506
-1053
-1589
-1960
-2094
-1895
-1485
-1052
-746
-480
-328
-1070
-3313
-6558
-9115
-9805
-9149
-8091
-6731
-4365
-1452
700
1467
1709
2494
3524
4217
4651
5698
7283
8260
7753
6201
4698
3373
1623
-583
-2107
-2137
-1366
-988
-867
107
2066
3706
4281
4617
5753
7253
7939
7809
7714
7919
7408
5618
3299
1570
569
-512
-1831
-2801
-2894
-2620
-2648
-2890
-2765
-2105
-1477
-1096
-573
603
1992
2720
2497
1808
1169
297
-1111
-2774
-4056
-4791
-5348
-5936
-6377
-6493
-6427
-6218
-5638
-4506
-3110
-1854
-818
228
1302
2072
2287
2069
1795
1621
1414
999
485
106
-164
-638
-1403
-2146
-2469
-2334
-1862
-1101
-57
988
1670
1998
2199
2355
2227
1820
1434
1304
1332
1232
1026
723
324
-307
-989
-1347
-1229
-852
-589
-516
-536
-539
-594
-703
-863
-1001
-1264
-1603
-1873
-1779
-1328
-853
-478
-203
-45
-899
-3349
-6713
-9172
-9632
-8908
-7934
-6729
-4443
-1607
329
860
1007
1971
3302
4290
5035
6355
8037
8739
7833
6063
4648
3481
1852
-104
-1311
-1138
-564
-506
-719
-75
1481
2772
3323
3926
5454
7225
8029
7888
7742
7836
7193
5423
3374
2016
1181
114
-1167
-2049
-2258
-2402
-2938
-3529
-3527
-2833
-2025
-1446
-778
373
1659
2268
1972
1297
656
-53
-1039
-2091
-2921
-3663
-4536
-5492
-6225
-6684
-6932
-6800
-6090
-4852
-3530
-2366
-1369
-416
482
1172
1592
1767
1920
2046
2094
1973
1631
1130
387
-560
-1523
-2213
-2478
-2397
-2010
-1309
-363
467
1056
1466
1793
1967
1922
1904
2032
2224
2234
2070
1834
1465
789
-161
-983
-1374
-1378
-1186
-989
-754
-544
-424
-446
-557
-625
-796
-1093
-1541
-1762
-1623
-1183
-764
-517
-228
41
-210
-1932
-4914
-7862
-9255
-9043
-8198
-7126
-5483
-3096
-1045
-106
120
822
2329
3891
5139
6370
7907
8982
8629
7020
5216
3926
2604
841
-728
-1197
-771
-634
-1077
-1246
-385
913
1802
2612
4121
6245
7816
8202
7956
7715
7320
6195
4603
3316
2555
1784
578
-715
-1651
-2345
-3205
-4228
-4835
-4654
-3897
-2972
-2007
-787
478
1245
1179
710
487
404
-11
-856
-1615
-2069
-2639
-3649
-4833
-5716
-6271
-6632
-6557
-5751
-4406
-3159
-2289
-1521
-613
307
970
1418
1931
2567
3102
3216
2952
2388
1627
641
-517
-1494
-2036
-2011
-1668
-1159
-624
-138
136
239
362
694
1165
1686
2213
2645
2897
2787
2412
1858
1176
284
-482
-862
-798
-718
-790
-891
-916
-977
-1370
-1832
-2067
-1903
-1737
-1803
-1839
-1566
-1091
-845
-946
-938
-605
-198
-891
-3173
-6228
-8398
-8761
-8268
-7651
-6815
-5015
-2894
-1661
-1284
-641
1110
3087
4505
5657
7158
8691
8966
7855
6286
5190
4280
2807
1234
330
374
237
-664
-1540
-1353
-151
898
1711
3007
5142
7061
7679
7357
7093
7206
6912
5940
4939
4390
3923
2808
1139
-433
-1629
-2733
-3933
-4763
-4778
-4060
-3228
-2621
-2009
-1194
-425
-159
-327
-403
-75
369
401
-14
-811
-1913
-3231
-4462
-5347
-5969
-6232
-6119
-5504
-4696
-4106
-3762
-3389
-2631
-1563
-420
708
1816
2859
3532
3674
3298
2666
1962
1243
486
-283
-853
-1206
-1329
-1324
-1224
-1055
-914
-763
-605
-260
341
1070
1733
2158
2435
2498
2354
2050
1629
1143
685
400
224
63
-162
-431
-742
-1233
-1606
-1735
-1602
-1446
-1428
-1345
-1333
-1338
-1590
-1644
-1498
-1186
-706
-208
7
-1202
-3922
-7037
-8686
-8490
-7616
-6748
-5601
-3702
-1914
-1155
-1034
-340
1458
3393
4774
5928
7366
8512
8213
6686
5101
4297
3658
2439
1223
796
1048
596
-763
-1679
-1187
164
1124
1995
3591
5803
7204
7122
6588
6447
6563
6152
5367
4946
4830
4275
2803
916
-678
-1899
-3043
-4091
-4528
-4182
-3429
-2875
-2581
-2186
-1674
-1338
-1318
-1138
-450
355
622
199
-449
-1059
-1808
-2787
-3771
-4372
-4731
-5001
-5126
-4934
-4460
-4112
-3868
-3471
-2551
-1262
-10
983
1719
2364
2718
2722
2368
1982
1740
1343
627
-241
-740
-806
-875
-1008
-1082
-1031
-1029
-1102
-928
-392
316
927
1395
1754
2031
2128
2068
1826
1446
1081
801
655
488
304
-6
-297
-636
-953
-1098
-1235
-1346
-1767
-2177
-2535
-2664
-2525
-2241
-1731
-1360
-855
-286
138
-618
-3081
-6067
-7981
-7922
-7088
-6270
-5329
-3932
-2554
-2260
-2480
-1937
45
2416
4097
5368
6806
8245
8380
7093
5566
4850
4742
4125
3234
2745
2643
1860
2
-1547
-1540
-246
893
1631
2706
4373
5642
5655
5119
5038
5553
5859
5724
5675
5914
5799
4607
2602
631
-777
-1810
-2712
-3277
-3305
-3013
-2991
-3375
-3700
-3579
-3163
-2858
-2498
-1781
-795
-110
-29
-497
-1283
-2050
-2671
-2962
-3100
-3217
-3385
-3604
-3808
-4085
-4265
-4293
-3974
-3175
-1950
-538
501
1079
1350
1528
1655
1644
1776
2004
2142
1891
1237
571
105
-201
-484
-583
-488
-284
-196
-236
-199
7
388
687
941
1166
1423
1645
1582
1373
1072
848
566
184
-32
-77
19
-252
-849
-1447
-1649
-1485
-1582
-1916
-2418
-2637
-2621
-2486
-2182
-1833
-1147
-404
70
-650
-3077
-6190
-8307
-8312
-7238
-6176
-5258
-4053
-2759
-2488
-2809
-2495
-688
1767
3654
5175
6780
8293
8419
7014
5436
4879
5129
4946
4306
3871
3641
2632
463
-1375
-1527
-216
1068
1830
2900
4371
5400
5135
4360
4397
5243
6053
6270
6460
6753
6551
5234
3131
1249
-68
-1028
-1964
-2593
-2751
-2822
-3312
-4193
-4743
-4606
-4044
-3500
-2932
-2147
-1259
-714
-697
-1045
-1549
-1998
-2290
-2291
-2200
-2337
-2818
-3420
-3818
-4019
-4115
-4183
-4008
-3406
-2453
-1482
-810
-386
-82
266
702
1196
1688
2046
2099
1844
1323
748
350
142
180
298
399
282
-55
-380
-535
-439
-193
224
770
1280
1588
1642
1593
1440
1198
997
914
1014
994
773
430
14
-505
-1082
-1298
-979
-517
-661
-1486
-2518
-3117
-3215
-2931
-2317
-1575
-739
-50
140
-1107
-3930
-7039
-8503
-7739
-6169
-4920
-4171
-3338
-2772
-2985
-3307
-2620
-373
2273
4325
5749
6973
7843
7429
6014
4835
4920
5677
5829
5307
4604
3721
1993
-393
-1828
-1361
250
1499
2109
2830
3673
3928
3279
2881
3617
5062
6224
6625
6769
6667
5876
4228
2346
1088
496
41
-659
-1342
-1876
-2573
-3710
-4908
-5324
-4763
-3822
-3140
-2761
-2330
-1919
-1917
-2309
-2679
-2535
-2010
-1458
-1141
-1161
-1503
-2170
-2790
-3169
-3285
-3248
-3189
-2913
-2468
-1958
-1634
-1606
-1555
-1233
-499
332
1065
1587
1905
1895
1480
1001
726
867
1210
1523
1672
1477
873
98
-454
-547
-326
-40
207
374
456
471
531
649
683
642
679
841
990
925
647
217
-182
-460
-556
-526
-471
-541
-959
-1773
-2583
-2950
-2722
-2232
-1898
-1446
-867
-394
-1116
-3503
-6365
-8058
-7575
-6139
-5046
-4523
-4061
-3517
-3626
-3961
-3395
-1238
1593
3657
4983
6046
7003
6980
5869
4909
5060
6074
6492
5994
5138
4181
2608
334
-1249
-954
697
2016
2282
2299
2654
2973
2751
2607
3413
4983
6299
6720
6615
6349
5768
4641
3327
2416
2051
1742
1020
-37
-1151
-2221
-3342
-4342
-4727
-4374
-3768
-3440
-3411
-3400
-3384
-3549
-3688
-3410
-2577
-1609
-1006
-821
-1005
-1471
-2118
-2561
-2534
-2257
-2105
-2252
-2459
-2535
-2505
-2423
-2272
-1952
-1429
-716
-6
532
854
969
959
892
903
1158
1451
1604
1570
1389
1130
688
253
-26
-65
-1
72
165
210
148
41
104
435
780
919
833
692
649
591
533
374
260
69
-117
-114
-130
-215
-878
-1801
-2568
-2831
-2410
-1894
-1544
-1502
-1408
-1155
-1467
-3058
-5538
-7278
-7187
-5904
-4931
-4829
-4842
-4559
-4279
-4199
-3621
-1680
1057
3305
4425
4970
5613
6027
5744
5251
5523
6592
7209
6612
5336
4198
3041
1388
-127
-306
950
2158
2272
1757
1658
2046
2355
2568
3280
4674
5948
6421
6092
5565
5157
4689
4119
3653
3410
3085
2167
675
-894
-2123
-3057
-3840
-4290
-4234
-3864
-3755
-4093
-4571
-4710
-4459
-4076
-3704
-3250
-2533
-1809
-1319
-1283
-1430
-1579
-1704
-1677
-1573
-1372
-1366
-1661
-2041
-2204
-2072
-1843
-1705
-1617
-1383
-953
-505
-215
-90
85
359
615
822
1091
1475
1757
1802
1656
1508
1375
1114
819
588
513
545
485
365
175
148
309
485
528
416
289
153
-47
-140
-21
213
145
-259
-645
-800
-659
-762
-1131
-1829
-2445
-2586
-2352
-1878
-1622
-1332
-934
-769
-1746
-4183
-6605
-7364
-6095
-4670
-4414
-4876
-5009
-4594
-4529
-4307
-2884
-198
2390
3621
4168
4890
5709
5768
5242
5425
6580
7706
7512
6338
5208
4131
2630
889
238
1175
2359
2381
1434
852
1165
1565
1670
2045
3188
4540
5147
4941
4624
4704
4808
4618
4237
4051
4000
3378
1977
318
-869
-1632
-2411
-3202
-3642
-3634
-3696
-4351
-5159
-5490
-5219
-4807
-4752
-4608
-4068
-3093
-2308
-2077
-1939
-1799
-1526
-1336
-1022
-579
-474
-795
-1360
-1542
-1322
-1073
-1123
-1399
-1454
-1235
-918
-712
-546
-214
78
200
311
618
1184
1602
1773
1820
1846
1876
1695
1444
1172
1016
896
729
559
297
220
219
282
230
-61
-205
-267
-226
-234
-313
-296
-404
-594
-806
-796
-600
-674
-1086
-1764
-2127
-2077
-1789
-1558
-1534
-1263
-790
-578
-1798
-4478
-6831
-7177
-5686
-4485
-4638
-5350
-5564
-5309
-5235
-4731
-2985
-341
1796
2662
3232
4245
5303
5521
5207
5700
7090
8138
7742
6495
5534
4699
3349
1773
1292
2158
2940
2529
1452
986
1274
1532
1578
1995
3074
4108
4442
4244
4175
4473
4721
4663
4474
4436
4263
3444
2077
750
-128
-841
-1643
-2371
-2791
-3114
-3763
-4646
-5396
-5750
-5795
-5649
-5236
-4608
-4023
-3637
-3379
-3070
-2672
-2265
-1843
-1326
-762
-460
-656
-1199
-1584
-1486
-1043
-641
-560
-744
-997
-1207
-1285
-1200
-905
-510
-233
-129
-102
45
379
764
1168
1497
1729
1873
1834
1639
1272
1064
1088
1197
1135
722
490
459
557
489
148
-38
-125
-98
-89
-171
-152
-292
-542
-683
-713
-537
-634
-1009
-1391
-1564
-1292
-1034
-994
-1080
-957
-584
-842
-2414
-4832
-6436
-6168
-4974
-4441
-5079
-5891
-6059
-5844
-5431
-4527
-2597
-243
1386
2136
2667
3699
4839
5388
5609
6187
7256
7873
7368
6259
5258
4462
3369
2363
2154
2619
2740
1804
717
437
997
1504
1548
1688
2253
2946
3264
3376
3772
4444
4840
4728
4494
4477
4381
3696
2498
1380
647
82
-658
-1495
-2241
-2972
-3818
-4717
-5343
-5610
-5632
-5592
-5524
-5274
-4890
-4430
-4006
-3592
-3044
-2451
-1799
-1166
-648
-387
-579
-974
-1148
-821
-212
96
-8
-386
-743
-953
-1058
-959
-730
-415
-193
-204
-293
-244
74
537
991
1322
1544
1716
1760
1660
1464
1292
1223
1208
1176
1142
1030
800
468
129
-97
-270
-392
-450
-403
-437
-662
-976
-1227
-1197
-1094
-972
-975
-1269
-1624
-1888
-1771
-1432
-1223
-977
-585
-174
-575
-2392
-4682
-5817
-5068
-3842
-3862
-5046
-6006
-5957
-5673
-5440
-4472
-2395
-217
751
968
1720
3245
4527
4911
5254
6283
7543
7861
7085
6282
5819
5254
4155
3188
3220
3580
3144
1843
957
1275
1927
1971
1554
1536
2095
2602
2812
3083
3693
4266
4387
4206
4130
4281
4159
3499
2588
1821
1275
596
-292
-1152
-1849
-2567
-3493
-4482
-5230
-5620
-5821
-5901
-5865
-5679
-5345
-5047
-4736
-4336
-3772
-2997
-2164
-1395
-896
-786
-997
-1238
-1153
-660
-62
232
84
-352
-752
-956
-959
-838
-648
-436
-283
-261
-361
-353
-66
408
871
1178
1370
1547
1691
1727
1644
1530
1507
1586
1627
1571
1384
1065
696
349
135
23
-122
-252
-335
-376
-537
-902
-1149
-1095
-836
-719
-975
-1330
-1551
-1490
-1337
-1309
-1260
-1053
-539
-246
-988
-2851
-4813
-5325
-4410
-3579
-4031
-5318
-6037
-5923
-5545
-5088
-4037
-2268
-742
-46
325
1274
2770
3875
4369
4973
6155
7255
7330
6640
6100
5939
5495
4566
3925
3975
4049
3263
2036
1480
1813
2220
2006
1522
1409
1692
2001
2214
2642
3305
3807
3857
3680
3749
3990
3964
3438
2703
2146
1617
894
17
-779
-1398
-2108
-3050
-4086
-4895
-5275
-5367
-5398
-5506
-5629
-5599
-5397
-5053
-4573
-3928
-3179
-2481
-1850
-1338
-1073
-1098
-1176
-910
-307
251
406
138
-239
-475
-587
-625
-553
-308
-33
-5
-214
-409
-373
-78
326
667
883
989
1131
1329
1478
1513
1467
1469
1471
1477
1468
1396
1245
930
543
154
-45
29
141
58
-413
-1016
-1431
-1429
-1127
-951
-1101
-1583
-2005
-2063
-1705
-1183
-915
-903
-779
-353
-274
-1329
-3122
-4138
-3590
-2657
-2894
-4233
-5251
-5312
-5093
-5031
-4620
-3295
-1755
-997
-825
-212
1221
2584
3238
3729
4795
6105
6634
6294
5996
6143
6108
5387
4606
4539
4747
4239
3027
2188
2319
2723
2537
1876
1459
1524
1725
1836
2066
2569
2989
2988
2765
2790
3153
3366
3117
2652
2306
2078
1623
892
172
-409
-943
-1715
-2747
-3764
-4491
-4798
-4918
-5092
-5361
-5604
-5653
-5462
-5051
-4534
-4003
-3426
-2753
-2087
-1670
-1535
-1446
-1176
-693
-141
244
331
180
-17
-97
-58
20
99
218
300
273
165
67
68
215
473
739
925
1054
1223
1412
1524
1484
1353
1253
1270
1384
1446
1310
987
634
370
206
105
47
-92
-392
-778
-1078
-1209
-1249
-1269
-1345
-1546
-1816
-1932
-1698
-1307
-1110
-1161
-1152
-862
-730
-1436
-2913
-4088
-3999
-3213
-3142
-4165
-5218
-5359
-5015
-4795
-4378
-3273
-1927
-1213
-974
-329
951
2207
2877
3336
4165
5272
6016
6052
5870
5959
6075
5715
5077
4916
5169
4961
4009
3127
3061
3361
3255
2724
2276
2107
2010
1938
2048
2362
2683
2803
2709
2599
2681
2895
2941
2668
2287
1983
1593
979
354
-56
-478
-1318
-2475
-3488
-4073
-4362
-4599
-4840
-5109
-5352
-5454
-5336
-5006
-4635
-4271
-3847
-3320
-2731
-2263
-1983
-1844
-1652
-1243
-709
-269
-94
-100
-113
-136
-237
-388
-416
-272
-91
30
57
-30
-224
-321
-117
293
613
760
900
1142
1395
1540
1532
1428
1342
1386
1564
1710
1646
1359
963
627
487
438
263
-134
-577
-871
-1073
-1241
-1341
-1358
-1405
-1550
-1584
-1362
-1029
-846
-766
-552
-442
-1030
-2376
-3530
-3565
-2886
-2770
-3682
-4722
-4980
-4721
-4629
-4511
-3704
-2414
-1617
-1537
-1173
136
1719
2574
2806
3276
4165
4943
5255
5386
5622
5703
5346
4759
4555
4877
5109
4666
3767
3183
3151
3223
3032
2752
2612
2465
2203
2018
2154
2455
2624
2586
2436
2367
2443
2593
2616
2337
1840
1333
905
524
164
-198
-720
-1516
-2455
-3272
-3776
-4057
-4308
-4616
-4951
-5155
-5175
-5080
-4966
-4860
-4619
-4165
-3572
-3010
-2629
-2387
-2180
-1894
-1489
-1014
-561
-245
-60
118
316
413
334
224
267
432
557
579
565
557
541
528
558
656
815
1020
1257
1484
1625
1607
1434
1234
1182
1307
1443
1410
1180
849
509
259
125
-9
-303
-736
-1069
-1152
-1113
-1172
-1362
-1565
-1656
-1601
-1407
-1176
-981
-848
-787
-843
-1165
-1743
-2328
-2641
-2692
-2775
-3118
-3577
-3831
-3840
-3866
-3965
-3779
-3082
-2218
-1621
-1225
-680
41
654
1117
1681
2471
3294
3921
4353
4675
4867
4849
4684
4633
4846
5180
5305
5043
4545
4058
3738
3576
3495
3408
3212
2915
2607
2387
2316
2367
2462
2464
2291
2080
2003
2059
2040
1806
1454
1139
908
679
393
26
-477
-1133
-1870
-2516
-2976
-3313
-3600
-3850
-4050
-4249
-4514
-4797
-4970
-4926
-4638
-4233
-3844
-3536
-3320
-3158
-3019
-2807
-2438
-1962
-1544
-1233
-913
-541
-267
-187
-149
49
345
528
563
584
647
660
601
563
613
724
829
934
1067
1205
1267
1192
1056
995
1079
1238
1363
1394
1295
1081
840
688
683
712
603
329
37
-120
-169
-248
-420
-598
-677
-665
-629
-576
-478
-403
-481
-723
-1000
-1244
-1545
-1979
-2458
-2868
-3174
-3400
-3578
-3729
-3859
-3905
-3789
-3488
-3063
-2600
-2168
-1766
-1317
-788
-208
382
935
1447
1915
2384
2862
3279
3544
3691
3859
4129
4449
4685
4741
4614
4430
4342
4389
4456
4400
4195
3910
3653
3502
3501
3588
3607
3432
3125
2858
2710
2635
2508
2258
1914
1569
1272
1011
720
329
-156
-737
-1368
-1935
-2357
-2652
-2895
-3163
-3485
-3801
-4084
-4311
-4472
-4550
-4532
-4461
-4379
-4284
-4160
-4023
-3864
-3660
-3411
-3127
-2809
-2450
-2079
-1739
-1454
-1178
-873
-569
-322
-132
77
325
519
622
668
730
843
930
1007
1135
1321
1463
1467
1373
1324
1372
1449
1447
1386
1319
1238
1096
942
871
868
827
645
387
200
132
109
29
-118
-299
-464
-584
-609
-516
-422
-482
-710
-980
-1189
-1378
-1652
-2023
-2391
-2685
-2914
-3112
-3295
-3437
-3513
-3495
-3337
-3030
-2654
-2312
-2019
-1676
-1171
-535
77
597
1060
1551
2092
2616
3053
3368
3565
3729
3960
4273
4578
4721
4641
4442
4297
4279
4330
4318
4157
3903
3701
3641
3695
3740
3634
3375
3080
2873
2769
2665
2470
2177
1803
1397
1024
719
449
104
-386
-950
-1452
-1835
-2146
-2465
-2802
-3116
-3372
-3583
-3789
-4001
-4200
-4336
-4391
-4353
-4268
-4184
-4115
-4056
-3961
-3767
-3473
-3135
-2834
-2570
-2297
-1969
-1593
-1213
-859
-582
-396
-235
-27
249
496
641
709
778
881
999
1108
1193
1255
1289
1283
1274
1318
1412
1461
1402
1302
1244
1228
1171
1044
897
790
698
568
395
246
150
74
9
-63
-118
-169
-240
-300
-277
-204
-192
-328
-591
-889
-1202
-1535
-1899
-2257
-2569
-2836
-3077
-3289
-3420
-3436
-3354
-3193
-2965
-2665
-2341
-2007
-1594
-1067
-479
42
463
882
1370
1901
2406
2814
3119
3363
3589
3840
4114
4353
4466
4422
4319
4274
4304
4330
4260
4081
3861
3677
3568
3507
3445
3325
3108
2845
2627
2475
2333
2121
1819
1471
1127
817
531
254
-42
-408
-843
-1274
-1653
-1977
-2271
-2546
-2770
-2943
-3095
-3284
-3531
-3774
-3918
-3936
-3876
-3809
-3774
-3752
-3719
-3658
-3547
-3381
-3176
-2977
-2776
-2532
-2224
-1866
-1535
-1257
-1020
-788
-530
-259
-1
236
436
575
684
798
937
1070
1158
1225
1309
1375
1385
1364
1363
1391
1402
1354
1271
1186
1093
981
867
764
651
486
269
81
-11
-42
-74
-143
-227
-288
-323
-333
-318
-293
-317
-414
-570
-734
-897
-1101
-1377
-1688
-1967
-2159
-2282
-2408
-2556
-2699
-2772
-2728
-2558
-2316
-2062
-1831
-1582
-1229
-762
-237
258
692
1087
1499
1940
2390
2810
3140
3391
3607
3825
4037
4187
4241
4228
4196
4166
4125
4053
3944
3805
3644
3473
3330
3210
3083
2894
2655
2420
2226
2044
1820
1561
1279
991
694
400
105
-190
-500
-849
-1204
-1524
-1818
-2108
-2376
-2613
-2808
-2957
-3114
-3315
-3536
-3715
-3819
-3851
-3842
-3821
-3794
-3763
-3710
-3595
-3407
-3164
-2923
-2705
-2466
-2166
-1829
-1482
-1176
-902
-641
-388
-145
101
349
576
761
894
1008
1087
1144
1186
1212
1240
1255
1246
1206
1150
1122
1106
1080
1015
918
826
747
703
662
589
475
326
190
96
40
4
-22
-53
-105
-165
-202
-185
-137
-113
-154
-266
-424
-583
-712
-839
-1015
-1277
-1610
-1935
-2150
-2221
-2197
-2178
-2209
-2232
-2173
-1996
-1717
-1395
-1082
-789
-493
-153
247
672
1067
1389
1659
1943
2262
2574
2833
3028
3177
3309
3436
3560
3678
3750
3743
3655
3527
3428
3387
3348
3253
3107
2949
2792
2630
2458
2289
2106
1881
1632
1403
1200
994
753
475
188
-76
-320
-575
-857
-1149
-1445
-1728
-1971
-2182
-2381
-2563
-2742
-2914
-3046
-3135
-3182
-3215
-3263
-3319
-3349
-3339
-3295
-3231
-3140
-3006
-2853
-2693
-2516
-2314
-2077
-1810
-1544
-1295
-1058
-842
-645
-448
-238
-20
174
310
404
497
594
686
760
819
871
913
946
974
1012
1046
1050
1014
958
906
869
811
722
630
551
476
389
298
229
194
175
138
88
53
47
56
66
80
91
63
-29
-141
-225
-290
-391
-570
-803
-1019
-1183
-1295
-1367
-1415
-1453
-1483
-1511
-1493
-1383
-1208
-1024
-846
-650
-407
-115
186
481
764
1038
1301
1554
1823
2108
2368
2553
2673
2776
2903
3034
3116
3133
3100
3040
2977
2915
2867
2802
2701
2566
2415
2287
2172
2047
1888
1715
1542
1374
1192
1002
823
627
408
173
-85
-353
-626
-893
-1137
-1358
-1562
-1764
-1954
-2120
-2267
-2411
-2527
-2623
-2709
-2770
-2827
-2883
-2918
-2933
-2919
-2866
-2779
-2680
-2579
-2478
-2365
-2217
-2045
-1868
-1688
-1510
-1330
-1145
-961
-760
-547
-347
-176
-37
88
211
316
387
448
508
557
586
604
632
669
696
701
712
734
750
739
700
662
635
602
554
485
420
368
334
314
299
300
295
277
267
278
300
292
229
125
13
-92
-198
-327
-469
-622
-774
-913
-1010
-1051
-1064
-1085
-1119
-1117
-1055
-933
-785
-645
-500
-332
-146
69
306
546
752
925
1094
1291
1518
1747
1928
2053
2161
2285
2424
2557
2652
2687
2668
2619
2566
2528
2502
2463
2374
2258
2146
2062
1997
1921
1821
1688
1532
1349
1166
992
825
633
398
128
-141
-392
-613
-824
-1035
-1241
-1449
-1641
-1806
-1930
-2038
-2149
-2273
-2403
-2511
-2573
-2597
-2618
-2637
-2652
-2650
-2607
-2526
-2437
-2344
-2247
-2140
-2034
-1913
-1771
-1625
-1489
-1357
-1225
-1084
-920
-758
-605
-476
-352
-241
-119
10
137
254
349
420
480
547
622
679
723
741
737
726
729
739
735
729
705
670
645
638
635
635
615
578
540
500
451
386
312
220
115
-11
-127
-242
-362
-475
-580
-673
-748
-792
-807
-803
-791
-760
-702
-621
-521
-403
-280
-146
-17
109
253
421
587
749
885
1020
1164
1306
1449
1579
1695
1794
1880
1948
2011
2076
2130
2157
2162
2162
2157
2142
2113
2071
2015
1957
1886
1804
1709
1607
1488
1363
1232
1077
903
716
526
338
161
-30
-225
-440
-665
-875
-1051
-1207
-1357
-1507
-1667
-1810
-1942
-2041
-2107
-2161
-2222
-2283
-2328
-2347
-2337
-2310
-2258
-2203
-2148
-2087
-2019
-1940
-1850
-1743
-1639
-1540
-1443
-1346
-1245
-1138
-1022
-900
-771
-640
-521
-411
-295
-173
-52
66
185
301
410
502
568
624
674
715
737
752
750
725
697
654
611
570
539
506
456
404
353
307
266
235
207
167
100
17
-70
-148
-216
-289
-365
-435
-489
-527
-532
-507
-465
-417
-366
-303
-230
-138
-39
48
126
198
283
380
480
581
662
741
823
910
1016
1122
1214
1298
1380
1464
1554
1642
1718
1776
1817
1846
1875
1898
1913
1913
1892
1858
1814
1760
1704
1638
1559
1468
1370
1251
1118
980
831
681
516
345
180
9
-154
-316
-479
-648
-826
-992
-1139
-1264
-1390
-1519
-1645
-1764
-1871
-1958
-2020
-2064
-2103
-2138
-2174
-2183
-2172
-2143
-2096
-2041
-1975
-1912
-1827
-1726
-1615
-1494
-1385
-1282
-1185
-1074
-954
-847
-743
-649
-555
-445
-339
-228
-125
-29
48
123
212
308
391
449
483
508
531
554
582
595
597
576
547
520
512
511
500
472
418
359
306
263
215
149
65
-31
-141
-242
-317
-384
-449
-513
-573
-600
-587
-549
-502
-448
-388
-315
-213
-88
29
139
236
317
411
532
666
795
906
1000
1083
1174
1281
1390
1488
1564
1616
1642
1680
1726
1767
1797
1802
1803
1797
1794
1787
1769
1735
1690
1638
1579
1516
1430
1333
1226
1114
995
879
765
628
481
325
170
15
-139
-291
-441
-601
-761
-918
-1060
-1198
-1331
-1455
-1562
-1653
-1743
-1808
-1864
-1915
-1949
-1969
-1980
-1970
-1950
-1932
-1914
-1887
-1845
-1791
-1732
-1672
-1609
-1535
-1455
-1368
-1284
-1187
-1077
-968
-856
-737
-618
-506
-401
-302
-201
-98
-3
77
151
215
275
339
401
466
511
545
563
577
592
618
636
627
603
567
529
482
441
399
346
277
183
95
13
-57
-129
-188
-247
-298
-339
-357
-355
-348
-329
-305
-278
-236
-172
-101
-29
41
117
198
294
392
494
593
686
778
876
984
1090
1191
1276
1342
1398
1450
1501
1546
1580
1598
1601
1597
1594
1594
1581
1564
1531
1483
1434
1379
1325
1259
1178
1084
980
879
762
649
534
418
294
157
19
-118
-259
-385
-503
-627
-760
-885
-999
-1107
-1201
-1277
-1344
-1409
-1472
-1526
-1576
-1617
-1640
-1663
-1682
-1703
-1716
-1708
-1689
-1662
-1622
-1581
-1530
-1467
-1397
-1310
-1222
-1126
-1040
-959
-876
-793
-708
-628
-554
-481
-416
-340
-256
-169
-81
-4
70
146
232
307
372
431
481
522
552
573
596
606
605
595
577
562
542
510
472
425
375
326
276
222
163
96
16
-62
-133
-190
-237
-286
-329
-370
-395
-398
-378
-343
-299
-247
-197
-135
-63
17
95
175
260
345
431
528
631
733
837
930
1017
1113
1208
1291
1354
1408
1446
1474
1497
1515
1526
1526
1516
1486
1454
1419
1388
1349
1294
1230
1149
1067
986
903
813
714
600
481
361
245
128
13
-101
-217
-333
-442
-545
-642
-733
-819
-911
-995
-1075
-1153
-1223
-1287
-1340
-1393
-1442
-1481
-1512
-1531
-1537
-1535
-1518
-1498
-1475
-1449
-1421
-1386
-1346
-1294
-1240
-1196
-1150
-1104
-1050
-990
-927
-863
-796
-730
-661
-584
-504
-418
-334
-252
-177
-101
-36
26
86
137
182
225
262
297
327
346
369
389
411
423
432
438
436
433
415
388
351
315
282
244
200
155
118
86
69
61
62
64
71
85
104
140
179
221
262
306
354
410
474
531
593
655
720
788
860
927
998
1063
1127
1196
1252
1295
1324
1344
1358
1368
1355
1335
1309
1264
1215
1156
1090
1022
956
884
805
727
644
555
467
380
294
194
93
-8
-115
-212
-303
-397
-489
-572
-656
-726
-784
-831
-882
-931
-973
-1015
-1041
-1069
-1091
-1113
-1132
-1157
-1183
-1201
-1208
-1210
-1208
-1203
-1202
-1189
-1176
-1148
-1113
-1078
-1040
-1009
-976
-945
-906
-869
-826
-781
-737
-686
-629
-570
-502
-427
-351
-277
-210
-149
-97
-41
14
67
115
148
169
183
201
215
232
250
259
261
261
265
271
281
293
298
293
290
284
280
275
270
268
259
248
245
237
233
234
231
233
239
250
271
291
320
355
391
425
459
492
529
570
605
642
678
709
749
790
829
868
910
947
981
1010
1038
1059
1067
1067
1060
1046
1027
998
957
911
853
801
743
686
620
553
486
412
336
263
185
110
35
-44
-129
-216
-298
-376
-455
-529
-598
-664
-722
-772
-812
-843
-872
-900
-926
-947
-964
-976
-986
-989
-995
-1005
-1015
-1029
-1035
-1028
-1014
-1001
-982
-964
-941
-912
-880
-844
-813
-779
-742
-711
-675
-640
-597
-553
-508
-462
-415
-364
-318
-277
-231
