-85
-53
105
-22
-93
183
-2
84
190
-119
316
-155
244
-218
71
72
-317
268
-412
275
-320
-41
143
-308
135
-146
87
-104
98
-8
-113
289
-227
76
102
-144
150
11
-67
194
-136
-32
148
-164
103
35
-63
119
-12
-37
27
42
-156
81
-29
-72
213
-229
247
-57
-92
291
-316
219
-46
-212
191
-165
-93
32
-10
-99
96
-15
24
98
97
25
48
128
-89
48
135
-163
109
78
-190
152
-74
-218
131
-109
-185
157
-148
-65
67
-105
-113
150
-181
19
73
-66
-16
84
-56
-78
145
-231
22
16
-181
65
-21
-68
122
5
-22
189
-28
29
208
-99
195
54
-49
162
-60
52
-56
105
-94
69
-23
-112
176
-212
86
-11
-83
103
-93
27
-49
44
-95
-27
55
-189
142
-110
-19
26
-92
-7
-67
-20
-85
27
-73
3
32
-46
17
-11
30
-32
100
-28
20
165
-149
66
64
-141
55
-28
-93
68
-7
-105
60
-4
-27
86
-8
133
60
139
161
90
223
126
159
191
96
162
82
91
103
-22
79
31
-51
62
-19
9
36
-50
44
-17
-42
0
-30
-9
-5
-14
-40
22
-37
-90
-22
-132
-112
-111
-182
-153
-174
-207
-219
-193
-216
-208
-173
-212
-133
-133
-161
-90
-113
-96
-50
-47
-10
27
-4
60
10
36
32
-5
39
-31
37
-47
2
30
-36
76
90
19
124
104
64
123
57
71
109
58
138
90
118
139
76
142
135
120
111
156
94
68
114
-6
76
49
-12
58
-11
26
18
-32
25
-11
-3
-45
-27
-23
-84
-40
-110
-72
-70
-132
-107
-108
-104
-113
-116
-55
-96
-58
-36
-59
51
-22
7
69
18
95
64
59
146
136
101
169
151
112
152
80
139
119
99
124
109
141
91
99
126
115
130
76
140
128
100
94
59
76
48
10
5
37
-37
-31
-32
-100
-69
-111
-174
-139
-179
-248
-210
-238
-239
-247
-241
-233
-194
-183
-220
-163
-176
-178
-187
-209
-234
-210
-286
-281
-279
-363
-293
-378
-372
-337
-424
-400
-371
-393
-351
-342
-370
-289
-272
-318
-228
-228
-223
-157
-225
-135
-106
-149
-80
-49
-14
57
84
147
298
338
396
566
639
736
870
943
1092
1233
1268
1384
1452
1475
1482
1482
1459
1432
1409
1309
1284
1191
1086
979
846
723
548
429
264
158
42
-94
-125
-239
-293
-337
-392
-396
-449
-497
-490
-521
-534
-574
-592
-567
-644
-670
-705
-795
-904
-1017
-1084
-1178
-1271
-1409
-1505
-1571
-1708
-1843
-1942
-1947
-2024
-2039
-2077
-2154
-2200
-2434
-2709
-2899
-3038
-3054
-2931
-2788
-2480
-2114
-1813
-1462
-1119
-667
-133
396
991
1665
2346
2893
3378
3701
3969
4159
4234
4329
4432
4436
4308
4138
3777
3293
2770
2169
1611
1112
629
315
15
-361
-640
-1032
-1316
-1443
-1572
-1413
-1144
-867
-434
-127
122
436
622
859
1129
1292
1648
1839
1834
1821
1579
1289
877
411
77
-197
-586
-1002
-1298
-1522
-1781
-2093
-2156
-2096
-2003
-1889
-1733
-1405
-1134
-1055
-884
-599
-334
-129
15
286
495
504
480
484
520
471
341
295
290
249
17
-283
-469
-714
-956
-1206
-1208
-1124
-1146
-1092
-1042
-866
-734
-680
-479
-130
199
381
614
830
842
559
224
55
-93
-277
-519
-603
-847
-1718
-3118
-4614
-5678
-6366
-6818
-6916
-6513
-5766
-5153
-4751
-4281
-3498
-2477
-1353
-21
1722
3740
5522
6790
7547
7913
8102
8132
8118
8145
8112
7951
7456
6549
5328
3904
2340
729
-735
-1774
-2330
-2636
-3001
-3548
-4079
-4477
-4806
-4842
-4390
-3441
-2173
-949
196
1267
2169
2724
3036
3409
3945
4564
5055
5326
5364
4914
4000
2893
1767
795
-101
-929
-1658
-2381
-3165
-4172
-5336
-6366
-7086
-7335
-7096
-6472
-5483
-4430
-3458
-2510
-1596
-611
462
1595
2764
3895
4795
5354
5493
5141
4498
3736
2976
2382
1887
1413
829
-38
-959
-1869
-2589
-3109
-3430
-3332
-3004
-2486
-2003
-1636
-1174
-770
-387
157
902
1793
2395
2565
2666
2591
2175
1425
663
100
-494
-1283
-1989
-2326
-2749
-3560
-4547
-5480
-6552
-8002
-9191
-9306
-8669
-8047
-7534
-6510
-4964
-3733
-2967
-1891
-86
1850
3429
4989
6916
8802
9790
9896
9658
9420
9054
8358
7681
7197
6608
5623
4171
2617
1124
-506
-2167
-3513
-4273
-4544
-4574
-4474
-4311
-4215
-4087
-3621
-2736
-1503
-73
1604
3396
4789
5670
6293
6776
6950
6657
6395
6505
6594
6214
5267
4072
2668
826
-1142
-2660
-3575
-4238
-4953
-5462
-5727
-6126
-6850
-7628
-7954
-7743
-7109
-5982
-4414
-2808
-1644
-898
-202
683
1657
2594
3613
4653
5445
5699
5278
4403
3228
1904
703
-130
-592
-984
-1647
-2577
-3341
-3822
-3985
-3785
-3188
-2212
-1178
-200
766
1565
1942
1894
1862
2199
2853
3526
3949
3909
3317
2409
1412
370
-699
-1639
-2289
-2788
-3291
-3760
-4137
-4662
-5529
-6227
-6438
-6844
-8170
-9743
-9978
-8717
-7443
-6884
-6037
-4090
-2031
-997
-314
1404
3931
5726
6456
7455
9327
10910
10999
9937
8938
8256
7250
5848
4696
4001
3229
1805
46
-1317
-2313
-3341
-4522
-5365
-5271
-4445
-3397
-2460
-1646
-833
17
994
2173
3621
5209
6697
7742
8114
8144
8056
7665
6703
5413
4381
3714
2950
1727
325
-1054
-2656
-4513
-6101
-6871
-7007
-7047
-7051
-6799
-6271
-5793
-5460
-4930
-4030
-3035
-2213
-1415
-382
750
1585
1915
2106
2404
2533
2423
2285
2308
2250
1664
687
-220
-968
-1834
-2794
-3381
-3455
-3350
-3345
-3147
-2629
-1967
-1354
-729
260
1510
2654
3452
4062
4517
4615
4308
3768
3348
3071
2626
1914
1148
512
-17
-792
-1895
-2891
-3588
-4011
-4349
-4596
-4578
-4574
-4744
-5014
-4981
-4416
-3975
-4687
-6764
-8653
-8698
-7157
-5767
-5253
-4333
-2330
-555
-95
89
1528
3700
4906
5188
6217
8389
9995
9560
7740
6171
5390
4761
3895
3216
2967
2663
1728
310
-815
-1505
-2249
-3196
-3726
-3004
-1343
177
975
1211
1375
1714
2208
2995
4234
5660
6759
7101
6771
6278
5769
5013
3848
2540
1775
1613
1376
516
-840
-2265
-3703
-5110
-6051
-5952
-5122
-4431
-4166
-3938
-3421
-2952
-2810
-2604
-1946
-1061
-472
-138
352
896
950
466
83
167
436
462
358
308
101
-441
-1128
-1586
-1838
-2230
-2648
-2709
-2370
-2002
-1930
-1883
-1442
-656
83
771
1608
2518
3210
3437
3501
3585
3417
2881
2157
1532
1035
480
-80
-528
-939
-1453
-2112
-2734
-3059
-3030
-3016
-3280
-3720
-4022
-3968
-3763
-3642
-3587
-3261
-2462
-2148
-3648
-6466
-8313
-7782
-6275
-5650
-5317
-3645
-1175
-174
-809
-789
1082
3159
3810
4252
6275
9039
10082
8659
6631
5690
5455
4769
3837
3729
4359
4320
2752
657
-515
-890
-1652
-2864
-3153
-1700
345
1281
1030
743
930
1195
1413
2216
3899
5574
6270
6024
5481
4998
4383
3372
2255
1544
1428
1560
1172
25
-1389
-2733
-4087
-5333
-5730
-4907
-3745
-3265
-3274
-3022
-2580
-2466
-2598
-2338
-1727
-1222
-759
-179
414
545
151
-302
-510
-429
-140
153
322
320
70
-426
-1088
-1805
-2326
-2617
-2702
-2437
-1918
-1356
-994
-909
-804
-368
398
1299
2192
2961
3461
3647
3637
3454
2960
2069
1221
748
503
263
-204
-702
-1111
-1557
-2129
-2884
-3623
-3964
-3802
-3377
-2924
-2601
-2524
-2839
-3272
-3142
-2586
-3075
-5535
-8391
-9096
-7463
-5924
-5719
-5310
-3534
-1721
-1479
-1729
-325
2398
4249
4656
5494
7877
10128
10061
8036
6238
5717
5584
4934
4281
4331
4429
3305
1053
-757
-1279
-1459
-2305
-3218
-2892
-1374
-92
265
245
493
965
1320
2002
3443
5211
6378
6472
5884
5287
4901
4373
3500
2550
1970
1823
1492
537
-731
-1894
-3001
-4212
-5111
-4972
-3971
-3100
-2864
-2905
-2701
-2377
-2221
-1875
-945
136
537
125
-346
-530
-837
-1328
-1490
-1109
-698
-772
-1080
-1217
-1361
-1725
-2141
-2215
-1840
-1437
-1271
-1191
-1025
-834
-735
-586
-102
668
1421
2092
2689
3169
3407
3299
3032
2791
2484
1880
1083
472
-53
-851
-1707
-2155
-2163
-2241
-2651
-2941
-2975
-3250
-3760
-4001
-3749
-3308
-3058
-2955
-2994
-3072
-2668
-1949
-2608
-5485
-8525
-8939
-6973
-5513
-5471
-4757
-2529
-887
-1237
-1750
-125
2760
4347
4549
5614
8311
10537
10128
7816
5992
5497
5258
4495
3950
4354
4708
3444
841
-1112
-1450
-1444
-2405
-3416
-2802
-893
390
275
-74
269
802
1100
1829
3574
5706
6958
6891
6069
5307
4918
4549
3875
3084
2647
2557
2190
1075
-427
-1822
-3239
-4847
-5953
-5603
-4228
-3332
-3483
-3768
-3512
-3135
-3027
-2754
-1838
-591
348
731
523
-113
-740
-1164
-1481
-1577
-1181
-411
48
-317
-1071
-1610
-1894
-2055
-2055
-1766
-1175
-621
-385
-391
-465
-497
-356
89
870
1782
2510
2966
3073
2758
2225
1792
1433
997
630
494
304
-235
-901
-1418
-1877
-2336
-2566
-2526
-2707
-3262
-3557
-3254
-2768
-2572
-2645
-2851
-3252
-3445
-2838
-2175
-3357
-6556
-9067
-8694
-6792
-6000
-5934
-4423
-1837
-665
-1213
-1015
1262
3753
4497
4557
6143
9046
10769
9812
7511
6047
5626
5006
3941
3532
4176
4311
2511
-161
-1598
-1615
-1924
-3255
-4022
-2803
-646
545
603
717
1285
1566
1527
2301
4279
6398
7405
7214
6612
6127
5616
4832
3818
2951
2539
2230
1454
175
-1158
-2433
-3950
-5716
-6821
-6453
-5210
-4317
-4043
-3803
-3337
-2917
-2582
-1874
-647
535
1285
1602
1461
874
70
-679
-1223
-1372
-1077
-518
-243
-485
-984
-1586
-2131
-2404
-2346
-2014
-1636
-1339
-1115
-1017
-1051
-1028
-718
-77
839
1818
2635
3146
3267
3035
2680
2440
2149
1645
1163
848
411
-269
-865
-1186
-1449
-1892
-2374
-2865
-3573
-4232
-4260
-3616
-2905
-2581
-2648
-2948
-3292
-3218
-2686
-2962
-5276
-8371
-9391
-7788
-6157
-6049
-5672
-3583
-1558
-1577
-2240
-843
2309
4473
4772
5280
7532
10114
10563
8749
6783
6031
5734
4877
3941
4130
4941
4316
1710
-927
-1685
-1341
-1894
-3219
-3328
-1707
-137
72
-166
408
1296
1471
1440
2567
4942
6995
7528
6927
6152
5587
5020
4274
3593
3180
2851
2168
926
-460
-1569
-2674
-4236
-5920
-6637
-5875
-4611
-3927
-3778
-3622
-3282
-2953
-2471
-1529
-356
656
1394
1748
1420
514
-360
-872
-1184
-1293
-908
-239
-15
-505
-1242
-1869
-2390
-2766
-2810
-2383
-1743
-1292
-1175
-1273
-1349
-1205
-824
-195
717
1771
2693
3231
3270
2970
2566
2105
1579
1176
1116
1202
963
213
-601
-1065
-1531
-2249
-2970
-3525
-3991
-4386
-4471
-4036
-3422
-3119
-3259
-3647
-3611
-2855
-2504
-3966
-6740
-8454
-7836
-6426
-5928
-5515
-3710
-1423
-755
-1478
-1081
1416
4012
4764
4666
6001
8704
10414
9658
7658
6387
5923
5010
3618
3245
4397
5221
3814
991
-795
-943
-1210
-2588
-3678
-2967
-1220
-235
-210
137
1144
1673
1196
960
2399
4944
6710
6921
6437
6078
5697
4924
4004
3437
3273
2945
1970
570
-604
-1388
-2487
-4262
-5929
-6471
-5854
-4938
-4322
-3871
-3428
-3209
-3176
-2757
-1531
126
1150
1019
272
-388
-702
-863
-1009
-960
-639
-280
-126
-219
-399
-650
-1092
-1611
-1813
-1460
-844
-553
-832
-1353
-1658
-1638
-1399
-898
-53
981
1800
2219
2392
2464
2438
2182
1712
1297
1120
977
580
-57
-681
-1234
-1815
-2317
-2633
-2865
-3239
-3825
-4479
-4913
-4756
-3912
-2975
-2732
-3051
-2906
-1976
-1787
-3788
-6896
-8354
-7350
-6040
-5870
-5385
-3108
-540
-121
-1426
-1527
757
3360
4283
4416
5934
8800
10498
9509
7385
6399
6437
5729
4068
3471
4886
6219
5084
2173
144
-215
-721
-2503
-3903
-3223
-1382
-557
-1044
-1126
-76
806
437
-280
353
2661
5115
6304
6388
6284
6304
5893
4818
3861
3771
4054
3618
2226
805
30
-685
-2241
-4392
-5898
-6056
-5451
-4985
-4783
-4433
-4005
-4047
-4482
-4582
-4060
-3358
-2885
-2413
-1479
-163
956
1392
1389
1381
1551
1762
1940
2339
2792
2823
2076
795
-323
-983
-1481
-2073
-2537
-2474
-2096
-1898
-1866
-1611
-1070
-596
-398
-187
426
1283
1815
1769
1401
1009
605
205
-17
43
142
-57
-584
-1234
-1865
-2563
-3383
-4010
-4082
-3678
-3283
-3311
-3548
-3447
-3221
-4047
-6468
-9080
-9836
-8689
-7482
-6970
-5871
-3504
-1448
-1271
-1960
-1208
1320
3691
4650
5228
6938
9392
10696
10049
8794
8372
8327
7361
5685
5005
5895
6662
5567
3198
1398
706
-95
-1724
-3042
-2981
-2232
-2135
-2611
-2486
-1412
-413
-298
-578
-280
899
2532
4024
5093
5828
6370
6608
6299
5566
4991
4860
4650
3765
2441
1456
1017
407
-1006
-2839
-4209
-4867
-5262
-5700
-5925
-5765
-5616
-5913
-6480
-6774
-6525
-5919
-5210
-4363
-3134
-1516
24
997
1495
1989
2589
2989
3162
3493
4030
4240
3703
2677
1623
647
-404
-1442
-2099
-2212
-2065
-2036
-2112
-2030
-1786
-1717
-1931
-2015
-1585
-861
-362
-207
-82
174
324
202
85
221
402
215
-352
-945
-1342
-1629
-1959
-2241
-2299
-2114
-1916
-1891
-1992
-2272
-3173
-4975
-7000
-8089
-7981
-7528
-7239
-6543
-5063
-3672
-3365
-3669
-3163
-1425
516
1776
2775
4394
6497
8031
8431
8321
8523
8896
8702
7947
7543
8027
8682
8414
7146
5743
4734
3734
2372
1028
247
-165
-830
-1824
-2587
-2731
-2517
-2430
-2649
-2970
-3042
-2654
-1886
-962
-10
1004
2028
2807
3162
3283
3520
3879
3995
3665
3209
3013
3023
2831
2242
1455
701
-33
-862
-1716
-2364
-2712
-2976
-3450
-4124
-4692
-4970
-5072
-5125
-5007
-4548
-3874
-3300
-2924
-2536
-1973
-1341
-788
-282
267
843
1310
1539
1514
1324
1070
849
698
608
542
467
411
314
95
-229
-558
-790
-911
-923
-862
-828
-880
-996
-1186
-1421
-1594
-1614
-1553
-1570
-1636
-1600
-1500
-1566
-1864
-2133
-2054
-1630
-1118
-754
-569
-439
-349
-612
-1567
-3005
-4172
-4685
-4965
-5390
-5593
-5095
-4192
-3691
-3752
-3665
-2910
-1786
-928
-385
376
1595
2842
3639
4175
5002
6104
6861
6931
6754
6959
7524
7907
7821
7542
7385
7182
6592
5691
4849
4187
3483
2569
1634
1002
731
538
135
-498
-1184
-1721
-1990
-2018
-1916
-1743
-1508
-1276
-1126
-1053
-957
-782
-618
-556
-553
-474
-273
-48
69
33
-29
41
230
337
190
-137
-414
-584
-855
-1305
-1658
-1706
-1612
-1643
-1808
-1935
-1928
-1931
-2104
-2378
-2446
-2178
-1682
-1286
-1113
-989
-891
-911
-1172
-1428
-1304
-802
-320
-91
51
341
674
730
446
153
141
325
437
388
308
246
61
-346
-788
-994
-942
-869
-941
-1041
-1014
-978
-1143
-1430
-1508
-1231
-790
-443
-244
-65
130
156
-230
-1082
-2155
-3120
-3856
-4456
-4918
-5064
-4841
-4525
-4438
-4558
-4562
-4221
-3587
-2861
-2162
-1477
-747
44
872
1744
2655
3512
4180
4625
4968
5357
5859
6456
7026
7384
7443
7300
7143
7017
6774
6339
5785
5203
4637
4055
3523
3118
2777
2294
1574
820
294
-6
-291
-641
-908
-1030
-1147
-1381
-1662
-1820
-1858
-1902
-1963
-1953
-1848
-1749
-1765
-1813
-1712
-1412
-1063
-867
-860
-899
-849
-707
-579
-544
-555
-543
-497
-443
-411
-433
-561
-807
-1157
-1566
-1878
-1916
-1743
-1587
-1603
-1742
-1870
-1991
-2138
-2170
-1946
-1547
-1221
-1079
-940
-625
-245
-47
-101
-198
-113
114
308
415
507
569
446
121
-222
-366
-326
-254
-262
-316
-341
-449
-705
-1037
-1269
-1325
-1231
-1016
-721
-437
-252
-166
-107
-101
-377
-1116
-2150
-3085
-3701
-4082
-4352
-4434
-4239
-3961
-3915
-4078
-4063
-3589
-2849
-2277
-2008
-1709
-1039
-106
756
1486
2319
3292
4062
4387
4541
5006
5802
6477
6707
6688
6806
7067
7133
6844
6454
6239
6097
5691
4964
4247
3795
3490
3052
2459
1972
1707
1450
958
306
-200
-444
-625
-959
-1408
-1767
-1912
-1915
-1928
-2007
-2112
-2212
-2317
-2396
-2330
-2024
-1604
-1355
-1407
-1598
-1630
-1413
-1152
-1030
-980
-831
-606
-537
-688
-876
-964
-1084
-1406
-1817
-1997
-1843
-1610
-1573
-1714
-1833
-1879
-1947
-2005
-1877
-1547
-1244
-1142
-1124
-978
-693
-425
-248
-129
-44
11
85
241
429
517
456
314
195
132
114
159
310
506
549
273
-216
-633
-835
-910
-935
-802
-451
-107
-53
-229
-288
-99
-26
-527
-1585
-2711
-3519
-4070
-4548
-4856
-4776
-4422
-4213
-4319
-4386
-4009
-3291
-2706
-2423
-2121
-1476
-622
115
732
1539
2602
3532
3986
4138
4453
5076
5699
6059
6223
6397
6585
6645
6538
6398
6334
6246
5885
5204
4425
3839
3533
3351
3134
2831
2489
2129
1732
1292
865
530
263
-41
-468
-931
-1221
-1292
-1315
-1477
-1790
-2084
-2276
-2399
-2440
-2305
-1948
-1570
-1418
-1522
-1642
-1584
-1444
-1352
-1298
-1182
-1005
-933
-1037
-1177
-1239
-1296
-1451
-1665
-1785
-1679
-1497
-1375
-1356
-1381
-1456
-1629
-1812
-1888
-1790
-1645
-1514
-1376
-1180
-961
-769
-587
-393
-253
-188
-145
-76
65
196
274
349
410
385
259
195
352
614
737
546
127
-270
-557
-791
-977
-984
-747
-448
-361
-477
-503
-277
-52
-286
-1129
-2302
-3413
-4280
-4939
-5393
-5508
-5241
-4852
-4670
-4653
-4410
-3723
-2877
-2283
-1970
-1584
-865
98
1114
2172
3336
4470
5263
5584
5683
5911
6344
6748
6908
6889
6906
7017
7046
6822
6395
5892
5317
4554
3649
2884
2488
2401
2331
2088
1715
1332
921
363
-299
-824
-1067
-1168
-1339
-1550
-1610
-1460
-1305
-1377
-1634
-1824
-1815
-1702
-1575
-1341
-909
-436
-230
-385
-672
-802
-725
-608
-567
-565
-550
-577
-740
-1035
-1327
-1530
-1698
-1937
-2206
-2340
-2239
-2003
-1823
-1805
-1874
-1903
-1879
-1862
-1852
-1766
-1564
-1357
-1260
-1225
-1073
-745
-418
-262
-210
-108
42
122
118
162
343
549
626
603
665
875
1056
979
646
238
-166
-618
-1115
-1423
-1333
-971
-716
-746
-860
-802
-692
-1027
-2099
-3595
-4888
-5704
-6230
-6583
-6526
-5887
-5037
-4578
-4584
-4456
-3718
-2633
-1773
-1192
-374
980
2511
3712
4623
5605
6609
7136
6997
6725
6948
7620
8132
8108
7771
7472
7139
6461
5454
4494
3800
3148
2243
1202
449
170
90
-188
-753
-1376
-1854
-2213
-2538
-2734
-2573
-2046
-1465
-1135
-967
-617
8
584
783
716
776
1145
1654
2099
2494
2889
3052
2685
1857
971
378
8
-409
-938
-1387
-1639
-1825
-2136
-2577
-3019
-3413
-3826
-4245
-4435
-4172
-3561
-2959
-2596
-2386
-2149
-1869
-1613
-1354
-1007
-598
-243
0
208
456
677
718
515
161
-186
-441
-588
-625
-552
-420
-333
-362
-477
-573
-608
-667
-824
-1048
-1241
-1395
-1585
-1769
-1754
-1463
-1110
-947
-918
-835
-905
-1698
-3411
-5368
-6646
-7063
-7129
-7111
-6635
-5481
-4264
-3767
-3831
-3537
-2468
-1216
-375
446
2036
4336
6382
7517
8115
8733
9189
8956
8194
7779
8183
8858
8971
8408
7653
6913
5833
4162
2297
881
32
-675
-1525
-2261
-2514
-2409
-2466
-2968
-3604
-3905
-3785
-3479
-3089
-2373
-1160
194
1173
1701
2183
2898
3524
3642
3425
3389
3741
4102
4051
3698
3348
2972
2216
918
-520
-1634
-2425
-3208
-4064
-4649
-4745
-4626
-4684
-4933
-5038
-4824
-4473
-4173
-3821
-3161
-2225
-1292
-550
99
818
1473
1800
1796
1686
1704
1786
1721
1409
1041
751
398
-113
-697
-1108
-1324
-1547
-1933
-2254
-2226
-1931
-1620
-1402
-1165
-889
-803
-1081
-1588
-1998
-2176
-2256
-2317
-2192
-1762
-1204
-802
-746
-1292
-2758
-5039
-7328
-8705
-8962
-8530
-7694
-6437
-4951
-3851
-3470
-3313
-2615
-1323
-28
1069
2540
4807
7307
9084
9895
10234
10353
9941
8927
8010
7907
8393
8573
7987
7003
6028
4885
3239
1289
-356
-1445
-2269
-3074
-3649
-3696
-3379
-3182
-3334
-3552
-3418
-2797
-1839
-703
565
1954
3247
4187
4791
5253
5727
6040
5924
5415
4857
4462
4083
3464
2575
1577
538
-673
-2121
-3604
-4861
-5895
-6861
-7679
-7994
-7636
-6898
-6210
-5652
-4995
-4134
-3169
-2135
-875
650
2126
3169
3756
4146
4429
4362
3766
2876
2104
1599
1171
648
64
-544
-1296
-2281
-3279
-3922
-4119
-4125
-4112
-3900
-3297
-2503
-1920
-1589
-1183
-597
-136
7
106
441
724
454
-260
-719
-604
-411
-639
-1071
-1405
-2231
-4477
-7763
-10292
-10829
-10170
-9650
-9200
-7863
-5729
-4277
-4038
-3617
-1722
868
2629
3738
5772
9034
11769
12496
11895
11483
11346
10467
8820
7736
7871
8025
6741
4344
2329
1120
-349
-2676
-4819
-5569
-5300
-5256
-5597
-5357
-4246
-3249
-3053
-2858
-1496
901
3199
4790
6069
7391
8376
8577
8259
8102
8244
8112
7222
5814
4428
3140
1586
-372
-2322
-3850
-5021
-6106
-7054
-7574
-7674
-7798
-8329
-9012
-9142
-8322
-6805
-5025
-3082
-974
956
2278
3078
3838
4748
5477
5789
5806
5732
5463
4599
3102
1363
-206
-1551
-2746
-3714
-4301
-4608
-4922
-5291
-5416
-5053
-4337
-3525
-2658
-1632
-459
695
1690
2476
3031
3314
3317
3112
2778
2263
1422
244
-998
-1949
-2502
-2890
-3397
-3988
-4379
-4740
-5971
-8607
-11553
-12898
-12191
-10864
-9898
-8468
-5816
-3124
-1966
-1721
-375
2426
4973
6296
7633
10231
13062
14080
13025
11569
10723
9655
7539
5328
4474
4548
3620
1013
-1733
-3224
-4170
-5915
-7916
-8341
-6880
-5245
-4543
-3820
-2043
-23
926
1285
2725
5511
8090
9338
9833
10458
10868
10228
8745
7469
6794
6002
4450
2455
713
-773
-2567
-4796
-6782
-7868
-8219
-8401
-8471
-8055
-7195
-6475
-6169
-5842
-4982
-3628
-2094
-402
1552
3541
5024
5675
5694
5511
5295
4917
4349
3720
3013
1958
424
-1324
-2945
-4298
-5343
-5945
-6008
-5711
-5399
-5205
-4891
-4168
-3085
-1939
-804
547
2092
3370
4057
4371
4645
4765
4461
3819
3109
2269
1019
-700
-2526
-4024
-4944
-5429
-5729
-6077
-6439
-6449
-6375
-7162
-9340
-11861
-12863
-11796
-9938
-8314
-6357
-3451
-715
388
522
1763
4517
7008
8123
9030
11016
13132
13395
11652
9682
8516
7250
5057
2945
2282
2401
1319
-1341
-3746
-4588
-4844
-5832
-6809
-6099
-3861
-1985
-1265
-403
1525
3383
3919
4012
5435
8074
10057
10437
10117
9936
9348
7718
5731
4518
3988
3033
1199
-745
-2049
-3107
-4733
-6766
-8102
-8163
-7598
-7177
-6703
-5656
-4351
-3579
-3256
-2552
-1187
89
845
1466
2475
3633
4115
3892
3486
3172
2669
1807
905
304
-230
-1216
-2637
-3845
-4400
-4594
-4784
-4740
-4119
-3233
-2715
-2533
-2055
-1034
53
809
1514
2546
3587
4050
3968
3843
3743
3296
2551
1962
1452
414
-1226
-2806
-3969
-5011
-6018
-6503
-6279
-5943
-5900
-5603
-4710
-4443
-6338
-9645
-11553
-10625
-8501
-7086
-5773
-3179
-254
767
114
506
3077
5726
6546
6823
8718
11483
12310
10461
8158
7084
6222
4256
2226
1934
2701
1996
-844
-3438
-3911
-3533
-4305
-5635
-5184
-2716
-547
50
503
2106
3675
3714
3242
4401
7116
9183
9414
8848
8611
8215
6778
4794
3509
3046
2305
755
-786
-1552
-2070
-3282
-5022
-6189
-6237
-5709
-5204
-4584
-3582
-2639
-2396
-2630
-2436
-1546
-651
-201
294
1324
2403
2742
2409
2108
2020
1680
972
483
578
717
139
-1049
-2057
-2518
-2817
-3194
-3217
-2523
-1584
-1173
-1293
-1274
-823
-332
-52
351
1145
1923
2158
1954
1827
1857
1664
1025
270
-208
-563
-1164
-2138
-3244
-4250
-5133
-5834
-6059
-5651
-5023
-4669
-4454
-4107
-4349
-6285
-9330
-11065
-10129
-7977
-6496
-5274
-3025
-567
129
-566
-70
2515
5117
6150
6927
9120
11629
12003
10045
7912
6893
6065
4510
3107
3016
3428
2439
-140
-2377
-2985
-3051
-3978
-5001
-4332
-2160
-518
-177
272
1746
3061
3194
3362
5202
7951
9394
8991
8234
7981
7361
5709
3977
3263
3103
2316
849
-351
-1046
-2071
-3904
-5708
-6396
-6001
-5475
-5262
-4894
-4134
-3526
-3530
-3524
-2535
-783
412
412
58
281
779
795
555
844
1514
1667
1190
924
1119
956
-24
-1056
-1301
-1057
-1141
-1608
-1842
-1641
-1480
-1662
-1807
-1501
-975
-678
-479
107
1046
1704
1716
1563
1853
2379
2400
1735
985
512
-21
-842
-1567
-1986
-2601
-3787
-5079
-5767
-5744
-5435
-5253
-5200
-4831
-3997
-3781
-5580
-8703
-10409
-9345
-7357
-6426
-5649
-3368
-648
185
-437
245
2918
5178
5527
5801
8004
10851
11525
9705
7740
6969
6252
4509
2769
2424
2755
1866
-431
-2280
-2573
-2518
-3500
-4640
-4097
-2067
-494
-19
723
2324
3402
3163
3157
4901
7366
8515
8238
7983
8065
7374
5616
4008
3350
2896
1802
473
-324
-943
-2277
-4227
-5735
-6211
-6033
-5707
-5185
-4329
-3510
-3197
-3268
-3136
-2463
-1542
-787
-139
688
1547
1956
1826
1620
1647
1669
1482
1383
1573
1618
1028
-9
-853
-1283
-1639
-2071
-2252
-1991
-1657
-1647
-1869
-1892
-1683
-1527
-1344
-802
171
1170
1765
1976
2141
2337
2333
2024
1622
1310
909
266
-343
-607
-886
-1804
-3227
-4397
-4959
-5213
-5320
-5125
-4811
-4741
-4625
-4094
-4090
-6023
-9142
-10600
-9176
-6986
-6058
-5278
-2909
-233
287
-674
-102
2568
4734
5108
5731
8261
10906
10997
8911
7165
6606
5754
3822
2223
2256
2833
1972
-240
-1845
-2024
-2178
-3336
-4212
-3166
-904
536
831
1418
2732
3518
3335
3633
5367
7264
7759
7305
7190
7271
6439
4760
3468
2926
2354
1343
353
-449
-1613
-3353
-5046
-5978
-6071
-5633
-4973
-4364
-3889
-3413
-2852
-2403
-2163
-1854
-1197
-287
634
1521
2240
2493
2246
1930
1936
2105
2126
1963
1675
1094
76
-1001
-1732
-2116
-2466
-2836
-2980
-2840
-2607
-2489
-2426
-2325
-2122
-1639
-750
401
1391
1976
2237
2357
2386
2323
2222
2028
1705
1200
534
-122
-505
-664
-1186
-2395
-3868
-4950
-5617
-6079
-5995
-5136
-4203
-3949
-3760
-2746
-2068
-3884
-7822
-10392
-9407
-6865
-5485
-4702
-2596
-85
287
-1145
-1226
1185
3560
4080
4561
7236
10613
11350
9121
6686
5725
5032
3472
2219
2726
3866
3303
1010
-836
-1113
-1229
-2396
-3396
-2464
-207
1187
1170
1227
2052
2431
1779
1677
3437
5821
6793
6387
6064
6078
5384
3850
2673
2436
2362
1706
719
-136
-1052
-2435
-4056
-5204
-5507
-5187
-4646
-4091
-3567
-3139
-2891
-2746
-2482
-1914
-1064
-146
664
1354
1908
2143
2004
1708
1589
1635
1683
1673
1486
1023
321
-303
-657
-916
-1310
-1789
-2140
-2289
-2339
-2310
-2137
-1865
-1593
-1264
-691
160
970
1374
1427
1493
1735
1926
1866
1658
1447
1135
611
77
-213
-440
-1025
-2011
-3023
-3799
-4446
-5001
-5154
-4740
-4212
-4156
-4307
-3786
-2679
-2697
-5150
-8577
-9922
-8367
-6271
-5535
-4998
-3043
-879
-702
-1748
-1132
1603
3876
4439
5360
8242
11030
10813
8126
5981
5502
5027
3540
2428
2910
3653
2592
84
-1587
-1615
-1569
-2567
-3273
-1973
520
1933
1783
1681
2476
3130
2964
3176
4841
6857
7364
6387
5458
5114
4411
2901
1500
963
759
64
-981
-1847
-2639
-3796
-5062
-5606
-5085
-4045
-3172
-2574
-1969
-1267
-705
-420
-196
288
965
1512
1797
1970
2024
1660
833
-20
-382
-295
-206
-427
-843
-1183
-1370
-1529
-1727
-1877
-1947
-1984
-1942
-1598
-953
-397
-329
-598
-652
-155
678
1334
1600
1647
1712
1774
1759
1724
1650
1265
421
-448
-844
-825
-930
-1433
-2046
-2350
-2324
-2397
-2967
-3988
-4936
-5363
-5209
-4762
-4215
-3526
-2537
-1544
-1693
-3900
-7177
-8882
-7845
-5926
-5149
-4754
-2964
-666
-284
-1565
-1638
555
2720
3304
4000
6534
9214
9124
6603
4552
4217
3953
2670
1848
2793
4129
3571
1422
2
163
432
-208
-466
1000
3202
4155
3762
3645
4280
4528
3923
3764
4939
6258
6258
5245
4495
4022
2891
1136
-113
-337
-366
-930
-1771
-2404
-2974
-3787
-4469
-4397
-3598
-2751
-2213
-1632
-622
441
764
260
-256
-128
368
618
603
603
408
-427
-1614
-2231
-1970
-1554
-1683
-2117
-2201
-1862
-1623
-1682
-1730
-1567
-1424
-1431
-1225
-569
171
411
198
123
498
1057
1423
1658
1973
2240
2150
1717
1361
1196
854
92
-637
-744
-511
-761
-1678
-2403
-2292
-1886
-2012
-2644
-3212
-3663
-4220
-4593
-4342
-3667
-3180
-2884
-2193
-851
399
137
-2283
-5594
-7388
-6777
-5384
-4809
-4488
-3313
-2181
-2596
-3725
-3335
-1278
360
956
2333
5390
8078
8200
6530
5260
4859
4304
3573
3836
5087
5654
4510
2730
1879
1798
1322
415
354
1634
3011
3363
3140
3350
3712
3382
2776
3190
4684
5715
5394
4542
4066
3465
2022
382
-247
29
88
-434
-910
-1110
-1674
-2756
-3574
-3430
-2691
-2018
-1420
-634
135
252
-307
-955
-1191
-1161
-1178
-1111
-799
-550
-967
-1944
-2661
-2728
-2580
-2673
-2631
-2035
-1229
-819
-786
-670
-482
-514
-565
-178
672
1374
1430
1055
781
729
685
601
598
774
922
905
783
695
522
52
-585
-939
-832
-611
-569
-690
-784
-1002
-1354
-1557
-1436
-1362
-1920
-2775
-3222
-2963
-2672
-2818
-2996
-2761
-2094
-1380
-722
-846
-2702
-5835
-8076
-7851
-6447
-5790
-5721
-4735
-3109
-2696
-3486
-3297
-1172
1082
1992
2938
5490
8347
8892
7030
5270
4838
4697
3848
3258
3880
4569
3803
1934
895
988
824
-102
-331
1251
3285
3993
3594
3668
4353
4400
3738
3802
5064
6029
5532
4439
3868
3493
2365
843
93
137
60
-584
-1101
-1238
-1665
-2731
-3699
-3523
-2486
-1519
-1017
-521
169
460
53
-652
-1015
-1132
-1335
-1543
-1447
-1219
-1469
-2248
-2980
-3148
-3031
-3018
-2979
-2483
-1585
-888
-624
-496
-182
137
266
383
697
988
848
288
-226
-324
-162
-63
-159
-208
-86
110
281
431
601
582
370
191
246
353
187
-144
-387
-505
-680
-954
-1141
-1278
-1541
-1988
-2420
-2623
-2786
-3005
-3103
-2815
-2309
-2004
-1708
-1077
-612
-1776
-4721
-7302
-7551
-6278
-5770
-6107
-5402
-3377
-2188
-2808
-3177
-1428
1114
2381
3022
5071
8005
8992
7216
5109
4769
5163
4485
3280
3283
4215
4016
2172
513
387
754
339
-124
846
2809
3893
3626
3340
3881
4368
4158
4114
5066
6154
6005
4927
4159
3867
3059
1575
449
193
99
-583
-1449
-1901
-2112
-2605
-3255
-3366
-2742
-1878
-1392
-1252
-1067
-710
-547
-894
-1447
-1744
-1670
-1584
-1699
-1870
-2001
-2221
-2595
-2864
-2813
-2531
-2195
-1797
-1294
-814
-518
-373
-268
-200
-216
-263
-227
-147
-150
-316
-533
-685
-724
-626
-402
-82
248
575
885
1133
1291
1387
1442
1393
1182
867
532
200
-88
-346
-650
-1098
-1497
-1631
-1612
-1762
-2188
-2554
-2707
-2710
-2724
-2714
-2570
-2448
-2380
-2152
-1388
-373
-314
-2098
-4938
-6717
-6529
-5623
-5405
-5401
-4364
-2772
-2156
-2447
-1925
32
1874
2598
3402
5438
7472
7439
5746
4596
4789
4965
4195
3502
3723
3950
2948
1393
881
1362
1415
698
700
2154
3723
3997
3560
3853
4800
5223
4881
4817
5426
5664
4875
3858
3504
3295
2274
740
-227
-396
-654
-1481
-2352
-2705
-2758
-3021
-3271
-2983
-2263
-1776
-1808
-1853
-1436
-794
-576
-975
-1525
-1745
-1663
-1601
-1638
-1659
-1738
-2046
-2479
-2707
-2599
-2419
-2352
-2188
-1701
-1008
-454
-173
-66
-30
-90
-225
-301
-127
216
422
364
186
180
334
423
388
419
605
866
1061
1148
1124
972
630
166
-188
-380
-526
-746
-970
-1155
-1407
-1719
-1964
-2038
-2030
-1968
-1861
-1786
-1890
-2155
-2408
-2616
-2767
-2681
-2158
-1363
-622
-411
-1247
-3230
-5371
-6260
-5816
-5180
-4934
-4257
-2793
-1667
-1759
-2127
-1389
112
1252
2217
4087
6471
7551
6664
5346
5035
5176
4576
3598
3588
4465
4735
3725
2617
2394
2347
1628
1015
1867
3725
4810
4578
4214
4499
4672
4086
3545
3917
4659
4679
4047
3658
3492
2639
921
-553
-936
-792
-1018
-1628
-2027
-2219
-2660
-3332
-3648
-3306
-2771
-2536
-2475
-2110
-1507
-1325
-1827
-2347
-2203
-1663
-1400
-1412
-1228
-998
-1313
-2168
-2822
-2853
-2625
-2513
-2362
-1906
-1375
-1200
-1363
-1411
-1097
-677
-466
-379
-130
277
504
398
214
249
467
619
697
881
1150
1141
722
325
365
616
515
82
-219
-243
-381
-754
-947
-738
-531
-814
-1384
-1681
-1511
-1233
-1147
-1216
-1282
-1321
-1464
-1692
-1872
-1853
-1705
-1593
-1443
-1004
-385
-396
-1697
-3737
-5163
-5374
-5119
-5123
-4948
-3917
-2511
-1842
-1859
-1421
-173
999
1662
2720
4672
6417
6750
6160
5987
6277
5971
4888
4163
4484
4985
4601
3634
3034
2812
2210
1297
1068
1821
2600
2675
2644
3197
3808
3555
2737
2495
3026
3444
3328
3271
3544
3412
2350
985
195
-143
-716
-1513
-1948
-1896
-1988
-2608
-3303
-3556
-3522
-3601
-3615
-3101
-2216
-1644
-1669
-1884
-1963
-2057
-2287
-2416
-2170
-1772
-1642
-1841
-2068
-2128
-2218
-2456
-2544
-2204
-1655
-1362
-1286
-1016
-525
-255
-410
-543
-272
223
550
646
692
655
458
266
364
697
923
888
762
788
927
1015
962
831
685
535
401
309
230
27
-317
-643
-736
-641
-656
-954
-1338
-1482
-1467
-1549
-1706
-1695
-1604
-1774
-2099
-2102
-1691
-1375
-1372
-1270
-813
-485
-888
-1865
-2760
-3186
-3328
-3417
-3314
-2773
-2005
-1594
-1713
-1750
-1115
-174
345
564
1251
2542
3660
4137
4328
4567
4536
4030
3571
3748
4365
4720
4607
4363
4197
3927
3488
3080
2889
2884
2973
3147
3329
3425
3335
3001
2472
2007
1952
2319
2742
2818
2553
2180
1787
1268
674
253
68
-54
-275
-534
-729
-1007
-1576
-2328
-2882
-2982
-2843
-2831
-3018
-3259
-3514
-3889
-4348
-4620
-4486
-4125
-3889
-3774
-3520
-3103
-2868
-2912
-2868
-2453
-1874
-1494
-1238
-838
-411
-276
-442
-547
-374
-158
-131
-179
-118
-17
0
-28
42
172
215
210
325
636
974
1138
1167
1198
1291
1415
1512
1581
1601
1606
1577
1482
1345
1168
1005
843
702
583
473
349
178
-16
-210
-393
-626
-952
-1339
-1685
-1899
-1960
-1901
-1766
-1573
-1332
-1086
-940
-950
-1100
-1336
-1597
-1845
-1994
-2005
-1929
-1901
-2035
-2258
-2425
-2428
-2320
-2157
-1893
-1512
-1035
-526
39
620
1098
1426
1710
2155
2761
3345
3755
4035
4330
4696
5051
5263
5302
5191
4944
4620
4344
4207
4125
3952
3662
3355
3111
2930
2792
2667
2542
2462
2484
2521
2380
2006
1558
1174
838
520
236
-1
-269
-633
-1081
-1579
-2099
-2608
-3022
-3304
-3495
-3653
-3809
-4001
-4261
-4511
-4643
-4666
-4641
-4563
-4386
-4182
-4051
-3976
-3859
-3673
-3461
-3224
-2912
-2550
-2224
-1954
-1677
-1376
-1106
-870
-587
-229
126
400
565
636
645
638
685
835
1083
1379
1669
1866
1944
1972
2001
2063
2171
2345
2571
2755
2820
2782
2650
2398
2070
1784
1596
1444
1272
1080
859
566
180
-287
-781
-1224
-1536
-1707
-1792
-1853
-1925
-1999
-2066
-2088
-2036
-1953
-1956
-2141
-2453
-2759
-2969
-3070
-3084
-3013
-2901
-2796
-2673
-2447
-2072
-1676
-1359
-1076
-652
-19
684
1278
1680
1953
2147
2299
2486
2789
3166
3472
3658
3830
4047
4228
4249
4152
4095
4157
4294
4409
4488
4531
4509
4401
4224
4090
4007
3906
3691
3347
2967
2546
2033
1431
846
351
-93
-526
-922
-1231
-1493
-1808
-2191
-2583
-2890
-3103
-3279
-3457
-3634
-3789
-3976
-4200
-4401
-4501
-4526
-4554
-4556
-4448
-4232
-4028
-3905
-3793
-3616
-3398
-3185
-2954
-2640
-2287
-1957
-1647
-1281
-865
-487
-171
120
437
742
1005
1207
1348
1436
1504
1629
1805
1981
2094
2154
2201
2264
2350
2449
2533
2575
2554
2490
2452
2450
2439
2310
2067
1796
1588
1396
1128
802
509
257
-7
-325
-679
-974
-1237
-1497
-1707
-1813
-1874
-1992
-2153
-2225
-2126
-1967
-1893
-1963
-2119
-2321
-2556
-2754
-2860
-2873
-2867
-2859
-2785
-2594
-2329
-2083
-1883
-1686
-1411
-1028
-564
-86
356
751
1094
1397
1700
2057
2484
2932
3342
3700
4039
4356
4603
4769
4906
5051
5177
5216
5167
5066
4925
4714
4403
4023
3649
3316
3002
2672
2335
2003
1642
1227
809
443
120
-211
-529
-786
-1007
-1275
-1616
-1954
-2239
-2493
-2739
-2976
-3195
-3428
-3693
-3922
-4063
-4149
-4267
-4434
-4547
-4512
-4364
-4221
-4124
-4011
-3827
-3583
-3290
-2927
-2501
-2103
-1816
-1603
-1350
-1015
-671
-394
-163
86
376
663
913
1115
1244
1285
1293
1363
1528
1708
1825
1869
1888
1945
2071
2233
2359
2402
2379
2334
2304
2297
2287
2225
2082
1895
1725
1589
1431
1199
914
652
441
234
-18
-312
-605
-895
-1200
-1490
-1698
-1816
-1899
-1976
-2001
-1946
-1865
-1827
-1805
-1741
-1673
-1707
-1858
-2038
-2200
-2347
-2492
-2572
-2523
-2393
-2265
-2114
-1846
-1461
-1086
-781
-441
20
545
1008
1394
1773
2120
2363
2530
2759
3085
3371
3524
3646
3834
4009
4035
3903
3744
3652
3557
3407
3275
3211
3142
2978
2759
2586
2469
2318
2105
1886
1723
1569
1322
980
624
254
-157
-583
-956
-1259
-1543
-1842
-2134
-2396
-2645
-2913
-3190
-3376
-3430
-3440
-3469
-3509
-3514
-3465
-3406
-3359
-3299
-3217
-3135
-3038
-2882
-2633
-2351
-2113
-1952
-1818
-1664
-1485
-1267
-1019
-747
-497
-294
-96
150
415
636
784
907
1068
1267
1465
1639
1760
1811
1805
1803
1889
2046
2160
2175
2123
2053
1973
1895
1811
1720
1613
1483
1375
1304
1213
1034
770
476
211
-1
-161
-313
-495
-716
-944
-1140
-1293
-1417
-1539
-1668
-1771
-1812
-1786
-1719
-1639
-1565
-1513
-1477
-1426
-1362
-1337
-1392
-1509
-1643
-1749
-1823
-1866
-1867
-1832
-1766
-1633
-1387
-1058
-717
-404
-107
214
569
930
1252
1512
1731
1936
2152
2396
2650
2879
3059
3195
3328
3469
3574
3596
3538
3458
3389
3323
3245
3128
2956
2738
2502
2283
2107
1955
1777
1551
1283
1021
781
539
281
16
-233
-467
-692
-907
-1107
-1315
-1563
-1795
-1962
-2073
-2180
-2317
-2474
-2632
-2786
-2935
-3056
-3134
-3170
-3183
-3177
-3129
-3014
-2841
-2655
-2494
-2352
-2178
-1939
-1664
-1381
-1113
-885
-700
-534
-339
-108
107
274
400
520
656
797
912
958
953
928
920
969
1063
1162
1231
1273
1314
1379
1450
1494
1501
1466
1414
1361
1323
1284
1189
1032
853
680
512
323
115
-76
-226
-366
-528
-697
-869
-1055
-1262
-1455
-1569
-1589
-1571
-1565
-1549
-1469
-1361
-1291
-1250
-1169
-1022
-850
-681
-526
-394
-315
-328
-418
-529
-616
-695
-775
-816
-764
-626
-478
-377
-290
-161
25
244
495
788
1077
1326
1537
1749
1970
2178
2340
2455
2560
2676
2794
2887
2933
2905
2796
2662
2557
2492
2427
2311
2130
1913
1706
1520
1348
1182
1009
843
696
571
456
323
158
-39
-246
-429
-597
-765
-938
-1111
-1277
-1446
-1622
-1773
-1891
-1985
-2074
-2168
-2254
-2324
-2397
-2444
-2443
-2391
-2313
-2219
-2094
-1935
-1770
-1624
-1510
-1387
-1223
-1030
-820
-631
-469
-330
-221
-126
-16
94
194
264
305
367
445
488
481
448
428
427
426
431
449
469
469
449
434
435
440
434
423
424
411
370
314
259
209
150
62
-43
-122
-174
-240
-349
-476
-582
-667
-735
-796
-838
-872
-921
-976
-988
-930
-854
-799
-745
-646
-504
-387
-373
-457
-584
-705
-781
-778
-692
-581
-522
-498
-415
-239
-2
233
448
683
942
1195
1424
1607
1727
1789
1823
1892
2011
2148
2265
2337
2388
2431
2475
2514
2539
2543
2519
2466
2384
2268
2128
1978
1809
1624
1433
1250
1097
949
803
665
520
356
186
12
-149
-313
-504
-713
-913
-1074
-1206
-1323
-1431
-1536
-1652
-1773
-1894
-2002
-2086
-2148
-2181
-2196
-2171
-2121
-2071
-2023
-1982
-1932
-1864
-1785
-1692
-1557
-1395
-1244
-1141
-1068
-996
-928
-861
-776
-652
-508
-377
-275
-190
-94
-27
7
51
143
281
397
456
477
488
497
492
469
467
481
489
486
493
509
502
454
387
364
399
430
415
362
303
251
201
156
116
61
-17
-96
-129
-109
-74
-90
-139
-166
-160
-140
-120
-117
-129
-143
-160
-145
-96
-40
-3
30
94
193
277
295
268
210
149
86
22
-23
-60
-125
-202
-241
-222
-170
-129
-93
-32
65
178
278
360
435
498
543
595
668
747
802
835
863
918
1015
1123
1214
1281
1317
1325
1324
1321
1305
1252
1173
1086
1014
967
919
849
766
685
622
584
562
540
495
413
314
217
133
43
-58
-162
-261
-365
-472
-590
-700
-806
-915
-1012
-1093
-1148
-1190
-1232
-1267
-1290
-1311
-1328
-1338
-1315
-1269
-1212
-1152
-1099
-1057
-1019
-990
-957
-926
-895
-860
-826
-784
-739
-703
-679
-673
-679
-669
-644
-610
-582
-554
-515
-467
-416
-365
-327
-294
-255
-210
-147
-73
-5
40
59
71
89
128
175
214
228
226
221
222
229
238
236
225
215
211
224
250
270
259
236
227
233
258
295
348
400
434
435
411
395
387
365
324
283
241
198
150
111
86
65
51
60
118
225
328
399
461
516
568
609
658
734
822
901
945
984
1029
1065
1091
1117
1164
1218
1255
1262
1261
1254
1224
1150
1067
1013
988
956
917
879
836
755
639
534
461
410
346
271
185
76
-55
-197
-319
-418
-520
-635
-737
-815
-887
-976
-1070
-1160
-1239
-1302
-1352
-1371
-1367
-1373
-1409
-1448
-1460
-1436
-1394
-1349
-1301
-1252
-1195
-1139
-1081
-1027
-995
-990
-980
-944
-871
-800
-749
-708
-674
-629
-580
-526
-469
-419
-389
-353
-290
-206
-137
-88
-48
1
69
133
191
234
251
260
275
307
337
347
334
323
328
349
364
358
344
336
349
371
394
397
389
379
381
402
421
420
398
379
369
384
407
431
452
455
442
416
381
327
264
192
120
42
-31
-92
-143
-181
-203
-209
-196
-166
-135
-82
-14
49
96
142
204
272
342
406
464
519
569
611
654
704
759
818
881
937
971
985
977
958
940
927
900
853
802
769
746
714
668
622
582
553
530
511
493
456
378
279
199
134
67
-20
-114
-204
-282
-363
-464
-573
-677
-770
-848
-901
-928
-942
-972
-1021
-1066
-1085
-1093
-1113
-1128
-1116
-1091
-1073
-1066
-1059
-1041
-1021
-1010
-988
-941
-885
-840
-811
-790
-770
-762
-772
-771
-744
-701
-662
-626
-587
-533
-478
-434
-374
-288
-202
-128
-59
12
75
123
154
175
201
237
270
311
349
374
376
363
359
369
372
364
354
351
353
359
367
371
377
380
391
420
454
483
508
521
531
523
498
459
416
382
342
317
294
272
246
217
196
174
158
157
171
198
225
244
255
261
276
311
356
414
462
500
530
553
569
576
579
585
600
615
621
623
616
595
566
533
499
460
410
371
345
318
295
267
237
201
170
142
116
94
63
24
-7
-34
-63
-89
-126
-169
-216
-259
-294
-333
-381
-442
-502
-546
-580
-605
-614
-611
-620
-644
-672
-695
-713
-725
-727
-721
-712
-713
-713
-692
-657
-629
-613
-602
-597
-599
-600
-595
-594
-598
-609
-614
-603
-575
-542
-519
-503
-477
-445
-412
-384
-355
-323
-292
-268
-238
-199
-157
-127
-98
-62
-28
6
32
60
97
136
169
194
212
226
241
252
262
272
279
288
308
327
349
370
382
396
416
443
469
484
486
482
483
481
476
474
470
464
444
422
404
381
349
317
299
294
298
302
304
314
330
341
345
351
357
368
375
375
369
365
362
351
348
347
345
338
332
334
333
319
298
281
266
250
231
216
205
190
159
124
98
74
57
48
44
37
17
-9
-40
-70
-104
-143
-180
-215
-240
-257
-262
-269
-287
-305
-315
-313
-301
-286
-282
-290
-307
-324
-333
-337
-345
-359
-376
-385
-388
-388
-392
-406
-424
-432
-430
-437
-446
-460
-484
-506
-523
-529
-534
-550
-573
-585
-582
-578
-573
-569
-553
-535
-525
-517
-499
-473
-449
-420
-383
-338
-295
-265
-236
-201
-163
-125
-90
-46
6
55
92
128
170
211
248
282
320
366
403
435
466
491
508
520
533
549
565
573
575
573
579
583
577
569
559
549
537
527
521
505
485
461
437
416
391
362
329
300
266
241
219
195
152
109
83
63
56
51
43
33
20
13
10
4
-9
-27
-48
-71
-83
-93
-106
-122
-145
-158
-153
-144
-138
-126
-109
-95
-81
-66
-43
-12
14
37
55
75
97
116
135
158
168
169
169
167
169
170
165
148
132
114
97
94
92
88
80
69
65
62
59
54
45
36
33
21
4
-18
-57
-109
-160
-198
-224
-260
-301
-339
-378
-417
-461
-496
-521
-540
-566
-584
-585
-592
-604
-620
-633
-635
-633
-632
-623
-612
-601
-593
-587
-576
-563
-542
-518
-483
-446
-407
-369
-339
-306
-269
-230
-189
-138
-86
-32
17
60
103
150
191
230
279
330
377
414
448
480
501
515
532
551
568
581
587
591
592
591
590
588
582
570
566
550
531
502
468
437
406
380
365
348
326
300
272
239
207
179
154
133
109
82
49
25
10
-14
-42
-66
-91
-112
-126
-130
-136
-137
-144
-156
-160
-154
-145
-140
-137
-131
-112
-91
-67
-45
-29
-11
4
23
42
61
69
74
88
101
116
128
145
154
162
167
171
180
186
182
173
163
159
143
130
117
90
57
21
-12
-44
-83
-125
-166
-204
-233
-261
-286
-308
-339
-371
-392
-412
-429
-449
-471
-492
-512
-525
-532
-547
-558
-570
-572
-566
-547
-524
-508
-489
-470
-444
-404
-365
-327
-286
-242
-205
-166
-126
-90
-61
-36
-9
24
63
100
139
171
204
231
254
288
319
344
367
389
414
435
446
458
472
484
494
495
490
483
472
451
431
407
380
360
334
310
283
258
231
200
174
152
132
111
89
71
49
25
6
-12
-32
-58
-86
-112
-143
-173
-201
-228
-254
-270
-288
-295
-290
-287
-281
-274
-273
-267
-258
-241
-216
-189
-168
-143
-124
-104
-80
-56
-29
-5
18
38
58
76
94
109
117
127
140
166
197
221
247
268
280
291
305
320
331
338
338
335
329
324
317
299
274
245
210
178
142
98
55
16
-18
-53
-75
-89
-105
-123
-143
-161
-182
-204
-229
-247
-264
-285
-304
-325
-341
-359
-375
-382
-390
-392
-397
-397
-391
-382
-365
-349
-327
-305
-283
-259
-233
-204
-179
-154
-124
-99
-70
-38
-15
2
23
39
56
74
97
119
135
149
161
179
199
215
230
247
265
275
283
288
282
273
261
253
241
222
206
185
167
149
131
117
103
89
76
68
59
45
29
16
7
-5
-7
-9
-16
-29
-51
-71
-86
-106
-123
-136
-148
-156
-160
-162
-163
-156
-157
-158
-151
-145
-133
-123
-115
-108
-102
-97
-84
-72
-65
-58
-53
-47
-41
-34
-31
-29
-28
-22
-11
3
17
28
39
52
62
79
89
92
101
100
103
108
109
110
111
107
108
120
125
129
134
134
133
131
130
127
124
118
116
110
107
104
102
99
91
88
85
80
73
68
64
62
59
56
50
44
41
34
25
17
6
-3
-15
-25
-31
-42
-56
-66
-80
-89
-94
-99
-101
-100
-105
-112
-113
-115
-120
-123
-126
-130
-134
-135
-132
-133
-137
-142
-152
-153
-159
-156
-155
-150
-142
-136
-124
-111
-97
-91
-78
-70
-59
-44
-33
-28
-20
-11
-4
4
8
14
17
22
27
30
38
45
49
54
57
63
67
73
76
78
80
87
86
84
82
75
69
60
58
50
44
41
43
44
46
43
44
42
37
29
22
25
22
21
24
24
25
25
22
16
13
13
14
21
26
33
42
47
54
53
51
52
55
56
54
52
47
42
36
31
28
22
17
15
11
4
-5
-9
-15
-20
-22
-17
-12
-7
-3
0
-1
-6
-10
-17
-22
-25
-27
-33
-42
-50
-58
-62
-68
-74
-77
-71
-67
-61
-61
-62
-60
-58
-51
-51
-49
-46
-46
-44
-42
-43
-41
-40
-40
-39
-37
-33
-31
-26
-23
-15
-4
5
15
24
26
29
26
25
28
28
28
26
30
36
37
43
47
43
42
38
36
31
31
32
30
29
26
29
32
35
36
35
29
22
15
15
8
5
1
-7
-10
-11
-14
-13
-13
-15
-14
-9
-6
-5
-3
-3
-1
-5
-12
-11
-10
-9
-10
-13
-21
-24
-28
-33
-33
-36
-36
-32
-26
-21
-19
-15
-8
-9
-7
2
7
13
15
15
14
12
8
7
6
4
3
4
8
14
18
22
29
35
39
48
51
49
48
44
37
31
24
17
13
12
14
11
12
15
16
14
10
1
-5
-1
-5
-3
-1
4
6
11
16
15
12
8
1
-7
-13
-17
-21
-22
-26
-34
-41
-40
-40
-45
-51
-54
-55
-54
-50
-42
-32
-26
-23
-16
-11
-8
-11
-15
-18
-22
-24
-24
-25
-26
-21
-20
-16
-11
-5
1
6
15
22
28
34
39
37
36
29
19
16
15
15
17
18
18
15
13
10
6
2
-1
-2
1
6
11
8
7
7
1
-5
-8
-8
-13
-18
-21
-19
-18
-14
-8
-7
-4
2
3
3
1
-2
-2
-2
-2
0
4
6
6
13
19
18
14
13
4
1
