0
0
0
1
1
0
0
0
0
0
0
0
0
0
0
0
0
0
2
1
0
0
1
1
0
0
0
0
0
0
0
0
0
1
0
0
0
0
0
0
-1
0
0
-1
0
0
0
0
-1
0
0
-1
0
-1
0
-1
-1
0
-1
0
0
-1
0
0
0
0
1
0
-1
0
-1
-1
1
1
-1
0
0
1
0
-1
0
1
0
0
0
1
0
0
0
-1
0
0
0
0
0
0
0
0
0
0
0
0
0
0
-1
0
0
0
0
0
0
1
1
0
0
0
0
0
0
1
0
1
-1
0
0
0
0
0
0
-1
0
1
-1
0
1
0
0
0
0
0
0
0
0
0
-1
0
-1
0
0
0
0
0
-1
0
0
1
1
0
0
-1
1
0
-1
0
0
0
0
0
-1
-1
0
0
-1
-1
0
0
0
0
1
0
-1
-1
0
0
0
0
0
0
0
1
0
1
1
1
0
0
1
-1
0
0
0
0
-1
-1
0
0
0
-2
0
-1
0
0
0
-1
0
0
0
-1
0
0
0
0
-1
0
0
1
0
0
0
0
0
0
1
0
1
0
0
0
1
1
1
0
1
0
0
0
1
1
-1
1
1
0
0
0
0
1
0
1
0
0
0
1
0
0
-1
0
0
0
1
0
-1
0
-1
0
0
0
0
0
-1
0
0
-1
1
0
1
0
0
0
1
0
1
1
-1
-1
0
-1
0
0
-1
0
0
1
-1
-1
0
0
0
0
0
0
1
0
1
0
0
0
0
0
0
-1
0
0
-1
0
0
-1
0
0
0
0
0
1
-1
0
1
0
0
0
1
0
0
-1
-1
0
-1
0
0
-1
0
0
-1
-1
1
0
0
0
1
-1
0
1
0
0
0
0
0
1
0
0
1
-1
0
0
1
0
0
0
0
1
0
1
1
-1
1
0
-1
1
-1
-1
-1
0
0
-1
-1
0
0
0
0
0
1
0
0
0
1
0
0
0
0
0
0
0
0
0
-1
-1
0
-1
-1
0
0
0
-1
0
0
1
-1
1
-1
0
0
0
0
0
0
0
0
1
0
0
0
0
-1
0
0
-1
1
0
0
-1
0
0
0
1
0
0
0
0
0
-1
0
0
0
0
0
-1
0
1
1
1
1
0
0
0
0
-1
0
1
0
0
1
-1
0
0
0
0
0
0
0
0
0
-1
0
0
0
0
0
1
1
1
0
0
0
0
1
0
1
0
0
0
-1
0
0
0
1
0
0
0
0
0
0
0
0
-1
0
-1
0
0
0
-1
-1
0
0
0
-1
-1
0
-1
1
0
0
1
-1
0
0
0
1
0
1
0
-1
0
0
0
1
0
1
0
-1
0
1
0
0
0
1
1
0
0
1
-1
-1
0
0
0
-1
0
1
1
0
0
0
0
0
0
0
1
0
0
0
0
0
0
0
0
1
0
0
0
1
0
0
1
0
0
0
0
0
0
0
-1
0
-1
0
1
0
0
0
-1
0
0
-1
0
0
0
0
0
0
0
0
-1
0
-1
1
1
-1
0
0
-1
0
-1
1
0
-1
0
-1
0
-1
0
-1
-1
0
0
0
0
0
0
-1
-1
-1
0
0
0
-1
0
-1
0
-1
0
1
1
0
0
0
0
0
0
0
1
0
0
0
0
1
0
1
0
1
0
0
0
1
0
0
0
1
1
1
0
0
-1
-1
-1
0
0
1
0
0
0
0
-1
0
-1
0
0
-1
0
0
0
0
0
0
0
0
0
0
1
1
-1
0
0
0
-1
0
0
0
0
0
0
1
1
-1
0
0
0
0
1
0
1
0
0
0
0
0
0
0
1
0
-1
0
1
0
1
0
0
0
-1
-1
0
0
0
0
0
0
0
0
0
0
0
1
1
1
0
0
0
1
0
0
-1
0
1
0
0
0
0
0
1
0
1
-1
-1
0
1
0
-1
0
0
0
0
0
0
0
0
0
0
0
1
0
-1
-1
0
0
0
-1
0
0
0
0
-1
0
-1
0
0
-1
0
0
0
0
1
0
0
0
0
0
1
0
-1
0
0
0
0
0
-1
0
0
0
0
0
0
0
0
0
0
1
0
0
0
0
0
0
0
0
0
0
0
0
1
0
0
0
0
0
0
0
-1
0
-1
0
-1
0
0
0
0
0
-1
0
0
1
-1
0
0
0
0
0
-1
0
1
0
0
0
0
0
0
0
1
-1
0
0
0
0
0
1
0
0
1
0
0
0
1
0
0
0
0
0
1
0
0
0
0
1
0
1
0
0
1
0
0
0
0
-1
-1
0
0
0
1
0
1
0
0
0
1
0
-1
0
0
0
1
0
0
0
0
1
-1
0
0
1
0
0
0
0
0
-1
0
-1
-1
0
0
0
0
0
0
0
0
0
0
-1
0
-1
0
0
0
1
0
0
0
0
0
0
0
1
0
0
0
0
0
0
0
0
0
0
0
-1
1
0
0
-1
0
0
0
0
0
1
1
0
1
0
1
0
-1
0
0
0
0
0
0
-1
0
0
1
0
0
-1
0
0
0
0
-1
-1
0
0
0
-1
0
-1
-1
0
-1
0
-1
0
0
0
-1
0
0
-1
0
0
-1
-1
0
1
0
0
0
1
0
0
0
0
0
0
-1
0
0
0
0
0
1
1
0
1
-1
-1
0
0
0
0
0
0
0
1
0
0
0
0
0
0
0
1
0
0
0
-1
0
0
-1
0
0
0
0
0
0
1
-1
0
1
0
0
0
-1
-1
1
-1
0
0
0
0
0
0
-1
0
0
-1
0
1
-1
0
-1
0
0
0
0
1
0
0
1
0
1
0
0
0
0
0
-1
1
-1
-1
0
0
0
0
0
0
0
1
0
0
0
0
0
1
-1
0
0
1
0
0
0
0
0
0
0
0
0
0
0
0
1
0
0
0
0
0
0
0
0
0
0
1
0
0
-1
-1
0
0
0
0
1
0
0
-1
-1
0
-1
0
0
-1
0
-1
0
1
0
0
1
0
0
-1
0
-1
0
0
0
-1
0
1
-1
0
0
0
0
0
0
1
0
-1
0
0
0
1
-1
0
0
1
1
0
-1
0
-1
0
1
0
0
0
0
1
0
0
0
0
1
0
-1
0
-1
0
1
0
1
0
0
1
1
0
0
1
-1
0
0
0
-1
0
0
0
0
0
0
0
-1
0
1
0
1
0
-1
0
0
1
0
0
0
0
0
0
-1
0
0
0
0
0
0
0
-1
0
0
0
1
0
0
0
0
-1
-1
0
0
0
0
0
-1
-1
0
0
-1
0
0
1
0
0
0
0
1
-1
0
0
0
0
0
0
0
0
-1
0
0
0
0
0
1
0
0
1
0
0
0
0
0
0
0
0
0
1
0
0
1
0
0
0
0
1
1
0
0
-1
0
0
0
0
1
1
1
1
1
-1
0
0
-1
0
0
0
0
-1
0
0
0
-1
0
1
1
0
1
-1
-1
0
0
0
0
0
0
0
0
0
0
0
-1
0
0
1
1
1
0
0
0
0
0
0
-1
0
0
0
1
0
1
1
0
0
1
0
-1
0
0
1
1
0
0
0
1
0
0
-1
0
0
0
0
1
1
0
0
-1
1
0
1
-1
-1
0
-1
0
-1
-1
0
0
1
-1
0
0
0
0
0
0
0
0
0
-1
0
0
0
0
-1
-1
0
0
0
0
0
0
-1
-1
0
0
0
0
0
0
1
0
0
0
0
0
0
0
0
0
1
0
0
0
0
0
1
0
0
1
0
1
0
1
1
1
1
1
0
0
0
0
0
0
0
0
0
0
0
0
0
0
0
0
-1
-1
-1
0
0
0
0
0
0
0
-1
1
0
1
0
0
0
1
1
1
0
-1
1
1
-1
0
-1
-1
0
0
0
-1
0
0
0
0
-1
0
1
-1
0
0
0
-1
0
0
0
-1
1
0
0
0
0
0
0
0
0
1
0
0
0
1
0
1
0
0
0
0
0
0
0
0
0
-1
0
0
0
0
1
-1
-1
-1
-1
0
0
1
1
0
0
0
-1
0
0
1
-1
0
1
0
0
0
0
0
0
0
-1
-1
0
0
0
-1
0
0
0
0
0
0
0
0
0
0
0
0
0
0
0
0
0
1
0
1
0
0
0
1
1
1
-1
1
0
0
0
0
-1
0
1
0
0
-1
0
0
0
0
1
-1
0
0
1
0
0
0
-1
-1
0
0
0
0
0
-1
0
1
0
0
0
1
-1
0
0
-1
-1
0
0
0
-1
0
1
0
0
0
0
0
-1
0
0
0
0
-1
-1
-1
-1
0
0
0
-1
0
-1
-1
-1
1
0
-1
-1
0
0
0
-1
0
-1
-1
-1
0
0
0
0
0
-1
1
0
0
0
0
1
1
-1
0
-1
0
0
0
0
0
0
1
1
0
0
0
1
0
1
0
0
1
1
0
0
1
0
0
0
0
0
0
0
0
0
0
0
1
1
0
0
0
-1
0
0
-1
0
-1
0
0
0
0
0
0
0
-1
-1
0
-1
0
-1
0
0
0
1
1
0
0
0
-1
0
1
0
-1
0
0
0
0
-1
0
1
0
0
0
-1
-1
0
0
1
0
1
0
1
0
0
-1
0
0
0
1
-1
0
0
0
0
0
-1
0
0
-1
0
-1
0
0
-1
0
0
0
0
0
0
1
0
0
-1
0
-1
-1
0
0
-1
0
0
-1
1
0
0
0
1
1
-1
0
0
-1
-1
0
0
0
0
0
-1
0
-1
-1
1
-1
0
0
0
0
0
0
0
0
0
0
0
0
0
-1
0
0
0
-1
0
1
0
0
0
-1
0
0
0
0
0
0
-1
0
0
0
-1
-1
0
0
0
1
0
0
-1
0
0
1
0
0
0
0
0
0
1
-1
0
0
0
1
0
-1
0
0
0
0
0
-1
0
0
0
0
1
1
0
1
0
0
0
1
0
0
0
0
0
1
1
0
1
0
1
0
0
1
0
0
0
0
-1
0
0
0
-1
0
-1
0
0
0
1
0
0
1
0
0
1
0
0
0
0
1
1
1
-1
0
1
1
1
1
1
0
1
0
0
0
-1
0
0
0
1
0
1
-1
0
1
0
0
1
0
0
0
0
0
0
0
0
0
0
0
0
0
1
0
0
0
-1
0
0
0
0
0
-1
0
-1
0
-1
0
-1
0
-1
-1
0
0
0
0
0
-1
0
0
1
0
0
0
-1
1
1
0
0
1
0
0
0
-1
0
0
0
0
0
1
0
0
-1
0
0
1
0
1
1
0
0
0
0
0
0
-1
0
0
0
0
0
0
0
1
0
-1
0
0
0
-1
-1
-1
-1
0
0
-1
0
0
0
0
0
0
0
1
0
1
0
0
1
0
0
0
-1
0
0
1
0
1
0
0
-1
1
1
1
1
0
1
1
2
-1
0
0
0
0
0
0
1
0
0
1
1
0
0
1
1
0
0
0
0
0
0
-1
0
0
-1
-1
1
0
-1
-1
0
0
0
1
0
-2
0
0
-1
0
0
1
-1
-1
0
-1
-1
-1
-1
-1
0
-1
1
0
-1
0
0
0
0
0
0
1
1
0
0
0
0
0
1
0
-1
0
0
0
-1
0
1
0
0
0
1
1
0
0
0
0
0
0
1
1
0
0
0
0
0
0
0
0
1
0
0
-1
1
0
0
0
0
-1
0
0
0
0
0
-1
0
0
0
0
0
1
0
1
0
0
0
0
0
1
1
0
0
1
-1
0
0
0
-1
0
0
0
0
1
1
0
0
0
0
0
0
-1
-1
0
0
0
0
0
0
0
0
0
-1
-1
0
0
-1
0
-1
0
-1
-1
-1
-1
-1
-2
-1
-1
-1
-1
-1
-1
-1
-1
-1
0
-1
0
0
-1
-1
0
0
0
-1
0
1
1
1
1
1
1
1
0
1
2
1
2
1
2
2
1
1
3
2
1
0
1
2
1
1
1
1
1
0
0
-1
-1
-1
-1
-1
-1
-2
-2
-2
-3
-3
-2
-3
-3
-3
-4
-3
-5
-4
-3
-3
-3
-3
-3
-4
-3
-2
-3
-2
-2
-1
-1
-1
0
1
1
1
3
3
3
5
4
5
5
5
5
7
6
6
7
7
7
8
7
7
7
7
7
7
7
6
6
6
6
5
4
3
2
3
2
0
0
-1
-1
-2
-1
-3
-4
-4
-5
-7
-7
-7
-8
-9
-10
-10
-11
-12
-12
-13
-14
-14
-14
-14
-15
-14
-13
-14
-13
-12
-12
-11
-11
-9
-8
-7
-7
-6
-7
-7
-5
-6
-5
-4
-3
-2
-2
0
2
3
5
7
9
10
12
14
16
18
20
22
24
26
27
31
31
34
35
36
37
38
37
37
36
34
34
33
30
29
28
26
24
22
20
16
14
12
10
8
4
0
-3
-6
-9
-12
-15
-18
-20
-23
-26
-27
-30
-34
-38
-41
-47
-51
-55
-60
-63
-66
-68
-70
-70
-70
-70
-71
-71
-71
-72
-72
-73
-74
-76
-77
-77
-78
-77
-75
-73
-66
-59
-54
-46
-39
-29
-19
-10
-1
8
19
29
40
51
61
71
82
94
103
112
122
131
138
145
149
153
154
154
152
150
147
143
137
131
126
118
110
103
95
85
75
64
51
40
28
16
6
-5
-13
-21
-29
-33
-37
-38
-43
-43
-46
-46
-47
-49
-46
-47
-46
-45
-42
-40
-36
-33
-31
-28
-26
-22
-23
-22
-22
-21
-20
-22
-22
-22
-21
-19
-20
-20
-21
-23
-27
-29
-31
-36
-41
-45
-50
-53
-54
-55
-55
-55
-53
-53
-53
-50
-49
-49
-50
-53
-58
-64
-69
-79
-89
-103
-116
-130
-143
-161
-179
-197
-220
-245
-268
-294
-319
-346
-373
-399
-418
-432
-442
-445
-439
-425
-404
-376
-339
-299
-252
-202
-149
-91
-27
38
108
181
257
335
411
489
561
629
694
755
808
855
894
924
946
962
967
964
955
938
914
881
842
796
744
686
621
549
475
394
309
221
129
39
-49
-136
-221
-302
-377
-450
-515
-577
-634
-684
-729
-767
-798
-822
-834
-838
-836
-823
-801
-770
-731
-686
-634
-578
-512
-449
-382
-314
-247
-181
-116
-56
2
56
108
157
200
241
274
301
323
339
352
358
365
370
368
367
362
353
344
328
311
291
269
243
214
182
147
112
73
36
-5
-46
-86
-126
-164
-200
-236
-274
-311
-348
-386
-422
-459
-497
-537
-576
-615
-656
-693
-723
-751
-775
-792
-803
-812
-817
-820
-819
-816
-810
-797
-774
-743
-701
-646
-577
-495
-403
-297
-184
-66
53
175
298
417
535
646
755
858
962
1060
1153
1241
1322
1397
1463
1522
1566
1601
1625
1630
1624
1606
1574
1532
1483
1422
1353
1276
1192
1100
1006
907
801
691
576
456
332
203
72
-63
-196
-326
-452
-575
-692
-802
-901
-990
-1070
-1138
-1195
-1242
-1275
-1297
-1305
-1299
-1279
-1246
-1196
-1134
-1065
-986
-902
-813
-724
-634
-543
-456
-372
-295
-222
-158
-101
-51
-8
29
60
86
110
127
143
160
174
188
197
207
220
234
250
268
283
296
308
313
315
314
308
298
284
265
241
215
181
144
105
61
16
-35
-91
-150
-215
-284
-357
-436
-515
-599
-682
-762
-840
-912
-981
-1042
-1098
-1147
-1192
-1231
-1262
-1285
-1299
-1304
-1298
-1277
-1242
-1194
-1125
-1033
-919
-784
-630
-458
-275
-81
119
322
526
728
925
1117
1303
1483
1657
1826
1987
2137
2274
2396
2500
2584
2642
2676
2684
2669
2628
2565
2476
2367
2240
2098
1942
1775
1599
1412
1219
1018
808
592
371
145
-78
-302
-522
-732
-931
-1117
-1291
-1452
-1596
-1725
-1840
-1942
-2028
-2095
-2146
-2178
-2194
-2191
-2171
-2131
-2072
-1996
-1900
-1791
-1669
-1539
-1402
-1258
-1111
-962
-809
-655
-507
-362
-223
-96
24
131
226
305
372
428
472
508
538
564
590
613
636
660
680
702
730
757
785
809
827
838
839
831
818
793
763
728
688
645
599
551
502
448
388
322
246
161
64
-41
-147
-259
-375
-491
-608
-724
-834
-936
-1033
-1125
-1211
-1294
-1375
-1456
-1540
-1620
-1691
-1752
-1802
-1833
-1840
-1818
-1765
-1677
-1552
-1393
-1209
-1001
-776
-544
-309
-73
161
387
608
826
1040
1249
1459
1667
1870
2064
2244
2408
2554
2674
2768
2836
2872
2877
2850
2797
2719
2624
2514
2393
2260
2117
1963
1798
1621
1435
1235
1022
801
568
328
89
-151
-387
-615
-835
-1040
-1228
-1398
-1549
-1682
-1799
-1902
-1989
-2062
-2117
-2156
-2176
-2179
-2161
-2122
-2057
-1972
-1866
-1744
-1607
-1459
-1302
-1140
-975
-815
-656
-506
-367
-241
-128
-30
55
126
181
222
250
269
277
283
291
301
314
333
358
387
415
447
479
512
546
576
601
619
626
626
618
604
582
552
519
480
438
392
341
283
221
154
79
-2
-89
-186
-287
-393
-500
-608
-709
-805
-896
-980
-1060
-1139
-1220
-1303
-1393
-1488
-1588
-1693
-1795
-1890
-1967
-2020
-2037
-2012
-1942
-1823
-1650
-1429
-1172
-889
-588
-282
24
324
610
884
1147
1400
1644
1881
2112
2341
2563
2770
2959
3121
3253
3350
3401
3408
3371
3291
3176
3033
2869
2693
2512
2325
2135
1941
1745
1539
1321
1085
831
559
279
-14
-308
-597
-877
-1135
-1370
-1576
-1747
-1884
-1993
-2073
-2127
-2163
-2189
-2208
-2224
-2232
-2234
-2229
-2205
-2163
-2098
-2008
-1893
-1754
-1586
-1396
-1195
-992
-788
-592
-404
-231
-73
67
186
286
370
433
480
509
520
518
498
470
438
405
372
345
324
317
324
346
381
425
477
531
581
622
654
674
681
674
659
636
603
568
527
485
442
392
338
274
195
99
-14
-143
-290
-454
-620
-788
-948
-1104
-1244
-1376
-1496
-1610
-1724
-1841
-1968
-2111
-2264
-2419
-2570
-2704
-2814
-2880
-2895
-2848
-2730
-2540
-2278
-1948
-1568
-1152
-713
-267
174
597
1000
1374
1723
2050
2355
2641
2916
3179
3427
3656
3859
4029
4155
4231
4246
4200
4091
3926
3710
3457
3177
2882
2581
2284
1996
1718
1452
1196
942
686
427
160
-112
-390
-666
-933
-1179
-1401
-1597
-1757
-1877
-1961
-2009
-2030
-2026
-2011
-1991
-1974
-1966
-1965
-1970
-1980
-1988
-1990
-1977
-1944
-1892
-1817
-1711
-1582
-1433
-1271
-1099
-924
-753
-587
-434
-298
-183
-90
-20
20
36
28
3
-34
-75
-114
-139
-151
-142
-112
-60
12
100
200
308
418
524
626
718
801
872
937
1000
1055
1108
1156
1198
1232
1250
1244
1211
1145
1045
906
734
535
312
81
-148
-369
-574
-760
-923
-1068
-1196
-1319
-1448
-1587
-1748
-1945
-2181
-2448
-2726
-2997
-3247
-3454
-3596
-3652
-3608
-3461
-3212
-2867
-2436
-1941
-1407
-853
-293
259
791
1292
1761
2203
2620
3007
3371
3715
4032
4314
4547
4723
4832
4867
4820
4688
4473
4186
3836
3437
3015
2579
2145
1729
1339
976
641
333
46
-228
-492
-753
-1008
-1257
-1495
-1715
-1902
-2049
-2152
-2203
-2196
-2131
-2015
-1859
-1674
-1474
-1273
-1086
-928
-800
-707
-649
-623
-626
-652
-700
-761
-826
-888
-938
-972
-987
-984
-964
-929
-886
-838
-787
-728
-662
-585
-505
-419
-330
-245
-163
-91
-25
30
78
125
176
239
312
401
501
616
738
864
984
1091
1177
1236
1266
1268
1247
1211
1158
1096
1029
964
897
819
722
602
453
267
45
-210
-489
-771
-1050
-1322
-1569
-1778
-1955
-2112
-2262
-2408
-2574
-2784
-3062
-3406
-3791
-4183
-4563
-4905
-5152
-5246
-5146
-4844
-4343
-3640
-2761
-1752
-688
374
1407
2379
3245
3971
4572
5070
5476
5791
6033
6223
6370
6456
6445
6322
6084
5720
5208
4548
3764
2897
1983
1052
148
-671
-1360
-1906
-2316
-2585
-2714
-2717
-2626
-2473
-2271
-2025
-1739
-1424
-1077
-687
-242
249
759
1261
1736
2159
2495
2698
2744
2635
2380
1987
1466
853
187
-500
-1195
-1880
-2524
-3103
-3615
-4067
-4446
-4729
-4902
-4967
-4910
-4713
-4361
-3863
-3246
-2523
-1717
-864
-10
788
1503
2120
2621
2986
3218
3340
3375
3331
3214
3051
2853
2623
2341
2007
1632
1226
792
340
-100
-484
-789
-989
-1065
-1012
-827
-534
-178
191
532
810
984
1029
937
723
411
28
-403
-862
-1319
-1750
-2172
-2602
-3033
-3463
-3920
-4460
-5084
-5730
-6310
-6789
-7163
-7333
-7165
-6618
-5757
-4619
-3177
-1445
409
2191
3815
5283
6568
7528
8092
8355
8461
8412
8134
7667
7154
6655
6041
5161
4059
2868
1601
148
-1457
-2967
-4169
-5051
-5655
-5873
-5542
-4699
-3559
-2296
-946
472
1819
2939
3789
4457
5014
5453
5732
5859
5902
5878
5684
5191
4392
3360
2124
672
-956
-2613
-4136
-5422
-6424
-7108
-7424
-7348
-6934
-6311
-5598
-4844
-4045
-3240
-2524
-1908
-1297
-617
99
796
1500
2261
3020
3617
3946
4025
3870
3442
2706
1750
728
-240
-1128
-1880
-2394
-2627
-2605
-2397
-2038
-1531
-906
-239
418
1057
1695
2286
2770
3133
3400
3560
3550
3338
2991
2585
2104
1510
861
273
-250
-808
-1428
-2018
-2510
-2982
-3534
-4111
-4554
-4773
-4848
-4911
-4908
-4698
-4309
-4053
-4184
-4531
-4796
-5004
-5397
-5913
-6066
-5579
-4678
-3646
-2354
-518
1643
3567
4977
6068
7036
7637
7583
7035
6443
6019
5556
4917
4329
4052
3968
3649
2945
2117
1382
588
-502
-1665
-2420
-2626
-2522
-2267
-1620
-446
950
2179
3132
3950
4635
5005
4981
4703
4396
4131
3838
3472
3098
2795
2470
1941
1130
145
-889
-1991
-3190
-4332
-5177
-5630
-5749
-5594
-5127
-4347
-3431
-2603
-1965
-1483
-1127
-966
-1015
-1168
-1273
-1237
-1046
-707
-240
332
904
1296
1410
1276
960
461
-231
-1005
-1615
-1929
-2006
-1888
-1536
-940
-249
352
846
1320
1738
2003
2095
2135
2221
2326
2396
2398
2313
2122
1789
1317
742
185
-250
-608
-944
-1203
-1313
-1290
-1285
-1396
-1577
-1870
-2312
-2743
-3034
-3227
-3401
-3447
-3197
-2980
-3355
-4237
-5050
-5632
-6394
-7473
-8167
-7845
-6812
-5557
-3948
-1597
1298
3891
5644
6842
7882
8543
8386
7538
6660
6152
5764
5169
4527
4250
4278
3938
2837
1456
328
-737
-2145
-3555
-4182
-3900
-3211
-2375
-1101
737
2605
3928
4724
5322
5761
5798
5430
4947
4565
4303
4071
3794
3451
3035
2480
1582
280
-1202
-2605
-3869
-5032
-5908
-6204
-5904
-5246
-4381
-3325
-2180
-1236
-677
-406
-304
-363
-580
-799
-876
-782
-541
-174
274
661
849
795
461
-136
-869
-1592
-2228
-2778
-3084
-2956
-2476
-1861
-1215
-490
251
840
1283
1636
1966
2278
2502
2680
2826
2947
3015
2934
2659
2172
1499
739
-30
-696
-1211
-1592
-1886
-2167
-2355
-2412
-2433
-2464
-2555
-2760
-2982
-3116
-3154
-3140
-3038
-2690
-2202
-2261
-3160
-4236
-4966
-5596
-6614
-7702
-7911
-7142
-5991
-4559
-2489
352
3286
5362
6560
7499
8248
8326
7591
6564
5867
5482
4988
4369
3955
3918
3800
2878
1358
74
-845
-1937
-3235
-3957
-3585
-2543
-1417
-94
1763
3775
5166
5712
5875
6072
6024
5473
4773
4285
4017
3761
3346
2793
2156
1371
274
-1161
-2635
-3794
-4613
-5231
-5517
-5203
-4323
-3176
-1998
-904
-39
395
318
-20
-350
-710
-1125
-1433
-1452
-1201
-854
-515
-238
-184
-452
-932
-1492
-2021
-2457
-2794
-2952
-2844
-2479
-1856
-1099
-360
233
609
788
913
1065
1240
1494
1797
2088
2336
2522
2638
2638
2398
1860
1089
366
-218
-735
-1025
-1009
-852
-824
-1071
-1294
-1417
-1635
-2081
-2919
-3785
-4204
-4296
-4304
-4112
-3336
-1964
-1058
-1689
-3192
-4286
-4952
-6079
-7871
-8897
-8069
-6367
-4734
-2742
335
4035
6648
7565
7943
8528
8632
7620
6038
5014
4890
4835
4296
3686
3509
3528
2649
598
-1362
-2406
-3194
-4345
-5014
-4167
-2165
-231
1271
2991
4973
6316
6451
5898
5537
5422
5027
4422
4090
4147
4260
4000
3182
2017
746
-733
-2541
-4334
-5477
-5808
-5753
-5417
-4463
-2864
-1139
144
990
1646
1904
1458
608
-71
-392
-654
-974
-1023
-695
-377
-322
-477
-823
-1426
-2274
-3085
-3516
-3541
-3261
-2811
-2336
-1725
-886
-137
278
479
578
656
670
727
1084
1656
2161
2422
2584
2717
2788
2537
1811
1143
643
150
-244
-553
-509
-236
-288
-522
-756
-1219
-1944
-2927
-3838
-4351
-4867
-5243
-5058
-4584
-3848
-2753
-1554
-1188
-2518
-4523
-5941
-6938
-8138
-9170
-8739
-6739
-4381
-2118
653
4046
6949
8247
8228
8030
7910
7349
6251
5124
4784
5042
4994
4417
3578
2898
1980
-30
-2484
-4040
-4371
-4354
-4448
-3598
-1289
1351
3110
4260
5643
6758
6737
5909
5392
5617
5837
5641
5477
5542
5401
4648
3293
1479
-586
-2601
-4350
-5693
-6328
-5958
-4875
-3722
-2600
-1353
-73
823
1093
1095
971
638
204
11
389
792
668
276
-112
-686
-1679
-2707
-3328
-3734
-4071
-4097
-3533
-2565
-1656
-990
-604
-427
-472
-583
-566
-462
-279
65
632
1194
1595
1910
2075
1864
1293
887
766
507
228
151
191
306
452
657
732
359
-185
-749
-1476
-2179
-2869
-3434
-3774
-4196
-4502
-4422
-4132
-3720
-3178
-2347
-1934
-3210
-5409
-6775
-7265
-7869
-8725
-8564
-6555
-3928
-1683
675
3555
6489
8147
8131
7854
8039
8071
7469
6477
5876
5743
5314
4315
2969
1698
419
-1531
-3875
-5262
-5083
-4297
-3769
-2804
-739
1603
3168
4021
4928
5800
5923
5485
5442
6164
6982
7240
7140
6869
6060
4526
2579
534
-1537
-3445
-4836
-5542
-5576
-4983
-4035
-3085
-2327
-1796
-1346
-909
-501
-77
406
867
1230
1660
2274
2630
2139
1034
-70
-1275
-2638
-3589
-3772
-3534
-3358
-3143
-2560
-1762
-1190
-982
-901
-670
-325
-33
376
1090
1742
1990
1884
1565
1107
589
88
-413
-728
-643
-232
313
799
1157
1175
784
260
-259
-779
-1200
-1505
-1766
-1976
-2038
-2151
-2369
-2590
-3142
-3938
-4577
-4796
-4454
-3624
-2457
-1976
-3255
-5280
-6563
-7225
-8075
-8946
-8584
-6641
-4280
-2059
582
3860
6800
7962
7620
7511
7916
7881
7216
6580
6519
6499
5779
4573
3276
2030
441
-1936
-4236
-5189
-4827
-4138
-3462
-2215
-272
1443
2399
3072
3922
4546
4413
4124
4682
5970
6992
7372
7576
7527
6422
4370
2247
390
-1425
-3254
-4480
-4692
-4267
-3703
-3241
-2816
-2465
-2410
-2450
-2109
-1184
-58
930
1773
2460
3005
3200
2663
1467
160
-971
-2004
-2784
-2890
-2276
-1609
-1449
-1518
-1479
-1414
-1576
-1946
-1928
-1386
-729
107
1305
2522
3110
2848
2087
1105
73
-874
-1576
-1717
-1334
-759
-138
529
1126
1275
785
45
-776
-1534
-1731
-1575
-1431
-1347
-1461
-1881
-2652
-3392
-3943
-4619
-5205
-5218
-4610
-3550
-2278
-1773
-2958
-5095
-6745
-7724
-8742
-9400
-8491
-6055
-3363
-1072
1430
4312
6549
7181
6559
6259
6644
6844
6769
7035
7824
8184
7262
5535
3735
1959
-105
-2433
-4163
-4396
-3481
-2488
-1531
-213
1210
1907
1634
1438
2098
2967
3390
3837
5138
6921
7840
7675
7260
6666
5124
2651
462
-707
-1326
-1958
-2377
-2182
-1800
-1936
-2646
-3451
-4020
-4419
-4625
-4158
-2692
-634
1322
2654
3245
3267
2632
1273
-293
-1426
-1927
-2033
-1928
-1351
-390
174
-66
-738
-1356
-1939
-2617
-2917
-2300
-1096
37
910
1670
2261
2291
1661
807
161
-246
-540
-623
-244
500
1078
1148
885
518
142
-160
-533
-822
-736
-563
-653
-1026
-1676
-2422
-3270
-4303
-5076
-5518
-5621
-5094
-4238
-3077
-1496
-722
-1920
-4525
-6891
-8034
-8757
-9526
-8887
-6264
-3146
-793
891
2728
4590
5151
4433
4204
5230
6546
7324
7920
8856
9364
8250
5810
3274
1252
-484
-2263
-3584
-3345
-1915
-875
-662
-413
315
568
-286
-899
77
1940
3417
4527
6058
7832
8468
7549
6310
5399
4211
2467
1032
682
906
671
-59
-694
-1274
-2339
-3943
-5279
-5611
-5127
-4485
-3595
-2029
-288
787
1069
861
545
252
-165
-423
-160
556
1275
1433
1286
1179
618
-525
-1561
-1935
-1886
-1850
-1687
-1015
-199
59
-248
-542
-467
-394
-581
-578
-57
608
919
961
1160
1346
1130
739
304
69
351
776
1074
1124
1016
910
284
-986
-2323
-3627
-4821
-5605
-6124
-6215
-5703
-5146
-4575
-3810
-2829
-2136
-3319
-5997
-7845
-8231
-8087
-8055
-7252
-4781
-1895
-168
772
2024
3470
4142
3931
4228
5818
7506
8231
8242
8298
8204
6896
4506
2212
817
-5
-1005
-1717
-1412
-551
-279
-907
-1291
-875
-583
-762
-377
1236
3238
4503
5266
6298
7100
6680
5371
4459
4373
4108
3205
2659
2853
2742
1531
-88
-1149
-1920
-3048
-4263
-4639
-3841
-2794
-2293
-2051
-1504
-801
-851
-1711
-2077
-1586
-1016
-619
-206
498
1207
1156
482
-13
-92
-194
-591
-768
-260
379
433
140
2
-67
-407
-936
-1211
-1024
-629
-364
-149
288
707
735
640
782
981
1034
978
875
822
881
1111
1314
1212
965
614
49
-619
-1551
-2692
-3717
-4753
-5749
-6176
-6053
-5660
-5172
-4364
-3180
-3086
-5066
-7485
-8473
-8345
-8273
-8146
-6617
-3706
-1287
-127
947
2439
3431
3406
3516
5059
7341
8630
8686
8702
8915
8160
5919
3291
1571
610
-483
-1465
-1274
-190
176
-835
-2149
-2461
-2119
-2146
-2006
-439
2098
3954
4828
5665
6682
6714
5358
4172
4175
4535
4376
4096
4294
4307
3087
1079
-458
-1367
-2452
-3785
-4329
-3704
-2778
-2281
-2047
-1746
-1700
-2207
-2753
-2759
-2356
-1907
-1370
-504
557
1298
1405
1094
757
531
251
-54
-37
309
500
237
-190
-433
-555
-804
-1130
-1163
-901
-729
-830
-888
-623
-378
-357
-225
337
1125
1685
1993
2172
2183
1954
1650
1462
1391
1311
1161
1067
782
-46
-1146
-2295
-3536
-4841
-5862
-6143
-5939
-5589
-5016
-4078
-3282
-3870
-6037
-8181
-8807
-8429
-8181
-7421
-5055
-1994
-53
762
1722
2931
3446
3183
3528
5414
7697
8719
8437
7932
7334
5636
2874
549
-450
-837
-1389
-1625
-899
89
-87
-1441
-2344
-1963
-1181
-590
795
3555
6247
7374
7419
7509
7330
5956
3993
2956
3060
3129
2442
1651
1199
282
-1673
-3827
-4992
-5184
-5141
-4794
-3507
-1517
101
901
1433
2112
2452
2135
1772
1853
2004
1759
1258
709
-36
-1130
-2324
-3180
-3518
-3579
-3590
-3560
-3294
-2832
-2455
-2144
-1713
-1053
-325
434
1350
2311
3022
3176
2799
2259
1909
1758
1552
1405
1474
1548
1436
1195
1042
729
247
-62
-128
-133
-127
90
112
-344
-1037
-1718
-2389
-3190
-3841
-4224
-4225
-3847
-3466
-3151
-2838
-2247
-2154
-3638
-5840
-7229
-7437
-7593
-7997
-7367
-5496
-3596
-2899
-2677
-1632
-422
110
495
2111
4603
6137
6274
5961
5968
5422
3755
2149
1556
1849
1953
1640
1742
2205
2182
1109
77
197
994
1762
2609
4240
6292
7368
7064
6265
5669
4897
3668
2838
2978
3424
3200
2432
1810
1115
-283
-2166
-3417
-3625
-3414
-3019
-2187
-1032
-231
-139
-252
-120
15
-175
-399
-353
-257
-434
-932
-1526
-2231
-3095
-3828
-4049
-3784
-3271
-2601
-2013
-1588
-1219
-932
-760
-617
-295
246
944
1778
2556
2969
2836
2365
1854
1357
978
809
850
1085
1343
1445
1333
1177
950
612
544
725
912
943
834
833
564
-87
-889
-1689
-2323
-3005
-3488
-3621
-3710
-3785
-3890
-3814
-3618
-3363
-3073
-3663
-5144
-6438
-6772
-6686
-7107
-7020
-5714
-4226
-3503
-3172
-2173
-962
-371
-14
1060
2953
4325
4673
4746
5001
4981
4112
3122
2800
2947
2978
2726
2748
2975
2910
2333
1748
1902
2460
2991
3519
4390
5599
6239
5942
5337
5084
4926
4346
3774
3770
3974
3478
2382
1584
1046
50
-1373
-2374
-2489
-2380
-2436
-2356
-2069
-1900
-2101
-2292
-2148
-1893
-1792
-1803
-1669
-1508
-1595
-1897
-2294
-2710
-3186
-3438
-3199
-2716
-2184
-1660
-1131
-786
-739
-723
-632
-607
-512
10
898
1699
2224
2603
2733
2418
1872
1519
1374
1331
1407
1637
1958
2147
2181
2030
1675
1296
1039
961
914
792
674
571
351
-129
-820
-1617
-2471
-3276
-3805
-3862
-3715
-3704
-3752
-3623
-3297
-3057
-2909
-2702
-2805
-3583
-4667
-5298
-5461
-5782
-6110
-5733
-4740
-4023
-3884
-3558
-2736
-2109
-1919
-1575
-592
670
1628
2385
3202
3822
4030
3985
3976
4070
4096
4054
4081
4231
4490
4762
4819
4596
4255
3954
3742
3629
3679
3833
3885
3850
3922
4096
4056
3673
3241
2928
2608
2264
2113
2152
1997
1483
936
628
287
-306
-958
-1377
-1618
-1931
-2173
-2177
-2094
-2151
-2435
-2769
-3126
-3585
-4007
-4168
-3985
-3640
-3259
-2812
-2334
-1920
-1683
-1539
-1360
-1244
-1205
-1078
-704
-105
467
886
1191
1353
1279
1007
773
702
706
699
782
1035
1320
1381
1256
1148
1093
1028
920
914
1095
1324
1485
1517
1517
1502
1290
874
442
169
11
-155
-257
-200
-174
-425
-811
-1089
-1301
-1592
-1944
-2158
-2205
-2267
-2450
-2772
-3215
-3811
-4419
-4857
-5117
-5265
-5409
-5518
-5553
-5505
-5332
-5099
-4808
-4409
-3911
-3310
-2639
-1946
-1330
-842
-379
196
841
1391
1898
2472
3101
3709
4190
4538
4834
5137
5479
5901
6335
6608
6638
6448
6149
5883
5677
5445
5187
4965
4757
4516
4233
3969
3673
3230
2752
2469
2361
2176
1831
1459
1154
803
337
-117
-448
-711
-1080
-1572
-2040
-2480
-2936
-3397
-3763
-3921
-3948
-3965
-4041
-4163
-4239
-4295
-4423
-4542
-4434
-4053
-3567
-3070
-2487
-1873
-1445
-1223
-990
-680
-476
-417
-286
12
323
539
711
886
964
906
855
926
1084
1227
1344
1512
1765
2005
2083
1979
1858
1841
1832
1726
1644
1672
1618
1328
985
817
689
315
-211
-597
-841
-1109
-1439
-1704
-1965
-2442
-3113
-3686
-3990
-4162
-4446
-4859
-5199
-5353
-5286
-5099
-4931
-4750
-4502
-4218
-3896
-3474
-2939
-2498
-2280
-1986
-1372
-615
-11
437
914
1422
1873
2375
3060
3768
4267
4655
5161
5700
5984
5950
5815
5698
5619
5658
5794
5869
5774
5538
5269
4999
4722
4426
4098
3766
3500
3342
3182
2882
2446
1938
1397
807
253
-127
-404
-696
-997
-1265
-1538
-1916
-2360
-2739
-3036
-3305
-3573
-3771
-3883
-3986
-4081
-4113
-4097
-4096
-4071
-3931
-3683
-3451
-3231
-2908
-2522
-2173
-1880
-1567
-1233
-964
-761
-526
-217
98
319
443
575
739
889
1022
1199
1475
1787
2007
2110
2196
2301
2348
2294
2209
2107
1915
1640
1380
1215
1075
821
454
94
-145
-350
-642
-956
-1243
-1564
-1954
-2321
-2564
-2786
-3120
-3488
-3726
-3838
-3966
-4133
-4256
-4302
-4317
-4306
-4160
-3895
-3631
-3419
-3209
-2906
-2539
-2204
-1885
-1490
-943
-324
278
864
1445
2022
2566
3096
3635
4107
4453
4676
4839
5026
5203
5289
5264
5172
5077
5011
4949
4844
4686
4497
4309
4117
3936
3801
3655
3414
3103
2819
2563
2224
1781
1320
903
521
185
-54
-226
-461
-807
-1192
-1552
-1891
-2233
-2574
-2887
-3138
-3300
-3381
-3405
-3396
-3394
-3433
-3484
-3496
-3432
-3299
-3136
-2964
-2755
-2488
-2219
-1990
-1760
-1501
-1265
-1066
-832
-508
-165
131
390
636
868
1083
1294
1498
1674
1808
1919
2048
2205
2343
2400
2319
2099
1793
1517
1299
1104
898
674
445
213
-5
-199
-393
-651
-992
-1342
-1571
-1684
-1770
-1867
-1974
-2143
-2448
-2840
-3177
-3440
-3705
-3961
-4129
-4185
-4183
-4149
-4047
-3935
-3891
-3860
-3724
-3466
-3121
-2684
-2136
-1501
-830
-152
473
963
1358
1728
2110
2547
3045
3554
3957
4230
4460
4647
4711
4623
4509
4489
4523
4579
4697
4846
4894
4766
4589
4452
4274
4018
3762
3572
3401
3191
2964
2700
2357
1941
1534
1189
849
496
185
-65
-318
-641
-996
-1335
-1683
-2046
-2382
-2660
-2868
-3012
-3129
-3211
-3236
-3236
-3276
-3372
-3443
-3442
-3438
-3426
-3302
-3032
-2696
-2404
-2141
-1845
-1566
-1351
-1142
-856
-500
-172
111
388
667
892
1054
1195
1352
1505
1603
1614
1557
1489
1428
1358
1273
1174
1064
937
804
711
659
579
428
232
34
-165
-361
-505
-592
-678
-802
-940
-1066
-1204
-1416
-1714
-2098
-2545
-2987
-3342
-3589
-3765
-3931
-4094
-4225
-4302
-4303
-4226
-4072
-3831
-3495
-3053
-2519
-1952
-1426
-967
-537
-96
338
757
1183
1625
2062
2463
2857
3241
3523
3684
3824
4047
4321
4543
4698
4831
4969
5092
5183
5248
5261
5177
4988
4805
4667
4545
4353
4071
3797
3554
3283
2929
2543
2183
1833
1432
1005
624
284
-87
-492
-859
-1209
-1594
-2006
-2382
-2707
-2996
-3237
-3443
-3628
-3801
-3932
-4034
-4150
-4242
-4268
-4199
-4061
-3867
-3560
-3180
-2829
-2544
-2259
-1955
-1665
-1405
-1120
-769
-405
-90
179
459
713
902
1023
1108
1192
1251
1290
1360
1485
1623
1697
1690
1669
1651
1588
1457
1302
1166
1026
884
769
683
576
394
154
-92
-328
-549
-779
-1013
-1214
-1390
-1582
-1802
-2009
-2222
-2514
-2900
-3265
-3529
-3742
-3943
-4082
-4119
-4104
-4064
-3956
-3765
-3545
-3339
-3111
-2795
-2365
-1865
-1345
-834
-340
126
560
982
1405
1810
2177
2539
2947
3381
3760
4058
4305
4536
4739
4902
5051
5191
5275
5280
5234
5192
5161
5092
4956
4770
4558
4325
4066
3786
3482
3145
2777
2398
2040
1701
1353
954
525
139
-161
-436
-756
-1111
-1456
-1805
-2169
-2476
-2707
-2920
-3163
-3378
-3518
-3621
-3725
-3802
-3836
-3815
-3731
-3577
-3366
-3139
-2909
-2676
-2436
-2180
-1903
-1622
-1331
-1033
-728
-458
-260
-115
27
183
330
457
600
780
956
1116
1274
1409
1451
1390
1304
1252
1224
1200
1183
1165
1126
1031
884
710
537
353
125
-89
-249
-390
-561
-771
-961
-1132
-1350
-1617
-1873
-2093
-2300
-2486
-2632
-2763
-2953
-3196
-3428
-3612
-3754
-3874
-3950
-3956
-3873
-3689
-3429
-3157
-2902
-2645
-2354
-2013
-1598
-1119
-634
-178
293
835
1387
1872
2307
2742
3195
3636
4055
4447
4754
4958
5092
5229
5398
5556
5648
5668
5655
5623
5545
5405
5199
4943
4665
4395
4154
3917
3647
3329
2969
2592
2200
1811
1451
1119
808
492
177
-146
-498
-875
-1256
-1619
-1993
-2372
-2709
-2972
-3168
-3336
-3484
-3620
-3780
-3957
-4123
-4246
-4318
-4326
-4236
-4051
-3813
-3562
-3324
-3117
-2946
-2766
-2517
-2207
-1870
-1527
-1164
-788
-447
-142
122
334
473
571
714
919
1139
1345
1529
1694
1804
1859
1899
1918
1882
1796
1720
1689
1669
1608
1499
1346
1156
933
689
436
172
-96
-354
-584
-789
-987
-1196
-1430
-1687
-1938
-2153
-2327
-2471
-2609
-2770
-2960
-3174
-3388
-3569
-3716
-3829
-3901
-3921
-3870
-3743
-3558
-3336
-3095
-2805
-2436
-1981
-1457
-909
-370
143
626
1097
1574
2053
2510
2924
3335
3776
4213
4575
4816
4979
5116
5242
5376
5514
5631
5691
5686
5653
5602
5481
5267
4978
4669
4384
4140
3925
3671
3336
2951
2543
2115
1685
1272
879
504
176
-102
-364
-663
-1002
-1363
-1744
-2131
-2522
-2889
-3202
-3460
-3650
-3788
-3940
-4134
-4336
-4496
-4599
-4647
-4631
-4539
-4370
-4143
-3864
-3537
-3213
-2951
-2723
-2476
-2166
-1835
-1504
-1185
-857
-534
-245
-1
196
371
520
675
863
1082
1303
1498
1661
1804
1929
2012
2042
2028
1988
1936
1861
1756
1645
1522
1359
1144
904
649
364
69
-186
-388
-571
-764
-972
-1174
-1351
-1500
-1639
-1771
-1897
-2007
-2077
-2111
-2162
-2288
-2517
-2802
-3038
-3168
-3214
-3220
-3220
-3208
-3163
-3046
-2854
-2636
-2424
-2187
-1860
-1405
-849
-274
255
730
1179
1646
2139
2610
3035
3428
3810
4189
4558
4867
5079
5200
5272
5345
5433
5517
5559
5553
5503
5415
5280
5083
4827
4528
4220
3925
3652
3388
3116
2809
2466
2089
1683
1262
839
421
29
-328
-672
-1016
-1373
-1743
-2128
-2532
-2947
-3325
-3641
-3893
-4100
-4258
-4382
-4492
-4586
-4643
-4652
-4647
-4643
-4604
-4486
-4294
-4052
-3787
-3513
-3243
-2985
-2715
-2419
-2116
-1824
-1530
-1217
-878
-528
-193
107
351
563
775
997
1218
1422
1606
1772
1921
2037
2114
2130
2086
2009
1947
1914
1888
1829
1736
1602
1428
1242
1044
834
603
373
160
-19
-164
-308
-476
-680
-891
-1073
-1216
-1343
-1463
-1579
-1674
-1744
-1803
-1880
-2033
-2282
-2579
-2831
-2998
-3093
-3131
-3135
-3104
-3027
-2876
-2663
-2432
-2203
-1944
-1596
-1138
-593
-27
516
1028
1517
1998
2463
2892
3268
3602
3928
4262
4580
4833
4998
5092
5152
5193
5225
5238
5225
5173
5085
4973
4833
4642
4391
4106
3825
3562
3295
3006
2685
2336
1971
1601
1235
873
497
125
-231
-575
-916
-1271
-1631
-1986
-2328
-2650
-2965
-3289
-3603
-3872
-4093
-4275
-4438
-4591
-4734
-4840
-4870
-4815
-4708
-4583
-4449
-4291
-4105
-3889
-3643
-3370
-3080
-2783
-2454
-2085
-1699
-1341
-1028
-740
-474
-215
39
292
543
781
1009
1231
1446
1625
1758
1858
1942
2022
2081
2116
2125
2107
2071
2023
1957
1857
1714
1539
1350
1163
980
788
583
367
153
-43
-220
-386
-546
-690
-815
-901
-965
-1020
-1073
-1129
-1180
-1200
-1208
-1234
-1300
-1426
-1590
-1755
-1906
-2041
-2164
-2271
-2348
-2390
-2375
-2299
-2175
-2020
-1825
-1566
-1233
-843
-410
45
512
985
1463
1940
2390
2796
3162
3497
3822
4131
4405
4622
4770
4850
4877
4867
4834
4775
4685
4558
4411
4260
4087
3877
3624
3338
3030
2711
2407
2128
1862
1583
1285
985
684
359
0
-368
-730
-1084
-1420
-1725
-1999
-2283
-2591
-2914
-3237
-3546
-3839
-4098
-4317
-4488
-4584
-4611
-4581
-4517
-4439
-4375
-4325
-4253
-4133
-3956
-3725
-3459
-3171
-2871
-2571
-2265
-1957
-1661
-1380
-1110
-823
-508
-169
158
449
695
909
1101
1274
1434
1573
1686
1784
1888
1999
2090
2134
2129
2092
2032
1966
1906
1840
1762
1651
1526
1390
1250
1102
932
747
548
345
153
-5
-128
-231
-335
-447
-552
-647
-721
-781
-843
-914
-980
-1025
-1055
-1081
-1130
-1223
-1369
-1541
-1703
-1846
-1959
-2045
-2101
-2115
-2074
-1964
-1811
-1628
-1422
-1176
-878
-519
-104
344
805
1258
1689
2094
2470
2804
3085
3333
3556
3764
3938
4060
4131
4146
4111
4039
3954
3860
3742
3604
3448
3278
3091
2882
2658
2417
2171
1924
1676
1437
1202
970
717
444
150
-159
-460
-761
-1052
-1327
-1585
-1840
-2091
-2333
-2582
-2837
-3101
-3352
-3580
-3756
-3881
-3960
-4000
-4005
-3988
-3951
-3881
-3782
-3667
-3531
-3366
-3166
-2926
-2655
-2374
-2095
-1826
-1566
-1324
-1082
-832
-582
-331
-83
167
404
618
815
991
1155
1301
1439
1570
1697
1825
1947
2052
2124
2161
2167
2158
2139
2110
2063
1983
1871
1745
1614
1466
1292
1087
858
623
404
207
29
-144
-322
-500
-662
-786
-887
-969
-1035
-1085
-1127
-1151
-1155
-1142
-1123
-1112
-1107
-1095
-1086
-1096
-1137
-1203
-1287
-1371
-1435
-1466
-1474
-1466
-1432
-1373
-1278
-1149
-982
-796
-590
-358
-97
196
513
844
1171
1489
1785
2058
2317
2563
2791
2989
3156
3291
3391
3466
3519
3545
3536
3494
3422
3326
3227
3106
2954
2765
2545
2299
2036
1769
1494
1211
914
612
307
19
-264
-550
-841
-1127
-1400
-1650
-1868
-2070
-2263
-2448
-2624
-2783
-2922
-3037
-3147
-3241
-3312
-3357
-3369
-3341
-3275
-3192
-3084
-2961
-2821
-2663
-2483
-2294
-2095
-1894
-1680
-1460
-1234
-1005
-779
-556
-340
-134
64
259
450
620
771
909
1040
1159
1271
1378
1477
1562
1631
1692
1737
1771
1789
1794
1792
1785
1772
1747
1708
1641
1559
1459
1341
1195
1029
851
664
479
294
106
-79
-258
-428
-581
-719
-841
-951
-1039
-1098
-1137
-1157
-1168
-1187
-1197
-1202
-1205
-1213
-1234
-1271
-1323
-1374
-1430
-1485
-1538
-1583
-1603
-1593
-1536
-1442
-1319
-1163
-980
-778
-556
-316
-61
199
473
754
1043
1325
1590
1825
2031
2223
2398
2547
2671
2781
2873
2940
2983
2996
2971
2909
2820
2715
2601
2471
2317
2142
1954
1765
1572
1372
1161
943
731
526
333
145
-39
-232
-426
-611
-790
-960
-1124
-1282
-1438
-1588
-1734
-1874
-2006
-2134
-2247
-2346
-2422
-2465
-2489
-2485
-2454
-2408
-2349
-2280
-2201
-2111
-2010
-1893
-1762
-1625
-1481
-1335
-1182
-1022
-856
-690
-521
-347
-171
2
174
339
492
628
746
852
949
1034
1105
1166
1206
1237
1254
1264
1266
1251
1229
1207
1178
1141
1095
1038
968
893
811
717
613
499
378
261
146
41
-63
-168
-279
-393
-494
-577
-650
-710
-754
-789
-810
-813
-810
-804
-801
-810
-829
-859
-889
-921
-954
-981
-1010
-1039
-1057
-1062
-1056
-1038
-1008
-966
-908
-823
-713
-577
-426
-263
-92
87
275
469
668
857
1035
1200
1359
1518
1662
1793
1909
2012
2099
2171
2230
2271
2288
2285
2261
2221
2168
2094
2007
1911
1800
1678
1545
1410
1267
1108
945
778
606
434
259
90
-72
-229
-386
-537
-685
-831
-976
-1119
-1257
-1389
-1504
-1598
-1674
-1730
-1772
-1796
-1807
-1805
-1789
-1767
-1738
-1699
-1648
-1586
-1516
-1438
-1362
-1290
-1220
-1152
-1076
-993
-902
-805
-698
-587
-467
-348
-232
-120
-12
94
201
305
404
491
566
635
695
746
792
839
876
906
922
921
905
876
828
769
698
626
553
482
405
329
246
158
76
-5
-72
-130
-187
-237
-279
-319
-359
-404
-445
-491
-531
-560
-580
-594
-604
-611
-612
-613
-614
-625
-637
-645
-649
-645
-636
-623
-613
-602
-588
-564
-533
-492
-440
-375
-300
-207
-104
-3
102
206
316
435
556
673
781
887
985
1078
1162
1240
1312
1371
1423
1465
1499
1526
1534
1527
1513
1484
1444
1406
1357
1297
1237
1170
1103
1034
956
877
787
692
592
489
388
290
183
80
-21
-128
-227
-320
-419
-517
-619
-720
-814
-903
-978
-1043
-1098
-1142
-1181
-1208
-1232
-1243
-1253
-1255
-1248
-1236
-1214
-1179
-1139
-1095
-1045
-992
-930
-864
-794
-718
-642
-568
-489
-409
-329
-254
-177
-107
-47
6
55
96
127
150
173
199
226
258
292
324
348
365
373
378
372
360
342
317
289
245
202
157
109
56
7
-38
-81
-118
-150
-178
-197
-212
-228
-236
-242
-243
-241
-233
-228
-238
-245
-257
-270
-286
-304
-320
-338
-356
-368
-373
-376
-369
-362
-350
-331
-303
-264
-218
-161
-104
-43
25
96
173
258
344
430
518
614
709
796
880
953
1016
1074
1128
1180
1224
1263
1294
1321
1340
1342
1330
1304
1265
1213
1160
1105
1037
967
892
806
715
621
520
424
329
245
167
98
32
-40
-112
-186
-253
-314
-365
-413
-459
-503
-543
-578
-615
-656
-701
-744
-783
-815
-844
-861
-872
-879
-882
-880
-876
-869
-858
-843
-825
-802
-777
-749
-718
-689
-661
-635
-609
-582
-560
-532
-499
-464
-434
-405
-381
-364
-347
-334
-319
-306
-289
-266
-245
-219
-194
-175
-158
-147
-143
-135
-120
-105
-93
-78
-66
-55
-42
-25
-5
19
40
62
89
117
147
174
202
224
235
242
250
250
248
241
234
226
212
196
178
164
149
134
125
119
122
122
126
134
140
150
168
186
203
218
238
262
287
315
340
371
400
437
482
521
555
585
608
630
640
647
653
658
670
685
695
694
687
676
653
624
594
564
534
504
479
455
430
400
365
338
311
288
261
233
203
169
130
86
35
-15
-61
-105
-151
-191
-232
-281
-329
-368
-407
-442
-476
-507
-533
-558
-582
-608
-631
-653
-673
-685
-691
-692
-694
-694
-694
-691
-683
-675
-665
-654
-636
-617
-592
-570
-551
-528
-510
-492
-475
-462
-450
-438
-424
-412
-395
-377
-359
-347
-337
-327
-318
-309
-294
-277
-262
-244
-226
-205
-181
-154
-128
-105
-81
-54
-26
6
37
69
98
128
159
189
219
243
266
289
314
337
367
395
418
435
446
458
468
478
487
497
499
502
506
507
500
486
468
450
433
420
413
409
406
403
397
390
376
360
342
327
310
303
299
286
278
269
258
249
246
241
240
238
238
237
238
241
244
245
241
238
234
231
229
228
226
219
210
200
184
166
146
122
95
68
37
4
-28
-62
-92
-127
-162
-196
-228
-255
-277
-299
-318
-339
-358
-375
-389
-406
-412
-411
-410
-407
-408
-413
-415
-421
-435
-449
-464
-481
-498
-519
-539
-555
-569
-583
-599
-610
-623
-635
-634
-631
-621
-606
-583
-560
-538
-506
-472
-437
-399
-359
-318
-273
-224
-175
-127
-77
-27
23
76
124
174
220
260
299
336
368
398
424
447
469
486
503
514
523
530
537
536
533
529
526
520
507
491
470
445
419
395
367
339
313
289
265
237
210
180
149
118
88
61
38
13
-14
-37
-58
-73
-90
-102
-114
-124
-136
-149
-159
-167
-174
-182
-184
-190
-189
-189
-181
-172
-159
-139
-119
-102
-78
-54
-31
-12
10
32
58
87
114
142
166
188
202
215
222
227
235
245
258
264
272
281
282
283
279
275
270
264
256
249
238
225
210
194
172
148
127
105
82
59
36
12
-12
-34
-61
-88
-118
-149
-185
-220
-254
-285
-317
-344
-369
-390
-409
-430
-449
-461
-468
-467
-468
-469
-465
-463
-458
-450
-442
-427
-412
-394
-372
-350
-327
-309
-287
-270
-249
-229
-208
-180
-155
-129
-99
-69
-40
-10
13
35
51
63
76
90
106
119
134
149
161
170
173
182
188
196
207
211
214
212
204
200
195
191
185
180
178
174
170
170
168
168
166
166
166
164
158
148
138
124
113
106
101
96
91
88
83
78
74
71
68
64
62
57
56
52
50
44
37
30
27
25
25
29
30
34
38
37
36
39
37
35
34
38
38
40
42
42
44
45
45
41
35
29
19
14
9
7
9
8
9
10
7
8
12
18
26
33
37
41
47
53
57
60
60
57
58
62
65
67
69
65
63
62
57
55
50
48
45
41
40
30
23
17
5
-5
-14
-28
-41
-56
-71
-91
-110
-127
-149
-172
-195
-214
-233
-252
-266
-279
-286
-294
-299
-306
-311
-316
-322
-325
-329
-334
-333
-330
-323
-316
-310
-303
-299
-287
-276
-266
-253
-237
-220
-203
-184
-165
-144
-122
-102
-83
-58
-29
-1
30
61
92
118
147
172
198
223
250
274
301
325
347
374
394
412
422
430
439
445
451
458
457
451
442
432
419
402
386
368
350
330
310
287
258
230
197
164
136
104
67
33
-1
-36
-69
-102
-132
-161
-192
-218
-241
-261
-279
-295
-311
-322
-333
-338
-336
-336
-335
-331
-322
-311
-299
-282
-264
-245
-223
-198
-176
-156
-133
-112
-92
-71
-51
-31
-6
19
46
71
97
119
139
153
163
171
177
180
184
188
186
190
193
195
191
182
174
165
157
146
136
122
113
101
87
74
58
40
18
0
-21
-40
-60
-76
-89
-98
-103
-109
-113
-117
-124
-129
-133
-140
-145
-146
-147
-147
-145
-142
-138
-132
-122
-114
-108
-95
-82
-71
-61
-54
-50
-43
-38
-30
-22
-14
-5
5
16
26
34
40
45
48
48
49
53
49
47
46
45
44
39
34
26
17
8
-2
-14
-21
-29
-35
-37
-41
-45
-50
-55
-60
-64
-62
-65
-68
-70
-68
-64
-60
-51
-47
-39
-33
-28
-18
-3
11
25
37
52
69
83
99
113
125
141
156
171
183
194
206
215
221
225
229
230
230
224
219
215
206
200
190
177
164
153
143
135
126
113
97
82
67
51
31
9
-10
-29
-48
-64
-82
-97
-107
-120
-133
-148
-161
-173
-186
-198
-210
-218
-227
-235
-241
-247
-251
-258
-261
-263
-266
-267
-267
-267
-266
-260
-249
-240
-230
-215
-198
-175
-155
-132
-108
-86
-63
-43
-21
3
23
43
61
81
102
126
148
170
193
211
226
235
242
246
254
256
258
258
263
264
261
256
246
236
224
212
195
178
158
135
109
83
56
27
0
-26
-47
-70
-86
-103
-122
-140
-159
-177
-193
-203
-209
-214
-218
-219
-219
-217
-214
-206
-197
-188
-179
-172
-162
-150
-141
-128
-112
-100
-83
-68
-53
-37
-17
2
23
46
69
90
106
122
136
146
157
169
181
193
201
210
217
223
226
228
225
225
219
207
194
183
168
152
138
123
110
96
77
62
45
26
9
-6
-17
-29
-41
-53
-65
-75
-85
-92
-96
-100
-109
-115
-121
-125
-130
-131
-134
-138
-139
-139
-140
-139
-138
-130
-123
-119
-113
-109
-104
-97
-90
-83
-75
-64
-55
-48
-39
-31
-21
-13
-4
3
8
17
24
30
36
43
45
52
54
51
52
54
53
53
53
50
47
46
44
41
39
35
33
28
21
12
4
-2
-8
-15
-21
-23
-28
-33
-41
-44
-50
-52
-55
-55
-57
-63
-64
-63
-58
-53
-49
-39
-32
-27
-15
-3
8
24
40
51
62
75
83
94
102
109
115
121
125
128
130
128
123
115
108
103
96
91
87
80
73
67
60
52
42
32
20
8
-5
-17
-29
-40
-57
-77
-93
-106
-123
-134
-146
-158
-165
-169
-172
-171
-168
-164
-156
-151
-140
-131
-120
-109
-97
-86
-71
-58
-48
-34
-24
-10
5
20
35
52
67
78
90
99
111
120
129
140
145
150
155
159
161
161
165
167
167
165
163
157
150
142
128
119
108
95
81
68
50
35
20
6
-4
-14
-19
-28
-39
-49
-63
-74
-84
-94
-100
-111
-119
-126
-135
-141
-146
-152
-154
-154
-154
-154
-154
-152
-153
-150
-150
-148
-145
-140
-135
-124
-113
-101
-88
-75
-60
-50
-38
-23
