-4
3
-7
3
1
-6
8
1
1
7
2
5
3
0
2
1
-2
4
-5
3
4
-8
15
-6
2
10
-8
10
-3
4
2
-6
12
-9
3
5
-6
8
-7
3
4
-7
4
-5
-1
1
-5
4
-1
-3
6
-1
1
5
-5
8
-3
-6
4
-6
-1
-2
-5
3
-6
-2
-2
-4
4
-5
-5
5
-3
-6
9
-8
5
0
-5
5
-7
3
-5
-1
7
-7
2
2
-1
-1
1
-4
3
-3
-4
4
-2
2
-4
0
7
-4
-2
10
-2
4
1
1
7
-2
1
-3
2
-1
-8
3
-2
-3
-4
-1
2
-7
2
-5
-1
1
-7
4
-5
2
-3
-1
3
-3
2
0
5
-1
4
3
0
4
-1
5
0
0
3
-2
6
-3
4
1
3
6
-2
8
-1
3
3
1
4
3
4
-1
4
1
-2
1
-8
6
-6
2
1
-4
9
-7
5
4
-1
1
-1
3
-4
-1
-1
-1
-2
-1
-4
-1
1
-7
5
-1
-3
2
-2
-1
-4
-1
-6
1
-8
2
-6
-2
5
-14
11
-9
0
7
-8
9
-2
0
6
-10
12
-10
6
3
-7
12
-6
5
1
3
-1
5
-4
2
1
-7
5
-8
0
1
-10
8
-10
7
0
-8
13
-10
7
-1
-1
5
-8
7
-5
0
3
-6
6
-8
1
-1
-5
1
-6
2
-4
5
-3
3
4
2
1
4
2
-4
2
-5
-1
-2
-1
-2
-2
1
-4
6
-4
5
4
-1
11
-7
7
0
-5
4
-6
0
-2
-5
-1
3
-3
5
0
3
8
-1
5
3
3
-2
3
4
-5
3
0
-4
4
-6
3
3
-2
3
1
-2
-2
0
-3
-1
-3
-1
-4
-2
1
-4
3
2
-5
9
0
-5
7
1
-2
3
3
-2
1
2
-2
-1
2
-3
2
-6
0
3
-5
3
-3
2
4
-2
2
0
4
0
-2
2
3
-6
2
1
-2
3
1
-4
6
-3
-1
1
-3
0
-5
-2
1
-5
0
0
-1
-2
2
1
-3
3
-6
4
-2
2
2
-5
6
-4
0
0
-4
0
-2
-4
-3
3
-2
-2
0
3
-4
1
3
-2
4
-6
7
-4
3
3
-1
7
1
2
8
0
-1
8
-5
5
-1
-3
-1
-3
-1
-6
0
-4
2
-3
-2
3
-3
-2
4
-5
2
4
-8
5
-1
-1
-1
-1
-3
1
-5
-1
0
-1
0
-9
5
-3
-4
2
-1
2
-1
1
3
0
-1
5
3
-2
7
-2
7
0
4
6
0
3
5
-3
7
-7
1
0
-10
3
-4
-2
-3
-3
3
-4
-1
4
-3
5
-1
6
1
2
3
0
3
-3
7
-2
4
4
-4
5
1
-2
3
0
-3
3
-1
-5
1
1
-5
3
-4
4
-2
-3
1
1
-4
2
3
-4
12
-7
5
3
-6
10
-11
9
-4
-9
18
-19
11
-1
-6
10
-14
10
-7
0
6
-12
12
-8
-2
6
-9
2
-2
-5
5
-8
3
0
-5
2
-5
-3
5
-14
2
1
-9
5
-11
5
-2
-3
1
-3
6
-5
3
1
-1
5
-7
6
1
-4
3
0
3
-1
-5
9
-9
0
6
-7
4
0
-4
3
-1
1
-6
7
-3
-1
9
-4
5
6
-5
7
3
-6
9
-4
-2
3
-5
4
-1
-1
5
-1
3
4
0
5
2
0
-2
6
0
-6
8
-6
2
0
-8
7
-9
2
0
-2
6
-5
7
-1
1
3
0
-2
2
-3
-1
4
-11
10
-10
3
4
-12
16
-14
12
-2
-4
17
-13
10
3
-9
9
-2
0
4
-2
5
1
1
-1
1
1
-1
-3
5
-3
-2
-1
-7
5
-12
-1
-1
-7
1
-1
-3
8
-6
1
10
-13
9
-5
-2
5
-12
9
0
-6
6
-5
1
-3
-1
-4
-2
-2
-5
0
-3
-2
-2
6
-11
8
-2
-2
6
-4
3
2
1
-3
9
-4
-4
4
-8
1
-1
-8
3
-6
6
-4
2
11
-6
9
-2
0
9
-9
8
-2
0
-1
-1
2
-1
-3
-1
6
-11
10
-8
9
0
-5
12
-3
5
0
2
4
-2
-4
1
4
-9
11
-5
8
5
-4
10
1
5
-3
7
3
-4
6
-2
2
0
-3
2
-1
0
-8
5
-4
-5
1
-3
5
-7
3
-6
4
-7
-7
10
-9
0
2
5
-3
6
-4
-3
13
-17
7
5
-9
9
-6
3
1
-5
4
-2
2
0
1
-1
4
4
-3
6
-2
3
0
-3
2
-3
-2
0
-5
3
-5
-2
-1
-4
-3
3
1
-7
7
-4
-3
9
-8
4
1
-1
0
3
4
-6
10
0
1
3
2
-2
-2
6
-10
8
-4
-7
4
-8
1
-8
-2
-3
0
-1
-2
4
-1
3
4
0
11
-6
5
-2
-1
7
-14
11
-4
-1
5
-7
9
-6
6
1
-4
9
-11
7
-4
-8
7
-9
4
-4
-1
4
-4
3
4
-4
13
-7
7
7
-9
11
-8
-2
6
-10
-1
0
-2
0
-3
4
-4
8
-7
3
5
-5
3
-6
9
-6
-7
4
-5
0
-4
4
-1
4
-2
-1
17
-12
4
4
-4
6
-8
5
-1
-6
4
-11
9
-9
2
1
-3
7
-4
9
-2
5
2
1
0
0
8
-10
7
0
-6
9
-9
2
5
-5
4
2
3
1
1
4
-6
2
-5
-2
0
-4
-1
7
-9
5
6
-6
8
1
1
6
0
-4
2
-2
-2
-3
-4
1
-6
3
-5
6
-3
6
-5
2
10
-16
10
-5
-3
1
-12
6
-3
-5
-3
-2
4
-11
5
4
-7
11
-4
1
9
-5
-1
5
-7
5
-5
-4
6
-5
0
5
-4
9
-4
4
1
-1
3
-6
1
1
-2
-6
9
-13
5
4
-12
13
-3
-4
12
-8
6
7
-16
16
-5
-7
9
-12
11
-3
-1
10
-1
-2
4
-4
3
0
-8
9
-7
-5
7
-13
3
1
-14
14
-3
-1
4
0
10
-10
11
0
-1
12
-14
7
14
-25
16
6
-24
24
-21
6
9
-22
26
-16
11
-5
-4
15
-21
11
-3
-5
7
2
-9
14
0
-9
16
-8
12
-4
-4
13
-13
1
-6
4
-5
-12
13
-14
7
-5
-5
12
-17
14
-7
3
4
-10
14
-11
4
-4
0
1
-8
6
-6
-1
3
-1
-3
2
5
-5
-5
3
1
-17
10
-15
3
3
-17
24
-15
10
1
8
-1
3
18
-12
11
2
-8
7
-3
-15
24
-21
0
15
-17
18
-18
14
-4
-3
2
0
9
-18
14
-10
-3
9
-16
9
2
-3
-4
5
3
-2
-1
7
3
0
-2
-10
20
-26
-1
13
-17
11
-12
6
8
-1
-10
22
0
-10
15
3
-9
15
-12
5
6
-7
8
-6
7
-3
-1
2
3
-3
13
-15
19
-11
-10
22
-21
7
2
-3
7
-7
1
9
0
-7
9
6
-5
1
2
-4
7
-13
-1
9
-30
20
-11
-9
16
-23
24
-14
-1
14
-9
12
-6
1
5
-3
-2
-6
1
1
-2
-3
2
9
-8
-7
20
-15
-2
8
-14
8
-7
-11
1
-7
-9
-3
4
-14
10
-10
4
16
-19
20
-2
5
7
-8
12
5
-14
6
7
-18
16
-19
4
18
-22
17
0
-1
13
-16
18
-1
-13
19
-16
8
0
-11
4
8
-8
6
9
-6
20
-14
9
8
-12
9
-16
12
2
-27
16
2
-12
10
-6
6
2
-6
1
13
-19
2
8
-14
9
-15
15
-2
-16
22
-18
10
6
-14
15
4
-12
9
-2
-14
14
-9
2
9
-4
-3
12
-3
-4
8
5
0
3
1
9
-3
-11
11
-2
-2
-3
-3
2
-6
-10
7
-7
-8
4
-6
-4
0
-8
-3
8
-11
-1
6
-8
-4
0
-1
2
-6
-3
6
-6
-6
-4
-3
8
-10
-1
11
-9
1
-2
-1
2
-3
-6
12
-7
6
4
-2
12
-4
12
5
8
10
7
8
3
5
2
-2
2
-2
5
-6
8
-1
-11
18
-12
1
10
-10
14
-7
3
8
-11
9
2
-8
11
-6
2
5
-9
7
-1
-2
-1
2
-6
5
1
-13
7
-10
-4
0
-12
0
-2
-1
-5
2
2
-3
5
-5
7
6
-6
12
-4
3
6
-8
3
5
-4
1
8
-7
3
1
-6
5
-1
-1
6
-4
-1
-1
-7
0
-10
-2
4
-10
1
-3
-5
3
-10
0
-2
-4
2
-7
-2
-5
-7
-1
-8
0
-2
-7
1
-5
-3
-1
-3
-2
3
-1
-1
1
0
-2
1
0
1
6
-1
6
3
2
8
2
6
6
4
10
7
1
7
2
5
1
2
3
1
4
1
7
2
4
8
5
7
3
8
3
0
8
0
3
3
1
3
-1
-2
3
-1
2
3
0
3
2
-2
0
1
-4
-3
-4
-6
-7
-10
-7
-8
-10
-7
-7
-5
-6
-9
-7
-7
-7
-6
-9
-5
-8
-7
-5
-8
-4
-7
-2
2
-2
6
4
5
8
5
5
5
6
5
6
7
4
5
5
3
8
2
5
10
2
4
5
3
2
2
0
5
1
0
2
1
0
-2
-1
-2
-1
-4
-3
-4
-8
-7
-8
-9
-12
-15
-16
-16
-22
-21
-18
-21
-19
-18
-17
-17
-15
-16
-10
-7
-7
-2
1
3
6
10
13
13
16
17
16
21
18
23
23
24
28
27
32
31
31
34
34
34
34
36
34
35
33
35
33
32
32
29
27
22
21
16
17
13
10
9
6
1
-2
0
-6
-7
-6
-5
-7
-10
-11
-11
-16
-20
-19
-20
-26
-28
-32
-36
-44
-53
-59
-70
-76
-83
-87
-96
-100
-110
-115
-120
-127
-118
-121
-124
-117
-127
-141
-144
-160
-159
-154
-161
-147
-136
-134
-127
-122
-109
-96
-70
-36
1
43
77
117
151
181
217
249
285
328
360
393
420
421
430
425
416
414
399
396
384
358
336
300
253
216
175
148
127
108
95
87
72
47
30
18
0
-1
-6
0
5
-7
-20
-28
-56
-83
-91
-104
-115
-115
-125
-143
-187
-244
-277
-311
-357
-386
-417
-465
-518
-600
-669
-710
-753
-780
-763
-762
-779
-860
-995
-1125
-1243
-1300
-1295
-1241
-1135
-1003
-883
-802
-717
-585
-416
-158
193
605
1064
1471
1765
1959
2063
2142
2219
2310
2420
2524
2542
2407
2121
1688
1175
624
101
-333
-645
-890
-1111
-1357
-1641
-1917
-2146
-2265
-2203
-1934
-1508
-1011
-511
-70
286
559
794
1056
1387
1778
2168
2464
2587
2492
2185
1740
1243
791
411
95
-194
-571
-1040
-1611
-2245
-2802
-3191
-3337
-3236
-2954
-2549
-2149
-1806
-1492
-1178
-790
-286
350
1084
1804
2387
2775
2957
2939
2787
2594
2423
2303
2174
2014
1772
1385
904
361
-143
-509
-750
-835
-803
-735
-644
-592
-554
-486
-354
-119
197
581
963
1258
1410
1369
1201
1007
784
563
344
70
-296
-800
-1443
-2158
-2875
-3544
-4096
-4498
-4773
-4978
-5238
-5652
-6158
-6570
-6660
-6369
-5779
-4909
-3827
-2693
-1659
-767
110
1055
2046
3131
4337
5581
6674
7377
7630
7521
7135
6650
6193
5750
5321
4848
4208
3330
2228
1010
-181
-1250
-2083
-2565
-2718
-2677
-2626
-2633
-2661
-2619
-2404
-1930
-1139
-85
1065
2121
2961
3553
3909
4061
4081
4105
4187
4280
4251
3963
3352
2428
1277
46
-1088
-2025
-2740
-3314
-3831
-4315
-4808
-5333
-5808
-6099
-6145
-5920
-5438
-4696
-3808
-2962
-2210
-1496
-729
74
884
1768
2681
3453
4003
4298
4328
4037
3438
2738
2045
1403
815
221
-403
-1089
-1785
-2341
-2673
-2765
-2611
-2233
-1632
-919
-191
522
1162
1734
2253
2729
3181
3593
3899
4009
3887
3562
3045
2362
1629
975
430
-106
-728
-1481
-2328
-3267
-4298
-5265
-6015
-6491
-6722
-6740
-6578
-6506
-6817
-7379
-7711
-7440
-6606
-5451
-4034
-2400
-783
539
1517
2384
3269
4142
5063
6141
7315
8275
8639
8289
7418
6340
5299
4370
3609
2999
2408
1664
661
-542
-1796
-2896
-3691
-4026
-3815
-3120
-2172
-1299
-708
-326
109
771
1691
2831
4130
5410
6340
6710
6626
6260
5641
4856
4124
3614
3259
2758
1884
648
-845
-2430
-3840
-4821
-5295
-5365
-5206
-4981
-4797
-4670
-4583
-4438
-4077
-3405
-2352
-1009
325
1349
1803
1647
1144
595
242
161
221
292
208
-137
-734
-1507
-2329
-3038
-3416
-3292
-2752
-2085
-1544
-1284
-1275
-1348
-1247
-776
18
921
1754
2478
3052
3366
3381
3192
2958
2814
2787
2870
2943
2771
2221
1343
407
-305
-761
-1040
-1238
-1384
-1476
-1592
-1788
-1982
-2166
-2420
-2761
-3061
-3108
-2941
-2873
-3069
-3338
-3403
-3348
-3675
-4614
-5707
-6283
-6130
-5606
-4972
-4078
-2959
-2040
-1572
-1208
-398
861
2138
3303
4620
6165
7498
8084
7904
7411
6978
6635
6273
5909
5591
5121
4187
2745
1128
-228
-1229
-2029
-2629
-2852
-2644
-2330
-2237
-2329
-2300
-1893
-1134
-137
1143
2662
4063
4907
5127
5109
5148
5156
4982
4696
4467
4193
3563
2481
1125
-312
-1755
-3098
-4081
-4522
-4612
-4690
-4906
-5180
-5345
-5343
-5112
-4514
-3532
-2292
-1060
-65
671
1173
1456
1559
1578
1663
1739
1550
946
-39
-1247
-2537
-3719
-4503
-4763
-4636
-4337
-3987
-3599
-3198
-2778
-2208
-1342
-189
1098
2324
3357
4128
4584
4752
4751
4710
4689
4683
4581
4338
3905
3228
2334
1370
528
-120
-596
-999
-1378
-1689
-1909
-2049
-2166
-2200
-2015
-1650
-1304
-1104
-1026
-1070
-1402
-2052
-2745
-3281
-3734
-4139
-4282
-4063
-4021
-4863
-6410
-7679
-7948
-7428
-6627
-5541
-3982
-2287
-1024
-275
438
1457
2607
3806
5315
7199
8952
9821
9589
8723
7730
6803
5938
5177
4605
4071
3257
1955
280
-1425
-2887
-3994
-4607
-4592
-3927
-2928
-2088
-1644
-1400
-965
-151
973
2338
3954
5603
6833
7333
7240
6897
6385
5624
4786
4168
3756
3133
1956
331
-1456
-3206
-4806
-6074
-6797
-6980
-6838
-6571
-6236
-5828
-5392
-4932
-4298
-3286
-1898
-348
1078
2215
3018
3433
3486
3372
3202
2949
2591
2119
1383
36
-1968
-4064
-5690
-6719
-7248
-7289
-6846
-6273
-5869
-5474
-4797
-3778
-2524
-926
1132
3284
5003
6038
6560
6806
6797
6663
6576
6557
6416
5915
5055
3985
2769
1459
187
-780
-1304
-1587
-1893
-2332
-2748
-3066
-3322
-3353
-2969
-2242
-1551
-1053
-586
-132
89
-21
-310
-655
-1095
-1627
-2137
-2572
-2939
-3185
-3483
-4459
-6298
-8093
-8707
-8126
-7353
-6675
-5477
-3711
-2206
-1463
-841
457
2227
3860
5366
7198
9137
10224
9928
8842
7895
7254
6523
5592
4781
4146
3151
1403
-740
-2596
-3866
-4706
-5132
-4875
-3987
-2953
-2250
-1891
-1476
-687
555
2108
3769
5429
6937
7934
8091
7566
6899
6355
5731
4830
3854
2985
1932
368
-1558
-3352
-4754
-5930
-6932
-7466
-7372
-6913
-6473
-6038
-5334
-4369
-3355
-2314
-1047
499
2047
3233
3948
4324
4432
4166
3545
2822
2145
1210
-390
-2421
-4238
-5579
-6650
-7528
-7907
-7686
-7255
-6829
-6234
-5317
-4271
-3258
-1931
9
2221
4043
5165
5831
6312
6667
6926
7178
7395
7338
6832
6000
5058
4029
2818
1486
293
-570
-1150
-1626
-2160
-2878
-3726
-4428
-4636
-4282
-3625
-2879
-2126
-1399
-795
-398
-112
97
152
-12
-337
-652
-1055
-1741
-2549
-3053
-3239
-3910
-5597
-7538
-8441
-8084
-7377
-6766
-5738
-4028
-2369
-1501
-947
251
2121
3938
5412
7022
8910
10255
10263
9196
8039
7296
6629
5694
4713
3974
3137
1599
-536
-2532
-3841
-4560
-4955
-4948
-4426
-3539
-2700
-2175
-1736
-955
361
1976
3533
5032
6559
7803
8254
7836
7135
6587
5972
4991
3826
2799
1733
185
-1767
-3588
-5015
-6219
-7324
-8042
-8054
-7490
-6735
-5981
-5123
-4100
-3092
-2167
-1064
425
2101
3497
4337
4738
4850
4597
3909
2829
1479
-125
-1999
-3729
-4828
-5372
-5851
-6583
-7239
-7386
-7094
-6469
-5497
-4201
-2738
-1330
132
1734
3223
4282
4862
5307
5892
6563
7105
7339
7155
6516
5588
4618
3761
2951
1974
872
-130
-919
-1597
-2370
-3185
-3812
-4181
-4269
-4003
-3412
-2693
-2109
-1616
-1012
-427
-48
61
-90
-420
-864
-1225
-1457
-1796
-2173
-2319
-2543
-3752
-6056
-8079
-8456
-7568
-6713
-6049
-4794
-2983
-1686
-1391
-1072
247
2102
3706
5180
7165
9298
10245
9511
8060
7090
6740
6300
5558
4908
4375
3375
1513
-715
-2508
-3615
-4318
-4690
-4449
-3609
-2615
-2003
-1811
-1580
-923
331
1963
3654
5289
6668
7520
7614
7106
6486
5878
5017
3829
2711
1985
1289
-15
-1970
-3961
-5530
-6699
-7495
-7672
-7113
-6219
-5536
-5044
-4391
-3502
-2633
-1902
-937
573
2324
3710
4406
4584
4357
3417
1682
-198
-1463
-2110
-2686
-3339
-3774
-4128
-4863
-5868
-6426
-6160
-5406
-4438
-3041
-1269
251
1011
1260
1624
2350
3299
4334
5411
6299
6684
6497
5996
5510
5043
4436
3795
3336
3028
2483
1426
82
-1215
-2315
-3175
-3624
-3560
-3285
-3187
-3360
-3472
-3247
-2826
-2419
-2163
-2049
-1998
-2030
-2163
-2428
-2710
-2653
-2244
-2287
-3591
-5729
-7262
-7368
-6768
-6312
-5609
-4123
-2460
-1701
-1706
-1146
458
2225
3519
4824
6761
8731
9433
8613
7407
6878
6853
6503
5729
5138
4752
3753
1779
-348
-1641
-2206
-2755
-3321
-3407
-2919
-2391
-2266
-2273
-1921
-1033
210
1514
2860
4329
5693
6458
6383
5963
5851
5941
5632
4735
3688
2801
1769
279
-1372
-2733
-3891
-5145
-6281
-6721
-6394
-5896
-5604
-5336
-4842
-4177
-3559
-2864
-1712
-97
1532
2642
3113
3158
2867
2223
1188
-112
-1172
-1686
-1907
-2184
-2598
-3046
-3658
-4504
-5006
-4687
-3779
-2795
-1979
-1188
-415
124
426
783
1392
2193
3046
3923
4771
5361
5493
5167
4627
4248
4195
4247
4056
3514
2767
1857
797
-176
-927
-1580
-2225
-2720
-2829
-2794
-3081
-3573
-3815
-3691
-3507
-3537
-3598
-3594
-3755
-4005
-3920
-3222
-2466
-2845
-4662
-6682
-7404
-6684
-5671
-4972
-4018
-2540
-1317
-966
-815
180
1851
3254
4273
5710
7673
9014
8725
7298
6153
5904
6014
5889
5559
5205
4443
2835
792
-789
-1533
-1881
-2317
-2685
-2585
-2078
-1705
-1793
-1942
-1560
-548
749
2092
3517
4877
5745
5841
5455
5256
5431
5498
4997
4095
3313
2657
1669
199
-1371
-2683
-3863
-5069
-5939
-5995
-5423
-4961
-4966
-5034
-4756
-4178
-3518
-2753
-1637
-213
1061
1753
1853
1671
1226
201
-1086
-1784
-1653
-1303
-1349
-1582
-1688
-2065
-2872
-3470
-3302
-2611
-1986
-1475
-818
-234
-143
-390
-382
142
963
1760
2563
3488
4209
4420
4236
4046
4134
4309
4309
4197
4057
3732
2965
1802
672
-111
-684
-1180
-1553
-1870
-2321
-3001
-3655
-3905
-3791
-3638
-3660
-3783
-3907
-4163
-4522
-4482
-3836
-3468
-4470
-6526
-7968
-7747
-6671
-5933
-5219
-3723
-1837
-812
-797
-396
1116
2914
4150
5205
6883
8737
9337
8300
6827
6184
6274
6147
5589
5166
4877
3936
2046
0
-1305
-1928
-2484
-3029
-3039
-2366
-1615
-1446
-1717
-1736
-1124
-78
1143
2565
4101
5399
6074
6054
5767
5641
5614
5322
4738
4214
3867
3231
1953
330
-1197
-2525
-3815
-4969
-5550
-5393
-4984
-4842
-4986
-5108
-5034
-4837
-4408
-3369
-1766
-190
822
1230
1423
1241
264
-1015
-1705
-1558
-1184
-1116
-1075
-1020
-1433
-2364
-3201
-3264
-2651
-1918
-1218
-401
294
421
-38
-491
-325
417
1290
2101
2866
3517
3750
3452
3129
3168
3340
3388
3422
3645
3739
3199
2210
1279
588
-43
-718
-1122
-1121
-1184
-1747
-2570
-3073
-3255
-3539
-4024
-4431
-4607
-4802
-4957
-4685
-4360
-4996
-6853
-8638
-8808
-7612
-6407
-5469
-4051
-2095
-710
-483
-327
941
2815
4172
5133
6697
8810
9810
8676
6705
5697
5792
5767
5051
4461
4326
3685
1872
-316
-1550
-1850
-2307
-3116
-3353
-2475
-1340
-1041
-1365
-1332
-636
211
967
2132
3913
5546
6206
6009
5820
6017
6122
5674
4917
4402
4176
3748
2802
1518
180
-1213
-2752
-4144
-4866
-4871
-4694
-4739
-4905
-4884
-4676
-4583
-4584
-4136
-2888
-1212
198
1111
1556
1129
-245
-1616
-2055
-1688
-1246
-982
-672
-457
-718
-1391
-2049
-2361
-2316
-2004
-1327
-281
634
789
90
-775
-1034
-542
339
1302
2223
2854
2874
2402
2039
2095
2254
2204
2148
2360
2630
2550
2079
1471
832
193
-287
-479
-578
-893
-1362
-1690
-1891
-2112
-2320
-2613
-3246
-4202
-4932
-4920
-4682
-5377
-7141
-8778
-9196
-8636
-8016
-7306
-5828
-3771
-2133
-1354
-617
959
2903
4197
4960
6314
8516
10178
10023
8675
7640
7263
6678
5538
4696
4594
4289
2784
542
-1107
-1809
-2476
-3564
-4357
-4116
-3187
-2569
-2525
-2352
-1633
-725
-6
844
2461
4555
6053
6514
6496
6706
7045
6876
6162
5480
5071
4529
3451
2121
1007
-125
-1762
-3639
-4939
-5323
-5261
-5304
-5437
-5408
-5236
-5138
-5031
-4526
-3419
-2097
-1058
-253
483
744
93
-1078
-1844
-1768
-1162
-376
456
1030
963
263
-624
-1174
-1269
-1132
-841
-347
206
391
-50
-812
-1344
-1382
-996
-244
829
1917
2609
2721
2493
2300
2168
2005
1887
1935
2050
1971
1596
1082
539
-91
-788
-1356
-1635
-1686
-1742
-1875
-1975
-2048
-2221
-2651
-3273
-3768
-3890
-3879
-4454
-5967
-7701
-8597
-8506
-8145
-7762
-6768
-5038
-3450
-2693
-2150
-835
1113
2700
3625
4774
6747
8796
9654
9199
8548
8338
8089
7276
6352
6072
6032
5104
3198
1404
402
-472
-1979
-3557
-4174
-3850
-3463
-3450
-3331
-2743
-2188
-2121
-2029
-992
1044
3111
4467
5339
6192
6928
7118
6776
6457
6467
6444
5905
4983
4148
3264
1765
-366
-2384
-3661
-4405
-5095
-5691
-5967
-6105
-6424
-6793
-6674
-5856
-4762
-3837
-3155
-2593
-2118
-1862
-1740
-1429
-732
161
950
1615
2289
2829
2920
2525
1966
1621
1457
1225
882
533
88
-656
-1591
-2238
-2365
-2231
-2042
-1719
-1091
-273
347
650
880
1175
1425
1526
1609
1847
2088
2089
1829
1515
1298
964
270
-656
-1332
-1485
-1447
-1626
-2012
-2453
-3021
-3891
-4813
-5205
-5162
-5567
-6877
-8314
-8775
-8294
-7799
-7470
-6566
-4845
-3143
-2256
-1646
-295
1674
3251
4135
5189
7028
8822
9361
8813
8382
8577
8618
7838
6883
6578
6484
5550
3767
2273
1638
987
-483
-2196
-3097
-3141
-3245
-3743
-3926
-3352
-2628
-2525
-2707
-2229
-871
590
1623
2601
3941
5303
5997
5997
5964
6259
6497
6285
5789
5388
5011
4231
2950
1541
332
-748
-1921
-3127
-4111
-4839
-5530
-6297
-6889
-7039
-6889
-6844
-7043
-7198
-6982
-6392
-5571
-4482
-3032
-1365
145
1315
2282
3206
4011
4502
4701
4849
5038
5058
4676
3914
2982
1963
828
-281
-1081
-1478
-1656
-1828
-1990
-2040
-2060
-2185
-2393
-2526
-2430
-2106
-1655
-1095
-407
316
875
1073
975
794
611
421
277
312
445
422
84
-499
-1233
-2029
-2751
-3439
-4364
-5756
-7344
-8448
-8792
-8780
-8684
-8184
-7006
-5587
-4623
-4029
-3071
-1497
186
1586
3014
4943
7038
8381
8744
8859
9299
9697
9417
8689
8288
8297
7981
6900
5536
4545
3734
2406
567
-967
-1716
-2126
-2757
-3389
-3476
-3154
-3114
-3564
-3904
-3572
-2740
-1935
-1223
-242
1038
2145
2716
2976
3388
3993
4425
4525
4566
4794
4994
4749
4080
3374
2791
2106
1139
126
-632
-1237
-2008
-2949
-3738
-4212
-4660
-5376
-6244
-6880
-7101
-7037
-6780
-6212
-5277
-4166
-3158
-2289
-1349
-312
594
1234
1766
2432
3190
3781
4089
4186
4113
3791
3228
2667
2340
2175
1910
1434
877
381
-104
-681
-1307
-1857
-2277
-2604
-2812
-2803
-2570
-2295
-2161
-2177
-2198
-2130
-2023
-1948
-1859
-1675
-1414
-1140
-862
-562
-349
-337
-505
-834
-1488
-2631
-4016
-5121
-5722
-6054
-6295
-6240
-5717
-5046
-4727
-4719
-4461
-3622
-2534
-1610
-676
735
2544
4069
4981
5707
6704
7726
8224
8234
8335
8746
8985
8630
7981
7589
7386
6753
5453
4003
2920
2062
1057
23
-612
-870
-1268
-2075
-2890
-3193
-3044
-2937
-3061
-3054
-2584
-1874
-1341
-998
-503
223
849
1114
1246
1603
2103
2367
2309
2269
2452
2618
2463
2038
1576
1100
439
-395
-1122
-1559
-1866
-2320
-2927
-3450
-3780
-4056
-4348
-4518
-4405
-4053
-3667
-3287
-2796
-2196
-1642
-1275
-1014
-692
-341
-91
113
412
849
1268
1494
1618
1745
1830
1772
1582
1403
1313
1203
975
720
560
466
271
-107
-524
-808
-938
-1034
-1171
-1318
-1461
-1672
-1974
-2224
-2245
-2076
-1875
-1705
-1498
-1201
-915
-789
-881
-1268
-2048
-3126
-4156
-4824
-5161
-5386
-5509
-5341
-4898
-4470
-4257
-4061
-3576
-2834
-2143
-1572
-811
338
1585
2551
3313
4261
5431
6332
6679
6813
7200
7712
7852
7604
7492
7724
7830
7318
6379
5560
4940
4135
3052
2132
1710
1439
812
-102
-813
-1151
-1513
-2157
-2775
-2946
-2731
-2544
-2534
-2402
-1939
-1385
-1066
-933
-665
-157
332
611
839
1235
1709
1979
1976
1889
1801
1569
1101
539
95
-222
-584
-1080
-1607
-2040
-2380
-2708
-3006
-3147
-3119
-3059
-3056
-3017
-2804
-2449
-2124
-1914
-1728
-1489
-1224
-996
-783
-512
-222
-7
147
340
587
783
840
793
710
604
506
482
561
682
727
647
499
360
245
88
-151
-427
-677
-895
-1107
-1301
-1428
-1461
-1437
-1419
-1394
-1341
-1253
-1212
-1405
-2009
-3017
-4153
-5055
-5596
-5884
-5978
-5795
-5333
-4826
-4516
-4320
-3956
-3334
-2643
-2027
-1330
-306
965
2136
3031
3829
4722
5571
6083
6281
6515
6941
7340
7475
7458
7540
7663
7457
6797
6018
5437
4925
4211
3361
2700
2305
1869
1164
375
-188
-539
-967
-1567
-2100
-2370
-2498
-2661
-2762
-2550
-2034
-1549
-1325
-1211
-960
-574
-238
28
397
920
1379
1588
1631
1650
1600
1354
944
570
326
59
-338
-806
-1206
-1538
-1910
-2313
-2609
-2750
-2851
-3002
-3121
-3063
-2848
-2629
-2482
-2354
-2194
-2026
-1858
-1610
-1204
-706
-296
-55
102
265
402
461
477
545
676
771
771
727
699
672
599
496
459
506
517
383
115
-173
-445
-775
-1162
-1458
-1526
-1401
-1248
-1178
-1151
-1131
-1222
-1616
-2428
-3540
-4670
-5597
-6264
-6667
-6732
-6374
-5700
-5014
-4523
-4128
-3595
-2867
-2093
-1331
-386
885
2292
3507
4468
5372
6289
6991
7248
7226
7267
7450
7559
7454
7301
7265
7153
6629
5666
4586
3645
2760
1807
963
519
416
261
-177
-720
-1114
-1406
-1775
-2176
-2338
-2140
-1789
-1491
-1166
-637
-14
411
546
613
817
1076
1226
1302
1491
1822
2089
2127
2007
1834
1556
1088
510
9
-348
-688
-1108
-1536
-1847
-2071
-2329
-2629
-2876
-3034
-3165
-3266
-3236
-3007
-2652
-2312
-2040
-1786
-1530
-1334
-1236
-1135
-914
-585
-281
-77
73
225
307
232
64
-105
-169
-179
-199
-176
-61
107
228
263
242
167
-38
-421
-905
-1357
-1715
-1981
-2110
-2025
-1775
-1505
-1310
-1198
-1288
-1889
-3185
-4852
-6263
-7090
-7470
-7543
-7166
-6247
-5156
-4418
-4050
-3571
-2709
-1745
-935
21
1559
3531
5277
6467
7395
8340
9019
9012
8502
8126
8147
8179
7863
7417
7198
6987
6189
4679
3009
1682
596
-539
-1540
-1977
-1905
-1904
-2308
-2794
-2950
-2903
-3034
-3264
-3083
-2266
-1186
-237
664
1761
2889
3594
3753
3746
3884
3995
3809
3451
3288
3337
3225
2724
2024
1344
562
-535
-1789
-2797
-3433
-3951
-4503
-4890
-4914
-4737
-4639
-4615
-4431
-4021
-3555
-3106
-2508
-1636
-678
69
566
1008
1426
1650
1620
1519
1503
1474
1261
919
647
482
240
-227
-771
-1139
-1325
-1489
-1648
-1648
-1452
-1295
-1332
-1416
-1367
-1264
-1318
-1556
-1755
-1794
-1783
-1777
-1684
-1404
-1079
-972
-1158
-1653
-2638
-4241
-6158
-7685
-8367
-8375
-8042
-7360
-6221
-4987
-4168
-3793
-3277
-2235
-914
320
1644
3505
5714
7506
8523
9162
9817
10231
9947
9203
8682
8554
8317
7613
6739
6070
5285
3804
1747
-155
-1472
-2478
-3461
-4111
-4081
-3686
-3575
-3855
-3979
-3591
-2991
-2486
-1816
-583
1044
2481
3498
4406
5359
6047
6171
5952
5814
5764
5452
4782
4037
3401
2663
1558
222
-1021
-2138
-3316
-4541
-5494
-5998
-6299
-6667
-6996
-6990
-6599
-6014
-5274
-4165
-2669
-1112
185
1255
2281
3204
3777
3965
4043
4162
4157
3819
3234
2613
1940
1047
-25
-981
-1650
-2206
-2831
-3414
-3727
-3766
-3724
-3639
-3341
-2775
-2149
-1671
-1320
-959
-625
-461
-440
-409
-322
-293
-367
-435
-454
-553
-867
-1502
-2681
-4625
-7080
-9223
-10350
-10512
-10162
-9413
-8100
-6495
-5299
-4715
-4072
-2711
-844
956
2765
5130
7920
10124
11052
11188
11356
11514
11077
10095
9345
9100
8643
7368
5716
4417
3253
1399
-1140
-3324
-4449
-4958
-5480
-5794
-5383
-4591
-4269
-4434
-4197
-2974
-1283
200
1642
3537
5616
7047
7592
7843
8223
8403
7998
7304
6810
6346
5307
3599
1787
247
-1261
-2932
-4424
-5374
-5995
-6773
-7649
-8154
-8176
-8113
-8148
-7850
-6854
-5414
-3974
-2472
-686
1152
2513
3309
4036
4987
5827
6183
6150
6048
5765
4894
3419
1824
447
-881
-2299
-3498
-4095
-4211
-4352
-4689
-4901
-4746
-4383
-3921
-3176
-1948
-469
774
1648
2282
2655
2567
2045
1459
1123
911
638
336
41
-363
-1005
-1842
-2949
-4638
-7142
-9935
-12010
-12760
-12523
-11856
-10688
-8930
-7108
-5881
-5088
-3787
-1573
959
3327
5854
8851
11666
13188
13255
12776
12393
11874
10829
9614
8815
8090
6563
4111
1592
-392
-2258
-4560
-6775
-7903
-7901
-7592
-7342
-6695
-5463
-4278
-3561
-2765
-1032
1578
4170
6249
8080
9808
10966
11094
10506
9930
9498
8825
7754
6544
5332
3718
1316
-1564
-4228
-6261
-7696
-8632
-8991
-8830
-8564
-8534
-8574
-8296
-7553
-6479
-5110
-3281
-990
1346
3251
4697
5696
6186
6173
5945
5850
5851
5624
4884
3685
2169
338
-1699
-3574
-4927
-5650
-5943
-6014
-5840
-5442
-4961
-4551
-4091
-3265
-1986
-408
1222
2762
4166
5203
5648
5585
5193
4516
3580
2556
1660
823
-172
-1373
-2621
-3758
-4738
-5546
-6215
-7072
-8623
-10822
-12789
-13598
-13203
-12185
-10723
-8557
-5949
-3700
-2152
-669
1441
3935
6147
8097
10304
12618
14008
13790
12556
11294
10188
8800
7060
5470
4208
2646
295
-2334
-4339
-5668
-6996
-8383
-9003
-8318
-6918
-5584
-4276
-2578
-697
758
1893
3493
5864
8343
10117
11164
11816
11931
11146
9610
7956
6585
5322
3922
2480
1065
-655
-3054
-5837
-8122
-9335
-9641
-9368
-8577
-7399
-6280
-5550
-4977
-4059
-2714
-1269
179
1788
3514
4940
5658
5761
5529
5050
4374
3663
3130
2703
1950
648
-989
-2640
-4127
-5422
-6346
-6625
-6315
-5697
-4981
-4197
-3342
-2583
-1948
-1114
193
1856
3473
4769
5702
6271
6430
6220
5759
5032
3888
2398
818
-658
-2089
-3510
-4714
-5624
-6371
-6935
-7036
-6750
-6991
-8645
-11146
-12845
-12816
-11632
-10106
-8065
-5224
-2425
-785
-100
937
2913
5037
6692
8424
10793
13023
13620
12230
10049
8194
6670
5111
3727
2955
2437
1158
-1178
-3659
-5354
-6397
-7371
-8037
-7540
-5778
-3645
-1911
-457
991
2173
2869
3650
5278
7635
9740
10870
11131
10776
9770
8059
6009
4212
2894
1857
830
-241
-1424
-2953
-4993
-7142
-8551
-8658
-7629
-6079
-4392
-2851
-1792
-1400
-1333
-864
179
1438
2624
3710
4677
5165
4826
3831
2610
1449
481
-169
-390
-447
-900
-1973
-3349
-4541
-5313
-5624
-5373
-4538
-3383
-2298
-1456
-739
-14
618
1109
1685
2583
3706
4615
5011
4897
4424
3739
2979
2306
1728
1055
53
-1406
-3133
-4815
-6196
-7047
-7356
-7251
-6792
-6052
-5276
-5277
-6863
-9473
-11426
-11531
-10103
-8178
-5904
-3074
-477
795
833
1035
2337
4097
5657
7411
9702
11779
12213
10590
8096
5936
4422
3326
2572
2392
2337
1435
-618
-3015
-4663
-5400
-5861
-6013
-5116
-3048
-750
783
1578
2147
2527
2668
3161
4714
7124
9190
10065
9826
8885
7404
5431
3419
1960
1192
813
481
-7
-819
-2336
-4583
-6813
-7936
-7456
-5862
-3910
-2008
-543
-19
-365
-834
-603
354
1514
2632
3622
4190
3994
2944
1474
139
-752
-1042
-790
-297
-38
-460
-1524
-2777
-3726
-4046
-3740
-2942
-1852
-790
-12
359
435
429
443
627
1122
1939
2849
3469
3544
3060
2271
1505
942
594
328
-33
-618
-1611
-3009
-4445
-5576
-6156
-6200
-5916
-5354
-4483
-3463
-3179
-4813
-8043
-10836
-11526
-10343
-8561
-6486
-3780
-1265
-322
-837
-1096
115
2106
3884
5843
8568
11275
12249
10790
8170
6004
4767
4157
3908
4104
4374
3596
1296
-1601
-3702
-4633
-5159
-5471
-4802
-2969
-964
117
389
590
774
788
1246
2965
5712
8119
9152
8977
8154
6908
5353
3891
2978
2613
2403
2081
1548
654
-896
-3215
-5723
-7285
-7158
-5648
-3723
-2143
-1207
-1132
-1868
-2758
-2906
-2061
-743
558
1774
2721
2854
2006
729
-260
-672
-540
177
1275
2055
1857
667
-874
-2020
-2401
-2034
-1230
-365
293
592
490
120
-231
-318
-102
414
1251
2173
2734
2612
1941
1202
730
565
658
904
983
536
-586
-2033
-3307
-4241
-4845
-5110
-5002
-4563
-3969
-3334
-2964
-3773
-6331
-9615
-11645
-11398
-9732
-7870
-5891
-3674
-2007
-1662
-1991
-1462
390
2635
4768
7222
10018
11982
11745
9516
6952
5370
4830
4759
4819
4884
4305
2312
-722
-3368
-4632
-4911
-5041
-4865
-3707
-1863
-486
-124
-168
48
454
1079
2576
5197
7951
9448
9374
8454
7331
6160
5013
4089
3568
3297
2870
1998
695
-876
-2711
-4864
-6835
-7624
-6790
-5044
-3547
-2770
-2484
-2559
-2952
-3101
-2339
-770
808
1837
2496
2876
2613
1671
643
113
162
562
1158
1686
1608
662
-769
-1972
-2480
-2297
-1728
-1096
-626
-437
-551
-813
-933
-759
-303
265
905
1664
2342
2627
2442
2046
1803
1795
1918
2070
2020
1487
399
-941
-2064
-2855
-3627
-4482
-5152
-5400
-5275
-4911
-4251
-3534
-3878
-6183
-9476
-11550
-11276
-9659
-8037
-6262
-3890
-1766
-1000
-1164
-605
1281
3484
5413
7635
10295
12078
11500
8917
6277
4843
4354
4050
3744
3460
2583
502
-2215
-4185
-4787
-4740
-4746
-4328
-2802
-640
945
1537
1883
2538
3261
3998
5318
7383
9225
9663
8741
7397
6076
4557
2801
1276
341
-184
-784
-1612
-2509
-3452
-4629
-6034
-7014
-6693
-5048
-3010
-1398
-326
434
812
739
756
1364
2228
2713
2719
2517
1972
656
-1157
-2617
-3257
-3202
-2758
-2103
-1514
-1401
-1769
-2223
-2288
-1759
-845
157
1006
1567
1870
1917
1732
1559
1535
1640
1771
1846
1946
1910
1519
961
583
572
774
898
972
931
476
-424
-1499
-2323
-2801
-3204
-3614
-3994
-4289
-4378
-4241
-3843
-3098
-2273
-2230
-3946
-7010
-9431
-9774
-8678
-7537
-6456
-4775
-3033
-2522
-2974
-2689
-910
1305
3030
4853
7293
9201
9019
6922
4718
3719
3629
3648
3544
3312
2523
786
-1338
-2625
-2624
-2092
-1710
-1115
314
2193
3431
3710
3752
4126
4673
5253
6199
7601
8671
8515
7274
5786
4468
3076
1527
270
-372
-681
-1074
-1619
-2215
-2948
-3849
-4532
-4562
-3883
-2790
-1642
-628
150
648
887
888
717
498
365
321
205
-217
-1074
-2286
-3546
-4437
-4658
-4268
-3534
-2715
-1943
-1277
-791
-366
153
806
1480
2095
2629
3071
3275
3041
2443
1722
1069
591
302
240
307
311
204
115
157
367
656
832
773
544
315
139
-142
-604
-1121
-1653
-2264
-2928
-3442
-3652
-3639
-3525
-3241
-2632
-1915
-1975
-3729
-6820
-9435
-10054
-9064
-7835
-6732
-5240
-3680
-3131
-3465
-3114
-1290
949
2589
4176
6432
8442
8576
6759
4629
3536
3356
3340
3232
3078
2520
1092
-832
-2063
-1931
-1039
-263
475
1762
3383
4399
4533
4491
4784
5222
5617
6311
7386
8061
7526
5972
4269
2896
1766
826
212
-152
-616
-1334
-2075
-2653
-3151
-3606
-3745
-3280
-2409
-1572
-940
-371
167
443
388
251
226
139
-217
-739
-1200
-1659
-2321
-3089
-3692
-3990
-4096
-4034
-3623
-2820
-1785
-752
144
803
1172
1395
1744
2313
2915
3301
3310
2949
2280
1457
677
89
-181
-158
22
204
318
351
225
-9
-113
72
452
846
1182
1360
1159
466
-488
-1467
-2343
-3070
-3604
-3802
-3671
-3331
-3011
-2751
-2286
-1658
-1812
-3774
-6946
-9227
-9371
-8368
-7595
-6879
-5497
-4126
-4060
-4778
-4382
-2301
132
2017
4100
6805
8725
8316
6181
4375
3968
4289
4426
4370
4240
3543
1832
-241
-1382
-1215
-597
-179
442
1748
3196
3847
3784
3869
4430
5066
5573
6267
7105
7303
6389
4918
3740
2976
2124
1037
132
-377
-774
-1396
-2155
-2765
-3213
-3560
-3573
-2956
-1906
-1115
-999
-1205
-1174
-836
-504
-293
-80
98
75
-157
-455
-913
-1751
-2835
-3641
-3854
-3589
-3062
-2393
-1741
-1291
-955
-433
395
1312
2119
2854
3530
3928
3793
3124
2120
1050
178
-266
-279
-143
-152
-370
-613
-729
-698
-501
-73
604
1293
1805
2104
2193
2021
1487
845
271
-251
-840
-1587
-2331
-3119
-3906
-4530
-4840
-4805
-4665
-4318
-3627
-2921
-3358
-5599
-8368
-9674
-8922
-7558
-6590
-5504
-4029
-3023
-3239
-3500
-2326
-33
2123
3832
5851
7904
8571
7128
4769
3260
2995
3245
3322
3346
3259
2442
714
-1027
-1551
-895
29
994
2492
4411
5662
5625
5048
4947
5312
5656
6022
6685
7246
6790
5260
3511
2189
1201
227
-568
-907
-997
-1328
-2082
-2894
-3380
-3557
-3509
-3053
-2130
-1194
-803
-874
-858
-524
-118
171
460
719
639
49
-680
-1245
-1781
-2460
-2994
-2943
-2586
-2370
-2327
-2176
-1807
-1348
-691
230
1189
1814
1964
1863
1719
1605
1468
1226
844
404
75
-112
-210
-312
-372
-268
-55
299
741
1225
1531
1434
1166
1017
1133
1210
951
353
-358
-1024
-1668
-2163
-2623
-3155
-3807
-4355
-4516
-4474
-4209
-3709
-3070
-2470
-1961
-1633
-2142
-3938
-6228
-7345
-6760
-5594
-4949
-4664
-4109
-3665
-3844
-3934
-2791
-410
1889
3347
4561
5846
6399
5500
3838
2923
3194
3728
3882
3893
3875
3263
1718
240
33
982
2036
2700
3391
4265
4727
4396
3911
3964
4471
4828
4908
5169
5516
5295
4285
3092
2288
1689
939
226
-147
-384
-1043
-2155
-3000
-3075
-2721
-2530
-2434
-2002
-1269
-879
-934
-866
-423
-65
-181
-273
88
471
225
-536
-1287
-1867
-2379
-2694
-2564
-2240
-2134
-2337
-2443
-2101
-1427
-649
25
580
964
1182
1328
1497
1600
1448
1058
633
415
296
101
-151
-254
-34
356
716
963
1086
1014
721
394
324
494
549
315
-101
-478
-844
-1320
-1705
-1927
-2201
-2773
-3526
-3933
-3981
-4013
-4113
-3956
-3281
-2454
-1734
-1237
-1340
-2661
-4949
-6686
-6760
-5694
-4941
-4721
-4250
-3490
-3257
-3714
-3546
-1878
398
2098
3310
4787
6034
5784
4199
2958
3209
4221
4800
4884
4977
4809
3695
2052
1209
1744
2669
3040
3178
3658
4186
4006
3343
3187
3824
4586
4867
4913
5107
5105
4400
3174
2130
1493
885
168
-293
-329
-437
-1069
-1944
-2435
-2423
-2325
-2226
-1875
-1261
-789
-768
-854
-637
-238
-75
-205
-209
-32
-116
-723
-1477
-1872
-2022
-2239
-2558
-2745
-2800
-2968
-3141
-3010
-2406
-1581
-803
-130
447
944
1302
1529
1674
1752
1731
1597
1407
1199
940
538
48
-313
-414
-299
-166
-118
-176
-313
-381
-304
-119
79
174
87
-149
-404
-577
-747
-1062
-1460
-1872
-2365
-2934
-3415
-3539
-3367
-3106
-2746
-2345
-2015
-1858
-1676
-1253
-973
-1481
-3013
-4803
-5830
-5923
-5762
-5886
-5842
-5227
-4527
-4346
-4223
-3084
-1023
877
2206
3614
5323
6365
6028
5077
4871
5606
6319
6371
6014
5660
4966
3524
1904
1178
1641
2286
2394
2405
2802
3142
2773
2200
2392
3268
3935
4085
4250
4616
4654
4046
3302
3001
3016
2811
2192
1492
953
315
-653
-1646
-2141
-2129
-2135
-2339
-2377
-2083
-1899
-2137
-2487
-2459
-2117
-1918
-1869
-1672
-1254
-992
-1191
-1533
-1615
-1476
-1477
-1662
-1745
-1659
-1671
-1888
-1985
-1747
-1329
-963
-627
-229
67
54
-165
-263
-70
262
504
588
579
512
357
203
248
559
926
1112
1156
1184
1148
885
493
218
118
36
-161
-387
-619
-928
-1350
-1785
-2077
-2196
-2202
-2161
-2090
-2036
-2035
-2113
-2198
-2197
-2093
-1895
-1645
-1405
-1282
-1266
-1294
-1406
-1774
-2532
-3443
-4133
-4381
-4296
-4047
-3502
-2657
-1872
-1596
-1699
-1565
-922
-48
740
1497
2351
3119
3477
3418
3248
3191
3206
3232
3431
3898
4381
4470
4096
3555
3179
3087
3227
3514
3833
4096
4213
4121
3844
3500
3225
3048
2948
2959
3095
3207
3096
2721
2275
1978
1804
1656
1530
1453
1317
949
393
-134
-518
-808
-1090
-1342
-1556
-1763
-2001
-2255
-2486
-2675
-2805
-2913
-2962
-2921
-2817
-2764
-2832
-2914
-2922
-2829
-2704
-2581
-2465
-2415
-2457
-2519
-2456
-2255
-2067
-1958
-1813
-1492
-1072
-732
-477
-204
149
471
680
867
1067
1202
1130
925
765
685
637
535
465
464
481
485
482
596
779
911
915
845
821
807
749
643
567
540
470
309
117
-81
-340
-757
-1287
-1706
-1921
-1999
-2101
-2221
-2282
-2302
-2359
-2456
-2465
-2450
-2594
-2946
-3307
-3472
-3460
-3382
-3319
-3295
-3296
-3264
-3114
-2852
-2558
-2281
-1947
-1430
-712
102
838
1398
1799
2179
2671
3289
3994
4680
5218
5525
5677
5849
6066
6201
6125
5924
5796
5799
5833
5745
5530
5244
4937
4656
4447
4341
4217
3946
3523
3103
2808
2580
2298
1872
1344
808
338
-38
-349
-604
-818
-1032
-1320
-1744
-2246
-2751
-3207
-3619
-3941
-4130
-4269
-4470
-4765
-5046
-5237
-5368
-5473
-5496
-5335
-4989
-4546
-4116
-3774
-3561
-3438
-3278
-2962
-2448
-1827
-1273
-907
-707
-547
-353
-178
-67
27
201
452
690
830
871
851
795
799
988
1408
1887
2203
2323
2379
2492
2629
2731
2770
2742
2642
2490
2332
2162
1911
1528
1070
669
370
100
-215
-573
-925
-1288
-1683
-2073
-2370
-2549
-2672
-2735
-2682
-2478
-2276
-2269
-2472
-2732
-2949
-3206
-3519
-3729
-3661
-3413
-3223
-3200
-3244
-3193
-2994
-2656
-2162
-1523
-830
-208
317
827
1348
1818
2171
2492
2921
3488
4104
4638
5042
5291
5421
5515
5651
5847
6009
6060
6005
5917
5805
5597
5240
4820
4451
4175
3961
3793
3654
3427
3029
2539
2165
1966
1806
1547
1212
868
485
8
-504
-949
-1345
-1785
-2288
-2750
-3117
-3454
-3833
-4228
-4584
-4866
-5069
-5171
-5170
-5106
-5058
-5073
-5109
-5065
-4876
-4598
-4322
-4058
-3795
-3577
-3444
-3317
-3064
-2667
-2262
-1923
-1570
-1172
-784
-458
-164
167
516
796
1006
1222
1486
1733
1904
2034
2176
2298
2353
2348
2353
2406
2488
2550
2577
2577
2523
2393
2201
2009
1831
1620
1382
1198
1117
1051
873
558
176
-210
-570
-882
-1117
-1305
-1523
-1782
-2009
-2143
-2205
-2228
-2214
-2174
-2139
-2124
-2119
-2155
-2309
-2612
-2950
-3186
-3256
-3216
-3123
-2996
-2847
-2675
-2467
-2169
-1749
-1228
-659
-66
544
1156
1722
2212
2647
3054
3445
3810
4150
4451
4714
4918
5090
5229
5292
5252
5163
5137
5198
5282
5305
5259
5142
4951
4709
4499
4357
4188
3872
3390
2853
2341
1827
1261
673
125
-356
-791
-1212
-1619
-2030
-2465
-2898
-3240
-3423
-3488
-3583
-3816
-4141
-4448
-4684
-4865
-5002
-5065
-5030
-4949
-4888
-4862
-4857
-4860
-4832
-4691
-4366
-3917
-3490
-3165
-2893
-2584
-2221
-1843
-1454
-1054
-669
-311
64
475
853
1090
1171
1207
1305
1492
1727
1956
2130
2229
2263
2288
2347
2425
2492
2513
2519
2565
2630
2622
2508
2350
2216
2101
1971
1845
1744
1599
1319
923
525
217
-30
-268
-486
-655
-835
-1113
-1479
-1798
-1968
-2020
-2037
-2023
-1963
-1906
-1925
-2041
-2212
-2420
-2669
-2903
-3015
-2951
-2786
-2660
-2649
-2680
-2628
-2414
-2030
-1524
-985
-502
-114
210
521
827
1104
1366
1699
2165
2729
3274
3707
4021
4258
4485
4747
5029
5276
5404
5369
5214
5032
4873
4706
4458
4118
3742
3408
3122
2853
2593
2338
2090
1814
1503
1177
848
512
182
-122
-405
-699
-1035
-1420
-1830
-2221
-2571
-2898
-3219
-3533
-3818
-4071
-4321
-4555
-4725
-4803
-4826
-4815
-4749
-4606
-4432
-4272
-4109
-3906
-3658
-3409
-3177
-2933
-2646
-2345
-2047
-1747
-1426
-1103
-805
-522
-206
154
513
818
1033
1188
1327
1467
1607
1757
1919
2078
2222
2358
2508
2671
2808
2898
2950
2983
3006
2996
2930
2820
2681
2507
2305
2094
1864
1604
1304
987
667
350
29
-309
-633
-933
-1200
-1452
-1705
-1945
-2158
-2318
-2404
-2421
-2374
-2283
-2170
-2048
-1910
-1768
-1657
-1634
-1725
-1901
-2114
-2332
-2512
-2632
-2701
-2724
-2697
-2593
-2399
-2125
-1792
-1425
-1036
-606
-102
471
1055
1568
1982
2331
2668
3019
3383
3726
4000
4189
4330
4467
4604
4712
4760
4744
4686
4612
4531
4423
4260
4022
3750
3500
3279
3046
2786
2495
2164
1786
1386
991
593
166
-295
-747
-1154
-1531
-1906
-2263
-2581
-2847
-3063
-3231
-3354
-3461
-3570
-3685
-3793
-3880
-3951
-4017
-4073
-4086
-4032
-3923
-3799
-3681
-3561
-3408
-3209
-2972
-2709
-2435
-2169
-1906
-1604
-1244
-844
-462
-138
136
400
674
958
1231
1478
1683
1843
1973
2080
2146
2162
2150
2149
2181
2231
2270
2265
2224
2172
2125
2083
2037
1990
1936
1859
1742
1591
1424
1241
1033
809
609
465
335
162
-79
-373
-698
-1051
-1414
-1745
-2002
-2212
-2429
-2661
-2854
-2967
-3005
-3002
-2942
-2792
-2550
-2250
-1958
-1730
-1622
-1668
-1824
-1963
-1976
-1856
-1693
-1579
-1536
-1516
-1448
-1265
-963
-589
-212
135
487
872
1260
1606
1898
2168
2472
2863
3320
3768
4116
4319
4414
4473
4537
4610
4654
4631
4518
4322
4087
3845
3592
3303
2970
2646
2374
2148
1939
1706
1432
1124
784
431
91
-208
-463
-693
-935
-1194
-1457
-1722
-1978
-2188
-2333
-2437
-2566
-2752
-2962
-3149
-3291
-3391
-3462
-3507
-3540
-3561
-3548
-3466
-3329
-3178
-3029
-2860
-2641
-2381
-2123
-1914
-1741
-1555
-1320
-1013
-660
-321
-40
171
345
523
734
962
1173
1343
1470
1569
1653
1721
1768
1802
1843
1908
1996
2064
2067
1998
1876
1738
1624
1545
1487
1401
1250
1042
815
598
388
173
-47
-243
-407
-551
-711
-908
-1131
-1360
-1548
-1666
-1725
-1785
-1886
-2004
-2079
-2080
-2018
-1914
-1782
-1629
-1465
-1280
-1073
-864
-705
-616
-569
-541
-558
-664
-844
-1028
-1146
-1179
-1138
-1045
-903
-743
-583
-405
-178
105
402
700
1011
1348
1666
1903
2062
2206
2379
2562
2728
2868
2992
3096
3177
3252
3325
3365
3338
3245
3143
3068
2985
2844
2627
2373
2122
1903
1699
1497
1288
1048
791
554
364
187
-33
-296
-556
-777
-950
-1097
-1246
-1427
-1638
-1855
-2047
-2190
-2298
-2400
-2511
-2622
-2710
-2771
-2785
-2746
-2678
-2582
-2464
-2323
-2164
-2009
-1875
-1748
-1593
-1390
-1160
-928
-717
-513
-329
-159
-1
132
252
344
420
513
626
739
807
813
774
731
719
741
781
819
842
862
897
942
973
961
909
848
789
746
706
645
540
391
229
88
-29
-131
-226
-313
-401
-505
-629
-769
-918
-1082
-1251
-1398
-1508
-1581
-1639
-1685
-1699
-1667
-1601
-1510
-1383
-1212
-1022
-846
-703
-593
-520
-520
-601
-740
-875
-982
-1071
-1133
-1157
-1127
-1034
-878
-655
-379
-84
201
486
796
1129
1450
1724
1947
2151
2355
2569
2780
2960
3097
3193
3265
3327
3379
3400
3359
3265
3150
3042
2941
2817
2646
2435
2206
1986
1786
1615
1451
1258
1027
772
528
312
125
-42
-208
-381
-557
-724
-871
-1011
-1152
-1301
-1463
-1618
-1754
-1864
-1963
-2095
-2269
-2455
-2610
-2704
-2741
-2738
-2725
-2718
-2714
-2682
-2587
-2435
-2251
-2057
-1854
-1628
-1396
-1167
-944
-730
-521
-319
-119
86
279
421
492
511
514
513
504
492
494
513
537
555
571
612
671
729
794
880
974
1045
1070
1049
999
921
810
680
554
442
329
198
54
-86
-226
-366
-493
-588
-651
-702
-771
-866
-982
-1117
-1258
-1378
-1456
-1483
-1471
-1440
-1383
-1305
-1207
-1076
-905
-688
-447
-200
34
243
405
499
506
418
257
75
-82
-185
-246
-295
-335
-355
-332
-244
-95
105
328
564
807
1056
1293
1487
1624
1714
1800
1893
1987
2066
2128
2173
2201
2220
2238
2257
2254
2226
2187
2147
2115
2068
1992
1887
1771
1646
1500
1340
1181
1032
886
732
568
395
214
49
-99
-219
-320
-436
-573
-719
-851
-959
-1068
-1196
-1349
-1509
-1651
-1770
-1877
-1988
-2112
-2234
-2325
-2368
-2369
-2340
-2276
-2188
-2067
-1912
-1732
-1539
-1363
-1216
-1083
-944
-796
-661
-563
-504
-473
-464
-476
-501
-514
-504
-461
-394
-299
-197
-115
-57
-10
60
159
274
384
479
559
626
680
719
749
773
786
798
824
854
863
827
743
644
549
471
404
334
248
141
13
-112
-220
-323
-436
-563
-681
-760
-790
-794
-795
-802
-817
-820
-790
-705
-572
-423
-296
-188
-91
-13
23
-8
-105
-238
-359
-442
-479
-505
-547
-619
-693
-717
-650
-500
-293
-63
161
374
583
791
998
1190
1357
1510
1663
1820
1975
2086
2140
2145
2138
2153
2202
2266
2319
2329
2285
2212
2133
2062
1987
1887
1756
1614
1471
1328
1177
1011
839
659
485
338
222
115
-9
-176
-366
-549
-706
-836
-958
-1089
-1243
-1416
-1594
-1743
-1853
-1944
-2032
-2117
-2180
-2211
-2210
-2188
-2154
-2117
-2075
-2020
-1940
-1828
-1708
-1594
-1487
-1387
-1280
-1159
-1035
-920
-818
-730
-654
-582
-515
-455
-407
-367
-324
-261
-184
-96
-12
73
167
275
393
509
621
715
806
893
979
1049
1099
1131
1147
1147
1142
1116
1058
977
883
787
692
596
480
356
225
96
-7
-81
-140
-200
-270
-340
-399
-436
-462
-482
-488
-475
-439
-390
-339
-293
-265
-252
-228
-176
-97
-40
-47
-122
-247
-393
-536
-650
-727
-776
-807
-816
-784
-718
-630
-523
-394
-215
1
225
432
602
723
793
827
870
935
1011
1084
1142
1194
1233
1253
1266
1298
1357
1433
1509
1575
1625
1645
1634
1591
1527
1458
1393
1337
1295
1258
1207
1128
1027
919
823
737
652
550
432
309
180
47
-94
-253
-433
-625
-799
-947
-1060
-1148
-1231
-1308
-1381
-1445
-1490
-1522
-1540
-1555
-1564
-1564
-1561
-1550
-1532
-1514
-1490
-1463
-1424
-1370
-1307
-1242
-1179
-1119
-1063
-1007
-949
-890
-837
-795
-747
-685
-613
-537
-466
-398
-334
-257
-167
-63
49
159
263
359
450
540
613
666
703
727
753
782
797
796
778
745
708
671
633
592
545
490
433
379
330
281
226
177
138
113
100
91
75
58
46
42
41
44
42
30
5
-23
-42
-62
-95
-149
-223
-307
-385
-452
-501
-546
-600
-664
-727
-761
-761
-730
-676
-605
-523
-429
-324
-211
-97
9
112
216
330
445
554
652
729
786
842
907
980
1065
1153
1232
1295
1342
1380
1413
1447
1477
1496
1503
1495
1478
1466
1451
1418
1366
1295
1219
1149
1086
1016
924
806
678
549
428
310
177
29
-134
-293
-431
-550
-662
-783
-914
-1040
-1146
-1227
-1296
-1365
-1431
-1494
-1540
-1565
-1573
-1576
-1580
-1591
-1591
-1569
-1536
-1497
-1461
-1431
-1401
-1355
-1289
-1204
-1113
-1026
-940
-856
-763
-666
-571
-477
-392
-311
-228
-153
-85
-22
44
111
180
255
331
403
468
533
600
659
713
762
806
835
843
838
814
782
736
689
648
599
543
479
420
364
312
261
210
159
117
83
49
21
-11
-56
-111
-164
-212
-257
-304
-369
-443
-513
-578
-637
-684
-724
-764
-792
-805
-788
-757
-726
-702
-681
-638
-575
-490
-399
-311
-237
-159
-65
47
174
298
412
518
630
754
882
996
1093
1170
1242
1313
1389
1453
1508
1551
1578
1597
1614
1623
1623
1618
1609
1602
1588
1564
1522
1464
1394
1316
1229
1131
1022
906
791
678
556
418
270
114
-36
-174
-301
-435
-579
-732
-883
-1018
-1133
-1237
-1337
-1431
-1516
-1587
-1635
-1661
-1678
-1691
-1703
-1707
-1691
-1667
-1634
-1604
-1573
-1537
-1491
-1436
-1375
-1308
-1238
-1167
-1091
-1005
-912
-814
-720
-624
-527
-426
-327
-233
-146
-62
23
109
191
274
348
415
471
525
575
606
632
660
684
703
710
703
687
662
638
616
599
577
548
507
464
427
397
365
326
281
237
205
175
148
121
84
41
-10
-53
-89
-128
-170
-222
-276
-333
-387
-432
-462
-482
-504
-511
-498
-472
-435
-389
-342
-294
-238
-179
-110
-35
39
104
165
222
282
347
417
491
553
607
667
721
775
826
871
919
964
1006
1040
1068
1092
1107
1114
1116
1110
1100
1088
1074
1053
1023
984
941
898
849
795
733
661
581
493
395
291
188
80
-31
-138
-244
-346
-446
-547
-639
-720
-792
-861
-921
-979
-1030
-1073
-1111
-1138
-1158
-1173
-1184
-1190
-1190
-1187
-1182
-1173
-1159
-1145
-1130
-1107
-1073
-1025
-969
-912
-855
-797
-738
-676
-608
-546
-487
-428
-375
-313
-249
-186
-126
-74
-17
51
122
188
248
301
343
376
411
437
453
452
439
420
394
368
336
303
273
244
226
218
209
198
191
186
184
183
181
175
162
147
134
124
116
107
94
78
65
40
20
3
-14
-30
-46
-58
-72
-84
-94
-103
-107
-106
-97
-80
-50
-14
25
67
113
163
214
272
328
384
437
489
536
572
597
615
633
650
672
692
703
706
707
707
711
716
721
724
723
719
721
715
701
680
653
627
602
572
540
498
445
384
320
255
184
105
27
-49
-132
-211
-292
-369
-447
-516
-573
-621
-657
-691
-718
-743
-764
-779
-785
-794
-806
-824
-841
-851
-862
-868
-876
-884
-894
-900
-899
-896
-892
-883
-870
-852
-826
-793
-755
-713
-671
-627
-575
-510
-441
-374
-308
-245
-185
-123
-65
-10
40
77
108
137
160
180
196
210
223
235
245
259
271
289
312
333
352
367
381
400
417
430
446
459
469
472
474
473
463
447
426
409
392
372
349
321
289
261
235
214
193
169
144
123
106
93
81
65
49
27
11
-1
-17
-35
-53
-69
-80
-87
-84
-73
-58
-38
-15
13
43
72
102
132
163
186
206
225
238
252
265
278
287
294
302
315
328
342
354
362
364
363
359
351
341
324
309
292
274
254
233
212
187
160
130
102
75
46
14
-19
-59
-105
-150
-198
-246
-296
-341
-386
-424
-456
-482
