0
0
0
0
-1
0
-1
0
1
0
-1
0
1
0
0
0
1
0
0
0
1
0
-1
0
0
0
-1
0
0
0
0
0
0
-1
0
0
0
0
0
-1
0
0
0
0
-1
0
0
0
0
-1
0
0
-1
0
1
0
1
-1
0
0
0
-1
0
1
-1
0
1
0
0
1
0
-1
-1
0
0
-1
1
0
1
0
1
0
0
1
0
0
0
0
0
0
0
0
1
0
0
0
0
-1
0
0
0
0
0
-2
0
0
0
0
0
0
0
0
0
0
0
-1
-1
0
0
0
0
0
0
0
1
0
1
1
1
0
0
1
-1
1
0
0
0
-1
0
0
0
1
-1
0
-1
0
0
0
-1
0
0
0
0
1
0
-1
-1
-1
-1
0
0
0
1
0
0
1
0
0
0
1
0
0
0
1
1
0
0
0
0
1
-1
0
0
-1
1
0
0
0
-1
-1
0
1
1
0
0
0
0
1
0
-2
-1
-1
-1
0
0
0
0
0
1
0
0
1
-1
0
0
0
-1
1
0
1
0
0
0
0
-1
0
1
0
-1
1
0
0
0
0
1
0
1
-1
-1
0
-1
0
1
-1
-1
1
0
1
1
0
0
0
0
0
-1
0
-1
-1
-1
-1
-1
0
0
0
1
1
1
0
0
1
0
0
-1
1
1
0
-1
-1
0
-1
-1
1
-1
0
0
0
-1
1
0
0
0
1
1
0
1
0
0
0
0
0
-1
-1
-1
0
-2
0
0
0
0
0
0
1
1
0
0
1
0
1
0
-1
2
0
-1
-1
-1
0
-1
-1
0
0
0
0
1
0
-1
-1
1
0
0
1
0
-1
0
-1
0
0
0
0
-1
1
-1
0
0
-1
1
0
0
0
1
0
0
0
0
0
1
0
0
0
0
0
0
0
0
0
1
-1
1
0
0
0
0
0
0
0
0
1
1
0
0
1
-1
-1
-1
1
0
1
1
1
0
0
0
0
0
0
-1
1
-1
0
0
-1
1
0
0
1
0
0
0
0
0
-1
0
-1
0
0
-1
1
0
1
0
0
0
1
1
0
0
0
0
0
0
1
0
0
0
-1
1
0
0
0
0
0
0
0
1
0
0
0
0
0
-1
1
0
0
-1
-1
0
0
0
0
-1
-1
-1
1
0
0
1
-1
0
-1
0
0
0
0
0
0
0
0
0
1
0
0
0
0
-1
0
0
0
0
1
1
0
0
0
-1
-1
0
-1
-1
-1
0
1
1
0
1
0
0
0
0
0
0
0
-1
0
0
0
1
0
0
0
-1
0
-1
1
0
0
0
0
0
0
0
0
0
0
-1
0
-1
0
0
0
0
0
0
0
-1
0
0
0
1
0
0
0
-1
-1
0
0
0
1
1
-1
0
0
0
0
0
0
0
0
0
-1
0
0
0
0
0
0
0
0
0
0
-1
-1
-1
-1
0
0
-1
0
0
-1
0
0
0
1
0
0
0
1
-1
0
1
0
1
0
0
-1
0
0
-1
0
0
0
0
0
1
2
0
0
0
1
1
0
0
0
0
0
0
0
0
1
0
1
0
0
-1
1
0
-1
0
0
-1
0
0
0
0
-1
0
0
0
-1
0
1
0
0
0
0
0
0
0
0
0
1
0
0
0
-1
0
0
0
0
0
0
0
0
-1
0
0
0
1
0
1
0
-1
0
0
0
1
0
1
0
0
-1
0
0
0
1
0
0
0
0
0
0
0
0
1
0
0
1
0
1
0
0
-1
0
1
0
0
0
1
0
0
0
1
0
0
1
0
0
0
0
0
0
0
0
0
0
0
1
0
0
0
1
-1
0
0
0
1
-1
0
0
0
0
0
0
-1
1
-1
0
0
1
0
-1
1
0
-1
0
0
-1
0
0
-1
0
0
0
0
-1
0
0
-1
0
0
0
0
0
1
0
0
0
1
0
0
0
0
-1
1
-1
-1
1
0
0
1
0
0
0
1
-1
0
0
-1
1
-1
-1
0
0
0
0
1
-1
0
1
0
1
-1
0
0
-1
0
0
-1
0
1
1
0
0
0
0
1
0
1
-1
0
0
-1
0
0
0
0
0
0
0
0
0
1
0
0
-1
0
0
0
0
0
0
-1
0
0
1
0
-1
1
0
0
0
0
0
0
0
0
0
0
0
1
0
0
0
1
1
0
0
0
0
1
0
-1
0
-1
1
0
0
0
1
0
0
0
0
0
0
0
-1
0
0
0
0
0
1
0
0
-1
-1
-1
-1
0
-1
0
1
1
1
1
1
-1
0
0
0
0
0
0
0
0
0
0
0
0
0
0
0
0
0
1
0
0
-1
0
-1
0
0
0
1
1
0
0
-1
0
0
-1
0
0
-1
0
0
0
0
0
0
1
0
0
0
0
0
0
-1
-1
-1
0
0
0
0
0
-1
-1
0
0
-1
-1
1
0
0
0
1
0
0
0
0
-1
-1
0
1
0
-1
0
0
0
0
0
1
0
0
0
0
0
0
0
0
0
1
0
0
-1
-1
0
0
0
1
0
0
0
0
0
0
0
0
0
1
-1
1
1
0
0
0
0
0
-1
1
0
0
0
0
0
1
0
0
1
1
-1
0
0
-1
0
-1
0
-1
0
0
0
0
0
0
1
-1
0
0
-1
0
0
0
-1
0
0
0
0
1
0
0
1
0
0
0
0
0
-1
1
0
-1
-1
0
0
0
0
0
0
1
-1
1
0
-1
1
1
-1
0
0
0
0
1
0
0
0
0
0
-1
0
0
0
0
1
1
0
1
0
0
0
0
0
0
0
0
0
0
-1
-1
-1
-1
0
0
0
-1
0
-1
-1
0
-1
-1
-1
-1
0
-1
0
0
-1
0
1
0
0
-1
0
-1
0
0
1
-1
0
2
0
0
1
0
1
0
0
1
0
-1
0
1
1
1
0
0
0
1
0
0
0
1
0
0
1
1
0
1
0
0
0
0
1
0
1
0
0
0
-1
0
1
0
0
-1
0
1
1
0
0
0
0
0
0
0
-1
0
0
0
0
0
-1
0
-1
0
1
1
1
0
0
0
0
0
1
0
0
0
0
1
-1
0
0
-1
0
0
0
0
-1
0
1
-1
1
0
0
0
0
0
0
0
0
0
0
0
-1
0
0
0
0
-1
0
1
-1
0
0
0
1
0
0
-1
0
0
0
0
0
0
-1
0
1
0
0
0
0
0
0
0
0
0
1
0
0
1
1
0
-1
1
-1
0
0
0
1
0
0
1
1
0
0
-1
0
0
0
0
1
1
0
1
0
0
-1
0
0
0
0
0
-1
-1
0
0
0
0
0
0
0
0
0
0
0
0
-1
0
0
0
1
0
0
0
0
0
0
0
0
1
1
1
0
0
0
1
0
0
0
0
0
0
0
0
1
1
0
-1
0
0
-1
0
0
0
1
-1
0
-1
1
0
-1
-1
0
0
0
0
0
1
0
1
0
0
0
0
0
-1
0
-1
0
0
-1
0
0
0
-1
0
0
0
0
0
0
0
0
1
-1
1
0
0
0
-1
0
0
0
0
0
1
0
0
0
0
1
0
0
0
1
1
0
0
0
0
0
0
1
0
0
1
0
-1
0
0
0
0
-1
0
0
0
1
0
1
0
1
1
0
1
-1
0
0
0
0
-1
0
0
1
0
0
0
-1
0
0
-1
-1
-1
0
0
1
0
0
0
0
-1
1
-1
1
0
-1
0
0
1
0
0
-1
0
0
0
0
0
0
-1
0
0
0
0
0
0
-1
-1
0
1
-1
0
0
-1
-1
0
0
-1
-1
0
-1
0
0
0
-1
1
-1
0
1
-1
0
-1
1
-1
-1
0
0
0
0
0
0
0
0
1
0
0
1
1
0
1
0
-1
-1
-1
0
0
1
0
0
-1
1
-1
0
0
1
-1
-1
1
1
0
-1
0
1
0
0
0
0
1
0
0
0
0
0
-1
0
-1
-1
0
0
0
0
0
0
-1
0
0
0
0
0
1
1
0
0
0
1
1
1
0
1
0
-1
0
0
-1
1
0
0
0
-1
0
1
0
0
1
0
0
0
1
0
0
1
-1
-1
0
0
0
0
0
-1
0
0
0
0
0
0
-1
1
0
0
0
1
0
0
0
0
0
0
0
0
0
0
-1
0
0
0
0
-1
-1
-1
0
0
0
0
0
0
0
0
-1
0
-1
-1
-1
0
0
0
0
0
-1
-1
0
0
0
0
0
-1
-1
0
0
0
0
0
0
0
-1
0
-1
0
0
0
0
0
0
0
1
0
0
0
0
-1
1
0
0
1
0
0
0
0
0
0
0
0
0
0
1
0
1
0
0
1
1
0
0
0
0
1
0
0
0
0
0
0
1
0
1
0
0
0
-1
0
0
0
-1
0
0
1
1
0
0
0
-1
-1
0
1
0
-1
0
0
0
0
-1
0
0
0
0
0
-1
-1
0
0
0
0
1
0
0
0
0
-1
0
0
0
0
0
0
0
0
0
0
-1
0
0
-1
0
-1
0
0
0
0
0
-1
0
0
0
1
0
0
0
0
-1
-1
0
-1
-1
0
0
-1
0
0
0
0
1
1
-1
0
0
-1
0
0
0
0
0
0
0
0
0
-1
1
0
0
0
0
0
0
0
0
0
0
0
1
0
0
-1
1
1
0
0
1
0
0
0
0
0
0
1
0
0
0
0
0
0
-1
0
-1
-1
-1
0
0
0
0
0
-1
0
0
0
0
0
0
-1
0
0
0
-1
-1
0
0
0
0
-1
0
-1
0
0
0
-1
0
0
0
0
1
0
0
0
0
0
0
1
0
0
0
0
0
1
1
0
1
0
0
0
0
1
0
0
0
0
-1
-1
0
-1
-1
0
-1
0
0
0
1
1
0
0
0
0
1
0
1
0
0
1
0
1
0
0
0
0
0
0
0
0
0
-1
0
0
0
0
0
0
1
1
1
0
0
1
0
1
1
0
0
0
1
0
2
1
2
2
2
3
2
2
2
3
2
2
1
1
2
1
1
0
0
1
0
-1
-2
0
-1
0
-2
-1
-1
-1
-1
-1
-1
-2
-1
-2
-1
-2
-2
-2
-3
-1
-1
-2
-3
-1
-3
-3
-4
-4
-3
-4
-3
-4
-3
-3
-3
-4
-4
-4
-5
-3
-4
-2
-2
-3
-3
-3
-2
-3
-2
-3
-2
-1
-2
-1
-1
-1
0
1
1
-1
1
1
2
2
3
3
2
4
4
3
5
5
6
7
7
7
7
9
9
9
8
8
9
9
9
8
8
8
8
8
8
8
7
7
6
8
8
7
7
6
7
6
7
5
5
4
3
3
2
1
2
1
0
0
-2
-2
-3
-4
-4
-5
-4
-6
-7
-10
-13
-15
-17
-19
-24
-27
-31
-36
-36
-34
-30
-30
-27
-24
-21
-13
-3
9
18
23
29
31
36
41
45
48
48
48
46
42
36
29
27
21
8
-2
-15
-29
-39
-52
-56
-59
-69
-80
-91
-95
-94
-89
-78
-71
-66
-60
-54
-40
-24
-5
12
17
24
29
35
39
40
44
42
37
29
16
4
-11
-29
-42
-53
-63
-75
-89
-96
-103
-98
-87
-74
-56
-39
-25
-6
21
53
88
125
156
181
207
231
254
272
280
282
266
245
222
196
172
148
123
96
66
35
7
-17
-39
-59
-79
-103
-128
-159
-183
-205
-230
-252
-274
-295
-307
-319
-323
-303
-258
-195
-126
-62
2
65
130
212
310
404
476
513
520
525
535
541
546
529
471
380
270
168
99
46
-4
-63
-130
-193
-240
-253
-228
-171
-106
-55
-20
12
62
137
228
309
361
358
298
201
103
29
-32
-121
-267
-478
-729
-970
-1163
-1289
-1379
-1516
-1752
-2044
-2281
-2371
-2318
-2200
-2083
-1998
-1957
-1902
-1735
-1397
-931
-475
-106
199
492
815
1185
1601
2034
2412
2665
2802
2883
2940
2981
3006
3014
2980
2838
2542
2151
1756
1427
1154
887
598
260
-137
-551
-898
-1103
-1187
-1231
-1298
-1393
-1481
-1522
-1474
-1309
-1063
-803
-588
-425
-279
-114
92
342
608
833
977
1039
1040
1012
998
1024
1062
1070
994
816
573
337
156
39
-30
-130
-316
-592
-894
-1112
-1198
-1197
-1182
-1220
-1319
-1436
-1503
-1460
-1289
-1057
-845
-681
-566
-452
-297
-86
201
505
740
880
915
915
934
986
1062
1100
1057
903
639
340
69
-149
-305
-469
-734
-1121
-1577
-1991
-2272
-2406
-2448
-2490
-2652
-2992
-3386
-3607
-3520
-3187
-2819
-2570
-2449
-2407
-2319
-1998
-1352
-509
252
757
1071
1385
1812
2363
3048
3770
4329
4585
4576
4488
4463
4510
4577
4592
4460
4099
3467
2710
2069
1632
1322
966
488
-99
-786
-1497
-2034
-2252
-2224
-2185
-2287
-2459
-2579
-2603
-2483
-2139
-1620
-1122
-764
-516
-265
64
459
896
1354
1778
2053
2120
2035
1930
1929
2009
2077
2064
1878
1484
978
511
211
66
-39
-239
-618
-1124
-1618
-1933
-2008
-1943
-1879
-1930
-2098
-2278
-2334
-2169
-1829
-1450
-1144
-944
-769
-550
-255
118
520
889
1173
1334
1397
1437
1540
1672
1732
1651
1374
985
597
261
-10
-288
-665
-1183
-1854
-2561
-3124
-3445
-3571
-3656
-3878
-4393
-5123
-5644
-5629
-5111
-4477
-4058
-3823
-3713
-3631
-3269
-2372
-1037
239
1056
1530
1979
2571
3284
4149
5144
5943
6306
6281
6115
6051
6041
6012
5964
5792
5384
4657
3723
2826
2110
1599
1136
607
9
-764
-1666
-2464
-2906
-2893
-2713
-2648
-2719
-2833
-2893
-2805
-2396
-1646
-816
-184
178
440
736
1041
1440
1986
2580
2963
2971
2699
2320
1966
1745
1717
1820
1832
1465
733
-109
-758
-1027
-976
-818
-860
-1277
-1978
-2653
-2915
-2682
-2208
-1841
-1792
-1967
-2174
-2200
-1864
-1222
-479
35
189
186
218
358
591
922
1340
1611
1509
1115
682
388
198
51
-41
-232
-688
-1410
-2197
-2829
-3248
-3510
-3697
-3893
-4131
-4568
-5327
-6161
-6549
-6142
-5264
-4632
-4473
-4444
-4349
-4166
-3631
-2371
-611
807
1396
1615
2130
2999
4009
5177
6431
7330
7483
7115
6881
6993
7184
7230
7098
6791
6092
4970
3825
2990
2509
2099
1418
506
-443
-1362
-2212
-2857
-3106
-3042
-3055
-3361
-3721
-3769
-3511
-3193
-2744
-2014
-1227
-753
-583
-252
466
1255
1833
2298
2838
3293
3405
3346
3472
3740
3835
3673
3429
3171
2741
2053
1358
887
513
26
-570
-1196
-1860
-2575
-3148
-3354
-3293
-3244
-3361
-3570
-3636
-3459
-3091
-2573
-2035
-1613
-1307
-1105
-897
-505
16
474
768
886
860
667
344
134
130
155
-19
-501
-1184
-1937
-2644
-3128
-3331
-3402
-3548
-4023
-4988
-6123
-6830
-6720
-6034
-5436
-5261
-5303
-5320
-5215
-4734
-3564
-1862
-305
565
989
1599
2596
3773
4980
6205
7253
7821
7871
7783
7914
8126
8118
7886
7555
7102
6325
5213
4112
3313
2686
1972
1134
273
-612
-1648
-2672
-3291
-3382
-3356
-3622
-4010
-4150
-4006
-3796
-3419
-2714
-2035
-1716
-1562
-1044
-99
741
1219
1657
2269
2892
3350
3679
4021
4311
4306
4111
3963
3876
3642
3077
2252
1432
813
285
-335
-1024
-1681
-2329
-2942
-3341
-3411
-3287
-3237
-3289
-3247
-2980
-2581
-2188
-1797
-1437
-1164
-1021
-908
-674
-383
-163
-60
-91
-259
-506
-774
-991
-1121
-1206
-1372
-1720
-2223
-2778
-3191
-3380
-3441
-3628
-4314
-5501
-6589
-6957
-6563
-5978
-5744
-5803
-5858
-5809
-5541
-4724
-3189
-1438
-184
433
982
1987
3345
4704
5945
7053
7869
8219
8238
8340
8653
8908
8830
8440
7952
7321
6409
5287
4257
3505
2804
1865
757
-251
-1179
-2200
-3168
-3680
-3699
-3704
-3993
-4302
-4289
-4060
-3797
-3276
-2385
-1482
-945
-717
-341
339
1125
1911
2573
2815
2549
2216
2385
3070
3722
3892
3578
2983
2274
1655
1373
1390
1373
983
124
-911
-1746
-2228
-2432
-2516
-2560
-2629
-2797
-2966
-2926
-2530
-1944
-1443
-1033
-608
-246
-92
-78
59
390
675
718
561
298
-144
-738
-1207
-1379
-1470
-1806
-2400
-2933
-3301
-3715
-4251
-4726
-5041
-5614
-6700
-7788
-8122
-7672
-7225
-7261
-7377
-7117
-6606
-6047
-5133
-3507
-1572
-136
679
1554
2963
4584
5948
7069
8115
8997
9448
9507
9590
9833
9947
9666
9084
8487
7880
6961
5668
4376
3395
2536
1466
248
-839
-1806
-2936
-4152
-4934
-5092
-5072
-5285
-5528
-5435
-5102
-4713
-4074
-2932
-1569
-626
-196
300
1192
2203
2982
3564
4092
4489
4644
4715
4934
5155
5013
4499
3888
3368
2865
2217
1434
618
-229
-1109
-1937
-2663
-3268
-3875
-4543
-5146
-5472
-5471
-5220
-4786
-4203
-3501
-2814
-2163
-1439
-616
150
671
989
1282
1617
1931
2103
2132
1959
1460
767
105
-389
-783
-1230
-1674
-2040
-2258
-2393
-2612
-2976
-3556
-4257
-5023
-6021
-7172
-8026
-8145
-7778
-7639
-7886
-8034
-7685
-7057
-6382
-5229
-3387
-1441
-103
712
1839
3582
5401
6818
7922
8946
9667
9833
9739
9885
10326
10525
10076
9282
8526
7748
6688
5411
4335
3536
2618
1291
-159
-1363
-2444
-3589
-4592
-5071
-5151
-5392
-5907
-6178
-5928
-5420
-4859
-4059
-2926
-1796
-992
-347
530
1690
2760
3456
3919
4358
4730
4879
4653
4075
3485
3129
2956
2809
2462
1755
669
-607
-1540
-1723
-1418
-1276
-1658
-2474
-3515
-4388
-4578
-3965
-3029
-2453
-2395
-2401
-2139
-1574
-705
361
1273
1678
1607
1419
1442
1662
1797
1685
1323
752
80
-653
-1467
-2273
-2862
-3118
-3119
-3001
-2900
-2876
-3086
-3776
-4695
-5417
-6016
-6812
-7843
-8543
-8438
-8082
-8154
-8325
-7944
-7040
-6210
-5448
-4137
-2203
-372
835
1934
3550
5405
6902
7919
8816
9726
10330
10508
10556
10730
10866
10618
9935
9078
8272
7424
6261
4921
3768
2771
1602
155
-1218
-2252
-3212
-4337
-5288
-5697
-5850
-6215
-6561
-6421
-5837
-5247
-4729
-3830
-2524
-1453
-843
-114
1139
2496
3382
3811
4050
4176
4144
4214
4724
5365
5475
4904
3952
3057
2451
2100
1824
1420
756
-220
-1354
-2419
-3177
-3512
-3757
-4221
-4796
-5206
-5264
-5039
-4493
-3665
-2849
-2197
-1744
-1314
-802
-307
165
673
1130
1341
1256
973
655
334
-67
-563
-1092
-1637
-2090
-2306
-2304
-2223
-2160
-2181
-2238
-2465
-3084
-4202
-5785
-7242
-7915
-7718
-7209
-7146
-7578
-8042
-8242
-8053
-7225
-5501
-3306
-1574
-725
-177
991
2870
4911
6764
8271
9310
9676
9515
9538
10108
10888
11256
10913
10180
9339
8379
7323
6359
5621
4851
3664
2123
622
-631
-1785
-2906
-3764
-4260
-4667
-5333
-6102
-6510
-6432
-6077
-5552
-4798
-3857
-2994
-2302
-1483
-326
995
2138
2907
3331
3413
3202
3062
3326
3919
4422
4394
3856
3128
2480
2058
1924
1996
1956
1495
473
-847
-1943
-2591
-2871
-2992
-3209
-3473
-3694
-3871
-3805
-3344
-2593
-1789
-1208
-976
-913
-914
-879
-586
-103
285
364
47
-527
-1256
-2017
-2607
-2900
-2833
-2635
-2498
-2508
-2697
-2774
-2589
-2402
-2574
-3537
-5248
-7024
-8149
-8223
-7566
-7088
-7289
-7960
-8506
-8505
-7771
-6206
-4121
-2140
-924
-275
610
2156
4106
5987
7543
8693
9311
9408
9423
9789
10536
11168
11246
10846
10155
9265
8214
7164
6345
5658
4748
3468
2024
654
-695
-2051
-3213
-3919
-4252
-4763
-5655
-6492
-6835
-6609
-6138
-5538
-4614
-3603
-2788
-2155
-1349
-141
999
1684
2026
2425
3090
3822
4538
5180
5591
5647
5319
4982
4864
4751
4399
3680
2784
1870
926
-9
-933
-1852
-2723
-3591
-4247
-4520
-4518
-4367
-4242
-4194
-4102
-3828
-3404
-2968
-2613
-2235
-1913
-1641
-1395
-991
-515
-436
-958
-1887
-2595
-2702
-2511
-2385
-2332
-2244
-2162
-2193
-2154
-1789
-1357
-1770
-3627
-6051
-7533
-7459
-6595
-6253
-6672
-7390
-8219
-8953
-8880
-7216
-4483
-2299
-1672
-1852
-1261
498
2641
4692
6580
8105
8782
8572
8470
9253
10524
11293
11243
10847
10389
9730
8782
7855
7393
7055
6157
4667
3085
1797
567
-885
-2235
-3032
-3415
-4056
-5110
-6016
-6535
-6722
-6643
-6132
-5144
-4191
-3664
-3288
-2489
-1211
117
1126
1733
1837
1586
1361
1759
2929
4224
5040
5103
4551
3828
3327
3289
3649
4056
3938
3027
1609
186
-749
-1151
-1410
-1781
-2289
-2870
-3301
-3415
-3177
-2745
-2298
-2012
-1855
-1716
-1631
-1559
-1370
-1062
-763
-642
-919
-1597
-2516
-3415
-4003
-4077
-3750
-3342
-3019
-2885
-2822
-2673
-2548
-2798
-3976
-6044
-7890
-8396
-7697
-6996
-7108
-7739
-8351
-8805
-8885
-7833
-5413
-2790
-1434
-1399
-1256
27
2065
4095
5824
7272
8190
8305
8129
8569
9846
11134
11580
11162
10460
9847
9144
8268
7543
7104
6579
5480
3937
2591
1602
500
-966
-2369
-3171
-3618
-4317
-5228
-5856
-6065
-6188
-6293
-5935
-4950
-3946
-3496
-3307
-2817
-1994
-1064
-92
1015
2185
3103
3704
4252
4867
5459
5914
6129
6013
5566
4887
4160
3487
2855
2167
1381
418
-660
-1559
-2173
-2591
-2980
-3354
-3618
-3742
-3761
-3735
-3642
-3514
-3428
-3318
-3083
-2716
-2220
-1718
-1307
-1091
-1171
-1510
-2007
-2494
-2881
-3028
-2894
-2640
-2390
-2368
-2570
-2606
-2191
-1764
-2423
-4632
-7191
-8302
-7628
-6596
-6488
-7071
-7663
-8302
-9084
-9000
-6913
-3654
-1476
-1307
-1687
-896
981
2964
4762
6662
8282
8695
8054
7800
8881
10579
11555
11454
10966
10493
9725
8562
7664
7525
7475
6492
4672
3064
2128
1261
-137
-1535
-2246
-2656
-3522
-4693
-5459
-5719
-6067
-6563
-6454
-5474
-4399
-3968
-3857
-3378
-2535
-1744
-1085
-254
725
1508
2060
2731
3713
4745
5434
5568
5342
5050
4809
4502
4169
3783
3250
2387
1178
13
-777
-1202
-1480
-1788
-2189
-2685
-3194
-3498
-3422
-3053
-2751
-2617
-2446
-2225
-2046
-1905
-1732
-1419
-1109
-1183
-1753
-2618
-3507
-4090
-4069
-3459
-2714
-2450
-2813
-3204
-3010
-2720
-3491
-5606
-7824
-8595
-7878
-7087
-7141
-7572
-7908
-8456
-9199
-8977
-6761
-3543
-1603
-1635
-1952
-943
1145
3229
4991
6742
8190
8545
8006
7954
9159
10800
11622
11434
10956
10497
9659
8453
7676
7657
7580
6506
4667
3117
2237
1413
228
-813
-1351
-1965
-3230
-4629
-5225
-5095
-5171
-5653
-5729
-5053
-4338
-4124
-3843
-2949
-1947
-1579
-1508
-840
460
1621
2328
3004
3858
4513
4682
4682
4875
5103
4912
4215
3402
2839
2470
1920
972
-166
-1047
-1528
-1807
-1989
-2036
-2036
-2289
-2820
-3198
-3058
-2594
-2244
-2096
-1982
-1869
-1827
-1690
-1307
-964
-1185
-2029
-2893
-3353
-3493
-3484
-3290
-2926
-2691
-2803
-2931
-2689
-2674
-4033
-6698
-8970
-9296
-8097
-7185
-7406
-8097
-8681
-9336
-9847
-8932
-5954
-2491
-882
-1322
-1670
-350
2056
4299
6177
7988
9168
8932
7970
8055
9660
11368
11791
11121
10361
9702
8676
7463
6950
7232
7206
5951
3993
2512
1761
1005
-133
-1055
-1388
-1866
-3181
-4684
-5354
-5204
-5076
-5150
-4768
-3880
-3414
-3760
-4003
-3322
-2060
-907
6
914
1696
2021
2167
2774
3897
4967
5452
5326
4897
4171
3300
2675
2542
2589
2208
1117
-406
-1708
-2404
-2515
-2306
-2081
-2047
-2354
-2945
-3488
-3529
-2908
-2108
-1411
-985
-863
-906
-973
-749
-155
288
-3
-1013
-2215
-3048
-3299
-3001
-2333
-1795
-1912
-2523
-2940
-3136
-4030
-6157
-8482
-9403
-8698
-7843
-8027
-8764
-9207
-9554
-10154
-10048
-7967
-4516
-2082
-1887
-2363
-1514
739
3186
5216
7104
8679
9070
8293
7851
8952
10982
12296
12145
11255
10390
9402
8134
7210
7194
7424
6643
4672
2666
1529
809
-189
-1189
-1683
-2124
-3283
-4875
-5745
-5503
-5059
-5118
-5111
-4460
-3699
-3516
-3547
-2959
-1774
-760
-364
-37
734
1746
2652
3434
4186
4780
4946
4779
4683
4716
4507
3847
2968
2317
1932
1312
179
-1075
-1916
-2313
-2572
-2780
-2794
-2716
-2899
-3334
-3453
-2928
-2155
-1676
-1501
-1248
-829
-539
-416
-110
421
583
-68
-1220
-2139
-2359
-2051
-1606
-1324
-1382
-1715
-2044
-2449
-3688
-6082
-8574
-9523
-8722
-7806
-8169
-9318
-10076
-10443
-10866
-10629
-8564
-5256
-3002
-2937
-3416
-2344
212
2823
4862
6694
8284
8845
8326
8104
9293
11306
12621
12613
11887
11136
10245
8958
7832
7528
7659
7052
5186
3008
1634
840
-237
-1516
-2239
-2527
-3411
-5080
-6280
-6175
-5627
-5608
-5648
-4952
-3953
-3672
-3948
-3682
-2511
-1201
-243
675
1776
2771
3382
3874
4588
5503
6195
6277
5885
5378
4865
4237
3403
2591
1999
1314
79
-1490
-2659
-3120
-3228
-3409
-3633
-3669
-3724
-4100
-4453
-4180
-3287
-2444
-2098
-1970
-1652
-1257
-997
-631
34
528
202
-865
-1835
-1996
-1469
-845
-535
-661
-1017
-1378
-1945
-3368
-5862
-8330
-9223
-8385
-7468
-7861
-9086
-9966
-10383
-10787
-10586
-8646
-5388
-3092
-3060
-3870
-3232
-793
2021
4234
6021
7520
8169
7796
7551
8736
10986
12697
12875
12011
11097
10331
9385
8435
8087
8252
7876
6251
4015
2401
1620
779
-484
-1602
-2340
-3302
-4886
-6340
-6681
-6105
-5617
-5570
-5435
-4977
-4593
-4491
-4298
-3475
-2051
-527
741
1699
2479
3240
3995
4718
5488
6275
6784
6651
5884
4912
4102
3523
3073
2601
1879
525
-1299
-2807
-3376
-3240
-3107
-3265
-3643
-4196
-4867
-5194
-4706
-3654
-2775
-2428
-2358
-2140
-1785
-1359
-770
-115
182
-242
-1065
-1607
-1442
-749
-44
312
268
18
-451
-1750
-4317
-7306
-8888
-8291
-6979
-6991
-8513
-10060
-10801
-11133
-11069
-9717
-6932
-4383
-3755
-4481
-4401
-2389
673
3379
5239
6515
7290
7426
7307
7876
9573
11629
12738
12417
11405
10548
9875
9122
8529
8421
8398
7633
5962
4149
2811
1768
744
-112
-796
-1846
-3642
-5618
-6722
-6642
-6051
-5617
-5435
-5411
-5552
-5779
-5688
-4819
-3175
-1315
149
982
1409
1939
2920
4231
5507
6478
6980
6899
6244
5302
4521
4121
3932
3649
2921
1519
-352
-1956
-2615
-2442
-2211
-2481
-3179
-4004
-4774
-5279
-5176
-4379
-3403
-2910
-2961
-3076
-2880
-2358
-1679
-1034
-663
-830
-1473
-2029
-1945
-1208
-309
175
96
-111
-198
-822
-2893
-6029
-8287
-8158
-6620
-6092
-7403
-9169
-10119
-10527
-10767
-9993
-7429
-4370
-3059
-3734
-4433
-3292
-529
2369
4454
5779
6592
6896
6959
7434
8733
10524
11911
12219
11644
10847
10143
9465
8847
8476
8303
7821
6663
5089
3551
2084
684
-221
-438
-683
-1967
-4131
-5793
-6050
-5484
-5089
-5090
-5212
-5430
-5720
-5589
-4574
-2968
-1558
-713
-181
418
1290
2481
3810
4883
5461
5659
5707
5639
5406
5011
4460
3764
3093
2567
1874
595
-1024
-2093
-2203
-1994
-2251
-2922
-3524
-4033
-4662
-5079
-4713
-3716
-2970
-2933
-3199
-3207
-2817
-2306
-1691
-1053
-791
-1162
-1830
-2064
-1532
-601
79
279
247
67
-816
-3008
-5995
-8041
-7841
-6228
-5452
-6666
-8794
-10203
-10543
-10306
-9360
-7260
-4758
-3487
-3889
-4487
-3569
-980
2074
4445
5732
6121
6166
6503
7460
8872
10291
11329
11781
11584
10861
9950
9213
8807
8653
8455
7873
6862
5622
4339
3014
1696
717
272
-138
-1257
-3014
-4456
-4888
-4623
-4407
-4486
-4644
-4845
-5159
-5387
-5181
-4422
-3247
-1940
-826
-158
213
814
1834
3106
4182
4956
5433
5463
5021
4398
3975
3783
3685
3513
2960
1671
-88
-1399
-1643
-1234
-1132
-1710
-2611
-3512
-4374
-4916
-4677
-3756
-2973
-2943
-3340
-3471
-3173
-2725
-2288
-1924
-1840
-2123
-2424
-2285
-1758
-1270
-1040
-861
-474
-94
-449
-2238
-5192
-7745
-8229
-6692
-5075
-5181
-6904
-8814
-9869
-9888
-8831
-6744
-4397
-3030
-3050
-3496
-3102
-1474
924
3357
5160
5956
5957
5912
6459
7584
8850
9892
10575
10819
10551
9829
8916
8170
7860
7929
7988
7633
6765
5552
4167
2805
1797
1339
1104
461
-764
-2061
-2918
-3374
-3712
-3957
-4033
-4078
-4249
-4419
-4338
-3987
-3504
-2908
-2167
-1430
-817
-242
374
974
1542
2232
3057
3646
3659
3294
3004
2940
2983
3014
2874
2261
1118
-29
-526
-409
-332
-687
-1340
-2120
-3024
-3891
-4310
-4087
-3599
-3363
-3479
-3677
-3697
-3421
-2885
-2330
-2065
-2176
-2398
-2388
-2057
-1551
-1064
-761
-619
-357
115
164
-1091
-3589
-5895
-6500
-5426
-4089
-3811
-4828
-6563
-8187
-8859
-8039
-6045
-4096
-3248
-3404
-3618
-3147
-1901
-207
1540
2958
3784
4147
4512
5202
6157
7102
7846
8428
8941
9338
9420
9057
8382
7694
7242
7081
7117
7127
6762
5788
4383
3065
2219
1810
1559
1241
756
61
-796
-1530
-1873
-1868
-1827
-2026
-2440
-2914
-3347
-3647
-3719
-3512
-3044
-2399
-1715
-1203
-968
-790
-363
348
1057
1523
1717
1682
1475
1266
1211
1134
667
-186
-939
-1180
-1073
-1097
-1461
-1958
-2322
-2427
-2267
-1931
-1653
-1614
-1720
-1736
-1534
-1235
-1023
-950
-985
-1056
-1071
-1004
-968
-1120
-1447
-1722
-1718
-1424
-999
-603
-344
-228
-178
-189
-445
-1185
-2259
-3094
-3272
-3007
-2901
-3267
-3924
-4515
-4833
-4817
-4483
-3979
-3499
-3099
-2641
-1992
-1187
-397
200
535
738
1031
1507
2024
2407
2657
2827
2912
2942
3094
3495
3984
4279
4314
4264
4260
4328
4469
4633
4622
4273
3764
3505
3668
3972
4040
3787
3431
3216
3181
3216
3145
2903
2600
2361
2168
1911
1582
1226
831
353
-117
-456
-691
-967
-1303
-1531
-1560
-1531
-1630
-1872
-2162
-2436
-2647
-2676
-2460
-2141
-2009
-2212
-2596
-2828
-2706
-2334
-1936
-1647
-1472
-1348
-1193
-929
-508
-18
358
505
470
429
491
605
611
387
-55
-542
-890
-1051
-1092
-1110
-1206
-1413
-1635
-1729
-1668
-1611
-1704
-1910
-2108
-2286
-2512
-2795
-3065
-3317
-3631
-3945
-4045
-3836
-3488
-3258
-3219
-3236
-3111
-2757
-2242
-1651
-1066
-566
-227
-25
193
570
1071
1521
1805
1974
2162
2385
2607
2870
3194
3494
3656
3695
3735
3827
3918
3967
3992
3999
3952
3861
3818
3873
3938
3892
3768
3685
3693
3729
3701
3556
3278
2941
2691
2606
2582
2412
1997
1413
840
443
297
302
194
-223
-878
-1488
-1830
-1900
-1822
-1744
-1815
-2119
-2593
-3010
-3151
-2972
-2642
-2413
-2445
-2655
-2780
-2593
-2131
-1641
-1305
-1137
-1063
-998
-867
-656
-474
-454
-601
-715
-664
-565
-595
-785
-1037
-1242
-1332
-1302
-1259
-1409
-1842
-2376
-2735
-2841
-2858
-2951
-3136
-3360
-3598
-3804
-3837
-3617
-3252
-2953
-2836
-2810
-2704
-2400
-1938
-1432
-940
-479
-56
305
653
1071
1551
2002
2324
2552
2807
3106
3380
3564
3686
3807
3957
4142
4284
4303
4194
3996
3820
3778
3906
4092
4143
3950
3542
3141
2971
3036
3153
3085
2775
2350
1986
1797
1741
1733
1663
1413
977
483
114
-54
-96
-162
-302
-541
-879
-1264
-1587
-1769
-1836
-1898
-2021
-2189
-2388
-2599
-2790
-2902
-2889
-2783
-2653
-2551
-2464
-2346
-2178
-1962
-1720
-1463
-1219
-1039
-922
-815
-652
-460
-349
-351
-394
-415
-408
-404
-383
-332
-331
-433
-586
-688
-716
-742
-837
-1035
-1354
-1759
-2121
-2309
-2362
-2431
-2598
-2797
-2910
-2905
-2807
-2641
-2440
-2226
-1988
-1700
-1360
-1003
-637
-263
76
347
559
788
1060
1335
1594
1843
2085
2302
2497
2686
2877
3041
3150
3219
3276
3331
3399
3451
3437
3370
3289
3230
3147
3015
2917
2913
2942
2860
2637
2389
2215
2109
2020
1937
1843
1663
1378
1061
826
703
602
454
237
-48
-360
-644
-859
-1000
-1130
-1305
-1525
-1769
-2000
-2190
-2328
-2409
-2424
-2403
-2380
-2369
-2366
-2314
-2178
-1965
-1705
-1457
-1252
-1084
-959
-870
-766
-614
-433
-284
-234
-247
-276
-335
-417
-475
-470
-441
-504
-678
-857
-933
-892
-809
-808
-963
-1234
-1498
-1681
-1775
-1830
-1865
-1893
-1948
-2046
-2136
-2141
-2040
-1881
-1679
-1410
-1098
-812
-588
-393
-191
13
204
403
629
849
1024
1172
1318
1456
1545
1621
1749
1930
2099
2199
2228
2250
2334
2463
2578
2624
2597
2519
2431
2366
2359
2415
2464
2418
2278
2145
2072
2019
1948
1891
1847
1755
1556
1308
1105
974
854
715
545
340
105
-128
-316
-455
-602
-800
-997
-1144
-1238
-1325
-1447
-1623
-1776
-1828
-1776
-1686
-1644
-1646
-1667
-1673
-1627
-1508
-1321
-1150
-1084
-1090
-1053
-916
-719
-518
-366
-282
-278
-339
-395
-371
-290
-248
-320
-509
-716
-842
-872
-862
-887
-970
-1057
-1110
-1142
-1172
-1188
-1184
-1182
-1193
-1197
-1180
-1156
-1187
-1278
-1356
-1328
-1182
-983
-820
-757
-796
-848
-798
-570
-185
217
498
603
602
610
714
920
1165
1378
1493
1486
1416
1368
1394
1506
1647
1775
1866
1913
1932
1938
1965
2030
2127
2224
2288
2288
2196
2028
1871
1808
1838
1874
1826
1658
1411
1175
1031
993
1026
1029
913
691
446
243
97
30
21
-21
-165
-448
-780
-1035
-1156
-1169
-1151
-1170
-1261
-1398
-1515
-1557
-1526
-1433
-1308
-1197
-1156
-1188
-1247
-1270
-1244
-1158
-1029
-926
-912
-983
-1072
-1102
-1066
-996
-929
-877
-879
-934
-993
-1029
-1028
-1000
-959
-918
-904
-941
-1005
-1064
-1075
-1027
-920
-797
-724
-746
-820
-865
-806
-633
-422
-278
-252
-315
-389
-381
-266
-75
121
240
250
208
189
256
407
607
817
990
1074
1068
1039
1075
1207
1387
1557
1680
1739
1737
1700
1675
1725
1839
1975
2081
2098
2018
1887
1767
1714
1738
1787
1778
1652
1433
1219
1090
1045
1023
962
844
679
479
273
131
66
45
10
-94
-273
-489
-684
-811
-846
-822
-806
-850
-965
-1106
-1212
-1248
-1201
-1100
-1027
-1023
-1114
-1258
-1360
-1373
-1314
-1236
-1199
-1219
-1271
-1322
-1325
-1266
-1161
-1044
-962
-946
-983
-1033
-1050
-984
-873
-786
-749
-759
-779
-768
-704
-595
-476
-382
-318
-271
-231
-196
-159
-99
-13
75
129
140
111
77
79
139
236
330
386
374
295
199
150
193
304
441
558
602
547
438
367
425
602
805
954
995
930
818
768
857
1063
1265
1363
1324
1206
1098
1063
1114
1196
1233
1162
1008
838
719
672
668
631
548
440
330
238
170
132
109
69
10
-58
-119
-160
-182
-180
-146
-125
-145
-185
-210
-211
-205
-198
-194
-163
-118
-113
-173
-270
-351
-389
-400
-411
-460
-549
-665
-791
-896
-944
-939
-929
-948
-1009
-1086
-1135
-1127
-1060
-965
-901
-876
-869
-838
-770
-680
-581
-459
-323
-215
-155
-128
-100
-43
36
115
171
176
135
74
38
46
85
101
75
7
-78
-146
-179
-174
-129
-76
-59
-83
-119
-135
-109
-55
13
98
190
265
303
329
373
457
581
730
847
885
853
807
803
859
926
957
934
856
745
652
611
616
627
581
478
356
252
191
168
153
127
61
-32
-123
-176
-164
-112
-63
-61
-107
-164
-183
-131
-43
28
55
43
38
54
61
46
18
12
33
67
83
54
-21
-122
-213
-254
-241
-211
-219
-291
-419
-566
-640
-609
-517
-432
-418
-480
-561
-598
-566
-472
-351
-265
-235
-236
-222
-162
-79
3
58
98
149
195
216
218
205
182
156
140
145
135
74
-38
-153
-224
-219
-170
-134
-146
-229
-332
-395
-391
-325
-230
-167
-176
-236
-279
-260
-176
-44
84
153
143
89
67
117
237
348
405
403
349
276
230
239
288
337
343
300
231
164
104
66
69
99
118
87
18
-61
-108
-92
-33
37
84
97
79
54
46
66
123
189
238
249
226
182
148
157
207
256
269
239
181
127
83
65
62
58
42
1
-48
-99
-139
-162
-182
-180
-160
-123
-103
-126
-179
-202
-163
-94
-25
18
40
29
-13
-59
-48
27
123
162
122
47
-22
-56
-50
-24
-15
-37
-93
-159
-198
-220
-239
-273
-313
-341
-351
-343
-333
-331
-336
-338
-322
-276
-205
-143
-121
-112
-96
-53
1
53
104
143
174
196
218
253
286
284
249
205
179
182
196
191
150
95
27
-38
-76
-74
-55
-50
-80
-128
-172
-192
-176
-139
-99
-62
-44
-36
-14
21
63
94
114
142
190
239
251
238
219
215
228
250
267
271
248
195
141
103
87
70
34
1
-22
-52
-97
-141
-157
-131
-107
-101
-122
-132
-101
-57
-24
-13
-3
22
60
89
101
104
108
110
124
155
175
173
144
101
62
34
9
-6
-13
-28
-50
-91
-138
-180
-205
-201
-189
-186
-203
-236
-280
-303
-286
-239
-195
-163
-145
-148
-156
-151
-128
-76
-19
8
4
0
8
25
41
49
54
63
71
60
46
25
13
-2
-17
-18
-1
30
49
28
-22
-52
-48
-3
58
95
86
41
2
0
52
129
185
190
141
88
73
107
168
204
189
153
107
75
80
102
119
101
54
-8
-52
-62
-54
-50
-66
-97
-125
-131
-107
-71
-58
-57
-53
-44
-11
22
39
38
34
42
68
103
131
131
101
63
33
35
68
86
56
-12
-83
-122
-116
-94
-83
-100
-145
-186
-206
-192
-158
-136
-142
-166
-177
-161
-117
-68
-32
-18
-3
29
79
131
152
150
140
139
147
157
168
168
155
119
75
42
42
50
41
3
-57
-120
-158
-165
-155
-133
-105
-93
-118
-150
-169
-153
-103
-53
-27
-23
-38
-41
-33
2
61
113
151
163
158
160
176
203
225
235
219
185
149
121
116
115
98
52
-10
-51
-69
-76
-88
-113
-141
-169
-185
-193
-196
-202
-205
-201
-186
-149
-100
-47
-9
-15
-40
-45
-15
49
127
185
204
198
190
212
252
265
233
151
65
4
-16
-20
-32
-63
-116
-159
-171
-158
-137
-137
-163
-188
-174
-127
-79
-55
-60
-78
-90
-72
-26
25
54
49
40
62
120
173
201
187
142
94
60
52
63
65
36
-23
-81
-103
-88
-58
-45
-67
-122
-166
-178
-155
-118
-90
-87
-110
-133
-138
-114
-67
-25
7
15
22
39
80
137
180
183
163
142
135
155
176
191
184
165
139
120
123
134
133
108
68
33
26
35
44
31
6
-17
-24
-11
5
10
-6
-31
-50
-41
-13
10
6
-14
-26
-24
-7
11
16
-6
-37
-62
-63
-48
-42
-55
-92
-138
-175
-182
-171
-155
-153
-168
-192
-205
-201
-174
-138
-116
-108
-109
-108
-88
-41
6
45
63
68
72
84
116
146
165
161
146
132
125
123
119
108
93
70
39
8
-23
-47
-62
-66
-65
-75
-92
-112
-124
-115
-89
-59
-27
-10
-3
6
26
54
81
102
101
95
96
102
107
103
93
80
68
58
55
44
28
3
-26
-29
-20
-7
-1
-9
-26
-37
-35
-22
-9
4
6
2
-3
1
16
31
47
59
65
81
98
106
112
101
83
76
77
79
72
50
14
-10
-19
-9
-3
-14
-49
-95
-135
-147
-128
-111
-106
-125
-160
-190
-197
-184
-160
-141
-133
-131
-126
-104
-70
-41
-18
4
23
41
57
65
77
87
96
114
127
131
122
101
80
68
62
55
37
4
-34
-64
-86
-89
-79
-80
-84
-97
-114
-115
-107
-88
-63
-37
-16
-1
11
23
40
72
111
139
145
142
137
136
146
163
170
158
140
115
89
68
56
41
19
-3
-23
-34
-47
-63
-80
-87
-74
-56
-38
-30
-29
-38
-46
-43
-26
2
16
12
-10
-25
-27
-14
10
20
11
-4
-31
-46
-42
-25
-14
-20
-27
-41
-55
-56
-58
-53
-44
-48
-63
-76
-83
-81
-75
-59
-40
-28
-22
-24
-19
-11
-5
1
8
14
19
19
12
10
16
33
48
57
56
51
47
45
56
68
78
71
60
45
28
17
8
2
-12
-25
-42
-56
-58
-57
-58
-46
-33
-27
-22
-23
-29
-28
-12
5
24
42
49
50
53
61
79
97
106
108
94
79
74
69
72
71
60
41
22
6
-3
-7
-10
-17
-22
-28
-32
-30
-27
-28
-26
-19
-1
12
23
22
11
4
8
21
35
40
30
9
-7
-13
-5
5
7
-10
-42
-66
-84
-90
-82
-74
-79
-94
-111
-126
-122
-112
-101
-91
-85
-82
-80
-74
-56
-38
-21
0
21
34
41
49
48
56
70
78
88
90
84
74
62
58
56
50
30
2
-33
-49
-48
-54
-61
-73
-83
-90
-88
-83
-83
-84
-93
-98
-89
-77
-59
-55
-52
-42
-27
3
31
49
56
65
75
