0
0
0
0
-1
-1
-1
-2
-1
-1
0
-1
1
1
2
1
1
1
1
2
1
2
2
1
1
0
1
0
0
0
0
0
1
-1
-1
0
0
-1
0
1
0
0
1
0
1
0
1
2
1
1
1
1
1
0
1
0
0
1
1
0
-1
0
-1
-1
-1
-2
0
-1
0
0
0
-1
-1
0
0
1
1
2
1
1
0
1
-1
0
0
-1
-1
-1
-2
-1
-1
-1
1
0
-1
0
-1
-1
0
0
1
1
1
1
2
1
1
0
0
1
-1
0
-1
0
0
0
0
0
0
0
0
-1
0
0
-1
0
-1
-1
0
0
1
0
1
2
1
1
2
3
2
1
0
1
0
0
0
0
-1
-1
-1
-1
-2
-1
-1
0
0
0
0
1
1
0
1
1
0
1
0
0
0
1
0
0
-1
0
-1
0
0
0
0
0
-1
-1
0
-1
0
1
0
0
0
0
0
0
0
1
0
0
2
-1
0
0
0
0
0
0
1
0
0
0
0
0
-1
-1
-1
0
0
0
0
-1
-1
0
-1
0
0
0
0
0
0
0
0
-1
0
0
0
0
0
0
0
0
0
0
-1
0
-1
0
0
-1
-1
0
-1
-1
-1
-2
0
-1
0
0
0
0
1
1
1
0
1
0
1
1
0
-1
0
0
1
0
0
0
-1
0
0
1
0
0
1
0
0
1
0
1
1
0
-1
-1
0
0
-1
0
0
0
0
0
0
0
-1
0
0
0
1
0
0
0
-1
0
0
1
0
1
1
1
2
1
0
1
0
0
0
0
1
0
0
0
-1
0
0
0
-1
-1
0
-1
0
0
0
0
1
0
0
0
-1
1
1
-1
0
0
0
0
-1
0
0
0
0
0
0
0
-1
-1
0
-1
0
-1
0
0
-1
-1
-1
0
-1
-1
0
0
0
0
0
0
0
-1
0
-1
0
-1
0
0
0
-1
0
-1
-1
0
-1
0
-1
0
0
1
0
0
1
0
0
1
0
-1
-1
0
0
-1
1
0
0
1
0
0
1
0
0
0
0
1
0
0
1
0
1
-1
0
1
0
0
0
1
0
1
0
0
1
-1
0
-1
0
-1
-1
-1
0
0
0
0
0
0
0
0
1
0
1
1
1
-1
0
1
0
0
0
1
0
0
-1
0
0
0
0
0
0
1
0
1
0
-1
0
0
0
0
0
0
0
0
0
-1
-1
0
0
0
0
0
0
-1
0
0
1
0
0
0
1
-1
1
0
0
0
-1
-1
-1
-1
-1
-1
0
0
0
1
1
-1
0
1
1
0
1
1
0
0
1
1
0
0
-1
0
1
1
0
-1
0
-1
1
-1
1
1
0
0
0
0
0
0
0
1
1
1
1
0
0
0
1
0
1
0
1
0
0
0
-1
1
-1
-1
-1
-1
-1
-1
-1
-1
-1
-1
-1
-1
-1
0
0
-1
0
1
0
0
1
0
1
1
1
0
0
0
1
-1
1
0
0
0
0
0
0
-1
-2
-1
-1
0
0
0
0
1
1
1
0
1
1
0
1
0
0
0
-1
0
0
0
0
1
0
1
0
0
0
1
1
1
1
0
-1
0
0
0
0
-1
0
-1
0
-1
0
0
-1
0
-1
-1
0
0
-1
0
0
0
0
1
1
1
1
0
1
0
0
0
0
-1
0
0
0
0
1
-1
0
0
0
1
0
1
0
-1
0
1
-1
0
0
-1
-1
0
-1
0
0
0
0
0
0
0
0
0
1
0
2
0
0
0
0
0
0
0
0
-1
-1
-1
-1
0
0
1
0
-1
0
-1
0
0
0
-1
0
0
0
0
0
0
-1
0
0
0
0
0
0
-2
0
-1
-1
0
0
1
1
1
0
1
0
1
0
0
0
0
-1
0
0
1
0
0
1
1
2
1
0
1
1
0
0
-1
-1
0
0
0
-1
-1
0
0
1
1
0
-1
0
-1
0
1
0
0
0
0
0
1
-1
0
0
-1
-1
-1
1
0
0
0
0
0
0
0
1
1
1
1
1
1
0
1
0
1
1
0
0
-1
0
1
1
0
0
-1
0
0
-1
-1
0
0
0
-1
-1
-1
0
0
0
0
0
1
0
1
1
0
0
0
0
0
1
1
0
1
-2
0
-1
-1
1
-1
-1
1
1
0
0
0
0
0
0
0
0
0
0
0
0
-1
0
0
0
0
-1
1
0
0
0
0
-1
0
0
0
1
-1
1
-1
0
0
0
0
0
-1
0
-1
0
0
1
0
-1
1
0
0
0
0
0
0
1
0
0
0
-1
0
0
0
0
0
1
-1
0
0
0
0
0
0
-1
1
0
0
1
0
0
0
1
0
0
0
1
1
0
0
1
0
-1
-1
0
0
0
-1
0
0
1
0
0
0
-2
-1
0
-1
0
0
0
-2
-1
0
0
-1
0
1
0
2
1
1
0
1
0
0
0
1
0
0
1
1
0
0
0
-1
0
0
0
-1
0
0
0
2
0
0
0
0
-1
1
1
0
0
0
-1
0
-1
0
0
-1
-1
0
0
0
0
-1
0
-1
0
0
0
0
1
0
-1
0
0
-1
0
0
-1
1
0
0
0
0
0
1
1
0
1
0
0
1
0
1
0
0
1
0
-1
-1
0
0
-1
0
1
1
0
0
1
0
1
0
0
0
1
1
0
1
0
0
0
0
-1
0
0
0
0
-1
-1
0
0
0
0
0
0
1
0
1
0
-1
0
0
0
0
0
-1
0
-1
1
-1
0
1
0
0
1
0
-1
1
-1
-1
1
0
0
0
1
1
0
0
1
0
1
0
0
0
0
1
0
-1
0
0
0
0
0
1
0
0
0
0
0
0
1
0
-1
0
0
0
0
1
0
1
1
0
1
1
1
0
-2
0
0
1
0
0
1
0
0
0
0
-1
0
-1
0
0
0
0
1
1
0
0
0
0
0
0
0
0
0
0
0
-1
-1
0
-1
-1
0
0
0
0
0
0
0
0
-1
0
0
0
0
0
0
0
0
0
0
-1
0
0
1
0
-1
0
0
0
1
1
-1
0
1
0
-1
-1
0
-1
0
0
-1
0
0
-1
0
0
1
0
0
0
0
0
1
0
0
0
0
0
0
0
1
0
-1
-1
0
0
0
0
0
0
0
1
0
1
0
0
0
0
1
0
-1
0
0
0
0
-1
0
0
0
-1
0
0
0
-1
0
0
0
0
-1
0
0
1
0
0
2
0
1
0
0
0
-1
-1
-1
-1
1
0
0
0
0
1
0
0
0
1
0
0
0
0
0
0
0
0
0
-1
0
0
0
0
1
0
0
0
1
0
0
-1
0
0
0
1
0
-1
0
0
0
-1
0
-1
0
0
0
1
0
1
-1
0
1
0
0
0
1
-2
0
1
-1
0
0
0
-1
-1
0
0
-1
0
0
0
-1
0
-1
0
0
0
0
-1
-1
0
0
1
1
1
1
0
0
0
0
0
0
0
-1
0
-1
-1
0
0
0
0
0
1
1
0
1
0
0
-1
-1
0
0
1
0
0
0
0
0
1
0
1
1
0
1
-1
0
0
0
0
-1
-1
-1
0
1
-1
0
-1
1
0
0
0
0
1
0
0
1
1
0
0
0
0
0
1
0
1
-1
0
-1
0
0
0
0
1
1
0
1
1
0
0
0
0
0
1
1
0
0
1
0
-1
0
0
0
0
0
1
-1
1
0
0
0
0
-1
-1
0
0
1
0
0
0
0
-1
0
0
0
-1
-1
-1
-1
-2
0
0
0
0
1
0
0
0
0
0
0
-1
0
0
0
0
0
0
0
1
0
-1
0
0
0
1
0
0
0
0
0
1
0
-1
0
0
0
-1
0
0
-1
0
0
-1
0
0
-1
0
0
0
0
1
1
0
0
0
1
0
0
0
0
0
0
0
1
0
0
0
0
0
0
0
0
0
0
-1
0
0
0
0
1
1
1
0
0
0
0
0
1
0
1
-1
0
0
0
0
-1
0
0
-1
0
0
-1
2
0
-1
0
0
1
0
0
0
-1
0
0
0
0
-1
-1
0
0
0
-1
0
0
0
0
0
0
0
-1
-1
0
-1
-1
-1
0
1
0
0
1
0
-1
0
-1
0
0
1
1
0
0
-1
1
0
-1
1
0
0
-1
0
0
0
1
0
0
0
1
0
1
1
1
0
1
0
0
-1
0
-1
0
0
1
0
0
1
0
0
0
-1
0
-1
0
-1
-1
1
0
0
0
0
0
0
1
0
0
0
0
1
-1
-1
0
0
0
-1
0
0
1
1
-1
0
1
0
0
0
0
0
0
1
-1
1
0
0
1
0
0
-1
0
0
-1
0
1
0
0
0
0
0
0
0
0
0
0
0
0
0
0
0
1
0
0
0
0
0
0
0
0
0
1
1
0
1
1
0
1
0
1
0
-1
-1
0
-1
0
0
1
1
0
0
0
-1
-1
0
0
0
-1
0
0
1
-1
0
0
-1
0
0
-1
2
0
0
0
0
0
0
1
-1
1
0
0
-1
0
0
-1
0
-1
0
0
0
0
0
0
-1
0
-1
0
0
0
0
0
-1
0
-1
-1
0
0
0
0
0
0
0
0
1
1
0
1
1
0
0
0
0
0
0
0
0
-1
0
0
0
-1
0
-1
0
0
0
0
0
0
-1
0
0
0
0
0
-1
-1
0
-2
0
-1
0
0
0
0
0
0
-1
0
1
1
0
0
1
0
0
0
-1
1
0
0
0
-1
0
0
-1
-1
-1
1
0
1
0
0
-1
0
0
1
1
1
0
0
0
-1
0
1
-1
0
0
0
1
1
1
0
2
0
0
0
0
0
1
0
-1
0
0
0
0
0
0
0
0
0
1
0
0
0
0
0
0
1
1
0
1
-1
0
0
0
0
1
0
0
0
-1
0
0
0
0
0
0
0
0
-1
0
0
0
0
1
0
0
0
0
0
0
0
1
0
0
0
1
2
1
0
0
0
1
0
0
0
0
-1
1
0
1
-1
0
1
0
0
-1
0
-1
-1
0
0
-1
-1
0
0
1
0
1
0
-1
0
1
0
0
-1
0
0
0
0
0
0
0
1
0
0
0
0
0
0
1
0
-1
0
0
0
1
0
-1
0
0
1
0
0
-1
-1
0
0
0
0
0
0
0
0
-1
0
0
-1
-1
0
0
-1
0
-1
0
0
0
0
1
-1
0
-1
-1
0
0
0
-1
1
-1
0
0
1
0
0
0
0
0
0
0
1
-1
1
0
0
1
0
0
0
1
1
1
1
1
1
1
1
1
0
0
1
1
0
1
1
1
0
1
1
0
1
1
1
0
-1
0
0
0
0
0
0
0
0
0
1
0
0
0
-1
-1
0
0
-1
-1
0
-1
-1
0
-1
0
-1
-1
-1
0
-1
-2
-1
-1
0
0
0
0
0
0
0
-1
-1
0
0
-1
-1
-1
0
0
0
0
-1
0
1
0
0
1
0
0
0
0
0
0
-1
0
-1
0
0
0
1
0
0
-1
0
1
1
0
1
0
1
1
1
0
1
1
0
0
0
0
0
1
0
0
-1
0
-1
0
0
0
1
1
0
0
0
0
1
0
0
0
0
0
-1
0
-1
0
0
0
1
0
0
1
0
0
0
0
0
0
1
0
0
1
0
0
1
1
1
0
2
1
1
1
1
2
1
1
1
0
0
0
0
-1
0
1
0
0
0
0
0
-1
0
-1
-1
-2
-2
-2
-2
-2
-2
-3
-2
-3
-3
-3
-2
-2
-2
-3
-1
-1
-1
-1
-2
-1
-1
-1
-1
0
0
0
0
0
0
1
1
0
2
1
1
2
3
2
3
1
2
3
3
2
2
1
1
2
1
2
1
0
0
0
0
-1
-1
0
-2
-1
-1
-2
-2
-3
-2
-2
-3
-2
-2
-3
-2
-2
-2
-2
-3
-2
-2
-1
-1
-2
0
-1
-1
0
1
1
2
3
3
3
4
4
5
4
5
6
7
6
6
6
8
7
8
8
7
8
8
8
7
8
8
7
7
7
6
5
5
4
4
3
2
1
0
0
-1
-2
-4
-5
-5
-6
-8
-8
-9
-10
-11
-12
-15
-15
-15
-17
-18
-19
-19
-19
-21
-21
-19
-20
-21
-20
-22
-23
-23
-22
-23
-22
-21
-21
-20
-18
-16
-16
-13
-11
-9
-6
-6
-3
0
2
4
8
12
15
20
22
27
31
35
39
42
44
48
51
54
57
59
62
64
66
68
67
67
66
64
63
58
54
51
45
42
38
33
29
22
18
14
10
5
1
-3
-8
-12
-18
-24
-31
-37
-43
-49
-55
-60
-65
-68
-72
-74
-74
-77
-79
-81
-84
-86
-89
-88
-89
-89
-88
-88
-88
-87
-85
-83
-81
-77
-74
-73
-70
-68
-68
-67
-65
-64
-61
-61
-59
-57
-53
-51
-47
-41
-36
-28
-21
-13
-6
1
11
19
26
33
42
50
56
64
72
81
92
102
113
122
131
139
146
151
155
156
159
160
160
161
164
167
172
176
179
184
187
189
191
192
193
193
189
184
177
170
161
152
142
131
125
114
105
96
85
75
63
46
31
14
-3
-21
-37
-55
-75
-96
-115
-133
-150
-166
-179
-189
-199
-207
-214
-221
-228
-235
-242
-251
-259
-266
-272
-278
-283
-290
-291
-292
-291
-289
-288
-285
-281
-278
-272
-269
-265
-259
-257
-252
-247
-244
-240
-238
-237
-236
-235
-231
-228
-222
-216
-211
-204
-195
-185
-174
-158
-144
-129
-113
-94
-74
-51
-25
2
31
66
104
144
186
229
271
315
358
403
445
485
523
561
594
624
652
678
703
724
742
756
768
776
780
779
772
760
747
728
705
678
646
608
563
516
463
406
349
291
228
167
107
42
-21
-86
-151
-216
-280
-344
-406
-467
-526
-582
-634
-683
-724
-759
-789
-812
-828
-836
-837
-834
-822
-804
-782
-757
-728
-694
-656
-614
-568
-521
-471
-415
-362
-308
-253
-204
-151
-101
-52
-1
52
106
155
202
247
288
324
356
386
413
434
451
463
471
472
471
463
451
434
413
387
358
321
283
240
198
153
107
61
12
-37
-89
-139
-185
-233
-279
-325
-367
-403
-439
-472
-505
-533
-561
-581
-602
-618
-621
-619
-609
-595
-576
-554
-530
-503
-475
-448
-415
-380
-341
-301
-258
-209
-160
-109
-56
-2
55
111
168
228
289
349
410
473
533
593
651
713
770
822
874
923
965
1002
1034
1062
1087
1104
1118
1127
1127
1122
1109
1089
1061
1025
987
944
893
836
772
699
622
538
450
356
258
157
54
-47
-151
-253
-348
-439
-525
-609
-682
-745
-804
-852
-891
-922
-947
-967
-977
-985
-982
-976
-964
-942
-917
-887
-848
-810
-769
-724
-673
-619
-561
-497
-430
-366
-304
-245
-189
-138
-87
-39
6
48
86
120
147
169
188
199
207
212
212
206
196
183
167
146
123
96
63
27
-11
-49
-89
-134
-178
-222
-273
-325
-375
-423
-470
-515
-559
-600
-635
-666
-691
-713
-733
-751
-766
-774
-776
-771
-758
-736
-705
-671
-623
-569
-510
-442
-363
-279
-190
-96
3
106
211
321
435
548
663
778
898
1013
1124
1234
1343
1448
1546
1635
1718
1792
1856
1910
1948
1973
1986
1987
1976
1949
1912
1865
1805
1732
1646
1546
1438
1318
1188
1051
909
758
602
442
279
114
-50
-212
-371
-531
-689
-843
-991
-1134
-1266
-1392
-1504
-1607
-1704
-1784
-1852
-1907
-1954
-1986
-2006
-2012
-2005
-1983
-1947
-1895
-1831
-1757
-1671
-1576
-1478
-1375
-1264
-1148
-1031
-910
-784
-657
-527
-394
-262
-130
1
129
252
367
476
579
671
757
835
900
956
1003
1037
1063
1078
1084
1091
1091
1080
1061
1032
997
957
908
850
785
713
637
556
466
371
273
170
61
-48
-154
-255
-354
-452
-541
-625
-705
-781
-855
-918
-975
-1023
-1062
-1094
-1122
-1140
-1145
-1145
-1133
-1112
-1076
-1030
-975
-910
-837
-752
-656
-555
-446
-333
-217
-97
27
150
273
399
528
656
783
908
1032
1150
1263
1371
1473
1566
1650
1723
1787
1841
1883
1914
1934
1942
1933
1919
1892
1851
1799
1735
1659
1572
1476
1367
1254
1129
994
849
703
550
388
229
59
-111
-282
-456
-623
-789
-947
-1093
-1231
-1362
-1479
-1582
-1673
-1751
-1818
-1871
-1906
-1928
-1933
-1921
-1895
-1859
-1808
-1745
-1670
-1581
-1482
-1374
-1257
-1133
-1012
-901
-773
-639
-510
-375
-231
-91
52
193
321
443
548
655
738
794
849
880
891
889
875
860
819
787
750
675
634
574
480
423
343
239
170
81
-24
-92
-178
-281
-351
-441
-535
-601
-676
-751
-806
-851
-904
-944
-970
-1007
-1020
-1029
-1045
-1042
-1025
-1009
-985
-948
-906
-858
-792
-718
-639
-539
-439
-326
-202
-71
67
214
364
514
666
815
972
1123
1267
1410
1545
1665
1779
1898
1982
2060
2146
2192
2224
2257
2255
2245
2230
2179
2122
2056
1962
1868
1748
1612
1486
1327
1170
1011
829
659
487
280
97
-65
-269
-447
-598
-779
-945
-1085
-1225
-1379
-1470
-1568
-1706
-1729
-1785
-1879
-1851
-1869
-1898
-1835
-1812
-1786
-1704
-1630
-1573
-1488
-1361
-1270
-1200
-1025
-945
-881
-644
-639
-566
-297
-340
-242
-25
-50
57
189
223
246
350
458
336
488
599
388
584
638
420
601
612
422
558
562
345
441
467
175
268
286
9
107
37
-176
-96
-184
-359
-350
-400
-561
-603
-623
-758
-821
-815
-932
-1013
-986
-1071
-1174
-1117
-1163
-1250
-1157
-1173
-1192
-1077
-1049
-1010
-873
-776
-687
-540
-363
-250
-77
104
235
438
620
754
938
1141
1254
1408
1583
1694
1857
1969
2031
2190
2286
2301
2411
2493
2446
2493
2533
2431
2374
2421
2263
2059
2149
1910
1617
1709
1419
1085
1129
866
495
498
317
-195
-151
-280
-867
-774
-867
-1336
-1310
-1347
-1693
-1729
-1695
-1987
-2016
-1921
-2132
-2134
-1980
-2092
-2006
-1917
-1908
-1710
-1696
-1594
-1332
-1323
-1230
-928
-909
-860
-523
-409
-587
-222
154
-433
86
592
-377
374
844
-203
425
1066
56
259
1208
222
120
1221
368
45
1075
575
34
743
746
145
346
725
293
80
584
329
-42
369
281
-150
87
116
-369
-207
-217
-553
-573
-639
-681
-976
-932
-997
-1376
-1172
-1369
-1662
-1483
-1565
-1765
-1735
-1650
-1770
-1760
-1604
-1665
-1581
-1362
-1324
-1203
-973
-802
-635
-406
-147
44
351
605
773
1114
1369
1575
1834
2085
2307
2473
2691
2830
2954
3098
3150
3261
3270
3236
3226
3176
3105
2924
2889
2743
2500
2430
2158
1923
1786
1474
1193
999
738
419
219
-84
-392
-560
-903
-1177
-1285
-1587
-1790
-1837
-2064
-2243
-2219
-2357
-2509
-2436
-2478
-2538
-2451
-2392
-2385
-2240
-2125
-2070
-1890
-1732
-1625
-1446
-1243
-1068
-910
-698
-481
-333
-171
-2
176
265
374
543
497
684
739
521
838
749
452
955
696
288
949
636
106
732
677
26
407
769
-54
130
744
-146
-8
515
-125
-96
229
-73
-282
68
-166
-460
-94
-437
-474
-363
-723
-599
-764
-882
-1005
-1188
-1121
-1483
-1588
-1625
-1861
-1891
-2002
-2077
-2137
-2114
-2147
-2181
-1978
-1976
-1805
-1598
-1478
-1140
-891
-637
-349
-50
244
575
894
1155
1566
1858
2062
2429
2676
2925
3173
3376
3577
3698
3876
3975
3979
4014
4016
3915
3785
3716
3548
3330
3126
2861
2554
2248
1967
1576
1249
1019
582
258
31
-371
-702
-914
-1252
-1609
-1758
-1999
-2326
-2348
-2540
-2820
-2749
-2899
-3003
-2981
-2960
-3003
-2948
-2742
-2807
-2549
-2325
-2296
-1990
-1814
-1578
-1340
-1161
-863
-728
-428
-142
-242
158
557
142
574
965
450
879
1103
715
894
1028
971
659
846
1124
425
635
962
212
385
723
134
82
602
88
-166
409
4
-175
118
-10
-189
-129
88
-263
-323
-19
-291
-473
-310
-384
-722
-659
-655
-987
-980
-1006
-1252
-1362
-1523
-1777
-1968
-2052
-2162
-2439
-2499
-2503
-2589
-2636
-2738
-2603
-2426
-2336
-2259
-2028
-1518
-1219
-1050
-686
-240
169
516
933
1412
1887
2327
2565
2913
3391
3680
3929
4167
4426
4676
4843
4909
4939
5043
4968
4715
4554
4452
4266
3918
3519
3215
2846
2359
1870
1475
1117
626
142
-214
-586
-905
-1305
-1722
-1947
-2256
-2539
-2731
-2961
-3033
-3200
-3483
-3535
-3510
-3604
-3704
-3635
-3535
-3449
-3311
-3191
-2859
-2476
-2348
-2086
-1622
-1225
-891
-514
-147
231
645
798
991
1400
1499
1446
1679
1737
1550
1816
1730
1142
1531
1443
603
1133
1091
254
607
655
-115
-71
440
-435
-593
91
-748
-737
-271
-799
-905
-618
-749
-1033
-710
-619
-756
-731
-668
-627
-701
-443
-558
-754
-679
-695
-898
-1179
-1105
-1310
-1690
-2007
-2444
-2554
-2644
-3050
-3355
-3366
-3308
-3439
-3657
-3502
-3064
-2985
-2931
-2594
-2030
-1312
-1058
-890
-143
558
866
1202
1835
2537
2993
3275
3629
4222
4752
4949
5111
5446
5821
5958
5885
5962
6127
5999
5659
5435
5283
5121
4709
4182
3747
3361
2864
2126
1582
1273
663
-120
-621
-998
-1440
-1990
-2580
-2890
-3099
-3500
-3864
-3945
-3960
-4117
-4390
-4475
-4276
-4164
-4239
-4113
-3861
-3615
-3449
-3332
-2867
-2381
-2196
-1913
-1371
-826
-411
-38
319
806
1143
1333
1733
2133
2375
2356
2352
2408
2357
2228
1938
1778
1695
1156
848
776
320
-7
-292
-663
-823
-913
-1142
-1378
-1461
-1432
-1602
-1757
-1436
-1205
-1354
-1313
-1043
-924
-815
-698
-655
-443
-135
-166
-261
-128
-120
-264
-458
-656
-723
-740
-1115
-1834
-2245
-2330
-2703
-3239
-3618
-3754
-3736
-4026
-4502
-4430
-3961
-3893
-4019
-3696
-2828
-2041
-1769
-1442
-582
338
795
1201
2088
3137
3776
3991
4443
5272
5785
5893
6068
6522
6918
6951
6822
6906
7074
6851
6289
5956
5899
5675
5083
4490
4076
3586
2870
2027
1498
1153
434
-436
-991
-1338
-1846
-2572
-3144
-3408
-3676
-4108
-4485
-4528
-4458
-4763
-5103
-5037
-4837
-4778
-4797
-4575
-4175
-3995
-3906
-3597
-3024
-2555
-2258
-1823
-1161
-529
-183
189
782
1259
1518
1808
2231
2590
2715
2720
2638
2572
2496
2271
2045
1934
1728
1269
932
646
255
-172
-451
-615
-894
-1012
-1269
-1535
-1622
-1790
-1943
-1898
-1722
-1753
-1635
-1424
-1368
-1264
-1263
-1138
-760
-309
-133
-222
-105
-6
-91
-298
-485
-304
-316
-1127
-1919
-2180
-2260
-2815
-3712
-4071
-3894
-4087
-4921
-5216
-4663
-4346
-4693
-4792
-3771
-2466
-2048
-2084
-1476
-218
569
805
1640
3083
4042
4124
4245
5137
6080
6313
6254
6679
7392
7582
7269
7203
7477
7365
6652
6028
6053
6149
5565
4662
4067
3696
3003
1941
1264
1151
711
-343
-1229
-1582
-1869
-2550
-3300
-3568
-3628
-3990
-4398
-4370
-4157
-4400
-4899
-4926
-4588
-4345
-4272
-4091
-3744
-3704
-3838
-3594
-2966
-2352
-2032
-1789
-1291
-694
-321
-18
538
1073
1391
1688
2081
2554
2776
2553
2311
2329
2381
2302
2262
2190
1839
1327
831
530
406
215
-73
-334
-518
-812
-1153
-1412
-1609
-1616
-1731
-1925
-1866
-1743
-1716
-1738
-1711
-1637
-1652
-1499
-1073
-751
-775
-956
-1012
-1095
-1412
-1717
-1469
-1224
-2025
-3275
-3762
-3489
-3631
-4581
-5127
-4680
-4388
-5175
-5783
-4894
-3775
-3891
-4340
-3463
-1632
-743
-951
-526
977
2010
2061
2578
4174
5476
5450
5139
5891
7079
7321
6940
7228
8069
8162
7441
7077
7474
7593
6662
5682
5672
5882
5229
4006
3261
3019
2322
1048
283
368
121
-1117
-2326
-2576
-2556
-3164
-3965
-4019
-3628
-3887
-4578
-4566
-3949
-3810
-4355
-4520
-3847
-3164
-3147
-3242
-2889
-2502
-2671
-2919
-2340
-1330
-914
-1115
-1100
-543
-119
-142
15
630
1119
988
840
1186
1505
1299
779
634
889
996
796
604
561
288
-175
-447
-315
-64
-125
-419
-601
-684
-825
-990
-923
-737
-675
-728
-733
-610
-512
-493
-517
-467
-281
-154
-240
-379
-468
-556
-921
-1583
-1892
-1585
-1817
-3202
-4557
-4727
-4272
-4657
-5794
-6025
-5256
-5389
-6686
-6889
-5210
-3855
-4288
-4741
-3218
-1085
-672
-1142
-140
1944
2846
2632
3414
5423
6587
5998
5600
6836
8244
8222
7688
8182
9012
8634
7472
7206
7925
7927
6675
5626
5661
5624
4497
3094
2560
2445
1570
65
-675
-580
-1105
-2602
-3752
-3749
-3571
-4163
-4878
-4702
-4234
-4582
-5227
-4975
-3940
-3425
-3752
-3756
-2989
-2318
-2362
-2443
-1820
-1023
-1004
-1361
-1015
-270
-4
-199
-179
368
779
711
624
819
960
754
497
540
736
619
156
-180
-218
-274
-574
-847
-822
-725
-859
-1071
-1012
-765
-584
-579
-700
-602
-324
-108
59
211
354
383
277
257
429
514
304
90
191
360
134
-350
-589
-652
-1091
-1919
-2215
-1845
-2380
-4311
-5762
-5384
-4704
-5674
-7098
-6794
-5747
-6372
-7830
-7240
-4986
-4150
-5100
-4874
-2449
-588
-890
-1056
860
3022
3306
3100
4594
6774
7200
6292
6572
8281
9246
8703
8349
9043
9444
8537
7400
7461
8051
7556
6066
5163
5204
4781
3298
2015
1870
1784
601
-808
-1181
-1138
-2069
-3662
-4354
-3981
-3953
-4726
-5201
-4807
-4511
-4966
-5325
-4644
-3548
-3145
-3273
-3020
-2188
-1549
-1413
-1127
-354
206
78
-68
359
930
1039
822
878
1206
1203
845
714
865
817
449
107
41
20
-309
-791
-1085
-1314
-1526
-1705
-1823
-1850
-1830
-1884
-1952
-1796
-1397
-1040
-984
-1021
-821
-455
-165
51
308
610
779
662
511
593
726
706
638
623
547
314
-42
-451
-1051
-1761
-1931
-1717
-2410
-4225
-5525
-5309
-4985
-6055
-7340
-6938
-5984
-6799
-8291
-7577
-5224
-4455
-5473
-5095
-2440
-579
-1028
-1070
1136
3333
3516
3361
4982
7157
7482
6635
7071
8764
9525
8942
8778
9587
9886
8842
7728
7809
8309
7697
6232
5371
5209
4519
2984
1748
1419
1106
-41
-1411
-1956
-2076
-2964
-4438
-5194
-4924
-4739
-5274
-5713
-5292
-4764
-5010
-5291
-4566
-3338
-2740
-2682
-2311
-1466
-797
-625
-369
365
932
834
639
885
1297
1425
1230
1130
1333
1411
1186
981
830
632
461
248
-50
-233
-400
-828
-1370
-1694
-1754
-1849
-2208
-2533
-2498
-2388
-2511
-2510
-2105
-1632
-1403
-1390
-1189
-702
-220
12
190
524
833
1083
1267
1188
909
859
990
889
637
574
511
-158
-1414
-2077
-1646
-1896
-3954
-5830
-5616
-4771
-5690
-7636
-7773
-6316
-6475
-8429
-8518
-5830
-4079
-5153
-5830
-3565
-891
-833
-1577
178
3145
3967
3235
4093
6616
7933
7237
6984
8502
9942
9708
8974
9299
9981
9519
8249
7722
8147
8063
6753
5344
4842
4537
3425
1960
1218
1057
340
-1146
-2314
-2638
-3007
-4004
-4977
-5251
-5079
-5189
-5598
-5613
-5184
-4845
-4693
-4377
-3646
-2802
-2281
-2012
-1557
-725
58
366
529
871
1256
1434
1332
1375
1750
1998
1826
1520
1434
1551
1565
1176
719
653
590
79
-593
-885
-1011
-1509
-2207
-2489
-2266
-2244
-2662
-2937
-2770
-2540
-2515
-2317
-1783
-1271
-1057
-1090
-893
-351
184
394
440
678
968
1103
1046
1025
1195
1165
694
301
433
540
-124
-1404
-2246
-1950
-1913
-3652
-5836
-6233
-5273
-5532
-7472
-8350
-6996
-6282
-8012
-9177
-7135
-4449
-4532
-5764
-4416
-1333
-304
-1229
-392
2766
4608
3937
3846
6090
8276
8048
7102
8081
10048
10385
9266
8968
9842
10029
8709
7467
7608
7941
6947
5217
4314
4113
3308
1700
512
289
-83
-1422
-2906
-3509
-3672
-4389
-5406
-5780
-5481
-5380
-5719
-5786
-5249
-4669
-4460
-4094
-3232
-2187
-1454
-1035
-492
239
900
1351
1807
2297
2499
2433
2288
2190
2221
2268
2171
1880
1437
1037
731
362
-73
-306
-396
-819
-1433
-1820
-2006
-2343
-2844
-3128
-2986
-2842
-3033
-3129
-2885
-2594
-2479
-2252
-1738
-1095
-651
-417
-114
270
618
896
1149
1370
1592
1733
1497
1141
1036
997
830
536
405
349
-190
-1433
-2491
-2434
-2400
-3836
-5938
-6584
-5667
-5699
-7551
-8653
-7532
-6713
-8127
-9129
-7210
-4533
-4375
-5539
-4389
-1351
47
-520
171
2971
4991
4876
4727
6449
8614
8936
8145
8544
10110
10770
9934
9201
9514
9832
8950
7524
6970
7048
6432
4892
3494
2863
2325
1143
-269
-1009
-1296
-2173
-3597
-4546
-4688
-4896
-5712
-6402
-6224
-5680
-5638
-5803
-5364
-4434
-3702
-3307
-2691
-1607
-532
74
490
1306
2342
2971
3074
3053
3176
3167
2825
2443
2437
2607
2402
1725
1016
607
347
-114
-661
-965
-1069
-1481
-2233
-2711
-2807
-3019
-3538
-3793
-3487
-3164
-3255
-3451
-3210
-2725
-2445
-2142
-1509
-763
-292
-110
243
879
1407
1642
1814
1931
1863
1844
1915
1865
1591
1203
860
454
54
-183
-592
-1663
-2700
-2767
-2818
-4321
-6519
-7203
-6295
-6301
-7986
-8834
-7607
-6874
-8281
-9214
-7318
-4594
-4099
-4806
-3571
-800
419
-16
844
3577
5592
5694
5753
7294
8985
9113
8549
9075
10332
10765
10145
9550
9520
9377
8379
7033
6329
6191
5652
4284
2795
1805
985
-245
-1629
-2420
-2742
-3395
-4491
-5361
-5721
-5903
-6171
-6344
-6054
-5424
-4818
-4374
-3905
-3207
-2342
-1531
-837
-34
1019
2029
2610
2890
3244
3713
3916
3640
3396
3658
3922
3500
2705
2220
1958
1398
448
-166
-179
-488
-1446
-2256
-2529
-2833
-3506
-4025
-3988
-3871
-4110
-4326
-4092
-3723
-3582
-3439
-2936
-2205
-1539
-988
-476
134
682
961
1167
1550
2028
2368
2403
2145
1900
1759
1478
1056
765
582
297
-135
-575
-1004
-1805
-2905
-3408
-3465
-4515
-6587
-7787
-7289
-6897
-8202
-9574
-8841
-7497
-8100
-9278
-8038
-5185
-3945
-4484
-3766
-959
1115
1152
1563
3896
6215
6746
6744
7970
9773
10314
9767
9777
10624
11053
10545
9906
9601
9195
8219
6875
5786
5134
4367
3161
1807
589
-423
-1419
-2564
-3577
-4195
-4630
-5130
-5668
-6084
-6180
-6041
-5920
-5769
-5296
-4452
-3505
-2796
-2224
-1375
-256
712
1443
2286
3382
4259
4618
4795
5151
5350
4909
4109
3604
3518
3297
2552
1684
1047
293
-786
-1736
-2147
-2303
-2784
-3506
-3945
-4151
-4483
-4837
-4935
-4780
-4610
-4390
-3999
-3479
-2958
-2485
-2100
-1707
-1073
-101
788
1254
1694
2258
2570
2445
2310
2600
2983
2731
2050
1666
1408
828
154
-327
-641
-892
-1240
-1768
-2674
-3729
-4220
-4491
-5762
-7722
-8580
-7858
-7332
-8395
-9544
-8909
-7706
-8030
-8811
-7466
-4425
-2677
-2898
-2426
83
2420
2873
3153
5105
7519
8383
8175
8819
10347
10984
10350
9968
10549
11006
10483
9522
8836
8212
7091
5663
4507
3626
2693
1628
395
-1064
-2464
-3450
-4146
-4919
-5714
-6098
-5978
-5994
-6434
-6590
-6020
-5224
-4737
-4198
-3096
-1623
-668
-290
369
1601
2808
3520
4092
4979
5898
6163
5864
5622
5371
4711
3843
3190
2779
2224
1330
394
-439
-1397
-2406
-3118
-3490
-3759
-4106
-4506
-4914
-5323
-5553
-5452
-5136
-4753
-4305
-3735
-3136
-2600
-2069
-1476
-952
-472
246
1132
1920
2453
2702
2872
2964
2807
2636
2675
2785
2650
2088
1251
523
114
-171
-588
-1096
-1493
-1778
-2297
-3246
-4222
-4661
-4923
-6006
-7911
-9209
-8881
-8046
-8351
-9314
-9212
-8123
-7673
-7998
-7211
-4674
-2400
-1805
-1424
442
2863
4064
4379
5545
7574
8832
9018
9414
10493
11203
10860
10209
10086
10188
9854
9129
8359
7478
6315
5010
3764
2588
1450
407
-596
-1757
-3067
-4141
-4780
-5335
-6057
-6622
-6587
-6122
-5811
-5738
-5369
-4507
-3633
-3051
-2357
-1091
425
1483
2026
2660
3637
4554
5097
5455
5906
6298
6252
5709
4936
4105
3234
2423
1776
1247
695
7
-840
-1818
-2817
-3585
-3980
-4194
-4424
-4606
-4669
-4727
-4864
-4909
-4699
-4287
-3870
-3397
-2719
-1966
-1360
-913
-507
-92
387
1037
1830
2506
2851
2936
2871
2617
2283
2122
2080
1722
881
-28
-548
-764
-1143
-1808
-2413
-2668
-2714
-2932
-3539
-4271
-4744
-5244
-6474
-8253
-9242
-8666
-7646
-7733
-8528
-8435
-7377
-6762
-6838
-6122
-3954
-1718
-640
69
1623
3578
4811
5450
6397
7686
8638
9169
9832
10587
10782
10361
9968
9841
9553
8902
8261
7836
7193
5983
4605
3578
2761
1701
422
-627
-1317
-2046
-3016
-3881
-4353
-4705
-5208
-5607
-5514
-5077
-4765
-4567
-4074
-3316
-2734
-2375
-1802
-862
24
495
858
1562
2407
2944
3176
3412
3634
3586
3253
2827
2391
1876
1370
1012
678
160
-457
-933
-1314
-1814
-2294
-2449
-2409
-2522
-2815
-2937
-2761
-2560
-2478
-2413
-2292
-2249
-2229
-2004
-1612
-1277
-1073
-863
-592
-437
-341
-48
379
556
465
469
623
685
553
379
313
179
-148
-409
-450
-486
-762
-1136
-1352
-1386
-1368
-1369
-1356
-1437
-1650
-1845
-1912
-1873
-1853
-1908
-2005
-2141
-2323
-2457
-2449
-2348
-2235
-2055
-1807
-1572
-1360
-1116
-799
-525
-365
-188
65
314
498
663
900
1169
1353
1414
1437
1495
1597
1743
1932
2133
2335
2476
2509
2524
2641
2812
2899
2931
3029
3183
3242
3184
3210
3395
3536
3504
3458
3552
3680
3657
3498
3374
3302
3119
2822
2594
2470
2269
1908
1527
1233
917
477
-5
-399
-753
-1163
-1589
-1904
-2120
-2378
-2707
-3015
-3241
-3398
-3472
-3445
-3364
-3274
-3191
-3118
-3021
-2877
-2662
-2360
-2023
-1744
-1554
-1407
-1257
-1086
-892
-685
-493
-323
-193
-124
-62
47
167
198
146
145
221
228
82
-78
-133
-176
-285
-369
-319
-246
-355
-594
-753
-792
-787
-763
-684
-589
-567
-585
-553
-454
-365
-272
-88
138
290
358
448
560
524
333
161
91
36
-111
-311
-504
-765
-1150
-1555
-1834
-2027
-2231
-2422
-2567
-2689
-2816
-2901
-2868
-2768
-2633
-2408
-2078
-1683
-1307
-965
-614
-270
41
354
765
1284
1828
2316
2700
3051
3477
3951
4368
4658
4909
5191
5430
5565
5641
5751
5843
5774
5557
5322
5138
4919
4586
4191
3783
3327
2824
2351
1929
1508
1084
730
429
88
-311
-696
-1030
-1329
-1629
-1879
-2065
-2237
-2405
-2545
-2646
-2753
-2834
-2830
-2772
-2750
-2747
-2704
-2658
-2653
-2688
-2647
-2518
-2387
-2306
-2230
-2148
-2126
-2188
-2253
-2267
-2238
-2176
-2108
-2069
-2073
-2089
-2049
-1949
-1853
-1756
-1607
-1381
-1169
-1046
-950
-768
-519
-303
-96
138
379
565
672
757
870
1002
1146
1284
1386
1445
1461
1474
1475
1433
1352
1257
1151
1004
821
617
391
139
-165
-504
-822
-1082
-1291
-1517
-1757
-1958
-2101
-2214
-2299
-2299
-2195
-2052
-1927
-1777
-1550
-1313
-1127
-941
-655
-280
74
368
665
997
1339
1655
1960
2255
2505
2703
2879
3062
3235
3367
3468
3530
3554
3539
3511
3491
3442
3348
3215
3087
2975
2853
2705
2536
2381
2238
2089
1961
1881
1813
1674
1467
1273
1130
996
817
640
492
328
103
-150
-348
-510
-713
-969
-1231
-1464
-1712
-1965
-2207
-2423
-2610
-2787
-2966
-3176
-3384
-3525
-3596
-3643
-3700
-3716
-3649
-3544
-3462
-3404
-3274
-3059
-2849
-2701
-2514
-2186
-1791
-1481
-1243
-960
-613
-321
-92
168
485
767
938
1041
1151
1291
1421
1509
1540
1547
1545
1516
1439
1338
1242
1137
1007
841
679
547
411
251
74
-108
-265
-376
-432
-472
-574
-721
-879
-1020
-1158
-1273
-1299
-1251
-1186
-1164
-1168
-1163
-1184
-1229
-1248
-1183
-1026
-833
-647
-500
-480
-648
-915
-1065
-954
-618
-174
288
686
905
914
848
884
1141
1595
2178
2807
3311
3485
3273
2906
2687
2740
2980
3353
3840
4280
4451
4311
4042
3812
3635
3488
3393
3356
3259
3011
2635
2198
1707
1145
554
5
-498
-1025
-1544
-1944
-2195
-2396
-2629
-2932
-3289
-3655
-3961
-4117
-4083
-3866
-3520
-3170
-2923
-2763
-2582
-2305
-1959
-1583
-1172
-704
-224
215
573
884
1175
1394
1535
1639
1744
1791
1721
1583
1461
1365
1173
799
339
-50
-287
-436
-620
-873
-1146
-1367
-1524
-1640
-1680
-1654
-1633
-1631
-1616
-1547
-1471
-1458
-1508
-1562
-1582
-1619
-1745
-1936
-2160
-2382
-2553
-2647
-2713
-2924
-3375
-3936
-4358
-4511
-4529
-4510
-4350
-3995
-3570
-3206
-2822
-2282
-1666
-1115
-562
199
1121
1992
2775
3609
4457
5113
5511
5836
6202
6488
6642
6789
6993
7114
6969
6633
6247
5774
5145
4444
3822
3281
2729
2165
1665
1242
801
277
-221
-588
-872
-1144
-1327
-1308
-1155
-1028
-942
-798
-579
-411
-337
-221
53
417
710
883
998
1061
998
797
556
375
213
-10
-307
-614
-882
-1109
-1313
-1505
-1685
-1859
-2055
-2303
-2563
-2753
-2827
-2798
-2708
-2570
-2400
-2227
-2081
-1965
-1823
-1628
-1403
-1182
-942
-638
-345
-142
-1
147
291
365
334
250
158
61
9
38
106
112
-1
-168
-335
-558
-899
-1304
-1622
-1771
-1810
-1804
-1761
-1729
-1837
-2145
-2547
-2944
-3454
-4275
-5331
-6194
-6506
-6363
-6112
-5893
-5562
-5068
-4562
-4107
-3526
-2687
-1700
-693
415
1715
3073
4289
5365
6395
7299
7884
8172
8383
8623
8813
8904
8957
8945
8696
8104
7282
6365
5335
4163
2964
1890
953
92
-662
-1232
-1685
-2187
-2766
-3280
-3629
-3858
-3957
-3846
-3444
-2870
-2283
-1685
-989
-257
361
851
1332
1871
2391
2808
3123
3350
3436
3347
3108
2757
2295
1727
1087
391
-342
-1055
-1672
-2201
-2713
-3186
-3538
-3771
-3996
-4248
-4384
-4295
-4035
-3710
-3307
-2801
-2289
-1869
-1519
-1149
-773
-490
-286
-36
314
644
838
906
923
879
724
495
315
235
185
95
-30
-176
-397
-730
-1106
-1373
-1486
-1535
-1616
-1734
-1869
-2055
-2300
-2495
-2566
-2611
-2763
-3002
-3296
-3843
-4841
-6033
-6798
-6886
-6673
-6505
-6201
-5497
-4595
-3867
-3240
-2342
-1162
-38
925
1996
3307
4643
5828
6954
8034
8809
9145
9246
9282
9171
8826
8419
8128
7807
7237
6475
5671
4793
3701
2400
1081
-135
-1242
-2177
-2829
-3205
-3423
-3563
-3602
-3525
-3413
-3279
-3016
-2551
-1967
-1358
-644
288
1377
2412
3246
3891
4357
4592
4632
4558
4372
4038
3564
3019
2427
1721
901
37
-901
-1985
-3177
-4326
-5238
-5879
-6268
-6364
-6140
-5670
-5167
-4617
-4048
-3456
-2855
-2258
-1636
-995
-348
268
841
1359
1772
2023
2130
2128
2005
1730
1339
931
575
248
-68
-326
-479
-568
-688
-871
-1087
-1306
-1539
-1771
-1925
-1959
-1921
-1885
-1880
-1885
-1913
-1986
-2065
-2079
-2031
-2045
-2178
-2366
-2677
-3413
-4707
-6112
-7020
-7359
-7537
-7643
-7276
-6295
-5147
-4197
-3203
-1881
-496
535
1338
2335
3577
4808
5977
7218
8424
9310
9817
10083
10095
9740
9126
8481
7803
6965
6070
5338
4719
3922
2883
1775
661
-557
-1823
-2877
-3585
-4035
-4280
-4248
-3915
-3413
-2844
-2195
-1492
-846
-304
233
861
1570
2312
3085
3868
4548
4997
5183
5150
4898
4402
3671
2780
1799
783
-187
-1064
-1897
-2778
-3710
-4616
-5440
-6187
-6814
-7193
-7247
-7043
-6645
-6033
-5177
-4154
-3096
-2068
-1090
-208
540
1145
1644
2059
2405
2674
2832
2890
2896
2846
2669
2337
1925
1490
998
435
-107
-539
-871
-1139
-1330
-1434
-1486
-1537
-1586
-1615
-1645
-1715
-1805
-1887
-1966
-2031
-2007
-1855
-1644
-1466
-1327
-1262
-1394
-1737
-2136
-2609
-3492
-4913
-6358
-7233
-7634
-7999
-8189
-7630
-6377
-5144
-4210
-3099
-1557
-75
950
1822
2947
4197
5291
6341
7524
8668
9500
10020
10300
10243
9799
9120
8343
7398
6268
5143
4186
3325
2416
1457
524
-393
-1369
-2394
-3347
-4105
-4629
-4941
-5007
-4712
-4030
-3076
-2022
-942
137
1121
1915
2560
3178
3820
4427
4946
5376
5697
5856
5830
5608
5098
4279
3186
1927
570
-842
-2197
-3403
-4462
-5409
-6208
-6803
-7215
-7495
-7614
-7515
-7176
-6609
-5840
-4910
-3841
-2639
-1368
-148
946
1903
2683
3196
3442
3518
3490
3363
3154
2926
2687
2399
2031
1603
1138
641
100
-488
-1092
-1685
-2239
-2686
-2929
-2945
-2822
-2606
-2284
-1924
-1704
-1673
-1687
-1669
-1744
-1973
-2125
-2012
-1766
-1556
-1296
-892
-558
-502
-612
-797
-1421
-2812
-4552
-5881
-6676
-7379
-7960
-7807
-6775
-5508
-4440
-3224
-1536
134
1239
1941
2733
3697
4587
5397
6349
7471
8537
9370
9915
10148
10027
9569
8777
7636
6243
4828
3581
2486
1472
581
-144
-768
-1419
-2127
-2817
-3417
-3915
-4326
-4600
-4612
-4231
-3451
-2402
-1215
43
1312
2450
3335
3990
4503
4878
5084
5151
5169
5163
5065
4782
4316
3729
3001
2026
772
-658
-2141
-3602
-4968
-6156
-7072
-7624
-7803
-7719
-7491
-7101
-6508
-5758
-4970
-4165
-3256
-2175
-998
171
1306
2407
3378
4119
4612
4798
4744
4421
3873
3172
2369
1581
903
357
-116
-552
-978
-1406
-1847
-2296
-2749
-3163
-3476
-3666
-3703
-3543
-3170
-2606
-1909
-1172
-509
12
364
510
437
241
61
-60
-153
-199
-182
-209
-361
-525
-673
-1183
-2447
-4139
-5571
-6632
-7713
-8713
-8929
-8175
-7085
-6062
-4719
-2743
-597
1093
2331
3450
4496
5306
5932
6582
7322
8065
8740
9303
9680
9822
9698
9214
8259
6880
5295
3699
2148
685
-546
-1425
-1984
-2381
-2689
-2839
-2914
-2975
-3093
-3263
-3369
-3274
-2906
-2288
-1449
-377
890
2201
3393
4413
5271
5865
6041
5809
5366
4847
4221
3477
2745
2116
1502
754
-156
-1147
-2192
-3323
-4543
-5729
-6721
-7425
-7807
-7870
-7609
-7018
-6144
-5098
-3987
-2834
-1594
-332
775
1663
2432
3121
3633
3933
4093
4137
3997
3640
3117
2456
1660
776
-126
-987
-1738
-2304
-2682
-2921
-3063
-3105
-3052
-2932
-2785
-2630
-2446
-2172
-1771
-1279
-766
-243
295
798
1154
1299
1364
1387
1342
1169
884
587
346
104
-296
-820
-1257
-1612
-2332
-3705
-5304
-6529
-7433
-8435
-9340
-9496
-8794
-7764
-6659
-5137
-3054
-835
1047
2581
3990
5285
6336
7129
7773
8370
8942
9469
9885
10097
10078
9859
9359
8413
6993
5356
3761
2209
637
-816
-1947
-2786
-3449
-3921
-4120
-4123
-4070
-4001
-3903
-3762
-3506
-3036
-2347
-1509
-517
671
1968
3227
4409
5483
6315
6782
6894
6698
6209
5497
4663
3724
2625
1420
265
-779
-1801
-2855
-3901
-4881
-5798
-6653
-7378
-7874
-8072
-7997
-7668
-7068
-6187
-5080
-3834
-2511
-1162
141
1314
2306
3096
3682
4075
4290
4322
4174
3876
3469
2959
2346
1643
887
120
-612
-1265
-1827
-2269
-2534
-2620
-2607
-2538
-2360
-2057
-1742
-1537
-1404
-1206
-899
-521
-105
370
869
1267
1459
1435
1279
1054
780
405
-148
-814
-1378
-1739
-2063
-2448
-2741
-2925
-3424
-4510
-5766
-6640
-7235
-7924
-8523
-8509
-7830
-6808
-5493
-3672
-1400
856
2793
4375
5657
6693
7522
8148
8500
8610
8631
8705
8819
8859
8779
8607
8243
7440
6153
4686
3286
1860
290
-1246
-2507
-3431
-4049
-4331
-4277
-4011
-3656
-3289
-2937
-2552
-2018
-1333
-633
16
719
1597
2587
3583
4590
5563
6303
6650
6645
6375
5863
5087
4072
2889
1586
230
-1019
-2044
-2901
-3736
-4590
-5378
-6086
-6803
-7459
-7860
-7992
-7980
-7825
-7410
-6660
-5602
-4311
-2877
-1414
9
1364
2542
3439
4077
4558
4866
4844
4575
4216
3899
3552
3023
2347
1620
861
23
-861
-1652
-2291
-2830
-3265
-3525
-3548
-3354
-3032
-2646
-2233
-1852
-1518
-1195
-852
-491
-110
292
711
1131
1521
1841
2059
2146
2037
1675
1101
449
-186
-794
-1426
-2077
-2614
-2945
-3238
-3830
-4751
-5644
-6287
-6895
-7617
-8107
-7969
-7309
-6445
-5330
-3709
-1662
410
2242
3872
5358
6617
7554
8178
8561
8764
8850
8860
8787
8607
8357
8054
7586
6799
5721
4559
3410
2164
802
-491
-1626
-2579
-3343
-3838
-3998
-3870
-3553
-3131
-2644
-2070
-1389
-669
-13
583
1210
1880
2521
3119
3721
4308
4782
5052
5094
4899
4459
3790
2902
1807
562
-708
-1901
-3002
-4020
-4920
-5669
-6283
-6812
-7246
-7519
-7579
-7438
-7131
-6666
-6006
-5130
-4086
-2972
-1838
-652
575
1731
2698
3471
4103
4582
4816
4759
4488
4133
3687
3054
2273
1506
800
61
-721
-1428
-1997
-2462
-2840
-3091
-3186
-3098
-2830
-2440
-2014
-1543
-1001
-448
55
427
744
1060
1357
1612
1811
2007
2228
2393
2366
2130
1748
1244
594
-171
-996
-1835
-2586
-3162
-3594
-3927
-4075
-4038
-4124
-4591
-5241
-5745
-6148
-6663
-7166
-7293
-6950
-6280
-5312
-3920
-2081
3
2045
3858
5422
6792
7926
8708
9110
9240
9202
9034
8749
8386
8021
7682
7288
6710
5911
4978
3980
2856
1562
173
-1174
-2376
-3378
-4130
-4573
-4660
-4411
-3943
-3370
-2682
-1863
-1014
-298
272
795
1302
1748
2132
2525
2974
3434
3831
4069
4116
3968
3594
2920
1929
750
-481
-1696
-2876
-3931
-4726
-5229
-5519
-5686
-5727
-5616
-5424
-5273
-5189
-5061
-4814
-4486
-4113
-3642
-3004
-2212
-1301
-318
636
1477
2185
2742
3084
3184
3081
2830
2431
1894
1285
708
246
-104
-405
-682
-893
-1009
-1081
-1141
-1154
-1088
-974
-835
-647
-375
-31
358
763
1134
1435
1662
1821
1867
1774
1559
1282
973
639
301
3
-241
-468
-745
-1097
-1475
-1835
-2183
-2522
-2807
-2973
-3000
-2879
-2633
-2323
-1979
-1628
-1377
-1402
-1719
-2174
-2663
-3200
-3763
-4197
-4325
-4069
-3444
-2486
-1204
384
2156
3875
5345
6525
7426
7991
8157
7957
7524
6992
6414
5788
5160
4622
4180
3730
3162
2499
1798
1052
231
-623
-1417
-2063
-2491
-2677
-2608
-2290
-1737
-990
-149
678
1451
2125
2612
2840
2843
2714
2503
2192
1786
1357
957
573
161
-291
-751
-1223
-1755
-2356
-2995
-3618
-4172
-4640
-5026
-5309
-5421
-5314
-5025
-4615
-4110
-3501
-2828
-2176
-1568
-974
-387
132
508
770
1002
1226
1402
1486
1488
1413
1233
936
566
157
-292
-770
-1235
-1641
-1952
-2130
-2137
-1959
-1639
-1237
-776
-268
256
755
1169
1475
1691
1845
1928
1941
1946
1992
2026
1986
1869
1725
1536
1253
874
442
-6
-487
-992
-1453
-1814
-2066
-2217
-2282
-2293
-2270
-2199
-2066
-1883
-1674
-1420
-1096
-712
-278
204
712
1148
1368
1296
967
444
-265
-1135
-2069
-2906
-3508
-3797
-3719
-3209
-2238
-927
515
1933
3261
4409
5237
5642
5620
5238
4598
3815
2992
2251
1701
1377
1231
1229
1381
1682
2040
2317
2417
2333
2120
1814
1444
1061
739
546
500
602
859
1248
1706
2110
2359
2427
2335
2068
1607
976
236
-520
-1227
-1822
-2263
-2551
-2723
-2822
-2857
-2837
-2793
-2742
-2700
-2668
-2646
-2588
-2452
-2256
-2027
-1781
-1532
-1301
-1088
-922
-831
-824
-906
-1049
-1251
-1479
-1695
-1865
-1971
-2037
-2053
-2007
-1891
-1722
-1534
-1329
-1124
-928
-743
-554
-331
-84
155
375
611
873
1152
1448
1749
2025
2228
2336
2394
2396
2306
2120
1841
1512
1141
755
391
53
-246
-503
-720
-905
-1063
-1162
-1204
-1211
-1205
-1170
-1071
-924
-752
-568
-357
-109
131
337
498
646
791
897
968
1009
1044
1081
1101
1106
1075
991
813
485
11
-577
-1211
-1850
-2457
-2943
-3259
-3347
-3194
-2770
-2075
-1204
-257
663
1488
2162
2617
2865
2908
2766
2471
2091
1717
1397
1187
1106
1142
1274
1465
1699
1934
2126
2245
2279
2253
2167
2024
1853
1676
1520
1387
1277
1165
1037
912
763
578
375
177
-16
-196
-324
-378
-376
-334
-275
-208
-138
-93
-121
-246
-461
-733
-1042
-1369
-1676
-1927
-2119
-2272
-2363
-2381
-2341
-2275
-2211
-2156
-2125
-2119
-2121
-2106
-2074
-2022
-1951
-1851
-1709
-1535
-1340
-1135
-911
-698
-529
-378
-237
-107
-15
32
46
48
47
41
24
-6
-21
-30
-32
-18
26
109
217
332
423
513
591
623
594
517
426
330
240
170
141
168
234
335
477
662
860
1030
1131
1164
1158
1113
1017
867
690
499
311
159
62
40
55
82
105
104
84
14
-99
-273
-500
-743
-977
-1145
-1241
-1238
-1126
-932
-675
-394
-82
253
572
840
1006
1081
1083
1030
947
832
709
582
465
372
308
296
330
389
467
538
629
747
880
1005
1092
1159
1210
1256
1309
1374
1457
1542
1623
1694
1748
1785
1792
1782
1743
1656
1509
1309
1075
813
527
218
-100
-410
-701
-967
-1175
-1325
-1414
-1476
-1534
-1583
-1624
-1656
-1687
-1719
-1742
-1747
-1741
-1719
-1669
-1573
-1430
-1260
-1096
-952
-838
-755
-695
-669
-677
-716
-794
-908
-1036
-1146
-1215
-1236
-1239
-1245
-1238
-1210
-1155
-1088
-1012
-932
-853
-781
-705
-620
-511
-381
-250
-140
-48
42
122
199
259
314
368
413
451
496
571
670
780
891
986
1067
1112
1127
1109
1051
972
879
799
758
750
790
854
917
955
960
946
887
782
623
418
186
-75
-322
-539
-697
-779
-807
-784
-704
-583
-443
-320
-227
-178
-149
-147
-165
-190
-213
-190
-148
-72
22
135
261
368
470
551
631
703
742
764
787
835
908
985
1073
1151
1223
1278
1306
1310
1286
1243
1160
1058
946
840
749
664
582
498
428
372
325
280
241
209
171
130
91
57
31
-1
-43
-95
-161
-235
-306
-366
-430
-493
-580
-668
-742
-813
-871
-917
-966
-1010
-1044
-1068
-1093
-1114
-1122
-1129
-1142
-1178
-1206
-1227
-1260
-1308
-1381
-1454
-1522
-1578
-1611
-1610
-1559
-1465
-1345
-1200
-1037
-858
-682
-538
-429
-347
-275
-231
-209
-195
-174
-128
-59
36
159
305
460
616
757
890
1009
1108
1162
1164
1131
1060
970
855
743
655
577
509
449
406
392
404
426
440
455
465
463
470
458
433
361
266
163
40
-73
-170
-232
-281
-307
-302
-259
-184
-96
-13
57
117
144
139
109
66
16
-30
-51
-57
-41
0
64
148
242
333
417
479
521
539
546
548
532
515
496
489
498
526
587
662
734
796
842
881
900
918
910
884
847
799
760
716
673
629
586
529
441
357
270
190
113
50
10
-22
-32
-42
-57
-77
-111
-150
-228
-320
-426
-542
-650
-760
-854
-923
-966
-994
-1024
-1038
-1056
-1073
-1101
-1152
-1203
-1266
-1321
-1375
-1416
-1435
-1435
-1399
-1341
-1259
-1165
-1055
-932
-827
-734
-643
-573
-509
-471
-445
-425
-408
-382
-357
-319
-272
-209
-134
-51
56
165
270
355
404
424
418
391
333
254
159
66
-17
-72
-82
-49
32
138
258
389
536
687
818
927
993
1013
1004
962
907
835
754
665
577
511
461
437
411
383
367
359
356
345
323
300
266
227
190
154
123
102
78
54
39
21
4
-15
-37
-55
-76
-93
-102
-93
-61
11
96
186
281
370
460
535
596
625
611
562
491
414
338
263
190
115
57
14
3
31
69
113
156
193
229
272
316
350
373
379
381
380
377
378
367
354
330
297
267
238
209
170
119
54
-32
-127
-224
-310
-395
-485
-581
-673
-759
-835
-899
-954
-1004
-1052
-1097
-1127
-1150
-1165
-1178
-1184
-1191
-1187
-1158
-1110
-1042
-969
-884
-807
-736
-676
-631
-591
-568
-555
-541
-519
-492
-447
-382
-319
-248
-178
-109
-44
14
73
122
167
198
222
255
299
350
406
472
545
618
682
737
780
801
806
803
784
761
738
721
701
686
664
631
587
536
477
408
349
292
225
164
108
69
39
8
-11
-24
-25
-24
-26
-19
-18
-14
-6
6
15
19
28
36
47
62
70
75
78
80
73
59
46
35
28
27
25
27
21
7
-9
-21
-32
-52
-69
-97
-119
-127
-110
-72
-17
45
110
201
299
406
520
623
705
767
809
838
858
863
841
796
723
633
534
420
296
168
32
-109
-238
-359
-458
-544
-610
-655
-683
-689
-678
-637
-590
-530
-470
-420
-385
-364
-350
-349
-355
-355
-357
-351
-334
-305
-273
-251
-238
-247
-257
-280
-325
-380
-455
-537
-618
-685
-742
-792
-812
-814
-788
-746
-691
-623
-552
-478
-407
-340
-274
-211
-146
-83
-15
53
120
187
245
302
353
403
443
471
491
502
508
508
503
499
495
484
468
455
437
417
392
368
341
316
296
283
279
287
307
326
344
354
350
334
315
287
249
204
143
73
-6
-86
-165
-240
-301
-358
-402
-431
-443
-434
-413
-377
-341
-304
-254
-208
-163
-121
-87
-62
-51
-39
-26
-3
24
68
125
188
262
344
438
528
601
658
697
709
703
671
617
538
434
321
201
95
-8
-94
-167
-225
-265
-290
-298
-297
-286
-264
-227
-179
-122
-53
21
100
183
265
334
387
424
445
449
440
409
360
294
223
155
83
29
-29
-89
-150
-218
-287
-363
-446
-535
-621
-696
-761
-817
-857
-873
-863
-830
-767
-685
-594
-490
-383
-276
-175
-90
-21
26
52
64
64
60
51
35
15
3
3
-2
3
9
20
42
59
77
93
102
103
96
83
63
44
26
13
5
12
31
50
70
94
112
124
130
127
115
91
68
41
22
7
-3
-9
-12
-12
-12
-8
4
20
35
52
62
70
74
80
84
94
112
128
144
164
183
197
202
199
188
167
141
103
68
31
-8
-46
-79
-111
-136
-148
-153
-155
-152
-146
-140
-133
-125
-104
-75
-43
-2
40
83
132
177
218
256
287
301
314
323
329
339
349
363
367
374
383
387
395
388
371
343
296
233
156
81
-6
-95
-186
-267
-329
-376
-397
-393
-368
-336
-293
-243
-198
-153
-119
-94
-76
-76
-81
-90
-105
-123
-139
-152
-163
-161
-154
-143
-125
-103
-87
-81
-82
-91
-113
-140
-173
-202
-229
-248
-260
-258
-237
-218
-193
-161
-126
-85
-44
-5
31
61
91
109
124
127
129
122
107
100
84
66
48
31
9
-12
-27
-38
-44
-40
-32
-20
-6
6
13
15
13
0
-2
1
1
10
22
45
63
83
104
123
142
150
151
142
127
109
82
54
27
2
-19
-30
-31
-35
-31
-23
-15
-3
9
17
23
24
26
29
25
19
15
16
21
29
45
70
100
127
155
179
198
203
204
198
176
146
107
62
14
-36
-84
-119
-142
-160
-167
-159
-147
-135
-125
-116
-108
-104
-104
-104
-103
-102
-103
-98
-89
-82
-77
-67
-57
-50
-42
-27
-14
-3
8
18
25
32
37
40
42
45
47
46
47
48
54
56
64
68
73
92
106
121
135
150
161
165
168
157
142
118
92
68
33
8
-17
-39
-60
-83
-105
-112
-118
-122
-119
-121
-124
-130
-135
-146
-152
-156
-156
-151
-137
-120
-96
-71
-43
-11
19
58
90
115
134
146
150
141
124
96
70
38
6
-27
-61
-87
-115
-140
-160
-179
-197
-202
-203
-199
-193
-184
-169
-156
-137
-118
-93
-62
-30
7
45
83
118
148
175
197
212
228
235
237
233
229
219
208
195
177
157
134
112
89
70
50
28
5
-16
-31
-43
-46
-42
-37
-33
-29
-21
-12
-4
9
16
24
28
27
25
19
9
-3
-14
-34
-54
-67
-80
-91
-100
-107
-113
-113
-114
-115
-113
-108
-101
-90
-74
-62
-53
-42
-36
-33
-24
-8
10
21
32
44
54
60
65
65
66
64
62
53
47
38
28
18
12
1
-5
-5
-6
-5
-1
4
4
2
1
2
7
9
14
22
26
27
24
15
9
-6
-21
-25
-28
-35
-32
-26
-19
-14
-6
-2
-1
1
-1
-4
-10
-20
-33
-45
-58
-70
-84
-86
-84
-82
-74
-63
-50
-32
-11
15
41
65
83
96
106
110
105
92
80
57
39
27
18
9
2
5
13
22
29
37
43
51
58
59
54
39
23
2
-25
-50
-74
-83
-90
-92
-84
-75
-64
-50
-36
-24
-9
0
10
16
17
16
16
14
10
0
-7
-9
-8
-9
-7
-5
-8
-10
-10
-8
-5
-2
0
2
6
7
5
9
11
13
15
29
35
36
42
43
44
39
39
33
31
31
29
25
25
20
8
0
-7
-19
-32
-38
-39
-40
-41
-38
-35
-30
-22
-15
-7
4
14
21
30
37
42
43
46
46
46
47
40
33
25
15
-2
-20
-35
-51
-64
-73
-78
-80
-80
-76
-74
-72
-66
-60
-56
-52
-51
-48
-49
-50
-50
-50
-51
-47
-37
-25
-11
1
16
32
47
62
81
91
97
104
101
96
83
69
53
38
23
10
6
2
-4
-5
-8
-12
-18
-16
-17
-21
-18
-13
-16
-21
-24
-28
-30
-31
-34
-31
-22
-18
-10
-4
3
9
17
24
34
36
44
52
53
54
52
48
40
31
22
7
-3
-12
-18
-19
-18
-18
-15
-9
-2
1
0
1
1
-3
-4
-10
-16
-18
-20
-18
-17
-8
-1
3
7
9
8
4
4
1
1
6
4
4
3
-1
-6
-8
-5
2
9
17
26
31
34
40
41
46
53
52
53
55
52
46
38
23
9
-5
-16
-30
-43
-55
-68
-82
-90
-95
-100
-99
-93
-82
-66
-52
-34
-18
-3
14
26
37
46
51
50
42
33
23
12
0
-5
-8
-11
-17
-20
-15
-14
-16
-19
-22
-31
-39
-50
-58
-65
-74
-79
-82
-83
-79
-66
-52
-35
-21
-8
11
24
38
40
45
48
47
47
48
52
55
58
58
58
56
55
57
56
56
60
65
68
65
67
65
64
62
64
61
54
44
32
18
4
-10
-21
-28
-34
-35
-37
-38
-40
-41
-36
-39
-38
-33
-39
-37
-34
-38
-35
-33
-27
-22
-17
-11
-8
-4
-2
7
10
15
19
21
20
19
17
16
16
12
16
18
20
23
21
19
14
7
1
0
-2
-5
-11
-13
-18
-24
-29
-32
-35
-37
-40
-39
-39
-43
-46
-46
-41
-44
-44
-39
-36
-28
-20
-10
0
6
15
20
22
23
22
19
17
17
17
16
11
3
-2
-4
-7
-14
-18
-25
-28
-33
-37
-37
-35
-35
-31
-22
-15
-7
0
6
14
20
25
30
36
46
55
62
66
66
65
59
55
48
44
39
30
25
19
15
10
5
1
1
-1
-2
-6
-12
-15
-14
-13
-16
-16
-16
-15
-9
-3
2
8
12
13
11
11
17
18
14
12
12
10
9
7
3
1
-1
-1
-3
-6
-7
-4
-5
-6
-11
-16
-18
-17
-17
-15
-12
-16
-18
-22
-24
-27
-25
-27
-30
-30
-32
-37
-42
-41
-41
-35
-24
-19
-11
-8
-2
-2
0
5
7
6
3
9
12
21
25
31
36
40
40
36
35
30
28
23
19
12
9
7
4
-1
-5
-10
-15
-18
-21
-26
-28
-26
-29
-27
-16
-11
-6
-1
6
9
8
9
4
3
1
1
4
10
15
22
22
27
26
23
22
15
11
3
-4
-9
-13
-18
-14
-14
-13
-13
-14
-14
-13
-13
-18
-17
-18
-17
-16
-9
0
8
17
23
27
32
35
34
35
37
39
45
45
46
46
48
46
38
37
29
17
6
-7
-17
-26
-37
-45
-48
-56
-60
-60
-63
-65
-69
-68
-65
-61
-54
-44
-33
-21
-14
-6
4
11
16
17
15
19
17
15
16
15
19
22
25
24
23
20
11
5
-1
-9
-16
-22
-25
-26
-25
-23
-23
-19
-20
-18
-15
-7
-1
1
5
11
14
17
20
19
23
24
26
28
30
30
30
30
34
32
32
33
37
34
29
31
27
21
15
10
5
-2
-5
-5
-9
-10
-12
-11
-12
-10
-6
-5
-2
-4
-6
-2
-2
-4
-3
-3
-5
-6
-5
0
-1
-4
-6
-11
-14
-21
-23
-27
-31
-32
-31
-26
-22
-18
-14
-10
-6
-7
-8
-7
-10
-10
-10
-10
-7
-8
-7
-9
-11
-12
-12
-10
-7
-4
4
9
8
12
13
12
14
17
19
21
22
22
18
13
11
5
3
5
12
13
15
18
21
22
24
23
18
14
5
-3
-11
-16
-22
-24
-22
-26
-30
-28
-22
-20
-16
-13
-10
-8
-8
-8
-9
-11
-11
-13
-16
-16
-15
-11
-8
-6
-1
3
7
11
15
15
13
13
13
16
19
19
22
24
26
30
30
27
23
17
14
12
11
10
9
9
11
9
10
11
9
8
9
7
6
9
2
-1
-4
-11
-15
-14
-16
-16
-16
-15
-13
-12
-10
-9
-7
-5
-1
3
5
10
11
10
10
6
4
7
6
3
3
3
4
3
4
0
0
-4
-5
-6
-8
-10
-15
-19
-21
-28
-29
-29
-29
-27
-23
-22
-21
-20
-21
-21
-18
-18
-16
-13
-14
-13
-13
-13
-12
-13
-16
-10
-7
-6
-3
-3
-2
1
5
6
8
12
14
13
15
11
12
10
7
6
3
8
6
8
9
11
11
12
10
11
12
13
12
12
16
16
18
21
25
22
