-47
-93
20
-15
-57
-20
-19
-11
-19
-37
-39
-86
-77
-45
3
15
-36
-52
-16
-25
-51
-25
-9
-36
-32
-82
-33
32
-65
-96
-24
-7
-72
-62
-36
-17
-9
-32
-48
-8
12
-89
-61
9
10
3
10
3
-47
-45
-47
-54
-8
32
-16
-31
6
-37
-39
-46
-36
51
26
25
26
27
-48
-69
-37
1
107
33
3
8
41
-1
-66
22
55
48
-7
55
41
15
-20
-21
52
56
44
48
70
51
26
21
32
34
50
83
63
90
78
25
45
32
77
99
95
119
86
72
41
30
47
52
74
69
72
89
49
2
31
21
18
66
83
17
-29
12
14
-25
4
15
28
22
-6
-10
7
-10
-40
5
-18
-69
-80
-118
-127
-99
-87
-41
-25
-51
-92
-101
-63
-89
-86
-60
-68
-96
-126
-108
-124
-155
-181
-188
-190
-258
-288
-284
-285
-191
-132
-168
-231
-249
-287
-366
-278
-102
29
134
150
123
51
48
60
104
181
260
348
347
372
266
139
137
192
276
265
295
344
313
207
182
259
251
197
133
208
287
252
255
306
330
281
254
359
457
378
326
340
376
325
275
303
295
265
164
197
285
226
123
102
85
-35
-119
-108
-238
-485
-636
-712
-747
-920
-979
-944
-970
-988
-1108
-1298
-1692
-2312
-2612
-2539
-2394
-2234
-2110
-2003
-2014
-2117
-2015
-1672
-1209
-764
-307
406
1021
1353
1511
1679
1976
2250
2586
2948
3226
3286
3110
3041
3019
2867
2546
2200
2025
1809
1490
1246
888
434
-90
-493
-594
-690
-900
-1119
-1185
-1147
-1094
-884
-551
-404
-291
56
497
881
1126
1303
1502
1775
2107
2325
2438
2358
2080
1958
2001
1914
1530
1089
710
347
32
-163
-331
-711
-1237
-1742
-2094
-2355
-2660
-2759
-2634
-2570
-2463
-2480
-3403
-5249
-6736
-6829
-6290
-6275
-6326
-5831
-5563
-6389
-7341
-6689
-5108
-4282
-3805
-2081
590
2088
2336
2844
3916
4769
5342
6851
8943
9753
9158
8640
8941
8975
8067
7246
6930
6317
4984
3698
3035
2086
191
-1849
-3047
-3476
-3953
-4740
-5591
-6437
-7128
-7400
-7022
-6235
-5805
-5695
-5244
-4206
-2915
-1882
-918
257
1424
2413
3439
4704
5700
5740
5318
5552
6362
6675
6282
5890
5615
4850
3736
3164
3116
2547
1213
264
260
179
-689
-1637
-2013
-2219
-2562
-2557
-1997
-1774
-2375
-2993
-2846
-2189
-1824
-1840
-1785
-1618
-1498
-1594
-1701
-1557
-1383
-1332
-1267
-737
-126
-1115
-4233
-7704
-9307
-9106
-9041
-9223
-8625
-7839
-8582
-10548
-10870
-9080
-7643
-7290
-5857
-2250
1019
1983
2248
3498
4982
5644
6736
9428
11845
12089
11163
11124
11814
11450
10240
9600
9525
8782
7149
5962
5320
3884
1419
-637
-1313
-1518
-2414
-3820
-5176
-6333
-7190
-7515
-7136
-6325
-5474
-4813
-4311
-3457
-2204
-1045
-38
1333
3277
4921
5802
6462
7008
7000
6561
6709
7583
7914
6983
5671
4886
4004
2485
1201
824
409
-1111
-2827
-3540
-3685
-4310
-5174
-5131
-4448
-4254
-4507
-4428
-3891
-3638
-3785
-3263
-1987
-948
-764
-1005
-1093
-1187
-1456
-1555
-1297
-877
-664
-759
-821
-636
-241
-760
-3340
-7108
-9908
-10566
-10506
-10871
-10922
-10399
-10465
-11913
-12660
-11021
-8699
-7565
-6672
-3861
51
2425
3302
4559
6417
7583
8412
10529
13242
14145
13012
12105
12598
12945
12027
10938
10375
9284
7050
4896
3952
3094
943
-1674
-3195
-3746
-4659
-5983
-6934
-7527
-8282
-8843
-8205
-6560
-5095
-4238
-3474
-2191
-443
1397
3028
4491
5978
7223
7919
8387
9104
9599
9062
7903
7338
7153
6069
3991
2434
1707
476
-1504
-2884
-3226
-4183
-6472
-8186
-7854
-6822
-6839
-7355
-6802
-5455
-4831
-4748
-3738
-1930
-724
-201
864
2466
3055
2465
2305
2911
2932
1966
1312
1540
1347
298
-433
-257
-12
-236
-348
-921
-3747
-8321
-11542
-11843
-11375
-12031
-12330
-11279
-10824
-12294
-13247
-11182
-8128
-6804
-5820
-2558
1871
4175
4481
5490
7488
8771
9458
11393
14074
14758
13165
11832
12042
12259
11237
9989
9267
8131
5943
3697
2465
1416
-677
-3283
-5131
-5870
-6257
-6816
-7564
-8470
-9104
-8877
-7762
-6290
-4824
-3410
-2318
-1340
421
3166
5522
6398
6622
7338
8162
8457
8810
9375
8986
7192
5498
4877
4064
2115
94
-911
-1736
-3286
-4621
-4938
-5403
-7074
-8541
-8046
-6404
-5599
-5694
-5279
-4136
-3227
-2545
-1167
890
2337
2664
2776
3349
3963
3936
3427
2953
2516
1761
774
-29
-578
-988
-1347
-1492
-1228
-630
-272
-1610
-5226
-9586
-12098
-12185
-11920
-12148
-11758
-10603
-10544
-12219
-12653
-10003
-6742
-5302
-4202
-789
3351
4980
4879
5931
8296
9758
10360
12108
14232
14082
11702
10107
10608
11090
10047
8540
7490
6036
3618
1499
657
-48
-1903
-4299
-5800
-6227
-6521
-7030
-7395
-7618
-7714
-7299
-6071
-4382
-2946
-1824
-707
682
2642
5065
7146
7986
7726
7420
7714
8420
9095
9309
8454
6436
4214
2798
1880
646
-670
-1521
-2326
-3745
-5249
-6156
-6846
-7902
-8503
-7454
-5377
-4109
-4036
-4014
-3292
-2092
-773
846
2752
4115
4088
3429
3352
3965
4307
3892
3241
2583
1583
95
-1186
-1938
-2458
-2893
-3016
-2555
-1800
-1136
-1347
-3747
-8046
-11770
-12683
-11829
-11539
-11410
-10192
-9182
-10530
-12589
-11481
-7639
-5039
-4397
-2516
1536
4422
4581
4929
7359
9716
10135
10472
12463
13890
12488
10129
9783
10788
10437
8779
7744
7092
5150
2331
830
767
-53
-2310
-4370
-5212
-5695
-6374
-6602
-6321
-6243
-6434
-6073
-4847
-3320
-1869
-431
973
2362
3982
5816
7276
7790
7639
7491
7845
8589
9125
8755
6980
4502
2576
1453
468
-711
-1667
-2661
-4408
-6383
-7259
-7030
-7157
-7930
-7890
-6602
-5471
-5367
-5202
-3908
-2260
-1098
58
1893
3675
3975
2998
2444
3230
4456
4766
4102
3154
1925
137
-1654
-2187
-1445
-892
-1350
-2140
-2180
-1491
-892
-1199
-3287
-6940
-10291
-11543
-11038
-10614
-10522
-10020
-9837
-11018
-12256
-10816
-7264
-4851
-4174
-2658
772
3514
4083
4700
6845
8853
9305
9886
11961
13337
12042
9854
9540
10549
10416
9080
8024
7174
5326
2862
1554
1413
659
-1400
-3617
-4851
-5371
-5696
-5734
-5693
-6060
-6604
-6454
-5343
-3917
-2686
-1475
-149
1244
2803
4517
5962
6643
6816
7079
7583
8243
8601
8103
6557
4603
3119
1992
798
-212
-717
-1382
-3082
-5054
-5791
-5503
-5657
-6498
-6487
-5346
-4625
-4793
-4499
-2877
-1248
-654
-73
1417
2869
2832
1917
1886
2860
3531
3106
2207
1447
426
-1159
-2504
-2406
-1124
-422
-1096
-2085
-2186
-1484
-817
-750
-1963
-4845
-8361
-10497
-10694
-10301
-10105
-9718
-9485
-10475
-11891
-11331
-8550
-6094
-5171
-3843
-846
1958
2998
3672
5581
7607
8334
8947
10804
12474
11968
10297
9854
10638
10790
9824
8825
8000
6462
4378
3030
2668
1949
5
-2291
-3825
-4490
-4766
-4889
-5032
-5487
-6055
-6208
-5730
-4821
-3613
-2210
-951
122
1342
2792
4102
5061
5871
6466
6769
7134
7688
7772
6872
5722
4932
3917
2281
997
670
57
-1889
-3896
-4373
-4163
-4792
-5733
-5553
-4776
-4935
-5662
-5111
-3204
-1809
-1641
-1289
44
1134
1047
795
1646
2880
3075
2470
2128
2133
1494
182
-613
-507
-154
-316
-795
-1063
-1209
-1196
-806
-78
-23
-2089
-5754
-8816
-9926
-9892
-9997
-9798
-9128
-9420
-11215
-12510
-11038
-8024
-6159
-5345
-3755
-1254
328
905
2500
5314
7467
8111
8830
10560
11611
10999
10194
10740
11792
11557
10374
9419
8546
7055
5200
4148
3750
2736
796
-1177
-2325
-2950
-3630
-4301
-4784
-5201
-5844
-6497
-6419
-5405
-3843
-2500
-1683
-885
172
1291
2173
3149
4490
5524
5873
6047
6529
6793
6220
5512
5158
4497
3169
2076
1813
1210
-507
-2052
-2300
-2206
-3125
-4416
-4771
-4609
-4819
-4951
-4052
-2697
-2286
-2682
-2594
-1687
-850
-520
26
1111
1849
1681
1239
1276
1389
897
336
379
625
322
-276
-358
-251
-493
-571
156
843
-478
-3880
-7105
-8548
-8857
-9346
-9513
-8692
-8353
-9999
-12210
-12007
-9406
-7370
-6855
-5903
-3637
-1823
-1325
-135
2765
5518
6433
6747
8206
9876
10202
9832
10430
11759
12101
11246
10421
10015
9244
7826
6651
6084
5269
3557
1449
-101
-873
-1450
-2206
-3083
-3954
-4994
-6258
-7012
-6625
-5357
-4202
-3683
-3298
-2737
-2164
-1598
-472
1466
3050
3370
3202
3716
4692
5040
5087
5716
6153
5187
3599
3280
3859
3330
1795
962
941
30
-1905
-2933
-2549
-2443
-3451
-4261
-3905
-3460
-3905
-4365
-3773
-2644
-2122
-2081
-1534
-640
-365
-587
-445
260
737
664
522
619
709
629
693
904
869
599
692
1287
1332
-274
-3123
-5808
-7429
-8162
-8455
-8239
-7790
-8153
-9887
-11660
-11401
-9359
-7664
-7052
-6234
-4622
-3440
-2988
-1627
1161
3544
4208
4499
5951
7726
8496
8757
9754
11058
11296
10593
10188
10352
10134
9237
8492
8086
7173
5372
3553
2549
2030
1351
531
-196
-1129
-2612
-4087
-4643
-4215
-3619
-3498
-3754
-4073
-4351
-4447
-3985
-2757
-1314
-636
-919
-1092
-356
698
1430
2263
3490
3970
3012
2145
2923
4232
4078
3049
2905
3069
1914
221
155
1263
1121
-488
-1516
-1440
-1773
-2777
-2916
-1892
-1320
-1996
-2709
-2469
-1959
-1940
-1899
-1245
-600
-794
-1358
-1257
-535
-81
-99
4
333
394
113
47
503
1042
841
-666
-3153
-5393
-6448
-6647
-6784
-6864
-6809
-7485
-9384
-10987
-10485
-8557
-7247
-6786
-5890
-4673
-4337
-4327
-2779
132
2209
2776
3399
4747
5678
5907
6777
8654
10054
10022
9478
9502
9718
9609
9524
9667
9333
8032
6501
5704
5555
5280
4569
3641
2573
1266
-18
-741
-789
-761
-1302
-2420
-3529
-4139
-4287
-4225
-3942
-3351
-2830
-2952
-3581
-3870
-3437
-2818
-2354
-1551
-326
258
-390
-1019
-293
1065
1603
1590
2077
2549
1964
1148
1676
2986
3175
2124
1333
1144
678
65
261
860
484
-791
-1495
-1198
-881
-950
-819
-556
-1001
-2044
-2483
-1897
-1180
-948
-835
-694
-1003
-1678
-1845
-1270
-803
-918
-981
-528
-317
-1322
-3229
-4767
-5367
-5639
-6079
-6224
-5819
-5906
-7345
-8921
-8689
-6902
-5612
-5420
-5043
-4087
-3671
-3750
-2583
73
2069
2193
1923
2712
3812
4438
5425
7199
8336
7698
6501
6467
7426
8186
8422
8539
8349
7368
6014
5346
5731
6337
6208
5323
4291
3447
2595
1753
1387
1544
1478
638
-432
-983
-1258
-1812
-2272
-1947
-1322
-1505
-2452
-3088
-3106
-3193
-3506
-3361
-2663
-2389
-3088
-3901
-3807
-2948
-2213
-1842
-1506
-1215
-1255
-1454
-994
233
1207
1198
737
685
1089
1489
1884
2398
2712
2450
1829
1522
1765
2202
2349
2015
1410
753
116
-446
-747
-685
-666
-1146
-1960
-2511
-2613
-2687
-2903
-2969
-2774
-2580
-2565
-2530
-2281
-1914
-1711
-2035
-2904
-3731
-3956
-3816
-3904
-4058
-3845
-3759
-4549
-5588
-5451
-4234
-3399
-3337
-3055
-2332
-2150
-2479
-1963
-402
678
540
333
890
1471
1631
2190
3445
4288
3980
3421
3595
4266
4867
5432
5947
6030
5512
4900
4813
5243
5840
6186
6057
5549
5031
4685
4461
4441
4647
4665
4033
3007
2274
1893
1384
752
423
248
-439
-1610
-2509
-2962
-3446
-4021
-4231
-4162
-4421
-5004
-5286
-5054
-4717
-4527
-4348
-4078
-3754
-3315
-2622
-1681
-655
218
708
878
1192
1986
2986
3700
4070
4323
4411
4141
3694
3449
3312
2879
2094
1322
767
270
-313
-901
-1399
-1855
-2354
-2846
-3220
-3438
-3581
-3716
-3815
-3818
-3745
-3653
-3525
-3270
-2857
-2320
-1824
-1511
-1289
-1106
-1043
-1150
-1247
-1176
-1091
-1194
-1410
-1618
-1965
-2523
-2973
-3058
-2982
-2955
-2804
-2418
-2131
-2187
-2253
-2002
-1573
-1172
-669
-56
318
377
526
1042
1659
2063
2322
2568
2795
3038
3472
4089
4617
4883
4965
5048
5262
5673
6181
6449
6281
5850
5472
5202
4957
4808
4696
4283
3415
2498
1994
1786
1516
1111
685
177
-490
-1107
-1466
-1683
-1991
-2420
-2824
-3119
-3238
-3190
-3109
-3114
-3103
-2886
-2503
-2125
-1722
-1165
-594
-257
-96
143
424
516
462
581
897
1081
936
597
214
-215
-608
-774
-713
-684
-953
-1486
-2052
-2414
-2483
-2364
-2244
-2282
-2496
-2789
-2995
-2948
-2640
-2271
-2065
-1989
-1870
-1638
-1332
-956
-518
-150
31
142
365
596
598
401
242
177
36
-205
-411
-619
-1002
-1478
-1743
-1774
-1888
-2202
-2467
-2500
-2440
-2399
-2275
-2030
-1828
-1739
-1555
-1100
-495
29
415
747
1067
1345
1603
1932
2359
2789
3084
3229
3341
3498
3648
3724
3779
3903
4047
4072
3969
3901
3917
3885
3716
3537
3467
3377
3101
2717
2462
2364
2239
2019
1765
1478
1100
730
604
762
933
871
641
429
277
149
96
174
236
30
-428
-835
-975
-973
-1067
-1270
-1463
-1641
-1876
-2064
-2062
-1970
-2043
-2352
-2646
-2721
-2666
-2636
-2639
-2645
-2691
-2774
-2785
-2633
-2389
-2217
-2159
-2108
-1978
-1813
-1699
-1623
-1539
-1425
-1302
-1169
-1019
-900
-863
-884
-849
-701
-527
-420
-371
-320
-253
-172
-68
4
-56
-315
-658
-862
-896
-889
-959
-1126
-1390
-1697
-1855
-1703
-1330
-1017
-931
-960
-916
-740
-440
-25
418
716
813
859
1007
1267
1547
1786
1967
2050
2068
2138
2294
2428
2440
2369
2328
2339
2370
2404
2449
2488
2490
2498
2594
2783
2944
2968
2928
2945
3020
3069
3038
2959
2853
2706
2546
2453
2428
2335
2078
1750
1514
1395
1272
1046
765
467
157
-142
-364
-497
-671
-966
-1338
-1656
-1888
-2073
-2220
-2312
-2391
-2494
-2606
-2676
-2707
-2745
-2775
-2735
-2622
-2476
-2360
-2309
-2337
-2409
-2439
-2360
-2196
-2060
-2041
-2134
-2252
-2306
-2258
-2130
-1974
-1875
-1876
-1890
-1843
-1732
-1613
-1523
-1458
-1370
-1221
-1050
-911
-825
-729
-621
-498
-319
-89
97
131
51
6
82
220
363
487
576
554
451
426
555
755
877
924
963
1009
1058
1130
1221
1290
1272
1214
1218
1312
1430
1457
1410
1367
1385
1475
1609
1787
1975
2141
2304
2507
2749
2939
3009
3016
3046
3107
3142
3126
3073
2947
2738
2504
2339
2209
1993
1684
1364
1097
843
577
323
90
-180
-514
-831
-1066
-1240
-1408
-1558
-1669
-1772
-1904
-2018
-2041
-1995
-1972
-1994
-2016
-2025
-2043
-2064
-2036
-1959
-1893
-1860
-1826
-1770
-1720
-1714
-1740
-1734
-1674
-1594
-1542
-1520
-1510
-1514
-1540
-1541
-1456
-1329
-1239
-1206
-1165
-1079
-988
-930
-869
-774
-670
-570
-446
-311
-234
-252
-285
-229
-97
43
169
282
340
307
254
321
519
728
855
911
917
852
771
780
930
1095
1147
1139
1150
1152
1094
1012
997
1051
1077
1039
1006
1016
1000
932
890
943
994
954
877
860
890
875
812
764
738
699
632
605
649
690
690
664
652
640
622
628
668
705
683
583
451
341
274
235
207
175
109
16
-72
-110
-115
-134
-184
-266
-372
-473
-553
-607
-655
-731
-851
-977
-1056
-1080
-1073
-1072
-1101
-1139
-1167
-1147
-1080
-993
-913
-865
-816
-720
-588
-473
-384
-306
-238
-188
-124
-40
27
32
-12
-61
-91
-117
-156
-217
-304
-404
-470
-468
-449
-485
-582
-664
-683
-641
-575
-507
-482
-518
-572
-548
-386
-166
2
71
75
85
133
258
450
637
727
720
706
767
900
1034
