-3083
-3137
-3152
-3236
-3147
-2499
-1293
-1
1021
1907
2820
3599
4043
4300
4563
4770
4777
4582
4334
3906
3095
1967
864
123
-262
-475
-747
-1170
-1625
-1998
-2262
-2457
-2522
-2462
-2498
-2861
-3488
-3925
-3879
-3627
-4038
-5715
-7877
-9039
-8679
-7838
-7451
-6957
-5541
-3711
-2653
-2236
-1225
758
2699
3921
5204
7323
9510
10174
9142
7944
7669
7749
7151
6163
5654
5337
4041
1618
-505
-1390
-1807
-2744
-3730
-3640
-2622
-1949
-2111
-2208
-1471
-307
611
1525
3120
5111
6430
6672
6582
6889
7261
6974
6105
5375
5038
4535
3374
1819
382
-981
-2638
-4448
-5736
-6145
-6119
-6249
-6513
-6518
-6151
-5685
-5260
-4599
-3432
-1977
-762
-55
335
616
644
360
162
497
1147
1469
1201
599
-45
-749
-1533
-2218
-2557
-2555
-2449
-2470
-2671
-2942
-3141
-3168
-2846
-1978
-638
748
1768
2354
2764
3198
3638
4026
4324
4496
4502
4263
3715
2847
1790
843
179
-282
-643
-895
-1097
-1458
-2047
-2548
-2637
-2465
-2415
-2574
-2766
-2979
-3318
-3536
-3430
-3637
-5060
-7374
-8914
-8698
-7646
-7003
-6477
-5113
-3223
-2109
-1918
-1239
724
2954
4271
5235
7110
9440
10306
9119
7578
7236
7491
6989
5972
5576
5505
4247
1586
-835
-1817
-2184
-3125
-4145
-4059
-3037
-2439
-2697
-2791
-1981
-858
-115
727
2518
4864
6431
6759
6705
7060
7441
7127
6336
5828
5696
5252
4110
2705
1395
-120
-2125
-4162
-5450
-5821
-5831
-5999
-6364
-6686
-6762
-6582
-6146
-5356
-4205
-2968
-2047
-1476
-855
-10
690
936
1029
1472
2205
2682
2632
2256
1730
1000
74
-752
-1203
-1450
-1888
-2603
-3245
-3479
-3411
-3316
-3110
-2516
-1541
-510
378
1221
2013
2523
2744
2989
3416
3787
3788
3416
2864
2200
1456
793
401
206
-153
-898
-1750
-2270
-2432
-2618
-2973
-3172
-3109
-3236
-3796
-4212
-3919
-3585
-4572
-6908
-8826
-8892
-7794
-7094
-6814
-5711
-3668
-2136
-1821
-1474
209
2594
4219
5152
6719
9063
10488
9833
8276
7672
8002
7798
6676
5808
5693
5080
2951
328
-1127
-1554
-2374
-3784
-4419
-3661
-2702
-2698
-3090
-2681
-1526
-614
-69
1083
3242
5368
6352
6476
6734
7233
7205
6435
5691
5565
5603
4978
3613
2129
773
-815
-2814
-4616
-5465
-5466
-5445
-5871
-6413
-6604
-6486
-6323
-5978
-5070
-3698
-2523
-1955
-1659
-1119
-389
120
384
845
1694
2518
2834
2661
2308
1845
1132
294
-291
-524
-777
-1402
-2242
-2874
-3129
-3181
-3110
-2718
-1904
-945
-157
508
1271
2047
2522
2662
2791
3123
3444
3448
3099
2541
1864
1117
425
-127
-635
-1245
-1889
-2380
-2712
-3067
-3482
-3735
-3773
-3933
-4374
-4619
-4289
-4122
-5315
-7633
-9191
-8793
-7447
-6691
-6289
-4976
-2903
-1638
-1602
-1206
761
3280
4782
5619
7303
9732
10910
9835
8093
7613
8063
7779
6569
5782
5736
4944
2539
-104
-1345
-1665
-2649
-4256
-4848
-3865
-2768
-2825
-3314
-2902
-1759
-972
-520
775
3181
5370
6222
6266
6628
7265
7268
6456
5704
5600
5608
4976
3785
2599
1429
-247
-2424
-4251
-4977
-4894
-4884
-5325
-5855
-6107
-6247
-6478
-6495
-5790
-4494
-3372
-2866
-2585
-1962
-1108
-483
-39
708
1862
2884
3319
3314
3136
2729
1956
995
311
30
-231
-877
-1794
-2579
-3034
-3236
-3174
-2678
-1831
-976
-300
413
1307
2095
2469
2565
2778
3137
3341
3265
3079
2895
2563
1953
1140
250
-715
-1743
-2634
-3171
-3381
-3495
-3669
-3953
-4355
-4764
-5022
-5358
-6406
-8248
-9833
-10031
-9058
-8036
-7295
-6145
-4374
-2876
-2279
-1775
-182
2301
4391
5669
7097
9253
11029
11025
9645
8591
8520
8449
7636
6738
6428
5969
4250
1651
-352
-1296
-2199
-3706
-4923
-4838
-3918
-3467
-3733
-3753
-3083
-2364
-2023
-1289
684
3343
5269
5991
6358
7020
7495
7194
6573
6503
6886
6821
5929
4741
3653
2294
274
-1958
-3535
-4207
-4527
-5053
-5741
-6250
-6528
-6774
-6941
-6695
-5988
-5294
-4989
-4768
-4045
-2802
-1607
-777
10
1080
2190
2913
3278
3609
3901
3791
3215
2592
2236
1844
898
-541
-1794
-2395
-2580
-2768
-2891
-2645
-2137
-1761
-1537
-1069
-237
554
963
1194
1652
2332
2816
2870
2718
2639
2550
2218
1566
749
-152
-1124
-1955
-2405
-2509
-2643
-3118
-3815
-4351
-4709
-5502
-7217
-9319
-10624
-10643
-9965
-9185
-8102
-6446
-4751
-3799
-3384
-2418
-365
2057
3960
5524
7507
9794
11261
11262
10523
10081
9916
9359
8459
7950
7900
7316
5539
3249
1482
237
-1257
-3127
-4542
-4895
-4634
-4540
-4685
-4602
-4264
-4178
-4350
-3930
-2287
60
2055
3358
4435
5565
6412
6687
6704
6926
7282
7353
7040
6608
6102
5155
3516
1477
-398
-1803
-2872
-3891
-4961
-5912
-6589
-7080
-7521
-7834
-7908
-7904
-7997
-7869
-6937
-5137
-3071
-1291
156
1420
2466
3196
3744
4351
5039
5511
5528
5244
4951
4540
3558
1918
202
-964
-1556
-1931
-2227
-2322
-2254
-2298
-2561
-2761
-2585
-2137
-1756
-1465
-894
123
1213
1901
2143
2189
2096
1703
1041
411
16
-249
-582
-973
-1318
-1663
-2158
-2814
-3621
-4802
-6612
-8707
-10200
-10609
-10361
-10028
-9469
-8265
-6713
-5611
-5083
-4291
-2592
-388
1574
3347
5559
8172
10186
10875
10783
10828
11050
10830
10113
9589
9525
9232
8033
6253
4651
3288
1589
-537
-2344
-3210
-3454
-3794
-4326
-4589
-4511
-4614
-5095
-5314
-4593
-3162
-1766
-610
706
2285
3608
4263
4564
5066
5782
6295
6488
6665
6946
6931
6219
4971
3658
2444
1117
-405
-1822
-2858
-3676
-4630
-5747
-6682
-7293
-7842
-8477
-8801
-8327
-7139
-5766
-4484
-3127
-1624
-278
641
1336
2195
3206
3960
4273
4465
4843
5150
4882
4000
2988
2182
1455
628
-82
-380
-451
-674
-1158
-1620
-1854
-2031
-2354
-2663
-2610
-2138
-1524
-979
-488
-74
55
-222
-687
-1006
-1074
-1031
-974
-871
-745
-765
-1023
-1421
-1941
-2918
-4663
-6792
-8348
-8794
-8575
-8360
-8124
-7432
-6412
-5725
-5545
-5151
-3911
-2182
-699
588
2384
4776
6826
7776
8068
8591
9389
9746
9462
9207
9404
9522
8906
7815
6990
6446
5429
3641
1792
649
72
-562
-1330
-1774
-1830
-2055
-2796
-3605
-3854
-3584
-3319
-3181
-2705
-1639
-426
377
829
1369
2068
2605
2906
3306
3993
4659
4913
4746
4406
3962
3249
2194
1020
7
-822
-1641
-2545
-3434
-4223
-4972
-5739
-6344
-6504
-6175
-5607
-4985
-4247
-3349
-2475
-1825
-1326
-748
-28
689
1280
1794
2326
2794
2987
2852
2571
2308
2025
1639
1260
1041
957
789
420
-33
-378
-594
-780
-941
-968
-838
-676
-601
-607
-684
-871
-1212
-1660
-2068
-2274
-2242
-2108
-2028
-2004
-1937
-1888
-2186
-3167
-4766
-6435
-7614
-8176
-8307
-8036
-7216
-6034
-5073
-4673
-4488
-3941
-2968
-1961
-1058
136
1913
3909
5486
6528
7413
8229
8585
8327
7972
8087
8521
8661
8329
7920
7660
7182
6075
4535
3153
2144
1271
421
-156
-291
-298
-626
-1273
-1827
-2016
-2000
-2054
-2126
-1943
-1453
-908
-491
-127
287
619
716
671
739
1037
1447
1800
2066
2267
2345
2195
1746
1074
351
-284
-791
-1203
-1557
-1879
-2211
-2583
-2954
-3232
-3342
-3263
-3055
-2762
-2388
-1904
-1432
-1060
-774
-515
-225
51
313
592
902
1157
1277
1263
1160
981
697
336
46
-71
-89
-142
-223
-227
-151
-127
-186
-189
-36
175
256
151
-38
-247
-537
-960
-1396
-1629
-1607
-1540
-1623
-1808
-1978
-2336
-3294
-4922
-6702
-8004
-8704
-9072
-9162
-8694
-7613
-6445
-5733
-5352
-4741
-3694
-2561
-1576
-405
1356
3468
5262
6490
7511
8558
9260
9217
8709
8423
8556
8647
8367
7964
7760
7526
6724
5305
3796
2623
1646
630
-270
-693
-702
-790
-1204
-1686
-1911
-1962
-2101
-2305
-2256
-1781
-1073
-402
221
913
1556
1842
1698
1419
1322
1418
1540
1641
1800
1972
1889
1350
495
-331
-975
-1529
-2028
-2304
-2261
-2078
-1999
-2035
-2033
-1957
-1924
-1974
-1945
-1686
-1289
-984
-818
-614
-305
-67
-54
-139
-94
80
193
176
187
347
525
511
291
42
-125
-288
-509
-667
-571
-217
188
447
570
655
664
451
-10
-540
-954
-1220
-1395
-1488
-1392
-1144
-916
-864
-1092
-1724
-2966
-4803
-6785
-8282
-9036
-9262
-9176
-8697
-7811
-6889
-6335
-6033
-5510
-4602
-3602
-2682
-1504
313
2547
4560
6070
7345
8537
9311
9367
9037
8936
9183
9370
9266
9091
9000
8644
7577
5910
4201
2769
1481
233
-738
-1193
-1341
-1597
-2079
-2564
-2870
-3105
-3393
-3556
-3314
-2634
-1735
-759
339
1526
2508
3010
3096
3069
3121
3176
3179
3216
3333
3345
2975
2179
1188
176
-854
-1891
-2717
-3132
-3199
-3111
-3006
-2828
-2563
-2373
-2407
-2546
-2497
-2165
-1715
-1296
-837
-264
245
432
347
283
377
472
422
370
498
691
678
412
133
-9
-163
-484
-835
-965
-841
-652
-479
-195
217
488
339
-160
-691
-1075
-1381
-1650
-1753
-1612
-1345
-1102
-926
-969
-1623
-3181
-5346
-7368
-8747
-9539
-9907
-9710
-8802
-7533
-6525
-5939
-5344
-4401
-3322
-2403
-1392
251
2512
4712
6345
7607
8861
9917
10258
9885
9410
9247
9131
8700
8136
7841
7654
6924
5407
3622
2149
937
-339
-1565
-2288
-2455
-2572
-2997
-3467
-3579
-3428
-3426
-3612
-3550
-2948
-2016
-1080
-82
1196
2596
3634
4093
4256
4453
4641
4633
4508
4484
4497
4180
3304
2063
783
-450
-1716
-2925
-3790
-4187
-4334
-4493
-4630
-4543
-4224
-3891
-3635
-3255
-2558
-1662
-840
-140
591
1332
1791
1810
1637
1641
1842
1979
1926
1808
1676
1351
718
-14
-521
-756
-928
-1134
-1202
-994
-660
-498
-585
-808
-1033
-1276
-1616
-1938
-2024
-1795
-1484
-1344
-1286
-986
-532
-697
-2205
-4752
-7171
-8674
-9484
-10041
-10098
-9209
-7795
-6929
-6920
-6861
-5925
-4502
-3414
-2469
-648
2277
5209
7121
8282
9500
10665
10934
10248
9684
9989
10508
10193
9158
8355
7921
6880
4681
2141
348
-762
-1942
-3174
-3683
-3322
-3106
-3828
-4912
-5261
-4786
-4288
-4010
-3266
-1625
264
1585
2455
3507
4701
5310
5100
4805
5130
5799
6083
5853
5557
5272
4457
2805
846
-735
-1894
-3047
-4199
-4835
-4810
-4695
-5033
-5586
-5770
-5493
-5117
-4683
-3766
-2237
-638
455
1140
1843
2542
2816
2590
2360
2507
2798
2794
2478
2129
1761
1106
143
-730
-1206
-1448
-1762
-2080
-2093
-1760
-1387
-1204
-1127
-1049
-1073
-1306
-1589
-1613
-1297
-882
-638
-563
-426
-229
-464
-1794
-4280
-7114
-9289
-10449
-10896
-10840
-10134
-8873
-7732
-7292
-7195
-6527
-5010
-3259
-1711
125
2832
5927
8238
9376
10059
10849
11312
10957
10324
10351
10907
10865
9688
8095
6826
5551
3584
1179
-680
-1666
-2423
-3410
-4197
-4334
-4301
-4898
-5942
-6356
-5585
-4213
-2954
-1674
64
1982
3322
3958
4547
5456
6221
6367
6252
6519
7067
7132
6320
5007
3603
1996
8
-2004
-3477
-4370
-5130
-5961
-6577
-6762
-6775
-6920
-6999
-6520
-5358
-3861
-2301
-616
1191
2727
3580
3873
4094
4437
4652
4554
4342
4204
3933
3195
2022
758
-426
-1600
-2686
-3354
-3429
-3186
-3015
-2955
-2776
-2413
-2040
-1755
-1442
-933
-377
35
340
670
1025
1228
1149
910
790
870
685
-552
-3140
-6377
-9074
-10668
-11474
-11834
-11549
-10501
-9346
-8876
-8866
-8235
-6494
-4307
-2318
-108
2993
6504
9108
10312
10937
11718
12265
12003
11428
11483
11971
11620
9868
7598
5744
4002
1634
-1050
-2964
-3811
-4378
-5206
-5801
-5729
-5588
-6172
-7068
-7005
-5492
-3299
-1213
872
3183
5181
6147
6295
6544
7237
7803
7835
7744
7961
8048
7198
5346
3151
1033
-1148
-3368
-5096
-5996
-6503
-7234
-8114
-8590
-8506
-8229
-7892
-7094
-5526
-3490
-1486
367
2182
3784
4797
5217
5502
5964
6389
6417
6024
5390
4489
3144
1433
-257
-1665
-2846
-3878
-4597
-4850
-4804
-4765
-4783
-4608
-4018
-3031
-1778
-391
933
1967
2627
3003
3176
3141
2962
2800
2694
2496
2191
1950
1571
175
-2957
-7178
-10762
-12617
-13198
-13340
-12954
-11663
-10099
-9424
-9561
-9083
-7152
-4539
-2155
450
4129
8272
11161
12156
12348
12793
13137
12695
11962
11926
12285
11571
9208
6273
3868
1681
-1062
-3953
-5788
-6320
-6526
-7054
-7425
-7201
-6979
-7419
-7872
-6974
-4436
-1351
1341
3755
6168
8084
8858
8792
8831
9307
9676
9517
9153
8878
8202
6381
3535
596
-1780
-3687
-5350
-6602
-7360
-8013
-8970
-9946
-10275
-9784
-8803
-7505
-5680
-3247
-655
1548
3264
4678
5782
6490
6937
7419
7943
8021
7244
5714
3782
1704
-407
-2343
-3868
-4977
-5869
-6599
-7007
-7068
-6980
-6887
-6538
-5610
-4019
-2022
113
2148
3817
4838
5201
5259
5240
5153
4876
4523
4170
3637
2918
2194
1236
-853
-4629
-9141
-12509
-13925
-14209
-14223
-13740
-12405
-11002
-10465
-10258
-8905
-6036
-2809
28
3185
7281
11261
13462
13753
13585
13879
14064
13539
12877
12747
12438
10584
7171
3635
890
-1605
-4412
-6860
-8010
-8183
-8414
-8924
-9038
-8606
-8290
-8201
-7315
-4765
-1090
2442
5232
7496
9307
10310
10430
10272
10436
10762
10639
9875
8769
7372
5239
2159
-1259
-4124
-6112
-7457
-8348
-8852
-9246
-9928
-10801
-11206
-10646
-9233
-7266
-4791
-1855
1143
3650
5469
6765
7678
8243
8612
8994
9354
9242
8196
6193
3612
873
-1718
-3965
-5708
-6903
-7752
-8428
-8950
-9181
-8978
-8370
-7355
-5846
-3807
-1375
1091
3324
5198
6546
7321
7639
7707
7607
7121
6214
5163
4045
2769
1392
254
-613
-2210
-5481
-9776
-13298
-14928
-15251
-15250
-14745
-13232
-11267
-9879
-9025
-7470
-4566
-1196
1750
4710
8431
12293
14685
15045
14543
14342
14172
13294
12013
11178
10463
8576
5149
1370
-1609
-4047
-6611
-8937
-10072
-9946
-9553
-9485
-9272
-8517
-7545
-6627
-5208
-2443
1432
5173
7948
9794
11071
11846
11912
11499
11101
10823
10316
9085
7162
4914
2289
-913
-4344
-7163
-8814
-9625
-10110
-10339
-10380
-10518
-10847
-10823
-9714
-7526
-4795
-1846
1255
4287
6725
8259
9091
9562
9847
10007
10041
9843
9038
7236
4461
1187
-1978
-4682
-6801
-8226
-9050
-9478
-9773
-10006
-9929
-9396
-8338
-6683
-4480
-1843
882
3268
5272
6875
8073
8783
8907
8643
8230
7485
6245
4678
3100
1659
137
-1386
-2509
-3581
-5738
-9394
-13310
-15617
-15924
-15434
-14829
-13436
-10965
-8484
-6956
-5741
-3462
-153
2932
5517
8548
12201
15131
15975
15139
14121
13418
12412
10879
9427
8403
6949
4078
304
-3043
-5509
-7700
-9833
-11066
-10786
-9753
-8907
-8195
-7131
-5760
-4477
-2979
-444
3169
6870
9686
11379
12274
12571
12224
11348
10323
9432
8529
7165
5153
2695
-59
-3155
-6402
-9134
-10711
-11174
-11052
-10707
-10279
-9958
-9728
-9150
-7657
-5204
-2270
719
3632
6250
8162
9154
9474
9512
9404
9151
8804
8290
7223
5226
2371
-843
-3922
-6572
-8561
-9710
-10061
-9960
-9747
-9448
-8937
-8051
-6727
-4946
-2651
-3
2623
4911
6691
8040
9008
9439
9336
8886
8223
7298
5907
4128
2354
702
-1010
-2678
-3859
-4432
-5374
-7906
-11659
-14773
-15885
-15415
-14505
-13214
-10958
-8185
-6059
-4744
-3082
-293
2864
5484
8005
11168
14338
15930
15417
13964
12747
11658
10210
8638
7440
6328
4272
992
-2574
-5425
-7536
-9296
-10515
-10606
-9611
-8322
-7274
-6270
-5000
-3588
-2165
-299
2568
6147
9322
11272
12061
12173
11781
10784
9423
8215
7271
6145
4381
2110
-284
-2851
-5754
-8547
-10401
-10967
-10680
-10080
-9313
-8543
-8037
-7643
-6722
-4813
-2155
679
3370
5778
7609
8590
8854
8740
8413
7890
7279
6684
5860
4328
1899
-1056
-3954
-6434
-8335
-9504
-9872
-9660
-9276
-8867
-8221
-7186
-5837
-4213
-2150
382
2915
4964
6481
7686
8598
9070
9207
9159
8700
7486
5718
3813
1885
-59
-1818
-3213
-4337
-5206
-5540
-5610
-6773
-9860
-13489
-15302
-14705
-13158
-11695
-9674
-6802
-4381
-3316
-2544
-547
2440
4994
6988
9536
12697
14918
14878
13106
11178
9724
8370
7040
6169
5700
4541
1788
-1837
-4762
-6438
-7520
-8385
-8389
-7038
-5170
-3874
-3115
-2237
-1157
-273
775
2934
6156
9112
10639
10730
10014
8818
7225
5537
4184
3311
2569
1417
-329
-2387
-4486
-6657
-8725
-9890
-9514
-7931
-6113
-4623
-3454
-2661
-2262
-1702
-220
2170
4700
6646
7775
7965
7156
5726
4267
3080
2095
1200
401
-500
-1962
-4072
-6329
-8149
-9325
-9820
-9477
-8204
-6484
-5017
-3961
-2993
-1865
-588
893
2747
4882
6702
7753
8140
8151
7850
7178
6298
5463
4612
3418
1830
5
-2004
-4050
-5787
-6874
-7306
-7350
-6926
-5862
-4970
-5763
-8523
-11341
-11957
-10348
-8319
-6672
-4572
-1873
12
236
121
1296
3309
4796
6015
8089
10546
11412
9703
6797
4466
3064
2051
1381
1461
1898
1371
-758
-3318
-4680
-4637
-4088
-3291
-1490
1397
4031
5306
5584
5775
5944
5778
5831
6943
8676
9540
8750
6825
4571
2176
-322
-2423
-3622
-3995
-4150
-4582
-5265
-6003
-6761
-7505
-7694
-6563
-4190
-1547
541
2014
3072
3518
3356
3313
3991
5098
5886
5916
5178
3667
1471
-900
-2815
-3990
-4522
-4697
-4854
-5292
-6084
-6991
-7642
-7728
-7181
-6044
-4344
-2255
-223
1228
1972
2373
2847
3506
4375
5444
6392
6731
6338
5542
4670
3797
2839
1922
1190
493
-295
-1218
-2311
-3479
-4635
-5497
-5645
-5186
-4526
-3861
-3033
-1747
-636
-1199
-3697
-6467
-7595
-7027
-6300
-5861
-4794
-3333
-2907
-3792
-4441
-3590
-2038
-855
576
3008
5489
6464
5643
4286
3560
3465
3658
4145
4938
5501
4993
3263
1417
582
666
891
1217
2233
3800
4801
4598
3895
3459
3150
2766
2791
3674
4884
5250
4419
3001
1589
357
-626
-1216
-1313
-1098
-896
-946
-1340
-1895
-2378
-2635
-2510
-1795
-553
757
1630
1951
1793
1242
572
163
178
375
468
305
-346
-1682
-3332
-4576
-5057
-5087
-5020
-4770
-4254
-3749
-3559
-3570
-3403
-2939
-2323
-1461
-170
1363
2515
2858
2611
2331
2348
2664
3136
3556
3723
3487
2868
2168
1627
1214
776
296
45
72
51
-268
-868
-1562
-2196
-2632
-2734
-2506
-2120
-1765
-1401
-768
290
924
-333
-3609
-6959
-8341
-8123
-8018
-8224
-7634
-6349
-5946
-6756
-7044
-5630
-3536
-1951
-236
2561
5662
7306
7103
6381
6184
6367
6451
6587
7058
7319
6562
4876
3320
2473
1794
808
61
326
1242
1789
1712
1497
1344
1011
730
1152
2313
3449
3949
4051
4092
3947
3441
2744
2218
1951
1824
1786
1776
1601
1032
-17
-1287
-2220
-2436
-2071
-1591
-1254
-1040
-1168
-1894
-2930
-3543
-3467
-3097
-2734
-2365
-2114
-2331
-3039
-3742
-4064
-4008
-3618
-2853
-1836
-898
-364
-311
-516
-695
-600
-120
640
1392
1783
1650
1278
1029
916
885
995
1294
1629
1755
1692
1624
1509
1216
927
929
1312
1863
2172
2024
1377
462
-324
-899
-1324
-1677
-2011
-2311
-2447
-2184
-1497
-896
-1418
-3635
-6810
-9252
-9836
-9346
-9023
-8737
-7725
-6310
-5756
-6026
-5612
-3930
-1936
-111
2396
5735
8323
8760
7720
6840
6637
6667
6726
6961
7188
6805
5493
3639
1933
602
-581
-1607
-1963
-1240
-42
618
624
511
531
504
665
1695
3463
4991
5819
6400
6983
7031
6189
4981
4189
3865
3606
3231
2741
2096
1042
-585
-2456
-4005
-4846
-5097
-5062
-4786
-4425
-4384
-4893
-5543
-5651
-5137
-4378
-3497
-2409
-1415
-1006
-1117
-1226
-1123
-983
-772
-186
694
1393
1638
1412
788
-109
-904
-1158
-834
-271
90
57
-252
-542
-660
-626
-364
196
994
1735
2239
2585
2774
2766
2655
2694
3000
3367
3526
3391
2907
1991
767
-458
-1502
-2497
-3485
-4123
-4281
-4246
-4395
-4642
-4555
-4166
-4048
-4673
-5801
-6628
-6685
-6355
-6066
-5551
-4370
-2929
-2267
-2403
-2181
-1123
-41
412
872
2098
3532
4188
4180
4252
4361
3812
2667
2037
2539
3409
3633
3133
2518
2106
1719
1332
1236
1569
2040
2356
2739
3506
4429
4814
4440
3950
3912
4266
4665
5011
5293
5236
4613
3667
2814
2113
1392
627
9
-303
-429
-562
-870
-1512
-2446
-3380
-3918
-3897
-3574
-3357
-3425
-3706
-4037
-4250
-4244
-4030
-3736
-3484
-3170
-2637
-1965
-1427
-1258
-1356
-1388
-1183
-788
-351
33
261
181
-170
-477
-382
52
399
455
433
567
793
919
975
1144
1360
1474
1579
1898
2434
2806
2696
2249
1811
1505
1243
927
627
392
102
-307
-759
-1152
-1501
-1901
-2275
-2333
-1931
-1271
-732
-540
-607
-704
-640
-332
114
485
613
417
-102
-850
-1640
-2361
-3116
-4016
-4883
-5373
-5406
-5305
-5374
-5578
-5718
-5693
-5538
-5212
-4588
-3727
-2837
-2009
-1157
-180
861
1815
2653
3448
4293
5226
6136
6876
7416
7771
7890
7727
7392
7060
6751
6347
5867
5434
5024
4503
3886
3335
2933
2584
2233
2010
1995
2083
2109
2023
1873
1664
1355
977
642
399
151
-225
-749
-1337
-1908
-2449
-2931
-3343
-3734
-4132
-4490
-4682
-4676
-4596
-4573
-4629
-4692
-4684
-4574
-4351
-4022
-3602
-3119
-2562
-1893
-1174
-581
-265
-152
32
437
956
1398
1682
1842
1868
1717
1456
1223
1053
855
618
491
592
815
907
754
482
276
249
430
802
1293
1721
1938
1962
1927
1899
1817
1624
1348
1080
873
732
578
249
-323
-1012
-1592
-1931
-2139
-2422
-2910
-3586
-4312
-4991
-5562
-5970
-6185
-6268
-6307
-6226
-5849
-5237
-4687
-4362
-4073
-3556
-2816
-1962
-982
85
1019
1599
1883
2155
2566
3064
3581
4120
4704
5232
5529
5533
5369
5193
5075
5037
5131
5373
5614
5649
5504
5378
5375
5405
5320
5117
4873
4578
4181
3665
3038
2377
1762
1242
798
374
-68
-546
-1091
-1661
-2080
-2254
-2268
-2310
-2443
-2624
-2861
-3170
-3454
-3589
-3577
-3534
-3530
-3513
-3427
-3304
-3241
-3283
-3342
-3270
-3021
-2691
-2400
-2164
-1956
-1819
-1784
-1757
-1585
-1243
-885
-618
-379
-78
248
482
589
652
760
963
1285
1712
2180
2576
2776
2768
2651
2560
2537
2536
2516
2462
2344
2116
1773
1317
735
68
-571
-1063
-1385
-1622
-1852
-2093
-2339
-2545
-2648
-2631
-2552
-2481
-2415
-2269
-2041
-1887
-1974
-2328
-2835
-3311
-3609
-3679
-3572
-3442
-3395
-3408
-3398
-3324
-3214
-3109
-2933
-2574
-1980
-1198
-393
274
741
1051
1339
1761
2381
3132
3836
4355
4715
5023
5322
5577
5728
5754
5688
5603
5575
5600
5560
5308
4845
4339
3954
3694
3440
3108
2726
2357
2019
1717
1463
1248
1009
735
508
422
439
391
182
-121
-409
-675
-948
-1208
-1466
-1804
-2261
-2715
-2973
-3048
-3136
-3368
-3683
-3947
-4133
-4260
-4316
-4298
-4244
-4158
-3956
-3561
-3019
-2532
-2220
-1997
-1694
-1225
-653
-71
441
825
1054
1202
1369
1552
1636
1571
1479
1511
1637
1707
1648
1508
1334
1121
914
796
777
744
590
380
269
275
258
122
-61
-187
-256
-302
-325
-334
-412
-614
-864
-1008
-990
-916
-932
-1065
-1212
-1294
-1364
-1538
-1886
-2385
-2973
-3536
-3938
-4097
-4068
-3979
-3885
-3758
-3565
-3332
-3104
-2882
-2612
-2198
-1595
-865
-163
394
798
1105
1391
1739
2183
2669
3110
3495
3885
4298
4678
4937
5012
4926
4792
4748
4836
4984
5089
5108
5048
4943
4839
4736
4583
4349
4056
3776
3565
3419
3266
3000
2559
1996
1440
969
576
242
-57
-345
-677
-1073
-1501
-1964
-2484
-3028
-3497
-3805
-3947
-4006
-4068
-4173
-4300
-4423
-4513
-4524
-4403
-4143
-3805
-3451
-3096
-2763
-2509
-2352
-2229
-2042
-1762
-1432
-1090
-764
-488
-285
-145
-42
51
133
209
310
448
622
791
898
945
988
1069
1195
1341
1481
1617
1710
1726
1689
1622
1533
1418
1283
1145
1007
862
721
576
379
96
-246
-583
-886
-1160
-1384
-1534
-1622
-1680
-1697
-1656
-1586
-1563
-1634
-1777
-1961
-2197
-2484
-2782
-3034
-3227
-3394
-3555
-3700
-3781
-3758
-3613
-3370
-3057
-2661
-2176
-1622
-1020
-364
320
955
1486
1941
2391
2848
3271
3663
4074
4504
4878
5128
5293
5419
5502
5506
5438
5349
5273
5200
5099
4982
4870
4723
4470
4104
3741
3469
3251
2973
2610
2247
1925
1589
1181
748
376
58
-271
-600
-872
-1083
-1328
-1670
-2038
-2337
-2564
-2797
-3048
-3241
-3342
-3405
-3494
-3621
-3744
-3839
-3914
-3958
-3929
-3828
-3725
-3670
-3615
-3471
-3243
-3023
-2854
-2682
-2432
-2122
-1808
-1483
-1108
-720
-390
-138
88
315
514
671
830
1053
1317
1546
1693
1770
1788
1749
1678
1626
1609
1601
1587
1566
1522
1416
1220
977
771
642
555
462
349
221
59
-143
-334
-491
-651
-884
-1141
-1314
-1368
-1348
-1339
-1356
-1397
-1486
-1625
-1781
-1942
-2155
-2441
-2733
-2936
-3034
-3073
-3113
-3174
-3230
-3219
-3060
-2710
-2224
-1721
-1260
-808
-309
225
741
1208
1646
2086
2530
2972
3402
3783
4062
4226
4329
4440
4583
4706
4766
4774
4767
4754
4718
4659
4589
4505
4398
4289
4204
4129
4008
3809
3555
3280
2992
2683
2352
1999
1625
1249
900
583
258
-115
-544
-1011
-1480
-1911
-2283
-2607
-2941
-3325
-3742
-4142
-4481
-4733
-4895
-4975
-5004
-5000
-4964
-4885
-4752
-4565
-4324
-4038
-3714
-3361
-2994
-2649
-2356
-2113
-1874
-1584
-1231
-849
-493
-190
53
244
404
556
714
859
973
1064
1167
1294
1433
1538
1591
1600
1604
1625
1672
1732
1791
1822
1798
1727
1633
1512
1333
1105
884
711
560
399
227
52
-144
-378
-613
-801
-938
-1061
-1170
-1238
-1265
-1308
-1408
-1521
-1564
-1502
-1374
-1239
-1153
-1185
-1380
-1704
-2039
-2297
-2472
-2613
-2742
-2822
-2816
-2714
-2543
-2337
-2115
-1854
-1495
-982
-327
360
949
1402
1796
2229
2733
3262
3731
4085
4331
4528
4753
5010
5220
5295
5232
5117
5018
4942
4848
4678
4420
4118
3841
3627
3450
3247
2954
2582
2209
1902
1662
1438
1167
846
520
212
-84
-396
-727
-1056
-1369
-1665
-1922
-2127
-2331
-2594
-2902
-3204
-3499
-3815
-4135
-4366
-4452
-4435
-4397
-4376
-4366
-4349
-4313
-4216
-4027
-3756
-3461
-3183
-2909
-2596
-2261
-1979
-1778
-1604
-1351
-1005
-623
-271
14
219
350
462
592
731
836
903
983
1122
1330
1547
1711
1809
1870
1933
2029
2158
2294
2393
2428
2396
2314
2190
2014
1794
1563
1361
1176
980
755
495
221
-46
-301
-542
-770
-989
-1178
-1320
-1423
-1514
-1609
-1695
-1742
-1722
-1626
-1491
-1378
-1333
-1348
-1388
-1449
-1559
-1749
-1992
-2206
-2325
-2348
-2307
-2237
-2155
-2058
-1916
-1680
-1341
-943
-543
-152
275
745
1203
1604
1971
2334
2675
2987
3294
3614
3933
4196
4383
4525
4629
4661
4613
4532
4476
4426
4325
4165
3989
3818
3629
3395
3143
2905
2652
2349
2012
1704
1426
1108
718
311
-50
-374
-712
-1066
-1401
-1709
-2011
-2314
-2603
-2862
-3138
-3441
-3735
-3962
-4107
-4225
-4354
-4474
-4535
-4522
-4454
-4367
-4261
-4127
-3977
-3789
-3523
-3177
-2816
-2508
-2245
-1953
-1612
-1271
-972
-720
-488
-260
-19
253
533
758
892
961
1042
1162
1280
1373
1445
1523
1630
1765
1907
2027
2090
2095
2082
2129
2256
2395
2459
2430
2342
2224
2060
1865
1686
1534
1381
1215
1060
919
734
439
67
-290
-580
-811
-1000
-1145
-1270
-1422
-1619
-1815
-1951
-2004
-1995
-1939
-1837
-1705
-1584
-1505
-1462
-1437
-1443
-1511
-1651
-1808
-1923
-1982
-2009
-2022
-2012
-1971
-1887
-1720
-1443
-1074
-694
-354
-14
393
880
1379
1822
2205
2544
2841
3118
3405
3678
3871
3943
3956
3999
4076
4112
4045
3879
3658
3417
3187
2985
2795
2591
2354
2115
1906
1722
1535
1304
1031
767
550
380
221
30
-206
-489
-806
-1115
-1379
-1591
-1775
-1946
-2115
-2300
-2509
-2738
-2977
-3204
-3404
-3551
-3632
-3665
-3672
-3666
-3635
-3583
-3521
-3437
-3288
-3060
-2790
-2520
-2252
-1974
-1693
-1429
-1191
-960
-727
-492
-244
25
308
558
738
857
972
1129
1308
1455
1558
1639
1706
1759
1813
1900
1998
2054
2054
2040
2054
2099
2132
2134
2114
2080
2010
1889
1735
1561
1359
1129
894
683
501
306
75
-185
-444
-692
-936
-1153
-1304
-1394
-1470
-1565
-1673
-1751
-1795
-1816
-1817
-1773
-1675
-1545
-1401
-1232
-1058
-925
-865
-862
-863
-858
-870
-919
-1007
-1122
-1252
-1373
-1462
-1501
-1474
-1379
-1206
-963
-675
-370
-73
214
517
862
1245
1636
1999
2315
2575
2777
2927
3052
3163
3253
3316
3344
3336
3288
3184
3029
2825
2578
2316
2069
1858
1678
1512
1337
1143
938
739
563
417
284
143
-10
-168
-309
-440
-583
-750
-946
-1147
-1331
-1482
-1604
-1715
-1832
-1966
-2114
-2260
-2386
-2485
-2570
-2632
-2648
-2609
-2524
-2410
-2286
-2158
-2036
-1918
-1786
-1621
-1427
-1220
-1016
-828
-658
-497
-336
-174
-20
124
255
367
462
557
654
725
754
757
772
818
883
953
1028
1097
1147
1199
1280
1392
1493
1553
1580
1590
1594
1569
1498
1380
1234
1083
940
809
672
505
286
30
-225
-441
-621
-781
-933
-1080
-1209
-1324
-1428
-1503
-1544
-1552
-1534
-1488
-1416
-1323
-1217
-1106
-997
-883
-765
-642
-518
-401
-299
-216
-155
-114
-93
-103
-149
-243
-382
-534
-673
-782
-864
-933
-979
-986
-941
-850
-708
-529
-334
-118
133
420
721
997
1237
1446
1641
1824
1992
2131
2228
2278
2294
2303
2318
2323
2308
2261
2186
2098
2000
1895
1789
1687
1598
1528
1475
1431
1379
1303
1204
1093
984
877
760
623
459
276
74
-152
-394
-645
-895
-1129
-1340
-1522
-1674
-1810
-1933
-2054
-2165
-2249
-2286
-2265
-2189
-2076
-1953
-1840
-1751
-1665
-1555
-1419
-1269
-1123
-982
-838
-705
-601
-543
-529
-537
-544
-523
-459
-375
-309
-284
-301
-325
-320
-275
-199
-103
4
108
201
282
363
448
538
632
735
855
975
1056
1082
1061
1018
965
898
835
780
724
660
577
474
351
210
68
-50
-125
-164
-202
-265
-355
-454
-537
-596
-642
-675
-694
-700
-691
-676
-673
-701
-752
-797
-811
-789
-744
-701
-672
-660
-657
-634
-582
-496
-397
-303
-219
-152
-111
-100
-116
-146
-178
-198
-199
-168
-117
-60
0
72
158
261
390
535
693
851
995
1125
1247
1362
1462
1544
1608
1665
1732
1804
1878
1947
2003
2042
2054
2049
2040
2023
1987
1941
1880
1808
1731
1646
1545
1422
1279
1113
937
763
590
413
232
39
-167
-372
-573
-765
-950
-1118
-1268
-1399
-1504
-1589
-1669
-1752
-1844
-1925
-1987
-2025
-2037
-2030
-2007
-1974
-1938
-1894
-1836
-1766
-1695
-1624
-1544
-1451
-1351
-1251
-1158
-1074
-1000
-928
-850
-767
-682
-600
-524
-448
-367
-283
-195
-109
-27
52
132
217
303
385
457
517
573
633
678
695
695
687
677
668
666
663
663
655
648
636
616
576
514
440
378
341
323
307
281
240
179
106
33
-20
-51
-63
-63
-61
-65
-81
-120
-173
-221
-256
-270
-265
-246
-223
-209
-213
-223
-220
-197
-152
-102
-47
5
46
70
75
61
23
-25
-68
-89
-93
-93
-110
-136
-161
-161
-129
-73
0
74
156
254
354
453
540
609
662
719
797
891
985
1057
1110
1151
1187
1229
1278
1322
1349
1352
1342
1335
1325
1305
1277
1246
1221
1202
1182
1149
1096
1015
914
801
686
578
463
333
186
23
-152
-338
-533
-717
-872
-1005
-1121
-1226
-1327
-1434
-1552
-1668
-1763
-1826
-1859
-1862
-1846
-1819
-1794
-1779
-1761
-1729
-1682
-1618
-1531
-1429
-1318
-1212
-1122
-1053
-991
-924
-849
-759
-660
-561
-471
-395
-332
-274
-210
-143
-80
-12
67
152
230
290
336
373
412
458
509
568
617
651
675
696
716
719
706
685
654
626
593
549
497
441
391
345
305
273
238
205
166
136
118
106
91
69
46
35
32
31
20
4
-14
-32
-49
-62
-70
-83
-101
-127
-153
-178
-208
-243
-275
-291
-284
-253
-211
-164
-108
-43
27
106
191
277
355
427
501
582
663
738
802
863
922
974
1024
1068
1108
1142
1169
1195
1222
1245
1256
1252
1236
1212
1178
1133
1086
1035
976
908
830
740
635
520
393
267
146
31
-82
-199
-324
-454
-584
-716
-843
-966
-1085
-1193
-1289
-1370
-1435
-1485
-1520
-1542
-1547
-1527
-1486
-1439
-1401
-1368
-1332
-1288
-1232
-1162
-1086
-1016
-957
-909
-859
-807
-740
-665
-579
-490
-403
-325
-261
-211
-172
-133
-90
-37
30
99
161
215
258
301
344
390
440
500
566
634
687
718
722
707
675
641
607
575
544
504
455
391
319
244
176
121
83
58
39
23
-5
-39
-78
-116
-150
-175
-185
-178
-166
-157
-159
-177
-209
-238
-255
-254
-238
-221
-209
-208
-220
-237
-259
-281
-297
-298
-279
-246
-205
-165
-124
-88
-47
5
71
156
245
336
420
501
565
620
668
711
757
808
861
898
919
921
906
881
851
828
807
790
772
753
737
714
681
640
599
567
542
517
491
462
419
373
319
261
202
141
78
14
-50
-116
-186
-269
-358
-441
-519
-588
-650
-703
-746
-785
-820
-846
-861
-868
-869
-866
-849
-823
-796
-776
-753
-720
-683
-641
-597
-557
-522
-499
-486
-480
-471
-454
-433
-415
-395
-362
-331
-302
-276
-252
-214
-164
-104
-34
38
99
138
167
182
202
222
249
273
296
318
324
318
293
259
218
189
166
147
132
102
59
5
-44
-83
-110
-129
-143
-146
-145
-143
-143
-151
-156
-154
-141
-114
-86
-74
-76
-82
-90
-91
-85
-79
-67
-46
-25
-2
16
28
38
55
86
134
191
248
294
331
364
398
425
448
477
507
543
574
597
601
589
566
536
511
492
474
456
435
408
378
339
290
243
203
179
164
155
152
148
135
118
96
78
64
54
44
39
40
29
8
-21
-54
-85
-113
-136
-159
-182
-211
-243
-276
-306
-335
-357
-368
-368
-357
-341
-321
-305
-291
-273
-250
-219
-183
-147
-113
-84
-63
-44
-34
-29
-25
-18
-8
4
9
12
12
6
-3
-9
-9
-7
-6
-12
-20
-30
-43
-58
-80
-97
-109
-121
-131
-146
-164
-184
-206
-225
-235
-242
-250
-261
-271
-277
-287
-296
-305
-313
-319
-325
-328
-332
-335
-337
-340
-342
-335
-323
-306
-284
-264
-246
-230
-219
-215
-209
-197
-183
-161
-138
-112
-85
-59
-29
1
36
77
116
155
195
236
276
313
347
379
410
442
470
500
526
546
561
569
578
590
605
621
631
640
644
642
626
601
573
540
506
473
437
397
354
310
263
221
182
141
101
66
32
-3
-37
-71
-108
-145
-177
-208
-235
-256
-275
-294
-306
-314
-319
-316
-313
-316
-315
-304
-290
-278
-265
-253
-242
-234
-224
-213
-202
-193
-180
-162
-141
-121
-98
-75
-55
-32
0
38
78
117
152
182
206
225
238
249
258
263
268
271
271
262
247
225
202
182
160
141
120
98
74
41
1
-47
-95
-140
-179
-215
-249
-284
-318
-352
-384
-416
-451
-482
-506
-517
-525
-530
-537
-548
-562
-570
-574
-571
-562
-544
-521
-494
-462
-432
-403
-376
-341
-299
-244
-181
-121
-69
-20
22
61
102
143
184
221
261
300
333
361
385
396
405
415
420
428
443
456
463
467
467
464
455
448
440
432
426
417
404
392
377
357
335
309
279
253
230
203
181
156
134
107
79
49
16
-11
-39
-63
-84
-98
-113
-124
-134
-145
-162
-176
-186
-192
-187
-178
-171
-164
-162
-157
-148
-140
-130
-119
-103
-86
-65
-42
-21
-5
2
16
33
50
69
84
97
105
115
125
135
146
151
151
155
163
169
173
177
176
169
168
163
158
149
138
124
111
94
73
50
21
-8
-42
-72
-104
-134
-168
-200
-229
-257
-282
-304
-323
-340
-351
-361
-371
-378
-383
-383
-380
-376
-370
-365
-359
-355
-348
-338
-329
-321
-302
-282
-268
-254
-239
-226
-211
-192
-176
-153
-128
-102
-73
-45
-18
8
33
57
78
100
127
153
176
198
218
234
249
260
272
282
290
296
299
300
298
293
285
279
273
263
261
258
255
253
247
239
226
212
197
185
171
155
139
123
107
86
65
48
28
11
-2
-13
-22
-31
-38
-49
-59
-71
-77
-83
-80
-73
-64
-54
-49
-45
-46
-45
-48
-48
-42
-32
-18
3
23
38
48
54
59
68
78
88
98
104
107
110
109
109
103
97
95
94
97
99
95
88
76
63
51
39
26
12
-2
-18
-36
-55
-75
-96
-117
-137
-148
-160
-171
-179
-190
-202
-214
-224
-234
-247
-254
-260
-262
-258
-256
-250
-245
-238
-232
-222
-205
-187
-170
-151
-132
-117
-99
-83
-68
-54
-37
-19
1
20
37
54
68
80
92
104
117
128
133
139
141
141
139
136
133
127
123
120
117
114
107
100
89
78
70
61
58
51
42
32
20
9
1
-13
-23
-28
-35
-41
-46
-51
-53
-55
-56
-51
-46
-41
-33
-28
-21
-15
-7
-1
7
11
15
20
25
31
33
32
28
23
19
15
13
14
20
26
30
36
43
46
47
46
47
49
56
61
66
72
77
75
70
66
63
60
57
54
52
53
48
42
39
35
30
27
26
25
24
23
20
18
12
11
9
8
12
12
11
8
7
5
0
-2
-3
-4
-6
-8
-8
-7
-10
-16
-19
-22
-25
-24
-21
-21
-22
-22
-24
-25
-30
-35
-45
-54
-62
-65
-68
-72
-74
-81
-85
-89
-97
-102
-103
-103
-104
-100
-94
-94
-91
-93
-95
-94
-92
-86
-81
-73
-66
-57
-46
-35
-27
-19
-11
0
11
23
31
36
39
44
52
61
74
80
88
91
88
87
84
80
74
73
76
73
74
72
76
76
74
68
64
58
49
38
25
10
-1
-9
-18
-24
-35
-41
-45
-49
-55
-60
-67
-72
-73
-74
-73
-74
-70
-68
-64
-58
-54
-49
-43
-38
-33
-25
-13
-4
4
16
25
34
45
58
67
73
78
86
89
94
97
98
99
96
91
90
88
85
79
71
63
60
56
54
51
49
45
36
28
20
10
-3
-13
-24
