0
1
0
0
-1
0
0
0
-1
-1
0
0
0
-1
0
-1
0
-1
-1
-1
0
1
-1
0
0
0
0
0
0
0
0
0
1
1
1
0
0
1
1
1
0
0
1
0
-1
0
0
0
1
0
1
0
0
0
0
0
0
0
0
0
0
-1
1
0
0
1
1
0
0
-1
0
0
-1
0
1
0
0
0
0
1
0
0
0
0
1
0
0
-1
0
0
1
0
1
0
-1
1
1
0
0
1
0
0
0
1
0
-1
0
0
0
0
1
1
-1
0
0
0
0
-1
0
0
0
0
0
0
-1
1
0
0
0
0
0
-1
1
0
0
0
1
-1
0
0
-1
0
0
0
0
-1
-1
-1
-1
0
0
0
0
0
0
0
0
0
0
0
0
0
0
0
1
0
0
0
0
0
1
0
0
0
0
0
0
0
0
0
-1
0
0
1
0
0
1
0
0
0
1
1
0
1
0
0
0
0
-1
0
1
0
0
0
0
0
0
0
0
-1
-1
0
0
0
1
0
0
0
0
0
0
0
0
0
0
-1
0
0
0
-1
0
0
0
0
0
0
0
-1
1
-1
0
0
-1
0
-1
1
0
1
1
0
0
0
0
0
1
0
0
0
0
1
1
0
0
0
0
0
-1
1
0
1
0
0
0
0
0
0
-1
0
0
0
0
0
0
0
0
0
0
0
0
-1
0
0
0
0
1
1
0
0
-1
0
0
0
0
1
0
0
1
0
0
0
0
0
0
1
-1
0
0
0
0
-1
0
-1
0
0
1
1
0
0
0
0
1
0
0
1
0
0
0
0
0
0
1
0
1
0
0
0
0
0
0
0
-1
-1
0
0
0
0
-1
-1
-1
0
0
0
-1
0
0
-1
-1
0
-1
0
0
0
0
-1
0
1
0
0
0
1
1
0
0
1
0
1
-1
0
0
0
0
-1
1
0
0
0
-1
-1
-1
0
1
0
-1
0
0
0
0
0
1
0
0
1
0
1
0
0
0
0
0
0
-1
0
-1
0
1
1
1
1
0
0
0
0
0
0
-1
-1
1
-1
0
0
0
0
0
0
0
0
0
-1
-1
0
0
0
-1
0
0
0
0
0
0
1
0
0
1
0
0
0
0
0
-1
1
0
0
-1
0
0
0
0
0
-1
1
0
0
0
0
0
0
-1
-1
0
0
0
1
0
-1
0
0
0
-1
0
0
1
0
1
1
0
0
0
1
0
0
-1
-1
-1
0
0
0
-1
-1
0
0
0
-1
0
-1
0
-1
0
0
-1
0
0
0
0
-1
-1
1
-1
0
1
0
0
-1
0
0
0
0
1
0
1
1
0
0
1
0
1
0
-1
1
0
-1
1
1
0
1
0
0
0
1
0
0
0
1
0
0
0
0
-1
1
0
0
0
0
0
0
1
0
-1
0
0
0
1
0
1
-1
0
1
1
0
0
0
-1
-1
0
0
0
0
0
0
0
0
0
0
-1
0
0
0
1
0
-1
0
1
1
0
0
0
0
0
0
-1
0
-1
0
0
0
0
0
0
0
1
0
1
0
0
0
0
-1
-1
0
0
0
0
0
0
0
0
0
-1
-1
0
1
0
0
0
0
1
0
0
0
1
0
0
0
0
0
-1
0
1
0
-1
0
0
0
0
1
1
0
0
0
0
1
1
0
0
1
0
0
0
0
1
0
1
1
0
0
1
-1
0
-1
0
0
1
1
1
1
0
0
-1
0
-1
0
0
0
0
0
0
-1
0
0
0
-1
0
0
1
0
0
-1
0
0
0
0
0
0
1
0
0
0
0
0
0
0
0
1
0
0
0
1
0
0
0
0
0
0
1
0
1
1
0
-1
1
-1
-1
0
0
1
1
0
0
0
1
-1
0
-1
0
0
0
0
0
0
0
1
-1
0
0
0
0
-1
0
-1
0
0
-1
0
0
0
-1
-1
0
-1
0
0
0
0
0
0
-1
0
0
0
0
-1
-1
0
1
0
-1
1
0
0
0
0
1
1
0
0
1
0
0
0
0
0
0
0
0
1
0
1
0
0
0
0
0
0
0
0
1
0
0
0
1
1
1
1
1
0
0
1
0
0
0
0
0
0
0
0
0
-1
-1
-1
0
0
-1
-1
0
0
0
0
1
0
0
-1
1
0
1
0
0
0
0
1
1
0
0
0
1
-1
0
0
0
0
0
0
-1
0
0
-1
0
0
0
0
-1
1
0
0
0
0
0
-1
-1
1
-1
0
0
0
-1
0
-1
0
1
0
0
0
0
0
-1
0
0
0
0
0
-1
0
1
1
0
0
0
0
0
1
0
-1
-1
-1
0
1
1
1
0
0
0
-1
0
0
1
0
0
0
0
0
0
1
0
0
0
-1
0
0
0
0
0
0
1
0
0
0
0
0
0
0
0
0
0
0
0
0
0
0
1
0
0
-1
-1
0
1
1
1
-1
0
-1
-1
-1
0
-1
0
0
0
0
-1
0
0
0
0
1
-1
0
0
0
1
0
1
-1
0
0
0
1
0
0
-1
0
0
0
0
0
1
-1
0
0
0
0
0
0
0
0
0
1
0
0
0
0
-1
-1
0
0
0
1
-1
-1
-1
-1
0
0
1
0
1
0
0
-1
1
0
-1
0
0
0
0
0
0
0
-1
0
0
0
1
0
0
-1
1
0
0
0
-1
1
0
0
0
-1
0
0
0
0
0
0
0
1
-1
0
0
0
-1
1
0
-1
1
0
0
0
0
0
0
0
-1
0
0
0
0
1
0
0
1
0
0
0
0
-1
1
0
0
1
0
0
0
0
0
1
0
0
0
-1
0
0
0
-1
-1
-1
0
0
0
0
0
0
-1
0
0
0
-1
-1
0
0
0
-1
1
0
1
0
0
-1
-1
-1
0
0
-1
1
0
0
0
0
-1
1
0
0
0
0
0
0
0
1
0
0
0
0
-1
0
0
0
0
0
0
1
0
0
0
0
1
1
1
0
0
0
0
0
-1
0
0
0
0
0
-1
0
0
1
1
-1
1
0
-1
0
0
0
0
0
0
-1
1
0
-1
1
-1
0
0
0
-1
0
0
0
0
0
0
1
-1
0
-1
0
1
-1
-1
0
0
0
0
0
0
0
1
-1
0
0
1
-1
0
-1
0
0
-1
-1
0
0
0
0
0
-1
0
0
1
0
1
0
0
0
-1
1
-1
0
0
0
1
0
-1
0
0
1
1
0
0
0
0
0
0
1
0
0
0
0
0
0
1
0
0
0
1
0
1
0
0
1
0
1
0
0
1
0
1
0
0
-1
-1
0
0
-1
0
-1
0
-1
0
1
0
0
0
1
-1
0
-1
0
0
0
1
1
1
-1
0
1
0
0
0
1
0
0
-1
0
0
0
0
0
0
0
1
0
0
0
1
0
1
1
0
0
0
-1
-1
0
0
0
0
-1
0
0
0
0
0
0
0
-1
0
0
1
0
0
-1
0
0
0
0
1
0
0
0
0
0
0
0
0
0
0
0
0
0
-1
0
0
-1
1
0
1
0
1
-1
0
0
-1
0
0
0
0
0
0
0
0
0
0
-1
1
-1
1
1
0
0
0
1
-1
1
0
0
0
0
0
0
0
0
1
0
-1
0
0
0
0
0
0
-1
0
0
-1
0
0
0
0
0
0
1
1
0
1
0
0
1
0
0
0
0
0
0
0
0
0
0
-1
-1
0
0
0
0
0
1
0
2
-1
-1
0
-1
0
0
0
1
0
1
1
0
0
0
0
0
0
0
0
0
-1
-1
-1
-1
-1
0
0
1
0
0
0
0
0
0
1
1
-1
0
0
0
0
1
1
1
0
0
0
-1
-1
-1
0
0
-1
1
-1
0
0
0
0
0
0
0
1
1
0
0
0
-1
-1
1
0
0
0
0
0
0
0
0
-1
-1
0
0
0
0
0
0
0
0
-1
0
0
0
0
0
0
0
-1
0
0
1
0
1
-1
1
0
0
0
0
-1
0
-1
0
0
0
0
0
1
0
0
0
0
0
1
0
0
0
0
1
0
0
0
0
1
-1
0
-1
-1
-1
-1
0
0
0
1
1
-1
0
1
0
0
0
-1
-1
0
0
0
0
0
0
0
0
0
-1
0
1
0
0
0
0
0
0
0
0
1
0
-1
-1
0
0
0
0
-1
0
0
0
1
-1
0
0
0
-1
0
-1
0
-1
0
0
-1
0
-1
0
0
0
-1
0
0
0
1
0
1
0
0
0
1
1
0
-1
0
1
-1
0
0
0
1
0
1
0
0
0
0
0
0
1
0
0
-1
0
1
-1
1
0
0
0
-1
0
0
0
0
0
0
-1
0
0
-1
0
-1
0
1
-1
0
0
0
-1
1
1
0
1
0
0
1
0
0
1
0
0
1
0
1
1
0
0
0
0
0
0
0
0
0
0
0
1
0
0
-1
0
0
0
0
-1
0
0
1
0
0
1
0
-1
0
0
0
-1
0
0
0
0
0
-1
-1
-1
0
0
-1
0
0
0
-1
0
1
0
0
0
0
1
0
1
0
0
1
0
0
0
0
0
-1
0
0
0
0
0
1
0
0
0
-1
0
0
-1
1
0
-1
1
-2
0
0
0
0
0
-1
0
0
0
0
0
-1
-1
1
1
0
0
1
0
-1
0
1
1
0
-1
0
0
1
0
0
-1
0
0
-1
0
0
0
0
0
-1
0
0
0
1
0
1
1
0
1
1
0
-1
0
0
-1
0
0
0
1
0
0
0
0
-1
1
0
0
0
-1
0
0
0
0
0
0
0
-1
1
0
0
0
0
0
0
1
0
-1
0
0
0
0
0
0
0
0
0
0
0
1
0
0
-1
0
0
-1
-1
-1
0
0
1
1
0
1
1
0
0
-1
1
0
0
0
0
0
-1
1
0
0
0
0
0
0
1
0
1
0
0
-1
-1
-1
0
0
-1
0
0
0
0
0
0
0
1
1
0
0
0
0
1
0
1
0
0
1
0
1
0
-1
1
1
-1
0
0
0
-1
0
0
0
0
0
-1
1
-1
0
1
0
0
0
0
1
0
1
0
0
0
0
-1
0
0
-1
-1
-1
0
0
1
-1
-1
0
1
0
0
0
0
-1
0
0
0
-1
-1
0
0
1
0
-1
0
0
0
1
0
0
0
0
0
0
1
1
0
0
0
1
1
-1
0
0
1
-1
0
0
0
1
1
0
0
1
0
1
0
0
0
0
0
1
1
1
-1
0
-1
0
-1
-1
0
-1
1
0
0
0
-1
0
0
0
0
0
-1
1
-1
0
0
1
1
0
0
0
0
0
-1
0
0
0
0
1
1
0
1
0
0
0
0
1
0
1
1
1
0
0
0
1
0
0
1
0
1
0
1
-1
0
1
0
0
0
-1
0
0
0
1
0
-1
0
-1
-1
0
0
1
0
0
0
1
0
0
0
0
1
-1
0
-1
0
0
0
1
0
0
0
0
0
0
1
0
1
0
0
-1
1
1
0
1
1
0
0
1
1
1
1
0
1
0
1
0
1
0
0
0
0
-1
0
0
0
0
0
-1
0
0
-1
0
0
0
0
0
-1
-1
0
0
0
-1
0
-1
0
0
0
-1
0
-1
-1
0
-1
-1
0
0
0
0
0
0
0
0
1
0
0
1
0
0
1
0
0
0
1
2
0
1
1
1
1
0
0
0
1
0
1
1
0
0
1
0
1
0
0
0
0
0
0
0
-1
0
0
0
0
-1
0
0
0
0
0
0
-1
-1
-1
0
-1
0
0
0
-1
0
0
1
0
1
1
0
1
1
1
0
0
0
-1
1
0
0
-1
-1
-1
-1
-1
-1
-2
-2
-2
-1
-1
-2
-2
-1
-2
-2
-1
-2
-1
-1
-1
-2
-1
-1
-1
-1
0
0
0
1
0
0
0
1
1
2
1
2
2
2
3
2
3
2
3
3
4
4
4
4
5
4
5
5
5
5
5
5
5
4
4
4
4
3
3
2
1
2
1
0
1
-1
-1
-1
-2
-3
-4
-5
-5
-5
-6
-7
-8
-9
-9
-11
-10
-9
-10
-10
-10
-10
-10
-9
-9
-8
-8
-7
-7
-6
-5
-5
-4
-3
-2
-2
-2
1
0
1
2
2
4
4
4
5
5
6
5
7
6
6
6
7
7
6
7
6
7
6
7
8
8
8
8
9
9
10
10
9
8
9
9
9
8
8
7
6
5
5
3
1
-4
-9
-14
-21
-26
-30
-32
-32
-35
-37
-40
-40
-37
-33
-24
-10
6
25
45
60
71
81
89
98
105
112
115
119
120
118
109
95
72
47
22
-2
-25
-45
-66
-81
-99
-120
-143
-166
-183
-193
-194
-190
-179
-165
-148
-131
-115
-104
-93
-80
-63
-44
-25
-8
11
29
46
57
65
71
75
78
80
79
78
79
79
81
81
77
71
64
54
41
30
24
20
17
10
3
-5
-14
-25
-33
-41
-42
-39
-32
-21
-7
9
25
40
56
70
89
112
137
161
185
206
222
231
233
225
213
197
182
165
151
135
114
90
60
23
-14
-46
-70
-89
-99
-104
-104
-106
-113
-123
-135
-149
-166
-181
-191
-191
-189
-187
-190
-207
-241
-289
-347
-411
-475
-538
-587
-619
-639
-648
-648
-638
-629
-623
-617
-600
-562
-499
-411
-298
-158
-3
152
297
432
558
678
794
913
1043
1182
1316
1427
1500
1527
1503
1433
1315
1159
978
793
607
418
219
12
-207
-445
-705
-970
-1211
-1403
-1530
-1589
-1571
-1487
-1351
-1184
-1003
-810
-595
-348
-66
243
569
907
1241
1550
1813
2025
2198
2339
2447
2521
2562
2573
2550
2477
2353
2186
1992
1775
1524
1231
910
559
170
-260
-714
-1163
-1595
-2021
-2453
-2874
-3288
-3728
-4230
-4778
-5280
-5653
-5914
-6110
-6235
-6219
-6035
-5760
-5466
-5123
-4633
-3989
-3279
-2561
-1773
-847
156
1106
1949
2763
3598
4393
5048
5577
6070
6547
6920
7107
7154
7146
7077
6862
6466
5961
5446
4921
4310
3600
2868
2168
1470
721
-64
-798
-1435
-2032
-2620
-3175
-3617
-3933
-4178
-4378
-4503
-4517
-4430
-4267
-4053
-3762
-3370
-2904
-2403
-1908
-1412
-881
-313
244
728
1218
1739
2272
2747
3121
3420
3660
3822
3866
3794
3658
3492
3281
2998
2648
2262
1855
1418
938
442
-41
-491
-903
-1276
-1599
-1854
-2054
-2237
-2425
-2609
-2761
-2884
-2989
-3080
-3143
-3199
-3286
-3423
-3617
-3879
-4230
-4623
-4963
-5209
-5394
-5551
-5614
-5505
-5270
-5019
-4764
-4405
-3891
-3308
-2739
-2128
-1346
-417
523
1383
2227
3123
4014
4772
5363
5888
6422
6896
7198
7326
7410
7492
7468
7218
6777
6300
5828
5250
4500
3688
2958
2301
1596
814
80
-514
-1053
-1656
-2300
-2849
-3237
-3538
-3823
-4058
-4155
-4096
-3957
-3786
-3581
-3287
-2903
-2496
-2114
-1738
-1300
-803
-312
126
548
1038
1594
2133
2599
3017
3419
3754
3952
4005
3968
3877
3705
3411
3017
2585
2136
1651
1132
608
120
-307
-678
-1000
-1284
-1535
-1769
-1998
-2200
-2351
-2458
-2554
-2654
-2738
-2822
-2997
-3350
-3843
-4367
-4929
-5615
-6390
-7043
-7420
-7618
-7801
-7915
-7749
-7278
-6736
-6265
-5712
-4872
-3836
-2848
-1947
-926
324
1636
2787
3792
4841
5948
6913
7588
8063
8504
8924
9160
9124
8956
8827
8701
8384
7823
7174
6580
5946
5098
4088
3135
2336
1556
668
-213
-916
-1468
-2053
-2714
-3316
-3748
-4068
-4414
-4759
-4957
-4969
-4872
-4768
-4625
-4370
-3985
-3554
-3155
-2750
-2267
-1684
-1082
-544
-3
626
1323
1962
2480
2929
3369
3753
3978
4048
4048
3998
3862
3566
3139
2667
2206
1728
1220
717
278
-93
-430
-752
-1106
-1453
-1768
-2026
-2222
-2373
-2489
-2551
-2554
-2588
-2807
-3264
-3828
-4408
-5062
-5920
-6899
-7672
-8070
-8299
-8580
-8751
-8475
-7801
-7144
-6682
-6109
-5138
-3977
-3035
-2264
-1245
170
1648
2865
3944
5211
6617
7770
8445
8866
9342
9808
9944
9689
9348
9212
9132
8738
8015
7310
6787
6180
5185
3947
2860
1999
1065
-93
-1191
-1911
-2381
-2935
-3601
-4114
-4326
-4447
-4718
-5049
-5189
-5108
-4963
-4876
-4740
-4399
-3853
-3279
-2770
-2291
-1749
-1062
-454
-17
369
915
1618
2255
2762
3257
3856
4428
4757
4818
4779
4735
4589
4193
3622
3055
2532
1966
1322
667
106
-358
-788
-1213
-1623
-1977
-2251
-2450
-2614
-2778
-2912
-2939
-2895
-2929
-3185
-3616
-4080
-4560
-5214
-6127
-7073
-7730
-8094
-8445
-8837
-8938
-8488
-7750
-7162
-6699
-5948
-4791
-3658
-2877
-2168
-1070
355
1626
2576
3592
4960
6389
7395
7975
8528
9208
9682
9655
9332
9135
9112
8924
8379
7740
7305
6977
6380
5389
4362
3566
2808
1765
532
-481
-1128
-1707
-2450
-3139
-3479
-3560
-3721
-4052
-4314
-4360
-4336
-4410
-4497
-4409
-4107
-3704
-3278
-2827
-2321
-1745
-1154
-625
-184
255
767
1294
1725
2073
2470
2965
3395
3629
3765
3930
4034
3918
3596
3213
2836
2383
1798
1159
563
26
-489
-970
-1392
-1759
-2067
-2275
-2377
-2437
-2510
-2570
-2585
-2580
-2683
-3006
-3493
-3988
-4492
-5188
-6139
-7082
-7714
-8081
-8499
-8972
-9080
-8575
-7820
-7259
-6763
-5849
-4532
-3371
-2639
-1927
-771
635
1761
2572
3560
4954
6343
7277
7878
8566
9389
9922
9882
9579
9434
9388
9039
8304
7559
7107
6724
6011
4999
4104
3467
2744
1660
476
-397
-1005
-1717
-2597
-3292
-3610
-3774
-4093
-4464
-4624
-4573
-4545
-4619
-4637
-4461
-4146
-3820
-3488
-3076
-2545
-1929
-1280
-660
-47
624
1347
2012
2541
2998
3486
3946
4214
4278
4259
4216
4051
3679
3169
2656
2157
1600
980
374
-144
-620
-1087
-1519
-1912
-2213
-2433
-2576
-2631
-2622
-2579
-2526
-2446
-2383
-2449
-2722
-3158
-3641
-4190
-4937
-5925
-6901
-7571
-8002
-8458
-8872
-8856
-8262
-7489
-6927
-6352
-5362
-4078
-3025
-2363
-1616
-429
878
1847
2585
3583
4949
6207
7038
7673
8469
9324
9785
9730
9507
9414
9315
8854
8064
7346
6901
6444
5635
4620
3824
3256
2509
1396
268
-505
-1113
-1957
-2957
-3671
-3945
-4145
-4527
-4857
-4845
-4617
-4508
-4575
-4505
-4172
-3750
-3457
-3175
-2721
-2112
-1440
-870
-308
394
1201
1927
2517
3062
3630
4162
4498
4633
4667
4672
4583
4311
3875
3421
2982
2498
1890
1226
641
102
-493
-1154
-1769
-2265
-2700
-3121
-3435
-3542
-3506
-3473
-3447
-3317
-3101
-3041
-3290
-3704
-4080
-4505
-5245
-6273
-7164
-7662
-8005
-8469
-8827
-8614
-7840
-7046
-6471
-5746
-4547
-3192
-2216
-1577
-741
453
1578
2317
2969
3987
5291
6389
7111
7779
8641
9439
9740
9540
9257
9094
8788
8039
7040
6247
5741
5147
4224
3293
2717
2326
1641
628
-257
-798
-1330
-2198
-3148
-3699
-3871
-4096
-4508
-4738
-4532
-4174
-4040
-4040
-3820
-3346
-2919
-2707
-2499
-2075
-1506
-995
-565
-58
623
1365
2019
2572
3118
3694
4198
4510
4631
4660
4634
4472
4121
3654
3171
2686
2146
1555
1003
521
69
-407
-879
-1304
-1690
-2093
-2490
-2790
-2943
-3038
-3134
-3148
-2988
-2781
-2786
-3048
-3339
-3574
-4028
-4945
-6085
-6986
-7610
-8323
-9179
-9664
-9388
-8671
-8031
-7402
-6288
-4682
-3178
-2160
-1290
-117
1208
2191
2802
3525
4658
5899
6824
7499
8325
9366
10191
10434
10286
10166
10070
9575
8543
7404
6586
5896
4904
3665
2695
2134
1526
515
-585
-1327
-1847
-2643
-3739
-4643
-5076
-5366
-5827
-6240
-6194
-5729
-5262
-4962
-4564
-3858
-3054
-2479
-2104
-1613
-898
-205
289
765
1466
2309
3017
3542
4079
4703
5208
5401
5371
5296
5158
4810
4234
3592
3010
2425
1741
1004
371
-112
-554
-1093
-1623
-1976
-2243
-2553
-2917
-3136
-3091
-2962
-2939
-2921
-2685
-2365
-2329
-2709
-3185
-3560
-4107
-5175
-6508
-7546
-8169
-8790
-9549
-9949
-9532
-8602
-7772
-7063
-5949
-4349
-2852
-1890
-1156
-97
1190
2172
2790
3547
4770
6146
7187
7960
8870
9952
10753
10925
10694
10464
10215
9577
8433
7219
6321
5553
4531
3295
2308
1738
1127
121
-999
-1784
-2335
-3165
-4331
-5275
-5666
-5855
-6250
-6608
-6432
-5789
-5214
-4913
-4505
-3685
-2794
-2235
-1911
-1348
-510
207
689
1177
1986
2947
3689
4166
4684
5331
5801
5853
5643
5454
5238
4767
4017
3236
2619
2035
1322
566
-39
-470
-902
-1464
-2016
-2374
-2599
-2886
-3245
-3441
-3332
-3106
-3010
-2968
-2707
-2310
-2209
-2602
-3154
-3569
-4104
-5181
-6604
-7727
-8361
-8981
-9810
-10310
-9930
-8976
-8137
-7431
-6278
-4565
-2951
-1922
-1112
38
1406
2423
3014
3729
4928
6264
7256
7981
8892
10048
10954
11217
11058
10906
10725
10077
8844
7485
6432
5521
4352
2982
1918
1337
793
-127
-1170
-1866
-2289
-2979
-4062
-5019
-5451
-5664
-6092
-6539
-6461
-5838
-5190
-4785
-4284
-3386
-2371
-1690
-1288
-750
14
678
1064
1448
2105
2911
3549
4010
4547
5202
5712
5870
5781
5641
5418
4928
4163
3324
2576
1856
1059
239
-438
-922
-1347
-1853
-2343
-2648
-2816
-3026
-3325
-3474
-3309
-3050
-2905
-2803
-2516
-2128
-2070
-2497
-3061
-3541
-4186
-5339
-6804
-7970
-8709
-9418
-10223
-10646
-10228
-9282
-8405
-7574
-6283
-4532
-2913
-1815
-892
327
1645
2600
3222
4004
5207
6448
7377
8176
9176
10317
11136
11375
11318
11248
11014
10276
9042
7743
6681
5643
4365
2981
1908
1237
564
-386
-1350
-1980
-2429
-3165
-4197
-5044
-5460
-5770
-6269
-6679
-6547
-5991
-5473
-5107
-4526
-3545
-2524
-1812
-1276
-601
186
785
1153
1584
2219
2887
3388
3821
4393
5022
5461
5632
5662
5617
5376
4826
4094
3323
2553
1727
866
95
-515
-1025
-1501
-1965
-2329
-2582
-2789
-3005
-3213
-3235
-3056
-2875
-2776
-2608
-2274
-1979
-2068
-2524
-3033
-3546
-4365
-5666
-7095
-8171
-8938
-9752
-10542
-10781
-10229
-9326
-8514
-7593
-6163
-4410
-2924
-1889
-870
415
1665
2529
3197
4126
5366
6541
7451
8339
9428
10531
11265
11529
11564
11516
11203
10397
9199
7959
6832
5649
4253
2840
1739
946
137
-831
-1712
-2278
-2734
-3441
-4349
-5053
-5427
-5769
-6273
-6613
-6435
-5888
-5381
-4922
-4177
-3091
-2063
-1338
-708
86
857
1379
1706
2136
2788
3320
3673
4070
4637
5149
5377
5414
5439
5377
5023
4410
3745
3115
2393
1525
654
-52
-632
-1213
-1800
-2280
-2573
-2749
-2937
-3132
-3210
-3076
-2811
-2610
-2496
-2305
-2015
-1891
-2193
-2810
-3416
-4047
-5027
-6439
-7857
-8862
-9613
-10422
-11090
-11100
-10369
-9400
-8516
-7407
-5775
-3945
-2477
-1415
-298
1041
2239
3035
3718
4678
5879
6933
7763
8657
9755
10790
11405
11597
11641
11596
11230
10370
9180
7998
6886
5639
4204
2832
1786
975
101
-883
-1676
-2165
-2623
-3353
-4202
-4803
-5178
-5635
-6213
-6553
-6406
-6031
-5729
-5329
-4536
-3448
-2460
-1689
-872
67
861
1338
1709
2232
2808
3202
3477
3891
4466
4947
5181
5299
5414
5398
5052
4423
3730
3026
2195
1202
220
-546
-1148
-1740
-2333
-2780
-2986
-3076
-3214
-3352
-3335
-3109
-2829
-2664
-2529
-2249
-1864
-1667
-1887
-2385
-2879
-3436
-4356
-5713
-7115
-8166
-8999
-9912
-10724
-10933
-10394
-9572
-8810
-7820
-6285
-4479
-2952
-1819
-663
714
1944
2765
3422
4341
5510
6544
7358
8227
9328
10455
11211
11550
11721
11803
11594
10858
9703
8486
7310
6005
4485
2978
1820
956
68
-912
-1712
-2145
-2483
-3087
-3861
-4442
-4795
-5231
-5852
-6304
-6314
-6077
-5878
-5611
-4950
-3967
-3044
-2314
-1550
-617
237
766
1151
1680
2295
2745
3004
3363
3946
4497
4810
4986
5205
5390
5291
4864
4325
3760
3072
2169
1156
254
-520
-1278
-2027
-2671
-3081
-3281
-3412
-3510
-3482
-3239
-2852
-2525
-2308
-2053
-1731
-1517
-1672
-2198
-2805
-3414
-4264
-5504
-6900
-8033
-8868
-9702
-10507
-10873
-10536
-9766
-8971
-8070
-6712
-4959
-3295
-2017
-862
474
1788
2753
3439
4215
5247
6282
7114
7894
8862
9962
10845
11325
11555
11685
11602
11078
10092
8921
7775
6582
5180
3660
2361
1421
572
-398
-1333
-1955
-2329
-2822
-3532
-4162
-4516
-4791
-5252
-5737
-5865
-5662
-5464
-5328
-4957
-4200
-3354
-2682
-2055
-1249
-383
270
685
1178
1800
2286
2605
2911
3396
3930
4292
4509
4752
4991
5042
4827
4447
4021
3481
2729
1827
936
142
-618
-1404
-2139
-2719
-3110
-3371
-3587
-3697
-3619
-3361
-3019
-2742
-2495
-2148
-1778
-1638
-1898
-2425
-2941
-3534
-4527
-5881
-7201
-8184
-9002
-9901
-10629
-10720
-10167
-9395
-8636
-7603
-6056
-4312
-2848
-1706
-530
798
1952
2736
3385
4252
5318
6257
6999
7843
8929
10036
10815
11203
11461
11664
11533
10872
9808
8678
7593
6303
4735
3216
2082
1240
321
-703
-1471
-1821
-2104
-2664
-3344
-3758
-3976
-4385
-5041
-5500
-5516
-5405
-5454
-5430
-4964
-4132
-3381
-2806
-2093
-1148
-290
246
664
1254
1874
2268
2488
2844
3403
3886
4178
4427
4742
5015
5013
4759
4444
4065
3501
2690
1730
834
15
-838
-1717
-2498
-3051
-3410
-3679
-3860
-3846
-3632
-3303
-2935
-2565
-2176
-1770
-1434
-1285
-1423
-1852
-2416
-3094
-4045
-5297
-6647
-7788
-8687
-9561
-10316
-10593
-10253
-9550
-8797
-7877
-6501
-4830
-3304
-2093
-962
338
1597
2516
3190
3972
4991
5995
6768
7495
8454
9569
10445
10880
11113
11367
11448
11001
10037
8974
7999
6866
5391
3845
2658
1808
895
-164
-997
-1380
-1631
-2160
-2835
-3240
-3406
-3764
-4418
-4943
-5046
-5034
-5230
-5406
-5120
-4447
-3858
-3443
-2828
-1875
-956
-388
53
711
1437
1875
2059
2371
2930
3414
3639
3830
4206
4611
4724
4561
4386
4222
3842
3101
2193
1380
600
-312
-1321
-2208
-2829
-3339
-3817
-4154
-4214
-4016
-3781
-3517
-3098
-2574
-2092
-1737
-1491
-1329
-1425
-1866
-2500
-3238
-4149
-5339
-6671
-7785
-8611
-9354
-9995
-10229
-9838
-9059
-8267
-7337
-5985
-4351
-2865
-1736
-651
644
1874
2724
3380
4224
5305
6306
7069
7865
8888
9949
10648
10967
11198
11388
11255
10571
9511
8472
7470
6204
4688
3301
2298
1480
547
-365
-929
-1165
-1469
-2049
-2618
-2916
-3160
-3682
-4390
-4846
-4984
-5121
-5379
-5463
-5081
-4475
-3997
-3546
-2844
-1933
-1179
-703
-240
418
1057
1392
1646
2116
2740
3199
3459
3805
4314
4673
4703
4555
4426
4187
3613
2790
1964
1219
374
-641
-1574
-2236
-2729
-3218
-3655
-3825
-3703
-3506
-3356
-3120
-2621
-2051
-1690
-1490
-1239
-975
-1039
-1571
-2228
-2824
-3626
-4852
-6255
-7337
-8093
-8920
-9784
-10166
-9831
-9161
-8579
-7855
-6552
-4872
-3423
-2341
-1176
294
1649
2512
3151
4074
5245
6185
6791
7466
8476
9535
10165
10418
10712
11065
11072
10475
9559
8751
7952
6766
5259
3891
2889
1998
903
-178
-854
-1183
-1583
-2221
-2757
-2962
-3120
-3581
-4207
-4555
-4620
-4779
-5100
-5226
-4934
-4466
-4143
-3780
-3081
-2191
-1458
-954
-363
431
1121
1494
1792
2310
2926
3308
3477
3781
4283
4639
4664
4562
4553
4481
4055
3321
2583
1896
1048
-16
-1078
-1920
-2600
-3296
-3930
-4261
-4266
-4142
-4002
-3707
-3129
-2450
-1940
-1582
-1170
-753
-658
-1023
-1590
-2106
-2778
-3900
-5272
-6412
-7250
-8141
-9165
-9836
-9798
-9367
-8983
-8484
-7424
-5875
-4409
-3285
-2128
-652
812
1839
2582
3486
4623
5604
6248
6890
7822
8850
9571
9940
10316
10780
10937
10569
9849
9131
8383
7292
5852
4471
3397
2405
1270
157
-598
-1017
-1445
-2033
-2514
-2722
-2898
-3285
-3817
-4174
-4303
-4490
-4790
-4927
-4722
-4319
-3988
-3643
-3019
-2203
-1484
-936
-361
342
979
1349
1612
2020
2469
2744
2910
3172
3589
3918
4013
4057
4187
4191
3857
3299
2741
2150
1353
318
-674
-1488
-2227
-2969
-3647
-4023
-4110
-4074
-3983
-3723
-3217
-2539
-1943
-1496
-1048
-569
-241
-309
-760
-1279
-1808
-2646
-3873
-5193
-6252
-7112
-8098
-9090
-9624
-9575
-9263
-8979
-8451
-7344
-5897
-4579
-3446
-2152
-613
785
1797
2660
3684
4783
5628
6245
6961
7852
8681
9249
9649
10099
10490
10550
10234
9711
9095
8302
7198
5887
4590
3412
2293
1155
85
-713
-1241
-1698
-2169
-2545
-2711
-2802
-3028
-3363
-3590
-3656
-3794
-4032
-4157
-3995
-3676
-3402
-3111
-2543
-1786
-1173
-722
-242
375
834
981
1089
1373
1700
1847
1917
2199
2669
3044
3225
3415
3701
3837
3630
3203
2732
2178
1374
367
-591
-1405
-2155
-2864
-3434
-3720
-3720
-3588
-3382
-3055
-2583
-1989
-1440
-1045
-730
-434
-209
-209
-553
-1080
-1574
-2186
-3139
-4342
-5480
-6375
-7260
-8319
-9191
-9503
-9388
-9181
-8887
-8117
-6766
-5312
-4054
-2769
-1212
417
1672
2570
3492
4545
5426
5949
6396
7078
7851
8448
8851
9286
9796
10134
10125
9819
9364
8751
7873
6679
5345
4051
2847
1677
516
-468
-1114
-1519
-1893
-2250
-2432
-2410
-2440
-2688
-2987
-3126
-3206
-3442
-3748
-3828
-3623
-3372
-3179
-2858
-2258
-1591
-1103
-728
-285
183
461
535
644
882
1106
1249
1459
1865
2347
2738
3050
3377
3640
3666
3420
2996
2463
1771
893
-52
-925
-1688
-2375
-2930
-3269
-3378
-3314
-3141
-2850
-2442
-1988
-1521
-1046
-651
-362
-138
24
44
-215
-694
-1185
-1776
-2661
-3800
-4924
-5843
-6749
-7794
-8688
-9071
-9040
-8883
-8609
-7878
-6623
-5248
-4010
-2743
-1249
265
1438
2310
3184
4114
4875
5372
5827
6449
7145
7729
8185
8645
9151
9506
9541
9272
8813
8233
7406
6246
4936
3715
2640
1583
505
-352
-810
-1055
-1339
-1623
-1685
-1566
-1577
-1846
-2137
-2273
-2439
-2813
-3210
-3367
-3317
-3267
-3242
-3001
-2511
-2048
-1720
-1383
-931
-517
-317
-221
-5
303
531
699
1023
1545
2077
2502
2880
3333
3695
3784
3631
3331
2936
2348
1514
608
-196
-947
-1682
-2329
-2764
-2950
-3007
-2972
-2795
-2466
-2064
-1651
-1213
-771
-403
-112
105
237
199
-118
-585
-1109
-1815
-2798
-3969
-5060
-5962
-6908
-7916
-8633
-8855
-8727
-8505
-8140
-7296
-6035
-4763
-3648
-2493
-1122
201
1197
1950
2740
3633
4370
4863
5358
6037
6798
7406
7822
8265
8782
9115
9087
8765
8364
7910
7132
6028
4871
3878
2976
1966
974
297
-32
-293
-621
-827
-781
-684
-821
-1141
-1387
-1561
-1913
-2466
-2940
-3166
-3283
-3472
-3560
-3324
-2887
-2515
-2235
-1824
-1287
-889
-735
-615
-365
-104
5
106
446
976
1467
1866
2356
2977
3452
3589
3527
3425
3178
2578
1696
833
66
-729
-1571
-2277
-2671
-2827
-2914
-2914
-2705
-2283
-1842
-1502
-1162
-755
-366
-144
-94
-50
12
-113
-532
-1074
-1568
-2162
-3064
-4154
-5088
-5821
-6629
-7532
-8140
-8221
-8024
-7854
-7513
-6645
-5415
-4290
-3343
-2252
-887
330
1140
1823
2675
3572
4198
4584
5123
5894
6558
6989
7330
7821
8300
8414
8246
8006
7743
7287
6504
5622
4869
4185
3439
2641
2022
1689
1415
1077
730
535
423
123
-361
-831
-1225
-1648
-2275
-2904
-3271
-3481
-3687
-3886
-3877
-3554
-3193
-2970
-2706
-2274
-1787
-1521
-1420
-1227
-884
-584
-435
-218
262
834
1328
1790
2328
2926
3316
3419
3386
3242
2905
2276
1447
650
-119
-919
-1685
-2271
-2566
-2689
-2720
-2614
-2308
-1862
-1423
-1071
-714
-314
39
231
292
389
479
395
116
-260
-634
-1129
-1910
-2857
-3766
-4604
-5495
-6477
-7263
-7665
-7846
-7924
-7784
-7234
-6339
-5429
-4550
-3502
-2286
-1132
-241
557
1474
2355
2995
3480
4051
4749
5339
5757
6214
6788
7316
7616
7736
7876
7944
7781
7376
6839
6337
5769
5052
4289
3587
3031
2520
1942
1419
1008
682
314
-179
-657
-1084
-1520
-2072
-2678
-3137
-3488
-3825
-4134
-4296
-4192
-3996
-3831
-3575
-3144
-2632
-2243
-1935
-1547
-1074
-704
-471
-214
224
714
1095
1432
1881
2437
2850
3023
3124
3218
3133
2749
2162
1591
1007
290
-472
-1095
-1504
-1785
-2002
-2060
-1900
-1608
-1302
-1015
-705
-376
-109
36
109
174
234
253
198
105
7
-128
-405
-857
-1450
-2141
-2932
-3895
-4961
-5983
-6873
-7578
-8131
-8439
-8360
-7940
-7225
-6344
-5268
-4017
-2737
-1522
-471
456
1294
1990
2529
2944
3352
3805
4271
4756
5305
5931
6609
7213
7729
8158
8442
8525
8358
7976
7447
6785
5970
5085
4210
3415
2689
1993
1418
944
529
142
-261
-649
-1058
-1555
-2098
-2664
-3230
-3773
-4261
-4644
-4878
-4973
-4897
-4644
-4259
-3788
-3250
-2649
-2016
-1432
-932
-470
-23
382
705
965
1240
1548
1831
2054
2259
2488
2679
2738
2660
2519
2323
1998
1537
1006
513
36
-456
-888
-1210
-1395
-1512
-1578
-1535
-1410
-1246
-1084
-966
-836
-713
-603
-517
-483
-396
-270
-185
-150
-184
-208
-323
-698
-1256
-1891
-2564
-3400
-4452
-5435
-6219
-6868
-7452
-7870
-7865
-7499
-6983
-6313
-5412
-4269
-3109
-2106
-1142
-168
724
1419
1973
2571
3205
3780
4319
4914
5644
6377
7015
7618
8186
8663
8905
8893
8735
8409
7840
7063
6200
5345
4468
3568
2735
2032
1460
902
357
-125
-562
-1043
-1644
-2293
-2904
-3512
-4119
-4708
-5163
-5400
-5449
-5338
-5060
-4575
-3889
-3139
-2391
-1672
-984
-350
89
368
557
708
795
822
867
1025
1265
1492
1774
2132
2499
2740
2831
2833
2701
2373
1832
1184
521
-174
-880
-1514
-1974
-2254
-2406
-2423
-2297
-2048
-1758
-1500
-1291
-1136
-1058
-1073
-1167
-1334
-1502
-1594
-1613
-1571
-1478
-1297
-1024
-788
-691
-743
-904
-1207
-1759
-2528
-3390
-4241
-5072
-5878
-6499
-6799
-6789
-6503
-5974
-5141
-4060
-2902
-1725
-577
523
1514
2292
2902
3423
3873
4250
4558
4889
5306
5799
6307
6783
7273
7740
8070
8211
8122
7859
7423
6767
5935
4991
4050
3150
2272
1466
820
332
-38
-351
-580
-718
-854
-1061
-1321
-1593
-1893
-2269
-2670
-3016
-3290
-3529
-3699
-3712
-3568
-3362
-3117
-2783
-2347
-1906
-1535
-1195
-855
-537
-271
-65
141
359
557
744
936
1137
1328
1481
1615
1705
1732
1700
1595
1417
1150
813
444
36
-393
-840
-1262
-1616
-1952
-2237
-2444
-2579
-2652
-2711
-2709
-2637
-2557
-2460
-2377
-2287
-2167
-2071
-1957
-1810
-1651
-1458
-1268
-1060
-834
-649
-487
-371
-336
-381
-511
-696
-920
-1206
-1523
-1814
-2033
-2173
-2229
-2158
-1942
-1627
-1246
-777
-237
308
803
1241
1651
2016
2289
2478
2639
2787
2905
3011
3140
3326
3545
3773
4001
4208
4381
4516
4567
4517
4348
4072
3729
3313
2819
2281
1748
1259
802
374
-7
-309
-543
-768
-1005
-1235
-1434
-1631
-1872
-2131
-2334
-2464
-2550
-2568
-2475
-2247
-1928
-1550
-1095
-582
-69
412
849
1238
1548
1753
1891
1970
1995
1959
1871
1779
1660
1523
1369
1182
962
683
365
19
-401
-856
-1328
-1795
-2225
-2642
-2989
-3244
-3450
-3588
-3680
-3698
-3652
-3607
-3526
-3402
-3246
-3064
-2882
-2648
-2362
-2071
-1773
-1467
-1112
-741
-420
-101
211
508
774
961
1101
1204
1244
1213
1099
951
779
551
286
27
-187
-370
-531
-638
-671
-645
-584
-485
-331
-144
39
235
458
682
905
1124
1333
1531
1706
1866
2014
2124
2215
2277
2323
2353
2366
2375
2372
2338
2266
2155
2034
1882
1672
1430
1158
877
594
298
39
-176
-355
-486
-553
-533
-459
-357
-216
-56
126
307
468
619
745
863
958
1021
1087
1151
1205
1249
1268
1285
1296
1264
1187
1065
905
707
446
162
-138
-467
-811
-1159
-1478
-1771
-2063
-2312
-2513
-2684
-2844
-3010
-3135
-3232
-3349
-3459
-3554
-3606
-3606
-3564
-3432
-3244
-3015
-2719
-2369
-1973
-1581
-1212
-823
-458
-146
116
343
561
720
831
949
1056
1179
1294
1398
1506
1574
1618
1622
1565
1450
1263
1038
795
529
279
49
-135
-269
-363
-393
-377
-340
-294
-235
-166
-121
-99
-83
-76
-83
-105
-108
-73
-16
54
147
284
458
643
831
1028
1210
1366
1502
1605
1694
1751
1793
1831
1858
1879
1901
1920
1947
1951
1943
1946
1925
1887
1825
1741
1643
1510
1381
1254
1115
986
862
747
643
527
414
300
171
41
-97
-248
-409
-589
-757
-928
-1123
-1313
-1490
-1653
-1799
-1930
-2024
-2094
-2151
-2181
-2185
-2164
-2126
-2087
-2025
-1935
-1843
-1747
-1660
-1568
-1483
-1416
-1339
-1257
-1173
-1088
-998
-893
-798
-702
-611
-526
-457
-419
-379
-320
-257
-193
-124
-45
44
138
231
311
357
374
362
321
257
177
95
16
-50
-96
-121
-109
-78
-48
-20
-7
6
9
-11
-57
-130
-209
-291
-370
-427
-451
-424
-345
-227
-59
145
393
643
866
1086
1285
1446
1576
1669
1752
1816
1860
1904
1968
2033
2088
2140
2177
2212
2217
2194
2155
2069
1953
1821
1677
1522
1353
1181
1012
845
691
542
399
252
102
-43
-184
-329
-481
-637
-785
-927
-1068
-1184
-1264
-1322
-1356
-1375
-1363
-1322
-1275
-1221
-1155
-1096
-1054
-1019
-971
-909
-863
-822
-765
-699
-629
-563
-508
-457
-429
-426
-445
-491
-553
-630
-713
-794
-870
-928
-955
-971
-973
-963
-945
-912
-880
-845
-805
-764
-715
-676
-628
-565
-518
-464
-408
-353
-299
-258
-211
-169
-146
-141
-155
-178
-207
-251
-293
-318
-325
-305
-268
-216
-149
-81
-16
37
89
144
184
220
262
316
393
483
589
712
848
992
1129
1262
1376
1473
1549
1599
1628
1640
1634
1616
1592
1569
1543
1511
1487
1459
1437
1409
1369
1330
1275
1202
1109
993
856
702
544
383
224
85
-37
-140
-232
-317
-374
-425
-467
-500
-520
-537
-552
-557
-554
-545
-525
-494
-457
-408
-357
-300
-249
-207
-188
-184
-173
-179
-200
-231
-265
-302
-349
-406
-467
-548
-639
-731
-824
-910
-995
-1069
-1128
-1175
-1208
-1233
-1235
-1223
-1200
-1174
-1140
-1091
-1028
-965
-898
-825
-750
-669
-589
-505
-423
-346
-269
-200
-136
-82
-22
34
77
118
147
165
172
169
147
116
74
26
-17
-55
-83
-107
-124
-131
-129
-117
-92
-59
-28
11
48
90
138
191
253
319
395
475
568
674
780
885
975
1057
1127
1178
1216
1229
1218
1191
1151
1105
1055
1001
952
897
851
815
780
737
672
594
513
426
337
249
181
130
101
99
119
162
222
280
339
401
459
507
536
537
521
492
442
384
320
253
190
129
74
23
-29
-92
-171
-258
-349
-454
-571
-699
-834
-962
-1087
-1202
-1301
-1379
-1441
-1481
-1492
-1479
-1441
-1392
-1334
-1264
-1188
-1102
-1003
-900
-796
-689
-581
-470
-356
-240
-134
-38
54
132
209
267
305
320
311
279
222
143
46
-61
-175
-285
-384
-465
-529
-578
-600
-589
-556
-503
-433
-360
-288
-222
-152
-89
-28
26
76
127
189
266
356
453
559
669
782
885
964
1014
1035
1024
982
910
820
717
607
504
410
340
296
264
250
247
262
288
303
316
313
300
289
268
244
224
205
198
190
195
214
245
276
310
345
384
425
455
475
484
479
458
430
398
363
329
282
230
182
134
96
58
26
-3
-35
-69
-114
-159
-211
-259
-309
-353
-380
-402
-422
-438
-445
-437
-420
-396
-366
-337
-301
-268
-244
-229
-222
-233
-251
-278
-309
-348
-382
-422
-467
-505
-539
-566
-592
-608
-619
-625
-634
-639
-641
-642
-640
-636
-628
-606
-587
-559
-519
-464
-406
-339
-263
-187
-110
-34
40
102
155
190
213
225
228
225
218
214
214
217
233
247
270
293
311
321
320
310
292
266
237
198
164
134
105
87
71
65
59
57
68
78
88
93
92
89
86
85
84
86
99
119
148
189
237
289
341
391
428
453
489
515
528
542
550
561
565
565
563
561
566
566
567
568
562
549
525
493
448
399
356
310
258
209
166
117
68
22
-22
-61
-93
-125
-156
-187
-221
-252
-282
-304
-328
-345
-353
-359
-363
-363
-368
-374
-383
-396
-409
-424
-439
-460
-478
-491
-509
-518
-522
-517
-499
-481
-453
-426
-404
-380
-360
-341
-325
-309
-301
-298
-297
-298
-290
-280
-270
-260
-253
-240
-235
-238
-235
-239
-243
-248
-257
-268
-283
-297
-304
-305
-301
-295
-285
-267
-242
-212
-178
-144
-114
-88
-60
-26
6
41
72
99
124
152
182
213
247
282
316
357
397
433
473
507
536
557
578
605
628
644
661
669
679
691
697
702
705
706
706
699
687
665
629
581
525
458
393
317
240
168
99
34
-18
-54
-82
-99
-104
-98
-84
-70
-54
-41
-31
-19
-11
-5
6
17
30
49
66
90
116
140
167
189
213
225
229
221
201
175
136
85
29
-36
-97
-155
-214
-265
-315
-358
-402
-450
-497
-545
-597
-646
-695
-750
-799
-842
-875
-901
-915
-914
-893
-865
-829
-783
-731
-675
-627
-583
-538
-498
-462
-427
-386
-351
-309
-264
-227
-187
-150
-114
-79
-46
-17
10
31
44
54
61
69
86
110
144
179
216
254
296
338
380
419
452
487
509
524
528
522
511
500
491
480
475
465
454
440
419
396
368
337
299
260
225
196
166
135
110
91
77
67
64
68
76
85
98
116
132
153
175
204
240
279
317
359
401
440
473
505
534
556
572
582
578
566
545
516
478
428
371
311
249
182
112
48
-19
-87
-146
-208
-268
-331
-394
-453
-516
-579
-632
-674
-706
-732
-745
-742
-731
-711
-687
-654
-617
-583
-549
-517
-487
-459
-435
-410
-387
-367
-341
-318
-298
-280
-263
-249
-242
-244
-250
-253
-257
-264
-267
-265
-262
-251
-236
-213
-188
-163
-132
-102
-77
-52
-31
-9
7
17
23
29
34
40
49
64
80
99
123
154
184
208
233
257
276
287
290
289
286
276
259
254
249
240
236
237
238
248
265
285
307
333
363
390
421
442
462
482
494
502
509
523
527
531
536
538
530
515
497
475
447
415
379
340
293
240
184
125
68
1
-63
-127
-188
-252
-307
-359
-405
-438
-466
-485
-501
-503
-498
-485
-464
-442
-419
-398
-370
-348
-327
-292
-253
-219
-178
-137
-98
-57
-22
10
38
61
75
80
81
74
58
36
8
-23
-53
-79
-105
-128
-148
-165
-181
-199
-212
-228
-250
-271
-299
-323
-348
-372
-389
-403
-404
-400
-384
-362
-335
-305
-275
-246
-216
-184
-154
-124
-97
-66
-34
0
30
60
93
123
151
177
198
219
240
256
272
287
300
310
323
333
339
341
341
335
325
314
298
283
269
251
236
229
218
211
204
206
207
208
210
210
212
204
200
194
189
180
177
171
167
165
161
160
157
149
134
120
100
80
62
43
27
12
-4
-16
-32
-44
-57
-70
-78
-92
-105
-106
-114
-115
-113
-113
-113
-112
-115
-117
-117
-121
-124
-127
-131
-137
-137
-139
-141
-147
-152
-162
-175
-193
-215
-235
-261
-285
-312
-333
-343
-346
-344
-340
-330
-315
-302
-289
-273
-266
-259
-244
-233
-219
-203
-185
-169
-145
-116
-85
-46
0
45
88
133
168
201
229
247
255
256
258
251
245
235
221
208
191
174
151
135
117
104
89
75
64
52
45
43
40
42
50
60
75
91
106
123
137
157
170
187
203
210
221
227
230
228
224
217
201
183
168
153
136
117
95
78
65
51
35
18
6
-10
-27
-39
-49
-53
-54
-48
-46
-44
-39
-34
-32
-33
-32
-32
-34
-34
-31
-35
-36
-40
-45
-50
-63
-75
-82
-94
-109
-126
-141
-157
-172
-182
-195
-208
-215
-221
-226
-226
-225
-221
-212
-206
-194
-181
-165
-146
-131
-114
-95
-73
-49
-22
11
39
64
87
104
120
133
141
144
146
141
133
124
106
86
61
38
15
-11
-32
-53
-75
-94
-112
-130
-146
-158
-159
-158
-151
-141
-127
-108
-87
-68
-45
-21
1
21
41
59
75
89
104
114
124
130
132
135
140
146
145
143
141
138
129
124
116
107
97
83
69
58
44
34
29
30
40
52
70
88
104
116
125
129
129
132
130
126
119
114
110
106
103
91
83
76
74
70
64
61
51
40
29
11
-10
-22
-38
-57
-77
-95
-109
-124
-130
-136
-138
-136
-133
-126
-120
-114
-114
-110
-105
-106
-110
-105
-100
-95
-91
-83
-82
-78
-72
-68
-64
-60
-63
-70
-82
-93
-106
-121
-133
-144
-154
-163
-166
-164
-161
-156
-152
-143
-133
-122
-114
-105
-93
-82
-74
-64
-53
-46
-31
-27
-20
-6
6
22
38
53
67
78
91
104
118
132
141
149
154
161
162
161
162
157
154
155
152
151
155
158
163
166
170
174
175
175
173
165
160
153
144
133
121
103
87
79
71
65
58
52
47
43
40
33
31
25
23
12
3
-7
-19
-28
-45
-59
-69
-77
-83
-87
-92
-100
-103
-102
-103
-102
-101
-99
-99
-95
-89
-83
-74
-69
-66
-67
-68
-64
-63
-62
-66
-68
-75
-79
-75
-73
-68
-64
-60
-54
-52
-50
-44
-43
-41
-40
-40
-37
-37
-36
-36
-33
-28
-24
-19
-16
-15
-10
-6
-3
-2
2
7
10
11
11
7
3
-5
-14
-22
-30
-35
-40
-40
-37
-34
-31
-27
-25
-17
-8
-1
10
21
26
25
29
29
24
22
20
22
27
32
35
37
41
