5
4
4
4
3
5
4
5
5
5
4
5
5
6
6
9
11
10
11
12
14
14
15
16
16
14
13
12
12
10
9
10
9
9
7
8
6
5
3
4
2
0
-1
-3
-4
-6
-6
-6
-5
-5
-5
-3
-2
-2
-2
-1
-3
-4
-5
-5
-6
-8
-8
-9
-9
-10
-9
-8
-8
-8
-7
-6
-8
-7
-6
-8
-8
-8
-8
-8
-8
-8
-8
-10
-9
-9
-8
-9
-8
-9
-8
-7
-6
-7
-7
-6
-5
-4
-2
0
1
3
4
6
6
6
6
7
6
6
5
4
4
5
5
4
5
5
6
6
6
6
5
3
1
0
0
-1
-1
-1
-1
-1
0
1
3
3
5
5
5
7
6
8
7
7
9
8
7
8
8
6
3
4
2
2
2
2
1
0
-1
-3
-3
-3
-4
-3
-3
-4
-4
-4
-2
-2
-2
-1
0
0
0
0
-1
0
1
0
0
1
1
0
-2
-2
-3
-2
-2
0
1
2
4
3
3
3
2
1
0
-1
-1
-3
-3
-3
-2
-2
-2
-4
-4
-4
-4
-4
-5
-7
-7
-7
-5
-5
-4
-3
-2
-1
0
0
-1
1
-1
-1
-2
-1
-1
0
1
3
3
2
2
2
1
1
0
-2
-1
-2
-2
-3
-3
-3
-3
-3
-2
-2
-1
-1
-1
0
1
1
2
2
3
4
4
5
5
5
6
6
5
6
5
4
3
2
1
0
-1
-1
-2
-2
-2
0
0
0
-1
-1
-1
-1
1
1
-1
0
0
-1
-1
1
0
1
1
2
2
3
4
4
4
5
5
5
4
3
2
2
0
0
1
2
1
1
2
2
1
-1
-2
-2
-3
-2
-3
-3
0
-2
-2
-3
-2
-3
-3
-2
-1
0
0
1
1
0
-1
-1
0
-1
-1
-3
-3
-4
-5
-4
-5
-4
-3
-4
-4
-3
-4
-3
-3
-4
-3
-3
-3
-2
-2
-3
-2
-3
-3
-2
0
0
1
2
1
1
1
0
-1
-3
-4
-6
-5
-6
-5
-5
-4
-4
-4
-2
-2
-1
0
1
1
2
2
3
3
4
3
6
6
7
7
7
8
8
7
7
6
5
5
5
3
2
3
2
2
1
0
0
1
1
0
1
1
1
0
0
-1
0
1
2
1
1
1
1
1
0
0
0
-1
-1
-1
0
-1
-2
-2
-2
-1
-2
-2
-1
-1
-1
-1
1
2
2
3
3
2
3
2
3
2
1
-1
-2
-2
-3
-3
-3
-4
-2
-3
0
-1
-1
-1
-2
-1
-1
0
1
1
1
1
1
2
2
2
4
3
4
3
2
2
2
1
1
1
1
1
0
-1
-2
-3
-4
-3
-3
-2
-3
-1
-1
-1
-2
-1
-2
-3
-3
-3
-4
-3
-4
-4
-4
-5
-4
-3
-3
-3
-2
-3
-2
-2
0
0
0
1
1
3
5
5
6
6
6
3
4
2
2
2
1
0
-1
-2
-2
-2
-1
0
-1
-2
-3
-4
-3
-4
-3
-3
-1
-1
1
2
0
1
1
3
3
4
4
4
4
5
5
5
4
4
2
1
1
0
-2
-2
-2
-3
-3
-3
-3
-2
-2
-3
-3
-2
-3
-3
-3
-2
-1
-1
-2
-1
0
-1
0
2
1
2
1
2
2
2
2
2
2
1
2
2
3
3
3
2
2
1
1
1
-1
-2
-2
-3
-3
-3
-3
-3
-3
-3
-4
-4
-4
-5
-2
-2
-1
0
-1
1
1
2
1
2
1
1
1
1
2
3
4
3
3
3
3
3
3
4
3
2
2
1
0
0
-2
-1
0
0
0
0
0
2
1
1
3
3
4
5
3
4
3
1
2
2
1
0
0
-1
-2
-3
-4
-4
-4
-5
-5
-4
-4
-2
-2
-1
0
-1
1
0
-1
-2
-2
-3
-2
-2
-2
-1
-1
-2
-2
-1
-1
-2
-1
-1
-1
0
-2
-1
0
1
0
0
1
0
0
0
-1
-2
-2
-3
-3
-2
-2
0
-1
-2
-1
1
2
1
1
2
2
1
1
1
0
-1
1
1
0
1
2
2
1
3
2
2
2
2
1
2
2
2
4
3
3
2
1
0
0
0
0
0
0
0
-1
-1
-2
-2
-2
-1
-2
-1
-1
0
-1
0
0
1
2
2
2
3
2
1
2
2
2
2
2
1
1
-1
-1
-1
-1
-2
-2
-2
-3
-3
-2
-2
-1
-3
-1
-1
-1
0
-1
-2
-1
0
1
1
0
-1
-1
-1
-2
-1
-2
-2
-1
0
1
1
1
1
0
1
1
0
1
1
1
0
0
2
2
2
2
2
2
1
2
1
1
0
-1
0
-1
0
0
-1
-2
-3
-2
-1
-1
-1
-1
-1
-2
-1
-1
0
0
0
-1
-1
0
0
0
0
1
-1
-1
-3
-3
-3
-3
-3
-2
-2
-2
-1
-1
0
-1
0
1
1
2
4
3
3
4
3
4
3
4
5
4
4
3
3
3
2
2
0
1
2
2
4
4
3
4
3
3
2
2
0
0
1
2
2
2
2
3
2
0
1
-1
0
-1
-1
0
-1
-2
-1
-2
-2
-3
-3
-2
-2
-3
-2
-4
-3
-3
-3
-3
-3
-2
-3
-4
-3
-3
-1
-1
-1
0
1
1
0
0
0
0
-1
-1
-2
-3
-3
-2
-3
-3
-4
-3
-3
-4
-4
-3
-3
-2
-2
0
0
0
0
1
0
0
0
0
-1
-1
-1
0
0
-1
0
-1
0
0
-2
-1
-2
-3
-1
-1
0
0
-1
0
0
1
0
1
2
2
3
4
4
6
5
5
5
4
4
3
2
3
3
2
2
3
2
2
1
0
0
0
-1
1
0
0
2
1
2
1
1
1
1
1
1
2
3
2
3
4
2
1
0
0
-1
-1
-1
-1
-2
-1
-1
-1
0
-2
-2
-3
-3
-3
-5
-3
-4
-4
-5
-4
-3
-3
-3
-3
-3
-1
-2
-1
-1
0
-1
0
0
1
2
3
3
4
3
3
4
4
3
1
2
2
1
1
1
1
0
1
1
0
0
0
-1
-1
-1
-1
-2
-2
-1
-1
1
1
2
3
4
3
3
1
2
3
1
1
1
1
1
-1
-1
0
-2
-2
-2
-2
-3
-5
-4
-6
-6
-5
-5
-5
-5
-3
-5
-3
-2
-2
0
0
1
3
3
3
5
7
6
6
3
4
4
4
3
1
1
2
1
0
0
0
-1
0
-1
-1
-2
-3
-2
-2
-2
-3
-3
-2
-3
-1
0
0
1
0
1
2
1
1
0
1
0
1
2
1
0
0
0
0
0
-1
-1
-2
-3
-3
-3
-3
-2
-3
-4
-3
-4
-3
-2
-2
-3
-2
-1
-1
-1
0
-1
-1
-1
-1
-1
0
0
1
2
2
2
1
1
0
0
-1
-1
-1
0
1
0
1
0
0
2
2
1
-1
0
0
-1
-1
0
-1
0
-1
0
1
2
3
3
3
3
3
2
3
4
3
3
3
4
4
3
3
4
3
4
3
3
4
3
3
1
2
1
2
3
2
4
3
2
3
2
1
0
-1
0
-1
-1
-1
0
0
-1
-1
-1
-2
-3
-1
-2
-2
-1
-2
-2
-3
-2
-1
-1
-1
-1
0
0
-1
-1
-2
-3
-4
-5
-5
-5
-5
-5
-5
-4
-4
-5
-5
-6
-5
-4
-4
-4
-3
-3
-3
-2
-1
-1
-1
0
1
2
3
3
3
3
3
2
1
2
0
-1
0
0
1
2
0
1
0
0
0
-1
0
0
0
1
2
3
4
3
5
4
6
5
6
5
4
5
3
3
1
1
1
1
0
-1
-1
-1
-1
-1
-1
-1
-2
-2
-2
-3
-2
-2
-1
-1
-2
0
1
1
1
1
2
2
2
2
1
2
1
2
2
2
2
0
1
-1
0
-1
-1
0
0
-1
0
-2
-3
-3
-3
-2
-2
-3
-2
-2
-2
-2
-2
-2
-2
-1
0
0
0
0
0
0
-2
-1
0
0
1
1
1
1
1
1
2
1
-1
0
-1
-1
-2
-3
-2
-2
-3
-3
-3
-1
-2
0
0
-1
-1
-1
0
-1
0
-2
-1
0
-2
-1
-1
-1
-1
-1
-1
-1
-1
-1
-1
-1
0
1
1
0
2
2
1
1
1
2
2
2
3
2
3
3
4
3
5
4
6
6
6
6
5
5
4
3
3
3
3
2
2
2
3
3
2
1
1
0
1
0
-1
-2
-3
-4
-3
-2
-1
-1
0
0
-1
-1
-2
0
-1
-1
-3
-3
-2
-3
-3
-3
-3
-3
-4
-3
-4
-4
-3
-3
-3
-3
-3
-2
-3
-3
-3
-4
-2
-3
-3
-3
-3
-2
-1
0
-2
-2
-2
-2
-2
-1
-2
-2
-3
-1
-2
-2
-3
-1
-1
-1
0
0
-1
0
0
-1
-1
0
2
2
3
3
4
4
4
3
4
3
2
2
1
2
2
2
2
2
2
2
3
3
2
2
1
2
1
2
3
3
3
4
4
4
4
4
4
3
1
1
-1
-1
-2
-2
-1
0
0
-1
-2
-3
-2
-1
-2
-2
-2
-1
-1
-1
-1
1
-1
0
0
1
1
1
1
0
0
-1
0
0
-1
0
0
0
0
0
1
2
2
2
2
2
0
1
0
2
2
1
2
2
1
0
0
-1
-1
-1
0
-1
0
0
1
2
2
1
1
0
0
0
-1
-2
-1
-1
-1
-2
-1
-2
-1
0
-1
-1
-1
-2
-3
-2
-4
-4
-4
-5
-4
-3
-3
-3
-1
-2
-2
-1
-1
-1
0
0
0
0
0
0
0
0
1
1
0
0
1
2
0
-2
-1
-1
-1
-2
-4
-3
-3
-3
-3
-2
-2
-2
1
1
2
2
3
3
3
2
2
2
4
3
3
4
2
2
1
1
1
0
-1
0
0
-1
0
0
0
-1
-1
-2
-1
-3
-2
-2
-1
0
0
0
0
0
-1
0
0
0
0
0
0
0
1
0
0
1
2
2
1
2
0
-1
-1
-1
-1
-2
-2
-2
-2
-2
-1
-2
-2
-3
-3
-3
-4
-2
-3
-3
-2
-2
-1
-1
0
0
0
-1
1
1
0
-1
0
0
0
0
0
0
0
1
0
-1
-1
-1
-2
-1
-1
0
0
0
0
2
2
1
1
2
2
2
4
5
4
5
4
5
5
6
6
4
5
4
4
4
3
2
2
3
3
4
4
3
4
3
3
2
3
2
2
3
2
2
1
2
1
0
0
1
0
1
0
-1
-1
-2
-2
-2
-2
-2
-1
-1
-1
-1
-2
-1
-1
-2
-2
-1
-1
0
-1
-1
0
-1
-2
-3
-2
-3
-1
-1
-1
-2
-2
-1
-3
-3
-5
-4
-5
-5
-5
-5
-5
-5
-4
-5
-4
-3
-3
-3
-2
-1
0
1
1
1
2
4
4
4
4
3
3
3
2
2
2
1
2
1
1
1
1
1
2
2
2
2
0
1
3
3
3
4
3
6
5
5
5
6
5
5
3
3
3
1
2
2
1
0
-1
-2
-2
-4
-5
-6
-8
-7
-8
-8
-10
-9
-10
-10
-11
-12
-12
-13
-12
-13
-12
-11
-10
-9
-9
-7
-6
-3
-3
-1
0
0
2
4
5
5
7
8
7
9
8
8
8
7
7
7
6
4
6
6
6
6
6
6
5
7
7
6
7
7
6
5
5
4
4
4
3
3
2
1
0
0
0
-1
-3
-2
-2
-2
-3
-3
-4
-5
-6
-5
-5
-6
-6
-7
-6
-7
-5
-8
-7
-6
-5
-4
-3
-2
-1
0
1
1
2
2
3
4
6
5
8
8
9
9
9
9
10
9
9
10
10
10
9
9
10
9
9
9
8
6
6
5
3
3
2
1
-1
-4
-5
-8
-9
-11
-12
-12
-12
-14
-14
-16
-17
-17
-18
-19
-19
-20
-20
-19
-19
-19
-18
-18
-17
-15
-13
-13
-11
-10
-9
-7
-6
-5
-4
-4
-3
-1
2
4
6
7
9
11
11
13
15
15
16
17
18
19
20
21
21
22
23
23
25
24
26
24
25
24
23
23
22
21
20
18
16
13
12
8
5
2
0
-2
-4
-6
-9
-11
-12
-13
-15
-16
-17
-19
-19
-19
-21
-20
-22
-22
-22
-21
-21
-20
-18
-16
-16
-16
-14
-12
-12
-11
-11
-12
-11
-9
-7
-6
-4
-2
0
1
2
6
7
9
10
9
9
11
13
15
15
16
16
16
15
13
13
12
11
12
12
11
10
9
5
5
4
3
2
0
-2
-4
-4
-4
-8
-12
-16
-18
-19
-18
-19
-23
-27
-31
-32
-32
-33
-36
-39
-40
-42
-45
-45
-41
-37
-35
-32
-27
-20
-20
-31
-49
-62
-55
-34
-7
9
14
13
21
40
61
72
79
99
141
185
213
214
204
197
197
196
184
171
160
155
157
153
137
114
92
67
32
-10
-45
-60
-63
-76
-100
-123
-142
-159
-182
-218
-254
-278
-291
-287
-276
-263
-247
-231
-213
-211
-232
-263
-282
-286
-280
-256
-207
-133
-59
-10
13
18
-2
-43
-78
-80
-47
15
91
170
230
262
254
215
165
105
63
57
90
148
222
297
372
408
389
368
345
275
208
216
289
397
508
579
629
664
631
535
413
271
157
117
122
154
195
219
215
164
50
-82
-192
-308
-422
-480
-469
-407
-300
-216
-213
-260
-332
-412
-482
-551
-633
-691
-708
-717
-716
-723
-778
-871
-987
-1125
-1258
-1394
-1568
-1761
-1922
-2024
-2062
-2034
-1976
-1894
-1767
-1586
-1341
-1032
-690
-352
-39
255
577
959
1379
1792
2159
2492
2769
2983
3127
3196
3207
3169
3117
3076
3040
2968
2843
2661
2428
2150
1829
1470
1089
729
421
165
-50
-240
-404
-535
-629
-714
-794
-852
-883
-882
-854
-779
-656
-487
-296
-118
39
191
355
522
654
720
731
743
782
825
836
774
659
530
389
208
-17
-262
-509
-768
-1056
-1377
-1704
-2019
-2329
-2647
-2959
-3224
-3418
-3591
-3843
-4245
-4742
-5198
-5520
-5737
-5892
-5952
-5829
-5517
-5120
-4699
-4217
-3611
-2941
-2328
-1780
-1154
-343
586
1484
2335
3247
4253
5212
5943
6447
6861
7239
7500
7563
7516
7509
7542
7458
7143
6664
6114
5470
4613
3551
2462
1480
571
-358
-1281
-2063
-2650
-3168
-3761
-4401
-4957
-5354
-5636
-5805
-5785
-5496
-4959
-4296
-3571
-2762
-1867
-965
-154
605
1392
2194
2974
3683
4315
4841
5237
5469
5544
5500
5316
4978
4539
4040
3486
2891
2262
1575
846
112
-620
-1336
-1985
-2525
-2949
-3260
-3475
-3599
-3629
-3604
-3589
-3595
-3589
-3524
-3379
-3202
-3033
-2903
-2788
-2661
-2641
-2959
-3659
-4511
-5265
-5852
-6392
-6916
-7208
-7061
-6589
-6086
-5621
-5039
-4225
-3387
-2814
-2413
-1799
-796
341
1336
2273
3431
4805
6007
6773
7261
7764
8252
8442
8264
8025
8007
8077
7904
7426
6916
6523
6045
5227
4119
3044
2132
1202
104
-997
-1793
-2249
-2644
-3156
-3644
-3895
-3956
-4059
-4235
-4274
-4064
-3693
-3302
-2885
-2302
-1522
-686
39
664
1327
2018
2557
2873
3059
3237
3474
3662
3728
3770
3817
3784
3610
3300
2891
2422
1864
1201
539
-37
-578
-1121
-1607
-2016
-2311
-2523
-2718
-2922
-3087
-3197
-3302
-3396
-3472
-3484
-3445
-3318
-3091
-2880
-2774
-2760
-2801
-3003
-3578
-4521
-5527
-6310
-6889
-7462
-8019
-8227
-7886
-7233
-6625
-6034
-5208
-4139
-3185
-2638
-2256
-1533
-391
745
1706
2750
4141
5740
7066
7938
8627
9359
9885
9897
9496
9107
8941
8701
8108
7324
6725
6310
5729
4758
3622
2638
1703
571
-741
-1919
-2721
-3282
-3856
-4399
-4636
-4523
-4303
-4178
-4084
-3844
-3533
-3305
-3164
-2926
-2481
-1875
-1242
-581
187
1105
1974
2627
3125
3436
3610
3638
3533
3386
3284
3208
3094
2953
2814
2613
2314
1874
1242
482
-291
-1080
-1839
-2439
-2862
-3089
-3146
-3096
-2939
-2703
-2491
-2342
-2217
-2130
-2066
-1967
-1819
-1667
-1584
-1592
-1672
-1923
-2562
-3606
-4770
-5777
-6643
-7530
-8419
-8975
-8939
-8468
-7885
-7195
-6196
-4937
-3771
-2967
-2350
-1511
-383
685
1500
2344
3546
5006
6323
7308
8179
9142
9976
10293
10117
9824
9595
9201
8416
7419
6594
6012
5380
4519
3621
2917
2275
1384
209
-963
-1921
-2784
-3734
-4660
-5268
-5453
-5410
-5300
-5066
-4593
-3989
-3486
-3141
-2828
-2457
-2061
-1716
-1393
-907
-162
715
1539
2265
2919
3497
3907
4058
3999
3858
3657
3352
2962
2589
2278
1978
1649
1303
935
544
107
-408
-940
-1411
-1824
-2204
-2477
-2612
-2612
-2508
-2384
-2249
-2076
-1893
-1747
-1623
-1540
-1553
-1671
-1853
-2129
-2666
-3562
-4638
-5601
-6388
-7174
-8025
-8665
-8766
-8411
-7929
-7389
-6564
-5392
-4144
-3195
-2542
-1787
-802
157
880
1571
2597
3992
5366
6436
7366
8397
9394
9959
9975
9765
9610
9335
8629
7589
6638
5969
5331
4454
3454
2647
2062
1384
423
-613
-1463
-2183
-2998
-3917
-4687
-5092
-5196
-5174
-5037
-4657
-4047
-3368
-2751
-2186
-1595
-1016
-570
-285
-36
321
814
1315
1757
2217
2741
3256
3650
3858
3924
3910
3753
3408
2959
2506
2060
1581
1061
551
98
-317
-725
-1111
-1441
-1715
-1954
-2153
-2251
-2280
-2287
-2259
-2191
-2076
-1912
-1718
-1530
-1367
-1293
-1368
-1551
-1857
-2438
-3366
-4480
-5551
-6484
-7397
-8336
-9038
-9200
-8862
-8302
-7635
-6710
-5436
-4079
-3007
-2197
-1327
-296
660
1336
1918
2791
3994
5173
6120
7004
8044
9091
9761
9935
9868
9751
9421
8648
7503
6379
5500
4669
3706
2760
2072
1631
1167
473
-315
-966
-1571
-2368
-3330
-4170
-4672
-4905
-5030
-5025
-4724
-4103
-3367
-2709
-2096
-1424
-763
-242
115
375
682
1040
1396
1696
2033
2484
2900
3237
3466
3661
3814
3829
3613
3210
2717
2199
1630
997
375
-199
-735
-1229
-1651
-1968
-2157
-2281
-2377
-2399
-2341
-2269
-2237
-2240
-2269
-2283
-2196
-2014
-1842
-1745
-1728
-1759
-1867
-2228
-2951
-3847
-4703
-5512
-6397
-7360
-8128
-8395
-8205
-7819
-7269
-6388
-5146
-3804
-2713
-1877
-1009
-42
772
1291
1737
2447
3438
4416
5224
6060
7123
8220
8965
9283
9424
9506
9323
8657
7617
6566
5653
4692
3585
2548
1808
1292
751
84
-566
-1049
-1496
-2142
-2972
-3728
-4259
-4647
-4979
-5172
-5068
-4626
-4018
-3415
-2766
-1973
-1146
-451
82
530
993
1455
1781
1954
2127
2342
2558
2744
2868
3014
3200
3325
3326
3209
3012
2780
2443
1969
1419
844
281
-259
-756
-1154
-1404
-1521
-1535
-1503
-1459
-1374
-1269
-1218
-1277
-1384
-1477
-1582
-1780
-2076
-2376
-2614
-2958
-3623
-4508
-5319
-5992
-6685
-7553
-8426
-8891
-8827
-8519
-8157
-7540
-6461
-5090
-3769
-2657
-1522
-155
1162
2065
2668
3402
4372
5300
5936
6421
7124
8054
8785
9099
9243
9438
9491
9084
8240
7254
6347
5348
4032
2625
1507
685
-74
-894
-1642
-2109
-2398
-2801
-3403
-3959
-4299
-4533
-4824
-5102
-5138
-4847
-4354
-3816
-3191
-2384
-1435
-530
224
899
1576
2209
2700
3024
3291
3563
3772
3857
3844
3790
3727
3622
3442
3215
2960
2643
2243
1799
1343
843
291
-274
-814
-1316
-1770
-2158
-2418
-2541
-2567
-2505
-2303
-1977
-1663
-1362
-1060
-812
-716
-872
-1234
-1655
-2182
-3015
-4118
-5216
-6123
-6892
-7684
-8475
-8938
-8875
-8534
-8159
-7612
-6663
-5389
-4148
-3132
-2139
-887
434
1427
2105
2831
3808
4827
5613
6216
6983
7946
8723
9112
9343
9603
9757
9496
8764
7868
7011
6048
4770
3377
2194
1249
336
-640
-1526
-2152
-2604
-3129
-3794
-4374
-4720
-4973
-5259
-5503
-5551
-5357
-5019
-4636
-4116
-3307
-2330
-1400
-555
270
1089
1833
2401
2792
3123
3420
3594
3664
3758
3899
4007
4038
3998
3919
3793
3545
3144
2630
2082
1495
855
240
-291
-756
-1160
-1507
-1802
-2016
-2138
-2208
-2222
-2187
-2125
-2003
-1808
-1610
-1498
-1516
-1628
-1828
-2253
-3049
-4083
-5114
-6036
-6940
-7924
-8789
-9199
-9115
-8818
-8401
-7667
-6513
-5143
-3899
-2857
-1767
-506
669
1501
2135
2898
3858
4785
5511
6196
7087
8079
8820
9202
9471
9782
9890
9511
8734
7877
7047
6040
4727
3351
2204
1250
265
-742
-1562
-2083
-2494
-2989
-3493
-3848
-4033
-4231
-4519
-4779
-4877
-4833
-4743
-4595
-4236
-3606
-2841
-2073
-1282
-382
587
1455
2120
2634
3083
3435
3607
3622
3601
3601
3586
3493
3355
3270
3215
3087
2882
2629
2339
1995
1578
1086
580
85
-437
-928
-1334
-1674
-1954
-2098
-2124
-2090
-1999
-1853
-1676
-1531
-1531
-1689
-1947
-2328
-2984
-3942
-5008
-6001
-6914
-7893
-8899
-9628
-9826
-9649
-9330
-8796
-7855
-6499
-5024
-3719
-2495
-1119
322
1459
2234
2924
3780
4689
5372
5893
6548
7444
8283
8826
9242
9752
10199
10260
9839
9165
8477
7656
6445
4967
3581
2392
1216
-18
-1118
-1919
-2475
-2996
-3558
-3985
-4181
-4308
-4518
-4746
-4895
-4930
-4913
-4875
-4725
-4367
-3848
-3275
-2600
-1759
-796
182
1066
1849
2565
3151
3542
3751
3850
3870
3792
3598
3389
3259
3175
3049
2897
2783
2659
2447
2102
1664
1196
708
120
-540
-1094
-1507
-1862
-2152
-2320
-2319
-2196
-2031
-1854
-1630
-1432
-1382
-1509
-1751
-2185
-2978
-4006
-5055
-6030
-7032
-8149
-9189
-9799
-9910
-9744
-9399
-8698
-7516
-6070
-4655
-3324
-1883
-302
1065
1999
2692
3470
4334
5032
5469
5908
6601
7420
8069
8541
9089
9731
10137
10072
9661
9168
8571
7591
6199
4717
3373
2077
703
-635
-1669
-2370
-2948
-3526
-3954
-4071
-4013
-4009
-4080
-4112
-4058
-3985
-3986
-3988
-3857
-3614
-3335
-3012
-2536
-1843
-1032
-232
530
1293
2051
2705
3161
3468
3656
3722
3629
3439
3228
3088
2953
2724
2526
2393
2325
2204
2010
1788
1534
1201
749
217
-318
-824
-1322
-1799
-2159
-2316
-2331
-2246
-2092
-1932
-1797
-1740
-1780
-1975
-2465
-3288
-4268
-5242
-6254
-7404
-8611
-9554
-10008
-10127
-10084
-9700
-8752
-7375
-5894
-4483
-3001
-1305
363
1640
2531
3363
4274
5029
5466
5796
6305
7013
7615
7994
8438
9096
9721
9956
9812
9582
9313
8738
7667
6309
4994
3720
2265
684
-724
-1782
-2635
-3461
-4131
-4458
-4432
-4341
-4301
-4217
-3989
-3730
-3644
-3666
-3614
-3438
-3263
-3150
-2930
-2449
-1797
-1116
-427
364
1246
2075
2732
3291
3784
4120
4212
4090
3894
3690
3390
2979
2546
2212
1997
1780
1523
1341
1229
1080
823
482
173
-122
-516
-999
-1434
-1718
-1927
-2125
-2213
-2184
-2102
-2053
-2089
-2167
-2344
-2826
-3646
-4584
-5463
-6381
-7496
-8662
-9529
-9935
-10057
-10053
-9710
-8804
-7494
-6131
-4804
-3291
-1515
215
1551
2563
3594
4670
5474
5895
6170
6611
7114
7435
7668
8090
8749
9291
9475
9445
9451
9376
8896
7925
6742
5565
4244
2674
1056
-345
-1449
-2428
-3364
-4029
-4233
-4161
-4089
-4003
-3759
-3394
-3084
-2972
-2965
-2875
-2747
-2730
-2794
-2738
-2448
-2010
-1524
-985
-308
493
1285
1971
2594
3154
3572
3808
3885
3873
3770
3516
3132
2755
2462
2189
1875
1565
1352
1229
1067
803
532
311
54
-327
-782
-1171
-1453
-1700
-1944
-2068
-2006
-1873
-1811
-1824
-1836
-1914
-2263
-2976
-3857
-4733
-5676
-6825
-8138
-9264
-9945
-10275
-10428
-10282
-9567
-8333
-6924
-5527
-3993
-2190
-351
1128
2216
3227
4287
5160
5639
5907
6281
6782
7168
7391
7728
8322
8928
9251
9333
9394
9411
9108
8331
7265
6151
4978
3590
2055
658
-471
-1466
-2425
-3193
-3584
-3652
-3629
-3614
-3478
-3159
-2808
-2606
-2529
-2464
-2404
-2452
-2609
-2693
-2601
-2410
-2216
-1959
-1500
-847
-155
470
1099
1772
2375
2802
3114
3388
3586
3602
3418
3126
2890
2659
2391
2110
1850
1662
1408
1082
763
487
215
-123
-540
-958
-1289
-1563
-1820
-2021
-2086
-2023
-1890
-1794
-1743
-1721
-1812
-2168
-2840
-3650
-4462
-5340
-6426
-7658
-8737
-9468
-9920
-10186
-10121
-9526
-8469
-7242
-5944
-4450
-2687
-900
565
1709
2780
3872
4768
5319
5686
6108
6588
6947
7179
7528
8117
8698
9029
9157
9315
9451
9291
8698
7809
6852
5748
4369
2822
1377
131
-1063
-2237
-3202
-3770
-3998
-4101
-4139
-3975
-3594
-3191
-2890
-2702
-2524
-2389
-2441
-2635
-2778
-2753
-2671
-2589
-2397
-1958
-1338
-691
-44
682
1457
2151
2646
3019
3401
3693
3756
3581
3374
3225
3059
2787
2443
2185
2008
1792
1494
1206
991
743
350
-138
-567
-904
-1221
-1555
-1832
-1937
-1917
-1835
-1734
-1617
-1505
-1508
-1697
-2129
-2766
-3535
-4388
-5342
-6465
-7646
-8681
-9386
-9799
-10003
-9903
-9352
-8350
-7133
-5815
-4332
-2642
-951
445
1563
2597
3640
4485
4975
5263
5597
6017
6371
6635
7051
7687
8284
8671
8922
9195
9413
9287
8715
7907
7029
6004
4689
3202
1812
601
-569
-1737
-2671
-3188
-3411
-3570
-3669
-3567
-3238
-2888
-2676
-2555
-2417
-2329
-2431
-2646
-2787
-2796
-2786
-2817
-2764
-2479
-2002
-1489
-945
-254
550
1274
1826
2332
2882
3337
3536
3525
3486
3483
3393
3138
2845
2623
2383
2009
1579
1206
885
512
29
-470
-857
-1183
-1557
-1910
-2121
-2190
-2185
-2122
-1974
-1714
-1445
-1306
-1301
-1394
-1691
-2254
-3029
-3880
-4789
-5882
-7093
-8170
-8908
-9393
-9714
-9716
-9192
-8218
-7070
-5835
-4370
-2645
-976
349
1438
2551
3633
4387
4774
5092
5547
5994
6237
6447
6952
7678
8249
8551
8827
9227
9477
9258
8640
7904
7114
6021
4588
3145
1909
771
-448
-1601
-2388
-2772
-3015
-3272
-3366
-3159
-2869
-2763
-2790
-2760
-2684
-2796
-3140
-3449
-3554
-3575
-3696
-3810
-3638
-3159
-2581
-2041
-1393
-492
497
1329
2000
2680
3406
3915
4083
4088
4174
4224
4038
3648
3240
2955
2611
2104
1555
1160
855
435
-116
-592
-885
-1160
-1541
-1932
-2166
-2216
-2215
-2202
-2057
-1769
-1532
-1488
-1514
-1530
-1711
-2244
-3037
-3851
-4628
-5568
-6735
-7828
-8564
-9013
-9402
-9575
-9212
-8306
-7198
-6101
-4817
-3206
-1532
-200
837
1883
2970
3802
4262
4636
5182
5785
6160
6407
6853
7550
8186
8549
8800
9126
9404
9303
8816
8209
7581
6705
5467
4115
2923
1866
702
-518
-1486
-2072
-2531
-3017
-3372
-3404
-3257
-3210
-3242
-3199
-3035
-2999
-3182
-3379
-3403
-3335
-3351
-3393
-3258
-2867
-2407
-1979
-1460
-732
108
849
1488
2133
2821
3375
3656
3798
3947
4033
3903
3590
3245
2932
2543
2023
1493
1048
618
79
-478
-924
-1271
-1625
-2042
-2362
-2477
-2459
-2441
-2386
-2149
-1756
-1387
-1152
-976
-784
-700
-1003
-1671
-2424
-3141
-3980
-5121
-6370
-7402
-8143
-8776
-9335
-9482
-9047
-8281
-7461
-6509
-5179
-3538
-1986
-735
418
1680
2864
3693
4243
4830
5498
6006
6258
6510
7027
7661
8101
8330
8616
9002
9220
9040
8582
8089
7511
6563
5294
4053
2991
1947
749
-422
-1314
-1916
-2456
-2996
-3311
-3339
-3277
-3304
-3340
-3250
-3101
-3084
-3225
-3338
-3317
-3252
-3267
-3268
-3095
-2780
-2454
-2124
-1638
-972
-253
405
1065
1816
2563
3132
3500
3803
4043
4107
3954
3704
3462
3159
2713
2149
1640
1211
737
172
-376
-775
-1100
-1436
-1792
-2047
-2154
-2193
-2227
-2195
-1975
-1625
-1259
-976
-732
-490
-383
-556
-1048
-1686
-2384
-3208
-4247
-5442
-6579
-7542
-8335
-8999
-9380
-9332
-8876
-8157
-7253
-6073
-4626
-3060
-1614
-322
937
2174
3235
4016
4626
5179
5676
6025
6266
6590
7055
7510
7832
8090
8404
8718
8812
8592
8192
7685
6988
6028
4883
3737
2628
1431
165
-942
-1766
-2403
-2958
-3408
-3630
-3592
-3458
-3336
-3164
-2920
-2711
-2603
-2552
-2488
-2407
-2375
-2420
-2462
-2413
-2281
-2088
-1797
-1380
-907
-393
160
813
1499
2120
2666
3119
3524
3802
3922
3908
3797
3584
3247
2796
2306
1817
1270
657
47
-482
-916
-1298
-1622
-1844
-1967
-2032
-2036
-1936
-1739
-1494
-1235
-949
-670
-481
-411
-456
-648
-1088
-1776
-2543
-3295
-4174
-5285
-6465
-7452
-8188
-8802
-9278
-9366
-8946
-8236
-7446
-6459
-5093
-3502
-2037
-821
363
1656
2851
3708
4305
4901
5492
5872
6047
6304
6806
7344
7663
7848
8162
8558
8721
8524
8164
7775
7212
6302
5183
4131
3157
2034
749
-397
-1193
-1769
-2334
-2828
-3044
-2983
-2880
-2827
-2679
-2385
-2146
-2136
-2243
-2259
-2194
-2245
-2449
-2617
-2610
-2527
-2499
-2410
-2107
-1655
-1219
-799
-234
518
1266
1831
2287
2773
3232
3509
3595
3589
3509
3256
2794
2258
1776
1283
690
56
-490
-901
-1217
-1479
-1673
-1772
-1808
-1800
-1710
-1542
-1341
-1131
-896
-628
-386
-236
-175
-189
-370
-833
-1522
-2266
-3029
-3959
-5114
-6290
-7221
-7912
-8520
-8969
-8992
-8532
-7829
-7060
-6065
-4665
-3090
-1737
-631
525
1791
2875
3580
4089
4661
5214
5509
5643
5949
6495
6986
7245
7450
7816
8221
8351
8144
7820
7464
6897
6026
5024
4090
3175
2092
893
-102
-748
-1239
-1739
-2132
-2245
-2153
-2090
-2098
-2005
-1802
-1725
-1883
-2099
-2197
-2268
-2501
-2868
-3128
-3185
-3192
-3220
-3133
-2816
-2357
-1906
-1425
-764
53
798
1368
1877
2405
2866
3132
3218
3241
3198
2994
2632
2245
1896
1496
988
445
40
-271
-578
-894
-1175
-1339
-1463
-1582
-1631
-1510
-1293
-1107
-930
-662
-303
-1
122
93
-22
-315
-917
-1725
-2526
-3323
-4308
-5504
-6615
-7396
-7951
-8448
-8737
-8563
-7973
-7231
-6422
-5340
-3942
-2537
-1415
-430
679
1843
2763
3380
3941
4544
5026
5263
5481
5905
6422
6791
6990
7238
7608
7915
7953
7766
7509
7159
6594
5812
4997
4238
3430
2464
1479
720
187
-311
-850
-1269
-1483
-1595
-1762
-1952
-2025
-2048
-2206
-2516
-2787
-2899
-3000
-3215
-3448
-3573
-3557
-3500
-3430
-3234
-2894
-2498
-2088
-1624
-1019
-340
288
814
1329
1876
2376
2760
3019
3201
3280
3191
2952
2670
2373
1960
1403
811
289
-169
-613
-992
-1235
-1369
-1452
-1481
-1383
-1159
-886
-630
-396
-128
171
421
532
476
318
46
-426
-1113
-1900
-2659
-3469
-4434
-5485
-6396
-7062
-7606
-8071
-8311
-8172
-7748
-7213
-6535
-5598
-4445
-3304
-2285
-1258
-149
934
1817
2536
3214
3878
4416
4805
5169
5635
6113
6439
6688
7006
7393
7669
7724
7646
7571
7413
7028
6452
5864
5301
4586
3690
2792
2061
1396
647
-107
-690
-1106
-1521
-1943
-2253
-2406
-2541
-2766
-2986
-3077
-3106
-3212
-3384
-3512
-3555
-3578
-3604
-3569
-3416
-3168
-2908
-2596
-2155
-1564
-902
-261
374
1055
1750
2319
2748
3105
3379
3463
3302
3015
2702
2346
1849
1276
770
365
-10
-370
-619
-722
-716
-689
-642
-545
-411
-297
-211
-132
-73
-26
14
38
43
-1
-126
-327
-647
-1142
-1770
-2457
-3194
-4049
-5016
-5968
-6801
-7501
-8096
-8486
-8548
-8297
-7849
-7210
-6295
-5119
-3851
-2692
-1577
-409
747
1731
2496
3185
3854
4393
4754
5080
5499
5967
6321
6609
6995
7468
7865
8059
8141
8177
8092
7766
7241
6644
5978
5167
4175
3149
2227
1377
522
-291
-964
-1457
-1842
-2209
-2459
-2577
-2640
-2751
-2922
-3057
-3149
-3265
-3452
-3625
-3740
-3816
-3860
-3836
-3705
-3453
-3156
-2809
-2357
-1776
-1164
-553
95
707
1248
1698
2116
2462
2699
2810
2802
2716
2576
2342
2040
1722
1411
1101
810
581
414
293
152
7
-83
-104
-135
-214
-270
-266
-238
-255
-291
-269
-197
-177
-253
-359
-455
-656
-1095
-1728
-2411
-3116
-3943
-4929
-5922
-6744
-7427
-8043
-8507
-8634
-8408
-8002
-7486
-6708
-5589
-4316
-3118
-1983
-789
410
1438
2255
2998
3740
4363
4765
5090
5540
6076
6508
6822
7171
7618
8024
8266
8374
8452
8410
8119
7590
6941
6286
5502
4527
3462
2467
1568
684
-191
-940
-1501
-1964
-2406
-2766
-2966
-3075
-3222
-3411
-3532
-3559
-3611
-3760
-3912
-3975
-3990
-4039
-4056
-3934
-3679
-3404
-3127
-2745
-2204
-1588
-1001
-420
228
914
1524
2032
2495
2914
3213
3352
3400
3421
3385
3228
2953
2654
2370
2080
1774
1490
1237
982
718
460
242
35
-195
-468
-738
-974
-1189
-1363
-1479
-1542
-1563
-1544
-1484
-1393
-1313
-1297
-1416
-1698
-2129
-2641
-3248
-3980
-4827
-5748
-6597
-7317
-7898
-8290
-8398
-8201
-7780
-7171
-6314
-5180
-3888
-2622
-1422
-197
1037
2140
3030
3780
4450
4978
5331
5615
5970
6374
6680
6886
7131
7468
7776
7929
7980
8007
7936
7631
7115
6555
5963
5183
4208
3203
2308
1485
620
-238
-934
-1442
-1901
-2346
-2650
-2784
-2898
-3116
-3391
-3564
-3668
-3862
-4143
-4372
-4486
-4572
-4691
-4706
-4501
-4163
-3831
-3456
-2880
-2123
-1374
-702
-2
794
1542
2155
2694
3267
3788
4117
4295
4441
4583
4573
4387
4116
3830
3476
3006
2482
1979
1485
910
266
-331
-847
-1315
-1789
-2219
-2528
-2752
-2944
-3082
-3112
-3026
-2884
-2708
-2458
-2142
-1839
-1618
-1484
-1455
-1604
-1956
-2444
-2980
-3609
-4391
-5240
-5980
-6565
-7036
-7349
-7364
-7051
-6535
-5885
-5001
-3844
-2606
-1481
-442
639
1696
2550
3190
3761
4300
4665
4837
5004
5315
5660
5880
6040
6321
6721
7045
7213
7332
7470
7484
7243
6840
6430
5978
5313
4436
3552
2761
1962
1058
174
-532
-1105
-1695
-2289
-2735
-3010
-3290
-3666
-4005
-4196
-4327
-4532
-4745
-4804
-4722
-4634
-4554
-4332
-3891
-3363
-2854
-2288
-1557
-720
66
798
1580
2405
3132
3696
4168
4610
4943
5077
5043
4941
4765
4428
3936
3387
2809
2161
1429
688
0
-649
-1310
-1968
-2556
-3063
-3540
-3997
-4356
-4589
-4721
-4788
-4766
-4626
-4373
-4052
-3683
-3240
-2718
-2168
-1653
-1189
-781
-477
-340
-388
-578
-856
-1234
-1712
-2276
-2845
-3359
-3850
-4267
-4512
-4548
-4431
-4186
-3770
-3149
-2406
-1660
-921
-133
673
1389
2000
2586
3171
3659
4002
4294
4641
5021
5336
5601
5923
6315
6667
6894
7052
7181
7197
7017
6667
6237
5730
5067
4219
3311
2433
1542
606
-291
-1047
-1680
-2265
-2769
-3101
-3276
-3399
-3504
-3534
-3463
-3359
-3307
-3254
-3148
-3030
-2940
-2824
-2644
-2411
-2150
-1836
-1424
-933
-399
184
823
1464
2036
2534
2984
3358
3560
3569
3460
3274
2945
2469
1936
1385
822
213
-386
-897
-1326
-1745
-2167
-2526
-2792
-3030
-3281
-3513
-3700
-3864
-4012
-4112
-4108
-3992
-3831
-3627
-3307
-2851
-2325
-1783
-1196
-566
48
573
1028
1421
1682
1732
1567
1287
937
456
-174
-850
-1468
-2025
-2521
-2867
-2989
-2919
-2733
-2432
-1950
-1316
-650
-23
584
1171
1665
2029
2307
2531
2665
2675
2623
2622
2689
2761
2825
2950
3164
3400
3598
3753
3883
3936
3840
3588
3247
2851
2339
1712
1049
433
-109
-610
-1023
-1282
-1383
-1380
-1281
-1068
-755
-430
-154
92
324
491
547
512
438
334
181
10
-123
-199
-229
-206
-111
56
281
528
781
1006
1175
1279
1306
1232
1039
746
393
-5
-455
-919
-1351
-1733
-2065
-2337
-2533
-2644
-2696
-2715
-2707
-2683
-2659
-2655
-2673
-2707
-2740
-2776
-2801
-2793
-2737
-2617
-2422
-2146
-1793
-1394
-963
-501
-18
437
832
1157
1413
1583
1632
1585
1480
1308
1040
695
349
45
-280
-627
-922
-1120
-1274
-1404
-1447
-1347
-1181
-1040
-876
-609
-293
-28
181
416
678
888
1032
1202
1422
1608
1731
1861
2050
2242
2381
2494
2628
2751
2819
2843
2864
2869
2803
2664
2516
2387
2240
2054
1854
1656
1451
1212
944
687
456
223
-20
-234
-392
-510
-642
-768
-848
-877
-888
-891
-853
-761
-667
-605
-527
-419
-326
-258
-177
-64
38
93
119
136
112
22
-115
-256
-414
-609
-828
-1022
-1193
-1391
-1591
-1756
-1873
-1973
-2057
-2118
-2150
-2179
-2216
-2241
-2234
-2203
-2177
-2138
-2054
-1922
-1760
-1579
-1373
-1142
-888
-636
-387
-142
85
280
426
534
619
670
681
650
596
544
508
481
466
466
474
492
514
536
557
565
560
545
510
452
379
296
205
108
19
-39
-51
-40
-5
73
181
305
436
585
745
890
1011
1130
1243
1323
1361
1390
1425
1456
1468
1480
1522
1568
1593
1600
1608
1599
1554
1487
1408
1317
1198
1051
896
738
575
416
277
165
60
-23
-66
-82
-97
-107
-103
-105
-121
-143
-164
-192
-247
-311
-372
-440
-539
-649
-739
-814
-893
-978
-1026
-1048
-1078
-1123
-1160
-1185
-1212
-1255
-1298
-1319
-1333
-1376
-1431
-1472
-1484
-1482
-1490
-1485
-1453
-1395
-1318
-1229
-1131
-1024
-922
-832
-745
-649
-566
-509
-464
-417
-354
-291
-238
-177
-105
-25
46
123
223
326
418
505
590
665
725
758
762
753
728
695
659
614
563
510
469
436
423
411
407
411
414
434
445
429
397
358
307
250
205
183
185
201
246
330
442
568
690
806
930
1040
1129
1185
1224
1230
1202
1150
1089
1029
961
886
805
743
690
649
596
540
490
432
377
315
245
178
98
-6
-104
-194
-290
-395
-491
-566
-623
-675
-702
-703
-699
-686
-667
-640
-611
-585
-568
-554
-542
-557
-583
-616
-654
-693
-733
-767
-779
-789
-788
-771
-740
-711
-688
-673
-649
-624
-611
-610
-620
-630
-645
-660
-661
-652
-623
-582
-534
-472
-401
-329
-261
-197
-140
-98
-46
1
46
94
137
175
208
256
311
368
428
500
572
635
679
711
729
723
694
645
606
549
489
412
330
255
178
116
58
12
-37
-78
-108
-132
-151
-161
-148
-125
-99
-54
22
101
184
279
393
508
609
715
822
914
977
1001
1000
987
943
868
786
709
641
563
492
451
411
375
321
265
192
93
-36
-186
-346
-508
-658
-792
-886
-925
-908
-849
-757
-626
-479
-339
-225
-139
-85
-87
-137
-223
-331
-443
-543
-617
-646
-626
-557
-437
-286
-122
26
145
228
246
196
102
-34
-208
-400
-572
-710
-797
-833
-814
-746
-643
-535
-438
-351
-289
-270
-297
-339
-378
-422
-440
-418
-346
-216
-33
195
452
710
946
1133
1254
1320
1318
1244
1119
958
787
626
487
386
320
286
260
243
232
202
143
45
-83
-237
-414
-588
-729
-827
-894
-909
-855
-724
-542
-340
-114
112
309
468
585
665
700
691
642
577
508
426
349
290
258
246
243
255
261
253
227
162
73
-37
-167
-312
-455
-582
-679
-743
-770
-753
-680
-563
-416
-254
-77
110
270
388
469
504
492
430
340
245
154
68
-4
-43
-51
-40
-6
52
122
177
203
218
204
152
63
-48
-169
-292
-397
-481
-540
-563
-559
-527
-470
-393
-310
-237
-176
-136
-122
-128
-144
-172
-199
-213
-225
-219
-188
-128
-48
47
148
264
364
429
466
481
466
415
323
237
156
66
-20
-85
-115
-139
-159
-161
-146
-115
-89
-69
-50
-22
-2
-2
-1
13
28
39
56
92
147
205
254
305
368
435
494
533
556
563
546
498
430
344
234
101
-44
-173
-279
-374
-442
-487
-504
-488
-460
-425
-393
-366
-358
-366
-375
-390
-407
-427
-436
-419
-385
-320
-221
-110
10
121
217
291
336
350
329
288
236
182
145
129
146
185
237
306
366
421
460
476
463
409
326
227
130
29
-65
-129
-161
-164
-164
-144
-114
-85
-80
-108
-155
-219
-299
-400
-492
-553
-579
-562
-506
-386
-221
-41
141
313
458
545
573
533
441
300
128
-39
-188
-302
-376
-398
-358
-267
-147
-16
101
190
228
216
161
69
-44
-160
-255
-318
-335
-290
-187
-42
137
330
512
667
773
810
784
694
549
376
191
11
-131
-232
-282
-292
-277
-228
-174
-140
-129
-139
-177
-248
-340
-433
-510
-561
-600
-603
-568
-498
-401
-292
-165
-38
56
124
165
181
178
143
95
47
9
-22
-26
-3
46
115
192
274
355
427
475
493
485
460
419
367
305
246
192
139
96
64
41
23
1
-29
-66
-117
-176
-252
-338
-417
-485
-533
-564
-568
-545
-496
-429
-340
-239
-123
-19
72
159
229
288
324
360
386
407
432
447
465
487
504
505
498
482
451
406
348
279
211
144
67
-10
-72
-129
-174
-211
-240
-264
-282
-299
-322
-329
-330
-327
-324
-311
-286
-257
-223
-186
-149
-122
-109
-116
-133
-165
-215
-267
-310
-346
-370
-386
-372
-340
-287
-215
-139
-61
4
49
70
76
56
16
-26
-62
-95
-112
-97
-62
-3
70
150
235
305
363
399
408
401
376
327
281
240
212
201
209
241
281
330
372
402
417
398
343
263
162
48
-80
-203
-312
-404
-472
-511
-523
-509
-481
-456
-431
-392
-352
-323
-291
-251
-210
-158
-92
-11
86
187
292
394
492
569
627
659
666
647
603
552
493
428
361
296
250
212
179
154
128
94
51
1
-59
-126
-200
-276
-338
-401
-446
-461
-448
-422
-381
-332
-288
-247
-224
-215
-214
-234
-267
-299
-329
-354
-373
-375
-364
-337
-304
-252
-189
-129
-76
-27
16
53
84
102
120
129
134
141
153
171
192
213
230
240
244
236
220
187
151
114
68
33
4
-12
-17
-10
14
48
87
130
166
187
196
182
151
120
86
35
-7
-43
-68
-84
-90
-82
-74
-67
-69
-81
-93
-109
-138
-175
-207
-234
-260
-264
-253
-225
-176
-123
-57
15
88
147
199
236
258
273
275
274
260
239
218
203
190
186
193
195
192
191
184
176
158
133
107
74
42
11
-20
-44
-67
-84
-95
-105
-125
-142
-148
-158
-171
-178
-193
-205
-209
-214
-211
-213
-206
-194
-176
-157
-130
-98
-67
-37
-8
37
80
116
143
168
180
192
195
194
182
168
156
139
121
96
65
21
-18
-71
-136
-193
-250
-305
-354
-391
-411
-418
-407
-382
-335
-279
-218
-158
-100
-48
-4
30
57
76
80
97
108
115
127
143
164
187
206
223
236
241
240
226
216
198
171
146
118
91
66
48
40
33
27
29
37
45
47
44
37
29
17
4
-8
-22
-30
-32
-32
-23
-12
11
31
54
74
100
120
134
152
157
159
159
158
143
128
111
82
51
14
-30
-82
-124
-165
-200
-220
-231
-240
-236
-233
-224
-209
-193
-176
-157
-137
-120
-100
-83
-63
-37
-9
23
56
86
111
128
134
126
110
92
64
29
-2
-32
-56
-72
-79
-75
-66
-59
-53
-52
-48
-43
-51
-56
-69
-87
-103
-115
-127
-134
-135
-128
-110
-84
-54
-25
8
36
52
64
70
69
68
64
68
73
86
110
134
163
191
217
236
245
244
227
199
158
104
49
-4
-61
-108
-144
-171
-184
-178
-163
-150
-137
-122
-107
-95
-86
-76
-65
-52
-38
-21
13
51
86
115
143
171
194
205
207
204
192
171
144
114
83
48
18
-12
-37
-65
-79
-82
-91
-92
-91
-96
-87
-79
-72
-64
-65
-68
-75
-80
-89
-94
-92
-84
-81
-72
-49
-33
-13
6
24
39
55
71
80
89
94
95
92
90
86
79
73
65
59
43
26
9
-10
-30
-52
-72
-88
-104
-118
-132
-138
-139
-139
-138
-128
-117
-100
-78
-55
-39
-18
9
26
41
55
73
91
110
124
126
123
117
104
87
71
47
24
-1
-31
-57
-77
-90
-97
-103
-95
-92
-92
-89
-83
-78
-72
-61
-57
-49
-40
-35
-28
-13
0
15
38
59
77
90
101
106
109
111
112
114
115
117
118
118
111
109
106
104
95
78
67
54
36
19
-4
-22
-42
-58
-76
-88
-94
-100
-98
-93
-83
-71
-57
-45
-33
-31
-13
2
9
24
40
56
74
87
93
99
108
110
100
92
79
62
32
11
-14
-47
-63
-75
-83
-91
-94
-97
-97
-100
-98
-97
-95
-96
-95
-93
-86
-79
-73
-59
-47
-34
-9
16
26
44
52
53
56
55
49
48
44
40
37
36
33
34
36
34
26
12
5
-9
-22
-38
-50
-65
-81
-92
-101
-108
-112
-112
-109
-107
-103
-96
-89
-78
-66
-57
-42
-25
-9
9
27
42
61
77
92
107
120
129
133
136
136
136
129
118
102
79
59
35
15
-4
-14
-28
-34
-34
-36
-35
-38
-38
-36
-38
-36
-37
-35
-30
-26
-19
-4
8
20
35
44
61
74
82
87
88
82
71
61
52
48
44
39
36
37
28
26
26
27
18
9
5
-4
-11
-22
-28
-40
-49
-51
-52
-51
-41
-27
-21
-14
-9
-2
-1
-3
-5
-11
-17
-21
-22
-25
-27
-27
-28
-24
-20
-17
-15
-14
-16
-23
-32
-41
-49
-60
-70
-77
-86
-92
-100
-102
-102
-99
-89
-77
-60
-51
-42
-36
-33
-31
-26
-15
-4
12
28
41
58
77
90
100
106
106
99
89
80
68
53
41
32
23
11
8
9
6
-1
-9
-18
-26
-32
-39
-44
-45
-48
-46
-37
-31
-19
-5
10
25
38
56
71
77
83
89
92
89
88
89
86
88
84
82
77
74
70
65
62
51
38
30
17
4
-10
-20
-30
-42
-53
-62
-68
-76
-80
-85
-86
-85
-86
-80
-74
-74
-72
-60
-51
-40
-23
-7
3
13
21
24
24
24
24
27
31
33
34
33
30
23
11
-1
-10
-23
-33
-41
-52
-57
-62
-65
-67
-66
-63
-58
-53
-45
-41
-40
-37
-38
-37
-31
-26
-23
-19
-15
-17
-13
-13
-8
-2
6
19
27
37
40
40
36
36
32
27
28
30
30
31
28
22
13
7
3
2
3
-2
-4
-5
-2
1
3
10
7
5
8
12
18
24
33
44
54
60
62
60
63
68
71
77
78
81
77
74
67
56
54
45
38
31
22
15
9
0
-11
-23
-34
-45
-55
-66
-75
-81
-84
-86
-86
-86
-84
-78
-71
-58
-50
-40
-30
-21
-14
-10
-1
4
7
17
24
32
37
43
48
47
50
52
46
38
25
6
-8
-23
-34
-47
-57
-62
-68
-67
-66
-63
-61
-59
-58
-60
-58
-52
-51
-50
-44
-40
-34
-27
-19
-12
-1
11
19
33
43
48
59
64
67
65
62
57
49
44
38
33
31
30
28
25
25
20
15
11
4
1
-3
-9
-15
-24
-29
-30
-27
-22
-16
-5
8
25
37
46
53
54
51
49
40
36
29
24
22
20
18
17
21
22
23
22
16
9
5
-3
-8
-15
-23
-29
-35
-39
-44
-45
-48
-52
-46
-40
-35
-31
-27
-18
-16
-11
-8
-4
-2
0
5
9
14
19
21
28
32
29
35
37
38
38
35
36
27
20
13
3
-3
-10
-19
-28
-39
-45
-50
-57
-63
-64
-64
-65
-62
-59
-58
-53
-51
-51
-47
-43
-39
-32
-22
-15
-4
10
20
32
39
39
40
37
35
33
33
31
27
25
18
16
13
12
11
14
13
12
9
9
7
-2
-3
-4
-3
-3
-6
-9
-7
-3
-2
2
7
10
13
19
24
30
35
40
41
36
37
32
30
28
24
26
29
30
33
30
26
21
9
4
-4
-11
-17
-21
-25
-29
-31
-29
-28
-24
-21
-18
-15
-10
-3
4
9
12
16
18
21
22
23
23
22
19
20
18
13
10
6
-3
-8
-14
-20
-26
-31
-32
-38
-42
-47
-50
-52
-58
-66
-71
-71
-71
-69
-63
-58
-50
-40
-30
-17
-9
2
12
20
27
33
36
37
39
42
40
41
45
48
50
54
53
46
37
29
22
17
10
4
1
-2
-5
-11
-18
-27
-39
-41
-44
-46
-47
-44
-36
-35
-33
-29
-26
-20
-14
-10
-10
-5
7
11
22
28
28
33
38
42
48
51
53
58
56
50
46
39
30
22
14
7
0
-11
-15
-18
-24
-27
-20
-16
-15
-12
-11
-10
-5
0
4
11
16
21
26
31
32
29
28
25
22
18
18
14
11
7
5
3
0
-5
-10
-18
-25
-29
-34
-38
-42
-44
-43
-44
-48
-43
-38
-39
-40
-40
-37
-37
-34
-27
-18
-10
-2
8
14
20
25
31
40
46
45
48
45
38
36
28
20
12
7
6
2
-4
-4
-7
-6
-9
-11
-14
-25
-33
-43
-50
-54
-53
-55
-55
-51
-48
-42
-33
-27
-18
-12
-7
3
11
19
31
40
47
50
53
54
50
53
53
52
47
47
38
29
25
18
13
4
-4
-6
-12
-15
-15
-17
-19
-20
-19
-14
-11
-10
-8
-9
-10
-10
-6
-5
-1
3
9
13
16
20
19
19
19
17
13
12
14
13
12
12
11
8
3
-4
-13
-18
-24
-27
-27
-27
-27
-30
-27
-23
-21
-16
-13
-10
-5
-1
1
3
4
6
8
12
18
22
27
34
38
39
40
42
42
35
26
12
-1
-10
-20
-33
-41
-47
-51
-53
-56
-57
-57
-59
-60
-65
-59
-53
-49
-42
-36
-26
-16
-6
8
23
34
43
54
61
63
67
67
69
67
59
58
58
55
51
48
42
35
25
16
8
-6
-17
-30
-45
-53
-61
-67
-68
-65
-60
-54
-48
-45
-40
-41
-41
-41
-38
-31
-22
-10
1
14
22
25
29
31
32
30
26
27
30
32
39
47
54
56
54
46
39
31
22
11
3
-1
-8
-12
-14
-19
-27
-32
-32
-37
-39
-44
-45
-44
-40
-34
-23
-10
4
13
17
23
25
24
23
26
27
27
27
28
26
29
31
30
24
23
24
17
10
7
-1
-11
-19
-26
-30
-33
-37
-36
-35
-33
-31
-27
-20
-15
-10
-9
-9
-6
-5
-3
0
7
13
19
21
27
29
33
35
35
37
34
30
26
25
24
21
19
15
9
2
-13
-29
-43
-54
-61
-64
-61
-55
-48
-39
-31
-25
-20
-17
-13
-10
-9
-11
-10
-4
0
5
11
15
19
19
18
19
18
18
20
22
22
18
15
17
17
15
16
18
14
9
1
-7
-14
-26
-29
-34
-39
-39
-37
-33
-29
-21
-13
-1
8
13
12
13
9
2
-1
0
3
3
7
16
19
20
23
26
27
27
23
19
17
12
14
16
16
14
14
12
12
3
4
3
-2
-2
-7
-5
-8
-10
-11
-15
-16
-19
-15
-15
-11
-6
-5
-2
-6
-10
-7
-7
-8
-7
-6
-5
-8
-9
-9
-11
-12
-11
-7
-5
-2
3
3
5
3
-1
-1
0
1
4
12
18
21
25
26
24
21
19
21
22
22
23
23
24
20
11
5
-1
-4
-9
-12
-14
-16
-16
-17
-14
-12
-13
-12
-7
-3
-2
-1
-3
-5
-10
-18
-20
-26
-27
-28
-27
-23
-21
-17
-16
-15
-16
-14
-16
-14
-10
-3
1
4
6
10
16
19
23
28
29
24
18
15
12
10
7
2
2
1
-1
-3
-4
-4
-5
-3
-2
-3
-2
-2
-5
-9
-8
-9
-10
-5
1
1
5
11
15
18
20
21
21
27
31
29
30
29
26
22
18
12
8
-5
-11
-16
-21
-24
-28
-29
-27
-25
-26
-21
-15
-11
-7
-6
-5
-5
-10
-9
-8
-9
-4
1
6
8
8
5
4
1
-5
-4
-1
1
4
7
6
8
8
5
0
-7
-12
-14
-19
-20
-16
-14
-6
-3
-3
1
4
4
2
-3
-5
-2
-4
-5
-2
1
8
11
16
20
17
17
19
16
6
4
2
5
8
10
17
18
16
14
9
5
-2
-8
-12
-11
-9
-4
-1
0
2
4
7
3
1
-5
-8
-10
-13
-14
-16
-19
-20
-19
-18
-18
-17
-15
-16
-18
-18
-16
-12
-9
-2
2
7
10
10
13
16
13
15
14
12
11
7
7
7
9
9
13
18
19
22
21
20
19
15
9
3
0
-3
-9
-12
-14
-14
-13
-7
-2
-6
-2
-1
1
5
5
8
11
16
19
18
19
16
10
4
-2
-6
-13
-18
-21
-27
-27
-23
-22
-17
-13
-9
-9
-12
-12
-13
-13
-9
-9
-4
0
2
2
-1
-3
-6
-4
-2
2
7
11
14
14
15
15
14
12
9
8
9
6
8
9
8
4
2
1
0
-3
-8
-11
-14
-13
-11
-9
-5
0
3
6
2
4
3
2
3
1
-4
-7
-6
-7
-5
-5
-3
0
4
7
8
7
6
4
1
0
-2
-1
-3
-9
-12
-12
-12
-13
-12
-7
-5
-1
0
2
1
-2
-1
-2
1
0
5
9
11
11
8
7
11
11
14
16
12
10
4
3
2
3
4
7
11
11
11
5
3
-1
-5
-5
-8
-13
-14
-18
-19
-17
-14
-12
-8
-8
-8
-7
-9
-12
-11
-12
-9
-6
-3
0
3
5
4
3
-1
-6
-10
-12
-14
-10
-7
0
9
20
29
33
35
34
25
19
13
4
-3
-8
-13
-12
-14
-14
-11
-6
-4
0
0
1
1
0
-1
-2
0
2
3
5
7
8
8
4
0
-4
-8
-9
-7
-3
1
8
13
20
24
25
22
20
17
10
4
-2
-5
-7
-13
-12
-15
-16
-14
-12
-9
-6
-4
-1
-2
-2
-1
3
6
4
4
0
-1
-5
-6
-7
-10
-8
-5
-2
2
6
11
14
16
15
12
12
9
6
3
-1
-7
-9
-9
-9
-9
-10
-9
-11
-14
-16
-17
-14
-14
-13
-10
-6
-2
1
2
1
-1
-1
-4
-5
-6
-3
1
2
5
7
9
10
10
11
5
3
4
2
0
-3
-2
-3
-3
-3
-2
-2
-4
-7
-9
-10
-12
-13
-14
-14
-11
-7
-1
4
10
17
20
20
16
12
8
4
0
-5
-4
-5
-5
-3
-2
-1
0
0
2
2
2
4
5
5
4
2
3
2
4
4
5
3
2
2
0
-1
-5
-5
-3
-2
1
8
9
10
13
12
9
7
4
4
2
2
1
2
2
3
1
2
2
2
2
4
4
6
6
7
9
7
6
2
1
-4
-8
-9
-9
-11
-14
-12
-6
-1
1
3
5
7
5
5
5
2
0
-1
-2
-3
-3
-5
-7
-9
-17
-21
-21
-22
-20
-17
-16
-11
-4
3
6
9
7
3
1
-5
-9
-9
-9
-8
-9
-6
-4
-2
1
2
5
7
8
8
12
10
9
8
8
9
9
8
7
1
-3
-6
-8
-8
-7
-1
1
6
7
10
12
12
10
5
2
-1
-4
-9
-10
-11
-13
-12
-7
-4
-2
1
2
0
4
6
7
13
13
13
13
10
7
2
-2
-7
-13
-12
-12
-10
-5
-1
4
6
7
7
7
5
5
4
5
6
8
7
8
5
-2
-2
-3
-7
-9
-5
-6
-4
-2
3
8
10
14
12
10
10
6
0
-6
-13
-18
-20
-18
-15
-12
-9
-6
-4
-3
-1
1
3
5
5
5
5
5
5
5
4
0
-2
-3
-5
-5
-9
-10
-11
-13
-10
-10
-6
-2
1
7
8
11
10
9
8
1
1
-1
-5
-5
-5
-3
-3
-2
1
3
3
6
2
3
4
4
4
7
9
7
7
4
0
0
0
-1
-3
-5
-4
-3
0
0
0
3
3
3
5
6
4
1
3
1
1
-3
-5
-9
-11
-11
-11
-11
-10
-5
-2
1
6
9
8
9
11
9
7
7
4
1
0
-1
-5
-8
-11
-12
-11
-10
-8
-6
-4
1
2
2
4
3
6
11
13
14
12
9
5
0
-3
-5
-7
-10
-10
-8
-7
-6
-2
2
3
4
9
11
13
15
13
10
5
3
4
5
4
3
2
1
0
-1
-5
-4
-5
-6
-6
-6
-7
-5
-3
-5
-5
-6
-7
-7
-12
-14
-13
-11
-9
-6
-3
0
3
5
7
7
8
10
9
5
7
4
4
3
0
-1
-3
-7
-10
-10
-7
-4
-1
-3
0
0
3
4
3
4
2
3
0
0
2
3
4
6
6
4
3
3
1
-4
-4
-3
-3
-4
-3
-4
-4
-4
-3
0
-1
1
1
-1
0
-1
-3
-1
-5
-7
-6
-4
0
2
3
4
4
8
8
8
7
6
5
4
4
3
4
3
2
-1
0
0
-1
0
-2
-1
-2
-2
-4
-5
-6
-6
-6
-6
-5
-4
-5
-4
-4
-5
-4
-4
-5
-4
-3
0
2
4
4
4
2
1
-2
-3
0
1
2
0
-1
-5
-3
-1
0
2
2
3
0
0
1
2
4
4
4
3
5
8
7
8
8
5
4
6
5
5
6
6
5
5
8
9
9
7
4
4
3
1
0
1
1
-1
-2
-3
-3
-2
-1
1
2
3
4
3
1
2
2
0
-4
-4
-5
-5
-4
-4
-3
-2
-5
-5
-4
-5
-8
-8
-8
-9
-8
-5
-4
-2
-1
0
1
0
-1
-4
-9
-9
-9
-8
-5
-3
1
3
5
4
3
3
1
-2
-2
-5
-8
-7
-8
-10
-7
-2
-2
-2
-2
-4
-6
-7
-7
-8
-6
-4
-1
3
5
5
7
8
7
6
5
4
2
0
-1
-1
1
1
4
4
4
4
4
5
4
0
-2
-4
-6
-6
-4
-2
-1
1
1
2
2
4
6
7
10
11
11
11
7
6
6
3
1
1
-3
-4
-3
0
2
1
2
1
0
0
0
-1
0
0
0
2
0
-1
-1
-1
0
1
2
3
4
2
3
1
0
-1
0
2
2
1
1
2
2
5
5
4
5
5
3
3
1
-4
-6
-7
-7
-6
-3
-2
0
1
1
1
-1
1
-1
-5
-6
-6
-7
-7
-5
-4
-3
-1
-1
0
2
0
1
1
-1
-3
-2
-1
-2
-3
-2
0
0
-1
-1
-2
-1
-2
-5
-8
-8
-10
-10
-8
-6
-4
-2
0
-1
-1
-3
-2
-1
-1
-3
-2
-4
-4
-2
-1
2
2
3
6
7
8
7
10
10
9
9
8
7
7
7
5
4
2
2
1
0
-1
0
-1
0
1
3
4
6
4
2
1
-1
-2
-2
-3
-2
1
3
4
5
7
5
6
2
1
0
-4
-7
-10
-11
-9
-10
-7
-4
-3
-2
0
-1
0
1
1
-1
0
-1
0
0
0
1
-2
-2
-2
-3
-4
-2
-2
1
0
0
2
2
4
4
5
5
7
9
9
8
7
6
5
4
3
4
4
4
4
4
2
0
-2
-6
-6
-8
-7
-8
-7
-6
-7
-5
-3
-3
-2
-1
-1
-3
-4
-4
-6
-5
-5
-4
-3
-4
-2
-1
-1
-2
-4
-5
-2
-4
-5
-6
-5
-5
-3
-2
0
-1
-1
0
0
2
2
2
3
5
5
6
11
11
11
12
10
8
6
2
2
1
0
1
0
-1
-2
-2
-2
-2
-2
-2
0
-2
1
0
2
2
3
4
5
6
5
5
3
3
0
-3
-2
-2
-2
0
1
0
1
2
2
2
2
5
3
2
4
3
2
4
3
3
3
2
-1
-1
-2
-5
-6
-8
-8
-7
-8
-7
-6
-7
-4
-5
-5
-3
-2
-1
1
0
0
0
0
0
-1
0
0
3
1
1
0
0
0
0
1
0
-2
-1
0
-3
-5
-4
-2
-2
-2
0
0
1
2
2
0
-1
-2
-2
-1
1
1
2
3
3
0
1
2
0
1
2
2
2
1
-1
-1
0
-2
-3
-4
-5
-5
-6
-7
-7
-9
-4
-2
0
2
4
6
7
6
5
6
5
5
4
3
4
5
5
3
4
4
3
3
0
0
-1
-4
-4
-3
-5
-4
-2
-1
0
0
0
-1
0
0
-1
-4
-4
-4
-6
-4
-1
0
1
2
2
1
1
0
2
2
2
3
3
3
2
1
2
3
3
2
-1
-2
0
1
2
2
1
-2
-4
-3
-3
-2
0
2
3
3
2
3
2
2
0
-1
-2
-3
-3
-3
-3
-3
-3
-2
-2
-2
-1
-3
-3
-4
-4
-2
-3
-5
-5
-4
-4
0
0
3
6
7
7
7
5
5
5
3
4
3
3
6
7
8
9
6
4
2
0
-2
-4
-4
-6
-5
-5
-5
-5
-3
-3
-5
-3
0
0
1
0
0
1
2
2
3
5
5
4
4
5
6
6
6
5
4
2
0
-2
-2
-2
-4
-4
-6
-8
-8
-9
-8
-8
-6
-6
-6
-4
-2
-2
-3
-1
0
1
2
2
1
0
0
0
1
2
3
2
2
3
1
-1
0
0
-4
-5
-2
-3
-2
-2
1
2
4
2
2
1
-1
-2
-2
-4
-3
-4
-4
-4
-6
-4
-2
-3
-2
-1
0
3
3
5
4
3
3
2
1
1
2
1
-1
0
-3
-1
-1
-3
-3
-4
-2
-2
0
0
-1
-1
-1
-2
-2
-1
0
1
1
2
2
2
4
2
3
1
1
2
0
2
1
1
3
3
4
4
3
4
3
4
5
5
4
3
2
4
4
5
5
5
6
5
5
4
2
1
3
2
2
1
0
0
0
-3
-1
-4
-6
-7
-8
-5
-6
-5
-4
-3
-3
-2
-2
-2
-1
0
-1
-1
3
3
5
6
6
7
5
5
5
4
3
1
1
0
-2
-4
-5
-7
-7
-6
-6
-3
-5
-4
-4
-4
-5
-5
-5
-7
-7
-7
-7
-6
-4
-4
-3
-2
-2
0
3
2
4
6
6
5
3
2
3
3
3
3
4
2
1
0
0
-1
-4
-4
-5
-7
-6
-8
-5
-6
-4
-3
0
1
3
5
6
7
9
10
10
10
8
7
5
5
4
4
2
3
1
1
0
0
0
0
1
1
1
2
1
0
-1
0
0
-1
0
2
1
-1
-1
-4
-4
-2
-1
1
1
2
3
4
3
1
0
-1
-1
-1
0
-2
-4
-3
-4
-4
-5
-6
-6
-7
-6
-8
-8
-8
-6
-5
-6
-4
-2
-2
-2
-3
-2
-2
-2
0
-1
1
2
3
5
6
5
5
6
5
4
2
4
4
4
5
2
2
1
1
1
0
-2
-3
-3
-3
-4
-2
-5
-4
-4
-3
-1
-2
0
1
2
1
3
5
5
4
3
4
4
3
3
4
4
2
0
0
-1
-2
-2
-3
-1
-1
-2
-2
-3
-5
-6
-6
-5
-2
-1
-1
1
2
3
4
6
7
8
8
7
5
7
6
4
1
2
2
1
3
2
3
2
1
-1
-3
-4
-3
-3
-1
-1
0
0
0
-1
-1
