9
6
6
3
2
0
-2
-2
-2
-1
0
2
3
5
7
7
7
7
7
6
5
4
3
1
-1
-1
-2
-2
-3
-3
-3
-4
-4
-5
-5
-6
-7
-8
-9
-10
-10
-10
-10
-11
-10
-8
-7
-4
0
3
7
11
13
15
15
17
17
17
15
13
11
9
5
2
-1
-3
-6
-8
-9
-10
-10
-8
-8
-6
-6
-5
-5
-4
-4
-4
-4
-3
-3
-2
-1
-2
-2
0
0
0
1
1
0
1
1
1
1
0
1
0
-1
-2
0
0
1
2
3
4
6
8
8
8
7
5
4
0
-3
-7
-9
-12
-13
-15
-14
-13
-11
-9
-7
-3
0
1
5
6
6
8
9
10
10
10
11
11
12
12
11
11
8
6
5
2
0
-3
-5
-8
-9
-9
-9
-9
-8
-7
-5
-2
-1
1
3
3
3
3
2
0
-1
-4
-5
-5
-7
-6
-5
-4
-3
0
2
3
5
6
5
5
5
3
3
2
3
4
4
6
7
7
7
7
6
4
1
-1
-4
-6
-9
-11
-10
-12
-12
-11
-9
-7
-5
-4
-2
-1
1
1
3
3
4
5
6
6
7
8
8
7
6
4
2
1
-1
-3
-6
-5
-6
-6
-5
-4
-3
-3
-1
0
0
2
2
1
0
0
-1
-2
-2
-4
-3
-3
-3
-2
-1
2
1
3
3
4
5
4
4
3
2
3
1
2
4
3
4
5
5
5
5
5
4
3
1
-1
-5
-7
-8
-11
-11
-11
-10
-8
-8
-6
-3
-2
-2
-1
-2
-3
-3
-5
-4
-2
1
4
7
10
15
16
17
17
14
11
8
3
-1
-7
-10
-12
-12
-11
-10
-7
-4
-2
2
5
4
4
1
0
-2
-4
-5
-7
-6
-4
-2
1
2
4
4
4
3
1
0
-2
-2
-3
-1
1
3
6
8
8
10
10
9
6
4
1
-2
-4
-5
-7
-6
-7
-5
-3
-1
0
0
0
-1
-2
-6
-7
-11
-13
-13
-12
-11
-7
-1
5
11
16
19
20
21
20
17
13
9
5
1
-3
-7
-8
-10
-10
-11
-11
-10
-8
-7
-5
-4
-4
-3
-3
-3
-2
-3
-3
-3
-3
-2
-2
0
2
3
4
5
4
4
3
3
3
5
5
6
8
8
9
9
9
8
6
5
3
1
1
-1
-2
-3
-4
-5
-7
-8
-8
-10
-11
-10
-11
-10
-9
-9
-9
-8
-7
-7
-6
-5
-3
0
2
4
7
9
12
13
16
16
16
16
15
12
10
5
1
-2
-6
-9
-11
-12
-12
-11
-9
-7
-5
-1
0
0
0
-1
-2
-3
-4
-4
-3
-1
0
2
4
6
7
8
9
8
8
6
5
4
5
4
4
4
6
5
5
4
3
2
0
-1
-3
-4
-5
-4
-5
-6
-6
-7
-7
-8
-10
-10
-11
-13
-15
-15
-14
-14
-12
-9
-5
-1
4
9
11
14
15
16
15
14
13
14
12
12
11
12
12
12
12
10
9
5
0
-6
-12
-18
-24
-28
-31
-32
-31
-29
-24
-18
-11
-2
5
11
18
21
22
22
18
15
12
9
7
5
6
6
8
11
13
15
15
15
14
10
7
2
-2
-8
-11
-14
-18
-20
-21
-20
-19
-18
-16
-13
-9
-7
-4
-3
-2
-1
-1
-1
-1
-3
-3
-3
-5
-5
-3
-1
1
5
9
16
22
27
32
36
37
36
32
25
16
6
-4
-13
-21
-27
-29
-30
-31
-29
-27
-25
-23
-21
-20
-20
-21
-19
-19
-17
-15
-11
-5
4
11
20
29
34
38
39
39
35
30
25
21
17
13
11
9
8
7
5
1
-2
-8
-14
-21
-25
-30
-31
-29
-24
-16
-8
1
8
13
15
14
9
4
-4
-12
-21
-27
-28
-29
-27
-22
-14
-4
5
14
19
25
27
27
27
24
22
20
19
19
20
20
20
17
14
9
2
-6
-14
-22
-29
-35
-39
-41
-41
-39
-37
-32
-25
-17
-11
-4
1
10
14
18
20
22
23
23
23
21
18
16
15
13
12
12
12
10
10
9
8
5
3
1
-3
-5
-6
-8
-11
-13
-15
-16
-17
-17
-18
-19
-20
-18
-18
-15
-13
-10
-7
-3
1
3
6
8
10
11
11
11
11
10
9
9
8
8
9
9
11
14
16
20
21
20
18
16
11
4
-4
-11
-20
-28
-33
-35
-38
-37
-35
-31
-26
-20
-12
-4
4
11
15
18
18
18
14
11
6
3
3
3
3
8
13
19
24
26
29
29
28
24
21
15
8
2
-5
-12
-17
-22
-25
-24
-24
-22
-17
-11
-6
-1
2
3
1
0
-3
-7
-9
-12
-13
-13
-12
-11
-7
-2
1
6
9
12
15
16
16
15
13
10
8
4
2
-1
-3
-4
-6
-7
-9
-8
-9
-9
-8
-7
-7
-6
-8
-9
-9
-9
-9
-10
-6
-4
-1
2
4
8
10
12
12
13
12
12
13
14
14
14
13
11
9
6
3
0
-1
-2
-2
-2
-2
-1
-1
-1
-1
-3
-5
-7
-9
-12
-14
-16
-17
-18
-19
-17
-14
-11
-6
0
6
11
14
16
18
17
13
10
8
4
1
-1
-2
-4
-2
-3
-2
0
2
3
3
5
5
3
3
0
-3
-8
-12
-16
-18
-18
-16
-13
-7
-3
4
9
12
16
16
14
11
7
3
-2
-6
-11
-13
-15
-12
-8
-4
3
11
17
21
23
24
21
16
9
0
-7
-14
-18
-20
-20
-19
-16
-12
-9
-5
-2
0
2
1
1
-1
-3
-5
-6
-9
-9
-9
-9
-7
-5
-1
2
7
12
17
21
22
23
26
25
24
21
15
7
0
-8
-13
-18
-19
-20
-19
-16
-13
-9
-5
1
4
7
8
9
7
6
1
-2
-7
-10
-11
-13
-10
-7
-3
2
8
14
19
21
22
19
13
9
2
-3
-8
-11
-13
-13
-12
-10
-7
-5
0
1
3
3
2
2
-1
-3
-6
-8
-9
-10
-10
-8
-6
-2
1
3
7
9
11
13
15
15
16
14
11
8
4
1
-3
-6
-7
-8
-7
-6
-4
-1
1
2
2
1
0
0
0
-1
-1
-3
-6
-9
-12
-14
-14
-15
-13
-8
-5
2
5
10
11
13
12
10
6
4
2
-1
-2
-2
-3
-3
-2
0
2
4
8
10
10
12
12
10
7
4
-5
-10
-16
-22
-23
-24
-21
-18
-13
-6
-1
4
8
11
10
10
7
5
2
0
-2
-2
-2
-2
0
1
3
4
6
8
9
9
8
6
2
-2
-5
-8
-7
-7
-5
-3
-2
1
2
1
2
0
0
-1
-2
-2
-3
-3
-5
-5
-6
-5
-4
-2
0
2
3
4
5
5
5
5
4
5
4
6
7
7
8
8
9
7
7
2
0
-2
-3
-4
-5
-8
-9
-11
-11
-11
-11
-9
-6
-3
1
4
8
9
11
10
9
8
8
8
8
10
12
11
9
7
2
-4
-8
-10
-11
-11
-9
-6
-4
0
2
4
4
2
1
-1
-3
-5
-9
-11
-13
-15
-14
-15
-13
-8
-3
3
10
13
15
15
13
9
5
-1
-5
-9
-9
-11
-11
-10
-8
-6
-4
-2
0
1
3
6
7
7
5
3
0
-4
-9
-12
-13
-12
-11
-8
-4
2
6
8
11
11
12
11
10
7
8
5
3
1
0
-3
-3
-4
-5
-3
0
3
8
11
11
10
8
5
0
-4
-8
-12
-13
-11
-10
-8
-5
-4
-3
0
2
6
9
11
13
14
13
10
7
5
2
-3
-4
-4
-3
1
3
5
6
7
7
5
2
-1
-4
-6
-10
-11
-13
-14
-14
-14
-14
-10
-7
-4
0
4
5
7
7
3
2
-1
-4
-5
-6
-6
-3
0
3
6
8
10
11
11
9
8
5
2
0
-1
-1
-2
-3
-3
-5
-6
-9
-10
-9
-7
-5
-1
2
5
7
8
7
8
7
5
3
1
-1
-3
-5
-5
-7
-5
-4
-3
0
1
5
8
10
15
12
10
5
-2
-8
-14
-17
-20
-19
-16
-14
-10
-5
-2
4
5
7
7
4
5
1
-1
-2
-3
-7
-11
-10
-13
-9
-4
0
9
14
18
20
19
18
15
11
8
3
-4
-5
-7
-11
-7
-7
-7
-5
-2
2
4
7
10
11
12
12
8
6
0
-3
-6
-8
-10
-11
-6
-5
0
4
10
12
15
16
17
16
11
8
4
-2
-7
-9
-15
-14
-14
-15
-10
-7
-7
-2
-3
0
3
0
0
-2
-3
-3
-8
-10
-9
-14
-13
-9
-10
-5
0
3
8
10
11
12
8
8
5
1
0
-1
-2
-3
-1
-4
1
3
5
9
12
13
14
12
9
6
-3
-5
-12
-17
-20
-21
-20
-15
-11
-5
-1
3
11
11
13
15
14
11
10
6
5
1
0
-5
-6
-5
-7
-5
-5
-3
1
2
2
4
3
0
-1
-2
-9
-4
-11
-8
-7
-12
-8
-8
-5
3
6
11
13
13
15
11
11
8
1
-4
-10
-15
-14
-14
-12
-10
-4
-5
1
3
5
10
12
15
17
14
14
5
1
-6
-11
-16
-17
-17
-14
-10
-3
3
9
15
15
12
11
4
2
-2
-5
-6
-9
-6
-13
-8
-8
-5
3
6
13
14
18
22
16
19
11
5
1
-6
-10
-13
-11
-15
-13
-10
-8
-3
2
6
10
11
12
9
8
1
-1
-6
-10
-6
-12
-9
-7
-9
-2
-2
1
0
2
4
-2
4
-1
-2
-2
-4
-6
-7
-4
-7
-3
1
3
7
10
14
12
14
12
4
7
0
-4
-5
-8
-10
-9
-8
-6
-1
-2
6
5
9
10
9
13
6
7
3
-2
0
-9
-8
-11
-17
-8
-12
-7
-1
-2
5
5
9
5
7
4
3
0
-3
-1
-8
-6
-10
-10
-10
-11
0
-3
3
11
8
15
13
7
4
-1
-4
-7
-9
-7
-12
-5
-10
-4
-4
-2
4
3
9
11
14
14
10
8
6
-4
-2
-8
-11
-9
-13
-9
-7
-4
3
4
11
10
5
15
6
5
9
-5
-1
-6
-8
-7
-7
-11
-11
-11
-7
-6
-1
0
5
9
10
13
9
10
3
6
-5
-2
-5
-10
1
0
7
10
8
12
8
6
10
5
8
8
5
-1
-7
-12
-22
-16
-20
-20
-11
-13
-4
1
9
9
11
14
10
12
8
4
3
-2
-3
-2
-10
-2
-7
0
1
6
9
8
9
9
8
7
8
4
-1
-2
-10
-13
-9
-17
-11
-11
-5
-1
2
11
9
12
13
10
5
4
-1
-9
-5
-11
-15
-12
-18
-14
-11
-6
-3
3
7
6
15
11
14
13
6
3
-2
-9
-12
-13
-16
-16
-11
-8
-9
2
-5
2
6
5
13
11
6
7
2
1
-7
-4
-10
-6
2
0
7
10
6
11
13
3
7
0
-4
-1
-7
-4
-7
-5
-2
-1
5
7
11
10
13
10
5
7
-1
-5
-9
-12
-18
-16
-17
-12
-15
-7
-2
-4
3
8
3
10
11
5
11
0
1
-3
4
5
11
11
7
8
-6
4
-7
3
0
0
7
3
6
6
-4
-6
-1
-12
0
-4
1
0
0
-4
-3
-1
-8
9
3
9
17
4
9
2
-3
-6
-7
-6
-11
-8
-10
-9
1
-2
7
8
9
11
8
15
5
12
4
-1
0
-13
-13
-20
-21
-18
-9
-6
-1
10
2
10
6
5
4
4
9
-3
3
-8
-13
-10
-13
-7
-12
-2
2
13
18
14
15
8
4
3
-7
-12
-10
-15
-12
-12
-10
-21
-14
-14
-10
7
8
20
21
19
25
13
14
6
-4
-6
-16
-9
-15
-8
0
-4
6
10
2
10
5
9
8
12
16
1
9
-4
-15
-6
-19
-15
-7
-8
5
8
13
11
14
11
4
4
-1
-5
-2
-9
-2
-7
-15
-5
-16
-14
-5
-9
0
4
7
17
7
17
12
7
15
0
2
-13
-14
-16
-18
-6
-10
-7
3
-1
14
9
16
14
14
19
7
7
-6
-10
-14
-15
-13
-17
-12
-13
-9
-6
-9
4
4
23
29
17
29
2
-4
-3
-22
-16
-17
-12
-6
-5
6
-9
-5
8
-2
19
21
20
19
27
8
4
4
-23
-13
-24
-22
-12
-12
-2
-5
1
5
-2
14
8
7
21
9
6
6
-9
-9
-24
-23
-23
-28
-12
-4
5
7
23
13
13
20
4
5
6
0
7
-4
-5
-13
-21
-12
-22
-9
6
6
28
25
19
21
3
10
-4
-2
-1
-8
-3
-8
-9
-14
-14
-11
-2
3
4
21
11
24
16
8
7
-4
-10
-15
-12
-16
-2
-7
-5
6
3
8
14
-3
5
-4
-2
4
3
10
-6
3
-13
-17
-11
-16
-11
-6
5
6
17
22
17
5
1
-11
-5
-5
-23
-7
-23
-19
-8
-12
-10
-5
3
1
5
20
21
13
29
10
6
11
0
-6
-11
-16
-25
-10
-9
4
15
23
29
20
19
6
5
-9
-5
-14
-14
-11
-10
-12
-4
-1
-7
8
3
14
10
17
5
7
0
-5
-4
-9
-11
-22
-17
-19
-5
4
3
6
2
5
7
11
11
18
13
9
3
-9
-12
-15
-15
-4
2
-4
2
-6
-5
1
-2
-1
5
6
9
11
2
0
-7
-15
-10
-12
-10
-8
-5
5
14
14
15
7
3
4
3
6
7
8
-1
1
-1
-3
-13
-10
-12
-9
13
0
12
13
13
17
11
6
0
-3
-6
-8
-3
-6
-7
-3
-11
-14
-8
-17
-4
8
4
10
15
8
10
3
-4
1
-8
-2
-7
-8
-6
-13
-13
-14
-13
-7
-3
9
12
16
19
1
13
-1
-9
-2
-14
-9
-8
-11
-7
-6
-7
-6
1
12
19
23
22
27
18
15
4
-5
-16
-20
-22
-19
-9
0
3
4
8
-2
6
2
9
14
9
4
1
-3
-15
-15
-21
-27
-21
-15
-9
6
7
16
14
17
22
15
11
10
1
-5
0
-4
-4
-7
-7
-14
-12
-7
-1
9
15
17
16
20
16
14
12
4
-2
-8
-18
-22
-21
-22
-18
-14
-11
-12
3
3
17
23
23
23
15
12
1
-4
-8
-13
-17
-9
-12
-10
-9
-10
-3
5
13
14
17
22
16
9
3
-15
-17
-24
-26
-22
-14
-15
-7
3
-1
10
7
9
15
13
20
17
14
10
1
-12
-14
-16
-16
-13
-8
-3
0
10
12
11
13
8
8
15
9
11
7
-7
-8
-19
-24
-20
-15
-10
-6
-1
3
9
10
13
9
5
4
-3
2
-6
-12
-15
-20
-13
-9
-2
10
11
14
20
17
16
15
7
0
0
-4
-8
-6
-8
-6
-6
-8
-4
0
4
5
9
13
16
17
10
6
-1
-9
-10
-14
-15
-11
-9
-7
1
-1
-2
-1
0
-4
-1
1
0
5
2
3
-5
-6
-4
-5
-4
0
-4
1
8
9
9
7
7
-1
4
2
1
1
0
-5
-6
-4
-8
-6
-6
-6
-3
-2
2
5
5
5
4
2
3
2
0
0
-2
-1
-5
-3
-5
-5
-10
-11
-8
-6
4
8
7
11
12
8
7
0
-1
-5
-5
-2
-1
2
3
5
8
11
15
15
16
17
9
6
3
0
-4
-8
-12
-15
-15
-12
-9
-4
2
4
9
7
7
7
4
4
-2
-3
-5
-6
-7
-7
-8
-9
-9
-5
-3
3
2
4
7
6
7
3
1
-1
-4
-3
2
1
1
-3
-6
-5
-3
0
3
6
10
11
9
6
0
-1
-6
-10
-13
-16
-13
-14
-11
-6
-3
-2
1
7
10
11
13
14
10
6
1
-6
-9
-8
-13
-10
-9
-9
-8
-8
-7
-6
-4
-3
-3
-2
1
-3
-7
-9
-11
-13
-13
-6
-4
2
4
1
-1
-4
-5
-3
-2
-1
-1
-2
1
-2
-3
-2
0
2
8
11
12
13
15
15
16
21
22
24
27
29
26
20
14
7
0
-4
-8
-11
-12
-13
-12
-8
-3
0
5
12
26
36
52
65
74
85
91
94
97
96
100
99
95
91
77
67
52
27
6
-12
-26
-34
-31
-21
-9
10
28
43
59
76
85
90
82
60
25
-21
-74
-132
-188
-236
-278
-308
-323
-333
-340
-362
-401
-453
-521
-600
-696
-811
-932
-1056
-1165
-1238
-1268
-1239
-1142
-968
-725
-424
-69
313
695
1071
1407
1684
1897
2033
2083
2052
1936
1769
1570
1362
1165
984
834
713
613
540
481
419
334
192
6
-228
-521
-828
-1153
-1466
-1731
-1933
-2012
-1942
-1744
-1414
-979
-444
171
812
1442
2003
2438
2722
2833
2786
2584
2237
1791
1284
759
275
-157
-496
-738
-902
-968
-954
-862
-724
-587
-478
-439
-466
-547
-692
-864
-1048
-1231
-1373
-1465
-1491
-1442
-1331
-1170
-974
-784
-636
-552
-569
-727
-1035
-1490
-2057
-2675
-3341
-3996
-4598
-5067
-5318
-5348
-5111
-4626
-3903
-2956
-1838
-622
652
1898
3037
4029
4796
5348
5669
5778
5710
5485
5155
4784
4423
4103
3828
3582
3380
3214
3044
2831
2563
2202
1714
1098
342
-530
-1445
-2371
-3261
-4049
-4667
-5027
-5074
-4821
-4286
-3499
-2477
-1279
9
1289
2480
3497
4248
4710
4873
4754
4385
3804
3093
2365
1687
1135
752
532
478
537
681
869
1026
1078
947
617
104
-570
-1364
-2197
-2999
-3673
-4146
-4362
-4274
-3870
-3185
-2284
-1247
-138
962
1937
2692
3168
3345
3207
2805
2215
1500
751
14
-649
-1172
-1567
-1838
-2041
-2221
-2433
-2795
-3340
-4068
-4963
-5983
-7136
-8373
-9561
-10554
-11187
-11385
-11124
-10341
-9032
-7225
-4966
-2408
345
3141
5789
8186
10171
11684
12711
13178
13106
12538
11571
10373
9060
7712
6407
5180
4120
3269
2591
2056
1565
1067
520
-149
-971
-1973
-3107
-4315
-5549
-6719
-7689
-8307
-8470
-8162
-7414
-6204
-4554
-2554
-335
1920
4099
6072
7685
8853
9500
9597
9173
8241
6879
5243
3408
1550
-231
-1874
-3230
-4324
-5071
-5473
-5593
-5473
-5176
-4790
-4340
-3906
-3575
-3295
-3113
-2939
-2734
-2475
-2095
-1569
-874
-16
962
1979
2990
3881
4596
5048
5204
5023
4488
3666
2600
1416
178
-1041
-2138
-3067
-3807
-4355
-4770
-5049
-5248
-5500
-5820
-6263
-6789
-7374
-8076
-8825
-9539
-10099
-10363
-10295
-9836
-8923
-7579
-5802
-3661
-1263
1314
3922
6419
8711
10659
12193
13262
13793
13820
13331
12402
11202
9817
8362
6876
5415
4088
2935
1942
1071
286
-429
-1105
-1828
-2631
-3522
-4462
-5403
-6337
-7201
-7877
-8236
-8230
-7840
-7070
-5908
-4358
-2507
-463
1660
3764
5742
7454
8776
9639
9999
9851
9177
7975
6372
4486
2422
304
-1775
-3678
-5321
-6635
-7514
-7940
-7959
-7612
-6971
-6067
-4944
-3761
-2564
-1403
-351
587
1362
2030
2645
3172
3613
3995
4334
4677
4960
5092
5094
4918
4541
3959
3168
2234
1167
27
-1137
-2240
-3202
-4024
-4700
-5211
-5568
-5799
-5986
-6238
-6572
-6991
-7483
-8054
-8762
-9516
-10183
-10661
-10839
-10681
-10136
-9109
-7637
-5744
-3479
-979
1702
4400
6946
9257
11180
12676
13703
14161
14072
13458
12429
11138
9665
8082
6460
4894
3500
2299
1239
297
-514
-1195
-1804
-2443
-3133
-3823
-4516
-5240
-5977
-6637
-7078
-7231
-7103
-6692
-5969
-4878
-3438
-1769
43
1929
3858
5683
7278
8536
9370
9780
9674
9055
7921
6351
4489
2354
129
-2053
-4157
-5964
-7450
-8523
-9085
-9228
-8901
-8171
-7110
-5785
-4325
-2814
-1293
111
1364
2472
3393
4180
4771
5170
5449
5609
5668
5602
5417
5112
4670
4091
3362
2564
1698
744
-249
-1244
-2155
-2938
-3653
-4277
-4806
-5248
-5621
-6030
-6545
-7115
-7734
-8384
-9081
-9856
-10555
-11074
-11327
-11252
-10841
-10021
-8745
-7042
-4969
-2592
-24
2670
5332
7813
10005
11793
13159
14038
14359
14115
13381
12299
10981
9458
7782
6097
4522
3122
1889
774
-186
-967
-1644
-2273
-2932
-3593
-4199
-4814
-5443
-6072
-6572
-6817
-6808
-6565
-6069
-5222
-4029
-2547
-882
916
2802
4650
6350
7805
8965
9753
10078
9867
9149
7995
6434
4512
2300
-37
-2317
-4468
-6392
-7975
-9119
-9759
-9945
-9646
-8870
-7701
-6255
-4664
-2987
-1304
292
1725
2956
3957
4706
5224
5553
5743
5784
5684
5496
5266
4993
4617
4114
3491
2786
1979
1043
28
-993
-1959
-2851
-3698
-4464
-5106
-5630
-6043
-6433
-6902
-7406
-7937
-8467
-9022
-9733
-10447
-11020
-11387
-11436
-11190
-10558
-9455
-7941
-6003
-3716
-1207
1463
4168
6765
9133
11116
12705
13866
14467
14470
13919
12980
11809
10421
8845
7189
5610
4219
2985
1855
858
33
-662
-1327
-2042
-2754
-3441
-4165
-4941
-5774
-6484
-6925
-7103
-7028
-6741
-6126
-5080
-3694
-2081
-328
1525
3419
5205
6774
8074
9063
9613
9617
9094
8122
6812
5137
3058
783
-1530
-3755
-5764
-7560
-8954
-9871
-10379
-10329
-9749
-8701
-7261
-5615
-3762
-1784
124
1901
3485
4793
5815
6485
6857
7043
6957
6631
6151
5569
5001
4357
3621
2865
2094
1318
502
-348
-1192
-2003
-2763
-3455
-4093
-4688
-5198
-5620
-6025
-6543
-7191
-7855
-8488
-9134
-9872
-10638
-11223
-11561
-11580
-11250
-10547
-9384
-7785
-5781
-3422
-841
1844
4549
7135
9442
11361
12838
13882
14412
14339
13694
12643
11389
9966
8365
6675
5063
3681
2483
1399
439
-339
-946
-1504
-2112
-2722
-3254
-3787
-4432
-5187
-5870
-6300
-6485
-6470
-6243
-5716
-4779
-3515
-2016
-380
1351
3124
4829
6334
7563
8503
9044
9110
8675
7796
6576
4989
3076
919
-1337
-3505
-5551
-7355
-8830
-9915
-10498
-10572
-10101
-9110
-7750
-6082
-4190
-2166
-85
1869
3610
5123
6328
7208
7794
8096
8154
7942
7466
6870
6188
5401
4499
3467
2395
1310
180
-949
-2046
-3081
-4015
-4885
-5668
-6299
-6755
-7072
-7369
-7763
-8209
-8630
-9032
-9455
-10002
-10579
-11033
-11262
-11181
-10815
-10153
-9086
-7599
-5727
-3525
-1108
1473
4103
6613
8882
10822
12392
13579
14260
14371
13943
13106
12039
10757
9244
7597
5995
4569
3275
2042
923
-9
-772
-1506
-2280
-3025
-3661
-4230
-4870
-5576
-6148
-6431
-6480
-6355
-6013
-5327
-4240
-2868
-1326
325
2082
3886
5562
7012
8185
9067
9613
9662
9140
8204
6967
5431
3547
1266
-1065
-3258
-5355
-7251
-8950
-10225
-10950
-11272
-10989
-10127
-8852
-7198
-5374
-3279
-983
1151
3160
4940
6389
7511
8190
8527
8638
8330
7667
6816
5868
4982
3979
2838
1710
594
-423
-1379
-2320
-3148
-3905
-4602
-5191
-5697
-6114
-6440
-6706
-6946
-7336
-7871
-8365
-8793
-9278
-9940
-10672
-11156
-11328
-11207
-10784
-10044
-8840
-7199
-5202
-2895
-419
2186
4845
7372
9617
11485
12977
14091
14653
14535
13899
12948
11767
10342
8630
6859
5256
3816
2511
1291
257
-503
-1132
-1742
-2337
-2850
-3268
-3769
-4419
-5074
-5573
-5866
-6025
-6062
-5850
-5271
-4308
-3041
-1616
-29
1708
3503
5168
6555
7726
8655
9170
9149
8642
7755
6588
5039
3055
851
-1378
-3524
-5568
-7470
-9035
-10150
-10840
-11010
-10608
-9680
-8308
-6631
-4667
-2469
-235
1907
3869
5579
6957
7963
8643
9032
9080
8747
8155
7426
6591
5612
4489
3305
2122
939
-261
-1450
-2600
-3697
-4715
-5580
-6270
-6812
-7275
-7621
-7764
-7842
-8045
-8363
-8649
-8842
-9112
-9617
-10204
-10603
-10747
-10687
-10430
-9887
-8899
-7441
-5598
-3452
-1111
1406
4042
6601
8912
10907
12577
13866
14550
14556
14049
13190
12053
10567
8796
6958
5253
3718
2276
939
-161
-967
-1592
-2164
-2658
-3023
-3320
-3679
-4152
-4633
-5008
-5252
-5358
-5336
-5149
-4655
-3790
-2655
-1363
63
1692
3458
5095
6463
7626
8582
9140
9139
8661
7880
6794
5235
3280
1199
-927
-3059
-5202
-7174
-8724
-9912
-10672
-10894
-10597
-9742
-8457
-6806
-4763
-2552
-280
1968
4020
5843
7309
8372
9099
9404
9312
8874
8137
7246
6199
4975
3667
2335
1038
-222
-1510
-2704
-3787
-4781
-5641
-6375
-6878
-7182
-7400
-7488
-7404
-7185
-7020
-7100
-7270
-7406
-7603
-8005
-8695
-9406
-9874
-10106
-10137
-9952
-9365
-8220
-6643
-4737
-2537
-97
2526
5129
7525
9681
11557
13046
14011
14328
14088
13423
12379
11010
9381
7607
5879
4265
2793
1529
452
-418
-1070
-1575
-1958
-2279
-2589
-2866
-3206
-3654
-4136
-4565
-4837
-4995
-5071
-4929
-4419
-3539
-2431
-1166
301
1942
3616
5164
6528
7689
8505
8809
8639
8064
7104
5735
3964
1930
-216
-2425
-4568
-6527
-8209
-9479
-10303
-10646
-10444
-9720
-8495
-6826
-4913
-2819
-590
1644
3756
5531
6964
8103
8844
9182
9120
8726
8077
7200
6152
4978
3743
2482
1221
-48
-1315
-2481
-3552
-4560
-5462
-6197
-6709
-7008
-7131
-7051
-6793
-6407
-5941
-5557
-5394
-5432
-5560
-5790
-6316
-7221
-8231
-9038
-9622
-10071
-10293
-10045
-9204
-7875
-6139
-3996
-1500
1199
3910
6508
8905
11009
12707
13872
14378
14244
13628
12659
11376
9769
7976
6219
4630
3210
1966
931
137
-418
-834
-1187
-1512
-1825
-2161
-2609
-3211
-3888
-4516
-5027
-5433
-5752
-5848
-5559
-4868
-3899
-2714
-1258
478
2305
3994
5498
6865
7980
8632
8744
8391
7681
6566
4984
3067
956
-1231
-3363
-5402
-7192
-8593
-9576
-10040
-9999
-9452
-8341
-6837
-5069
-3081
-991
1143
3144
4812
6175
7201
7866
8214
8174
7795
7168
6327
5395
4383
3278
2167
1070
-21
-1057
-2072
-3004
-3838
-4652
-5360
-5940
-6309
-6396
-6348
-6246
-6027
-5644
-5152
-4851
-4860
-4970
-5126
-5478
-6201
-7211
-8109
-8787
-9371
-9798
-9898
-9448
-8428
-7001
-5173
-2972
-512
2115
4720
7177
9413
11292
12751
13692
14017
13812
13179
12185
10901
9351
7671
6059
4588
3288
2154
1154
336
-302
-814
-1264
-1730
-2199
-2668
-3198
-3825
-4483
-5014
-5386
-5694
-5893
-5834
-5376
-4559
-3573
-2402
-962
656
2300
3819
5234
6539
7495
7994
8077
7808
7176
6034
4417
2583
635
-1382
-3424
-5361
-6909
-8065
-8857
-9214
-9053
-8348
-7217
-5816
-4192
-2374
-484
1376
3032
4437
5586
6436
7000
7242
7155
6831
6315
5628
4801
3860
2857
1805
721
-367
-1422
-2442
-3381
-4198
-4911
-5498
-5885
-6004
-5867
-5584
-5216
-4714
-4076
-3419
-2921
-2769
-2899
-3184
-3691
-4521
-5695
-7023
-8219
-9240
-10091
-10588
-10592
-10019
-8908
-7334
-5279
-2828
-183
2562
5242
7693
9849
11598
12904
13671
13790
13405
12666
11632
10329
8797
7225
5811
4564
3442
2425
1563
922
429
-57
-585
-1157
-1704
-2310
-3100
-3981
-4807
-5469
-6012
-6461
-6666
-6454
-5828
-4908
-3804
-2430
-740
1077
2804
4376
5817
7043
7856
8186
8124
7711
6906
5690
4177
2538
782
-1118
-2972
-4579
-5908
-6978
-7752
-8070
-7908
-7383
-6506
-5274
-3799
-2217
-634
984
2569
3915
4939
5645
6064
6217
6043
5582
4916
4093
3176
2161
1084
68
-851
-1723
-2581
-3377
-3978
-4375
-4671
-4887
-4941
-4812
-4522
-4136
-3725
-3286
-2828
-2413
-2126
-2130
-2434
-2888
-3510
-4379
-5508
-6805
-7983
-8927
-9650
-10064
-10143
-9763
-8773
-7284
-5429
-3324
-996
1610
4231
6580
8659
10487
12003
13017
13358
13223
12790
12037
10947
9548
8055
6693
5443
4235
3099
2113
1373
809
256
-338
-936
-1504
-2096
-2839
-3738
-4630
-5389
-6019
-6572
-6968
-7017
-6630
-5894
-4906
-3654
-2099
-328
1509
3255
4840
6236
7342
8087
8389
8233
7735
6887
5692
4217
2537
853
-786
-2413
-3856
-5047
-5935
-6470
-6742
-6651
-6175
-5489
-4574
-3497
-2289
-964
263
1376
2415
3256
3907
4324
4465
4459
4248
3832
3299
2640
1938
1193
368
-439
-1220
-1966
-2624
-3251
-3815
-4255
-4560
-4680
-4630
-4451
-4084
-3562
-3014
-2422
-1833
-1301
-969
-1059
-1430
-1900
-2602
-3672
-5112
-6618
-7867
-8954
-9874
-10466
-10561
-10005
-8938
-7437
-5458
-3107
-474
2239
4811
7210
9358
11126
12394
13015
13072
12751
12079
11075
9767
8300
6939
5742
4660
3693
2865
2271
1850
1394
858
283
-307
-991
-1922
-3047
-4186
-5224
-6148
-7003
-7649
-7868
-7571
-6848
-5824
-4491
-2767
-772
1248
3095
4782
6361
7645
8418
8673
8546
8125
7354
6191
4790
3308
1806
314
-1148
-2461
-3540
-4435
-5120
-5572
-5774
-5684
-5410
-5013
-4462
-3783
-2951
-2062
-1204
-335
504
1312
2064
2669
3118
3402
3549
3559
3361
2974
2428
1739
938
23
-924
-1835
-2709
-3511
-4181
-4645
-4852
-4817
-4561
-4066
-3348
-2522
-1689
-854
-70
529
708
377
-226
-1017
-2126
-3659
-5519
-7297
-8737
-9948
-10903
-11421
-11264
-10334
-8902
-7053
-4732
-2034
887
3694
6192
8487
10487
12007
12889
13080
12856
12370
11547
10427
9097
7780
6678
5705
4794
3968
3279
2758
2245
1554
698
-238
-1257
-2461
-3892
-5362
-6664
-7698
-8475
-8967
-9028
-8552
-7510
-6029
-4309
-2372
-205
2024
4071
5744
7071
8143
8769
8823
8466
7858
7080
6057
4795
3541
2347
1128
-86
-1266
-2349
-3360
-4373
-5291
-6060
-6703
-7170
-7443
-7436
-7089
-6444
-5487
-4248
-2802
-1187
469
2068
3548
4777
5678
6194
6296
6020
5401
4472
3304
1985
621
-673
-1816
-2752
-3426
-3822
-3966
-3830
-3439
-2868
-2183
-1475
-771
-89
403
675
799
709
361
-385
-1492
-2620
-3794
-5161
-6697
-8280
-9509
-10343
-10995
-11262
-11058
-10309
-8980
-7345
-5332
-2909
-395
2152
4532
6663
8669
10277
11395
12047
12211
12085
11672
10958
10091
9049
7969
6952
5961
5074
4207
3349
2533
1661
756
-226
-1294
-2356
-3503
-4667
-5732
-6621
-7187
-7484
-7553
-7242
-6496
-5314
-3868
-2362
-658
1218
3011
4566
5796
6870
7791
8282
8322
8029
7593
7065
6208
5036
3789
2548
1305
-106
-1659
-3111
-4449
-5732
-6910
-7914
-8577
-8921
-8984
-8606
-7819
-6640
-5140
-3498
-1703
128
1877
3489
4727
5542
5957
5954
5635
4979
4007
2864
1610
419
-597
-1462
-2137
-2608
-2808
-2757
-2617
-2378
-1943
-1455
-1039
-750
-513
-182
16
-37
-131
-277
-512
-996
-1837
-2643
-3446
-4509
-5789
-7241
-8457
-9230
-9930
-10465
-10578
-10136
-8994
-7516
-5751
-3512
-1018
1610
4120
6353
8461
10239
11499
12215
12359
12140
11620
10772
9715
8498
7297
6224
5272
4488
3768
3071
2426
1748
1020
142
-911
-2019
-3202
-4451
-5674
-6733
-7405
-7703
-7720
-7357
-6502
-5120
-3412
-1645
191
2103
3912
5396
6444
7199
7722
7840
7505
6864
6158
5438
4557
3523
2493
1552
642
-393
-1531
-2679
-3857
-5064
-6286
-7358
-8134
-8645
-8844
-8671
-8031
-6875
-5370
-3639
-1758
162
2039
3699
5013
5926
6354
6317
5866
5098
4142
3025
1842
742
-174
-822
-1229
-1437
-1459
-1377
-1240
-1057
-914
-865
-950
-1183
-1434
-1675
-1915
-2109
-2291
-2343
-2273
-2258
-2360
-2616
-2930
-3346
-4111
-5193
-6419
-7538
-8468
-9335
-9935
-10057
-9598
-8524
-7015
-5057
-2640
-46
2576
5046
7252
9160
10558
11383
11683
11479
10921
10131
9203
8263
7311
6455
5796
5314
4959
4592
4147
3635
2937
2009
853
-502
-1935
-3409
-4874
-6141
-7076
-7516
-7463
-7036
-6174
-4861
-3190
-1367
381
2056
3589
4790
5572
5957
6122
6084
5729
5149
4579
4142
3737
3255
2748
2310
1832
1089
77
-1111
-2459
-3950
-5605
-7239
-8624
-9691
-10268
-10291
-9747
-8591
-6950
-4877
-2485
-43
2252
4183
5651
6647
7075
6907
6249
5258
4085
2821
1608
632
-53
-479
-723
-787
-672
-534
-520
-654
-935
-1321
-1849
-2484
-3058
-3439
-3571
-3460
-3126
-2568
-1773
-820
51
689
934
711
149
-831
-2266
-4012
-5982
-7798
-9229
-10285
-10777
-10688
-9891
-8303
-6236
-3828
-1216
1391
3901
5981
7507
8579
9204
9435
9218
8679
8112
7629
7313
7110
6985
7063
7230
7380
7371
7000
6340
5370
4015
2311
340
-1632
-3420
-5025
-6360
-7269
-7549
-7195
-6440
-5395
-4095
-2605
-1080
235
1278
2074
2611
2889
2921
2843
2837
2947
3143
3402
3763
4269
4814
5174
5184
4829
4141
3016
1417
-580
-2791
-4954
-6982
-8738
-10016
-10670
-10565
-9755
-8418
-6595
-4406
-2059
239
2224
3794
4906
5541
5719
5411
4763
3977
3178
2435
1748
1202
877
720
638
505
284
10
-392
-954
-1642
-2389
-3048
-3597
-3976
-4078
-3886
-3342
-2543
-1580
-533
416
1266
1908
2156
1927
1096
-105
-1475
-3118
-4942
-6829
-8467
-9513
-10131
-10350
-10044
-9184
-7715
-5968
-4164
-2243
-292
1603
3189
4340
5266
6061
6767
7295
7583
7898
8330
8865
9368
9627
9789
9862
9665
9111
8078
6768
5354
3715
1899
6
-1704
-3013
-4017
-4787
-5304
-5455
-5175
-4677
-4168
-3660
-3108
-2448
-1835
-1371
-917
-348
369
1088
1738
2487
3378
4268
4965
5383
5677
5799
5539
4893
3919
2796
1548
-10
-1671
-3211
-4571
-5708
-6699
-7403
-7706
-7679
-7322
-6666
-5758
-4639
-3425
-2142
-885
293
1383
2294
2990
3382
3502
3488
3302
2980
2501
1856
1248
731
296
-48
-373
-592
-642
-645
-626
-581
-524
-469
-508
-609
-676
-680
-620
-534
-376
-118
123
374
620
773
760
314
-479
-1346
-2375
-3662
-5255
-6981
-8334
-9277
-9985
-10362
-10232
-9386
-8033
-6469
-4689
-2668
-473
1548
3142
4460
5601
6627
7402
7779
8039
8346
8709
9073
9286
9439
9586
9563
9213
8469
7459
6271
4834
3085
1131
-714
-2252
-3555
-4645
-5469
-5909
-5869
-5554
-5132
-4585
-3907
-3137
-2444
-1934
-1437
-824
-128
480
975
1581
2386
3273
4035
4592
5119
5573
5781
5685
5268
4709
3952
2834
1506
68
-1322
-2687
-4186
-5595
-6705
-7480
-7882
-8017
-7807
-7161
-6190
-4944
-3582
-2144
-715
516
1510
2189
2613
2821
2758
2534
2195
1849
1644
1551
1567
1655
1797
2006
2153
2140
1969
1644
1198
612
-72
-701
-1196
-1519
-1632
-1533
-1179
-629
-31
516
895
1174
1275
947
146
-1099
-2448
-3747
-5260
-6897
-8426
-9546
-10077
-10320
-10262
-9708
-8681
-7296
-5861
-4374
-2706
-1007
560
1810
2901
4069
5175
6187
7041
7805
8690
9479
10078
10490
10655
10665
10350
9578
8511
7241
5890
4435
2829
1243
-189
-1382
-2376
-3226
-3890
-4418
-4805
-5056
-5235
-5307
-5298
-5171
-4873
-4485
-3945
-3135
-2056
-802
442
1664
2958
4206
5257
5972
6390
6641
6618
6307
5775
5122
4469
3668
2689
1608
417
-766
-2069
-3563
-5061
-6513
-7736
-8657
-9338
-9542
-9239
-8435
-7208
-5750
-4078
-2295
-553
972
2081
2893
3432
3695
3779
3649
3519
3459
3427
3483
3549
3641
3687
3560
3264
2750
2096
1372
577
-198
-918
-1449
-1698
-1763
-1606
-1293
-886
-438
-153
-59
-117
-316
-754
-1558
-2686
-3905
-4966
-5971
-7071
-8119
-8944
-9339
-9352
-9204
-8818
-8097
-7097
-5900
-4614
-3266
-1761
-150
1360
2748
4104
5422
6716
7862
8739
9487
10106
10488
10666
10605
10308
9845
9110
8117
6976
5691
4314
2889
1406
-85
-1525
-2815
-3924
-4861
-5641
-6263
-6625
-6751
-6728
-6499
-6031
-5317
-4422
-3420
-2239
-859
610
2024
3352
4653
5825
6719
7280
7570
7714
7636
7227
6550
5769
4952
3985
2781
1393
-78
-1584
-3250
-5070
-6788
-8285
-9462
-10291
-10777
-10719
-10088
-8975
-7452
-5671
-3752
-1816
-15
1548
2801
3771
4431
4821
5008
4989
4949
4938
4904
4846
4658
4401
4116
3691
3139
2427
1651
867
41
-709
-1310
-1701
-1893
-1994
-1973
-1837
-1624
-1414
-1365
-1422
-1613
-1879
-2165
-2588
-3032
-3540
-4137
-4603
-5089
-5670
-6275
-6978
-7493
-7740
-7900
-7874
-7569
-6868
-5765
-4409
-2863
-1132
744
2509
4015
5360
6455
7360
8021
8347
8610
8836
8998
9150
9162
9044
8822
8355
7602
6523
5173
3679
2069
405
-1285
-2822
-4031
-4944
-5551
-5932
-6072
-5912
-5599
-5209
-4723
-4115
-3339
-2474
-1554
-484
776
2188
3546
4771
5897
6822
7476
7696
7506
7127
6515
5668
4654
3591
2657
1723
678
-424
-1572
-2749
-4100
-5634
-7149
-8524
-9601
-10285
-10509
-10164
-9264
-7835
-5954
-3839
-1712
228
1894
3213
4078
4530
4657
4578
4422
4223
4102
4162
4374
4610
4728
4663
4447
4026
3289
2271
1150
91
-893
-1743
-2347
-2618
-2584
-2443
-2254
-1965
-1699
-1559
-1634
-1855
-2078
-2352
-2610
-2801
-2930
-2976
-3076
-3215
-3325
-3618
-4163
-4961
-5840
-6497
-6996
-7367
-7450
-7093
-6217
-5001
-3583
-2019
-390
1189
2483
3513
4383
5085
5728
6225
6634
7157
7738
8348
8867
9140
9158
8853
8230
7262
5937
4410
2782
1230
-183
-1449
-2402
-3048
-3459
-3698
-3873
-3937
-3893
-3833
-3805
-3757
-3501
-2968
-2207
-1257
-138
1183
2581
3844
4921
5751
6249
6361
6080
5541
4893
4195
3460
2750
2143
1675
1248
677
-95
-1039
-2156
-3506
-5145
-6913
-8483
-9635
-10270
-10370
-9940
-8916
-7334
-5379
-3302
-1314
435
1886
2988
3691
4122
4452
4682
4839
4960
5136
5468
5771
5834
5614
5129
4444
3575
2517
1368
265
-689
-1438
-1959
-2225
-2305
-2321
-2348
-2438
-2553
-2686
-2885
-3116
-3277
-3321
-3251
-3022
-2584
-2049
-1578
-1379
-1484
-1665
-2011
-2751
-3873
-5175
-6232
-6895
-7301
-7464
-7223
-6464
-5335
-4049
-2790
-1540
-213
931
1723
2380
3074
3988
4985
5785
6580
7535
8528
9314
9644
9551
9163
8498
7470
6148
4778
3493
2370
1370
430
-311
-804
-1203
-1714
-2401
-3076
-3599
-4010
-4363
-4599
-4458
-3863
-2980
-1892
-665
728
2191
3437
4284
4835
5258
5495
5401
5008
4529
4148
3783
3279
2684
2128
1577
828
-240
-1483
-2710
-3916
-5259
-6783
-8147
-9034
-9432
-9450
-9189
-8532
-7342
-5816
-4165
-2476
-776
874
2326
3518
4485
5361
6123
6600
6790
6811
6772
6652
6259
5576
4767
3905
2987
1963
898
-50
-862
-1600
-2302
-2872
-3231
-3475
-3733
-3991
-4112
-4052
-3909
-3731
-3488
-3088
-2537
-2031
-1556
-1010
-421
54
165
-93
-480
-867
-1492
-2575
-3938
-5233
-6184
-6834
-7391
-7706
-7576
-7033
-6189
-5179
-4035
-2754
-1453
-314
635
1630
2759
3917
4982
5860
6745
7759
8688
9355
9676
9697
9472
8944
8155
7208
6222
5240
4173
3070
2003
1069
231
-680
-1680
-2691
-3547
-4223
-4733
-5019
-5068
-4830
-4295
-3547
-2556
-1397
-244
809
1677
2423
3077
3574
3906
4097
4185
4214
4179
4096
3925
3609
3122
2428
1582
573
-574
-1789
-3106
-4438
-5725
-6906
-7767
-8207
-8221
-7850
-7145
-6061
-4637
-3019
-1402
108
1490
2683
3663
4445
5014
5406
5630
5654
5489
5172
4793
4363
3796
3075
2258
1464
728
-31
-804
-1542
-2187
-2712
-3174
-3544
-3749
-3793
-3721
-3581
-3305
-2862
-2279
-1702
-1230
-782
-425
-186
-15
55
75
-3
-245
-623
-1096
-1611
-2281
-3220
-4369
-5563
-6510
-7175
-7653
-7863
-7757
-7218
-6309
-5221
-4005
-2794
-1606
-415
719
1853
2949
4017
5113
6191
7267
8258
9084
9725
10048
10042
9663
8977
8139
7173
6145
5049
3942
2959
2049
1202
319
-628
-1522
-2369
-3125
-3793
-4341
-4634
-4660
-4420
-3981
-3397
-2642
-1811
-956
-192
429
990
1487
1932
2281
2512
2723
2917
3074
3114
2971
2679
2264
1793
1230
557
-129
-768
-1302
-1745
-2164
-2509
-2765
-2946
-3074
-3150
-3086
-2871
-2563
-2187
-1765
-1271
-750
-304
36
276
453
584
644
614
507
360
165
-64
-299
-534
-728
-868
-976
-1026
-1029
-1029
-1005
-963
-900
-795
-667
-553
-435
-318
-239
-177
-140
-118
-50
55
165
240
259
255
206
75
-151
-426
-642
-784
-858
-895
-907
-851
-742
-615
-500
-424
-365
-321
-296
-271
-254
-254
-296
-372
-443
-481
-499
-519
-519
-460
-327
-157
19
190
320
418
491
521
544
560
564
585
621
677
766
845
896
913
923
953
1003
1079
1155
1246
1386
1535
1658
1714
1709
1680
1622
1529
1369
1193
1082
1029
1001
954
916
941
1009
1066
1096
1129
1175
1202
1206
1200
1219
1259
1254
1200
1144
1128
1147
1131
1036
890
735
553
293
-67
-510
-966
-1414
-1872
-2313
-2701
-2999
-3211
-3358
-3436
-3455
-3428
-3368
-3280
-3144
-2953
-2702
-2403
-2061
-1674
-1261
-845
-477
-180
58
241
384
465
483
494
509
531
551
567
592
608
590
543
472
380
268
148
59
32
60
115
195
296
394
467
502
521
529
510
461
417
406
427
440
417
372
329
287
222
121
13
-95
-222
-373
-528
-658
-765
-878
-1001
-1104
-1165
-1197
-1221
-1254
-1293
-1315
-1314
-1309
-1294
-1270
-1242
-1203
-1141
-1053
-913
-730
-536
-334
-134
64
249
396
504
603
693
767
853
958
1090
1239
1378
1508
1640
1765
1869
1968
2070
2166
2272
2385
2524
2704
2892
3063
3208
3309
3377
3397
3337
3195
2979
2733
2472
2188
1898
1602
1317
1035
747
468
181
-116
-436
-774
-1089
-1381
-1637
-1846
-2024
-2159
-2259
-2312
-2333
-2367
-2399
-2423
-2434
-2452
-2505
-2558
-2575
-2546
-2492
-2418
-2305
-2163
-2008
-1869
-1765
-1693
-1654
-1643
-1659
-1663
-1622
-1540
-1430
-1308
-1168
-988
-787
-588
-401
-222
-51
104
255
411
579
730
853
967
1071
1164
1233
1243
1203
1115
986
843
698
573
478
406
343
308
324
356
372
349
295
252
205
125
35
-40
-77
-72
-53
-20
56
170
277
328
318
274
204
87
-92
-293
-480
-624
-719
-785
-787
-717
-598
-466
-353
-244
-129
-18
70
145
240
374
536
713
898
1082
1248
1389
1497
1577
1639
1674
1686
1688
1685
1688
1708
1736
1748
1736
1707
1668
1609
1512
1373
1206
1033
882
760
659
595
556
524
497
461
401
300
157
-12
-181
-346
-517
-686
-826
-918
-977
-1025
-1061
-1085
-1118
-1172
-1262
-1378
-1504
-1633
-1768
-1889
-1969
-2001
-1993
-1961
-1907
-1825
-1725
-1620
-1509
-1410
-1316
-1226
-1151
-1062
-959
-844
-726
-616
-515
-428
-359
-318
-314
-335
-366
-399
-420
-426
-402
-356
-289
-204
-113
-19
61
117
160
199
238
273
309
369
463
577
684
782
873
956
1016
1021
989
934
855
760
651
537
442
371
315
275
261
277
318
351
361
368
372
368
358
343
340
362
395
439
503
580
661
723
775
814
842
855
843
808
758
701
643
576
504
422
355
292
216
133
42
-38
-96
-138
-167
-164
-123
-63
8
79
141
192
210
201
169
112
42
-25
-79
-124
-156
-174
-175
-163
-156
-174
-200
-224
-239
-250
-254
-243
-230
-229
-245
-276
-301
-314
-323
-326
-310
-271
-222
-198
-208
-241
-288
-350
-430
-516
-590
-660
-758
-906
-1072
-1193
-1222
-1141
-996
-822
-646
-499
-421
-451
-578
-744
-865
-860
-722
-498
-268
-90
18
51
5
-112
-233
-271
-167
76
388
663
827
867
796
660
474
274
125
96
179
306
390
400
353
282
222
172
148
153
188
237
290
319
311
290
296
356
443
518
557
583
605
600
559
506
483
503
541
557
539
477
388
290
188
107
27
-36
-59
-46
12
76
124
146
145
122
94
61
21
6
30
84
127
132
105
53
-34
-148
-264
-357
-383
-350
-298
-249
-211
-196
-185
-175
-164
-142
-127
-127
-118
-99
-79
-54
-19
37
119
197
234
224
176
105
1
-118
-218
-264
-259
-263
-294
-361
-429
-465
-517
-578
-621
-648
-623
-587
-569
-535
-488
-390
-256
-113
18
118
188
234
278
305
297
288
303
318
306
237
107
-25
-133
-206
-255
-296
-311
-323
-322
-309
-300
-284
-237
-159
-68
25
91
127
163
221
309
391
453
482
466
435
373
279
201
168
168
162
112
13
-96
-158
-157
-104
-29
18
46
43
6
-21
-39
0
131
286
417
463
412
332
242
178
160
183
264
340
395
410
373
323
242
150
60
-36
-128
-196
-186
-128
-50
12
26
14
-39
-125
-222
-289
-278
-184
-56
60
116
110
56
-31
-110
-172
-209
-195
-163
-129
-142
-232
-358
-484
-558
-588
-603
-612
-598
-532
-427
-311
-222
-183
-138
-85
-27
31
47
80
189
343
487
550
555
537
510
468
360
228
143
125
123
70
-53
-208
-299
-311
-294
-249
-224
-190
-127
-75
-20
31
96
173
224
250
241
242
281
354
463
559
610
612
549
435
306
188
94
53
57
76
76
8
-114
-272
-439
-578
-718
-821
-866
-856
-786
-687
-559
-437
-384
-396
-435
-430
-389
-335
-293
-261
-199
-125
-24
78
183
280
377
402
339
206
35
-55
-45
56
187
285
366
384
313
193
64
-4
20
121
243
316
334
325
308
351
390
390
408
387
378
351
270
183
116
131
177
193
178
99
-9
-124
-208
-220
-167
-83
-23
4
-5
-61
-127
-185
-192
-125
-67
-41
-56
-71
-32
27
75
79
22
-74
-147
-191
-242
-293
-331
-308
-241
-202
-229
-327
-431
-477
-457
-371
-216
-44
107
219
276
285
254
251
302
409
519
589
633
660
678
633
570
508
458
417
325
199
42
-120
-247
-323
-297
-249
-198
-210
-331
-487
-695
-833
-840
-762
-610
-458
-306
-167
-101
-68
-79
-115
-137
-145
-124
-53
44
141
192
227
243
212
130
3
-136
-229
-266
-270
-240
-186
-139
-123
-141
-212
-305
-373
-364
-285
-182
-67
39
143
238
295
272
221
210
191
208
231
229
236
227
194
166
147
136
155
165
140
80
22
4
16
33
76
110
152
190
169
140
86
42
40
67
103
120
99
35
-44
-108
-159
-175
-171
-187
-199
-245
-284
-262
-249
-197
-132
-68
7
44
56
21
15
87
173
255
313
337
361
365
360
331
341
390
414
390
292
189
120
82
116
163
173
159
82
-9
-128
-227
-268
-277
-228
-148
-36
67
95
93
61
63
139
182
192
154
162
195
217
227
224
308
399
403
267
38
-157
-286
-307
-305
-326
-320
-363
-381
-414
-519
-607
-705
-727
-697
-701
-695
-721
-668
-527
-382
-232
-180
-183
-192
-249
-299
-363
-318
-145
53
241
286
222
100
-41
-111
-123
-95
-44
-42
-47
-39
-68
-98
-116
-126
-30
71
110
78
-6
10
63
160
227
208
209
226
294
340
320
333
363
390
347
252
180
169
242
289
305
328
323
333
333
340
344
360
380
312
269
211
172
224
275
322
304
282
262
161
26
-161
-302
-333
-325
-272
-214
-149
-80
-61
-100
-190
-322
-424
-455
-390
-242
-111
-13
46
88
122
113
85
81
88
101
126
167
192
240
305
372
439
442
341
153
12
-88
-172
-234
-239
-178
-45
81
120
89
-3
-97
-210
-361
-517
-639
-605
-444
-196
82
232
305
259
106
-92
-303
-374
-308
-168
17
118
207
271
204
104
-59
-245
-418
-606
-695
-700
-595
-388
-230
-85
-35
-128
-258
-418
-589
-694
-690
-555
-346
-128
36
121
203
250
171
34
-149
-248
-187
-35
168
300
409
473
481
401
267
111
-5
-20
9
108
236
360
509
582
558
450
247
115
20
16
113
227
377
509
523
470
309
97
-93
-201
-162
-82
10
94
147
140
100
45
-13
-53
-48
-17
19
56
64
112
195
267
334
337
345
376
394
432
401
325
248
173
144
156
165
144
120
61
-42
-179
-336
-457
-510
-492
-442
-425
-429
-404
-391
-401
-468
-544
-542
-469
-351
-229
-146
-108
-79
-66
-30
9
35
60
60
98
158
143
153
160
152
139
2
-144
-234
-245
-190
-110
-28
10
1
-73
-215
-347
-436
-468
-428
-300
-209
-153
-98
-84
-43
-47
-94
-117
-139
-141
-156
-155
-49
91
241
302
311
279
180
104
-9
-49
19
149
280
384
452
425
387
263
76
-55
-177
-252
-233
-192
-82
82
195
248
148
-38
-266
-474
-513
-492
-332
-78
106
265
316
267
190
88
19
5
62
211
372
586
827
961
982
893
727
532
382
266
236
290
377
455
480
417
270
95
-127
-310
-464
-545
-563
-561
-515
-470
-412
-372
-396
-456
-538
-594
-560
-488
-388
-266
-138
-35
30
22
-39
-59
-55
-45
-44
-49
-39
-23
26
57
32
5
-40
-107
-190
-252
-288
-267
-198
-123
-56
-3
22
25
20
-17
-55
-83
-62
-14
39
89
107
139
186
180
149
113
48
-2
-38
-34
27
127
200
233
241
227
193
161
151
147
171
184
144
91
96
153
243
330
332
278
174
-6
-193
-335
-372
-320
-198
-95
-25
-4
-46
-148
-311
-411
-446
-394
-278
-185
-82
31
146
218
222
178
122
61
29
9
35
134
232
343
397
382
322
210
75
-54
-193
-239
-224
-175
-105
-58
8
23
-4
-61
-139
-178
-170
-127
-62
16
80
119
161
166
136
104
41
-15
-52
-70
-77
-54
-1
41
54
30
-26
-92
-158
-210
-219
-215
-197
-166
-129
-82
-29
-14
-28
-67
-120
-194
-232
-261
-250
-188
-103
-1
45
50
26
-17
-55
-105
-126
-85
-15
87
175
229
248
254
259
244
204
153
117
114
132
139
154
175
199
229
218
170
105
38
-15
-69
-109
-139
-127
-62
31
129
159
185
175
125
65
-35
-115
-110
-55
28
122
187
230
235
208
120
-3
-101
-158
-157
-109
-76
-37
2
25
30
-31
-136
-281
-393
-395
-329
-215
-93
-21
17
8
-34
-116
-238
-296
-268
-149
12
143
229
249
213
143
39
-49
-73
-42
77
211
276
298
263
200
106
-21
-125
-177
-133
-39
46
108
122
91
42
-23
-125
-218
-265
-258
-201
-101
-17
57
101
86
24
-65
-147
-198
-196
-146
-63
32
95
124
121
109
93
46
-39
-134
-198
-225
-218
-165
-71
26
98
103
25
-74
-168
-251
-259
-205
-130
-22
80
150
177
165
135
76
25
-9
-32
-19
14
74
145
231
282
263
196
85
-24
-92
-95
-10
112
236
347
381
350
249
110
11
-19
24
101
207
294
325
323
261
161
83
22
-30
-61
-67
-56
-19
24
44
43
22
-28
-98
-163
-216
-234
-218
-175
-125
-102
-98
-116
-149
-193
-209
-205
-200
-175
-162
-163
-167
-167
-167
-165
-159
-163
-171
-184
-193
-188
-159
-109
-67
-42
-47
-69
-86
-109
-124
-120
-103
-61
-6
43
63
49
14
-17
-30
-49
-62
-46
18
108
178
185
166
141
118
99
68
60
72
104
145
190
217
239
246
233
206
167
125
89
79
98
133
141
133
118
93
72
37
-5
-17
3
37
62
57
30
3
-2
-6
-21
-21
-16
-2
9
5
-20
-43
-60
-56
-26
-14
-1
3
13
22
-2
-41
-80
-95
-75
-35
3
23
8
-19
-54
-93
-128
-149
-152
-120
-72
-55
-68
-82
-87
-80
-71
-75
-88
-90
-88
-70
-47
-26
7
41
75
93
88
56
19
-21
-25
7
36
59
66
69
67
55
27
-7
-23
-17
-2
7
6
-7
-15
-11
9
20
20
15
17
17
3
-26
-51
-53
-40
-30
-28
-24
-14
6
36
52
42
15
-15
-37
-41
-40
-31
-6
26
57
58
30
-25
-79
-100
-89
-52
-17
16
36
57
61
38
-5
-45
-53
-39
-10
29
57
82
105
113
98
56
-1
-36
-42
-28
-7
14
53
99
119
115
84
36
-8
-46
-53
-42
4
51
79
90
69
28
-22
-69
-98
-95
-80
-48
-23
6
36
45
39
10
-23
-47
-63
-73
-63
-24
33
78
102
102
86
52
4
-50
-83
-68
-25
16
41
40
17
-12
-52
-92
-115
-122
-110
-75
-38
-8
9
-4
-34
-65
-100
-123
-128
-107
-53
23
81
95
85
60
28
-4
-35
-51
-20
34
81
113
107
82
53
28
-7
-54
-101
-123
-113
-83
-56
-45
-37
-35
-42
-50
-61
-64
-49
-16
23
59
83
98
116
132
142
145
136
118
112
108
90
73
64
55
50
38
18
-6
-25
-33
-36
-26
-9
-3
1
2
-9
-14
-18
-14
-1
10
16
22
16
11
6
-10
-22
-26
-26
-19
-13
-7
1
11
16
10
3
1
0
6
11
10
5
1
-5
-17
-33
-52
-71
-62
-40
-30
-26
-25
-21
-22
-41
-71
-95
-99
-82
-49
-10
21
36
48
51
37
5
-15
-16
0
26
50
60
63
59
45
19
-20
-52
-74
-76
-63
-47
-34
-18
-10
-24
-46
-61
-74
-77
-66
-47
-22
-1
7
8
5
-3
-18
-34
-35
-26
-11
7
14
17
26
35
29
15
-1
-14
-23
-28
-19
1
33
62
72
59
32
4
-17
-28
-23
-9
17
49
67
73
65
52
31
11
-2
-9
-5
8
27
50
69
81
82
69
53
38
33
36
47
68
90
103
100
82
58
36
22
17
20
21
19
17
8
-9
-24
-39
-40
-31
-24
-19
-21
-16
-10
-3
-1
-12
-26
-34
-33
-31
-34
-36
-31
-20
-12
-17
-32
-50
-69
-77
-75
-66
-58
-51
-50
-53
-50
-46
-40
-34
-24
-21
-20
-24
-29
-33
-34
-28
-20
-17
-25
-34
-41
-40
-38
-38
-36
-30
-21
-9
0
6
8
9
10
4
2
3
6
15
16
15
10
6
0
-6
-9
-11
-8
-5
-1
3
3
5
10
16
22
32
40
47
44
40
31
27
29
30
26
21
22
19
18
17
21
26
25
22
20
25
29
31
37
39
43
47
45
42
37
33
31
27
25
26
24
25
22
15
19
27
26
21
14
9
0
-5
-7
-1
8
16
16
13
11
4
-6
-14
-18
-21
-21
-20
-22
-28
-34
-35
-39
-48
-48
-41
-33
-23
-19
-10
-3
-5
-5
-10
-13
-18
-17
-11
-6
-6
-10
-22
-38
-51
-56
-55
-53
-52
-50
-44
-35
-27
-22
-13
-6
4
11
15
14
14
16
10
3
-2
-5
-7
-8
-10
-19
-29
-42
-52
-59
-59
-48
-40
-27
-7
8
16
13
8
0
-2
3
10
18
24
28
33
40
41
30
19
11
6
10
16
16
25
37
45
45
40
36
32
33
32
30
28
30
32
36
36
31
19
15
21
26
32
35
33
36
36
34
29
23
21
20
17
13
4
-1
-4
-12
-20
-22
-19
-13
-12
-12
-14
-17
-14
-11
-9
-6
-4
2
4
4
1
0
-7
-16
-29
-37
-34
-34
-32
-33
-32
-29
-27
-32
-40
-38
-29
-22
-15
-7
-2
0
0
-5
-13
-18
-16
-13
-13
-14
-13
-16
-20
-27
-31
-29
-27
-29
-28
-23
-20
-18
-19
-14
-10
-6
8
21
25
30
33
29
27
25
23
20
19
16
14
18
19
17
14
9
5
5
12
16
21
30
38
41
37
30
25
24
28
31
31
31
32
30
25
13
2
-5
-5
-6
-8
-9
-10
-7
-3
-2
-6
-12
-18
-23
-25
-23
-21
-21
-18
-13
-9
-9
-16
-22
-26
-22
-20
-19
-19
-16
-10
-8
-6
-4
-6
-11
-13
-20
-27
-30
-30
-26
-14
-7
-4
-4
-8
-10
-4
0
4
6
9
11
7
-1
-7
-10
-11
-13
-17
-20
-22
-18
-9
0
6
12
17
22
24
22
21
20
19
21
24
26
31
31
26
21
21
15
11
6
5
9
14
11
8
2
-3
-3
-2
3
10
14
16
11
7
3
3
5
1
0
2
4
4
-1
-4
-5
-3
-6
-11
-11
-6
3
8
10
6
3
6
8
10
9
10
10
14
19
18
12
5
1
3
4
2
-1
-4
-8
-16
-19
-18
-15
