0
1
0
0
-1
0
1
0
1
0
0
0
0
0
-1
0
0
0
1
1
0
-1
0
1
0
0
0
0
1
0
0
-1
1
1
0
0
0
-1
0
0
0
0
0
-1
0
-1
-1
0
0
2
0
1
0
1
0
0
0
0
1
-1
0
-1
0
0
0
1
0
-1
-1
0
0
1
0
0
0
-1
-1
0
0
0
0
0
0
-1
1
0
1
1
0
-1
0
0
0
1
1
0
-1
0
0
-1
0
1
0
0
0
0
0
0
-1
1
0
0
0
0
0
-1
1
1
1
-1
0
0
1
0
0
0
0
0
-1
0
0
-1
1
0
0
0
0
0
0
0
0
0
0
2
-1
-1
0
0
0
0
0
1
0
0
0
0
0
-1
0
0
0
-1
1
-1
-1
0
0
-1
0
0
0
-1
0
0
0
1
-1
1
-1
0
0
-1
1
0
0
0
1
0
0
0
0
0
0
0
0
1
0
0
-1
0
-1
0
1
0
0
1
0
0
0
-1
0
1
1
0
0
0
-1
0
0
0
0
0
0
0
0
0
0
0
0
-1
0
-1
0
0
0
-1
-1
0
1
0
0
0
0
0
0
0
0
0
0
1
0
1
0
0
1
0
-1
0
0
0
1
1
1
0
1
0
1
0
0
0
0
0
1
-1
0
0
-1
0
0
-1
0
1
0
0
0
0
0
1
0
0
1
-1
1
1
0
0
-1
0
0
-1
0
0
0
0
0
0
0
-1
-1
0
0
0
0
0
0
0
-1
-1
0
0
-1
1
0
0
0
0
0
0
0
0
-1
0
0
1
0
-1
0
1
0
-1
0
-1
1
0
0
-1
0
1
-1
0
-1
0
1
-1
-1
0
0
-1
0
0
1
0
0
0
0
0
-1
-1
0
0
0
0
-1
0
1
1
0
0
1
0
0
0
0
0
1
0
0
0
-1
1
0
1
0
0
0
-1
0
1
0
0
0
0
0
0
0
1
1
0
0
0
0
-1
0
-1
1
1
1
0
0
1
1
0
0
0
0
0
0
0
0
0
0
0
0
0
0
0
0
0
-1
0
1
0
0
1
0
0
-1
0
0
0
1
-1
0
1
-1
1
-1
0
1
-1
0
-1
0
0
0
1
0
0
1
1
0
0
0
-1
-1
0
1
0
-1
1
1
0
1
0
0
0
0
1
0
0
-1
0
0
1
0
0
0
0
0
0
0
-1
1
0
0
1
0
0
-1
0
0
0
0
1
0
0
0
0
0
0
-1
-1
0
0
0
0
-1
1
0
0
0
-1
0
1
-1
0
0
0
0
1
-1
0
1
1
0
0
0
0
-1
0
1
0
0
-1
0
1
0
-1
-1
-1
0
1
0
0
0
-1
0
-1
0
0
0
0
0
0
0
-1
0
0
0
1
1
-1
1
0
0
0
0
1
1
1
0
0
0
0
0
1
0
0
-2
0
0
0
0
0
0
0
0
0
0
0
0
0
0
0
0
1
1
0
0
0
0
0
0
0
0
1
0
0
0
0
-1
0
0
0
1
0
1
-1
-1
-1
0
-1
0
1
-1
0
0
0
0
-1
0
0
0
0
0
0
0
1
-1
0
-1
0
-1
0
0
0
0
1
-1
0
-1
0
0
0
1
1
0
0
0
0
0
0
-1
0
1
0
0
0
-1
-1
0
0
1
0
-1
0
-1
-1
0
0
-1
0
-1
1
0
0
1
0
1
1
-1
0
0
0
0
0
1
0
0
0
1
1
0
0
0
1
0
0
0
0
0
0
1
-1
-1
0
0
0
1
0
-1
0
-1
0
1
0
0
-1
-1
0
1
0
0
0
-1
-1
1
0
-1
0
0
0
1
0
0
0
1
1
1
1
0
0
0
0
1
0
1
0
0
0
1
0
0
0
-2
1
1
0
-1
0
0
0
0
0
-1
0
0
1
0
0
1
0
1
0
0
0
0
-1
0
0
1
1
0
-1
0
0
0
-1
-1
0
1
0
0
0
0
0
0
0
-1
0
0
1
0
0
0
1
0
-1
0
0
0
0
0
1
0
0
0
0
0
1
0
1
0
0
0
0
1
0
0
1
-1
0
0
1
-1
0
1
1
-1
-1
0
0
0
0
-1
0
0
0
1
1
-1
0
0
1
-1
-1
0
0
0
0
0
0
1
0
0
0
0
0
-1
0
0
0
0
0
0
0
0
0
0
-1
-1
-1
-1
-1
-1
0
0
0
0
0
-1
-1
-1
0
0
-1
0
0
0
0
0
0
1
0
0
0
1
0
0
0
1
0
0
0
0
-1
-1
1
1
0
0
0
0
0
0
0
0
0
0
1
2
0
0
0
1
0
0
1
0
0
0
0
1
-1
0
0
-1
0
-1
1
1
0
0
0
0
0
0
1
1
0
0
1
1
1
0
0
0
0
0
0
0
-1
1
0
0
0
0
0
0
1
0
0
0
0
-1
1
1
0
0
0
1
0
0
1
1
0
0
1
0
1
0
-1
-1
1
0
0
0
0
0
-1
1
0
0
0
0
0
-1
-1
0
0
0
0
0
0
0
0
0
0
-1
-1
0
-1
0
0
0
0
0
0
-1
1
1
0
-1
1
0
-1
0
0
-1
0
1
0
0
1
1
0
0
1
0
1
1
0
1
1
0
1
0
0
0
0
0
0
1
0
0
0
0
1
1
0
0
0
0
0
0
0
0
0
0
1
0
0
0
-1
0
-1
1
0
0
0
0
1
0
0
0
0
0
0
0
0
0
-1
-1
0
1
0
0
0
-1
0
0
-1
1
0
0
0
-1
0
0
0
-1
0
0
0
0
0
0
0
1
-1
0
-1
0
1
0
0
0
0
1
0
0
-1
0
0
0
0
0
0
0
0
0
0
0
0
1
0
-1
0
0
0
0
0
0
0
-1
0
1
0
0
0
0
0
1
0
0
0
0
0
0
0
0
1
0
-1
0
0
0
0
0
0
1
0
0
0
0
0
0
0
0
0
1
-1
0
-1
0
1
-1
0
0
0
0
0
0
0
0
0
0
1
-1
0
0
0
0
1
-1
1
0
0
-1
0
1
0
0
-1
-1
0
1
0
0
-1
1
0
0
0
1
-1
0
1
1
0
-1
0
0
0
0
0
-1
0
-1
1
1
1
0
0
0
-1
-1
-1
0
-1
0
-1
-1
0
0
1
0
0
-1
0
0
0
1
0
1
-1
0
0
0
0
0
0
-1
0
0
-1
1
1
0
0
-1
0
1
-1
0
1
1
0
-1
-1
0
0
1
0
-1
0
1
-1
0
0
1
0
-1
0
0
-1
0
0
0
0
0
-1
-1
1
1
0
0
0
0
0
0
1
0
0
-1
0
0
0
1
-1
0
0
1
0
0
0
1
0
-1
1
-1
1
0
0
0
0
-1
0
0
1
-1
-1
0
-1
1
0
-1
0
1
0
-1
1
0
0
0
0
0
0
1
0
0
0
0
0
0
0
0
1
0
1
0
0
0
0
1
0
0
0
-1
0
0
0
1
0
-1
0
0
0
0
0
0
0
0
-1
1
0
0
-1
0
-1
0
1
0
-1
0
0
0
0
1
0
0
-1
0
0
-1
2
0
1
0
0
0
0
0
0
1
-1
-1
0
-1
0
1
0
-1
-1
1
0
0
0
0
0
1
0
0
0
0
0
1
0
0
0
-1
0
0
0
-1
-1
-1
0
-1
0
0
-1
1
0
1
0
0
1
0
0
0
1
1
0
-1
-1
0
0
1
1
-1
0
0
0
0
1
0
0
0
0
0
0
0
0
0
0
0
1
0
-1
0
0
-1
0
0
0
1
0
0
0
0
0
0
0
-1
0
0
-1
2
0
-1
-1
0
0
0
0
0
0
0
0
0
0
-1
-1
0
1
0
0
0
0
0
-1
0
0
1
-1
0
0
-1
-1
0
0
1
0
0
0
1
0
0
-1
0
0
1
1
0
0
-1
0
0
0
0
1
1
-1
1
-1
-1
1
0
0
-1
0
1
1
1
0
-1
0
0
1
0
0
-1
1
1
0
0
0
1
0
0
1
0
0
-1
1
-1
0
0
-1
0
0
0
-1
0
0
0
0
0
0
0
0
-1
1
0
0
-1
0
1
1
0
-1
0
0
1
1
0
0
-1
-1
0
-1
1
0
0
1
1
0
-1
0
0
-1
0
0
0
0
0
0
0
0
-1
0
0
0
0
0
-1
0
0
1
0
0
1
0
0
-1
0
1
-1
1
0
-1
0
0
-1
1
0
0
0
0
0
1
0
0
0
0
1
1
0
0
-1
0
1
0
-1
-1
-1
1
1
-1
0
0
0
0
0
0
1
0
0
0
0
0
0
0
-1
0
0
0
0
1
0
0
0
0
0
0
0
0
0
1
-1
0
-1
0
0
0
0
0
0
1
0
0
1
0
0
-1
0
0
0
0
0
0
-1
1
0
-1
0
0
0
0
0
1
0
-1
0
-1
0
0
0
0
0
0
0
0
0
0
-1
-1
-1
0
0
0
0
-1
0
-1
-1
-1
0
0
0
0
0
0
-1
0
1
0
0
-1
0
0
0
0
0
1
-1
0
-1
-1
0
1
0
0
0
1
0
0
-1
-1
-1
0
0
0
0
1
1
1
0
-1
0
0
-1
-1
-1
-2
-1
-1
-1
-1
0
-2
-1
-1
-1
-1
0
-1
-1
-1
0
0
0
1
1
1
1
1
2
2
2
1
2
3
2
2
3
1
3
1
1
3
3
2
2
3
3
2
2
2
1
1
2
1
0
0
0
-1
-1
-2
-2
-1
-1
-2
-2
-3
-2
-2
-3
-2
-2
-2
-3
-3
-2
-1
-2
-2
-2
-2
-1
-2
-1
-2
0
0
0
1
1
0
1
1
1
2
1
3
3
2
3
4
3
2
2
3
3
3
2
3
2
1
2
1
1
0
1
0
-1
0
-1
-2
-3
-2
-3
-5
-5
-5
-6
-6
-6
-7
-8
-8
-7
-9
-9
-9
-9
-9
-8
-8
-8
-8
-9
-7
-7
-5
-5
-5
-3
-3
-2
-1
0
0
3
3
4
4
5
7
7
9
10
11
12
13
14
15
16
17
18
18
19
19
19
20
20
20
19
21
19
18
18
16
15
14
13
13
9
9
7
4
4
1
-1
-3
-4
-7
-8
-11
-13
-14
-17
-18
-20
-23
-24
-25
-28
-28
-29
-29
-31
-31
-30
-31
-31
-30
-29
-29
-28
-28
-26
-24
-22
-20
-18
-16
-13
-11
-9
-6
-3
-1
3
4
7
9
11
14
16
19
21
22
24
25
27
27
28
29
30
30
30
31
30
30
30
30
27
28
26
25
23
22
19
17
15
12
10
7
4
0
-1
-5
-8
-10
-14
-15
-18
-20
-22
-24
-25
-27
-28
-29
-29
-30
-29
-28
-28
-27
-25
-24
-22
-20
-17
-13
-11
-6
-5
-1
2
5
9
13
16
19
24
28
32
35
38
41
43
44
45
45
44
43
43
41
40
38
36
33
31
28
24
20
15
10
7
1
-2
-7
-11
-15
-18
-22
-25
-28
-30
-33
-36
-38
-42
-46
-50
-55
-61
-67
-72
-78
-81
-83
-82
-81
-79
-74
-69
-64
-61
-60
-61
-63
-67
-64
-58
-48
-33
-14
1
7
-2
-29
-84
-163
-254
-345
-430
-501
-545
-551
-517
-455
-368
-258
-131
-6
115
248
390
534
679
828
963
1066
1122
1134
1096
1004
864
696
519
346
196
75
-16
-88
-145
-181
-196
-202
-194
-171
-126
-56
34
148
284
429
554
647
714
756
752
702
619
515
385
234
76
-92
-255
-414
-591
-808
-1027
-1203
-1342
-1459
-1514
-1468
-1374
-1283
-1173
-1022
-867
-760
-692
-624
-553
-504
-473
-446
-467
-616
-910
-1304
-1770
-2289
-2753
-3057
-3179
-3116
-2811
-2236
-1463
-587
331
1215
1985
2574
3002
3326
3559
3712
3806
3888
3925
3874
3764
3580
3238
2712
2043
1283
460
-353
-1046
-1563
-1895
-2055
-2033
-1830
-1502
-1130
-754
-375
-33
278
581
887
1209
1556
1923
2228
2420
2483
2386
2081
1566
900
160
-599
-1318
-1913
-2325
-2528
-2555
-2445
-2234
-1956
-1688
-1449
-1215
-995
-736
-428
-87
303
745
1170
1501
1705
1777
1678
1424
1051
602
132
-304
-657
-925
-1096
-1192
-1235
-1247
-1276
-1335
-1396
-1442
-1473
-1485
-1416
-1230
-994
-716
-329
179
698
1148
1564
1923
2085
1964
1668
1290
810
156
-561
-1185
-1689
-2065
-2271
-2354
-2404
-2427
-2518
-2962
-3852
-4832
-5602
-6296
-6946
-7101
-6374
-5035
-3520
-1692
661
3144
5069
6310
7167
7669
7616
7159
6613
6082
5568
5130
4673
4051
3320
2554
1633
261
-1400
-2814
-3772
-4499
-4968
-4751
-3710
-2322
-958
522
2184
3654
4569
5023
5234
5279
5149
4911
4626
4317
4001
3597
2981
2124
1111
-21
-1276
-2622
-3924
-4999
-5693
-5965
-5908
-5611
-5011
-4021
-2814
-1686
-681
382
1454
2251
2730
3133
3554
3803
3694
3284
2731
2066
1186
67
-1129
-2215
-3139
-3901
-4462
-4737
-4647
-4208
-3572
-2897
-2202
-1422
-609
59
484
788
1104
1337
1347
1263
1336
1498
1525
1416
1310
1228
1030
726
398
-32
-661
-1386
-2064
-2731
-3362
-3720
-3796
-3899
-4015
-3807
-3361
-3123
-3061
-2808
-2643
-3224
-4354
-5147
-5443
-5806
-6118
-5523
-3970
-2364
-921
1019
3433
5381
6460
7118
7543
7462
6971
6506
6112
5590
5088
4798
4384
3557
2695
2115
1296
-175
-1634
-2295
-2456
-2683
-2623
-1671
-159
1133
2146
3306
4549
5333
5484
5300
5006
4588
4142
3734
3235
2620
2118
1702
950
-240
-1387
-2219
-3082
-4180
-5017
-5043
-4489
-3889
-3346
-2537
-1476
-604
-99
309
835
1392
1850
2167
2318
2364
2415
2348
1819
747
-451
-1391
-2244
-3333
-4365
-4756
-4588
-4477
-4485
-4041
-3017
-2003
-1390
-863
-92
735
1317
1716
2092
2364
2428
2299
1945
1323
662
202
-266
-1015
-1699
-1736
-1291
-1163
-1511
-1632
-1242
-995
-1340
-1753
-1706
-1582
-1824
-2051
-1804
-1429
-1393
-1484
-1513
-1859
-2569
-2925
-2886
-3589
-5374
-6880
-7204
-7425
-8288
-8386
-6525
-4021
-2496
-1126
1540
4796
6863
7673
8368
9020
8944
8316
7810
7356
6645
5926
5275
4155
2569
1404
768
-432
-2436
-3841
-3783
-3245
-3074
-2431
-535
1692
3093
4048
5322
6548
7003
6799
6355
5689
4964
4566
4320
3630
2578
1841
1336
303
-1307
-2618
-3329
-4097
-5200
-5901
-5538
-4410
-3186
-2102
-1021
105
1067
1542
1586
1573
1649
1598
1308
979
768
590
300
-321
-1410
-2709
-3784
-4561
-5261
-5804
-5770
-5061
-4111
-3216
-2185
-840
467
1277
1587
1708
1821
1847
1673
1326
1005
789
492
-47
-694
-1258
-1760
-2213
-2505
-2620
-2537
-2009
-988
-80
392
947
1804
2158
1618
929
652
418
-194
-827
-1080
-1206
-1674
-2341
-2781
-3166
-3765
-4154
-4080
-4488
-5987
-7450
-7782
-7742
-8189
-8075
-6177
-3439
-1451
236
3011
6450
8775
9551
9813
9952
9422
8217
6867
5516
4139
3074
2230
961
-561
-1361
-1483
-2207
-3747
-4577
-3807
-2504
-1729
-746
1425
3983
5656
6559
7498
8325
8449
7765
6579
5219
3996
3138
2281
1050
-194
-913
-1386
-2292
-3516
-4305
-4580
-4847
-5174
-5063
-4182
-2603
-628
1085
2209
3285
4568
5112
4251
2914
2202
1646
441
-914
-1462
-1461
-1942
-3047
-4055
-4583
-5032
-5666
-6054
-5761
-4938
-3841
-2470
-834
781
2117
3161
3745
3672
3140
2557
1944
964
-350
-1377
-1774
-2090
-2831
-3538
-3462
-3021
-3116
-3318
-2616
-1359
-550
9
1098
2427
3002
2717
2255
1913
1327
324
-748
-1511
-2135
-2777
-3166
-3228
-3277
-3537
-3756
-4152
-4903
-5219
-4681
-4513
-5658
-6825
-6539
-5745
-5773
-5525
-3297
-92
1774
2638
4540
7464
9219
9110
8562
8342
7649
6089
4448
3286
2464
1783
1028
-91
-1217
-1509
-1174
-1419
-2326
-2475
-1243
224
1154
2443
4713
6825
7601
7610
7818
7859
6906
5215
3590
2189
821
-344
-1098
-1658
-2270
-2837
-3276
-3661
-3919
-3919
-3747
-3434
-2726
-1615
-480
688
2241
3774
4364
4079
3800
3431
2147
249
-1037
-1725
-2771
-3938
-4246
-3815
-3746
-4155
-4248
-4024
-4127
-4357
-3872
-2657
-1435
-385
918
2479
3668
4150
4233
4081
3311
1802
189
-949
-1825
-2789
-3540
-3685
-3438
-3216
-2985
-2447
-1693
-1117
-719
-3
1116
1986
2302
2596
3024
2845
1820
716
-19
-818
-1887
-2858
-3464
-3722
-3700
-3581
-3574
-3563
-3356
-3176
-3541
-4357
-4673
-3910
-3247
-4209
-5945
-6295
-5449
-5466
-6084
-4891
-1796
606
1451
2703
5399
7899
8545
7945
7442
7063
6081
4603
3335
2495
1906
1340
581
-264
-622
-364
-270
-746
-941
-76
1367
2581
3674
5222
6923
7795
7625
7231
6920
5948
4163
2470
1355
346
-810
-1651
-1980
-2201
-2656
-3129
-3235
-2960
-2611
-2358
-1940
-924
575
1851
2462
3003
3984
4462
3391
1604
636
141
-1168
-2869
-3518
-3231
-3256
-3662
-3611
-3105
-2880
-3156
-3509
-3559
-3256
-2668
-1697
-390
842
1750
2522
3148
3155
2480
1656
865
-296
-1829
-2991
-3320
-3279
-3460
-3656
-3326
-2617
-2297
-2191
-1475
-323
425
896
1886
3136
3665
3537
3531
3439
2468
825
-494
-1283
-2228
-3453
-4169
-4112
-3977
-4222
-4329
-3843
-3321
-3311
-3552
-3825
-4124
-3964
-3288
-3343
-4749
-5930
-5777
-5669
-6577
-6597
-4133
-1051
261
880
3231
6615
8328
8010
7634
7842
7355
5761
4214
3447
3067
2590
1882
1014
334
194
254
-183
-965
-1004
64
1305
2129
3311
5326
6968
7226
6864
6795
6442
5094
3374
2117
1128
-25
-1020
-1359
-1288
-1464
-1988
-2282
-2115
-1931
-1894
-1660
-948
134
1203
1824
2167
2910
3819
3666
2393
1459
1220
284
-1687
-3067
-3026
-2840
-3486
-4035
-3432
-2423
-2345
-3021
-3252
-2794
-2430
-2296
-1672
-468
499
909
1249
1638
1560
945
337
-148
-946
-1976
-2513
-2338
-2158
-2405
-2466
-1869
-1337
-1493
-1514
-614
412
677
883
1834
2784
2770
2297
2213
2026
770
-1094
-2178
-2394
-3001
-4133
-4438
-3758
-3610
-4312
-4375
-3419
-2861
-3313
-3878
-3944
-3607
-2994
-2672
-3459
-4902
-5625
-5678
-6252
-6807
-5420
-2337
-84
699
2251
5516
8203
8523
7845
7824
7701
6347
4606
3833
3833
3552
2687
1671
817
154
-422
-1090
-1814
-2108
-1534
-349
1045
2822
5083
7022
7730
7537
7288
6851
5587
3862
2663
1982
1011
-157
-536
-141
-144
-1096
-2180
-2635
-2716
-2935
-3126
-2612
-1172
608
1936
2697
3483
4489
4745
3498
1750
856
255
-1271
-2961
-3293
-2781
-2895
-3416
-3266
-2780
-2928
-3666
-4154
-4146
-3966
-3548
-2627
-1341
-186
622
1279
1809
1832
1364
890
606
160
-684
-1414
-1516
-1422
-1852
-2499
-2558
-2300
-2476
-2656
-1892
-604
166
659
1695
2716
2645
1918
1701
1657
662
-909
-1738
-1653
-1691
-2326
-2965
-3056
-3015
-3467
-4048
-3981
-3366
-2982
-3170
-3511
-3293
-2198
-1126
-1634
-3685
-5357
-5915
-6766
-8111
-7689
-4570
-1310
32
1053
3823
7110
8375
7795
7382
7450
6733
5246
4353
4519
4801
4411
3373
2000
730
-142
-1039
-2268
-3106
-2695
-1365
139
1879
4227
6575
7665
7373
6775
6366
5518
4094
3072
2859
2572
1740
1080
1052
846
-314
-2008
-3242
-3716
-3841
-3727
-2930
-1182
923
2380
2893
3108
3633
3817
2656
838
-21
-3
-662
-1876
-2044
-1218
-1083
-2071
-2911
-3055
-3316
-4086
-4765
-4748
-4101
-3214
-2157
-870
461
1284
1457
1304
927
438
151
209
179
-263
-831
-1205
-1496
-2087
-2876
-3265
-3300
-3486
-3599
-2810
-1237
35
813
1654
2340
2342
1974
1759
1593
1223
672
-20
-698
-1237
-1822
-2675
-3563
-4147
-4629
-5174
-5298
-4625
-3585
-3018
-2938
-2439
-1261
-887
-2668
-5269
-6459
-6638
-7542
-8135
-5955
-1812
957
1658
2836
5548
7424
6815
5598
5769
6411
6042
5372
5571
6223
6321
5430
3495
1042
-882
-1908
-2743
-3585
-3310
-1269
1340
3082
4343
6086
7613
7501
6111
5145
4981
4690
4068
3921
4306
4264
3358
2119
853
-788
-2791
-4448
-5139
-4928
-4071
-2691
-1012
702
2035
2526
2146
1642
1654
1616
862
244
817
1687
1434
654
632
670
-691
-2975
-4467
-4744
-4820
-5239
-5335
-4538
-3401
-2782
-2511
-1947
-1170
-743
-768
-704
-86
878
1732
2244
2193
1463
321
-807
-1939
-3218
-4095
-4059
-3645
-3523
-3200
-2092
-761
-9
194
318
521
819
1173
1485
1714
1831
1636
1071
335
-582
-1682
-2713
-3553
-4247
-4586
-4288
-3602
-3055
-2892
-3071
-3140
-2641
-2364
-3772
-6308
-7683
-7531
-7591
-7777
-5673
-1312
1897
2333
2571
4743
7060
7203
6226
6485
7692
8012
7406
7156
7316
6910
5368
2856
57
-1996
-2757
-2909
-3254
-3192
-1691
668
2260
2762
3551
5043
5807
5130
4436
5069
6298
6780
6538
6167
5491
4123
2252
326
-1478
-2969
-3819
-4102
-4045
-3519
-2501
-1483
-975
-924
-1037
-1199
-1107
-274
1010
1934
2548
3445
4053
3169
1364
399
176
-943
-2800
-3497
-2673
-2146
-2847
-3581
-3516
-3492
-4145
-4555
-3778
-2407
-1455
-888
-89
782
1322
1581
1674
1422
677
-162
-683
-1038
-1525
-1880
-1795
-1670
-2005
-2371
-2138
-1490
-895
-486
-145
303
863
1296
1378
1267
1162
769
-183
-1442
-2497
-2937
-2795
-2794
-3451
-4224
-4434
-4444
-4784
-5043
-4529
-3221
-1763
-1239
-2525
-4961
-6753
-7345
-7726
-7851
-6049
-2311
663
1395
1941
4150
6352
6303
5038
5018
6321
7241
7355
7661
8198
7905
6216
3605
968
-892
-1674
-1957
-2356
-2398
-1174
819
1981
1950
2029
2891
3529
3291
3298
4608
6447
7425
7369
6918
6244
5158
3677
1992
417
-553
-857
-1065
-1531
-1885
-1839
-1856
-2491
-3572
-4268
-3935
-2808
-1543
-258
1344
2832
3154
2245
1204
852
1041
1258
1181
745
310
43
-559
-1820
-3220
-4070
-4443
-4772
-4941
-4418
-3163
-2144
-2100
-2467
-2269
-1421
-572
71
759
1460
1744
1316
571
65
-320
-921
-1587
-1990
-2218
-2116
-1271
-323
-389
-1190
-1475
-1177
-1249
-1504
-932
175
252
-1159
-2466
-2500
-2019
-2157
-2651
-2710
-2572
-2789
-3203
-3309
-2922
-2157
-1330
-1302
-2951
-5653
-7568
-8010
-8048
-7818
-5856
-2351
86
310
445
2071
3823
4215
4242
5474
7377
8489
8837
9271
9498
8573
6588
4379
2324
752
196
364
229
-428
-753
-552
-763
-1615
-1946
-1035
321
1219
2129
3780
5643
6624
6666
6373
5897
5333
5048
5032
4678
3911
3340
2806
1461
-576
-2152
-2763
-3286
-4511
-5689
-5592
-4516
-3811
-3761
-3327
-2282
-1671
-1784
-1508
-128
1700
2998
3405
3282
2975
2413
1467
438
-188
-454
-739
-1105
-1500
-1918
-2391
-3133
-4152
-4890
-4793
-3832
-2590
-1581
-899
-489
-389
-616
-889
-934
-770
-539
-136
338
553
730
1061
973
101
-679
-491
11
-56
-523
-864
-1198
-2075
-3366
-4261
-4201
-3644
-3416
-3552
-3647
-3765
-4090
-4235
-3914
-3119
-1784
-482
-691
-2939
-5493
-6533
-6537
-6509
-5578
-2907
-209
343
-435
-157
1317
2175
2301
3449
5719
7425
8040
8472
8757
7969
6325
5036
4378
3773
3210
3154
3253
2703
1611
846
544
-171
-1366
-1915
-1340
-368
444
1412
2499
3072
3003
2769
2725
3006
3798
4843
5404
5226
4736
4339
3841
2868
1732
1081
771
-113
-1672
-2751
-2873
-3057
-4020
-4959
-5068
-4887
-4882
-4338
-2741
-1025
-191
190
731
1039
711
412
879
1580
1645
1323
1475
1864
1351
-77
-1202
-1515
-1833
-2583
-2902
-2237
-1496
-1770
-2658
-3020
-2822
-2785
-2921
-2670
-1981
-1309
-1016
-1096
-1076
-521
224
593
857
1547
2245
2320
1925
1276
279
-914
-1913
-2608
-2927
-2846
-2821
-3361
-4375
-5309
-5875
-5994
-5646
-5014
-4048
-2915
-2778
-4424
-6602
-7370
-6768
-5964
-4701
-2154
661
1616
881
724
1788
2639
2845
3988
6470
8319
8515
8262
8333
7679
5714
3858
3331
3594
3623
3309
2981
2448
1392
196
-540
-733
-561
-19
661
1009
1220
1723
2281
2306
2074
2443
3254
3750
3996
4494
4987
4735
3718
2780
2409
2253
1992
1771
1420
432
-912
-1792
-2177
-2719
-3358
-3421
-3254
-3579
-3811
-2972
-1679
-1255
-1506
-1199
-298
141
-8
200
982
1235
395
-451
-258
364
303
-322
-553
-385
-747
-1642
-2003
-1512
-1176
-1618
-2127
-1955
-1586
-1714
-2079
-2207
-2217
-2366
-2547
-2431
-1904
-1310
-888
-506
3
499
801
965
998
736
176
-429
-955
-1285
-1259
-1052
-1166
-1852
-2938
-3984
-4651
-5002
-5074
-4586
-3507
-2878
-3981
-6388
-8109
-8157
-7535
-6785
-4834
-1716
207
-321
-1177
-224
1452
2154
2913
5272
8075
9153
8763
8749
9097
8350
6550
5364
5451
5730
5298
4392
3328
1891
277
-836
-1236
-1128
-745
-325
-291
-721
-967
-685
-217
222
986
2196
3194
3580
3844
4411
4851
4633
4187
4113
4276
4302
4130
3603
2371
695
-645
-1417
-1990
-2345
-2218
-2152
-2926
-4099
-4446
-3897
-3434
-3209
-2531
-1373
-688
-772
-781
-332
-8
-329
-681
-308
434
717
504
376
449
195
-371
-561
-232
-42
-384
-884
-1228
-1403
-1627
-1921
-2128
-2234
-2409
-2755
-3035
-3077
-2889
-2531
-2073
-1718
-1493
-1039
-359
-31
-252
-381
-39
125
-219
-334
174
404
-421
-1691
-2532
-2974
-3399
-3636
-3259
-2406
-2051
-3348
-6081
-8404
-8952
-8458
-7927
-6699
-4284
-2400
-2690
-3718
-2985
-789
904
2134
4457
7521
9127
8845
8535
9189
9645
9099
8574
9004
9571
8933
7167
5287
3725
2251
905
82
-125
-119
-542
-1626
-2971
-3827
-3948
-3808
-3553
-2731
-1192
180
654
718
1286
2346
3218
3794
4577
5615
6309
6219
5473
4495
3630
2927
2190
1479
1029
647
-213
-1558
-2706
-3303
-3637
-3961
-4138
-4016
-3764
-3655
-3633
-3482
-3143
-2721
-2375
-2157
-1974
-1611
-1089
-625
-300
106
699
1253
1557
1678
1779
1791
1599
1201
824
642
411
-187
-956
-1449
-1767
-2317
-2887
-2994
-2879
-3068
-3262
-2924
-2414
-2281
-2313
-2111
-1825
-1655
-1423
-1043
-601
-181
55
-19
-381
-819
-1199
-1413
-1494
-1586
-1485
-1094
-1571
-4124
-7333
-8475
-7652
-7211
-7134
-5614
-3613
-3967
-6025
-6143
-3619
-1317
-336
1332
4292
6196
5889
5398
6375
7685
7961
8014
9040
10286
10254
8905
7341
6181
5289
4536
4030
3736
3350
2441
766
-1250
-2633
-2959
-2945
-3315
-3645
-3266
-2731
-2958
-3404
-2796
-1383
-497
-202
632
2184
3419
3835
3916
4095
4308
4309
3964
3544
3538
3728
3261
2166
1490
1479
1119
66
-769
-981
-1329
-2274
-3035
-2957
-2596
-2783
-3488
-4106
-4396
-4500
-4443
-4076
-3432
-2800
-2390
-2135
-1817
-1279
-507
356
1063
1439
1588
1729
1792
1548
1168
1115
1298
1070
346
-198
-392
-904
-1851
-2335
-1977
-1646
-2009
-2560
-2738
-2903
-3438
-3848
-3512
-2698
-2110
-1923
-1960
-2291
-2914
-3221
-2754
-2026
-1569
-1107
-809
-1894
-4388
-6139
-5862
-5070
-5063
-4707
-3365
-2964
-4568
-5822
-4572
-2272
-1086
-284
1668
3751
4101
3406
3759
5249
6282
6587
7336
8700
9375
8643
7345
6501
6235
6171
6092
5943
5661
5038
3782
2014
517
-36
-50
-426
-1173
-1603
-1733
-2280
-3217
-3517
-2756
-1839
-1554
-1426
-756
141
578
648
1004
1706
2256
2381
2200
2055
2190
2372
2163
1747
1823
2267
2056
1108
565
810
821
94
-525
-455
-412
-1105
-2055
-2470
-2433
-2667
-3336
-3769
-3629
-3476
-3754
-4036
-3711
-2990
-2452
-2083
-1530
-903
-631
-721
-683
-313
212
718
1046
1115
1019
869
445
-166
-382
35
459
212
-482
-1080
-1526
-2095
-2723
-2963
-2710
-2501
-2798
-3283
-3403
-3317
-3487
-3620
-3156
-2288
-1653
-1639
-2435
-4018
-5548
-5935
-5305
-4634
-4122
-3462
-3234
-4081
-4993
-4388
-2568
-1061
-86
1309
2976
3737
3608
3933
5219
6518
7157
7634
8393
8825
8270
7182
6570
6699
6950
6787
6320
5752
4955
3718
2248
1170
799
726
310
-491
-1215
-1732
-2385
-3202
-3532
-2972
-2082
-1692
-1793
-1687
-1167
-694
-450
3
803
1524
1847
1902
1879
1882
1937
1890
1692
1662
1943
1985
1426
827
810
996
740
280
235
371
-65
-980
-1529
-1409
-1294
-1749
-2443
-2774
-2838
-3143
-3606
-3539
-2780
-2103
-2067
-2255
-2139
-1954
-2028
-2040
-1552
-762
-228
-164
-318
-412
-407
-354
-200
169
715
1177
1203
717
82
-300
-494
-733
-848
-665
-646
-1305
-2271
-2834
-3031
-3303
-3570
-3472
-3081
-2845
-3267
-4616
-6295
-7088
-6703
-6185
-6071
-5615
-4759
-4728
-5701
-5807
-4028
-1951
-1030
-369
1204
2817
3248
3281
4399
6258
7423
7790
8345
9140
9247
8503
7806
7751
8057
8158
7756
6882
5847
4866
3789
2605
1810
1658
1433
413
-933
-1738
-2165
-2925
-3766
-3786
-3068
-2695
-3060
-3409
-3163
-2628
-2142
-1510
-600
272
782
959
1041
1357
2095
2936
3300
3134
2901
2725
2325
1847
1891
2425
2572
1838
815
234
-67
-569
-1065
-1030
-709
-928
-1854
-2787
-3231
-3463
-3777
-3896
-3463
-2852
-2702
-3013
-3234
-2999
-2590
-2302
-1960
-1320
-661
-511
-854
-1063
-799
-434
-292
-73
477
981
1012
702
339
-12
-240
-185
-16
34
-20
-237
-869
-1758
-2308
-2350
-2371
-2622
-2716
-2437
-2465
-3612
-5493
-6714
-6645
-6191
-6198
-6174
-5622
-5414
-6257
-6902
-5826
-3756
-2448
-1825
-576
1141
2004
2079
2857
4750
6565
7488
8020
8667
9052
8792
8314
8295
8773
9169
8937
8066
6988
6062
5241
4368
3633
3290
2980
2008
389
-1023
-1763
-2340
-3134
-3636
-3410
-3102
-3512
-4299
-4570
-4227
-3788
-3313
-2517
-1590
-1043
-927
-806
-339
490
1482
2261
2598
2727
2926
2990
2736
2627
3146
3810
3769
3104
2542
2162
1442
528
200
532
573
-252
-1377
-2103
-2579
-3180
-3609
-3421
-2982
-3049
-3627
-4044
-3983
-3755
-3617
-3400
-2898
-2294
-1952
-1940
-1928
-1637
-1190
-822
-494
-18
575
1043
1204
1107
982
976
932
665
378
379
444
96
-580
-1038
-1234
-1674
-2455
-2944
-2871
-3178
-4629
-6395
-7042
-6674
-6622
-7083
-6965
-6226
-6190
-6927
-6724
-4994
-3361
-2838
-2288
-784
687
1179
1573
2989
4872
6061
6576
7160
7850
8129
8038
8162
8792
9508
9664
9033
7996
7097
6434
5728
4980
4547
4357
3684
2187
591
-334
-917
-1834
-2800
-3091
-2981
-3410
-4374
-4983
-4972
-4890
-4838
-4326
-3408
-2770
-2634
-2453
-1836
-978
-114
776
1622
2191
2471
2693
2923
3059
3256
3743
4276
4298
3801
3316
3020
2547
1827
1515
1637
1396
386
-772
-1416
-1826
-2498
-3136
-3179
-2938
-3217
-3986
-4407
-4213
-4015
-4128
-4067
-3521
-2920
-2713
-2682
-2398
-1895
-1525
-1375
-1122
-565
59
467
742
1045
1245
1173
966
876
895
904
829
581
170
-190
-441
-825
-1422
-1880
-2078
-2592
-3893
-5402
-6127
-6108
-6248
-6742
-6870
-6536
-6644
-7325
-7293
-5911
-4369
-3696
-3162
-1894
-560
-1
480
1937
3947
5364
6018
6525
7078
7411
7555
7902
8649
9513
9914
9538
8673
7915
7401
6801
6122
5755
5593
4890
3369
1774
776
61
-906
-1863
-2302
-2547
-3320
-4550
-5451
-5709
-5709
-5671
-5324
-4633
-4117
-4086
-4073
-3544
-2614
-1640
-685
278
1043
1507
1881
2318
2767
3236
3778
4188
4209
3949
3723
3511
3081
2580
2359
2298
1893
1070
277
-263
-785
-1427
-1966
-2221
-2410
-2847
-3396
-3652
-3593
-3586
-3740
-3770
-3538
-3263
-3085
-2876
-2539
-2145
-1834
-1643
-1431
-1038
-543
-143
176
594
1001
1135
959
830
988
1157
1017
643
347
150
-211
-773
-1180
-1257
-1527
-2618
-4189
-5184
-5320
-5433
-5956
-6249
-6057
-6223
-7090
-7538
-6695
-5345
-4529
-3910
-2754
-1506
-975
-744
224
1934
3517
4634
5592
6401
6739
6700
6813
7386
8253
9036
9351
9026
8306
7591
6949
6287
5826
5767
5655
4827
3437
2219
1334
358
-641
-1134
-1207
-1635
-2681
-3742
-4374
-4799
-5183
-5249
-4854
-4381
-4201
-4192
-4007
-3534
-2906
-2249
-1556
-795
-28
579
996
1484
2231
3045
3538
3714
3926
4199
4164
3777
3498
3527
3457
2951
2270
1743
1241
488
-359
-936
-1253
-1713
-2462
-3109
-3343
-3417
-3681
-3943
-3847
-3582
-3549
-3606
-3359
-2890
-2546
-2266
-1799
-1287
-1022
-919
-720
-452
-213
121
584
907
881
709
616
490
222
27
37
-36
-410
-835
-1177
-1900
-3284
-4631
-5131
-5075
-5243
-5571
-5605
-5695
-6426
-7236
-7009
-5898
-4966
-4364
-3399
-2185
-1537
-1333
-593
867
2247
3303
4457
5632
6287
6373
6508
6998
7607
8171
8676
8897
8619
8043
7484
6976
6508
6206
5940
5305
4239
3195
2405
1577
564
-264
-723
-1245
-2108
-2925
-3372
-3716
-4172
-4474
-4396
-4172
-4076
-4033
-3829
-3430
-2926
-2398
-1875
-1339
-769
-203
261
675
1193
1772
2208
2493
2841
3247
3464
3410
3288
3231
3096
2755
2353
2030
1685
1132
432
-170
-608
-1097
-1761
-2410
-2848
-3145
-3435
-3658
-3715
-3675
-3668
-3668
-3571
-3306
-3005
-2728
-2370
-1893
-1337
-918
-678
-491
-262
-4
262
559
822
918
843
741
632
393
66
-174
-303
-462
-713
-1106
-1816
-2882
-3932
-4534
-4745
-4926
-5163
-5310
-5532
-6031
-6451
-6234
-5487
-4782
-4179
-3324
-2313
-1622
-1181
-406
790
1947
2916
3962
5031
5708
5975
6292
6882
7512
7986
8307
8442
8289
7905
7476
7110
6782
6427
5953
5253
4351
3394
2475
1610
838
222
-319
-993
-1858
-2735
-3448
-3991
-4381
-4560
-4548
-4492
-4482
-4450
-4300
-3974
-3457
-2818
-2180
-1564
-919
-299
192
636
1196
1799
2256
2591
2928
3179
3168
3020
3006
3083
3004
2727
2394
2008
1462
833
320
-34
-389
-838
-1336
-1808
-2279
-2790
-3247
-3485
-3484
-3394
-3319
-3260
-3219
-3199
-3123
-2893
-2504
-1983
-1361
-777
-429
-278
-97
173
434
717
1124
1483
1512
1275
1064
924
681
373
199
109
-132
-570
-1092
-1711
-2501
-3342
-4038
-4537
-4869
-5050
-5192
-5454
-5808
-6049
-6038
-5789
-5300
-4534
-3603
-2758
-2084
-1421
-612
286
1195
2194
3323
4353
5050
5513
5994
6489
6865
7192
7584
7889
7849
7517
7152
6830
6460
6031
5594
5091
4394
3500
2533
1658
962
385
-209
-871
-1551
-2199
-2850
-3472
-3917
-4071
-4016
-3920
-3835
-3699
-3523
-3371
-3166
-2715
-2008
-1270
-668
-177
250
580
862
1242
1766
2300
2696
2888
2906
2829
2728
2662
2633
2570
2366
1974
1456
921
445
64
-234
-544
-970
-1520
-2063
-2542
-2896
-3076
-3060
-2912
-2823
-2864
-2925
-2883
-2769
-2607
-2289
-1777
-1269
-951
-735
-467
-194
7
219
528
823
977
1038
1087
1074
941
735
497
248
13
-223
-543
-932
-1286
-1673
-2306
-3178
-3989
-4576
-4997
-5262
-5267
-5150
-5240
-5558
-5797
-5715
-5306
-4603
-3637
-2574
-1658
-956
-348
325
1174
2205
3290
4282
5127
5809
6294
6594
6829
7091
7340
7504
7576
7537
7294
6822
6241
5684
5148
4563
3933
3290
2597
1802
958
185
-487
-1115
-1698
-2154
-2484
-2793
-3102
-3311
-3358
-3317
-3226
-2989
-2606
-2240
-2010
-1805
-1475
-1067
-691
-305
150
548
786
950
1179
1462
1671
1784
1884
1965
1949
1839
1690
1479
1147
720
328
16
-287
-602
-903
-1213
-1566
-1924
-2201
-2360
-2450
-2503
-2488
-2428
-2399
-2366
-2251
-2065
-1904
-1776
-1594
-1354
-1143
-958
-704
-400
-159
-18
88
205
306
374
471
609
690
655
546
418
252
16
-281
-571
-836
-1079
-1260
-1415
-1655
-2130
-2845
-3587
-4103
-4316
-4260
-4029
-3822
-3827
-4056
-4292
-4265
-3843
-3075
-2105
-1137
-352
206
645
1123
1744
2538
3473
4435
5245
5775
6026
6074
6038
6057
6215
6463
6661
6651
6337
5748
5035
4360
3829
3411
3011
2522
1876
1110
319
-360
-821
-1075
-1239
-1432
-1657
-1876
-2060
-2157
-2105
-1875
-1582
-1369
-1221
-1066
-899
-757
-593
-332
-62
108
182
212
226
225
258
331
378
370
318
205
28
-153
-293
-411
-567
-744
-886
-987
-1123
-1314
-1484
-1615
-1702
-1728
-1660
-1514
-1390
-1340
-1330
-1288
-1174
-1016
-837
-643
-488
-412
-415
-434
-409
-334
-227
-131
-87
-95
-133
-157
-149
-133
-136
-157
-179
-221
-286
-349
-397
-474
-613
-750
-824
-882
-974
-1080
-1151
-1210
-1311
-1431
-1522
-1627
-1816
-2068
-2285
-2419
-2466
-2418
-2283
-2157
-2108
-2082
-1983
-1780
-1462
-1007
-467
43
450
790
1128
1486
1867
2310
2821
3282
3603
3793
3883
3907
3921
3996
4124
4222
4211
4081
3851
3559
3261
3011
2809
2619
2403
2136
1829
1511
1205
949
765
630
499
360
196
10
-165
-287
-346
-354
-338
-339
-397
-472
-527
-574
-619
-640
-621
-596
-594
-610
-644
-709
-791
-841
-834
-804
-771
-731
-739
-829
-962
-1055
-1088
-1095
-1069
-1006
-945
-911
-914
-948
-1003
-1052
-1044
-976
-891
-842
-816
-816
-901
-1055
-1170
-1174
-1119
-1094
-1120
-1161
-1240
-1362
-1468
-1473
-1365
-1226
-1126
-1078
-1053
-1049
-1066
-1047
-946
-790
-653
-554
-469
-407
-378
-356
-302
-197
-50
118
248
302
317
310
271
227
225
279
310
257
154
39
-108
-268
-350
-318
-262
-251
-255
-239
-229
-209
-132
-6
149
330
533
747
938
1104
1267
1427
1585
1736
1928
2146
2320
2452
2574
2678
2709
2687
2699
2756
2795
2775
2698
2561
2336
2058
1820
1657
1518
1345
1147
913
622
321
76
-91
-224
-351
-456
-576
-728
-888
-1019
-1070
-1066
-1064
-1060
-1042
-1037
-1057
-1051
-976
-840
-684
-536
-415
-333
-298
-275
-249
-205
-146
-104
-97
-151
-249
-364
-490
-605
-688
-749
-818
-933
-1082
-1236
-1363
-1481
-1586
-1642
-1655
-1658
-1685
-1723
-1754
-1783
-1790
-1721
-1590
-1452
-1360
-1318
-1314
-1302
-1233
-1103
-932
-749
-575
-459
-413
-388
-331
-233
-105
48
234
410
514
545
554
566
551
538
553
592
606
542
438
345
256
161
66
-12
-59
-89
-138
-190
-214
-204
-183
-174
-154
-89
4
89
162
255
381
514
644
778
959
1166
1348
1497
1635
1780
1920
2006
2060
2132
2196
2209
2162
2108
2068
2008
1901
1789
1689
1574
1418
1231
1073
955
819
651
508
420
346
240
133
35
-51
-116
-143
-126
-74
-8
25
-2
-67
-111
-117
-77
-26
20
45
14
-97
-239
-338
-354
-362
-411
-486
-586
-729
-922
-1112
-1235
-1299
-1370
-1462
-1556
-1635
-1739
-1877
-1990
-2030
-2022
-2002
-1979
-1929
-1860
-1842
-1870
-1877
-1785
-1641
-1503
-1360
-1207
-1080
-1018
-964
-867
-742
-627
-500
-353
-204
-96
-39
-3
28
76
131
224
318
378
390
369
338
312
329
382
439
460
471
481
453
414
414
451
472
446
429
457
472
464
482
545
593
587
548
522
529
562
635
739
846
913
899
819
761
783
853
926
990
1055
1089
1052
970
903
885
893
884
880
921
964
928
823
732
689
650
618
633
714
780
776
724
657
606
575
571
584
627
676
685
620
532
479
420
324
231
186
174
154
79
-48
-194
-334
-467
-588
-672
-725
-776
-877
-1000
-1107
-1181
-1248
-1335
-1414
-1464
-1498
-1546
-1587
-1596
-1578
-1576
-1617
-1646
-1609
-1510
-1406
-1338
-1299
-1261
-1221
-1185
-1132
-1034
-893
-767
-707
-684
-643
-604
-583
-540
-446
-322
-231
-187
-155
-98
-28
24
60
105
176
229
253
296
379
451
464
423
400
420
443
457
492
527
525
516
525
552
584
603
614
632
665
692
716
742
768
774
759
744
749
781
792
761
720
691
653
602
579
593
597
552
515
510
514
479
443
463
502
501
444
398
392
398
385
365
378
400
401
377
360
386
409
373
302
275
322
381
393
377
373
352
286
205
147
118
100
67
36
20
6
-42
-134
-242
-339
-400
-430
-442
-446
-438
-451
-521
-640
-745
-791
-801
-824
-847
-839
-826
-875
-994
-1089
-1121
-1114
-1111
-1074
-999
-949
-956
-993
-1017
-992
-920
-816
-715
-624
-547
-506
-516
-544
-509
-401
-282
-214
-181
-130
-88
-97
-100
-37
57
125
146
157
190
219
231
254
318
394
426
398
356
354
363
373
380
372
347
288
221
219
252
266
243
228
234
234
222
238
303
361
394
412
455
502
512
497
504
553
586
591
598
649
704
691
611
533
493
457
416
406
445
471
436
350
279
232
152
74
55
124
193
193
168
144
105
29
-38
-37
41
147
220
231
202
156
101
35
-4
18
63
81
49
18
6
-32
-117
-208
-244
-240
-267
-320
-336
-305
-305
-367
-443
-487
-501
-529
-563
-570
-539
-519
-549
-611
-655
-695
-771
-838
-837
-755
-656
-605
-614
-655
-693
-729
-752
-706
-552
-355
-244
-227
-231
-222
-219
-200
-114
38
180
234
214
185
186
192
183
186
266
353
356
292
238
216
164
67
24
95
209
248
210
141
89
47
0
18
139
294
370
351
330
367
412
422
447
534
607
610
570
586
668
707
670
612
595
594
590
582
586
574
513
432
372
351
347
329
274
202
140
87
41
2
-4
7
-28
-96
-135
-132
-154
-234
-337
-392
-371
-308
-242
-177
-136
-176
-303
-431
-446
-330
-168
-87
-87
-124
-186
-292
-393
-384
-282
-197
-181
-210
-247
-305
-401
-503
-528
-455
-375
-368
-401
-435
-478
-548
-600
-571
-451
-341
-329
-374
-410
-414
-420
-419
-355
-223
-124
-120
-157
-149
-100
-73
-65
-34
37
108
125
112
116
155
206
205
176
192
245
260
229
214
245
267
254
247
269
299
294
258
248
277
306
310
295
266
253
245
241
249
266
294
291
258
229
212
196
183
209
277
341
361
337
293
245
225
241
293
343
368
375
359
320
269
236
233
217
168
126
121
124
81
13
-25
-29
-61
-136
-187
-190
-185
-197
-208
-184
-154
-169
-220
-265
-269
-216
-143
-85
-57
-74
-114
-152
-159
-119
-63
-41
-60
-92
-136
-184
-217
-236
-248
-269
-268
-247
-245
-286
-342
-383
-420
-441
-401
-330
-298
-322
-374
-398
-387
-350
-305
-250
-200
-211
-269
-303
-259
-167
-108
-79
-56
-37
-49
-73
-59
-20
7
35
83
123
114
80
79
103
119
131
151
170
179
165
136
121
126
136
143
152
155
150
138
156
211
265
274
235
193
187
236
310
362
375
370
349
317
276
267
302
340
350
364
390
388
322
204
110
99
147
183
201
221
208
98
-66
-127
-53
44
63
40
21
-13
-83
-158
-146
-72
-5
24
36
19
-35
-110
-157
-136
-81
-19
15
1
-44
-106
-191
-258
-274
-228
-150
-93
-78
-138
-237
-321
-333
-272
-204
-191
-203
-181
-188
-230
-273
-266
-222
-216
-253
-266
-228
-201
-226
-267
-272
-252
-250
-259
-220
-150
-118
-165
-218
-202
-132
-79
-82
-84
-64
-39
-23
-17
11
46
67
54
42
83
129
127
96
100
131
144
132
128
153
180
189
195
199
206
213
198
166
152
167
188
181
177
186
189
182
184
217
239
227
194
170
171
207
257
287
279
252
228
206
189
177
175
175
181
187
179
150
106
41
-44
-96
-78
-8
35
29
-12
-71
-120
-147
-139
-99
-64
-50
-45
-41
-38
-59
-95
-119
-98
-57
-34
-26
-16
-13
-49
-109
-140
-124
-86
-61
-83
-126
-157
-185
-207
-201
-164
-145
-184
-245
-247
-186
-161
-198
-251
-251
-210
-203
-211
-193
-174
-192
-228
-227
-178
-136
-137
-145
-111
-57
-40
-51
-56
-39
-26
-26
-12
33
101
138
120
78
52
41
50
99
172
220
191
95
12
-8
5
32
52
78
82
52
20
5
7
22
43
63
88
117
150
162
151
138
150
185
204
216
239
265
267
243
231
238
234
204
166
153
153
137
121
120
128
107
50
-11
-25
23
54
47
8
-31
-53
-58
-43
-26
-23
-44
-58
-53
-46
-64
-91
-104
-94
-74
-53
-52
-75
-83
-60
-49
-61
-58
-40
-35
-35
-42
-37
-41
-60
-73
-61
-25
-21
-55
-103
-121
-113
-113
-117
-117
-132
-173
-206
-193
-146
-120
-153
-226
-266
-246
-198
-154
-121
-96
-102
-148
-189
-173
-106
-62
-51
-38
-9
6
-19
-39
-32
-5
12
16
35
73
89
42
-23
-46
-22
24
77
126
153
124
50
-7
11
71
114
113
105
107
90
65
47
61
84
95
96
106
137
141
115
100
108
128
145
168
204
225
204
165
149
174
204
220
214
196
173
148
149
156
161
148
104
46
23
37
50
44
12
-36
-73
-94
-96
-69
-21
2
-32
-86
-102
-80
-69
-76
-62
-30
3
14
-9
-26
-27
-54
-73
-50
-11
1
-13
-24
-34
-60
-93
-101
-82
-74
-93
-116
-128
-133
-145
-176
-227
-261
-261
-235
-203
-194
-209
-229
-247
-255
-250
-232
-189
-146
-125
-117
-91
-57
-44
-51
-50
-15
27
56
81
116
137
109
47
12
46
94
93
65
65
73
65
29
-11
-11
11
36
33
29
32
13
-41
-73
-43
24
67
61
55
74
92
77
51
77
129
158
160
169
202
226
197
134
108
138
179
191
207
220
198
130
60
59
99
117
112
100
81
44
-19
-53
-45
-30
-39
-57
-40
-19
-17
-37
-63
-64
-50
-41
-24
18
65
65
13
-32
-28
2
29
52
62
54
30
-1
-1
15
7
-32
-64
-60
-41
-22
-43
-102
-156
-191
-205
-186
-129
-85
-98
-155
-205
-220
-212
-198
-160
-115
-102
-120
-132
-116
-99
-107
-118
-98
-59
-22
2
13
5
-14
-36
-44
-32
-8
20
42
41
15
-8
-11
-7
7
38
62
59
35
14
8
23
51
64
57
48
56
65
56
45
47
52
41
38
71
111
105
76
65
70
72
81
115
164
187
165
119
86
107
150
166
147
122
106
82
50
63
101
102
39
-25
-33
-9
1
-19
-28
-34
-62
-93
-101
-77
-55
-72
-111
-121
-85
-39
-33
-39
-30
-27
-54
-67
-24
40
56
19
-5
19
47
37
8
7
37
51
34
23
24
7
-45
-88
-85
-69
-86
-142
-170
-156
-143
-159
-184
-187
-165
-147
-145
-133
-91
-66
-93
-124
-98
-33
6
6
-1
11
23
36
59
103
134
121
89
74
95
126
130
100
55
26
14
25
45
56
37
-15
-59
-61
-37
-22
-33
-55
-64
-56
-38
-22
-16
-33
-60
-69
-47
0
48
79
88
77
62
63
90
143
199
218
186
143
134
155
172
160
134
123
116
105
81
54
33
-6
-50
-60
-40
-22
-43
-90
-123
-131
-136
-156
-152
-113
-73
-69
-92
-97
-78
-37
-13
-22
-23
16
58
66
65
80
89
80
65
77
95
83
50
30
45
66
53
2
-43
-65
-72
-88
-110
-111
-84
-80
-110
-149
-161
-152
-142
-128
-108
-82
-80
-103
-124
-115
-82
-56
-52
-51
-35
-16
-10
-15
-10
12
36
38
39
59
80
80
58
39
45
61
75
74
65
67
50
18
3
15
37
35
7
-9
7
40
63
60
44
15
0
5
27
39
32
13
1
14
40
50
27
-5
-18
14
65
88
78
63
50
21
-16
-10
46
98
111
99
80
61
31
-1
-14
0
33
43
24
10
6
-22
-70
-96
-74
-35
-22
-40
-64
-74
-90
-108
-115
-87
-43
-10
-7
-25
-38
-46
-45
-40
-13
27
65
72
45
12
-4
4
5
10
27
50
58
39
9
-11
-11
-16
-35
-56
-50
-30
-26
-35
-36
-34
-66
-112
-129
-95
-33
-3
-30
-67
-63
-43
-41
-49
-39
-16
-10
-15
-8
23
42
17
-30
-43
-13
24
35
35
40
41
16
-9
1
55
104
104
74
53
52
56
45
28
24
45
51
28
3
3
0
-41
-73
-52
12
47
30
-5
-16
-3
1
3
20
50
58
40
25
21
35
53
56
59
72
87
79
51
36
45
43
26
24
40
56
49
12
-35
-61
-57
-31
-14
0
13
10
-24
-53
-57
-41
-31
-39
-42
-26
-14
-20
-52
-85
-82
-66
-62
-66
-58
-29
-13
-30
-51
-50
-32
-22
-30
-27
-2
22
16
-12
-31
-33
-30
-40
-44
-18
24
41
12
-23
-32
-28
-30
-21
11
45
34
-5
-24
-24
-19
-28
-13
28
55
49
16
-13
-25
-18
-2
15
32
40
35
17
-8
-32
-40
-25
16
48
54
36
10
-4
-2
12
36
61
68
59
40
23
6
-5
-1
23
53
59
40
10
-2
1
7
19
29
41
50
47
29
-6
-34
-44
-22
10
31
33
19
-11
-45
-57
-44
-18
6
27
39
26
-6
-39
-57
-53
-30
1
34
47
34
-2
-21
-19
-8
-6
5
37
53
41
10
-17
-40
-56
-61
-47
-14
16
9
-32
-68
-65
-41
-34
-26
-15
1
7
1
-1
-5
-15
-30
-32
-12
19
37
35
19
1
-17
-24
-9
17
40
36
12
-15
-38
-49
-44
-33
-24
-18
-6
4
-1
-19
-38
-35
-12
4
7
1
0
-2
-9
-17
-20
-1
19
15
6
7
19
24
24
30
41
41
25
15
26
50
62
48
38
44
43
17
-5
-6
20
43
39
19
1
-7
-17
-28
-21
7
23
24
16
3
-10
-23
-34
-23
8
20
11
-2
-7
-13
-21
-27
-20
-5
12
31
43
28
-2
-40
-58
-32
5
33
33
15
-6
-25
-37
-39
-20
1
1
-3
-5
-4
-12
-32
-37
-43
-39
-16
7
23
25
5
-23
-46
-46
-32
-16
-7
-6
-4
-6
-5
0
12
16
-2
-10
13
35
42
31
15
-5
-21
-26
-13
0
4
-7
-18
-16
-14
-15
-18
-21
-22
-12
6
6
-6
-18
-25
-17
6
28
30
23
22
22
26
24
21
28
35
49
57
53
33
12
6
10
13
14
20
25
16
-4
-17
-17
-18
-27
-27
-13
-2
-9
-29
-33
-13
-3
-12
-19
-6
9
8
1
5
18
22
10
9
17
20
15
5
8
12
10
14
13
1
-12
-9
4
17
14
4
-5
-8
-14
-13
3
22
30
21
12
3
-9
-35
-49
-31
6
19
-2
-24
-27
-25
-33
-47
-35
-7
5
-2
-7
-6
-7
-24
-36
-19
3
9
3
3
8
-2
-23
-34
-22
-5
2
7
9
6
-8
-26
-24
-13
-5
-4
-4
-5
-7
-9
-14
-14
-14
-16
-9
6
26
26
7
-14
-23
-11
7
21
26
29
22
9
7
15
30
38
34
32
39
49
47
37
17
5
0
-3
6
21
29
26
8
-7
-11
-4
-2
-9
-16
-20
-17
-11
-8
-11
-17
-17
-13
-1
11
12
9
5
-1
-2
15
33
33
19
7
5
5
3
0
4
10
15
9
-11
-29
-31
-19
-9
-4
-8
-11
-11
-17
-23
-19
-13
-16
-16
-6
11
23
18
2
-9
-6
-1
-4
-5
-2
3
-1
-8
-12
-4
2
-2
-10
-15
-13
-8
0
5
1
-8
-18
-23
-22
-10
1
3
-2
-10
-21
-25
-24
-17
-9
-8
-4
-2
-9
-20
-26
-25
-24
-15
-8
-4
4
-1
-8
-7
-2
4
14
25
33
33
23
13
15
22
29
33
29
21
12
11
16
20
24
25
24
18
11
4
0
3
2
-4
-3
10
14
9
-5
-14
-17
-7
5
15
23
22
15
1
-8
-10
-9
-1
7
20
21
12
-3
-17
-17
-11
-3
14
19
15
9
3
-5
-10
-13
-12
-6
4
9
4
-5
-16
-20
-22
-16
-11
-8
-5
-7
-18
-24
-23
-21
-16
-7
3
8
6
-1
0
6
10
9
4
6
15
10
2
-7
-17
-18
-17
-15
-11
-10
-6
-5
-9
-6
-2
2
-4
-11
-11
-6
2
-4
-7
-2
3
2
-3
-4
4
11
8
-1
-4
0
5
1
-3
3
10
18
15
6
3
4
4
3
-1
2
3
-2
-10
-11
-4
1
3
7
17
21
17
5
1
5
10
3
-7
-9
2
9
5
2
4
4
-3
-9
-3
8
15
13
10
13
12
1
-3
3
4
2
-5
-9
-11
-7
-7
-8
-7
-3
-2
-5
-11
-15
-16
-14
-11
-12
-8
-2
1
3
-1
-6
-7
-2
6
14
14
11
9
1
-8
-10
-11
-13
-7
-5
2
5
-3
-9
-5
1
1
3
5
8
6
-1
-11
-13
-6
2
13
23
26
21
12
5
0
0
0
4
10
14
10
6
-2
-3
-2
5
11
12
12
11
12
6
5
7
2
1
4
10
10
7
1
-9
-14
-16
-12
-7
-5
-5
-2
0
0
-4
-4
-2
-4
-9
-8
-4
3
0
-5
-3
-5
-5
-6
-8
-2
3
-2
-3
-3
-8
-14
-13
-10
-8
-2
2
5
9
9
5
-4
-6
1
8
10
7
2
-5
-11
-16
-14
-8
-1
3
4
4
-2
-6
-7
-6
-1
4
10
12
11
8
5
4
5
2
2
6
4
-5
-13
-16
-16
-12
-8
-4
2
5
5
-2
-9
-8
-6
1
4
3
-1
-8
-12
-13
-8
-6
-5
-1
3
2
2
3
3
5
9
15
19
21
19
7
-1
-1
-3
-1
1
7
9
7
4
-5
-5
-4
-4
-5
-2
0
-3
-9
-15
-20
-19
-12
-7
0
3
10
11
13
15
17
16
15
14
11
7
0
-5
-9
-7
-5
1
6
2
1
-4
-9
-8
-4
4
11
11
10
4
3
2
0
5
9
13
10
6
4
3
-1
1
2
7
17
19
17
11
9
5
2
1
6
14
11
4
-2
-8
-4
-4
-6
-6
-6
-4
-3
-4
-6
-9
-14
-15
-15
-15
-15
-12
-13
-17
-23
-26
-28
-23
-23
-18
-11
-12
-13
-13
-13
-13
-11
-10
-4
4
7
5
4
6
6
4
5
6
6
6
0
-6
-12
-13
-10
-4
1
5
7
3
0
1
3
8
10
8
10
10
8
8
9
14
18
20
22
21
19
11
7
6
1
-2
-4
0
1
0
-3
-4
-1
1
6
9
8
8
5
2
3
7
9
12
11
5
3
0
-4
-8
-7
-5
-1
-1
-2
-6
-4
-3
-2
0
5
7
6
2
-1
1
1
5
8
5
5
1
-6
-10
-11
-8
-5
-1
0
-6
-10
-19
-21
-17
-10
-4
-3
-2
-2
-5
-7
-4
-1
7
15
16
13
11
4
1
-3
-4
-2
2
0
-5
-9
-16
-23
-27
-24
-19
-14
-11
-11
-9
-10
-7
-3
2
5
11
15
13
13
11
12
13
13
10
6
3
-1
-7
-9
-8
-6
-4
-3
-2
0
1
1
4
6
8
11
16
17
14
15
14
9
5
5
6
9
7
0
-1
-2
-5
-5
-4
-5
-3
-3
-5
-8
-12
-10
-11
-8
-7
-5
-3
-4
-6
-10
-8
-6
-4
-1
1
1
2
-2
-4
-1
-3
0
1
2
2
2
3
0
-1
-4
-4
-2
-2
-4
-3
1
5
7
8
11
9
4
5
6
8
14
15
12
11
11
5
5
5
8
9
9
8
10
12
8
4
4
2
3
5
6
6
1
-2
-7
-9
-11
-11
-11
-10
-12
-13
-13
-14
-17
-19
-21
-18
-15
-15
-13
-10
-6
-4
-2
-1
-3
-3
-3
-2
-1
0
3
5
3
-2
-6
-6
-6
-4
-1
3
3
4
3
1
-1
-2
-1
-1
2
8
11
15
18
18
20
26
25
24
22
16
9
2
-1
-1
2
3
0
-3
-1
-4
-11
-12
-10
-13
-11
-6
-5
-5
-4
-4
-5
-6
-2
0
0
-3
-6
-7
-9
-11
-16
-15
-11
-14
-9
-5
-6
-3
-5
-6
-4
-2
1
-1
1
4
6
5
4
4
6
10
12
12
12
13
12
13
11
9
10
10
8
8
5
4
6
7
8
6
5
-1
-7
-12
-16
-14
-11
-9
-3
-2
-5
-7
-5
-4
-2
1
4
2
-1
-5
-7
-10
-12
-12
-12
-7
-8
-10
-9
-10
-9
-8
-6
0
2
3
6
6
5
4
6
9
13
10
10
13
12
13
15
22
25
28
29
27
25
24
21
17
14
15
14
13
10
5
6
5
1
2
0
0
-4
-5
-8
-9
-8
-11
-13
-16
-19
-21
-16
-18
-17
-19
-20
-19
-19
-20
-21
-23
-23
-26
-25
-25
-24
-23
-23
-21
-21
-20
-19
-20
-18
-16
-13
-8
-5
-4
-6
-6
-5
-4
-3
-3
2
5
4
4
6
7
8
12
15
15
17
20
19
20
21
22
20
19
20
19
18
18
17
18
18
18
18
18
17
16
15
15
12
13
13
8
5
4
5
7
8
10
11
10
8
6
3
1
-1
-8
-11
-12
-15
-17
-18
-19
-16
-14
-13
-14
-13
-12
-12
-11
-9
-9
-6
-2
-3
-5
-5
-3
-3
-2
-2
-1
0
-1
-2
-3
-3
-1
0
4
3
1
3
1
3
-2
-5
-2
-2
1
3
1
2
3
3
5
5
6
4
4
4
2
2
4
2
-1
-2
-2
2
4
6
5
2
-1
-5
-6
-8
-9
-11
-12
-15
-16
-14
-12
-11
-12
-14
-13
-14
-14
-10
-5
-5
-3
-1
2
2
2
2
1
2
3
5
8
8
10
9
11
14
12
9
7
6
