-1
0
0
1
0
0
1
0
0
1
0
1
0
0
0
-1
0
0
0
0
1
1
0
0
0
0
0
0
-1
0
0
-1
0
-1
1
-1
0
0
1
0
0
0
0
0
0
-1
0
0
0
0
0
1
0
-1
0
0
0
1
-1
-1
0
0
0
0
-1
0
0
-1
0
0
0
0
0
-1
0
1
0
0
0
0
0
1
1
1
0
0
0
-1
0
0
0
0
1
0
0
0
0
0
0
1
0
0
-2
0
1
0
0
-1
0
0
0
1
0
0
0
1
0
0
0
1
0
0
0
1
0
-1
0
0
1
0
0
-1
1
0
0
0
-1
0
-1
-1
-1
0
-1
0
1
0
0
1
0
-1
0
0
-1
0
-1
0
0
0
1
0
1
0
0
0
1
1
0
0
0
1
0
-1
-1
0
1
-1
-1
-1
0
1
0
0
0
1
0
0
1
0
0
1
0
0
0
0
0
0
1
0
0
0
1
-1
0
1
0
-1
0
0
0
0
0
0
1
-1
1
0
-1
0
0
0
1
0
0
0
0
1
0
0
-1
-1
0
0
0
-1
0
0
-1
-1
0
1
0
0
0
0
0
0
0
0
-1
0
0
1
0
0
-1
0
0
0
0
0
1
-1
0
-1
0
0
0
-1
0
0
1
1
0
0
0
1
0
0
0
-1
1
1
0
0
1
1
1
0
0
0
1
0
0
1
1
0
0
0
1
0
-1
0
0
0
0
1
0
0
0
1
0
1
0
-1
1
0
1
-1
1
1
-1
0
0
0
1
0
0
-1
0
0
1
1
0
0
-1
1
0
-1
0
0
0
0
1
0
0
-1
1
0
1
1
0
0
0
1
0
0
1
0
0
0
-1
0
0
0
0
0
-1
0
-1
-1
1
0
1
1
0
-1
0
1
0
0
1
2
0
0
-1
0
0
0
1
0
0
0
0
-1
1
1
0
0
0
-1
-1
1
0
-1
0
1
-1
0
0
1
0
0
-1
0
0
1
0
0
-1
0
0
0
0
0
0
1
0
0
-1
1
0
0
-1
0
0
1
0
-1
0
0
0
0
0
0
0
1
0
0
0
0
0
-1
-1
0
0
0
0
0
0
0
1
0
0
1
0
0
1
0
0
0
0
-1
0
0
1
0
0
0
0
1
0
0
-1
0
0
0
0
0
-1
0
0
0
0
0
-1
-1
1
0
0
-1
0
0
0
1
0
0
0
0
0
1
0
0
-1
0
0
-1
0
0
0
-1
0
0
0
-1
1
0
0
0
0
0
0
0
0
0
1
0
0
0
-1
0
1
0
0
0
0
0
0
1
0
0
1
0
-1
0
-1
0
0
0
-1
0
1
0
0
1
0
-1
1
0
0
0
1
0
0
0
1
0
0
1
0
-1
0
0
0
1
0
0
0
0
0
1
0
0
0
0
0
1
0
-1
0
0
0
0
0
0
1
0
0
1
0
0
1
0
0
0
-1
1
0
0
0
0
-1
0
-1
-1
0
0
0
0
0
0
0
-1
1
0
0
0
-1
1
0
0
0
0
0
-1
1
-1
0
0
0
1
0
0
0
0
0
-1
1
0
0
0
0
0
0
0
-1
0
-1
0
0
0
0
-1
0
0
0
1
0
0
0
-1
0
0
1
0
0
0
0
0
0
-1
0
-1
0
0
0
0
0
0
0
-1
1
1
-1
0
0
0
0
1
0
-1
1
0
0
0
0
0
-1
-1
0
0
0
0
1
0
0
0
1
-1
1
1
0
0
1
0
-1
0
0
1
0
1
0
0
1
1
0
0
0
0
-1
1
0
-1
0
0
0
0
0
0
0
1
0
-1
0
1
1
0
0
0
0
-1
0
0
1
0
0
0
1
0
0
0
0
0
0
0
0
0
0
1
1
0
0
1
1
0
-1
0
0
-1
0
0
1
0
1
0
0
1
0
0
0
0
0
0
0
0
0
0
1
0
0
0
0
0
0
-1
-1
1
0
0
1
0
0
-1
0
0
1
0
1
0
0
0
0
1
-1
0
0
0
0
0
0
0
0
0
0
0
0
0
0
-1
0
0
0
0
1
-1
0
0
0
0
0
0
0
-1
0
0
0
-1
0
0
1
0
-1
0
0
0
0
1
1
1
0
0
-1
0
0
-1
0
0
0
0
-1
0
0
1
0
1
0
1
0
0
0
0
1
1
0
0
0
0
0
0
0
-1
1
-1
0
-1
0
0
0
0
0
0
0
0
0
0
0
0
0
0
1
0
0
0
0
0
0
0
0
0
0
0
0
0
0
-1
0
0
0
1
0
0
0
0
-1
0
-1
0
1
0
0
1
0
0
0
0
0
0
0
0
0
0
1
-1
0
-1
0
0
-1
0
0
0
0
-1
0
0
0
0
0
1
0
0
0
0
0
0
0
-1
0
0
0
0
0
0
-1
0
0
0
0
0
0
-1
0
-1
0
-1
0
0
1
0
0
0
0
0
0
0
0
0
0
0
0
1
0
0
0
0
1
0
-1
0
1
0
0
0
0
0
0
0
-1
-1
0
0
0
1
0
-1
0
0
-1
0
0
0
-1
0
0
1
0
0
0
0
0
0
1
0
0
0
0
1
0
0
0
1
1
0
0
0
0
0
0
1
0
1
0
0
0
1
0
0
0
-1
1
1
0
-1
0
0
0
0
0
0
0
0
0
0
0
1
0
1
0
0
0
0
0
0
0
1
0
0
-1
0
-1
0
0
-1
0
0
0
0
0
0
0
0
0
-1
0
0
0
0
0
0
0
0
0
0
0
0
0
0
0
0
0
0
0
0
0
0
0
-1
0
-1
1
0
0
1
0
-1
0
0
1
0
-1
1
0
0
0
0
0
0
0
0
0
0
0
0
0
0
0
0
1
-1
0
0
-1
0
1
0
0
1
-1
0
1
-1
0
0
0
1
0
0
1
0
0
0
0
1
-1
-1
0
-1
0
0
0
0
0
-1
0
-1
-1
-1
0
-1
-1
1
1
-1
-1
0
0
0
0
0
-1
0
0
0
0
0
0
0
0
0
-1
0
1
1
-1
0
0
0
0
0
0
0
0
1
0
1
0
0
0
0
0
1
1
-1
0
0
0
1
-1
0
0
0
1
-1
1
1
0
0
1
0
0
0
1
1
1
1
0
0
1
0
0
0
0
1
0
0
0
0
1
0
1
1
0
-1
0
1
0
0
0
0
0
0
0
0
0
1
0
0
1
1
0
-1
1
0
0
0
0
0
1
1
0
0
0
0
0
1
0
0
1
1
0
-1
0
0
0
0
0
0
-1
0
1
-1
0
-1
0
0
-1
0
0
0
0
-1
1
-1
0
1
0
0
0
0
-1
0
-1
-1
0
0
0
0
0
0
-1
0
0
-1
0
0
0
0
1
0
1
-1
-1
0
0
0
0
0
0
0
1
-1
1
0
0
1
0
0
0
0
1
0
0
1
0
0
1
1
0
0
-1
1
1
1
0
1
1
1
1
1
0
1
1
-1
0
0
0
0
0
1
0
0
-1
0
0
0
0
1
-1
0
1
-1
-1
0
0
-1
0
0
0
0
-1
0
0
0
-1
0
0
0
0
0
0
0
0
1
-1
-1
-1
1
0
0
-1
0
0
0
1
0
-1
0
0
0
0
-1
0
-1
0
0
0
0
0
0
0
1
0
0
-1
0
-1
1
0
0
0
0
0
0
0
0
2
0
0
0
0
-1
-1
0
-1
0
-1
0
-1
-2
-1
0
-2
-1
0
-1
-1
-1
-2
-1
-1
-1
-1
0
-1
-1
0
1
0
0
1
1
2
0
1
2
1
1
2
2
3
3
2
2
3
3
3
2
2
1
3
3
3
2
2
2
1
2
2
3
1
1
1
1
1
0
0
0
-1
-2
-1
-2
-1
-2
-2
-2
-3
-2
-2
-3
-3
-4
-4
-4
-4
-3
-3
-4
-3
-3
-2
-3
-3
-3
-2
-2
-2
-1
-1
0
-1
-1
-1
0
0
0
0
-1
0
1
-1
1
1
1
0
0
1
1
0
1
1
0
0
1
-1
0
0
0
-1
-1
-2
-1
-1
-1
-2
-1
-2
-3
-2
-3
-3
-3
-2
-3
-2
-2
-3
-3
-1
-1
-1
0
0
1
1
1
2
2
3
3
4
4
5
6
6
7
7
9
9
10
10
11
11
11
12
13
14
13
13
13
12
12
13
12
12
10
10
9
8
8
6
5
5
4
3
1
0
-1
-3
-4
-6
-7
-9
-9
-11
-12
-15
-17
-17
-18
-20
-21
-21
-22
-24
-25
-24
-25
-27
-26
-26
-27
-26
-27
-26
-25
-25
-22
-22
-22
-21
-21
-20
-18
-17
-16
-16
-14
-14
-11
-9
-8
-7
-4
-2
1
3
5
7
10
13
18
21
24
29
31
35
39
43
46
51
53
56
59
62
65
67
68
69
70
70
69
69
67
66
63
60
56
52
48
42
36
33
27
22
17
12
9
4
-1
-3
-8
-13
-18
-23
-27
-33
-38
-43
-49
-54
-59
-65
-71
-75
-80
-84
-86
-89
-91
-94
-96
-97
-99
-98
-99
-95
-95
-95
-93
-91
-91
-90
-89
-88
-88
-86
-82
-80
-79
-75
-74
-73
-71
-68
-66
-63
-58
-53
-44
-35
-26
-15
-7
2
8
15
21
27
32
36
42
47
53
59
66
71
77
84
88
96
102
107
119
123
131
140
149
159
170
184
198
213
228
244
258
273
287
299
311
322
328
334
340
342
342
339
334
323
309
290
270
247
219
192
162
134
103
69
35
3
-32
-68
-99
-135
-167
-199
-230
-260
-289
-316
-341
-364
-383
-403
-425
-444
-463
-482
-498
-515
-532
-547
-562
-573
-582
-585
-588
-587
-582
-575
-565
-555
-542
-531
-517
-499
-484
-464
-444
-422
-400
-373
-342
-313
-281
-249
-218
-184
-148
-113
-83
-54
-23
7
40
74
106
143
186
231
278
332
388
443
497
554
610
668
722
777
827
878
926
968
1006
1037
1062
1080
1093
1102
1102
1097
1087
1071
1047
1016
982
938
892
837
775
710
639
563
482
399
315
229
143
60
-27
-110
-191
-270
-353
-432
-508
-584
-658
-728
-793
-852
-904
-952
-997
-1036
-1066
-1092
-1109
-1120
-1126
-1120
-1107
-1083
-1054
-1019
-975
-923
-864
-800
-737
-671
-600
-529
-452
-374
-297
-222
-149
-75
-5
61
126
189
248
305
360
409
454
497
537
572
606
633
662
688
707
722
732
738
738
731
717
693
664
627
585
534
472
403
327
245
156
65
-30
-130
-232
-331
-430
-531
-631
-728
-824
-916
-1002
-1081
-1156
-1224
-1285
-1342
-1385
-1417
-1442
-1452
-1453
-1440
-1416
-1381
-1336
-1280
-1215
-1137
-1045
-942
-826
-696
-561
-410
-251
-85
90
270
455
643
833
1020
1206
1386
1563
1730
1888
2037
2176
2296
2402
2492
2566
2623
2658
2673
2663
2636
2588
2518
2434
2334
2220
2090
1949
1793
1627
1451
1268
1075
874
667
461
256
46
-161
-368
-575
-777
-974
-1161
-1340
-1508
-1666
-1811
-1941
-2057
-2154
-2238
-2303
-2348
-2379
-2388
-2378
-2352
-2302
-2240
-2163
-2070
-1962
-1843
-1713
-1575
-1427
-1276
-1118
-959
-795
-631
-467
-303
-140
17
167
310
444
569
686
794
892
979
1053
1118
1168
1203
1225
1231
1223
1204
1172
1127
1072
1006
924
831
727
614
492
361
223
80
-65
-212
-359
-508
-658
-811
-954
-1085
-1216
-1336
-1446
-1548
-1638
-1712
-1774
-1823
-1861
-1886
-1892
-1889
-1875
-1848
-1808
-1751
-1678
-1587
-1476
-1346
-1201
-1035
-851
-650
-439
-219
9
246
491
742
998
1255
1508
1758
2004
2242
2466
2674
2868
3042
3196
3328
3434
3517
3575
3607
3614
3597
3554
3486
3393
3278
3142
2983
2800
2600
2378
2141
1893
1633
1358
1079
793
500
209
-84
-377
-669
-955
-1235
-1501
-1754
-1996
-2223
-2432
-2619
-2791
-2941
-3065
-3171
-3251
-3307
-3335
-3343
-3326
-3287
-3223
-3135
-3028
-2899
-2759
-2596
-2419
-2231
-2029
-1817
-1597
-1369
-1136
-895
-648
-400
-153
92
329
560
784
998
1198
1383
1550
1704
1839
1955
2051
2127
2179
2209
2221
2212
2181
2127
2045
1944
1823
1684
1531
1363
1178
986
783
573
360
144
-72
-286
-496
-705
-905
-1099
-1282
-1459
-1622
-1774
-1918
-2049
-2171
-2283
-2381
-2470
-2543
-2602
-2650
-2678
-2690
-2685
-2663
-2619
-2549
-2454
-2334
-2191
-2016
-1813
-1586
-1329
-1049
-748
-434
-110
228
575
927
1281
1626
1965
2291
2601
2903
3184
3435
3657
3848
4013
4149
4249
4316
4348
4345
4308
4237
4139
4012
3852
3666
3463
3239
2996
2747
2482
2205
1918
1622
1315
1004
688
368
51
-269
-587
-904
-1211
-1509
-1797
-2073
-2335
-2583
-2812
-3022
-3208
-3368
-3505
-3618
-3706
-3758
-3780
-3773
-3737
-3670
-3572
-3448
-3299
-3129
-2933
-2721
-2489
-2243
-1986
-1717
-1442
-1166
-889
-613
-339
-72
184
429
662
880
1089
1286
1460
1611
1739
1857
1963
2047
2112
2158
2186
2198
2192
2170
2126
2067
1986
1888
1772
1638
1489
1322
1142
951
750
539
322
99
-120
-340
-567
-794
-1020
-1244
-1467
-1680
-1886
-2087
-2275
-2458
-2628
-2783
-2923
-3042
-3141
-3222
-3280
-3323
-3332
-3306
-3249
-3152
-3024
-2862
-2664
-2420
-2135
-1815
-1467
-1104
-719
-316
106
543
982
1415
1833
2232
2623
2999
3347
3673
3960
4207
4424
4611
4766
4887
4966
4997
4983
4932
4851
4743
4606
4437
4244
4022
3789
3544
3283
3011
2720
2411
2084
1752
1416
1074
725
368
2
-364
-732
-1087
-1441
-1794
-2137
-2473
-2789
-3083
-3357
-3607
-3837
-4040
-4215
-4354
-4453
-4516
-4536
-4514
-4452
-4350
-4215
-4045
-3843
-3613
-3351
-3072
-2774
-2459
-2140
-1803
-1455
-1112
-781
-458
-150
149
437
707
960
1198
1417
1615
1795
1954
2093
2205
2293
2362
2413
2446
2460
2454
2431
2389
2325
2245
2146
2027
1883
1718
1535
1343
1146
938
724
506
284
60
-165
-391
-602
-811
-1009
-1196
-1373
-1534
-1682
-1816
-1951
-2087
-2233
-2383
-2543
-2702
-2857
-3014
-3171
-3311
-3414
-3459
-3463
-3433
-3369
-3263
-3107
-2899
-2627
-2286
-1895
-1473
-1011
-504
46
616
1176
1701
2192
2648
3073
3475
3836
4143
4386
4575
4722
4831
4906
4932
4896
4800
4668
4526
4386
4258
4123
3976
3828
3675
3521
3358
3178
2962
2713
2440
2153
1866
1566
1244
890
495
75
-366
-829
-1306
-1797
-2294
-2766
-3196
-3575
-3914
-4209
-4461
-4674
-4843
-4952
-4989
-4957
-4859
-4689
-4440
-4118
-3752
-3359
-2954
-2558
-2175
-1795
-1413
-1032
-666
-319
13
327
611
849
1037
1180
1284
1361
1435
1520
1614
1702
1784
1854
1912
1940
1943
1931
1903
1856
1794
1739
1682
1602
1491
1353
1181
965
713
455
211
-20
-243
-468
-692
-921
-1153
-1385
-1624
-1868
-2119
-2358
-2565
-2728
-2864
-2995
-3133
-3296
-3477
-3658
-3808
-3931
-4048
-4138
-4130
-3984
-3726
-3355
-2867
-2297
-1719
-1165
-574
89
786
1471
2174
2891
3563
4138
4646
5078
5346
5390
5266
5057
4785
4497
4238
3991
3678
3297
2959
2718
2533
2380
2311
2341
2432
2591
2890
3289
3611
3750
3757
3709
3556
3272
2923
2519
1985
1280
513
-222
-978
-1791
-2606
-3311
-3875
-4297
-4511
-4524
-4455
-4410
-4372
-4257
-4061
-3810
-3476
-3041
-2564
-2131
-1760
-1447
-1265
-1260
-1372
-1484
-1551
-1564
-1485
-1294
-1064
-886
-772
-687
-614
-518
-352
-80
298
716
1137
1545
1858
2025
2071
2041
1982
1914
1872
1848
1801
1707
1581
1430
1244
1032
835
674
536
438
392
372
276
58
-225
-503
-761
-1008
-1203
-1340
-1501
-1737
-1988
-2166
-2286
-2403
-2503
-2572
-2619
-2636
-2569
-2411
-2236
-2046
-1799
-1554
-1455
-1536
-1697
-2023
-2724
-3734
-4606
-4963
-4896
-4589
-3979
-3012
-1957
-1134
-440
399
1355
2214
2982
3897
4965
5925
6587
6946
6988
6607
5834
4893
3989
3218
2600
2102
1634
1190
903
843
918
1017
1216
1615
2160
2754
3416
4153
4746
4948
4785
4477
4095
3543
2820
2070
1313
455
-511
-1423
-2193
-2941
-3689
-4302
-4632
-4675
-4474
-4066
-3556
-3124
-2830
-2572
-2288
-2013
-1793
-1574
-1345
-1185
-1165
-1267
-1474
-1825
-2268
-2653
-2832
-2778
-2535
-2130
-1584
-1021
-537
-183
74
324
587
914
1308
1700
2000
2130
2078
1866
1499
1044
642
402
322
316
349
374
355
296
261
295
380
494
685
976
1208
1211
981
654
268
-113
-424
-652
-843
-1153
-1578
-2022
-2385
-2632
-2811
-2951
-3079
-3140
-3079
-2891
-2617
-2208
-1575
-865
-420
-339
-439
-802
-1909
-3829
-5748
-6771
-6932
-6688
-5961
-4426
-2460
-984
-188
575
1687
2764
3520
4356
5615
6953
7775
8016
7895
7373
6239
4630
3070
1921
1191
669
235
-74
-147
65
435
872
1461
2294
3228
4062
4905
5878
6687
6810
6241
5474
4732
3788
2546
1362
463
-428
-1531
-2592
-3339
-3928
-4569
-5093
-5148
-4746
-4136
-3426
-2604
-1830
-1361
-1220
-1213
-1205
-1231
-1315
-1407
-1491
-1677
-2075
-2656
-3291
-3846
-4195
-4279
-4076
-3564
-2761
-1743
-717
160
773
1117
1319
1523
1828
2178
2476
2597
2524
2311
1933
1379
705
102
-286
-421
-308
-56
241
495
620
652
656
654
679
767
931
1140
1308
1332
1230
939
508
27
-402
-858
-1449
-2018
-2413
-2553
-2624
-2776
-2964
-3151
-3285
-3402
-3438
-3179
-2515
-1684
-958
-304
174
-36
-1584
-4092
-6409
-7740
-8273
-8314
-7408
-5316
-2767
-933
94
989
1972
2699
3150
3985
5447
7000
8006
8387
8342
7749
6400
4421
2360
789
-101
-443
-512
-345
186
1040
1917
2546
3126
3850
4618
5249
5920
6858
7717
7891
7252
6248
5100
3610
1781
84
-1116
-1976
-2734
-3306
-3538
-3647
-3914
-4257
-4319
-3932
-3236
-2357
-1392
-475
152
379
228
-250
-964
-1789
-2501
-3006
-3398
-3830
-4308
-4758
-5090
-5242
-5241
-5025
-4483
-3561
-2305
-920
391
1391
1966
2152
2135
2032
1865
1633
1385
1157
849
456
-12
-456
-822
-1001
-935
-638
-169
384
944
1381
1687
1841
1917
1822
1615
1501
1572
1650
1423
1072
805
717
438
-148
-719
-1089
-1439
-1989
-2290
-2139
-1970
-2315
-2930
-3230
-3217
-3184
-2952
-2196
-1217
-550
-273
-153
-776
-2792
-5702
-7990
-8915
-9138
-8863
-7456
-4654
-1806
-60
995
2203
3469
4099
4479
5393
6853
7999
8390
8424
8161
7245
5428
3163
1058
-564
-1485
-1734
-1583
-1240
-508
775
2155
3162
3947
4889
5844
6366
6696
7310
7968
7861
6894
5687
4546
3099
1190
-632
-1912
-2765
-3555
-4104
-4141
-3876
-3650
-3441
-2966
-2229
-1490
-920
-432
22
326
321
-24
-604
-1309
-2106
-2947
-3741
-4450
-5042
-5563
-5902
-5877
-5491
-4830
-4049
-3063
-1833
-493
735
1655
2199
2395
2371
2201
1925
1568
1142
708
277
-87
-472
-827
-1039
-1095
-879
-427
153
714
1141
1433
1585
1580
1500
1274
1029
778
559
508
576
764
732
590
349
11
-514
-1212
-1685
-1973
-2132
-2334
-2425
-2335
-2319
-2455
-2578
-2284
-1690
-1173
-660
-83
144
-1176
-4047
-7150
-9059
-9757
-9994
-9327
-7183
-3938
-1201
435
1690
3050
4059
4340
4765
5957
7465
8414
8681
8609
7937
6327
3953
1533
-364
-1559
-1953
-1850
-1507
-973
37
1400
2649
3642
4630
5751
6659
7292
8033
8809
8898
7921
6365
4872
3333
1412
-571
-1941
-2732
-3387
-3929
-4068
-3878
-3747
-3683
-3302
-2380
-1232
-164
806
1572
1828
1476
773
-75
-1110
-2289
-3287
-3948
-4376
-4842
-5430
-5997
-6313
-6247
-5775
-4900
-3699
-2242
-706
762
1940
2683
2921
2727
2299
1784
1309
896
526
153
-334
-870
-1372
-1769
-1902
-1748
-1213
-469
342
1090
1765
2242
2327
1987
1542
1236
915
634
450
700
834
645
136
-387
-806
-1438
-1909
-2190
-2248
-2434
-2658
-2646
-2443
-2329
-2360
-2303
-1876
-1293
-726
17
910
1466
278
-2655
-6180
-8705
-9982
-10631
-10206
-8221
-4927
-2022
-277
1065
2536
3774
4060
4143
5099
6816
8343
9070
9350
8991
7474
4761
1749
-583
-2022
-2602
-2586
-2142
-1437
-321
1186
2595
3592
4286
5117
5976
6801
7792
8907
9562
8996
7460
5617
3671
1404
-943
-2592
-3416
-3874
-4205
-4118
-3569
-3094
-3116
-3134
-2476
-1287
-177
683
1712
2722
3099
2446
1216
-58
-1413
-2945
-4402
-5352
-5842
-6195
-6624
-6733
-6268
-5354
-4294
-3223
-1870
-215
1439
2558
3019
3000
2684
2173
1556
1047
685
331
-148
-649
-1022
-1277
-1650
-1993
-2031
-1611
-904
-294
325
921
1445
1598
1463
1349
1134
682
54
-174
38
225
159
152
304
78
-819
-1801
-2372
-2879
-3603
-4112
-3824
-3122
-2522
-1872
-1007
-191
379
1070
1610
525
-2647
-6339
-8600
-9523
-10191
-10007
-7903
-4425
-1820
-668
437
2112
3446
3691
4103
5613
7503
8671
9079
9281
8938
7339
4558
1526
-893
-2251
-2489
-2009
-1405
-799
223
1627
2813
3497
4179
5195
6045
6580
7386
8690
9519
8892
7243
5500
3699
1391
-1076
-2742
-3462
-3918
-4336
-4296
-3708
-3172
-3065
-2990
-2437
-1552
-630
302
1393
2447
2903
2514
1386
-30
-1510
-3004
-4416
-5612
-6458
-6949
-7058
-6665
-5749
-4456
-3121
-1948
-750
604
1985
2931
3277
3211
2955
2568
1919
1083
216
-580
-1166
-1539
-1716
-1741
-1706
-1483
-1055
-389
260
705
863
852
902
940
1019
1017
1053
1078
1253
1617
1691
1390
549
-425
-1751
-3042
-3714
-3703
-3240
-3296
-3347
-3438
-3102
-2516
-2014
-1530
-1095
194
1537
1313
-1458
-5295
-7858
-9099
-10232
-11013
-9606
-5892
-2392
-683
409
2180
3652
3619
3155
4116
6253
7855
8469
8844
9074
8034
5498
2367
-326
-2148
-2921
-2612
-1775
-808
455
2167
3616
4382
4905
5799
6784
7282
7725
8642
9494
9147
7648
5996
4311
2064
-635
-2647
-3455
-3806
-4198
-4277
-3669
-3057
-2991
-2992
-2329
-1230
-329
477
1581
2766
3279
2888
1965
877
-540
-2320
-4015
-5128
-5742
-6380
-7088
-7385
-6864
-5716
-4316
-2860
-1334
183
1469
2408
2872
2898
2574
2108
1690
1224
711
145
-255
-594
-1095
-1700
-2353
-2598
-2349
-1714
-851
-141
476
843
1150
1289
1249
1163
930
954
1086
1482
1678
1315
625
-356
-1230
-2434
-3420
-3788
-3602
-3306
-3776
-4202
-4391
-3866
-3151
-2616
-1650
-225
1624
1833
-420
-4102
-7168
-8653
-9800
-10268
-8969
-5508
-1889
-163
561
1611
3020
3435
3156
3870
5856
7886
8817
9093
9070
8252
6145
3161
433
-1391
-1994
-1723
-1149
-506
324
1562
2613
3207
3719
4689
5886
6728
7493
8575
9594
9459
8004
6108
4223
2105
-152
-1660
-2096
-2289
-2930
-3608
-3739
-3670
-3962
-4261
-3821
-2656
-1412
-264
1069
2341
2779
2122
978
-54
-1030
-2184
-3313
-4033
-4461
-5165
-6046
-6528
-6329
-5596
-4554
-3179
-1455
233
1538
2405
2846
2812
2274
1544
952
617
480
425
320
45
-374
-831
-1281
-1724
-1923
-1649
-975
-334
65
318
475
617
628
627
725
834
1051
1162
1207
928
133
-822
-1707
-2159
-2416
-2528
-2678
-3003
-3593
-4241
-4331
-3962
-3399
-2493
-789
1096
1080
-1745
-5737
-8610
-9837
-10538
-10434
-8294
-4311
-752
874
1537
2378
3064
2781
2510
3726
6189
8342
9258
9361
8883
7336
4603
1433
-915
-1844
-1608
-885
-143
614
1465
2269
2698
3081
3818
4953
6054
7014
8279
9544
9873
8721
6833
5071
3313
1264
-596
-1385
-1344
-1450
-2152
-2886
-3256
-3650
-4242
-4511
-3734
-2098
-308
1184
2371
3096
2964
1910
436
-767
-1597
-2310
-2999
-3473
-3857
-4649
-5927
-7052
-7206
-6343
-4950
-3212
-1095
1137
2783
3400
3275
2816
2141
1321
654
470
593
608
278
-355
-1160
-2067
-2873
-3196
-2838
-1962
-1037
-368
-19
99
99
47
131
269
585
1083
1858
2633
2732
2078
730
-441
-1379
-2259
-2997
-3571
-3584
-3845
-4444
-4924
-4773
-3952
-3271
-2135
-323
1329
905
-2334
-6121
-8644
-9597
-10211
-10028
-7665
-3826
-608
527
957
1748
2422
2400
2443
4050
6649
8708
9393
9187
8543
6948
4363
1436
-395
-682
-48
439
428
634
1250
1900
2045
2260
3364
5077
6527
7556
8772
9888
9755
8113
5974
4331
2863
1262
2
-396
-448
-1094
-2267
-3291
-3901
-4548
-5193
-5052
-3722
-1818
-230
808
1529
1862
1591
691
-155
-517
-634
-1006
-1776
-2513
-3295
-4577
-6257
-7401
-7106
-5648
-3938
-2279
-611
1035
1981
2101
1878
1739
1813
1738
1704
1734
1721
1417
628
-327
-1289
-2017
-2448
-2357
-1578
-531
224
276
-120
-673
-1074
-1262
-1039
-189
1026
2288
2935
3053
2574
1575
16
-1863
-2942
-3408
-3549
-3971
-4376
-4431
-4713
-4900
-4907
-4213
-3027
-1422
588
1274
-566
-4460
-7705
-8988
-9527
-9717
-8530
-5151
-1756
-328
-109
636
1889
2105
1895
2870
5274
7555
8603
8919
8745
7727
5503
2836
928
317
745
1209
1034
398
166
615
1149
1642
2749
4692
6509
7495
8251
9197
9547
8410
6508
5174
4415
3351
1989
1241
993
117
-1788
-3607
-4485
-4727
-4857
-4575
-3475
-1986
-752
7
544
830
674
218
-158
-122
132
198
-314
-1400
-2766
-4230
-5642
-6760
-6924
-5930
-4212
-2649
-1463
-440
487
993
980
1004
1322
1905
2410
2718
2826
2490
1586
373
-761
-1505
-1996
-2049
-1645
-1014
-548
-694
-1123
-1675
-2145
-2282
-2007
-862
531
1806
2775
3264
3224
2040
317
-1097
-1753
-1984
-2414
-3019
-3843
-4796
-5729
-6276
-6105
-5365
-3786
-1254
1046
874
-2344
-6390
-8822
-9518
-9604
-8756
-6065
-2335
-5
264
121
626
1147
972
1433
3593
6511
8503
8893
8454
7407
5515
3007
849
166
1024
2372
2830
1992
819
327
356
538
1428
3502
5946
7434
8025
8730
9363
8751
6825
5107
4467
4238
3728
3286
3145
2407
434
-2099
-3877
-4643
-4944
-4862
-4181
-2969
-1833
-1110
-566
-191
-113
-182
-31
465
962
1119
926
174
-1282
-3197
-4939
-5912
-6115
-5590
-4544
-3415
-2668
-2392
-2132
-1649
-934
-67
965
2024
2819
3181
3051
2485
1607
755
157
-120
-284
-393
-378
-303
-458
-1053
-1841
-2356
-2465
-2267
-1842
-1175
-486
7
506
1268
1971
2003
1573
1196
1106
596
-468
-1744
-2901
-4111
-5449
-6256
-6199
-5507
-4704
-3378
-1373
-14
-1375
-5284
-8987
-10166
-9328
-8113
-6397
-3546
-535
561
-283
-884
-176
1082
1993
3323
5678
7940
8713
7738
6272
5004
3711
2263
1300
1695
3093
3949
3038
954
-606
-889
-342
791
3033
5982
7991
8205
7677
7659
7652
6760
5556
5265
5757
5865
5078
3979
2745
862
-1545
-3464
-4062
-3622
-2944
-2410
-2140
-2284
-2859
-3498
-3567
-2822
-1504
-84
1178
2027
2199
1566
326
-1045
-2236
-3126
-3571
-3497
-2991
-2356
-1997
-2164
-2810
-3471
-3578
-2996
-1901
-534
881
1979
2338
2027
1377
784
492
673
1337
2023
2146
1704
977
139
-877
-1874
-2528
-2771
-2636
-2381
-1961
-1615
-1366
-1238
-1069
-387
535
1253
1179
647
305
-160
-690
-1639
-2376
-3100
-3809
-4108
-4500
-4365
-3852
-2272
-1177
-2635
-6320
-9890
-10671
-9905
-8911
-7269
-4375
-1342
-695
-1405
-1131
667
2415
3086
4395
6702
8719
8936
7699
6293
4967
3655
2575
2213
2880
3946
4280
2834
20
-2268
-2677
-1266
1059
4105
7238
9001
8545
7135
6511
6506
6139
5636
6148
7275
7378
6007
4219
2471
146
-2531
-4010
-3665
-2652
-2149
-2083
-2264
-3122
-4562
-5510
-4980
-3441
-1769
-272
1127
2068
1879
689
-718
-1695
-2239
-2466
-2374
-2051
-1818
-1830
-2083
-2527
-2979
-3045
-2480
-1571
-664
101
611
762
505
269
407
802
1300
1745
2211
2439
2164
1484
783
221
-267
-649
-927
-1091
-1527
-1931
-2081
-2039
-1957
-1853
-1215
-351
133
40
-173
-200
-251
-649
-1171
-1639
-2287
-2884
-3228
-3233
-3331
-3311
-2428
-1376
-2042
-5452
-9370
-11155
-10787
-9774
-8532
-6035
-3262
-2112
-2630
-2706
-873
1514
3163
4596
6826
9052
9681
8450
6552
5059
3862
2916
2485
2948
3960
4214
2668
-237
-2700
-3410
-2382
-209
2987
6565
8843
8756
7341
6443
6353
6314
6328
7095
8167
8194
6819
4913
2973
608
-1827
-2988
-2532
-1525
-1195
-1517
-2105
-3195
-4751
-5821
-5339
-3603
-1780
-610
3
251
0
-633
-1240
-1344
-1072
-920
-966
-1106
-1150
-1272
-1648
-2158
-2517
-2441
-1922
-1117
-293
211
73
-508
-825
-489
250
840
1077
1309
1556
1466
1170
967
1194
1551
1612
1250
500
-311
-1164
-1815
-2250
-2106
-1493
-1022
-971
-975
-667
-470
-1135
-2167
-2251
-1542
-1067
-1612
-2460
-2999
-3441
-3934
-4170
-3494
-1777
280
720
-2044
-6718
-10304
-10937
-10199
-9412
-7618
-4743
-2905
-3908
-5359
-4171
-1014
1405
2811
5075
8096
9596
8662
7032
6284
5922
5310
4660
4699
5289
5236
3840
992
-2086
-3703
-3132
-990
1817
4737
6900
7164
5662
4486
4928
6193
7240
8292
9502
9677
7919
5291
3260
1626
-238
-1605
-1518
-533
-368
-1427
-2631
-3746
-5024
-5998
-5562
-3738
-1966
-1188
-1087
-1109
-1379
-1751
-1751
-1006
46
459
-77
-1129
-2056
-2445
-2301
-1724
-1057
-610
-468
-664
-952
-1400
-1880
-2154
-1879
-826
508
1391
1379
907
520
269
190
545
1584
2674
3068
2487
1219
-86
-1312
-1903
-1756
-955
-20
427
422
-212
-1036
-1996
-2575
-2691
-2252
-1520
-1339
-1706
-2760
-3569
-3923
-3924
-3602
-3018
-1759
-293
-209
-2951
-7310
-10201
-10281
-8966
-7965
-6670
-4690
-3635
-4617
-6121
-5211
-1917
1430
3744
5969
8108
8827
7507
5685
5231
5957
6620
6635
6393
6141
5250
3028
127
-2165
-2839
-1949
-164
2051
4202
5415
5148
4109
3732
4789
6400
7769
8958
9666
9168
7082
4750
3327
2613
1786
981
624
161
-1108
-2875
-4163
-4851
-5204
-4960
-3844
-2409
-1667
-2041
-2762
-3177
-2990
-2311
-1253
111
1321
1568
499
-1269
-2596
-2788
-2124
-1131
-408
17
28
-459
-1223
-1798
-1853
-1588
-1093
-348
541
1056
767
185
-75
152
639
1249
1850
2065
1567
737
-175
-1000
-1424
-1413
-843
-332
-178
-415
-748
-946
-1006
-969
-1185
-1351
-1637
-1893
-2352
-3202
-3700
-3870
-3516
-3274
-3135
-2366
-1006
-114
-1937
-5916
-9284
-9735
-8367
-7666
-7025
-5640
-4430
-5265
-7196
-6784
-3507
301
2762
4639
6786
8136
7749
6461
6121
7022
8126
8534
8113
7373
6138
4043
1315
-1025
-1772
-1185
-188
842
1976
2773
2420
1504
1735
3762
6252
7828
8635
9054
8621
7111
5605
5222
5368
4827
3570
2233
909
-930
-3076
-4513
-4923
-4764
-4496
-4151
-3803
-3906
-4443
-4757
-4334
-3313
-2162
-1111
-137
548
537
-74
-926
-1364
-1053
-188
692
953
463
-542
-1556
-2093
-1892
-1013
-119
303
262
153
17
-345
-492
-280
369
1079
1601
1892
1696
1167
583
221
-55
-479
-710
-687
-496
-469
-747
-805
-882
-718
-768
-819
-555
-680
-1196
-2275
-3041
-3333
-3527
-3332
-3244
-3312
-3354
-2692
-1233
-1606
-4654
-8379
-9491
-8006
-6949
-6809
-6415
-5364
-5485
-6989
-7247
-4957
-1510
1001
2651
4480
5872
6099
5423
5199
6153
7616
8746
8693
7725
6391
5015
3413
1708
923
1211
1724
1827
1926
2288
2063
1271
1296
2845
5021
6437
7163
7587
7358
6329
5369
5641
6487
6512
5458
3953
2286
94
-2293
-3819
-4118
-3870
-3806
-3872
-4048
-4635
-5530
-6033
-5485
-4190
-2819
-1705
-792
-219
-144
-430
-800
-896
-509
461
1463
1744
1089
1
-957
-1541
-1558
-1044
-437
-188
-351
-521
-601
-648
-467
119
968
1463
1574
1407
1231
1141
1082
1265
1110
578
-71
-468
-580
-824
-1107
-1367
-1346
-1279
-1057
-945
-1313
-1579
-1839
-1991
-2351
-2991
-3276
-3291
-3128
-3335
-3564
-3076
-1811
-1227
-3346
-6966
-9367
-8858
-7158
-6528
-6289
-5714
-5473
-6686
-7870
-6500
-3077
29
1689
3100
4752
5479
4957
4478
5501
7385
8614
8675
7903
6932
5721
4079
2514
1753
2124
2915
3115
2864
2572
2063
1212
903
2272
4760
6526
6936
7001
7024
6514
5664
5633
6690
7261
6444
4957
3486
1679
-602
-2440
-3037
-2892
-3060
-3593
-4205
-4952
-5837
-6461
-6202
-5204
-4108
-3154
-2361
-1817
-1540
-1483
-1390
-1052
-467
423
1199
1363
827
53
-464
-736
-729
-437
-59
-133
-725
-1078
-1017
-761
-561
-230
455
945
1125
1089
843
673
699
1096
1487
1294
782
168
-222
-449
-546
-387
-628
-1073
-1426
-1349
-938
-1016
-1364
-1830
-2237
-2544
-3013
-3031
-2782
-2822
-3263
-3407
-2280
-1402
-2926
-6572
-9258
-8664
-6868
-6345
-6598
-6207
-5581
-6494
-7763
-6711
-3440
-361
1063
2164
3744
4756
4570
4247
5253
7256
8847
8995
7909
6543
5347
4042
2707
2138
2585
3094
2797
2343
2379
2385
1818
1503
2600
4433
5371
5327
5483
6001
6050
5688
6012
7011
7163
5927
4461
3485
2350
660
-830
-1403
-1643
-2358
-3381
-4281
-4990
-5752
-6178
-5808
-4915
-4167
-3834
-3588
-3190
-2661
-2125
-1617
-1196
-751
-80
743
1213
1004
419
-83
-182
6
290
389
59
-466
-797
-721
-532
-458
-267
139
608
918
945
796
632
747
1177
1426
1213
703
344
303
205
32
-54
-188
-545
-1118
-1341
-1171
-1226
-1510
-1878
-2183
-2608
-3207
-3133
-2791
-2934
-3439
-3329
-1845
-1357
-3742
-7470
-9235
-7849
-6407
-6660
-7147
-6640
-6252
-7454
-8121
-6103
-2778
-813
-421
728
2775
3908
3703
3744
5376
7464
8512
8314
7489
6799
6123
5221
4376
4049
4148
3713
2838
2531
2981
3143
2517
2516
3819
5032
4803
4047
4352
5216
5382
5351
6244
7443
7253
5620
4191
3497
2485
883
-309
-532
-751
-1859
-3248
-4153
-4715
-5336
-5819
-5731
-5184
-4706
-4480
-4180
-3647
-2958
-2270
-1822
-1543
-1215
-617
332
1012
944
390
-95
-124
161
327
335
40
-469
-722
-799
-688
-555
-423
-91
272
484
469
333
247
520
899
1019
848
386
213
337
517
675
424
142
18
-168
-214
-427
-726
-1144
-1597
-1912
-2258
-2302
-2268
-2359
-2804
-3242
-2563
-2131
-3730
-6894
-8947
-7924
-6414
-6852
-8103
-8143
-7259
-7442
-7872
-6181
-2895
-796
-696
-217
1477
2824
3163
3581
5398
7501
8294
7837
6979
6519
6252
5655
4957
4600
4456
3824
2629
1851
2150
2636
2421
2291
3136
4314
4329
3479
3489
4511
5228
5154
5370
6338
6811
6007
4912
4489
4027
2646
908
-94
-469
-1226
-2309
-3072
-3642
-4453
-5393
-5760
-5481
-5111
-4871
-4582
-4160
-3651
-3102
-2498
-1975
-1562
-848
267
1066
1010
543
381
675
906
885
854
635
141
-373
-594
-400
-308
-401
-270
3
147
1
-230
-192
124
451
816
880
693
565
420
523
574
620
740
637
524
296
81
-322
-1111
-1801
-2327
-2530
-2495
-2383
-2412
-2922
-3468
-3269
-2748
-3604
-6171
-8393
-8145
-6538
-6406
-7703
-8382
-7832
-7650
-8155
-7193
-4294
-1658
-924
-846
261
1708
2445
2963
4354
6448
7907
8038
7254
6572
6522
6558
6078
5306
4843
4500
3719
2923
2984
3550
3383
2723
2925
4045
4688
4188
3791
4315
4885
4928
4978
5517
5956
5589
4939
4616
4342
3432
1937
642
-192
-841
-1556
-2283
-3084
-4089
-4971
-5375
-5367
-5326
-5286
-4968
-4428
-4030
-3735
-3203
-2507
-2049
-1837
-1265
-261
376
203
-178
107
895
1352
1144
562
102
-113
-221
-261
-194
-19
129
93
-48
-50
-63
-163
-213
-9
370
469
310
182
314
423
454
620
859
953
676
459
490
467
-16
-775
-1274
-1643
-1974
-2204
-2191
-2384
-3000
-3147
-2664
-3114
-5453
-7916
-8108
-6521
-6147
-7505
-8492
-8222
-7957
-8397
-7761
-5266
-2847
-2042
-1814
-561
1135
1966
2302
3412
5363
6869
7229
6952
6745
6923
7042
6732
6117
5468
4894
4260
3840
4031
4294
3819
2991
2948
3734
4139
3719
3508
4173
4813
4666
4436
4797
5231
4893
4320
4324
4286
3352
1832
841
403
-289
-1124
-1641
-2073
-3009
-4259
-4912
-4817
-4576
-4680
-4831
-4662
-4232
-3774
-3502
-3098
-2527
-2003
-1490
-932
-432
-308
-494
-395
159
787
1038
925
708
493
343
262
274
195
97
87
155
219
85
-168
-361
-344
-80
96
65
20
96
379
547
545
602
651
672
699
908
1187
910
85
-721
-1184
-1400
-1598
-1746
-1920
-2133
-2064
-2042
-3241
-5740
-7671
-7378
-6208
-6581
-8009
-8630
-8196
-8201
-8618
-7450
-5006
-3355
-3110
-2658
-840
918
1651
2199
3445
5015
5896
6157
6292
6523
6804
6891
6649
6105
5521
4932
4257
3887
4165
4460
3969
3180
3101
3658
3785
3341
3281
3799
4077
3891
3982
4502
4722
4283
3955
4138
4072
3323
2307
1522
820
33
-508
-866
-1652
-2905
-3852
-4091
-4131
-4406
-4626
-4509
-4298
-4231
-4134
-3787
-3404
-3115
-2757
-2164
-1428
-1033
-937
-774
-336
335
791
844
657
615
759
841
782
598
509
385
190
183
298
462
423
244
236
165
9
-168
-65
362
579
682
670
642
603
371
526
888
1072
828
52
-601
-1096
-1333
-1318
-1521
-1934
-2426
-2276
-1741
-2478
-4648
-6639
-6599
-5529
-5938
-7497
-8442
-8257
-8192
-8549
-7592
-5438
-3937
-3737
-3397
-1729
21
861
1573
3018
4695
5546
5722
5925
6238
6503
6628
6560
6305
5785
5111
4456
4139
4348
4524
4078
3304
3137
3575
3722
3482
3585
4159
4284
3759
3656
4365
4838
4471
4050
4094
3955
3074
2084
1610
1290
663
-32
-557
-1308
-2418
-3394
-3770
-3927
-4416
-4943
-5057
-4765
-4537
-4473
-4264
-3882
-3518
-3212
-2741
-2025
-1543
-1482
-1417
-874
16
598
642
524
540
681
871
1028
1084
890
584
427
412
417
294
193
241
313
356
255
80
-60
-64
204
630
964
959
800
850
1138
1323
1116
798
566
283
-263
-938
-1208
-1262
-1583
-2069
-2136
-1776
-2436
-4493
-6275
-6316
-5411
-5834
-7391
-8149
-7904
-7905
-8407
-7663
-5482
-4083
-4062
-3819
-2165
-400
161
676
2077
3697
4613
4955
5465
5910
6076
6225
6282
6065
5500
4942
4603
4446
4567
4609
4118
3395
3179
3513
3649
3471
3642
4208
4377
4042
4040
4525
4765
4426
4190
4387
4217
3284
2297
1832
1463
709
-3
-343
-842
-1922
-2966
-3328
-3477
-3948
-4453
-4481
-4250
-4341
-4454
-4132
-3606
-3371
-3343
-2972
-2358
-1953
-1888
-1694
-1069
-377
26
117
138
277
441
665
904
1045
1062
935
803
655
447
279
213
254
356
357
242
80
-102
-95
74
389
779
922
951
825
683
728
674
645
513
215
-235
-857
-1189
-1387
-1704
-2061
-2142
-1891
-2438
-4129
-5826
-6192
-5538
-5688
-6723
-7291
-7073
-7085
-7612
-7216
-5457
-4041
-3823
-3551
-2242
-833
-346
132
1468
2973
3766
4103
4723
5310
5568
5809
6108
6134
5658
5196
4965
4780
4692
4674
4438
3860
3496
3643
3742
3469
3329
3681
3923
3662
3519
3921
4239
3947
3594
3653
3620
2955
2206
1871
1490
694
-43
-280
-599
-1526
-2519
-2975
-3182
-3676
-4204
-4207
-4034
-4229
-4555
-4429
-3879
-3602
-3586
-3254
-2562
-2049
-2021
-1952
-1449
-750
-230
26
209
321
342
429
654
939
1133
1224
1206
1113
952
795
786
869
991
954
719
508
410
457
456
447
643
882
944
817
791
909
846
622
484
417
124
-442
-835
-924
-1056
-1398
-1727
-1785
-1746
-2145
-3087
-4161
-4862
-5121
-5446
-5952
-6202
-6098
-6184
-6681
-6777
-5830
-4538
-3802
-3348
-2511
-1601
-1255
-998
62
1541
2450
2758
3255
3980
4289
4289
4487
4767
4619
4198
4274
4866
5124
4733
4189
3925
3793
3647
3753
4076
4119
3674
3144
3067
3349
3608
3706
3607
3415
3133
2830
2600
2337
2057
1696
1206
709
331
54
-320
-886
-1486
-1947
-2304
-2573
-2702
-2809
-3091
-3497
-3664
-3558
-3455
-3507
-3451
-3141
-2906
-2835
-2701
-2311
-1890
-1730
-1554
-1137
-651
-427
-409
-259
52
342
528
703
837
806
672
662
840
1050
1132
1132
1162
1153
1064
986
1006
1091
1095
986
899
912
938
881
769
688
584
296
-117
-431
-522
-526
-668
-878
-1027
-1094
-1135
-1261
-1488
-1889
-2474
-3097
-3646
-4038
-4256
-4398
-4565
-4853
-5186
-5295
-5058
-4622
-4267
-4034
-3787
-3500
-3126
-2551
-1698
-828
-262
191
735
1355
1917
2401
2928
3307
3455
3604
3952
4413
4727
4839
4813
4669
4515
4459
4503
4523
4446
4409
4382
4331
4300
4286
4288
4128
3839
3610
3489
3355
3078
2748
2438
2120
1757
1368
1034
705
287
-182
-629
-1034
-1454
-1886
-2201
-2424
-2686
-2998
-3300
-3473
-3555
-3634
-3704
-3699
-3549
-3354
-3190
-3026
-2773
-2453
-2248
-2122
-1895
-1551
-1233
-1015
-784
-512
-297
-177
-21
219
452
655
840
977
935
739
593
594
628
585
535
524
548
579
622
665
621
479
312
197
144
168
195
111
-43
-138
-91
-36
-123
-304
-575
-1042
-1698
-2344
-2799
-3076
-3316
-3574
-3867
-4235
-4578
-4723
-4562
-4248
-3946
-3729
-3573
-3302
-2828
-2099
-1317
-679
-181
215
623
1090
1662
2277
2724
2909
2965
3124
3442
3808
4067
4146
4046
3831
3651
3614
3754
3935
3989
3899
3772
3750
3829
3894
3892
3772
3513
3202
2984
2955
2968
2820
2515
2160
1788
1398
1043
793
560
154
-388
-910
-1280
-1513
-1720
-1928
-2182
-2483
-2757
-2960
-3060
-3107
-3116
-3078
-3024
-2971
-2878
-2692
-2458
-2264
-2070
-1847
-1580
-1274
-998
-730
-509
-375
-342
-294
-163
37
255
399
425
337
258
317
493
643
650
530
390
338
379
460
488
421
313
207
156
149
125
44
-87
-201
-267
-295
-351
-514
-786
-1146
-1585
-2057
-2506
-2884
-3176
-3411
-3607
-3802
-4035
-4251
-4312
-4112
-3730
-3384
-3176
-2986
-2686
-2243
-1657
-953
-253
285
630
918
1313
1834
2352
2728
2916
2995
3123
3392
3751
4052
4148
4042
3821
3632
3615
3771
3922
3902
3742
3615
3629
3723
3801
3763
3572
3214
2813
2576
2515
2466
2277
1975
1661
1307
955
666
444
211
-160
-606
-1014
-1331
-1579
-1786
-1962
-2144
-2333
-2533
-2746
-2936
-3030
-2992
-2896
-2809
-2701
-2538
-2355
-2174
-1952
-1670
-1419
-1242
-1050
-765
-451
-268
-212
-199
-176
-86
74
275
391
356
246
164
167
217
257
226
111
5
-3
87
166
150
63
-2
16
66
77
49
33
42
36
47
65
30
-104
-326
-584
-929
-1405
-1962
-2448
-2790
-3030
-3241
-3500
-3831
-4147
-4259
-4080
-3728
-3414
-3204
-3013
-2730
-2279
-1630
-892
-287
81
353
730
1255
1842
2377
2739
2880
2922
3080
3415
3755
3943
3919
3724
3460
3305
3359
3493
3528
3403
3228
3149
3192
3311
3413
3363
3121
2791
2573
2532
2545
2467
2223
1887
1555
1265
1055
874
639
298
-113
-502
-809
-1034
-1224
-1449
-1688
-1912
-2116
-2295
-2463
-2581
-2660
-2701
-2697
-2631
-2501
-2373
-2258
-2104
-1892
-1670
-1476
-1289
-1061
-807
-588
-426
-280
-156
-54
47
154
242
302
344
372
356
314
293
290
275
201
114
28
-71
-174
-264
-254
-180
-114
-110
-195
-293
-337
-289
-210
-184
-212
-283
-372
-428
-474
-570
-815
-1234
-1710
-2111
-2367
-2563
-2833
-3168
-3502
-3701
-3709
-3563
-3342
-3155
-3011
-2845
-2540
-2029
-1412
-863
-471
-178
135
543
1043
1580
2039
2354
2561
2751
3012
3321
3585
3743
3768
3713
3671
3688
3731
3728
3653
3544
3420
3320
3284
3270
3205
3015
2772
2587
2455
2341
2215
2092
1938
1708
1448
1229
1060
875
626
331
8
-323
-603
-832
-1021
-1202
-1418
-1642
-1864
-2045
-2176
-2281
-2356
-2397
-2401
-2391
-2375
-2340
-2277
-2192
-2092
-1944
-1724
-1496
-1309
-1163
-1012
-812
-623
-482
-369
-245
-105
21
123
203
236
213
163
128
95
44
-4
-54
-128
-225
-296
-289
-224
-193
-230
-277
-271
-201
-107
-18
50
85
71
26
-27
-79
-172
-372
-672
-1012
-1357
-1703
-2054
-2401
-2714
-2967
-3159
-3293
-3352
-3334
-3243
-3099
-2902
-2635
-2297
-1907
-1478
-1033
-584
-143
282
701
1111
1515
1905
2264
2565
2805
3000
3162
3303
3435
3549
3602
3552
3450
3384
3368
3357
3314
3258
3193
3107
3005
2902
2801
2664
2462
2252
2114
2059
2011
1910
1768
1586
1370
1170
1035
933
762
479
139
-189
-473
-734
-1004
-1295
-1592
-1852
-2055
-2195
-2281
-2310
-2308
-2318
-2308
-2225
-2092
-1993
-1932
-1847
-1723
-1579
-1432
-1288
-1154
-1058
-994
-924
-842
-753
-674
-622
-607
-628
-636
-610
-583
-586
-615
-652
-694
-725
-737
-705
-645
-581
-503
-432
-359
-255
-118
34
153
245
339
439
501
502
467
397
292
143
-53
-300
-605
-965
-1366
-1775
-2138
-2424
-2632
-2774
-2870
-2932
-2931
-2848
-2658
-2363
-2001
-1617
-1231
-847
-443
0
447
848
1178
1485
1816
2149
2447
2672
2801
2865
2911
2991
3103
3186
3189
3131
3044
2955
2890
2843
2802
2732
2610
2488
2411
2370
2328
2261
2173
2079
2006
1965
1941
1882
1742
1535
1302
1100
905
700
475
204
-119
-451
-739
-966
-1161
-1363
-1579
-1826
-2049
-2204
-2270
-2269
-2253
-2243
-2226
-2164
-2055
-1910
-1765
-1637
-1531
-1432
-1312
-1161
-999
-865
-803
-791
-755
-668
-567
-515
-529
-554
-565
-560
-553
-543
-550
-609
-707
-779
-755
-651
-553
-521
-544
-572
-546
-454
-319
-172
-49
16
57
137
277
411
449
377
220
37
-150
-370
-634
-966
-1363
-1761
-2055
-2211
-2291
-2373
-2485
-2566
-2547
-2382
-2079
-1702
-1336
-1031
-762
-434
7
509
940
1284
1548
1779
2033
2297
2537
2695
2760
2771
2796
2847
2883
2855
2765
2634
2505
2424
2410
2418
2392
2314
2225
2157
2120
2104
2088
2063
2011
1910
1811
1730
1655
1525
1342
1160
987
813
619
401
166
-82
-346
-602
-798
-954
-1116
-1301
-1487
-1642
-1754
-1823
-1858
-1854
-1831
-1802
-1758
-1682
-1590
-1496
-1397
-1290
-1191
-1126
-1070
-1002
-936
-892
-877
-857
-829
-812
-796
-771
-743
-735
-749
-752
-717
-646
-576
-536
-526
-523
-488
-417
-340
-285
-278
-312
-338
-308
-233
-175
-164
-185
-191
-158
-119
-107
-135
-230
-383
-548
-682
-808
-990
-1238
-1502
-1731
-1877
-1965
-2020
-2058
-2075
-2052
-1955
-1756
-1500
-1229
-971
-728
-452
-143
187
518
829
1115
1371
1611
1851
2087
2288
2441
2554
2640
2703
2736
2759
2765
2737
2675
2596
2527
2453
2381
2312
2257
2202
2145
2088
2052
2023
1985
1925
1829
1722
1598
1451
1295
1148
1009
863
691
524
358
162
-62
-278
-452
-624
-828
-1043
-1244
-1411
-1545
-1653
-1714
-1740
-1752
-1759
-1742
-1696
-1645
-1581
-1521
-1449
-1349
-1231
-1118
-1038
-988
-938
-884
-819
-752
-702
-662
-631
-615
-609
-608
-627
-647
-654
-656
-647
-638
-634
-638
-644
-611
-561
-503
-440
-363
-272
-193
-146
-106
-62
-26
-31
-93
-188
-319
-483
-679
-882
-1076
-1286
-1495
-1678
-1817
-1921
-1998
-2039
-2039
-1986
-1872
-1697
-1469
-1216
-972
-702
-396
-55
280
585
873
1142
1397
1627
1851
2060
2217
2307
2370
2432
2506
2557
2556
2505
2448
2402
2359
2336
2329
2307
2243
2174
2143
2148
2152
2106
2019
1925
1828
1722
1609
1481
1328
1146
957
798
657
502
319
131
-58
-235
-405
-564
-725
-886
-1047
-1202
-1323
-1418
-1493
-1561
-1621
-1665
-1686
-1667
-1627
-1578
-1518
-1450
-1382
-1311
-1221
-1118
-1004
-900
-815
-758
-709
-658
-605
-549
-496
-462
-432
-396
-363
-337
-318
-317
-337
-344
-338
-319
-305
-297
-276
-250
-211
-158
-90
-28
0
0
-8
-8
-21
-70
-162
-306
-472
-646
-813
-975
-1165
-1386
-1601
-1763
-1869
-1933
-1982
-2013
-2017
-1986
-1889
-1715
-1503
-1293
-1080
-847
-563
-236
102
438
737
1008
1266
1523
1773
1983
2149
2272
2350
2402
2442
2468
2465
2433
2385
2338
2300
2264
2230
2206
2177
2122
2061
2006
1950
1883
1816
1748
1674
1581
1483
1387
1279
1172
1062
943
812
655
490
327
173
17
-138
-311
-493
-651
-788
-911
-1051
-1205
-1348
-1462
-1549
-1610
-1646
-1672
-1691
-1694
-1662
-1587
-1482
-1384
-1316
-1256
-1182
-1087
-974
-883
-820
-784
-761
-727
-681
-635
-615
-622
-647
-657
-639
-601
-565
-537
-514
-483
-422
-342
-252
-175
-121
-81
-29
31
76
79
50
-6
-80
-160
-266
-396
-550
-704
-856
-1004
-1146
-1280
-1393
-1469
-1503
-1523
-1511
-1466
-1391
-1278
-1132
-962
-785
-602
-404
-182
64
314
557
777
983
1186
1389
1582
1733
1837
1912
1981
2036
2077
2100
2089
2059
2026
1997
1972
1944
1906
1863
1814
1768
1731
1703
1684
1651
1586
1522
1473
1418
1343
1245
1130
1008
880
752
624
484
313
125
-70
-248
-407
-575
-745
-912
-1072
-1201
-1299
-1375
-1438
-1497
-1536
-1544
-1510
-1449
-1388
-1335
-1276
-1191
-1081
-959
-847
-763
-705
-654
-600
-530
-474
-453
-459
-472
-479
-478
-469
-472
-486
-504
-503
-467
-416
-374
-339
-307
-255
-188
-121
-54
0
28
38
56
68
61
27
-41
-132
-231
-334
-449
-577
-717
-851
-989
-1108
-1210
-1292
-1350
-1388
-1389
-1359
-1299
-1213
-1109
-980
-831
-664
-481
-297
-110
77
262
441
602
752
887
1009
1132
1241
1323
1390
1444
1501
1550
1595
1628
1653
1666
1677
1703
1733
1751
1755
1749
1732
1720
1703
1683
1644
1577
1497
1411
1323
1229
1115
979
839
697
559
419
279
138
5
-122
-246
-365
-481
-576
-661
-738
-796
-850
-893
-933
-968
-984
-996
-994
-993
-995
-986
-974
-945
-911
-877
-850
-823
-795
-772
-754
-739
-731
-727
-718
-707
-677
-643
-604
-561
-514
-455
-391
-325
-247
-166
-93
-29
32
95
157
207
242
249
232
200
151
89
-1
-115
-247
-385
-514
-633
-755
-882
-1011
-1128
-1204
-1255
-1282
-1298
-1295
-1267
-1206
-1104
-972
-836
-713
-590
-444
-278
-116
19
131
222
317
421
519
606
680
752
826
909
1001
1100
1191
1275
1361
1447
1537
1612
1673
1717
1754
1788
1817
1832
1832
1823
1798
1760
1709
1644
1572
1481
1376
1263
1142
1014
872
723
575
417
255
86
-86
-240
-366
-487
-611
-732
-833
-912
-967
-998
-1021
-1042
-1065
-1079
-1080
-1064
-1046
-1046
-1062
-1076
-1085
-1079
-1066
-1071
-1090
-1110
-1115
-1105
-1082
-1055
-1033
-1002
-964
-900
-818
-734
-651
-567
-470
-362
-255
-150
-43
49
131
213
281
332
367
377
375
345
290
217
133
43
-49
-145
-252
-354
-446
-519
-559
-581
-596
-594
-565
-513
-447
-370
-288
-206
-120
-28
66
154
226
292
346
403
445
479
509
523
541
556
579
602
624
661
701
748
807
874
942
1011
1088
1164
1227
1285
1332
1374
1409
1425
1426
1408
1377
1321
1240
1142
1025
900
758
603
446
288
127
-32
-183
-321
-450
-561
-651
-733
-808
-870
-909
-929
-940
-947
-953
-952
-938
-917
-891
-875
-869
-869
-864
-855
-859
-861
-864
-883
-900
-904
-901
-900
-892
-878
-854
-813
-752
-682
-605
-521
-428
-325
-226
-124
-29
74
169
258
336
406
463
505
544
561
560
539
510
471
424
368
292
204
125
50
-17
-77
-137
-198
-245
-274
-287
-287
-275
-260
-237
-202
-162
-127
-93
-61
-33
-9
14
34
41
52
70
98
123
152
178
203
235
274
319
359
402
447
495
556
610
650
684
722
751
782
812
831
845
851
851
846
825
801
761
709
663
606
546
481
409
342
276
213
151
96
43
-15
-60
-98
-137
-178
-218
-259
-297
-335
-370
-404
-444
-489
-536
-578
-614
-649
-694
-730
-757
-779
-792
-805
-814
-817
-815
-802
-782
-753
-724
-694
-659
-614
-557
-500
-446
-390
-339
-275
-207
-147
-101
-62
-30
9
58
99
129
143
155
169
187
208
217
212
200
192
191
197
198
177
161
141
131
129
117
95
61
23
-12
-35
-60
-92
-135
-171
-195
-205
-208
-212
-207
-201
-183
-161
-134
-110
-77
-36
5
50
92
139
186
237
282
332
373
409
443
480
511
537
561
568
576
579
583
585
580
576
571
570
567
555
547
532
521
505
486
463
433
406
380
355
324
287
246
205
166
125
82
39
-11
-54
-98
-141
-185
-236
-284
-317
-350
-390
-432
-467
-499
-527
-552
-574
-590
-604
-617
-623
-624
-620
-612
-606
-591
-576
-552
-519
-494
-467
-441
-405
-365
-320
-273
-236
-195
-149
-103
-61
-20
12
38
60
85
116
144
164
176
185
188
192
188
183
173
161
148
133
116
89
63
33
4
-27
-56
-86
-113
-130
-143
-153
-159
-161
-162
-149
-136
-128
-117
-105
-94
-79
-62
-55
-51
-49
-49
-51
-42
-28
-14
-1
15
36
60
81
104
125
145
164
185
207
230
253
274
296
307
316
331
363
384
405
422
435
448
456
462
469
461
447
431
414
399
378
350
322
292
256
226
208
189
157
128
106
76
48
25
4
-21
-46
-69
-91
-114
-140
-158
-175
-189
-207
-231
-241
-250
-259
-269
-278
-281
-291
-295
-289
-279
-269
-269
-271
-263
-248
-225
-200
-182
-160
-147
-127
-99
-73
-49
-37
-32
-33
-31
-34
-48
-63
-80
-97
-110
-122
-138
-154
-172
-191
-197
-200
-206
-210
-216
-218
-216
-215
-218
-219
-217
-217
-213
-213
-212
-209
-203
-191
-183
-180
-169
-150
-139
-127
-120
-117
-115
-110
-99
-91
-87
-79
-72
-62
-50
-31
-8
14
46
73
102
134
166
199
239
281
316
350
379
408
435
457
474
483
494
503
512
520
522
519
514
513
504
492
477
456
436
413
394
372
350
321
284
248
214
192
166
132
93
47
9
-15
-39
-70
-106
-138
-164
-180
-192
-200
-213
-226
-237
-241
-238
-240
-241
-238
-240
-243
-234
-228
-225
-220
-215
-205
-198
-192
-186
-178
-175
-173
-166
-163
-163
-163
-158
-149
-141
-142
-137
-132
-128
-127
-126
-126
-128
-126
-124
-118
-114
-114
-104
-99
-97
-99
-103
-106
-109
-121
-121
-123
-137
-141
-146
-148
-152
-161
-174
-186
-192
-190
-190
-188
-184
-174
-168
-152
-133
-130
-119
-111
-99
-88
-70
-55
-50
-40
-27
-10
1
12
21
34
48
59
70
87
103
115
133
152
173
189
212
239
259
288
306
324
337
350
366
380
384
386
385
383
379
376
373
361
349
337
333
330
320
311
308
299
299
290
281
272
262
251
239
232
220
207
196
183
170
154
142
125
108
91
73
51
24
1
-24
-47
-72
-92
-118
-142
-167
-199
-219
-239
-261
-282
-308
-324
-336
-352
-365
-375
-387
-395
-400
-403
-402
-404
-409
-404
-401
-404
-394
-390
-386
-379
-375
-372
-367
-362
-357
-349
-334
-323
-312
-302
-288
-268
-251
-231
-212
-195
-173
-153
-130
-105
-82
-60
-38
-9
16
40
60
74
94
105
118
122
128
137
147
151
161
175
179
191
201
212
220
228
242
248
257
267
273
278
280
288
295
299
298
292
292
292
291
296
298
299
297
297
295
297
299
294
291
287
285
278
272
269
260
245
238
228
219
208
188
168
150
136
116
103
86
67
45
28
11
-4
-22
-39
-57
-76
-90
-110
-124
-140
-156
-175
-187
-196
-207
-215
-230
-244
-259
-270
-281
-289
-291
-295
-302
-309
-304
-304
-306
-302
-300
-295
-293
-292
-288
-280
-271
-264
-252
-239
-229
-222
-208
-199
-191
-186
-178
-172
-167
-157
-146
-140
-130
-119
-113
-102
-96
-87
-78
-73
-65
-52
-38
-25
-15
-6
12
32
49
62
77
92
108
123
132
144
153
162
164
164
166
168
173
173
175
178
178
180
177
177
178
172
173
174
179
185
191
201
207
218
225
230
231
232
224
224
226
219
214
207
203
194
191
179
170
163
157
148
138
127
114
109
100
91
77
68
61
51
43
32
23
16
6
-3
-13
-29
-42
-56
-71
-86
-102
-115
-122
-127
-133
-136
-138
-143
-149
-147
-152
-164
-166
-177
-185
-193
-203
-212
-216
-221
-225
-231
-233
-233
-234
-228
-224
-217
-215
-211
-206
-202
-194
-188
-185
-179
-172
-163
-154
-141
-134
-124
-116
-104
-98
-93
-84
-76
-70
-63
-52
-41
-35
-25
-12
2
14
24
36
40
46
49
54
58
56
58
60
64
71
79
82
84
85
90
98
102
106
112
121
130
136
149
164
175
180
187
197
204
213
220
222
226
223
223
225
226
226
222
222
217
211
208
203
198
188
180
177
167
160
158
152
144
136
130
125
121
115
109
100
89
77
64
52
39
17
6
-5
-23
-38
-55
-73
-88
-105
-123
-137
-152
-169
-184
-199
-210
-222
-231
-243
-248
-253
-258
-258
-262
-262
-265
-269
-272
-272
-271
-272
-272
-271
-265
-265
-260
-252
-250
-236
-226
-223
-208
-193
-184
-174
-164
-151
-133
-118
-105
-87
-74
-57
-46
-32
-19
-12
-5
2
11
14
26
38
49
64
80
97
112
126
140
156
170
182
191
200
214
222
230
234
235
236
229
224
215
212
210
200
192
185
179
175
167
164
160
157
153
149
148
145
142
129
127
126
124
119
114
111
107
105
100
93
81
70
64
59
51
44
36
31
23
9
-1
-6
-12
-19
-31
-39
-44
-50
-59
-67
-71
-78
-92
-97
-101
-109
-115
-120
-124
-134
-146
-153
-163
-165
-166
-174
-179
-184
-184
-185
-185
-184
-182
-175
-180
-196
-206
-200
-184
-186
-180
-156
-129
-112
-109
-98
-76
-55
-49
-31
-8
3
4
7
3
-8
-21
-18
-11
-20
-13
0
8
2
-11
-4
11
12
12
22
42
54
55
57
69
71
66
75
83
82
86
87
91
92
87
86
85
86
88
90
94
96
96
103
110
110
108
112
113
107
102
99
100
104
105
102
105
105
100
99
98
90
83
78
74
72
65
61
55
44
42
42
41
31
26
27
22
16
12
7
2
-5
-16
-23
-31
-39
-45
-49
-56
-66
-64
-68
-71
-73
-75
-73
-72
-70
-65
-65
-67
-67
-71
-76
-79
-84
-88
-86
-86
-86
-84
-83
-79
-78
-72
-72
-70
-67
-69
-63
-63
-61
-58
-57
-56
-50
-44
-40
-41
-41
-33
-29
-22
-18
-13
-5
0
6
14
19
18
21
21
23
24
23
26
30
28
23
26
24
20
20
17
10
9
0
-8
-8
-13
-16
-16
-12
-9
-6
-1
11
15
17
21
21
22
28
28
32
42
46
53
60
65
66
65
64
66
69
68
66
64
66
70
68
64
62
65
69
72
69
69
72
68
63
59
53
48
42
37
29
20
12
6
-4
-12
-12
-16
-22
-22
-24
-30
-40
-50
-52
-56
-66
-66
-63
-62
-64
-70
-74
-79
-86
-92
-91
-93
-90
-86
-88
-89
-86
-83
-87
-89
-85
-83
-81
-75
-71
-69
-65
-55
-50
-45
-38
-32
-28
-22
-17
-12
-11
-6
-5
0
6
6
8
11
19
20
26
34
38
44
49
50
51
50
51
54
53
53
57
60
60
59
60
64
65
61
62
68
70
67
58
55
54
53
48
44
45
47
48
47
43
43
42
38
36
33
37
40
41
36
32
36
31
28
25
31
31
24
17
15
19
15
6
1
0
-4
-13
-20
-30
-36
-40
-49
-52
-52
-50
-52
-53
-49
-44
-42
-43
-42
-39
-33
-34
-37
-34
-27
-26
-30
-29
-26
-26
-34
-40
-43
-40
-37
-38
-36
-36
-30
-29
-30
-33
-34
-36
-42
-49
-49
-42
-38
-38
-39
-34
-27
-24
-25
-24
-23
-25
-26
-25
-19
-13
-12
-6
2
6
9
10
11
14
15
17
20
22
24
27
26
25
24
22
23
21
15
17
13
11
12
14
16
16
21
26
30
30
30
36
39
38
40
41
43
41
39
45
48
45
39
38
39
39
40
40
46
50
51
47
42
37
37
33
31
29
25
26
24
20
17
20
20
23
25
25
24
17
11
4
-3
-8
-12
-14
-14
-17
-25
-26
-32
-38
-41
-41
-42
-49
-49
-47
-44
-42
-47
-51
-48
-46
-47
-44
-39
-40
-46
-48
-47
-48
-46
-43
-44
-45
-43
-45
-51
-53
-48
-44
-41
-36
-36
-38
-37
-41
-45
-38
-30
-23
-17
-9
0
3
4
2
4
6
9
10
9
12
13
16
21
23
24
29
29
29
30
31
31
31
37
37
38
40
37
34
31
31
31
28
31
30
27
29
28
27
29
34
34
36
39
40
41
39
38
32
32
29
26
25
25
20
13
14
10
6
3
-2
-7
-7
-7
-9
-5
-2
-4
-5
-7
-8
-8
-8
-6
-6
-2
6
7
4
0
-1
-3
-2
-4
-5
-8
-11
-12
-12
-13
-13
-14
-14
-9
-9
-14
-17
-21
-22
-21
-19
-18
-17
-16
-17
-14
-19
-22
-27
-29
-26
-26
-23
-19
-20
-21
-25
-28
-25
-28
-29
-30
-28
-26
-25
-25
-28
-27
-23
-21
-16
-11
-9
-14
-20
-18
-8
-8
-6
-5
-1
0
2
3
7
13
20
26
27
31
33
32
30
27
22
23
21
14
13
12
9
9
12
15
18
16
16
14
11
9
7
6
11
15
14
15
16
16
17
13
11
14
19
24
25
22
26
29
26
22
22
28
29
23
14
16
17
20
17
19
23
23
15
7
6
6
3
2
3
6
11
8
5
2
-2
-8
-12
-13
-17
-20
-21
-22
-18
-13
-11
-8
-4
-4
-11
-16
-22
-24
-26
-29
-32
-36
-42
-49
-54
-53
-48
-43
-33
-23
-14
-8
-7
-13
-18
-24
-28
-29
-25
-21
-17
-14
-17
-19
-18
-10
-6
-4
-3
-5
-4
-8
-11
-10
-4
-2
0
0
-1
-1
-8
-7
-3
2
7
11
12
11
10
11
12
13
22
29
32
33
32
29
23
20
20
26
35
40
43
43
37
33
31
29
28
26
24
27
31
31
27
28
30
32
30
32
34
34
29
25
16
10
6
1
-3
-10
-16
-16
-16
-18
-14
-10
-6
-10
-19
-18
-20
-20
-22
-26
-31
-33
-37
-41
-45
-46
-44
-46
-43
-34
-27
-24
-25
-25
-27
-26
-24
-23
-23
-20
-18
-15
-14
-10
-8
-5
-3
-3
-2
-1
0
-1
-2
-6
-11
-15
-19
-22
-22
-21
-23
-26
-25
-18
-13
-12
-8
-3
2
4
3
4
10
13
8
12
19
20
18
17
14
17
21
26
31
35
34
27
22
18
15
14
15
17
18
19
14
13
16
20
22
23
30
33
35
30
29
30
36
42
42
39
39
39
33
30
28
30
30
23
16
14
9
-3
-9
-10
-5
-5
-4
-1
2
4
1
-4
-8
-8
-7
-12
-11
-12
-14
-15
-16
-15
-13
-13
-12
-16
-19
-26
-35
-39
-36
-34
-34
-30
-28
-22
-21
-23
-23
-27
-29
-29
-25
-21
-19
-16
-14
-13
-10
-8
-7
-10
-19
-19
-19
-21
-20
-23
-22
-17
-14
-8
-10
-8
-5
-3
-1
-3
1
3
2
1
2
5
6
4
7
11
11
9
6
3
2
0
0
-5
-6
-4
-4
-5
-4
-2
-3
2
1
2
6
7
6
5
9
16
21
19
18
18
14
9
5
4
1
1
0
6
11
15
20
26
30
36
36
33
33
27
23
18
16
14
12
17
19
20
19
20
16
