-11
-13
-11
-9
-5
0
6
12
14
12
7
1
-5
-12
-14
-16
-17
-11
-3
4
11
17
18
16
10
3
-6
-15
-19
-21
-21
-16
-8
0
9
12
12
10
4
-3
-11
-17
-18
-18
-14
-8
0
8
10
13
10
6
-1
-9
-16
-21
-25
-22
-15
-9
1
9
13
13
8
3
-3
-12
-19
-21
-23
-20
-12
-6
1
7
6
3
-1
-9
-13
-18
-22
-19
-14
-5
5
15
22
25
24
18
9
0
-8
-14
-17
-11
-5
4
14
24
29
30
27
21
14
5
-4
-9
-9
-5
-1
7
15
20
23
22
17
11
4
-1
-4
-6
-3
3
9
15
18
20
19
15
8
1
-6
-11
-13
-10
-5
2
10
16
19
20
15
10
2
-5
-14
-20
-22
-20
-15
-9
-1
6
10
14
17
15
11
4
-3
-10
-12
-13
-9
-7
-2
5
9
13
14
12
10
5
-1
-2
-6
-9
-9
-8
-5
-4
1
5
8
8
7
5
4
-3
-7
-10
-12
-14
-14
-9
-4
2
7
10
9
6
1
-5
-11
-16
-18
-18
-16
-12
-4
2
7
6
3
-2
-8
-15
-22
-26
-28
-22
-14
-5
2
9
12
10
7
0
-11
-21
-28
-31
-32
-26
-16
-6
4
13
17
17
13
4
-3
-10
-16
-18
-15
-11
-4
5
13
17
18
20
15
7
1
-2
-7
-6
-1
6
14
21
26
27
25
21
13
4
-3
-8
-12
-10
-4
2
10
16
21
22
19
12
5
-4
-10
-13
-13
-8
-1
8
15
21
21
18
13
5
-4
-14
-20
-19
-17
-10
-2
5
11
15
16
14
7
-1
-8
-14
-17
-17
-14
-10
-4
1
5
8
9
6
1
-4
-7
-7
-8
-7
-6
-1
5
9
9
11
10
4
1
-4
-9
-12
-11
-8
-2
6
12
19
22
23
18
12
6
-4
-12
-15
-13
-9
0
8
15
20
24
23
16
7
0
-7
-11
-11
-9
-3
6
13
17
18
17
12
4
-7
-15
-20
-21
-17
-11
-4
4
9
12
12
6
-2
-11
-21
-26
-29
-29
-27
-19
-9
-3
3
7
8
6
1
-7
-13
-16
-20
-23
-22
-17
-13
-10
-5
-3
-5
-5
-9
-12
-15
-17
-17
-15
-12
-8
-4
-2
0
0
0
-2
-4
-8
-9
-9
-10
-9
-8
-6
-3
0
3
5
6
4
4
3
2
2
2
2
3
3
8
10
12
13
13
14
12
10
8
5
3
3
2
7
8
11
13
16
19
18
17
14
10
7
6
2
3
3
6
10
12
15
16
17
14
12
9
7
7
6
8
12
16
17
19
18
17
14
9
2
-2
-7
-10
-13
-14
-12
-7
-2
3
7
10
11
10
6
3
-3
-7
-10
-11
-11
-9
-4
-1
1
3
4
2
0
-3
-7
-8
-6
-5
-2
1
5
8
8
7
3
-1
-5
-6
-10
-11
-10
-8
-4
-2
0
0
2
1
-3
-6
-10
-11
-13
-13
-13
-10
-7
-2
0
0
-1
-2
-2
-4
-8
-9
-9
-9
-9
-9
-7
-5
-5
-4
-4
-5
-4
-6
-7
-6
-7
-8
-10
-12
-12
-12
-10
-9
-5
-1
1
3
5
4
3
1
-1
-3
-4
-2
-1
1
4
9
11
13
13
11
7
5
2
0
-1
0
2
4
6
6
7
5
1
-2
-4
-7
-8
-7
-3
1
4
7
7
6
4
0
-3
-7
-9
-9
-7
-4
-1
3
5
7
6
6
5
2
-2
-3
-2
-4
-3
-1
0
3
5
4
2
-1
-5
-8
-12
-12
-14
-12
-9
-3
1
6
8
10
10
8
4
-2
-8
-11
-11
-9
-8
-5
2
8
11
12
12
9
4
-1
-6
-9
-8
-6
-2
3
8
14
19
19
19
17
11
5
0
-2
-2
1
4
8
11
15
16
16
12
7
2
-4
-7
-9
-7
-3
0
4
5
6
7
5
3
-2
-4
-7
-6
-3
0
3
8
13
13
12
9
5
0
-7
-11
-12
-12
-10
-7
-1
1
5
7
8
8
6
5
0
-5
-8
-9
-8
-6
-4
-3
1
4
4
4
2
-2
-3
-5
-8
-10
-9
-7
-4
-1
2
2
3
2
-1
-5
-10
-12
-12
-10
-5
-2
0
2
5
6
4
1
-2
-5
-9
-11
-10
-8
-6
-3
0
3
3
2
-1
-4
-8
-9
-9
-9
-8
-4
-1
4
8
10
10
8
4
-4
-9
-12
-14
-12
-8
-3
3
8
12
12
8
4
-2
-8
-12
-17
-20
-18
-14
-10
0
9
13
17
17
13
7
1
-5
-11
-13
-11
-9
-3
1
9
14
17
17
13
9
3
-3
-6
-9
-6
-3
1
7
13
16
18
17
13
6
-1
-8
-12
-13
-11
-7
0
7
12
18
18
13
9
2
-6
-13
-17
-19
-16
-10
-3
5
12
15
17
14
9
6
-1
-7
-10
-10
-7
-2
2
9
13
15
14
10
4
-5
-12
-17
-20
-19
-13
-6
1
8
14
17
15
9
-1
-9
-15
-24
-26
-24
-19
-11
-2
7
14
18
16
13
5
-1
-8
-12
-14
-12
-6
0
7
14
16
15
12
5
-3
-8
-13
-15
-12
-7
1
8
16
19
21
18
13
5
-3
-12
-19
-23
-25
-22
-14
-6
2
9
15
17
15
12
7
-2
-9
-13
-13
-13
-10
-1
6
13
16
16
15
8
1
-8
-15
-19
-19
-14
-8
1
14
22
28
29
27
18
8
-5
-19
-25
-28
-25
-18
-7
7
17
27
30
27
23
12
-2
-12
-20
-24
-24
-16
-5
7
18
25
27
23
15
5
-9
-18
-27
-28
-24
-16
-4
5
15
22
23
20
10
-2
-13
-23
-30
-33
-27
-18
-9
3
11
14
13
8
0
-10
-20
-24
-26
-23
-18
-8
1
9
14
13
10
3
-5
-12
-19
-21
-19
-14
-5
4
13
23
27
26
23
16
6
-2
-10
-18
-20
-19
-14
-6
3
10
15
19
19
16
11
8
1
-1
-3
-3
-1
3
9
12
15
14
13
9
3
-1
-5
-4
-2
0
3
9
15
20
21
21
18
13
7
2
-2
-5
-7
-6
-4
-2
-3
0
0
-2
0
2
5
10
11
13
11
9
7
2
-1
-4
-6
-6
-4
0
1
3
2
1
-2
-5
-10
-15
-17
-17
-15
-10
-2
4
9
11
8
2
-5
-16
-25
-31
-35
-34
-27
-18
-7
2
9
12
11
4
-6
-18
-29
-36
-39
-35
-25
-14
-2
10
18
23
19
12
2
-8
-15
-21
-22
-19
-13
-5
5
13
17
19
16
12
6
0
-2
-5
-6
-2
2
8
15
19
24
24
23
18
13
8
-1
-8
-13
-15
-16
-15
-10
-1
9
20
27
31
30
25
18
8
-3
-14
-19
-21
-15
-8
2
14
24
29
31
28
22
13
1
-6
-11
-12
-6
5
17
27
38
45
47
37
23
6
-13
-30
-43
-49
-46
-35
-19
6
26
44
54
57
48
27
2
-24
-46
-59
-59
-51
-29
-1
30
54
69
73
62
35
3
-34
-65
-82
-84
-70
-41
-3
35
64
77
72
47
9
-37
-80
-109
-121
-114
-83
-39
6
47
75
83
68
34
-13
-66
-111
-139
-144
-125
-90
-43
10
53
80
88
70
34
-12
-58
-94
-114
-116
-92
-50
-1
46
82
101
98
74
32
-15
-64
-100
-117
-115
-90
-48
4
59
101
123
127
109
68
18
-32
-75
-95
-90
-60
-10
53
113
158
181
180
149
101
46
-8
-48
-63
-51
-17
36
92
138
165
166
142
96
42
-14
-62
-86
-83
-55
-10
41
89
120
129
114
82
36
-13
-58
-87
-91
-76
-47
-8
32
59
68
59
31
-5
-42
-73
-92
-91
-70
-40
-6
26
44
48
29
-4
-51
-94
-128
-149
-151
-137
-107
-71
-36
-10
-1
-4
-23
-48
-76
-99
-107
-109
-101
-80
-54
-31
-13
-5
-9
-21
-41
-61
-76
-79
-73
-49
-16
21
59
83
98
92
74
41
5
-29
-54
-66
-59
-37
-3
38
71
93
94
80
50
12
-26
-55
-67
-61
-34
6
50
90
115
121
104
69
24
-22
-55
-75
-74
-47
-3
47
91
121
133
127
102
68
33
6
-10
-12
2
23
47
66
72
64
41
13
-17
-40
-50
-42
-20
9
41
73
97
105
95
72
43
12
-12
-26
-30
-19
-5
18
45
61
65
56
38
17
-3
-13
-15
-7
10
31
47
57
57
44
19
-15
-53
-88
-114
-130
-130
-117
-95
-67
-37
-12
5
10
1
-16
-38
-60
-77
-85
-81
-74
-64
-46
-28
-20
-24
-44
-70
-97
-121
-135
-133
-113
-83
-44
0
30
48
51
34
3
-35
-64
-83
-89
-75
-47
-4
36
71
95
101
90
64
26
-5
-30
-40
-29
0
42
82
121
149
154
138
106
66
22
-15
-34
-30
-6
32
78
123
156
168
158
124
74
14
-36
-71
-87
-83
-56
-12
32
68
87
83
56
16
-35
-82
-116
-130
-118
-79
-31
22
67
89
82
44
-11
-79
-138
-184
-198
-174
-123
-47
29
95
131
127
89
23
-58
-136
-193
-213
-195
-136
-52
36
106
156
165
133
68
-15
-95
-155
-174
-153
-91
-6
83
154
199
205
164
87
-8
-96
-160
-181
-160
-103
-21
72
156
218
241
226
179
112
37
-31
-76
-89
-73
-38
9
47
70
69
50
17
-24
-62
-93
-119
-119
-85
-29
45
112
148
159
144
106
60
8
-50
-106
-150
-164
-153
-125
-73
-10
43
72
67
42
10
-42
-98
-126
-116
-101
-146
-246
-324
-330
-279
-234
-233
-261
-308
-358
-338
-202
14
243
430
566
670
745
783
788
774
744
688
594
478
374
311
295
313
331
285
149
-59
-260
-373
-394
-371
-345
-332
-329
-313
-277
-238
-218
-244
-328
-442
-554
-646
-693
-674
-583
-468
-394
-384
-418
-463
-502
-530
-540
-531
-525
-540
-553
-515
-409
-264
-157
-131
-181
-264
-355
-463
-564
-603
-575
-520
-448
-344
-189
-19
136
299
494
668
761
790
834
927
1042
1162
1312
1483
1619
1681
1687
1676
1650
1569
1408
1207
1006
799
582
403
319
321
343
316
247
157
32
-122
-274
-376
-427
-454
-452
-399
-280
-124
28
156
249
292
229
20
-252
-452
-517
-464
-364
-242
-124
-43
-5
36
114
167
126
-7
-176
-324
-442
-513
-506
-443
-389
-409
-501
-641
-823
-1032
-1193
-1214
-1114
-998
-933
-886
-728
-406
3
375
641
760
696
472
236
170
282
397
385
272
125
-41
-230
-398
-490
-540
-654
-894
-1214
-1492
-1626
-1634
-1577
-1415
-1145
-1067
-1591
-2631
-3472
-3511
-3027
-2735
-2809
-2891
-2855
-2901
-2898
-2315
-1086
47
499
651
1136
1864
2342
2643
3311
4347
5053
5038
4720
4556
4448
4192
4029
4211
4382
3902
2787
1799
1470
1503
1339
901
451
13
-631
-1359
-1710
-1561
-1356
-1416
-1486
-1284
-1062
-1174
-1338
-962
-113
538
695
694
778
779
707
943
1512
1729
1153
312
-42
112
246
183
196
285
119
-309
-614
-563
-384
-379
-472
-478
-517
-809
-1278
-1586
-1536
-1339
-1332
-1570
-1877
-2103
-2181
-2003
-1469
-737
-204
-53
-34
210
641
1007
1194
1265
1254
1051
696
473
519
535
284
-95
-362
-595
-1107
-1834
-2270
-2249
-2190
-2431
-2748
-2739
-2534
-2558
-2691
-2495
-2167
-2479
-3616
-4627
-4561
-3755
-3264
-3368
-3398
-2994
-2693
-2824
-2691
-1621
-187
521
576
1047
2210
3135
3394
3820
5041
6260
6355
5657
5355
5648
5726
5352
5209
5516
5389
4201
2751
2178
2322
2114
1245
430
50
-464
-1477
-2278
-2153
-1591
-1551
-2001
-2138
-1778
-1574
-1740
-1570
-680
263
580
550
856
1456
1731
1652
1819
2336
2549
2039
1345
1262
1687
1912
1762
1625
1584
1191
314
-443
-564
-429
-655
-1213
-1691
-2037
-2518
-3031
-3140
-2868
-2754
-2987
-3150
-2934
-2548
-2214
-1745
-976
-205
159
192
275
524
741
870
1071
1262
1185
766
250
-21
-2
-3
-267
-800
-1451
-1995
-2331
-2438
-2307
-2107
-2081
-2283
-2536
-2599
-2702
-3588
-5322
-6716
-6656
-5634
-5239
-5941
-6558
-6304
-5857
-5679
-4937
-3083
-1218
-543
-416
718
2807
4314
4857
5675
7340
8652
8596
7987
8092
8664
8688
8188
7959
7947
7140
5249
3426
2754
2786
2239
823
-507
-1100
-1530
-2513
-3520
-3599
-3102
-3185
-3857
-3944
-3107
-2437
-2493
-2296
-1048
431
914
767
1144
2068
2667
2642
2643
3119
3524
3379
3184
3500
3997
3962
3332
2711
2392
1912
980
89
-349
-609
-1230
-2205
-3007
-3470
-3919
-4442
-4727
-4659
-4563
-4603
-4419
-3750
-2800
-1931
-1144
-296
416
687
734
837
992
1110
1150
1207
1116
707
160
-156
-309
-630
-1140
-1596
-1974
-2467
-2940
-2960
-2557
-2221
-2173
-2217
-2442
-3587
-5772
-7560
-7547
-6313
-5800
-6701
-7672
-7643
-7327
-7310
-6578
-4287
-1628
-456
-469
314
2395
4222
5005
5915
7828
9583
9682
8629
8160
8722
9274
9215
9088
9130
8455
6479
4184
3118
3279
3102
1741
3
-1173
-2133
-3572
-4939
-5021
-4096
-3772
-4531
-5104
-4637
-3908
-3717
-3388
-1958
-92
766
683
1005
2035
2941
3189
3316
3984
4691
4687
4360
4471
4933
5059
4578
4056
3829
3363
2224
930
232
65
-360
-1422
-2655
-3524
-4104
-4630
-4812
-4389
-3824
-3616
-3640
-3302
-2345
-1358
-900
-655
-184
481
967
982
831
916
1101
1051
613
-106
-941
-1833
-2559
-2896
-2856
-2649
-2686
-3033
-3166
-2751
-2107
-2356
-4485
-7359
-8585
-7604
-6264
-6442
-7754
-8444
-8380
-8667
-8805
-7251
-4333
-2269
-2006
-1680
390
3014
4248
4672
6271
8892
10342
9903
9147
9370
10044
10099
9938
10295
10296
8669
5884
3897
3747
4100
3156
1188
-344
-1108
-2119
-3789
-4946
-4653
-3967
-4313
-5290
-5411
-4608
-4362
-4822
-4293
-2059
191
769
460
1012
2345
3177
3465
4216
5383
5843
5378
4987
5301
5712
5473
4862
4445
3960
2779
1109
-193
-618
-704
-1406
-2703
-3777
-4368
-4893
-5307
-5087
-4127
-3307
-3307
-3445
-2805
-1736
-1053
-621
143
1064
1316
770
491
1058
1574
1268
498
-268
-1147
-2327
-3515
-3718
-2916
-2410
-2650
-2933
-2740
-2661
-3926
-6713
-8987
-8968
-7531
-6827
-7735
-8996
-9222
-8949
-9014
-8274
-5707
-2630
-1095
-1133
-579
1743
4214
5422
6481
8592
10685
11019
9932
9431
10189
10858
10595
10176
10096
9355
7114
4432
3189
3556
3707
2349
275
-1191
-2111
-3394
-4834
-5269
-4716
-4727
-5933
-6761
-5991
-4740
-4560
-4808
-3650
-1257
241
162
174
1353
2810
3622
4236
5389
6492
6510
5891
5861
6446
6702
6175
5204
4266
3277
1799
130
-960
-1418
-1884
-2942
-4375
-5302
-5454
-5385
-5182
-4551
-3802
-3502
-3725
-3746
-2841
-1399
-249
466
970
1458
1841
1820
1573
1435
1237
614
-480
-1573
-2150
-2297
-2373
-2451
-2426
-2205
-2032
-2658
-4785
-7933
-10218
-10185
-8712
-8052
-8970
-10051
-10074
-9665
-9433
-8383
-5724
-2789
-1454
-1246
-63
2426
4468
5471
6888
9484
11684
11800
10679
10295
10917
11452
11458
11352
11122
9857
7282
4705
3517
3583
3528
2368
542
-1001
-2216
-3695
-5214
-5796
-5226
-4784
-5693
-7149
-7524
-6629
-5639
-4925
-3678
-1772
-313
67
320
1464
3071
4234
5058
6156
7374
7791
7204
6562
6521
6676
6358
5439
4287
3003
1324
-583
-1925
-2248
-2228
-2909
-4380
-5686
-6094
-5846
-5568
-5283
-4678
-3974
-3607
-3318
-2591
-1463
-351
436
1146
2098
2508
1813
837
131
-203
-242
-671
-1306
-1661
-2088
-2206
-1805
-1708
-2362
-4456
-7911
-10370
-10478
-9285
-8573
-9525
-10866
-10984
-10690
-10490
-9279
-6652
-3944
-2748
-2485
-848
2192
4514
5529
6829
9448
11731
11991
11134
10923
11643
12167
11996
11962
12016
10968
8566
5978
4707
4719
4226
2381
151
-1459
-2537
-3942
-5595
-6212
-5629
-5256
-5984
-6932
-6820
-6127
-5866
-5409
-3809
-1658
-459
-306
322
1922
3234
3826
4630
6067
7348
7508
7000
6853
7065
7039
6583
5802
4758
3282
1364
-402
-1492
-1862
-2211
-3358
-4904
-5815
-5908
-5789
-5805
-5540
-4685
-3871
-3604
-3303
-2438
-1466
-879
-413
573
1793
2033
1140
270
169
460
376
-31
-319
-565
-1019
-1413
-1303
-1230
-2770
-6400
-10008
-11097
-9725
-8468
-9315
-11095
-11662
-11214
-11067
-10848
-9065
-5936
-3799
-3578
-2987
-384
2737
4501
5542
7654
10490
11822
11225
10574
11221
12395
12725
12407
12214
11772
10200
7603
5505
5034
5133
4046
1729
-422
-1565
-2581
-4378
-5821
-5656
-4857
-5291
-6931
-7878
-7208
-6179
-5686
-4769
-2729
-837
-242
5
1388
3573
5026
5512
6197
7412
8016
7708
7291
7553
7995
7792
6862
5526
4116
2516
767
-791
-1676
-2226
-3260
-4987
-6579
-6987
-6488
-6146
-6238
-6304
-6042
-5638
-5237
-4430
-3102
-1867
-1045
-301
693
1618
1640
898
462
806
1358
1378
996
603
123
-428
-696
-624
-1448
-4477
-8414
-10484
-9836
-8595
-9208
-11011
-11818
-11609
-11750
-11834
-10264
-7191
-4904
-4662
-4200
-1556
1698
3527
4396
6293
9294
11112
10985
10595
11347
12592
13029
12855
12793
12602
11388
9084
7087
6409
6272
5190
2901
704
-522
-1549
-3375
-5222
-5597
-5090
-5658
-7557
-8792
-8106
-6846
-6403
-6071
-4577
-2512
-1477
-1243
-330
1566
3376
4388
5295
6687
7841
8031
7701
7817
8479
8836
8224
6921
5529
4145
2615
1127
96
-463
-1230
-2789
-4522
-5491
-5646
-5701
-6090
-6419
-6363
-6274
-6415
-6210
-5306
-4336
-3686
-2856
-1445
-235
-264
-1090
-1280
-489
196
407
607
737
601
210
19
203
-918
-4336
-7954
-9195
-7976
-7076
-8677
-11043
-11616
-11025
-10973
-10891
-9108
-6036
-4473
-5060
-4735
-1867
1479
3079
3792
5738
8413
9620
9153
8936
10234
11873
12409
12318
12268
11894
10465
8293
6985
7222
7443
5989
3254
1064
397
-135
-1820
-3477
-3700
-3447
-4674
-7078
-8306
-7472
-6307
-5955
-5349
-3857
-2647
-2607
-2475
-732
1940
3606
3817
4100
5164
6223
6770
7175
7999
8732
8495
7441
6352
5626
4795
3472
2125
1414
1094
40
-2062
-3949
-4459
-4116
-4273
-5128
-5723
-5707
-5622
-5585
-5006
-3911
-3230
-3266
-3115
-2093
-956
-909
-1717
-2109
-1542
-785
-444
-297
28
370
-48
-1108
-2656
-5035
-7580
-9012
-8664
-7679
-8128
-9950
-11234
-11382
-11231
-10580
-8675
-5897
-4115
-4312
-4270
-2122
938
3183
4697
6641
8681
9327
8921
9110
10370
11684
12142
12125
11933
11049
9389
7629
6621
6532
6504
5501
3432
969
-829
-1676
-2400
-3167
-3523
-3808
-4894
-6783
-7908
-7149
-5926
-5593
-5308
-3821
-2080
-1886
-2337
-1288
1372
3599
4266
4639
5536
6045
5950
6290
7630
8827
8692
7488
6274
5263
4131
3165
2315
1558
776
-366
-1857
-3416
-4416
-4420
-4047
-4158
-4793
-5176
-5025
-4731
-4255
-3347
-2388
-2048
-2183
-2010
-1133
-490
-859
-1341
-1139
-521
-96
-310
-649
-509
-446
-844
-1855
-4094
-7120
-9419
-9821
-8644
-8253
-9657
-11013
-11237
-11161
-11259
-10297
-7412
-4483
-3779
-4088
-2595
509
2931
4077
5551
7956
9551
9495
9128
9859
11289
12056
12250
12450
12251
11162
9205
7363
6547
6303
5670
4134
1905
-122
-1462
-2661
-3907
-4575
-4663
-5034
-6420
-7937
-7868
-6643
-6035
-6144
-5430
-3586
-2236
-2100
-1675
331
2790
4057
4527
5460
6715
7363
7460
7868
8731
9043
8244
6994
6048
5386
4363
2731
1130
176
-441
-1560
-3103
-4251
-4576
-4600
-4985
-5524
-5698
-5463
-5224
-4948
-4395
-3760
-3431
-3328
-2949
-1990
-957
-639
-728
-711
-648
-456
-89
286
614
447
-246
-1191
-3265
-6633
-9391
-9924
-8665
-8007
-9399
-11009
-11208
-11011
-11038
-10147
-7353
-4140
-3171
-3950
-3242
-326
2523
4005
5368
7848
9951
10058
9228
9448
10950
12269
12573
12495
12207
11210
9408
7492
6620
6764
6590
5132
2634
414
-754
-1843
-3345
-4275
-4210
-4221
-5737
-8084
-8668
-7231
-6024
-5870
-5701
-4377
-2831
-2498
-2292
-638
1716
3284
3846
4514
5869
6786
6734
6770
7595
8503
8401
7216
5912
4940
4017
2925
1838
1091
386
-943
-2639
-3738
-3833
-3621
-4077
-5042
-5608
-5568
-5311
-5076
-4589
-3739
-3172
-3100
-2968
-2308
-1410
-1027
-1203
-1164
-779
-529
-543
-550
-127
305
204
-335
-1873
-5074
-8648
-10174
-8878
-7328
-8435
-10844
-11628
-11133
-11262
-11418
-9223
-5112
-2829
-3613
-3903
-1228
2311
4166
5039
7209
10091
11012
9974
9416
10664
12384
12853
12550
12408
12028
10521
8045
6251
6122
6571
5783
3334
690
-799
-1654
-3137
-4675
-4856
-4282
-5032
-7491
-9058
-8012
-6199
-5575
-5491
-4368
-2677
-2150
-2263
-1055
1509
3518
4043
4270
5231
6434
6988
7118
7542
8236
8401
7607
6223
4869
3816
2744
1478
484
117
-540
-2259
-4200
-4811
-4030
-3679
-4672
-5633
-5456
-4934
-4828
-4573
-3492
-2341
-2378
-2999
-2641
-1399
-579
-840
-1319
-1104
-611
-476
-643
-481
53
201
-396
-2092
-5136
-8395
-10079
-9426
-8085
-8542
-10357
-11347
-11329
-11480
-11419
-9462
-5646
-3065
-3382
-3815
-1869
1349
3655
5018
7185
9843
10857
10103
9610
10644
12216
12968
12971
12754
12115
10614
8532
6906
6446
6534
5809
3727
1132
-579
-1370
-2507
-3992
-4597
-4214
-4428
-6349
-8478
-8673
-7211
-6054
-5651
-4863
-3671
-2987
-2891
-2065
472
3294
4709
5110
5541
6185
6684
7117
7973
8937
8907
7692
6168
4862
3820
2735
1567
709
199
-493
-2016
-3903
-4888
-4537
-3886
-4067
-4901
-5452
-5570
-5498
-5093
-4159
-3073
-2634
-2819
-2744
-1944
-930
-413
-452
-527
-372
-135
-83
-180
-153
-96
-464
-1787
-4446
-7711
-9813
-9693
-8391
-8256
-9914
-11399
-11514
-11353
-11455
-10346
-7144
-4015
-3560
-4151
-2558
973
3656
4644
6014
8701
10669
10544
9821
10320
11786
12651
12645
12636
12487
11428
9401
7451
6648
6722
6420
4850
2284
37
-1106
-2046
-3461
-4582
-4680
-4600
-5849
-7696
-8058
-7021
-6308
-6301
-5540
-3701
-2439
-2376
-1974
-113
2245
3715
4529
5694
6884
7241
7134
7377
8077
8636
8421
7541
6191
4687
3554
2596
1475
440
-305
-1211
-2775
-4339
-4799
-4490
-4749
-5608
-5892
-5299
-4783
-4905
-4817
-3952
-3185
-2977
-2754
-2103
-1425
-1423
-1570
-1067
-227
291
314
219
218
16
-617
-2068
-4662
-7589
-9273
-9081
-8439
-9206
-10924
-11636
-11270
-11159
-11104
-9533
-6255
-3882
-3851
-3808
-1657
1472
3420
4351
6194
8772
10047
9776
9723
10953
12391
12862
12733
12630
12275
11028
9057
7338
6602
6476
5788
3872
1450
-165
-934
-2017
-3541
-4397
-4326
-4662
-6291
-7730
-7515
-6582
-6410
-6570
-5620
-3899
-3069
-3144
-2409
-185
2035
3132
3838
5004
6219
6891
7315
7889
8434
8482
8006
7109
5843
4568
3654
2700
1525
576
-59
-910
-2478
-3922
-4037
-3566
-4032
-5159
-5630
-5114
-4686
-4838
-4619
-3681
-2977
-3082
-3267
-2691
-1778
-1361
-1337
-1108
-454
30
-20
-70
200
400
-497
-3185
-6594
-8651
-8404
-7192
-7439
-9382
-10867
-11029
-11119
-11479
-10640
-7703
-4721
-4224
-4804
-3548
-434
2259
3475
4937
7488
9413
9581
9146
9848
11450
12484
12586
12488
12371
11592
9938
8087
7184
7281
7096
5689
3385
1535
657
-343
-1981
-3384
-3784
-3904
-5150
-6994
-7689
-7004
-6433
-6650
-6501
-5166
-3716
-3371
-3321
-2021
345
2194
2835
3250
4259
5382
5992
6357
7086
7992
8227
7519
6447
5522
4820
3994
2856
1775
978
146
-1131
-2656
-3519
-3487
-3467
-4166
-5083
-5370
-5122
-4892
-4643
-4026
-3244
-2980
-3303
-3382
-2828
-2204
-1981
-1985
-1641
-887
-405
-390
-456
-278
-6
-690
-3232
-6617
-8646
-8261
-7034
-7469
-9342
-10554
-10565
-10674
-11180
-10158
-6833
-3884
-3653
-4424
-3119
81
2519
3362
4617
7174
9087
9082
8545
9326
11003
12004
12141
12203
12262
11555
9805
7944
7067
7141
7025
5679
3494
1775
883
-73
-1602
-2776
-2910
-3114
-4587
-6427
-6814
-5856
-5499
-6126
-5996
-4521
-3194
-3115
-3303
-2377
-617
948
2160
3214
3996
4480
4888
5449
6138
6793
7174
6864
5727
4583
4115
3773
2975
2106
1666
1096
-454
-2176
-2609
-2119
-2342
-3547
-4414
-4310
-4174
-4597
-4712
-4018
-3404
-3575
-3855
-3393
-2588
-2305
-2332
-1920
-1139
-615
-639
-932
-1065
-937
-665
-898
-2654
-5785
-8418
-8782
-7491
-6988
-8215
-9605
-9971
-10063
-10518
-10121
-7711
-4733
-3616
-4042
-3366
-817
1714
2881
3900
6135
8429
9086
8650
8890
10032
10874
11087
11424
11933
11669
10221
8416
7293
6943
6737
6133
4841
3125
1631
476
-667
-1763
-2296
-2230
-2643
-4063
-5491
-5999
-5991
-6195
-6099
-4909
-3335
-2726
-3160
-3373
-2533
-1102
253
1416
2428
3112
3415
3600
4132
5168
6248
6791
6479
5632
4790
3989
3145
2525
2317
2118
1191
-349
-1486
-1818
-1975
-2532
-3067
-3147
-3148
-3603
-4219
-4327
-4015
-3900
-3955
-3645
-3045
-2810
-3103
-3290
-2908
-2267
-1884
-1654
-1340
-1022
-804
-660
-815
-2021
-4512
-7107
-8157
-7404
-6436
-6835
-8245
-9295
-9542
-9439
-8985
-7455
-5005
-3273
-3073
-3026
-1655
614
2342
3275
4505
6251
7453
7640
7558
8016
8917
9722
10341
10846
10931
10189
8797
7497
6886
6854
6697
5829
4379
2959
1881
943
16
-510
-505
-715
-1796
-3241
-4024
-4067
-4062
-4135
-3743
-2938
-2550
-2811
-2957
-2505
-1870
-1328
-503
718
1641
1772
1670
2019
2695
3309
3838
4318
4377
3775
3012
2679
2738
2771
2560
2051
1188
192
-501
-834
-1226
-1797
-2128
-2123
-2357
-3083
-3728
-3786
-3622
-3708
-3683
-3154
-2650
-2864
-3457
-3477
-2891
-2590
-2805
-2791
-2194
-1693
-1827
-2006
-1525
-942
-1568
-3641
-5811
-6639
-6044
-5137
-4855
-5129
-5498
-5897
-6452
-6774
-6064
-4295
-2583
-1792
-1478
-747
398
1267
1796
2637
3967
5116
5553
5600
5766
6059
6245
6448
7004
7747
8089
7662
6743
6004
5733
5682
5534
5285
5124
4878
4119
2946
2008
1684
1538
1051
447
216
220
-122
-854
-1450
-1619
-1602
-1700
-1790
-1737
-1756
-2051
-2494
-2714
-2514
-1951
-1210
-539
-160
-60
65
370
728
1021
1328
1679
1865
1763
1556
1404
1103
514
-57
-285
-234
-287
-607
-1056
-1511
-1817
-1878
-1686
-1440
-1357
-1491
-1860
-2295
-2467
-2256
-1918
-1881
-2125
-2316
-2369
-2534
-2888
-3011
-2654
-2096
-1764
-1575
-1142
-521
-98
-137
-532
-1075
-1691
-2170
-2242
-1943
-1672
-1764
-2192
-2757
-3293
-3662
-3685
-3380
-2957
-2536
-2045
-1459
-921
-593
-473
-381
-143
364
1114
1831
2251
2481
2763
3064
3311
3600
4101
4723
5049
4982
4832
4790
4796
4794
4838
4864
4648
4171
3747
3599
3558
3366
2995
2591
2244
1938
1681
1449
1106
633
181
-143
-394
-658
-926
-1158
-1388
-1602
-1657
-1493
-1258
-1097
-990
-894
-860
-948
-1045
-1008
-887
-776
-710
-708
-836
-1089
-1281
-1232
-1030
-945
-972
-966
-960
-1015
-1109
-1066
-870
-758
-776
-752
-606
-532
-641
-763
-712
-523
-460
-589
-870
-1239
-1529
-1571
-1292
-899
-660
-621
-667
-632
-458
-168
55
-12
-385
-913
-1382
-1737
-2014
-2232
-2437
-2613
-2756
-2921
-3191
-3537
-3724
-3599
-3246
-2834
-2376
-1874
-1461
-1224
-1036
-693
-231
215
643
1065
1412
1632
1873
2345
2912
3296
3458
3542
3670
3819
3976
4214
4387
4255
3869
3484
3305
3258
3151
3035
3030
3063
3011
2812
2543
2342
2205
2092
1932
1675
1389
1183
1091
1021
867
613
310
4
-252
-404
-449
-496
-675
-995
-1360
-1669
-1843
-1885
-1858
-1849
-1900
-1943
-1928
-1880
-1862
-1855
-1804
-1702
-1579
-1470
-1355
-1239
-1115
-970
-775
-545
-367
-302
-349
-412
-399
-268
-93
8
-28
-169
-306
-403
-494
-621
-739
-816
-858
-888
-912
-897
-845
-805
-828
-964
-1197
-1447
-1661
-1791
-1875
-1976
-2144
-2362
-2547
-2591
-2442
-2197
-1991
-1900
-1840
-1683
-1454
-1230
-981
-656
-321
-127
-81
-6
251
632
1023
1408
1779
2074
2193
2207
2296
2494
2639
2658
2636
2716
2849
2858
2746
2716
2862
3054
3190
3249
3231
3127
2969
2860
2859
2859
2705
2364
1985
1717
1531
1333
1063
775
509
250
-55
-337
-464
-512
-640
-882
-1130
-1288
-1432
-1640
-1837
-1928
-1933
-1977
-2029
-1950
-1721
-1503
-1445
-1474
-1482
-1446
-1385
-1246
-960
-612
-389
-377
-465
-506
-405
-171
106
312
371
294
156
11
-120
-227
-310
-404
-515
-640
-790
-926
-992
-937
-779
-631
-593
-676
-825
-972
-1038
-1007
-934
-900
-967
-1120
-1325
-1530
-1675
-1723
-1689
-1646
-1642
-1688
-1716
-1658
-1516
-1340
-1165
-973
-788
-658
-565
-423
-154
179
483
747
994
1203
1351
1480
1652
1880
2092
2237
2328
2355
2321
2289
2320
2427
2531
2545
2466
2375
2314
2291
2283
2229
2117
1937
1724
1547
1430
1344
1242
1124
1015
948
864
717
567
451
346
194
-6
-168
-255
-358
-531
-704
-832
-972
-1160
-1291
-1236
-1071
-1008
-1087
-1172
-1158
-1081
-1008
-924
-818
-753
-783
-856
-895
-868
-781
-658
-543
-464
-417
-403
-430
-458
-411
-288
-202
-251
-396
-507
-548
-583
-615
-576
-497
-496
-616
-769
-848
-821
-763
-716
-703
-746
-835
-948
-1058
-1146
-1209
-1232
-1203
-1153
-1113
-1085
-1081
-1109
-1123
-1068
-951
-842
-790
-763
-684
-517
-306
-101
72
227
378
493
562
612
698
857
1025
1144
1221
1257
1228
1145
1111
1219
1421
1573
1634
1680
1729
1740
1707
1708
1794
1848
1778
1652
1593
1616
1630
1599
1558
1513
1429
1275
1097
935
773
616
500
456
448
361
159
-75
-208
-171
-52
9
-20
-96
-187
-290
-386
-432
-430
-451
-522
-599
-646
-665
-667
-642
-562
-484
-469
-533
-638
-732
-778
-751
-691
-649
-661
-742
-881
-1065
-1212
-1236
-1140
-1030
-1018
-1104
-1211
-1295
-1328
-1269
-1126
-993
-976
-1063
-1140
-1097
-945
-754
-582
-469
-445
-488
-546
-564
-526
-462
-406
-410
-479
-547
-563
-537
-501
-453
-390
-337
-325
-302
-211
-77
7
26
43
105
194
275
378
514
644
742
822
926
1049
1153
1224
1291
1357
1409
1426
1419
1431
1491
1567
1587
1530
1428
1343
1294
1283
1298
1309
1252
1109
950
852
839
839
803
728
622
493
374
301
298
341
358
318
238
139
37
-54
-98
-61
9
28
-40
-151
-239
-294
-320
-318
-295
-300
-377
-510
-636
-685
-677
-655
-670
-753
-878
-1012
-1123
-1184
-1165
-1081
-988
-934
-941
-980
-1015
-1018
-945
-818
-704
-653
-666
-679
-633
-542
-446
-370
-329
-315
-296
-263
-225
-198
-190
-207
-258
-327
-409
-489
-560
-602
-630
-633
-610
-617
-650
-667
-624
-543
-479
-449
-422
-375
-306
-189
-25
135
238
262
263
312
429
595
759
855
844
786
770
830
942
1038
1063
1011
933
911
974
1066
1125
1127
1102
1076
1054
1021
1003
998
997
1003
995
948
859
752
678
657
680
716
720
656
536
427
399
449
489
447
331
182
32
-66
-65
1
37
-12
-109
-202
-283
-353
-398
-415
-434
-495
-585
-664
-743
-823
-862
-842
-787
-740
-754
-823
-912
-965
-942
-870
-822
-831
-875
-929
-989
-1041
-1024
-931
-861
-862
-866
-809
-712
-666
-667
-658
-629
-636
-670
-666
-602
-531
-501
-498
-488
-457
-430
-396
-346
-279
-215
-190
-201
-204
-151
-41
81
160
186
176
151
166
287
506
721
823
809
783
807
873
954
1034
1095
1104
1060
1025
1045
1106
1168
1213
1236
1225
1178
1102
1027
993
1025
1104
1125
1030
853
679
571
539
580
651
658
551
386
252
201
218
241
208
107
-48
-201
-286
-267
-172
-72
-50
-135
-283
-413
-472
-466
-438
-415
-430
-495
-587
-675
-732
-764
-815
-880
-921
-928
-923
-947
-979
-980
-945
-929
-955
-1005
-1053
-1087
-1105
-1077
-985
-866
-796
-792
-819
-812
-747
-653
-546
-435
-361
-339
-344
-319
-242
-162
-122
-136
-151
-137
-88
-13
94
190
247
263
265
279
282
273
268
286
344
429
508
564
615
665
708
737
751
758
768
788
819
861
908
915
861
796
773
796
834
869
883
872
834
792
794
818
810
742
642
545
448
365
348
403
474
475
398
290
185
98
48
61
99
104
38
-71
-162
-213
-243
-274
-326
-401
-463
-488
-481
-456
-445
-480
-552
-646
-725
-773
-810
-850
-888
-883
-831
-758
-706
-696
-733
-796
-834
-832
-793
-751
-723
-693
-652
-611
-575
-539
-502
-470
-448
-415
-358
-292
-234
-180
-129
-108
-124
-160
-175
-148
-98
-46
13
91
163
202
208
212
219
217
212
227
263
292
304
312
364
431
456
442
414
411
437
469
500
530
559
568
559
545
537
529
512
503
525
590
649
672
661
655
652
622
577
543
529
498
446
404
396
404
392
360
308
242
156
60
7
-6
-12
-27
-63
-128
-202
-269
-324
-362
-376
-367
-352
-345
-352
-357
-361
-373
-401
-434
-439
-433
-432
-429
-412
-375
-329
-291
-286
-314
-362
-409
-438
-445
-416
-360
-313
-302
-314
-323
-313
-314
-345
-380
-390
-380
-359
-325
-282
-238
-218
-231
-242
-241
-226
-213
-204
-176
-129
-78
-32
7
32
36
29
19
27
65
114
162
193
207
215
201
166
134
133
155
179
198
222
252
269
279
302
328
340
321
291
287
306
347
392
432
451
429
388
353
357
393
440
473
479
463
422
372
324
283
237
184
120
66
32
18
22
20
8
-34
-100
-162
-196
-207
-213
-217
-222
-226
-221
-212
-200
-189
-192
-197
-188
-158
-113
-79
-72
-85
-118
-148
-150
-137
-122
-110
-118
-129
-124
-100
-74
-71
-99
-135
-157
-167
-159
-150
-138
-130
-139
-148
-129
-109
-112
-127
-137
-125
-88
-38
-1
18
3
-31
-50
-51
-29
-14
-17
-19
-18
-14
-10
-11
-13
-12
-9
-13
-19
-26
-32
-46
-58
-44
-21
-15
-38
-61
-64
-43
-14
27
90
144
161
154
142
136
137
138
137
144
160
171
179
192
204
194
159
122
88
72
72
71
69
65
57
29
10
6
-7
-30
-45
-32
-10
15
26
24
18
-1
-22
-29
-9
9
19
36
57
79
90
84
65
35
1
-22
-29
-18
-3
5
-2
-14
-35
-72
-96
-109
-114
-117
-121
-124
-124
-113
-92
-81
-86
-110
-147
-177
-185
-157
-96
-26
12
22
24
15
-8
-22
-29
-34
-44
-47
-40
-19
2
-2
-23
-42
-55
-60
-48
-22
8
25
45
65
80
77
40
-12
-48
-48
-9
42
92
131
154
159
144
124
96
62
24
-3
18
69
108
123
108
78
44
2
-39
-64
-64
-50
-33
-5
22
30
11
-22
-69
-103
-110
-89
-55
-5
45
85
94
69
32
1
-12
-6
25
71
125
161
173
176
169
134
80
23
-18
-25
-8
29
72
103
103
63
3
-59
-110
-136
-144
-125
-76
-21
10
-1
-36
-77
-116
-152
-171
-166
-131
-84
-45
-15
3
3
-27
-80
-126
-151
-157
-143
-121
-83
-39
-25
-37
-68
-104
-131
-146
-137
-102
-57
-13
21
36
36
25
14
5
0
7
21
65
106
130
136
113
78
45
25
24
37
60
92
117
127
116
90
64
25
-20
-46
-42
-25
10
59
104
125
116
88
53
26
14
26
70
112
130
120
90
56
16
-19
-30
-23
-9
13
41
66
82
73
42
-6
-60
-94
-110
-96
-54
-11
19
34
23
-6
-27
-64
-96
-96
-67
-23
15
38
44
30
-4
-54
-89
-106
-105
-93
-66
-18
20
24
2
-41
-95
-147
-185
-198
-169
-114
-54
-9
8
6
-13
-49
-78
-86
-72
-44
-1
54
118
161
156
119
60
5
-36
-48
-20
36
103
152
179
179
148
88
12
-44
-77
-77
-52
-7
43
79
86
62
21
-30
-66
-86
-79
-51
-6
39
67
76
60
31
-8
-46
-58
-43
-14
28
71
108
126
117
76
20
-29
-57
-54
-25
22
64
92
90
63
20
-11
-26
-40
-43
-33
-8
21
38
37
24
3
-24
-55
-81
-83
-64
-41
-21
-7
-3
-5
-18
-38
-53
-51
-40
-22
-3
12
10
-12
-43
-70
-87
-96
-91
-67
-27
10
29
41
38
15
-18
-51
-68
-68
-49
-18
14
37
43
26
-7
-47
-80
-93
-86
-60
-27
10
35
36
30
11
-20
-49
-62
-56
-28
6
43
66
70
59
33
5
-23
-37
-43
-19
19
56
91
100
78
26
-26
-68
-81
-65
-23
37
96
130
130
107
72
29
-15
-33
-31
-4
36
78
110
127
121
88
43
-3
-33
-36
-11
36
88
126
128
94
29
-37
-91
-123
-118
-79
-20
41
76
85
59
4
-68
-127
-151
-134
-89
-34
26
69
77
58
9
-55
-105
-134
-124
-75
-5
67
115
130
104
57
-4
-59
-86
-87
-50
7
62
100
109
90
52
-4
-66
-104
-109
-87
-48
0
41
53
32
-13
-68
-114
-136
-131
-98
-39
18
58
72
58
20
-34
-86
-116
-116
-86
-29
28
78
106
107
78
35
-13
-51
-72
-72
-44
1
52
84
94
77
40
0
-35
-53
-44
-15
24
61
83
81
65
25
-9
-34
-43
-31
0
36
69
84
77
59
24
-10
-42
-58
-49
-30
-2
30
48
43
30
-1
-37
-63
-77
-74
-49
-11
24
44
51
42
17
-16
-48
-61
-49
-20
7
29
48
52
32
5
-22
-42
-58
-63
-52
-29
-7
11
21
19
6
-15
-32
-39
-33
-19
10
42
55
50
34
6
-32
-57
-61
-52
-36
-15
10
34
45
40
23
8
-7
-20
-21
-13
8
31
57
73
72
57
34
8
-16
-22
-15
-3
10
20
21
17
8
-9
-16
-23
-32
-31
-21
-7
12
23
30
25
9
-11
-31
-38
-36
-23
-6
12
28
32
35
26
7
-14
-24
-30
-31
-19
4
23
29
26
17
6
-10
-23
-29
-23
-9
4
17
28
32
35
26
8
-9
-21
-29
-33
-25
-11
5
15
19
29
39
43
41
36
37
33
22
5
-14
-36
-45
-44
-37
-33
-35
-38
-56
-81
-96
-94
-76
-44
-8
28
65
83
82
66
34
-3
-22
-25
-44
-61
-33
5
-4
-47
-60
-59
-184
-369
-415
-240
-29
26
83
264
427
386
252
245
299
247
129
121
178
110
-46
-107
-80
-134
-235
-215
-110
-89
-131
-63
79
102
23
24
122
136
63
62
128
61
-143
-225
-121
-68
-157
-188
-72
26
-32
-97
-5
120
91
13
64
166
152
44
31
119
142
59
12
32
2
-123
-202
-145
-57
-62
-111
-91
-51
-76
-146
-162
-107
-75
-63
-22
56
95
64
28
28
31
-3
-55
-82
-102
-111
-106
-91
-48
-4
24
29
28
69
129
157
157
184
232
223
155
97
69
20
-49
-86
-72
-75
-121
-132
-89
-69
-95
-99
-62
-41
-62
-72
-24
27
37
63
130
168
141
79
59
61
43
31
38
74
93
53
16
-1
-19
-48
-73
-56
-6
24
26
19
23
25
2
-26
-31
14
50
21
-2
71
131
83
-11
17
105
61
-73
-68
82
104
-33
-74
49
101
-52
-213
-162
-68
-120
-198
-133
28
75
23
29
78
59
-47
-108
-67
-20
9
22
26
34
76
68
-30
-130
-93
5
-34
-135
-70
116
116
-66
-91
85
122
-100
-235
-85
39
-82
-154
17
122
-66
-234
-107
33
-73
-202
-75
138
154
98
170
255
220
164
167
161
119
97
82
-9
-93
-56
11
-55
-169
-140
-46
-66
-130
-79
3
-13
-63
-10
65
26
-33
-4
2
-90
-132
-66
-93
-255
-259
-33
101
-18
-67
176
358
193
-15
60
223
139
-69
-80
93
166
27
-138
-148
-44
-27
-172
-268
-122
75
10
-168
-52
275
294
-12
-104
173
277
-45
-253
0
258
74
-194
-47
238
146
-168
-192
57
128
-47
-87
103
221
123
-26
-37
40
34
-76
-169
-133
-18
6
-99
-130
6
93
2
-96
-10
106
41
-90
-35
139
151
10
-15
138
165
-34
-149
1
159
32
-132
-1
223
145
-104
-78
141
122
-124
-161
70
133
-76
-152
51
140
-58
-202
-84
56
-19
-111
-16
102
59
-26
30
130
83
-9
4
43
2
-91
-92
-22
-27
-70
-37
54
49
-45
-60
19
53
-22
-78
-18
54
21
-49
-18
51
-2
-134
-171
-71
-2
-79
-145
-70
17
-5
-51
24
124
91
24
64
144
106
-7
-24
15
-17
-77
-77
-70
-108
-127
-82
-73
-93
-53
10
-43
-124
-46
96
68
-40
32
189
132
-35
-22
88
13
-164
-115
113
148
-12
-30
144
197
26
-59
78
179
60
-84
10
199
186
-3
-95
32
110
-56
-234
-146
49
-4
-207
-164
89
120
-129
-223
19
174
18
-139
-10
188
127
-22
15
200
239
73
-35
-1
84
54
-77
-139
-82
14
0
-84
-58
77
106
-37
-90
62
150
-12
-158
-31
137
38
-136
-64
95
33
-147
-130
13
16
-102
-100
32
66
22
21
58
41
-36
-60
-17
18
3
-23
-23
-2
0
-38
-67
-67
-66
-58
-22
24
19
6
57
92
10
-93
-27
80
-21
-191
-124
75
68
-98
-69
127
126
-63
-85
96
139
-1
-30
112
141
-12
-71
9
18
-73
-95
-14
-5
-58
-25
54
39
-43
-18
68
40
-40
-13
89
79
-40
-74
-20
-29
-97
-117
-49
4
-11
-20
-5
9
-10
-29
-11
25
46
64
93
110
93
63
23
-13
-51
-94
-99
-53
-5
-11
-21
30
87
61
-3
9
78
79
11
11
104
138
64
9
46
52
-47
-136
-109
-34
-34
-65
-29
41
29
-39
-51
-6
12
-19
-1
79
119
89
71
76
24
-62
-96
-74
-84
-107
-65
5
26
10
33
57
11
-33
1
40
-1
-17
67
130
81
16
49
85
-11
-123
-93
0
-14
-100
-61
58
74
-16
-44
43
75
-4
-32
55
116
68
15
37
44
-14
-69
-92
-107
-113
-77
-21
-21
-25
31
66
12
-62
-12
90
74
-8
-1
98
114
26
-35
-16
13
-30
-91
-100
-48
12
12
-12
-3
50
74
14
-64
-61
-7
10
-23
-30
24
71
46
-26
-64
-57
-63
-112
-130
-67
-4
-11
-26
18
39
-23
-88
-64
-13
-31
-49
8
75
45
-44
-56
-31
-74
-154
-137
-34
29
24
26
75
81
32
-14
-22
-6
-11
-16
28
82
106
83
52
22
-27
-59
-67
-52
-35
-13
46
99
98
67
59
64
20
-36
-25
18
35
29
66
89
32
-25
-12
-1
-50
-81
-2
88
81
21
9
49
26
-52
-85
-41
16
39
43
51
81
111
85
11
-17
15
46
16
-21
9
62
63
14
-7
12
17
-19
-44
-30
3
2
-12
3
35
57
38
-4
-27
-18
-23
-51
-45
-11
-4
-25
-52
-46
-42
-67
-83
-73
-41
-23
-12
17
35
19
-12
-28
-28
-27
-33
-43
-40
-18
0
-12
-41
-47
-44
-73
-95
-66
-14
6
-11
-5
28
39
14
-13
-15
-17
-31
-27
2
18
9
-1
0
2
-9
-36
-65
-52
-11
16
27
39
65
74
48
20
19
29
24
22
50
93
97
53
24
19
9
-21
-40
-23
9
18
15
21
42
39
20
14
16
25
26
23
16
-1
11
23
9
-10
2
25
11
-11
-2
21
6
-17
15
62
45
-16
-35
-6
-17
-67
-61
-4
24
4
-1
20
18
-13
-26
-13
-9
-7
4
12
-5
-20
-13
-12
-39
-59
-35
-20
-36
-29
21
44
10
-19
5
36
25
-5
-8
18
23
10
2
13
18
-7
-21
-28
-21
-17
-26
-34
-13
22
37
25
8
9
2
-22
-40
-31
-5
6
-1
-10
-1
-8
-44
-68
-66
-47
-34
-19
9
33
30
14
8
4
-9
-22
-11
14
19
3
3
17
4
-27
-33
-11
-2
-15
-10
21
42
43
41
50
46
30
17
17
7
-9
3
24
37
40
45
35
5
-22
-27
-28
-40
-34
-3
22
17
14
25
26
-2
-30
-6
25
24
7
9
22
11
-17
-35
-32
-31
-33
-36
-34
-20
-11
-4
-5
-2
10
11
-5
-23
-17
-4
-3
-6
7
23
25
6
-8
-12
-20
-34
-37
-28
-12
-2
-3
7
16
14
9
6
11
13
6
-1
-4
-6
-11
-12
-6
5
9
3
3
9
4
-12
-24
-12
4
8
5
13
26
27
12
1
7
9
2
-13
-15
-4
-1
-21
-33
-12
10
2
-5
7
23
23
9
9
24
28
16
12
12
7
2
-2
-7
-8
-9
-1
-4
-8
-2
3
-3
-15
-10
3
15
13
19
39
45
30
19
25
21
8
-11
-10
3
-2
-8
-1
8
10
2
0
0
-15
-26
-23
-13
-15
-12
6
22
11
-4
8
17
3
-10
-3
15
11
0
-5
-2
-9
-19
-22
-17
-14
-7
-3
-4
-1
6
2
-14
-23
-21
-24
-28
-25
-21
-17
-13
-8
-2
5
5
-12
-25
-26
-10
-1
-6
7
31
36
13
2
0
-9
-22
-25
-5
7
6
4
7
2
-7
-13
-12
-18
-21
-5
12
16
19
33
38
31
21
17
16
9
-3
-2
7
5
-2
-9
-6
-14
-25
-24
-21
-19
-9
3
10
13
15
12
7
-4
-6
-5
-2
2
7
13
15
10
-5
-9
-13
-17
-11
-5
1
11
20
25
25
22
9
-3
-10
-12
-9
-7
-2
2
6
12
12
4
-4
-8
-8
-6
0
13
21
22
22
22
21
5
-10
-9
-3
-11
-14
2
13
2
-9
-11
-14
-26
-34
-25
-11
-3
6
17
21
6
-9
-16
-23
-30
-32
-21
-6
5
15
19
15
4
0
-3
-15
-13
-7
3
13
16
22
26
23
10
0
4
9
4
9
17
20
13
6
4
-6
-20
-28
-24
-15
-2
12
19
25
18
10
1
-9
-13
-11
1
5
11
14
17
7
-7
-14
-15
-18
-28
-25
-12
0
2
-2
4
7
-2
-10
-9
-7
-8
-1
1
2
2
5
2
-14
-17
-17
-20
-19
-20
-13
-4
0
0
5
10
10
6
2
4
6
3
-1
3
4
3
-2
-3
-1
-2
-7
-3
7
11
11
12
9
5
8
11
11
8
11
18
13
6
4
-2
-7
-9
-12
-7
