-110
-126
-135
-135
-126
-112
-91
-66
-40
-11
18
45
71
95
111
121
123
120
111
97
78
54
29
-2
-33
-64
-94
-119
-139
-146
-144
-130
-108
-79
-47
-15
20
54
84
112
136
155
163
163
153
134
105
70
32
-5
-41
-77
-111
-140
-160
-173
-174
-169
-151
-125
-91
-53
-11
31
69
101
128
148
156
158
154
142
120
91
58
22
-17
-55
-87
-118
-143
-158
-166
-160
-144
-121
-90
-53
-15
21
60
96
125
147
161
167
167
159
140
112
78
38
-2
-41
-75
-104
-124
-136
-143
-147
-141
-128
-109
-82
-53
-19
14
46
76
102
119
129
128
121
106
81
55
24
-9
-39
-64
-85
-100
-110
-116
-114
-106
-90
-70
-45
-17
11
39
63
79
90
93
91
83
72
62
48
32
15
0
-18
-35
-47
-52
-55
-55
-51
-47
-41
-37
-34
-30
-24
-20
-12
-1
9
18
25
31
38
44
49
55
59
60
58
49
39
27
11
-4
-23
-43
-60
-75
-85
-91
-93
-86
-76
-60
-38
-16
7
28
49
66
80
93
102
110
114
108
98
82
57
33
2
-27
-56
-83
-104
-122
-137
-144
-144
-138
-125
-104
-75
-42
-3
35
70
102
128
146
158
160
153
136
113
83
50
12
-29
-65
-99
-129
-154
-172
-180
-178
-166
-139
-102
-57
-8
40
86
128
160
184
197
203
197
182
158
124
82
34
-17
-66
-112
-148
-177
-197
-207
-207
-195
-173
-143
-101
-55
-4
47
94
137
170
194
204
203
189
166
135
96
53
10
-34
-77
-112
-144
-169
-185
-189
-183
-163
-133
-95
-51
-7
37
76
109
138
160
172
178
173
165
143
118
85
42
-3
-47
-89
-124
-156
-179
-188
-188
-179
-160
-133
-101
-65
-27
10
45
79
107
127
142
147
140
127
102
70
36
4
-26
-51
-73
-89
-100
-107
-108
-106
-103
-93
-77
-56
-31
-3
27
58
79
96
108
109
109
105
102
101
94
88
80
68
55
41
26
9
-11
-31
-49
-67
-83
-99
-111
-118
-121
-117
-109
-91
-67
-37
-2
28
57
78
89
94
92
87
78
66
53
40
23
3
-19
-46
-76
-100
-123
-139
-146
-142
-127
-100
-65
-28
11
49
80
109
132
148
160
163
158
142
117
87
53
14
-22
-53
-81
-106
-122
-131
-134
-130
-122
-111
-94
-72
-48
-20
9
38
64
89
106
116
118
111
102
86
66
48
29
7
-14
-39
-69
-96
-122
-138
-142
-138
-119
-89
-49
-7
32
67
92
110
123
129
132
131
126
114
95
69
36
1
-34
-69
-97
-116
-128
-132
-131
-124
-114
-101
-80
-56
-31
-5
22
47
68
86
97
102
100
86
65
42
16
-4
-20
-31
-38
-44
-52
-62
-74
-83
-85
-80
-64
-41
-9
22
51
72
84
91
91
84
78
71
65
62
59
55
45
31
13
-7
-24
-38
-46
-49
-50
-53
-56
-60
-65
-65
-61
-50
-33
-13
5
23
37
41
39
35
26
18
10
2
-1
-4
-3
-1
-2
-7
-15
-27
-40
-52
-57
-54
-43
-24
-3
18
33
42
44
42
42
41
46
57
67
75
76
70
54
35
11
-10
-27
-41
-50
-57
-62
-68
-76
-81
-85
-84
-73
-54
-27
0
25
45
57
62
58
53
45
36
29
24
20
14
7
-3
-16
-35
-55
-69
-80
-82
-74
-55
-29
0
27
51
67
74
74
71
67
65
70
76
81
75
65
48
22
-6
-31
-54
-70
-80
-87
-91
-95
-99
-102
-96
-81
-59
-34
-6
23
46
64
74
76
70
61
47
30
13
-1
-13
-19
-22
-24
-30
-36
-46
-55
-62
-62
-53
-35
-8
20
47
65
73
73
67
57
50
47
45
45
47
44
33
18
1
-14
-28
-37
-38
-39
-35
-32
-31
-36
-46
-54
-55
-50
-35
-14
9
28
41
44
40
28
12
1
-6
-7
-4
3
10
14
13
9
-1
-14
-29
-42
-49
-48
-41
-24
-4
12
24
29
30
26
21
18
21
32
49
64
76
81
74
61
43
25
6
-10
-23
-33
-46
-59
-71
-87
-100
-107
-102
-86
-60
-29
2
26
44
51
45
38
26
20
18
21
27
33
35
28
12
-12
-41
-67
-88
-97
-91
-72
-43
-9
19
41
50
48
39
33
30
34
50
69
87
101
102
91
66
36
7
-18
-32
-39
-43
-47
-53
-65
-78
-92
-103
-99
-81
-49
-12
23
49
59
55
38
18
1
-9
-9
1
18
30
38
36
19
-9
-38
-66
-86
-92
-82
-58
-27
6
35
55
63
61
55
48
47
52
62
78
89
91
82
64
39
12
-10
-26
-32
-31
-26
-27
-33
-45
-62
-78
-86
-84
-69
-46
-18
6
22
29
26
13
-4
-18
-26
-29
-24
-13
1
12
16
9
-1
-18
-33
-42
-45
-34
-13
16
46
69
82
81
64
38
10
-9
-19
-14
0
17
30
40
38
28
13
-1
-9
-9
-5
2
4
3
-6
-19
-31
-40
-40
-31
-16
1
19
27
24
10
-14
-39
-60
-70
-67
-48
-20
11
36
46
38
13
-24
-62
-88
-97
-84
-54
-11
35
72
91
90
78
57
35
21
22
36
56
77
91
94
81
60
36
12
-7
-19
-25
-30
-37
-49
-61
-74
-82
-83
-71
-51
-24
8
33
50
49
32
6
-27
-52
-66
-63
-43
-15
14
38
45
31
2
-39
-79
-103
-109
-93
-59
-16
26
59
78
81
69
49
33
26
31
50
73
91
101
97
80
59
31
6
-14
-27
-32
-38
-43
-51
-63
-76
-85
-89
-84
-67
-44
-18
6
24
33
33
24
10
-3
-11
-12
-4
10
23
30
27
10
-19
-52
-80
-101
-107
-91
-55
-12
33
70
90
95
87
71
53
43
44
54
72
90
96
93
75
47
14
-18
-42
-57
-62
-58
-56
-55
-58
-66
-79
-88
-89
-80
-60
-29
4
31
49
55
48
35
14
-5
-18
-22
-16
-3
7
9
6
-11
-37
-65
-87
-102
-102
-85
-52
-10
30
63
82
88
83
75
68
71
83
101
120
130
129
116
91
60
24
-7
-29
-43
-53
-59
-69
-84
-100
-116
-126
-124
-110
-85
-50
-14
16
38
50
50
43
34
30
27
25
29
30
27
14
-4
-29
-58
-86
-106
-113
-110
-90
-60
-22
11
38
53
58
56
51
48
52
61
77
95
109
120
120
109
88
63
33
4
-23
-50
-72
-95
-111
-120
-124
-118
-101
-76
-45
-10
19
44
58
59
49
36
22
14
8
13
20
28
35
33
17
-11
-49
-88
-121
-143
-147
-132
-99
-51
0
44
75
89
87
75
60
50
55
69
87
109
124
130
126
108
82
49
13
-19
-50
-77
-97
-112
-122
-120
-115
-99
-74
-49
-22
1
17
22
19
7
-7
-19
-23
-17
-4
18
38
54
57
43
15
-25
-63
-96
-118
-123
-108
-75
-35
9
48
74
87
86
73
58
47
43
48
61
78
95
109
112
108
94
66
32
-5
-43
-78
-104
-120
-128
-127
-114
-90
-64
-35
-8
13
25
29
24
17
8
3
7
16
29
42
49
47
32
5
-29
-69
-104
-123
-127
-112
-83
-40
6
45
75
90
89
76
59
44
36
38
50
65
80
90
89
77
59
36
8
-18
-47
-71
-90
-105
-113
-114
-106
-87
-59
-26
8
37
58
68
63
48
26
0
-19
-22
-18
-3
15
28
32
22
-1
-34
-69
-99
-121
-124
-109
-80
-36
11
58
93
112
122
116
101
84
71
64
66
72
79
83
80
66
44
18
-10
-38
-66
-88
-110
-126
-134
-139
-130
-114
-84
-51
-13
22
47
58
53
34
3
-27
-51
-62
-53
-30
0
30
52
56
40
7
-37
-78
-101
-106
-89
-48
2
55
97
126
135
127
105
75
44
18
3
1
5
19
34
46
55
64
60
49
33
4
-28
-62
-92
-119
-138
-135
-115
-75
-21
34
74
95
80
10
-67
-128
-186
-201
-176
-101
3
95
181
220
217
176
99
23
-49
-93
-106
-89
-47
-2
46
82
105
110
93
73
47
21
-2
-11
-7
-5
9
20
28
28
12
-14
-52
-96
-146
-186
-214
-223
-205
-163
-92
0
89
173
236
270
273
243
195
133
69
20
-11
-20
-9
7
20
11
-29
-97
-222
-346
-446
-506
-487
-409
-275
-115
43
198
318
405
465
492
505
487
443
369
277
180
80
-1
-64
-112
-162
-224
-291
-357
-417
-463
-476
-456
-406
-327
-223
-108
12
128
237
342
420
460
466
432
354
263
168
80
15
-37
-83
-118
-154
-206
-271
-334
-376
-392
-370
-301
-195
-63
70
183
270
321
333
321
296
264
225
191
153
113
70
21
-22
-58
-85
-112
-140
-169
-204
-245
-282
-303
-310
-295
-248
-182
-103
-18
66
141
200
231
239
224
185
136
89
53
32
26
36
47
42
17
-21
-87
-162
-212
-247
-251
-216
-157
-86
-19
50
102
122
144
158
149
132
125
102
69
57
60
72
88
127
162
164
151
123
57
-26
-100
-151
-196
-216
-202
-187
-164
-128
-89
-49
-15
26
58
63
73
92
115
142
188
233
240
222
174
94
-7
-115
-187
-242
-275
-274
-254
-226
-205
-164
-117
-63
13
86
147
184
199
183
145
117
93
76
77
83
79
60
29
-18
-67
-109
-154
-180
-190
-204
-195
-170
-139
-86
-21
47
114
170
215
232
231
221
197
167
139
108
76
46
4
-51
-114
-192
-259
-316
-361
-373
-349
-299
-217
-116
-10
103
194
261
302
314
306
278
242
209
173
137
104
81
58
22
-16
-61
-108
-172
-234
-277
-313
-324
-313
-275
-220
-154
-75
-1
75
156
224
276
307
309
279
220
149
74
17
-11
-13
-21
-45
-78
-140
-211
-264
-287
-271
-233
-179
-116
-75
-46
-3
45
92
125
161
195
187
163
143
125
104
89
91
80
46
18
-5
-11
13
43
53
32
-16
-91
-188
-247
-247
-207
-145
-69
4
32
17
-5
-21
-10
15
57
106
131
125
84
45
27
9
9
25
42
27
-24
-76
-116
-136
-104
-20
90
187
227
208
146
71
8
-24
-4
46
69
42
-17
-86
-159
-193
-157
-76
-5
13
-29
-136
-255
-309
-266
-142
33
198
288
273
187
96
43
57
136
241
314
301
200
37
-129
-236
-265
-226
-164
-118
-120
-191
-278
-321
-295
-224
-115
24
117
131
127
135
149
173
227
292
304
247
175
115
67
68
114
170
192
144
42
-100
-233
-308
-319
-281
-219
-151
-117
-149
-193
-203
-178
-132
-53
69
164
182
162
138
122
105
100
137
187
189
136
83
29
-24
-60
-63
-33
-11
-5
-24
-58
-63
-35
-11
26
79
88
27
-63
-135
-194
-229
-202
-121
-44
0
10
-18
-78
-133
-150
-108
-6
111
215
282
292
260
195
123
84
72
71
66
41
-17
-99
-180
-258
-296
-290
-262
-213
-186
-174
-168
-166
-151
-107
-29
52
110
158
202
236
276
307
335
355
333
282
198
102
30
-38
-95
-139
-165
-189
-243
-316
-337
-298
-263
-228
-149
-55
-4
-14
-24
12
68
126
180
257
326
324
269
203
169
146
111
95
99
86
15
-91
-183
-254
-299
-322
-302
-238
-191
-199
-219
-214
-196
-178
-110
29
184
299
379
425
415
373
311
245
210
194
156
90
14
-57
-123
-186
-221
-237
-250
-261
-276
-269
-229
-158
-62
31
96
118
109
96
80
52
76
187
272
238
156
85
-15
-151
-254
-220
-92
-16
-29
-50
-57
-120
-234
-270
-159
-15
77
176
295
373
312
182
143
127
64
-14
-56
-41
-57
-144
-221
-214
-210
-277
-337
-303
-211
-123
-17
93
173
205
201
184
154
143
177
229
224
188
147
74
-33
-147
-194
-197
-191
-204
-234
-204
-147
-137
-127
-104
-63
-5
14
45
116
196
278
331
333
338
343
283
202
159
122
50
-52
-145
-213
-268
-305
-306
-283
-280
-284
-265
-214
-122
-12
81
181
272
282
233
170
124
87
50
48
67
53
15
-29
-74
-98
-118
-156
-181
-159
-133
-124
-88
-14
34
57
96
76
-39
-128
-102
-26
37
83
159
235
266
231
95
-35
-51
-41
-23
10
16
-3
-61
-97
-107
-164
-191
-150
-75
8
45
39
29
33
82
121
85
34
18
58
112
81
41
62
107
103
15
-85
-131
-150
-151
-155
-167
-178
-172
-153
-171
-192
-148
-70
23
116
190
229
246
272
269
245
227
207
170
114
49
-37
-142
-223
-254
-233
-181
-164
-165
-146
-115
-89
-75
-56
6
88
142
162
157
150
155
146
130
112
79
58
50
29
13
-5
-32
-68
-103
-127
-150
-170
-172
-133
-66
-16
-1
1
16
40
37
39
91
144
171
172
155
114
51
-5
-52
-111
-166
-188
-167
-138
-128
-94
-40
8
25
45
99
135
140
163
192
197
172
136
99
63
11
-60
-121
-172
-210
-242
-260
-247
-217
-193
-158
-128
-96
-54
-11
32
66
88
122
157
178
185
199
212
207
191
164
134
85
30
-5
-42
-88
-141
-195
-239
-263
-264
-245
-204
-139
-68
-12
36
81
107
127
143
151
155
166
170
155
133
103
55
12
-28
-65
-76
-87
-94
-92
-102
-107
-110
-113
-112
-123
-121
-95
-68
-22
31
80
109
129
145
147
142
140
158
167
152
126
101
59
-1
-79
-140
-163
-182
-193
-189
-160
-113
-55
-1
46
84
108
123
136
145
159
171
180
182
149
91
28
-38
-92
-121
-145
-159
-162
-164
-180
-217
-259
-269
-244
-215
-169
-106
-16
76
129
172
217
255
275
285
290
282
259
220
176
115
27
-64
-152
-214
-271
-328
-360
-351
-311
-261
-196
-139
-80
-19
25
69
118
158
192
224
263
289
277
238
184
124
72
21
-38
-76
-78
-69
-82
-128
-177
-212
-244
-275
-278
-234
-152
-61
17
64
98
141
162
158
154
168
205
218
215
194
142
77
0
-81
-139
-170
-184
-166
-134
-91
-49
-27
-16
-14
-17
1
7
-3
6
34
59
48
39
41
30
8
2
4
-6
-7
18
55
68
59
30
-6
-24
-57
-94
-111
-100
-79
-59
-31
-6
19
42
56
62
66
82
100
106
104
96
89
81
51
6
-30
-54
-55
-53
-74
-78
-59
-40
-36
-51
-65
-66
-57
-61
-73
-74
-55
-12
20
44
59
73
92
97
95
91
93
96
87
61
26
-25
-93
-132
-155
-175
-178
-164
-138
-97
-57
-42
-40
-28
0
19
43
67
80
106
127
126
107
77
70
67
53
47
27
9
16
16
0
-33
-66
-90
-127
-153
-165
-176
-176
-155
-105
-40
10
23
44
100
155
194
233
264
296
323
297
216
117
44
-1
-38
-93
-126
-125
-101
-71
-91
-132
-143
-138
-121
-114
-116
-106
-56
-1
7
-33
-53
-35
-35
-36
-32
-6
42
92
121
126
139
119
68
35
6
-10
-28
-34
6
26
2
-25
-62
-95
-132
-138
-99
-62
4
41
75
103
65
23
-29
-43
-42
-59
-17
-3
4
62
60
49
24
-31
1
9
-35
-30
-12
10
23
-5
-27
-44
-48
-31
-24
-18
-4
42
90
97
61
23
71
99
37
-29
3
86
96
19
-48
-39
-33
-59
-108
-159
-104
-8
11
-8
-34
-24
23
8
-47
-68
-46
13
23
2
6
24
78
83
86
117
108
154
146
80
62
26
42
34
-27
-14
-38
-72
-66
-116
-170
-177
-130
-50
-40
-86
-77
15
62
-12
-67
15
132
149
77
41
97
120
57
5
20
97
161
131
70
31
2
-39
-88
-123
-147
-137
-139
-177
-242
-322
-341
-301
-218
-113
-42
1
54
108
131
124
145
231
326
387
372
304
243
195
146
106
93
129
168
162
75
-58
-161
-213
-234
-234
-251
-235
-182
-201
-263
-355
-414
-373
-312
-256
-205
-145
-52
8
13
-10
0
56
81
96
105
101
159
189
172
171
187
234
203
111
86
65
32
1
-33
-26
-30
-44
-61
-116
-144
-95
-27
-20
-23
60
149
185
180
163
213
258
255
259
290
349
337
283
283
279
251
171
116
151
142
76
38
21
21
15
-76
-175
-184
-168
-188
-240
-246
-173
-107
-129
-211
-203
-140
-147
-168
-198
-183
-131
-163
-217
-260
-274
-269
-248
-194
-186
-199
-189
-172
-167
-216
-265
-251
-233
-254
-266
-259
-265
-284
-280
-241
-238
-235
-188
-138
-74
-6
28
51
63
80
82
59
69
113
161
200
248
264
244
263
288
312
356
379
394
438
481
451
376
322
339
392
375
344
329
323
326
288
281
292
278
309
372
375
318
258
240
260
262
227
202
204
198
182
102
28
60
80
66
30
-34
-73
-115
-169
-235
-290
-287
-274
-285
-362
-491
-567
-582
-552
-506
-459
-381
-292
-217
-223
-326
-387
-361
-299
-214
-105
1
84
128
114
30
-82
-144
-119
-36
57
113
89
37
-71
-339
-738
-1079
-1229
-1242
-1251
-1328
-1421
-1499
-1624
-1795
-1916
-1837
-1544
-1206
-918
-667
-421
-209
-50
100
340
708
1116
1484
1772
1981
2131
2243
2347
2458
2594
2729
2777
2685
2486
2245
1981
1717
1453
1175
892
605
273
-86
-436
-743
-974
-1172
-1379
-1571
-1741
-1916
-2105
-2248
-2266
-2156
-1971
-1741
-1493
-1262
-1018
-701
-316
98
526
951
1356
1723
2006
2213
2400
2574
2730
2849
2902
2850
2687
2467
2222
1934
1618
1305
962
562
107
-382
-855
-1273
-1638
-1961
-2233
-2461
-2649
-2740
-2706
-2594
-2455
-2310
-2158
-2017
-1836
-1535
-1128
-675
-236
134
370
432
382
325
307
286
229
170
84
-281
-1116
-2171
-2974
-3377
-3651
-4003
-4317
-4450
-4525
-4763
-5022
-4888
-4289
-3546
-2864
-2151
-1301
-438
260
873
1600
2498
3393
4136
4766
5316
5729
5972
6152
6399
6650
6724
6537
6160
5704
5195
4625
4054
3539
3023
2377
1625
859
117
-553
-1136
-1622
-1973
-2240
-2494
-2749
-2982
-3140
-3178
-3115
-2949
-2649
-2274
-1942
-1714
-1584
-1436
-1154
-809
-471
-124
210
473
610
596
516
500
582
654
628
540
420
246
3
-243
-453
-620
-735
-824
-904
-990
-1121
-1296
-1458
-1521
-1507
-1464
-1396
-1322
-1249
-1164
-1043
-886
-668
-424
-204
23
257
464
655
848
1052
1287
1529
1684
1713
1614
1472
1332
1139
956
922
992
920
581
88
-357
-682
-978
-1230
-1370
-1459
-1653
-2188
-3150
-4250
-4986
-5176
-5152
-5280
-5522
-5625
-5690
-5930
-6074
-5619
-4581
-3521
-2755
-2008
-1042
-58
703
1419
2423
3632
4674
5405
6018
6588
6971
7087
7179
7497
7852
7852
7428
6889
6410
5869
5198
4583
4138
3567
2630
1501
535
-193
-889
-1623
-2279
-2806
-3309
-3854
-4351
-4675
-4790
-4786
-4726
-4527
-4127
-3621
-3139
-2717
-2277
-1756
-1182
-536
234
1023
1624
1993
2302
2667
2935
2958
2918
2975
2953
2690
2326
2018
1679
1126
434
-151
-592
-1023
-1442
-1779
-2073
-2384
-2686
-2870
-2923
-2916
-2852
-2709
-2536
-2326
-2056
-1750
-1440
-1086
-615
-109
306
619
924
1204
1407
1620
1897
2110
2085
1847
1579
1353
1102
882
830
908
853
478
-118
-655
-1006
-1254
-1430
-1429
-1428
-2043
-3536
-5094
-5655
-5377
-5423
-6150
-6668
-6528
-6557
-7199
-7371
-6162
-4541
-3946
-3976
-3156
-1441
-177
259
998
2605
4084
4576
4784
5717
6984
7493
7279
7415
8206
8666
8156
7431
7350
7492
6958
5938
5329
5117
4414
3081
2059
1797
1505
514
-682
-1377
-1778
-2451
-3201
-3489
-3442
-3628
-4131
-4447
-4324
-4062
-3900
-3666
-3205
-2708
-2395
-2113
-1606
-952
-451
-114
326
924
1355
1403
1356
1583
1900
1908
1700
1640
1625
1301
780
544
580
376
-192
-683
-892
-1129
-1521
-1813
-1895
-2010
-2314
-2611
-2650
-2488
-2371
-2364
-2349
-2205
-1892
-1507
-1164
-830
-441
-30
392
901
1484
1930
2111
2166
2329
2496
2441
2283
2226
2068
1587
1108
997
914
317
-545
-996
-1048
-1205
-1407
-1448
-1979
-3621
-5328
-5479
-4480
-4291
-5464
-6490
-6511
-6568
-7212
-7101
-5448
-3865
-4006
-4793
-4088
-2027
-587
-289
330
1886
3114
3231
3400
4757
6407
6823
6374
6683
7876
8381
7679
7149
7650
8058
7250
6095
5915
6119
5293
3791
3115
3322
2966
1572
324
12
-190
-1045
-1930
-2130
-2180
-2904
-3943
-4346
-4038
-3800
-3944
-4035
-3832
-3666
-3700
-3580
-3010
-2292
-1907
-1852
-1711
-1263
-783
-547
-365
59
506
592
480
654
1122
1350
1187
1020
1090
1109
827
587
561
478
175
-164
-363
-568
-876
-1128
-1249
-1399
-1589
-1664
-1627
-1567
-1476
-1269
-1016
-814
-625
-316
35
266
436
721
1040
1217
1357
1612
1792
1601
1239
1137
1242
1193
1004
874
589
-67
-760
-1043
-958
-844
-1022
-1854
-3430
-4832
-4870
-3982
-3924
-5079
-5980
-5974
-6132
-6787
-6514
-4861
-3786
-4524
-5277
-4123
-2077
-1122
-978
-134
1286
1930
1831
2447
4117
5438
5491
5182
5717
6769
7087
6623
6617
7409
7759
6896
5947
6039
6356
5593
4358
4125
4468
3721
2039
1175
1409
1181
-45
-944
-899
-1110
-2280
-3231
-3046
-2673
-3098
-3706
-3627
-3237
-3246
-3424
-3142
-2519
-2180
-2211
-2224
-2023
-1677
-1301
-1024
-833
-600
-431
-538
-669
-332
356
702
531
457
743
872
684
710
1041
1052
584
292
462
593
399
232
249
102
-310
-589
-529
-421
-475
-576
-647
-762
-853
-798
-646
-501
-361
-249
-183
-168
-49
173
261
254
336
479
419
222
147
113
-175
-645
-921
-943
-981
-1005
-964
-1526
-3125
-4564
-4331
-3125
-3091
-4574
-5662
-5428
-5275
-5934
-5902
-4418
-3344
-4085
-5026
-4039
-1900
-923
-1162
-730
706
1550
1384
1726
3311
4714
4657
4083
4626
5917
6286
5675
5687
6729
7245
6352
5447
5832
6464
5860
4773
4715
5124
4396
2842
2141
2481
2346
1172
240
177
-110
-1266
-2218
-2135
-1867
-2391
-3191
-3308
-2960
-2989
-3311
-3206
-2733
-2505
-2618
-2708
-2589
-2389
-2227
-2060
-1782
-1462
-1267
-1247
-1214
-801
-111
319
326
423
844
1130
1178
1383
1757
1790
1350
975
1057
1233
1115
857
634
309
-145
-473
-579
-588
-647
-814
-1020
-1179
-1287
-1281
-1137
-1035
-1100
-1215
-1269
-1138
-762
-384
-327
-566
-704
-431
69
304
246
169
12
-365
-636
-429
140
564
153
-1366
-3073
-3497
-2548
-1969
-3035
-4614
-5025
-4857
-5552
-6284
-5407
-3910
-4105
-5586
-5620
-3574
-1918
-1910
-1751
-231
1018
834
729
2171
4058
4563
4055
4315
5568
6254
5835
5636
6496
7330
6887
5831
5687
6336
6268
5288
4837
5299
5193
3786
2549
2699
3108
2292
998
695
778
-109
-1376
-1612
-1220
-1650
-2797
-3294
-3007
-3122
-3862
-4129
-3630
-3364
-3671
-3826
-3449
-3066
-3071
-2994
-2375
-1603
-1258
-1172
-887
-380
110
462
726
1034
1318
1408
1417
1589
1862
1860
1427
916
746
731
514
231
179
15
-535
-961
-900
-652
-717
-950
-967
-874
-971
-1043
-782
-417
-313
-409
-420
-333
-195
77
358
387
167
74
210
265
199
216
118
-380
-927
-1070
-920
-783
-663
-750
-1720
-3383
-4098
-3168
-2395
-3392
-4998
-5303
-4895
-5426
-6178
-5405
-3928
-4095
-5571
-5609
-3615
-1970
-1946
-1903
-601
657
694
749
2207
4029
4491
3977
4218
5505
6357
6061
5871
6694
7455
6945
5948
5995
6786
6636
5456
4949
5399
5136
3590
2447
2707
2926
1845
553
416
468
-621
-1915
-1907
-1322
-1741
-2843
-3236
-2932
-3040
-3594
-3566
-2924
-2682
-3003
-3055
-2694
-2496
-2559
-2385
-1779
-1229
-1096
-1084
-842
-405
127
626
855
920
1100
1352
1557
1784
2057
2039
1565
1037
891
955
760
404
202
-102
-717
-1150
-1078
-943
-1171
-1461
-1483
-1512
-1711
-1733
-1424
-1245
-1345
-1289
-979
-827
-804
-485
32
262
212
267
422
433
454
663
667
95
-565
-662
-354
-146
-202
-837
-2294
-3647
-3590
-2656
-2702
-4053
-5021
-4874
-5021
-5948
-5886
-4377
-3680
-4870
-5729
-4427
-2482
-2007
-2167
-1128
378
615
254
1156
3082
4155
3858
3656
4631
5762
5830
5496
6019
7022
7107
6163
5637
6226
6639
5835
4953
5129
5346
4316
2870
2576
2983
2467
1116
494
638
49
-1344
-1931
-1418
-1351
-2315
-3046
-2808
-2609
-3148
-3502
-2931
-2339
-2565
-2932
-2609
-2116
-2196
-2377
-1933
-1202
-946
-1071
-917
-391
3
230
590
928
1019
940
983
1244
1563
1649
1369
973
761
729
616
392
280
203
-197
-767
-952
-819
-912
-1170
-1139
-987
-1173
-1479
-1346
-938
-828
-948
-876
-689
-695
-665
-300
97
67
-212
-223
73
316
394
404
195
-349
-869
-998
-703
-233
-228
-1420
-3321
-4223
-3404
-2451
-3136
-4644
-5104
-4826
-5387
-6210
-5384
-3624
-3615
-5272
-5555
-3506
-1715
-1774
-1837
-407
902
669
451
2003
4071
4481
3702
3896
5298
6035
5529
5347
6345
7149
6497
5390
5474
6314
6168
5061
4694
5311
5154
3672
2586
2971
3393
2447
1147
881
930
-12
-1197
-1211
-687
-1192
-2421
-2838
-2382
-2422
-3119
-3204
-2547
-2382
-2950
-3200
-2730
-2277
-2303
-2286
-1833
-1376
-1267
-1206
-852
-375
-30
224
520
830
1025
1031
1070
1315
1608
1614
1281
935
839
765
467
224
208
16
-580
-981
-904
-861
-1128
-1300
-1157
-1118
-1358
-1505
-1307
-1033
-946
-875
-755
-747
-729
-558
-297
-148
-108
-156
-216
-167
-9
6
-264
-650
-922
-1115
-1174
-788
-452
-1423
-3470
-4418
-3318
-2221
-3128
-4820
-5043
-4487
-5150
-6113
-5023
-2964
-3056
-4940
-5164
-2888
-1093
-1396
-1539
45
1370
886
499
2100
4261
4615
3649
3782
5280
5976
5224
5011
6280
7215
6390
5126
5315
6309
6053
4736
4422
5167
4887
3239
2254
2782
3096
1977
823
955
1103
-165
-1482
-1220
-502
-1146
-2509
-2795
-2150
-2142
-2884
-3010
-2424
-2437
-3064
-3108
-2524
-2203
-2394
-2425
-1897
-1330
-1237
-1260
-933
-408
18
255
413
723
1078
1146
1064
1226
1492
1487
1225
1013
945
711
313
217
427
286
-323
-721
-635
-531
-741
-982
-888
-720
-896
-1212
-1162
-872
-707
-701
-711
-751
-783
-705
-492
-276
-287
-460
-475
-292
-191
-310
-561
-849
-1141
-1388
-1319
-814
-696
-1913
-3642
-4031
-2985
-2447
-3479
-4676
-4624
-4376
-5230
-5868
-4674
-3149
-3550
-4965
-4719
-2726
-1533
-1856
-1601
29
1080
616
577
2261
4005
3997
3317
4034
5624
5984
5244
5391
6676
7260
6364
5527
5989
6605
5906
4826
4941
5473
4706
3112
2497
2919
2731
1465
657
912
678
-681
-1602
-1186
-783
-1484
-2451
-2484
-2080
-2379
-2964
-2802
-2329
-2561
-3160
-3137
-2562
-2276
-2511
-2581
-2102
-1635
-1535
-1363
-853
-341
-166
-79
355
1024
1332
1239
1262
1518
1637
1460
1316
1353
1198
614
167
177
242
-53
-513
-686
-725
-894
-1053
-966
-756
-784
-1026
-1093
-903
-717
-659
-593
-463
-399
-408
-278
-93
-121
-309
-334
-138
71
105
-83
-496
-852
-1008
-1052
-951
-686
-913
-2305
-3897
-4029
-2957
-2760
-4130
-5237
-4991
-4942
-5976
-6209
-4634
-3476
-4460
-5595
-4553
-2460
-1836
-2196
-1314
485
1063
551
1095
3029
4366
4124
3771
4665
5878
5989
5485
5829
6853
7063
6181
5676
6284
6687
5818
4852
5154
5678
4723
3140
2736
3234
2870
1572
963
1196
619
-918
-1597
-976
-819
-1966
-2984
-2808
-2447
-2871
-3288
-2921
-2569
-2984
-3337
-2908
-2245
-2066
-2172
-1943
-1442
-1106
-867
-429
51
329
495
706
1028
1420
1635
1612
1624
1706
1603
1294
1067
1047
896
382
-111
-164
-177
-562
-933
-957
-961
-1209
-1415
-1363
-1246
-1356
-1587
-1518
-1223
-1163
-1304
-1289
-1060
-834
-766
-721
-532
-425
-671
-835
-479
14
38
-272
-509
-644
-924
-1083
-585
9
-674
-2606
-3911
-3460
-2527
-2879
-4203
-4794
-4627
-5252
-6338
-5819
-3907
-3332
-4770
-5531
-3997
-2104
-1861
-1964
-561
1078
1032
495
1614
3738
4662
4154
4116
5367
6330
5947
5584
6415
7313
6939
5975
5937
6614
6380
5178
4713
5260
5131
3767
2664
2693
2740
1767
682
608
673
-338
-1563
-1643
-1152
-1469
-2464
-2878
-2553
-2529
-2980
-3041
-2657
-2611
-3003
-3165
-2750
-2134
-1908
-2011
-1853
-1399
-1065
-834
-419
171
583
609
658
1174
1843
1984
1816
1893
2017
1791
1421
1374
1493
1173
445
61
179
78
-440
-771
-782
-942
-1403
-1714
-1594
-1448
-1624
-1842
-1724
-1476
-1477
-1533
-1354
-1074
-887
-700
-507
-414
-482
-592
-393
147
552
385
-151
-598
-714
-787
-749
-282
-166
-1606
-3761
-4345
-3180
-2580
-3731
-5032
-5029
-4981
-6074
-6571
-4963
-3344
-4079
-5664
-5191
-3014
-1796
-1979
-1450
259
1136
608
815
2721
4443
4449
3936
4681
6116
6428
5791
6015
7208
7642
6780
6092
6506
6863
5978
4843
4902
5332
4507
2879
2122
2304
2009
912
250
333
-136
-1473
-2176
-1644
-1309
-2099
-2985
-2914
-2512
-2736
-3075
-2763
-2307
-2524
-2978
-2804
-2126
-1731
-1800
-1832
-1502
-1073
-781
-419
120
523
569
563
948
1603
1952
1831
1691
1717
1623
1386
1308
1388
1200
586
9
-170
-177
-399
-799
-1028
-1077
-1271
-1581
-1608
-1398
-1380
-1571
-1594
-1230
-945
-1014
-1116
-830
-386
-241
-210
-105
3
-45
-132
81
611
834
353
-330
-551
-424
-442
-534
-400
-589
-1980
-3822
-4214
-3143
-2786
-4110
-5483
-5631
-5585
-6333
-6602
-5220
-3905
-4590
-5839
-5178
-3110
-1951
-1956
-1410
63
875
665
1124
2878
4386
4452
4058
4701
6087
6610
6109
6113
7086
7594
6882
6180
6492
6845
6097
5076
5053
5358
4571
3130
2542
2695
2253
1113
398
302
-150
-1242
-1938
-1742
-1590
-2253
-3075
-3154
-2802
-2867
-3273
-3201
-2599
-2484
-3069
-3176
-2335
-1637
-1788
-1975
-1395
-623
-457
-399
306
1099
1075
793
1245
2058
2201
1814
1732
1967
1855
1422
1276
1389
1125
460
18
17
-15
-394
-837
-998
-1097
-1420
-1679
-1563
-1392
-1605
-2010
-2031
-1623
-1313
-1404
-1515
-1319
-1016
-860
-802
-660
-375
-183
-254
-321
-82
175
0
-391
-470
-406
-703
-1070
-938
-979
-2278
-3886
-3943
-2962
-3106
-4540
-5320
-5000
-5169
-6116
-6017
-4474
-3613
-4490
-5201
-4113
-2394
-1688
-1542
-713
588
1195
1174
1797
3332
4520
4566
4372
5077
6198
6479
6067
6270
7132
7312
6528
6090
6575
6798
5875
4864
4900
5100
4219
2958
2584
2656
1971
831
386
413
-260
-1497
-2017
-1699
-1741
-2530
-3140
-3041
-2941
-3354
-3593
-3041
-2452
-2751
-3402
-3326
-2501
-1851
-1749
-1601
-1165
-870
-795
-317
617
1231
1149
988
1337
1908
2163
2159
2207
2135
1759
1409
1480
1623
1330
704
207
44
-69
-339
-598
-832
-1141
-1490
-1609
-1471
-1438
-1776
-2162
-2123
-1765
-1608
-1699
-1662
-1487
-1480
-1569
-1300
-686
-355
-597
-885
-682
-229
-20
-48
-48
-167
-664
-1092
-732
-52
-524
-2297
-3561
-3243
-2668
-3234
-4159
-4273
-4303
-5320
-6198
-5331
-3737
-3645
-4768
-4884
-3501
-2299
-2029
-1565
-261
802
820
809
1998
3716
4447
4203
4353
5394
6222
6134
6015
6665
7212
6695
5961
6173
6735
6296
5120
4619
4905
4646
3534
2757
2757
2454
1358
526
556
490
-456
-1433
-1523
-1327
-1763
-2434
-2565
-2500
-2780
-3102
-2979
-2661
-2674
-2965
-3079
-2853
-2534
-2303
-2103
-1909
-1757
-1577
-1244
-732
-150
194
223
374
907
1460
1689
1818
2005
2022
1843
1832
2041
2079
1675
1113
776
620
395
105
-164
-491
-902
-1256
-1358
-1278
-1318
-1603
-1868
-1848
-1661
-1515
-1442
-1350
-1310
-1323
-1206
-871
-577
-585
-791
-884
-702
-388
-263
-419
-673
-882
-1026
-1071
-923
-612
-590
-1327
-2501
-3104
-2819
-2485
-2887
-3724
-4257
-4508
-4923
-5271
-4882
-4044
-3856
-4374
-4462
-3587
-2496
-1852
-1319
-443
422
769
1062
2103
3475
4154
4165
4425
5211
5826
5867
5888
6358
6735
6463
6020
6057
6267
5955
5285
4984
5055
4782
3994
3321
3083
2813
2174
1532
1173
734
-63
-804
-1042
-1078
-1489
-2162
-2571
-2689
-2823
-2947
-2883
-2800
-2962
-3187
-3062
-2670
-2426
-2369
-2289
-2196
-2090
-1773
-1220
-780
-670
-621
-261
283
681
981
1257
1387
1346
1403
1694
1939
1820
1456
1178
1037
896
735
595
375
-65
-578
-841
-807
-765
-1025
-1476
-1763
-1826
-1825
-1796
-1669
-1537
-1649
-1962
-1996
-1530
-1055
-988
-1148
-1107
-920
-938
-995
-630
-32
17
-523
-843
-594
-368
-519
-623
-407
-482
-1385
-2440
-2593
-2087
-2127
-2946
-3623
-3741
-3922
-4453
-4544
-3773
-3122
-3473
-4039
-3579
-2354
-1505
-1146
-554
358
874
928
1435
2699
3717
3852
3751
4196
4922
5239
5288
5638
6116
6030
5540
5485
5858
5854
5305
4864
4809
4620
3962
3336
3157
2941
2262
1567
1295
1055
390
-367
-724
-840
-1218
-1806
-2096
-2129
-2420
-2878
-2953
-2666
-2615
-2896
-2955
-2656
-2475
-2539
-2401
-1930
-1635
-1664
-1580
-1137
-685
-440
-174
239
493
485
546
932
1383
1534
1457
1409
1383
1286
1136
1080
1072
890
487
100
-87
-147
-264
-482
-732
-948
-1125
-1234
-1243
-1229
-1305
-1529
-1752
-1778
-1625
-1492
-1498
-1557
-1601
-1594
-1484
-1228
-874
-634
-672
-848
-811
-448
-41
37
-182
-367
-395
-454
-514
-362
-216
-678
-1682
-2390
-2382
-2275
-2636
-3141
-3343
-3546
-4056
-4320
-3828
-3150
-3075
-3283
-3009
-2328
-1808
-1434
-763
101
674
976
1525
2402
3137
3527
3903
4483
5026
5282
5388
5603
5861
5906
5798
5777
5771
5511
5089
4819
4691
4385
3851
3372
3031
2579
1987
1550
1292
862
213
-273
-456
-657
-1066
-1468
-1697
-1956
-2316
-2462
-2255
-2165
-2550
-3048
-3107
-2778
-2492
-2422
-2383
-2339
-2386
-2346
-1936
-1337
-995
-996
-989
-702
-246
123
387
647
824
815
789
983
1299
1415
1207
931
816
756
598
414
264
45
-303
-645
-826
-857
-950
-1182
-1380
-1414
-1406
-1472
-1526
-1424
-1234
-1156
-1176
-1098
-910
-821
-819
-707
-446
-256
-261
-371
-417
-395
-363
-294
-139
-64
-212
-503
-679
-671
-610
-591
-585
-743
-1273
-1959
-2244
-2115
-2127
-2508
-2862
-3014
-3272
-3658
-3636
-3101
-2726
-2882
-3043
-2729
-2180
-1718
-1164
-364
339
687
1014
1734
2679
3378
3781
4182
4652
4978
5161
5454
5871
6083
5971
5812
5799
5764
5575
5357
5183
4861
4282
3662
3231
2908
2482
1947
1431
943
399
-145
-518
-729
-996
-1418
-1855
-2157
-2343
-2457
-2510
-2578
-2742
-2919
-2963
-2886
-2787
-2657
-2510
-2482
-2553
-2461
-2110
-1788
-1695
-1611
-1330
-1033
-877
-685
-297
63
133
142
379
709
806
704
657
697
639
454
325
303
227
0
-228
-310
-329
-444
-591
-619
-574
-644
-821
-904
-835
-774
-816
-873
-872
-896
-994
-1043
-926
-747
-692
-747
-751
-642
-504
-368
-199
-87
-151
-282
-221
31
196
142
-14
-199
-441
-575
-428
-222
-420
-1041
-1641
-1965
-2149
-2277
-2279
-2352
-2806
-3435
-3643
-3294
-2877
-2713
-2636
-2470
-2298
-2049
-1482
-651
38
409
721
1247
1947
2644
3292
3873
4302
4590
4880
5292
5729
5990
6011
5921
5846
5791
5717
5609
5387
4989
4487
4042
3687
3294
2780
2212
1646
1076
574
199
-150
-631
-1171
-1571
-1826
-2059
-2249
-2366
-2599
-3011
-3304
-3208
-2955
-2934
-3112
-3186
-3096
-2998
-2829
-2505
-2194
-2143
-2221
-2060
-1597
-1161
-952
-839
-693
-545
-421
-205
122
334
266
90
74
211
295
224
124
60
-46
-220
-330
-320
-295
-357
-468
-537
-571
-618
-658
-635
-584
-525
-509
-576
-648
-630
-519
-428
-383
-354
-336
-380
-390
-259
-71
9
-53
-120
-111
-87
-97
-90
-43
-32
-125
-321
-498
-571
-569
-543
-533
-631
-906
-1278
-1511
-1502
-1467
-1592
-1805
-1977
-2120
-2232
-2183
-1943
-1741
-1717
-1685
-1455
-1075
-680
-282
177
645
1064
1514
2075
2684
3203
3571
3915
4329
4726
5000
5167
5272
5292
5183
5035
4957
4849
4543
4085
3667
3360
3039
2657
2285
1922
1476
972
590
374
150
-186
-522
-775
-991
-1175
-1287
-1366
-1517
-1730
-1887
-1981
-2089
-2169
-2191
-2242
-2373
-2503
-2531
-2501
-2494
-2489
-2464
-2451
-2442
-2407
-2354
-2300
-2210
-2076
-1948
-1844
-1708
-1512
-1330
-1184
-1015
-802
-598
-449
-331
-205
-94
-18
40
126
256
374
425
447
500
582
629
646
673
690
632
507
422
434
466
434
338
242
172
109
78
111
127
25
-198
-379
-426
-395
-398
-441
-516
-643
-777
-821
-738
-608
-551
-601
-672
-670
-597
-474
-343
-227
-146
-96
-68
-69
-72
-34
1
-41
-202
-398
-543
-658
-761
-823
-839
-867
-928
-938
-842
-657
-427
-179
103
406
696
986
1324
1721
2097
2382
2605
2807
2996
3159
3271
3353
3390
3363
3255
3098
2986
2918
2813
2633
2402
2166
1932
1712
1533
1371
1179
918
625
388
226
103
-32
-200
-381
-560
-717
-842
-949
-1032
-1126
-1268
-1420
-1529
-1611
-1736
-1891
-1993
-2063
-2156
-2274
-2341
-2335
-2343
-2385
-2385
-2288
-2163
-2105
-2038
-1852
-1627
-1471
-1366
-1184
-948
-798
-709
-559
-352
-234
-230
-193
-79
-3
-14
-8
76
110
51
8
54
123
113
62
43
59
65
60
76
72
28
-25
-37
3
53
87
87
52
61
137
227
271
294
311
278
189
145
202
246
202
137
124
116
70
51
90
132
92
44
49
68
41
-32
-58
-39
-47
-97
-137
-123
-124
-151
-159
-125
-90
-106
-98
-23
81
187
283
391
510
639
788
965
1155
1297
1372
1417
1491
1596
1695
1774
1807
1758
1673
1643
1674
1701
1669
1593
1497
1354
1187
1069
1019
948
792
581
390
263
172
72
-52
-173
-287
-433
-617
-762
-842
-932
-1056
-1157
-1217
-1273
-1352
-1395
-1351
-1283
-1250
-1238
-1205
-1160
-1154
-1164
-1111
-993
-922
-957
-998
-968
-879
-785
-715
-646
-627
-674
-715
-669
-549
-472
-463
-466
-455
-445
-404
-285
-136
-70
-114
-200
-220
-165
-101
-79
-95
-145
-226
-301
-281
-150
-30
-16
-64
-95
-88
-72
-31
67
138
110
45
64
145
214
262
337
407
377
297
282
330
340
276
230
245
257
224
202
245
303
308
285
293
327
320
287
301
357
365
297
234
240
270
274
259
259
244
196
170
197
247
254
218
193
186
186
190
202
217
215
194
162
150
155
168
191
208
225
232
236
270
336
395
434
440
428
413
406
415
427
409
369
315
274
269
293
304
271
221
186
167
147
112
97
81
49
15
-6
3
-2
-18
-22
-16
-29
-73
-93
-81
-66
-85
-116
-134
-151
-192
-236
-251
-252
-292
-374
-440
-478
-516
-568
-603
-609
-639
-706
-750
-732
-704
-723
-755
-749
-744
-769
-783
-753
-702
-702
-726
-711
-658
-612
-599
-585
-534
-480
-457
-422
-347
-272
-246
-242
-185
-93
-34
-19
1
38
53
73
138
236
291
263
257
317
383
423
464
515
528
491
448
457
508
543
554
550
517
456
406
419
465
470
424
361
321
300
307
341
377
389
352
282
230
224
251
268
240
183
112
46
5
16
66
74
-12
-107
-148
-155
-167
-176
-154
-150
-202
-250
-227
-158
-104
-82
-66
-57
-79
-110
-103
-55
-24
-32
-45
-34
-17
10
78
171
244
262
246
258
301
346
364
369
372
369
360
375
414
446
448
421
404
401
394
377
361
351
323
273
245
241
212
157
92
32
-30
-96
-155
-199
-252
-311
-366
-405
-437
-457
-471
-487
-506
-539
-572
-602
-618
-634
-661
-685
-686
-679
-688
-686
-658
-616
-583
-558
-542
-524
-492
-460
-424
-383
-353
-341
-337
-316
-277
-251
-224
-190
-147
-100
-71
-24
59
143
199
236
279
326
356
370
387
421
443
411
364
342
356
382
382
367
343
304
262
248
270
283
248
195
165
157
140
119
122
122
91
29
-11
-5
-12
-39
-63
-75
-95
-144
-184
-184
-178
-191
-203
-198
-179
-189
-201
-185
-151
-135
-149
-150
-132
-114
-102
-80
-36
9
29
47
81
119
171
222
283
339
374
394
407
421
447
478
497
500
494
489
501
533
552
565
572
571
563
552
550
540
513
484
455
418
380
353
331
309
278
231
171
105
56
18
-26
-76
-125
-174
-231
-286
-319
-335
-369
-417
-456
-479
-504
-527
-538
-549
-569
-587
-597
-594
-585
-581
-580
-589
-601
-601
-594
-588
-589
-607
-618
-604
-579
-559
-531
-502
-486
-488
-490
-474
-442
-409
-375
-338
-307
-278
-242
-186
-120
-66
-25
-4
12
40
80
127
175
231
255
242
234
266
313
338
326
313
306
293
274
269
302
331
319
282
262
270
278
272
266
265
243
198
167
176
196
195
173
146
111
72
63
86
104
91
60
36
36
60
88
104
111
111
94
83
100
133
160
163
153
143
148
176
211
237
233
215
207
212
226
246
252
239
216
189
180
183
198
204
189
166
151
162
174
180
185
184
178
186
202
204
192
189
184
175
166
151
143
132
111
85
71
62
33
5
-3
-11
-35
-80
-124
-148
-170
-193
-219
-241
-270
-310
-339
-343
-347
-384
-435
-458
-464
-482
-504
-517
-518
-534
-563
-582
-573
-555
-560
-583
-582
-558
-529
-505
-470
-429
-399
-378
-356
-312
-265
-244
-243
-234
-216
-206
-193
-165
-123
-90
-82
-58
-12
32
62
72
86
105
105
120
155
190
212
217
232
260
295
323
342
357
356
342
353
385
411
401
383
376
356
332
329
351
363
336
296
276
277
271
249
240
250
232
196
168
172
185
172
156
139
132
100
57
46
67
81
57
35
42
60
62
47
60
92
91
45
2
10
33
25
10
16
15
-10
-37
-26
8
17
-13
-47
-60
-67
-85
-83
-63
-48
-65
-91
-84
-69
-69
-86
-96
-100
-109
-121
-122
-111
-94
-94
-97
-87
-80
-82
-95
-100
-95
-96
-103
-100
-84
-71
-71
-72
-55
-37
-28
-27
-19
-9
-19
-32
-39
-34
-37
-54
-79
-94
-102
-119
-129
-123
-123
-143
-173
-188
-189
-182
-169
-156
-147
-146
-152
-136
-102
-63
-53
-59
-66
-58
-44
-23
8
38
49
39
36
49
67
73
77
84
84
85
90
97
106
124
154
161
146
129
120
123
117
110
107
92
66
38
23
33
38
26
1
-11
-18
-31
-50
-55
-43
-50
-72
-90
-84
-67
-59
-48
-29
-16
-16
-22
-13
8
24
27
16
16
24
10
-1
4
18
16
8
8
11
12
15
25
44
59
63
68
78
90
92
103
123
143
152
152
155
161
168
169
176
176
158
133
121
122
127
126
112
92
69
51
37
30
20
2
-21
-51
-77
-96
-115
-120
-124
-133
-151
-168
-176
-168
-156
-156
-180
-208
-229
-243
-239
-224
-205
-190
-183
-168
-142
-113
-88
-67
-48
-44
-39
-25
2
35
49
62
84
99
115
131
151
159
158
154
154
161
161
163
158
148
126
108
96
87
67
44
38
27
17
6
9
13
11
5
-1
-3
-6
-10
-5
7
8
-8
-22
-21
-21
-22
-19
-13
-15
-35
-59
-72
-74
-78
-98
-116
-121
-119
-119
-115
-103
-89
-97
-122
-136
-138
-133
-144
-160
-160
-156
-163
-166
-153
-131
-115
-113
-107
-81
-56
-43
-29
0
29
38
41
67
94
116
130
151
178
195
200
200
209
219
215
206
199
189
169
142
124
116
107
90
64
45
30
6
-18
-35
-45
-63
-79
-93
-96
-89
-82
-77
-70
-61
-60
-61
-53
-35
-27
-24
-19
-8
0
10
23
32
42
47
50
57
63
62
63
60
56
52
59
76
88
90
88
85
81
72
65
57
48
35
21
5
-3
4
1
-6
-19
-38
-50
-54
-54
-43
-41
-49
-64
-68
-59
-50
-45
-38
-36
-44
-56
-56
-49
-42
-41
-53
-58
-52
-47
-45
-46
-50
-61
-77
-89
-93
-103
-114
-127
-136
-137
-135
-133
-127
-117
-117
-113
-98
-92
-82
-71
-53
-31
-6
11
33
56
70
82
93
108
126
126
125
135
143
153
160
171
185
193
191
183
180
173
155
139
119
103
88
76
69
52
35
15
-11
-34
-48
-62
-82
-101
-125
-144
-150
-152
-154
-159
-158
-156
-149
-134
-120
-107
-95
-93
-95
-85
-63
-46
-34
-22
-7
4
17
42
65
87
97
100
111
121
129
132
138
142
140
136
136
134
131
124
113
99
87
77
63
52
44
33
22
13
6
-1
-14
-25
-33
-39
-46
-56
-63
-68
-74
-78
-74
-70
-73
-75
-75
-74
-72
-71
-71
-73
-77
-86
-96
-97
-93
-91
-93
-90
-90
-83
-76
-77
-74
-69
-68
-70
-64
-51
-44
-38
-25
-20
-16
-16
-12
-1
13
28
40
48
58
68
76
81
83
85
85
87
89
89
89
88
85
88
92
92
91
90
82
72
65
61
52
37
24
17
6
-6
-13
-22
-27
-34
-44
-56
-59
-64
-69
-68
-64
-55
-51
-40
-30
-19
-10
-4
7
16
22
26
37
48
52
56
73
81
86
85
77
71
59
50
39
31
26
18
8
-5
-9
-13
-21
-32
-48
-57
-63
-71
-78
-86
-96
-108
-118
-125
-130
-133
-128
-121
-116
-107
-97
-81
-67
-51
-42
-30
-12
0
10
20
33
44
52
62
66
72
81
89
95
98
101
102
100
100
93
88
84
77
67
62
61
50
40
31
21
16
8
1
-7
-12
-15
-18
-22
-30
-44
-48
-48
-49
-49
-50
-54
-60
-62
-63
-67
-67
-66
-64
-62
-63
-60
-58
-53
-51
-55
-58
-53
-49
-41
-31
-24
-20
-14
-10
-5
5
11
20
24
33
41
49
57
61
65
69
77
84
88
92
93
95
98
99
97
94
91
91
90
82
76
64
52
42
30
21
17
11
4
-4
-13
-19
-28
-40
-50
-56
-62
-62
-64
-66
-66
-70
-75
-76
-83
-89
-86
-85
-80
-71
-71
-69
-65
-58
-49
-43
-37
-35
-28
-23
-20
-14
-2
7
7
12
23
27
29
35
36
37
35
34
34
36
42
42
40
40
39
34
30
25
20
17
17
12
12
17
14
14
17
19
27
28
29
29
31
28
17
8
-3
-15
-25
-33
-35
-39
-44
-46
-42
-40
-37
-32
-31
-28
-27
-26
-20
-11
-2
3
6
10
3
3
9
8
6
10
10
9
14
16
19
23
23
23
24
24
22
20
16
18
14
16
18
16
15
16
15
10
3
6
5
-1
-3
-6
-12
-19
-27
-35
-39
-41
-41
-38
-27
-25
-18
-9
-10
-7
-4
-6
-6
-6
-2
2
1
2
4
3
6
8
4
5
12
8
7
7
-1
-2
-4
-10
-11
-9
-9
-12
-14
-11
-10
-8
-6
-6
-7
-9
-5
-6
-2
0
2
3
6
12
13
17
21
21
22
23
24
22
18
16
12
11
9
9
9
12
14
16
18
17
17
14
13
11
7
4
0
-1
-4
-3
-5
-4
0
-3
-4
-7
-9
-8
-7
-8
-8
-11
-12
-14
-19
-21
-22
-20
-17
-17
-20
-23
-19
-18
-16
-13
-12
-12
-12
-10
-10
-10
-11
-9
-5
-4
-3
-5
-4
-9
-9
-9
-6
-3
1
5
6
12
14
18
24
26
31
34
37
36
34
34
34
32
27
21
20
21
21
30
34
38
40
34
28
16
2
-9
-14
-23
-28
-35
-41
-39
-40
-46
-42
-41
-38
-33
-31
-30
-29
-29
-32
-33
-36
-39
-40
-38
-35
-31
-23
-17
-18
-12
-7
-2
4
7
8
9
13
15
20
25
27
28
33
37
38
42
45
49
47
50
52
51
53
46
37
28
18
11
6
3
-3
-9
-8
-10
-9
-6
-1
0
0
-3
-4
-5
-8
-9
-10
-12
-12
-11
-10
-12
-15
-15
-18
-21
-23
-22
-21
-19
-20
-19
-16
-16
-16
-17
-15
-13
-10
-9
-8
-4
4
5
7
8
9
8
7
8
2
4
8
8
4
7
8
7
5
7
3
-2
-3
-4
-2
-2
0
2
2
1
0
2
2
5
7
5
5
1
-3
-5
-10
-12
-12
-18
-24
-26
-23
-22
-23
-22
-26
-27
-23
-24
-24
-25
-19
-14
-7
3
9
17
23
23
30
31
32
32
31
31
25
26
30
29
28
28
22
18
15
12
12
10
10
9
5
3
1
0
0
0
1
2
3
2
4
2
2
0
-3
-4
-7
-9
-13
-15
-15
-15
-17
-17
-17
-14
-15
-10
-3
-5
-1
-3
-3
-9
-11
-11
-10
-9
-4
1
3
5
7
8
11
11
5
3
3
5
5
11
15
13
12
11
9
7
9
8
9
8
7
7
3
1
-5
-8
-9
-12
-14
-16
-17
-17
-13
-10
-3
2
3
2
-3
-5
-15
-24
-28
-32
-38
-41
-33
-28
-25
-22
-20
-17
-13
-14
-9
-4
-1
4
5
9
11
12
10
11
11
12
20
26
33
39
42
46
47
49
44
36
26
15
9
6
5
7
9
14
17
22
28
24
20
16
9
3
-1
-3
-11
-16
-19
-22
-23
-24
-27
-28
-31
-33
-36
-41
-38
-40
-37
-37
-34
-30
-30
-24
-23
-20
-21
-22
-19
-14
-9
-4
1
6
5
7
7
9
15
27
34
40
40
41
42
40
41
40
38
35
30
25
19
14
12
12
18
19
22
22
22
19
16
11
4
-2
-10
-15
-18
-27
-35
-40
-45
-47
-54
-54
-52
-46
-40
-32
-25
-16
-7
-8
-5
-7
-10
-16
-19
-20
-18
-12
-6
2
5
9
23
31
37
43
42
41
37
34
31
28
26
22
17
14
11
9
6
7
6
7
13
13
15
13
11
6
6
7
6
6
3
1
-2
-5
-11
-17
-23
-27
-32
-35
-35
-38
-39
-40
-41
-39
-39
-39
-35
-32
-29
-23
-18
-13
-11
-9
-5
0
-2
2
10
13
21
34
38
45
46
44
47
46
45
45
42
40
40
39
38
36
30
27
26
22
21
14
10
6
1
-5
-10
-15
-21
-26
-30
-33
-35
-36
-37
-37
-42
-45
-44
-50
-51
-53
-53
-51
-48
-47
-39
-34
-30
-25
-19
-9
-4
4
9
14
16
16
22
22
25
28
30
34
34
36
35
31
27
23
17
16
17
18
21
26
26
28
33
33
33
32
29
24
18
13
8
3
-5
-6
-7
-14
-16
-17
-24
-27
-32
-35
-31
-30
-32
-29
-26
-27
-25
-25
-20
-21
-20
-16
-13
-9
-5
2
5
13
14
19
22
23
24
24
23
19
15
14
11
11
10
9
12
11
7
7
5
0
-5
-4
-1
-1
-1
-2
-3
-5
-5
-5
-2
-1
1
4
3
0
-3
-7
-8
-13
-22
-25
-28
-30
-30
-27
-26
-26
-25
-20
-16
-13
-7
-2
4
10
13
17
17
19
15
12
11
12
9
7
9
9
11
9
10
11
12
12
11
9
7
9
10
12
6
5
4
1
0
2
6
8
8
6
9
7
3
5
6
5
2
-1
-9
-10
-18
-23
-23
-25
-25
-26
-27
-27
-24
-18
-15
-12
-8
-6
-4
-3
-1
-1
0
-1
1
1
10
12
14
19
23
25
24
24
22
20
16
14
12
15
17
16
20
22
19
23
23
22
21
16
11
6
1
-3
-2
-2
-2
-2
-4
-8
-9
-13
-18
-24
-32
-37
-39
-39
-35
-29
-26
-23
-23
-23
-23
-21
-23
-23
-22
-19
-19
-18
-12
-7
-4
-4
3
8
12
12
17
20
20
21
22
21
22
22
20
21
21
20
20
24
21
20
22
22
22
21
19
16
14
10
7
4
0
-5
-9
-13
-16
-21
-23
-24
-24
-28
-24
-24
-24
-22
-22
-22
-22
-20
-23
-22
-20
-18
-18
-14
-9
-8
-3
1
5
5
11
12
9
8
5
4
4
5
7
9
11
15
15
16
19
19
26
29
30
30
34
36
33
29
27
23
20
19
18
14
13
11
10
8
5
2
-1
-8
-17
-23
-24
-25
-27
-30
-32
-31
-31
-28
-27
-25
-27
-28
-29
-28
-28
-22
-20
-20
-22
-22
-20
-19
-16
-11
-7
-6
-3
0
1
2
5
6
7
11
13
20
22
24
26
26
27
27
27
27
28
26
26
24
22
17
12
10
9
8
6
5
4
3
-2
-5
-7
-10
-14
-17
-17
-16
-15
-14
-12
-12
-12
-11
-9
-8
-11
-10
-11
-14
-15
-15
-15
-12
-10
-5
-2
-1
-2
-1
-3
-5
-1
-3
-1
2
3
7
9
13
13
14
23
26
29
30
31
30
29
26
24
22
21
20
17
14
12
9
7
6
4
1
1
-1
-4
-6
-9
-13
-19
-21
-26
-29
-31
-33
-32
-28
-27
-24
-19
-16
-15
-13
-11
-9
-6
-7
-10
-11
-14
-12
-13
-14
-13
-13
-15
-13
-14
-10
-8
-4
0
3
7
8
13
15
22
23
27
33
35
40
41
41
34
30
24
19
13
9
3
1
3
-1
-3
-5
-8
-9
-12
-11
-12
-11
-14
-10
-9
-10
-11
-12
-15
-16
-20
-22
-18
-17
-14
-13
-11
-11
-8
-8
-9
-8
-5
-5
-6
-5
-2
0
1
5
3
5
10
8
12
14
16
20
24
28
29
28
25
24
22
19
16
11
7
