0
0
0
0
1
0
0
0
0
0
0
0
0
0
1
-1
0
0
0
0
0
0
0
0
0
1
0
0
0
0
0
0
-1
0
0
0
0
0
-1
0
0
0
0
0
0
0
0
1
0
0
-1
1
0
0
-1
-1
0
0
0
1
-1
0
0
0
-1
1
0
0
0
0
-1
0
0
0
0
0
0
0
0
0
0
0
-1
0
0
0
0
0
0
0
0
0
0
1
-1
0
0
-1
1
0
0
-1
0
0
0
0
0
0
0
0
0
0
0
-1
0
0
0
0
0
0
0
-1
0
0
0
-1
0
0
-1
0
0
0
0
0
0
1
1
0
0
0
0
0
0
0
0
0
0
0
1
0
0
0
0
-1
1
0
0
1
0
0
0
0
0
1
1
0
0
0
0
0
-1
0
-1
1
0
1
0
0
1
0
0
1
0
0
0
1
-1
-1
1
0
0
0
-1
0
0
1
0
0
0
0
0
0
-1
0
0
0
-1
0
0
1
1
-1
0
0
0
0
0
0
0
0
0
-1
1
0
0
1
0
0
0
0
1
-1
0
0
0
0
-1
1
0
0
-1
0
0
0
0
0
-1
0
-1
1
0
0
1
0
0
0
0
0
0
0
0
-1
0
0
0
1
0
1
0
0
0
0
-1
0
0
1
1
0
0
0
-1
-1
0
0
0
-1
0
0
1
0
1
0
0
1
0
0
1
0
0
0
0
0
0
0
0
0
0
0
-1
1
0
0
0
0
0
0
0
0
0
0
-1
0
-1
0
0
0
0
0
-1
0
0
0
0
0
0
0
0
0
0
0
0
0
-1
1
1
-1
0
0
0
0
0
0
0
0
0
0
0
0
0
-1
0
0
0
0
0
0
0
0
-1
0
0
0
0
-1
0
-1
0
0
0
0
0
-1
0
0
-1
0
0
0
1
0
0
0
0
0
0
1
0
0
0
0
0
1
0
0
0
1
1
0
0
0
0
0
0
0
0
1
1
1
0
0
-1
0
0
0
-1
-1
0
0
0
0
0
0
0
0
0
0
0
0
0
0
0
0
0
0
0
0
0
1
1
1
0
-1
0
0
0
0
0
0
1
-1
-1
0
0
0
0
0
1
0
-1
0
0
0
0
0
0
0
0
-1
0
0
0
0
1
0
0
0
0
0
-1
1
1
0
0
0
0
1
0
0
0
0
0
0
0
0
0
0
0
0
1
0
0
0
0
0
0
1
0
0
0
0
0
0
0
0
1
0
1
0
-1
0
0
0
0
-1
0
0
0
0
0
0
-1
0
0
-1
0
0
0
-1
1
0
0
0
0
0
0
0
0
0
0
0
0
0
-1
0
-1
0
0
0
0
0
0
0
0
0
1
0
0
0
0
0
0
0
0
0
0
0
1
0
0
0
0
0
0
0
0
0
-1
0
0
1
0
0
0
0
0
0
0
1
0
0
0
0
0
0
-1
0
1
0
0
0
0
0
0
0
0
-1
0
0
0
0
0
0
0
0
1
0
-1
0
1
0
0
-1
0
0
0
0
-1
0
0
0
0
1
0
0
0
0
0
0
0
0
-1
0
0
0
0
0
0
0
0
0
1
0
0
0
0
0
1
0
0
1
0
1
-1
0
0
0
0
0
0
0
0
-1
0
-1
-1
0
0
0
0
0
0
0
0
0
0
-1
0
-1
0
0
0
0
0
0
-1
0
0
0
0
0
0
0
0
0
0
0
0
0
0
0
0
0
1
1
0
-1
0
0
0
0
0
0
0
0
0
0
0
0
0
1
0
1
1
1
1
1
1
0
1
0
0
-1
-1
-1
-1
-1
-2
-2
-1
-1
-2
-1
-1
-2
-2
-1
-1
-1
-2
0
-1
-2
-2
-1
-1
-2
-2
-1
-2
-2
-1
0
0
0
0
1
1
1
2
3
2
3
2
3
3
3
3
3
4
4
3
3
3
3
3
4
4
4
4
5
5
6
5
5
6
5
5
6
5
5
5
4
4
3
3
3
1
2
0
0
0
0
-1
-1
-2
-2
-2
-3
-3
-4
-5
-5
-5
-7
-6
-7
-7
-8
-9
-10
-10
-10
-11
-12
-13
-12
-13
-13
-14
-14
-14
-14
-14
-14
-14
-13
-13
-14
-13
-13
-13
-13
-12
-12
-12
-10
-11
-10
-10
-9
-8
-7
-6
-5
-4
-1
-1
1
1
3
5
7
7
8
10
12
13
15
16
17
19
21
22
23
24
26
27
27
29
30
30
32
32
33
34
34
34
34
34
34
33
32
31
31
31
30
29
28
28
25
25
21
20
20
17
15
13
10
9
6
4
3
-1
-3
-5
-7
-11
-14
-15
-19
-20
-23
-25
-28
-30
-31
-35
-36
-38
-40
-42
-44
-45
-46
-48
-49
-49
-50
-51
-51
-52
-53
-53
-52
-51
-52
-51
-50
-50
-48
-47
-46
-45
-43
-40
-39
-37
-35
-32
-30
-27
-25
-24
-20
-17
-15
-10
-9
-5
-4
-1
3
5
8
9
14
16
18
22
23
27
29
32
35
37
38
41
43
44
47
49
51
53
54
54
57
58
59
59
60
61
61
61
61
60
62
61
62
61
61
61
60
60
59
58
56
55
53
51
48
46
43
40
38
35
33
29
26
24
21
19
16
14
11
9
7
4
1
-1
-5
-8
-13
-17
-22
-28
-32
-36
-41
-45
-49
-53
-56
-59
-61
-62
-63
-65
-68
-72
-74
-79
-90
-103
-115
-125
-133
-140
-147
-151
-157
-167
-165
-154
-131
-102
-77
-52
-31
-14
6
28
53
80
96
103
101
94
86
85
92
101
98
71
39
15
5
10
13
4
-21
-67
-111
-133
-139
-136
-142
-166
-197
-223
-241
-233
-200
-147
-99
-101
-152
-212
-251
-249
-219
-174
-116
-89
-110
-139
-123
-40
79
186
281
360
394
394
411
479
587
670
700
706
682
618
548
512
529
553
512
420
316
221
135
64
37
36
-3
-107
-245
-338
-387
-419
-429
-403
-374
-398
-451
-438
-343
-218
-73
88
260
382
434
478
507
487
458
431
345
172
-72
-284
-402
-535
-649
-684
-717
-776
-860
-868
-730
-562
-437
-334
-225
-116
-57
-3
125
315
484
547
585
662
726
727
700
753
879
923
838
730
689
664
563
467
433
373
235
101
73
39
-173
-417
-427
-288
-252
-424
-610
-642
-769
-1124
-1410
-1504
-1568
-1752
-1970
-1922
-1934
-2567
-3460
-3903
-3694
-3248
-3113
-2993
-2605
-2486
-2686
-2534
-1631
-344
437
718
1270
2042
2544
2801
3252
4112
4831
4920
4767
4781
4721
4298
3762
3591
3740
3540
2677
1683
1011
522
10
-432
-567
-608
-1104
-1859
-2159
-1897
-1559
-1535
-1496
-1040
-604
-556
-538
-46
665
878
658
727
1244
1425
892
450
612
843
595
214
338
555
181
-324
-215
306
452
13
-301
-271
-411
-714
-799
-624
-529
-843
-1228
-1260
-1087
-1006
-1056
-1017
-745
-468
-419
-393
-157
183
335
263
231
245
138
-56
-174
-135
-119
-391
-715
-877
-1020
-1191
-1362
-1392
-1386
-1747
-2210
-2381
-2429
-2468
-2510
-2411
-2633
-3889
-5343
-5628
-4736
-4090
-4461
-4564
-3800
-3423
-3872
-3771
-1965
244
908
891
2019
3780
4514
4293
4911
6692
7733
7269
6733
7029
7171
6223
5175
5238
5694
4948
2981
1298
660
309
-553
-1544
-1910
-2001
-2845
-4161
-4603
-3783
-2932
-2993
-3156
-2347
-1173
-814
-840
-163
1033
1664
1517
1747
2739
3295
3067
2940
3420
3978
3703
3023
2951
3094
2735
2022
1651
1617
1048
-217
-1220
-1506
-1710
-2293
-2850
-2921
-2929
-3305
-3636
-3315
-2612
-2211
-1972
-1431
-701
-156
83
453
1045
1312
1242
1268
1353
1225
744
218
87
4
-452
-984
-1391
-1789
-2300
-2993
-3275
-2901
-2689
-2917
-3352
-3676
-3996
-5263
-6998
-7618
-7005
-6242
-6369
-6886
-6567
-6075
-6140
-5854
-4223
-1677
-24
326
1047
2794
4473
5291
5982
7530
9049
9213
8464
8181
8577
8539
7693
6996
6927
6590
5051
2982
1774
1441
887
-319
-1425
-1837
-2303
-3527
-4582
-4434
-3639
-3452
-3894
-3783
-2752
-1958
-1846
-1367
-2
1455
1959
1832
2289
3241
3774
4055
4713
5548
5721
4948
4273
4322
4289
3650
2737
2079
1436
217
-1127
-1953
-2356
-2775
-3336
-3741
-3943
-4280
-4631
-4480
-3744
-2746
-1962
-1490
-1047
-616
-51
708
1362
1724
1681
1541
1478
1294
1106
865
578
122
-750
-1572
-2280
-2961
-3393
-3509
-3170
-2814
-3008
-3607
-4447
-5657
-7209
-8527
-8841
-8150
-7575
-7847
-8346
-8355
-7897
-7241
-6342
-4590
-2194
-485
372
1396
3191
5277
6697
7644
8944
10156
10338
9750
9367
9570
9714
9107
8207
7599
6831
5304
3299
1808
1269
755
-506
-1993
-2999
-3657
-4483
-5346
-5333
-4451
-4070
-4503
-4508
-3416
-1916
-1320
-1325
-266
1400
2408
2612
2711
3555
4420
4595
5101
6144
6816
6487
5442
4913
4911
4529
3679
2764
1768
345
-1321
-2624
-3295
-3788
-4447
-4961
-5326
-5655
-5801
-5590
-4793
-3669
-2566
-1542
-658
49
636
1256
1834
2467
3130
3332
2989
2313
1643
1523
1290
435
-461
-1600
-2769
-3528
-4074
-3831
-3227
-3302
-3478
-3734
-4604
-6261
-8538
-9773
-9252
-8449
-8277
-8552
-8643
-8497
-8612
-8271
-6512
-3835
-1541
-275
736
2364
4248
5802
7125
8726
10403
11249
10989
10325
10054
10171
9998
9381
8778
8067
6722
4623
2532
1491
1140
277
-1204
-2515
-3266
-4096
-5375
-6146
-5679
-4870
-4888
-5221
-4678
-3554
-2877
-2557
-1469
471
1739
2029
2237
2963
4035
4689
5347
6440
7074
6902
6381
5999
5939
5595
4908
4232
3203
1725
95
-1380
-2497
-3418
-4164
-4723
-5240
-5772
-6164
-6007
-5301
-4241
-3086
-2308
-1836
-1367
-789
-6
789
1570
2319
2660
2606
2315
1971
1638
1176
594
-222
-1232
-2142
-2774
-2910
-2770
-2718
-2694
-3211
-4966
-7758
-10404
-11165
-10054
-9088
-9295
-9875
-9964
-9733
-9665
-8930
-6362
-3154
-1386
-769
511
3049
5398
6485
7566
9691
11667
12079
11359
10989
11301
11223
10423
9835
9779
9118
6968
4289
2659
2269
1703
155
-1467
-2420
-3286
-4668
-5876
-5841
-5001
-4876
-5656
-5939
-5287
-4617
-4315
-3654
-1831
160
863
911
1442
2705
4215
5442
6806
8109
8283
7472
6716
6666
6925
6571
5589
4464
3116
1334
-552
-1996
-2901
-3618
-4490
-5366
-5987
-6430
-6696
-6546
-5831
-4720
-3700
-3202
-2888
-2152
-1040
80
941
1578
2233
2636
2488
2107
1664
1111
485
-206
-802
-1221
-1653
-1985
-1982
-1882
-2248
-3779
-6782
-9939
-11413
-10957
-9885
-9786
-10578
-10921
-10857
-10921
-10315
-8164
-4983
-2735
-2161
-1253
1284
4114
5784
6819
8656
11011
12140
11794
11514
12017
12422
11998
11277
11038
10681
9018
6350
4269
3526
3104
1828
-209
-1941
-3055
-4387
-5939
-6707
-6381
-5939
-6575
-7561
-7286
-6092
-5131
-4384
-3048
-1126
86
182
787
2845
5234
6791
7566
8323
8969
8737
8164
8211
8661
8586
7509
5961
4448
2750
789
-1042
-2317
-3320
-4408
-5578
-6535
-7041
-7068
-6787
-6429
-5923
-5447
-4998
-4441
-3564
-2327
-1108
-279
293
744
1083
1395
1460
1328
1025
514
201
167
200
180
-50
-328
-825
-2460
-5441
-8441
-9974
-9912
-9598
-10125
-10843
-11043
-11418
-12108
-11892
-9896
-6895
-4933
-4265
-3012
-560
1960
3761
5451
7829
10163
11137
11108
11412
12266
12868
12778
12518
12509
12025
10333
8042
6313
5468
4690
3106
1003
-804
-2195
-3633
-5117
-6013
-6139
-6248
-7147
-8339
-8562
-7576
-6300
-5316
-4330
-3027
-1727
-896
-107
1454
3547
5401
6873
7952
8852
9334
9133
9009
9329
9587
9188
7895
6241
4585
2756
948
-502
-1561
-2608
-3952
-5382
-6452
-7063
-7287
-7143
-6903
-6728
-6510
-6075
-5262
-4310
-3448
-2463
-1468
-727
-226
131
563
928
895
702
653
675
543
267
321
482
-225
-2549
-5887
-8269
-8902
-8672
-8853
-9879
-10784
-11202
-11779
-12133
-11260
-8829
-6133
-4894
-4435
-2933
-373
1843
3249
4905
7431
9662
10395
10454
11152
12274
12825
12605
12473
12610
11936
10017
7833
6644
6237
5338
3533
1449
-190
-1612
-3348
-4835
-5437
-5470
-5972
-7230
-7998
-7759
-7258
-7001
-6565
-5125
-3382
-2530
-2197
-1302
520
2524
4201
5845
7351
8153
8172
8311
9070
9687
9579
8800
7779
6614
5051
3309
1821
602
-562
-1724
-2845
-3921
-4889
-5643
-5990
-5904
-5883
-6007
-6031
-5809
-5094
-4238
-3524
-2793
-2301
-1866
-1337
-736
141
666
588
205
-118
128
380
288
110
-306
-1395
-3979
-7349
-9313
-9323
-8752
-9199
-10510
-11182
-11239
-11682
-12006
-10689
-7683
-5027
-4193
-3798
-1854
981
3055
4398
6308
8942
10549
10515
10478
11446
12510
12596
12151
12235
12315
11146
8879
6890
6077
5558
4318
2465
637
-751
-2157
-3867
-5150
-5691
-5863
-6511
-7909
-8668
-7945
-6679
-5921
-5672
-5043
-3611
-2329
-1465
3
2197
4340
5699
6455
7540
8685
9046
8961
9113
9537
9535
8516
7066
5848
4545
2890
1191
-177
-1264
-2437
-3840
-5012
-5582
-5854
-5975
-5989
-6062
-6087
-5836
-5381
-4550
-3659
-2975
-2308
-1861
-1465
-787
-126
275
309
-39
-165
81
211
232
283
11
-778
-2681
-5698
-8176
-9306
-9312
-9020
-9903
-11324
-11854
-11967
-11831
-11135
-9385
-6580
-4533
-4005
-3160
-875
1855
3948
5477
7330
9529
10668
10692
11068
12024
12763
12752
12331
12276
11994
10631
8726
7290
6572
5745
4167
2017
155
-1204
-2736
-4221
-5182
-5783
-6322
-7260
-8221
-8390
-8056
-7693
-6974
-5727
-4489
-3431
-2707
-1813
-18
1916
3740
5460
6422
7017
7777
8550
9532
10214
10086
9576
8532
7046
5730
4473
3151
1743
122
-1356
-2578
-3888
-4894
-5468
-5876
-5883
-5891
-6100
-6131
-6167
-5674
-4457
-3485
-2824
-2402
-2256
-1974
-1553
-980
-129
390
247
118
351
586
627
126
-770
-1787
-3959
-6942
-9048
-9802
-9453
-9659
-11140
-11933
-11806
-11754
-11633
-10794
-8319
-5268
-3793
-3228
-1723
798
3206
4890
6505
8709
10508
10860
10815
11519
12636
13226
12917
12403
12122
11358
9715
7918
6770
6020
4901
3129
1170
-174
-1323
-2910
-4344
-5310
-5793
-6398
-7763
-8521
-7903
-6991
-6584
-6730
-6298
-4783
-3429
-2520
-1285
657
2788
4108
4888
5992
7217
7960
8331
8933
9695
9824
8782
7228
6149
5237
3971
2520
1119
-52
-1315
-2772
-3819
-4301
-4689
-5163
-5483
-5584
-5541
-5530
-5544
-5040
-4208
-3622
-3171
-2908
-2544
-1957
-1560
-1074
-463
-205
-191
-271
-333
-102
52
-447
-1436
-3204
-5898
-8180
-9337
-9341
-8942
-9876
-11370
-11930
-11920
-11569
-10955
-9619
-6990
-4673
-3726
-2672
-492
2177
4276
5661
7420
9729
11053
11133
11284
12137
13141
13346
12900
12591
12106
10794
8918
7442
6697
5876
4268
2130
337
-872
-2162
-3522
-4587
-5374
-5945
-6941
-8098
-8223
-7547
-6881
-6494
-6322
-5769
-4714
-3700
-2519
-692
1481
3365
4645
5509
6505
7636
8449
9093
9630
9695
9123
7943
6679
5722
4740
3517
2275
1012
-331
-1635
-2907
-3787
-4174
-4692
-5220
-5540
-5895
-6026
-5925
-5361
-4202
-3299
-3005
-2814
-2465
-1951
-1410
-1032
-569
-348
-605
-714
-451
-47
-81
-1031
-2213
-3611
-5840
-8071
-9334
-9204
-8571
-9485
-11251
-11850
-11568
-11181
-10919
-9907
-7092
-4532
-3912
-3376
-1456
1318
3515
4700
6474
9082
10500
10545
10770
11911
13264
13476
12915
12748
12458
11256
9388
7920
7282
6435
4693
2624
1044
-66
-1396
-2944
-4154
-4850
-5505
-6600
-7488
-7542
-7310
-7371
-7617
-7235
-6141
-5245
-4655
-3660
-1951
-129
1405
3056
4848
6058
6734
7320
8357
9473
9883
9562
8796
7745
6493
5356
4290
3148
1797
354
-800
-1874
-3003
-3839
-4406
-4708
-4957
-5298
-5338
-5308
-5301
-4938
-4212
-3418
-3041
-2987
-2627
-1976
-1391
-797
-222
-87
-79
-22
93
521
44
-1318
-2489
-4410
-6740
-8354
-9390
-9170
-9127
-10754
-11923
-12029
-11798
-11068
-10353
-8819
-6053
-4228
-3558
-2332
-166
2607
4853
5936
7395
9336
10360
10693
11036
11919
13001
13068
12362
11896
11588
10713
9202
7836
6894
5981
4409
2146
530
-464
-1609
-2859
-4282
-5159
-5484
-6528
-7688
-7734
-6909
-6023
-5976
-6499
-6094
-4702
-3472
-2383
-844
1055
2792
3731
4214
5520
7326
8377
8749
9032
9420
9401
8294
6865
6112
5478
4158
2428
938
-8
-1055
-2655
-3759
-3997
-4178
-4660
-5285
-5630
-5422
-5312
-5230
-4567
-3871
-3539
-3316
-3193
-2748
-2062
-1663
-944
-231
-355
-506
-435
-232
262
-305
-1594
-2778
-5117
-7613
-8966
-9296
-8396
-8534
-10496
-11452
-11513
-11370
-10618
-9858
-7886
-5149
-4250
-3887
-2209
90
2577
4185
5146
7290
9388
10102
10389
10859
11961
13085
13089
12606
12228
11588
10250
8567
7415
6689
5830
4198
2105
773
-145
-1317
-2700
-4099
-4732
-4957
-5721
-6426
-6798
-6771
-6321
-6182
-5887
-5074
-4633
-4231
-3370
-2038
135
1913
2729
3680
4731
5882
7219
7945
8516
9052
8635
7888
7232
6492
5832
4678
3108
1980
1047
-202
-1515
-2579
-3185
-3434
-3895
-4428
-4619
-4705
-4843
-4721
-4333
-3873
-3496
-3401
-3160
-2688
-2503
-2288
-1800
-1479
-1136
-879
-738
-205
-313
-1347
-2184
-3583
-5615
-7480
-9135
-9117
-8354
-9344
-10691
-11294
-11275
-10296
-9854
-9118
-6460
-4409
-3808
-3166
-1872
865
3573
4563
5674
7682
9248
10108
10307
10694
12015
12700
12285
11897
11628
11130
9992
8288
7111
6613
5837
4035
1969
716
-64
-1090
-2801
-4298
-4697
-4894
-5644
-6259
-6074
-5519
-5901
-6978
-6846
-5141
-3473
-3076
-3085
-1889
137
1301
1722
2963
5090
6688
6758
6586
7599
8640
8263
7058
6283
6217
5767
4223
2530
1584
975
-64
-1395
-2267
-2547
-2979
-3830
-4487
-4447
-4123
-4090
-4225
-4186
-3809
-3445
-3518
-3452
-2893
-2199
-1709
-1701
-1852
-1488
-932
-518
-320
-913
-1721
-2714
-4621
-6582
-8125
-8926
-8530
-8673
-9943
-10785
-11130
-10779
-10014
-9611
-7976
-5274
-3777
-3125
-2305
-567
2179
4009
4947
6584
8523
9696
9948
10084
11076
12344
12581
11890
11355
11204
10588
9247
7815
6931
6494
5387
3398
1801
865
-51
-1347
-2985
-3954
-4002
-4452
-5576
-6342
-6151
-5497
-5402
-5862
-5592
-4418
-3520
-3242
-2720
-1270
629
1838
2308
3331
4830
5717
5989
6237
7021
7846
7516
6595
6035
5575
4819
3610
2319
1500
848
-328
-1711
-2618
-3124
-3430
-3904
-4398
-4318
-4031
-3999
-4090
-4075
-3723
-3324
-3264
-3210
-2788
-2287
-1858
-1721
-1993
-1852
-1490
-1192
-895
-1421
-2229
-3096
-5118
-7227
-8763
-9283
-8332
-8349
-9723
-10648
-10857
-10350
-9911
-9599
-7743
-4900
-3391
-3038
-2269
-222
2563
4284
5282
7101
9076
10115
10150
10137
11204
12370
12496
11885
11359
11157
10281
8693
7257
6484
6144
4941
2972
1526
562
-436
-1914
-3548
-4208
-4179
-4565
-5343
-5681
-5486
-5516
-6081
-6300
-5133
-3339
-2633
-2675
-2233
-1179
128
1261
2548
4347
5841
6209
6091
6477
7167
7701
7551
6704
6192
5626
4463
3158
1849
1135
756
-214
-1422
-2157
-2506
-3036
-3779
-4189
-3939
-3477
-3560
-3894
-3857
-3680
-3511
-3356
-3131
-2677
-2393
-2102
-1795
-1711
-1520
-1317
-1022
-1006
-1843
-2678
-3621
-5318
-7374
-9202
-9418
-8579
-8953
-10337
-11222
-10924
-10015
-9713
-9352
-7319
-4441
-2964
-2630
-1705
611
3378
4695
5474
7401
9452
10369
10013
9932
11247
12389
12228
11297
10931
11003
10050
8156
6429
5927
5927
4565
2380
836
137
-561
-2172
-3888
-4432
-4179
-4603
-5696
-6282
-6030
-5413
-5480
-5664
-4639
-3219
-2415
-2202
-1726
-46
1804
2749
3475
4729
6095
6648
6517
6696
7521
8099
7479
6312
5544
4988
3984
2412
1311
1064
551
-773
-2231
-2982
-3119
-3407
-3952
-4212
-3987
-3818
-3966
-4161
-3992
-3411
-3040
-2922
-2756
-2416
-1928
-1645
-1663
-1564
-1109
-586
-277
-587
-1400
-2102
-3290
-5283
-7527
-9252
-9320
-8646
-9078
-10333
-11135
-10955
-10496
-10354
-9600
-7213
-4480
-3392
-3108
-1900
554
3073
4332
5529
7764
9769
10380
10027
10212
11381
12345
12253
11687
11546
11273
10083
8316
6788
6141
5636
4227
2376
935
-29
-1103
-2698
-4113
-4466
-4332
-4869
-5920
-6502
-6081
-5421
-5489
-5558
-4641
-3155
-2168
-1977
-1470
52
1819
2997
3813
4928
6242
6942
6875
6819
7286
7668
7188
6040
5021
4352
3423
2020
811
270
-65
-975
-2255
-3087
-3327
-3502
-4004
-4385
-4297
-4036
-3964
-4134
-4105
-3681
-3203
-2765
-2482
-2147
-1624
-1279
-1250
-1179
-814
-212
189
-69
-774
-1539
-2778
-4730
-7016
-8737
-8963
-8480
-8920
-10203
-11102
-10978
-10501
-10475
-9993
-7759
-4828
-3292
-2924
-2026
163
2599
3952
5112
7304
9598
10502
10151
10050
11101
12331
12488
11988
11693
11454
10419
8492
6668
5820
5464
4440
2586
893
-163
-1179
-2713
-4243
-4747
-4514
-4849
-5941
-6754
-6464
-5827
-5796
-5818
-5009
-3567
-2517
-2194
-1697
-312
1336
2548
3487
4589
5925
6812
6906
6960
7377
7762
7500
6549
5582
4907
3943
2495
1206
547
165
-685
-2002
-3020
-3392
-3533
-3909
-4297
-4358
-4057
-3778
-3854
-3906
-3634
-3145
-2734
-2543
-2206
-1675
-1241
-1119
-1127
-751
-98
245
50
-549
-1311
-2294
-4055
-6337
-8293
-9210
-8956
-8691
-9387
-10413
-10790
-10512
-10294
-10183
-8885
-5964
-3403
-2500
-2118
-629
1865
3748
4834
6501
8842
10442
10452
9988
10406
11517
12285
12201
11810
11456
10706
9230
7341
5898
5299
4798
3537
1699
206
-791
-1986
-3558
-4772
-4941
-4754
-5289
-6170
-6525
-6251
-5946
-5968
-5673
-4521
-3113
-2173
-1475
-422
1125
2647
3520
4123
5140
6304
7034
7131
6968
7082
7005
6233
5279
4566
3924
2902
1536
444
-175
-883
-1972
-2933
-3367
-3525
-3811
-4245
-4425
-4286
-4203
-4197
-4012
-3609
-3204
-2922
-2706
-2384
-1942
-1607
-1401
-1200
-950
-513
-115
-56
-247
-598
-1076
-2118
-4217
-6808
-8730
-9123
-8520
-8455
-9306
-10162
-10301
-10174
-10367
-9955
-7748
-4574
-2524
-2097
-1670
10
2257
3915
5351
7432
9572
10532
10217
9837
10339
11323
12001
12123
11874
11324
10181
8499
6840
5808
5448
4903
3546
1823
400
-670
-1837
-3130
-3944
-4159
-4440
-5182
-5887
-6073
-5962
-5964
-5974
-5426
-4280
-3115
-2245
-1451
-523
647
1884
2951
3950
4977
5852
6360
6383
6270
6419
6423
5949
5199
4344
3404
2384
1447
754
116
-784
-1647
-2182
-2694
-3382
-3969
-4107
-3990
-4060
-4319
-4331
-4066
-3883
-3829
-3519
-2935
-2376
-2084
-2009
-1889
-1686
-1468
-1166
-916
-822
-743
-693
-825
-1589
-3488
-6100
-8239
-9003
-8462
-7836
-8166
-8925
-9315
-9458
-9732
-9642
-8017
-4905
-2345
-1482
-1262
-295
1500
3184
4553
6336
8550
10072
10221
9638
9486
10155
11087
11654
11612
11135
10258
8866
7212
5891
5282
5031
4322
3028
1686
506
-756
-2146
-3267
-3727
-3883
-4267
-4806
-5211
-5454
-5702
-5836
-5435
-4482
-3369
-2349
-1423
-534
277
1056
1979
3054
4084
4931
5553
5900
5940
5778
5649
5530
5190
4524
3612
2654
1768
991
235
-575
-1327
-1838
-2150
-2555
-3197
-3771
-3978
-4037
-4215
-4385
-4310
-4084
-3921
-3716
-3240
-2661
-2378
-2401
-2421
-2225
-1879
-1462
-1037
-764
-716
-770
-743
-728
-1367
-3194
-5793
-7894
-8362
-7452
-6731
-7097
-7916
-8371
-8561
-8885
-8771
-7137
-4252
-1883
-1013
-821
-30
1480
2929
4159
5733
7697
9107
9313
8783
8475
8899
9697
10370
10680
10484
9705
8488
7120
6001
5372
5029
4600
3967
3166
2171
887
-555
-1651
-2221
-2532
-2859
-3157
-3341
-3585
-4171
-4941
-5284
-4882
-3996
-3072
-2330
-1666
-1028
-553
-145
451
1374
2523
3565
4273
4525
4350
4062
3838
3757
3659
3416
3039
2550
1874
951
-67
-843
-1195
-1298
-1451
-1805
-2251
-2683
-3124
-3569
-3914
-3989
-3783
-3471
-3233
-3141
-3129
-3133
-3092
-2915
-2575
-2244
-2099
-2054
-1927
-1696
-1495
-1316
-952
-413
-162
-802
-2472
-4518
-5890
-5943
-5025
-4140
-3941
-4345
-4986
-5722
-6381
-6344
-5105
-3165
-1542
-743
-449
-156
178
614
1514
2984
4624
5911
6582
6676
6379
6068
6264
7110
8122
8673
8567
7967
7107
6272
5714
5544
5612
5568
5196
4453
3361
2219
1338
739
315
-58
-311
-368
-554
-1277
-2438
-3502
-3869
-3427
-2667
-2111
-1983
-2174
-2421
-2524
-2335
-1692
-654
417
1164
1466
1468
1372
1270
1235
1369
1641
1913
1968
1648
1007
246
-382
-722
-843
-907
-1046
-1375
-1820
-2189
-2382
-2388
-2320
-2276
-2174
-2040
-2006
-2102
-2247
-2309
-2194
-1999
-1907
-1949
-2081
-2232
-2364
-2477
-2452
-2168
-1728
-1310
-924
-465
6
124
-422
-1469
-2448
-2878
-2753
-2389
-2156
-2275
-2774
-3524
-4247
-4578
-4336
-3667
-2855
-2120
-1579
-1234
-1010
-790
-422
102
681
1298
2026
2827
3501
3870
3956
4052
4387
4910
5399
5708
5839
5871
5851
5736
5573
5451
5363
5240
5022
4699
4324
3922
3440
2912
2420
2027
1734
1443
1051
541
-22
-530
-894
-1088
-1151
-1197
-1263
-1355
-1466
-1573
-1630
-1543
-1276
-927
-636
-463
-440
-582
-846
-1095
-1199
-1096
-912
-816
-908
-1145
-1365
-1443
-1359
-1198
-1050
-986
-1008
-1078
-1146
-1144
-1060
-939
-810
-731
-753
-917
-1140
-1298
-1303
-1201
-1128
-1169
-1314
-1469
-1549
-1590
-1628
-1612
-1467
-1169
-847
-645
-558
-514
-484
-531
-736
-1090
-1484
-1826
-2113
-2337
-2460
-2495
-2538
-2683
-2896
-3073
-3150
-3120
-2943
-2546
-1956
-1302
-727
-301
4
227
418
681
1072
1556
2072
2528
2871
3098
3222
3290
3403
3607
3876
4143
4328
4395
4327
4118
3831
3589
3502
3565
3637
3595
3416
3078
2625
2192
1932
1874
1873
1759
1528
1260
1011
825
678
542
387
182
-16
-166
-326
-515
-679
-778
-831
-927
-1088
-1256
-1386
-1514
-1637
-1663
-1537
-1379
-1385
-1546
-1687
-1721
-1693
-1672
-1633
-1503
-1337
-1263
-1299
-1332
-1266
-1107
-944
-822
-690
-563
-522
-576
-677
-732
-734
-793
-950
-1139
-1319
-1479
-1583
-1562
-1388
-1149
-982
-953
-1026
-1183
-1420
-1671
-1820
-1816
-1758
-1767
-1880
-2071
-2262
-2418
-2480
-2350
-2035
-1683
-1444
-1323
-1217
-1035
-776
-452
-15
492
907
1096
1100
1157
1407
1771
2150
2499
2802
2986
2978
2853
2767
2815
2927
3019
3092
3173
3201
3129
2955
2769
2683
2727
2848
2955
2947
2812
2623
2422
2229
2027
1833
1671
1530
1348
1088
800
575
402
240
104
6
-54
-177
-418
-667
-816
-872
-905
-981
-1116
-1301
-1544
-1794
-1929
-1922
-1868
-1865
-1914
-1987
-2084
-2199
-2229
-2088
-1803
-1486
-1204
-994
-881
-877
-955
-1009
-961
-834
-717
-695
-791
-932
-1070
-1183
-1273
-1331
-1338
-1291
-1220
-1148
-1091
-1068
-1081
-1117
-1162
-1237
-1350
-1473
-1555
-1587
-1606
-1639
-1692
-1752
-1779
-1763
-1682
-1524
-1321
-1103
-878
-651
-409
-126
153
407
627
833
1073
1319
1536
1748
1994
2254
2473
2597
2667
2742
2822
2870
2885
2890
2912
2957
2994
2985
2904
2775
2635
2504
2414
2392
2409
2389
2245
2008
1794
1675
1597
1477
1334
1183
1025
840
640
452
287
143
5
-107
-206
-309
-442
-604
-758
-909
-1066
-1247
-1466
-1683
-1863
-1997
-2068
-2067
-2040
-2012
-1994
-1939
-1809
-1665
-1566
-1506
-1433
-1323
-1204
-1107
-1038
-966
-891
-845
-827
-852
-890
-896
-884
-888
-906
-910
-900
-904
-954
-1007
-1005
-968
-946
-966
-992
-981
-995
-1065
-1155
-1189
-1159
-1123
-1118
-1137
-1151
-1170
-1168
-1115
-987
-825
-682
-563
-451
-301
-101
119
320
504
713
947
1143
1281
1415
1599
1791
1909
1960
2007
2078
2116
2107
2085
2074
2015
1904
1840
1894
2030
2124
2115
2055
2009
1978
1957
1963
1999
2008
1920
1743
1556
1417
1328
1231
1104
991
895
760
576
392
258
149
14
-177
-375
-560
-744
-921
-1063
-1160
-1250
-1366
-1489
-1574
-1609
-1586
-1519
-1463
-1450
-1462
-1476
-1447
-1358
-1232
-1114
-1029
-988
-987
-988
-940
-832
-699
-605
-582
-634
-730
-820
-863
-828
-745
-697
-737
-839
-948
-1043
-1117
-1168
-1173
-1145
-1116
-1087
-1063
-1044
-1059
-1099
-1086
-946
-719
-514
-417
-404
-385
-311
-199
-82
32
148
265
351
427
523
628
693
708
715
772
880
951
956
942
959
989
998
993
1004
1036
1061
1070
1080
1089
1097
1141
1246
1396
1516
1550
1533
1495
1473
1489
1550
1644
1720
1731
1665
1569
1476
1394
1313
1215
1105
978
835
682
522
357
187
-11
-219
-398
-544
-661
-754
-816
-861
-912
-968
-1029
-1077
-1104
-1094
-1059
-1032
-1058
-1132
-1175
-1128
-1024
-937
-902
-909
-920
-925
-900
-838
-746
-668
-652
-698
-764
-814
-829
-818
-807
-836
-902
-996
-1083
-1121
-1088
-1028
-999
-1008
-1034
-1050
-1032
-959
-835
-689
-570
-503
-474
-443
-396
-326
-224
-97
16
90
135
183
248
312
365
409
438
454
466
471
476
486
523
573
626
667
694
712
725
758
822
910
993
1048
1067
1048
1013
992
1001
1036
1079
1107
1093
1053
1019
1028
1078
1140
1155
1108
1044
992
958
934
914
877
807
711
594
486
402
339
298
265
226
178
115
56
-4
-77
-146
-212
-276
-343
-390
-409
-426
-465
-553
-674
-774
-812
-767
-677
-598
-589
-653
-727
-773
-770
-716
-644
-607
-644
-747
-851
-906
-886
-814
-747
-730
-780
-858
-913
-913
-872
-821
-775
-761
-766
-769
-749
-712
-689
-711
-752
-762
-701
-578
-440
-345
-305
-301
-313
-310
-268
-192
-78
21
76
95
94
89
102
151
228
311
388
448
472
477
474
500
552
603
624
620
609
595
585
576
591
625
664
702
738
754
743
691
626
594
632
714
766
757
692
610
548
528
550
606
637
604
533
461
405
367
338
323
319
304
271
230
196
166
119
65
25
-4
-42
-74
-100
-111
-122
-154
-207
-253
-256
-219
-176
-162
-183
-234
-286
-303
-286
-251
-214
-227
-276
-329
-363
-373
-374
-374
-376
-387
-412
-432
-450
-451
-445
-439
-442
-462
-496
-542
-562
-572
-569
-549
-531
-536
-555
-563
-538
-478
-416
-360
-313
-273
-250
-238
-206
-157
-93
-38
7
43
75
88
80
82
103
147
188
213
228
222
201
175
174
194
230
267
274
239
211
194
195
232
276
301
288
257
222
204
218
243
255
257
258
257
247
222
183
145
139
152
172
207
240
240
203
149
109
101
134
189
237
252
215
144
76
55
85
143
196
211
172
109
37
-7
-2
46
100
113
75
-4
-80
-132
-151
-134
-106
-91
-104
-148
-175
-174
-171
-169
-159
-131
-96
-66
-64
-85
-108
-136
-161
-166
-147
-106
-83
-87
-116
-154
-176
-182
-164
-127
-86
-62
-64
-81
-90
-90
-85
-79
-69
-61
-56
-66
-88
-104
-114
-109
-87
-64
-46
-40
-46
-44
-31
-7
14
30
51
81
114
129
124
109
97
97
102
104
101
80
40
-5
-38
-50
-49
-37
-34
-51
-69
-83
-88
-77
-59
-31
5
27
33
21
24
42
63
88
111
130
136
122
104
102
113
127
132
122
102
90
71
63
59
53
43
29
16
-3
-36
-91
-138
-152
-129
-94
-74
-84
-115
-145
-158
-128
-62
7
56
59
46
21
8
21
43
74
91
83
60
24
-18
-39
-38
-30
-17
-12
-21
-29
-48
-70
-70
-58
-38
-13
-4
-5
-17
-28
-40
-42
-25
-5
9
11
14
15
17
14
8
8
22
47
64
72
69
64
56
48
34
20
12
2
-11
-22
-29
-41
-58
-77
-95
-103
-100
-86
-71
-52
-52
-62
-66
-49
1
68
139
185
186
157
127
123
141
173
193
179
150
112
68
49
47
62
75
83
66
29
-6
-40
-48
-40
-27
-20
-22
-34
-51
-74
-93
-89
-67
-32
-8
-2
-18
-53
-79
-82
-64
-28
-1
14
19
16
10
-1
-18
-26
-13
7
11
-23
-75
-123
-155
-168
-168
-157
-142
-132
-135
-152
-169
-174
-154
-106
-52
-15
3
-6
-22
-16
13
48
69
73
68
59
53
46
43
48
64
83
92
89
76
55
43
40
44
41
20
-6
-31
-42
-47
-44
-43
-36
-30
-36
-43
-40
-22
4
30
47
58
80
102
125
149
167
170
160
148
142
138
134
116
89
64
47
32
19
5
-19
-36
-58
-86
-108
-111
-99
-89
-82
-87
-95
-99
-88
-67
-38
-11
2
7
12
11
9
30
59
88
115
123
111
92
72
63
69
73
63
42
26
6
-11
-35
-58
-77
-95
-105
-115
-134
-161
-184
-198
-191
-165
-128
-93
-75
-60
-45
-22
8
50
88
111
112
89
57
28
9
6
10
9
-5
