0
0
-1
0
0
0
1
-1
0
0
0
0
-1
0
0
0
-1
-1
0
0
1
0
0
0
1
1
0
1
0
0
1
1
0
0
1
0
0
1
0
0
0
1
0
0
0
0
0
0
0
0
0
0
-1
1
-1
0
1
0
0
0
0
1
0
0
-1
0
0
0
0
-1
0
0
0
0
0
0
0
-1
0
0
0
0
0
0
0
0
0
0
0
-1
0
1
1
0
0
0
0
0
0
0
0
0
-1
0
-1
0
0
1
-1
-1
0
0
0
0
0
0
0
0
0
0
0
1
0
0
0
0
1
0
0
0
0
0
0
1
1
1
-1
0
-1
1
0
0
-1
0
0
1
0
0
0
1
0
0
0
0
-1
0
0
1
0
1
2
0
0
0
0
0
0
0
0
0
0
1
0
0
0
-1
0
-1
-1
0
0
0
1
1
0
0
0
1
0
0
0
1
1
0
1
-1
0
1
0
0
0
-1
0
0
0
1
0
0
0
0
0
0
1
2
0
1
0
2
1
1
1
1
1
-1
0
-1
0
0
0
0
0
0
-1
0
-1
0
0
-1
0
0
-1
-1
1
0
0
0
0
-1
-1
0
0
0
-1
0
0
0
1
0
0
-1
0
-1
0
-1
0
0
0
0
0
-1
0
0
-1
0
0
0
0
1
0
-1
0
1
0
-1
0
0
1
0
0
0
0
0
0
-1
0
0
0
1
0
0
0
1
0
0
1
0
1
2
0
0
0
0
0
0
0
1
0
0
1
0
0
0
0
0
0
0
0
0
-1
-1
1
-1
0
0
0
0
0
1
0
0
0
0
0
0
0
0
0
0
0
0
0
0
0
0
0
0
-1
0
0
0
-1
0
-1
0
0
1
0
0
0
1
0
0
-1
0
-1
1
1
0
0
-1
0
1
0
0
0
0
0
0
1
0
0
0
0
-1
0
-1
0
0
-1
-1
-1
0
1
-1
0
0
-1
1
0
0
0
0
0
0
1
1
1
0
0
0
0
0
0
0
1
0
0
0
0
0
0
0
0
-1
0
0
0
-1
-1
0
0
0
0
0
0
1
0
0
1
0
0
1
0
0
0
0
0
0
-1
-1
0
-1
0
-1
0
0
-1
0
0
0
0
0
-1
1
0
0
0
0
1
0
-1
0
0
0
-1
1
0
0
0
0
0
0
0
0
-1
0
0
0
0
0
0
1
0
-1
0
0
0
0
0
-1
1
0
0
0
-1
0
1
0
-1
-1
0
-1
0
0
0
0
-1
0
0
0
-1
0
-1
-1
0
0
-1
0
0
0
0
1
1
0
0
0
0
0
1
0
0
0
1
1
0
0
-1
0
-1
0
0
0
0
1
0
0
0
0
0
0
1
0
0
1
0
-1
0
0
1
0
0
0
0
0
0
0
0
0
0
0
0
0
0
0
0
-1
0
0
0
0
0
0
0
0
1
0
0
1
0
0
0
0
-1
1
0
0
0
1
0
1
0
1
1
-1
1
0
0
-1
0
1
0
0
0
1
0
0
0
0
-1
1
0
0
-1
1
0
0
0
0
0
0
0
0
0
0
0
0
0
1
0
0
0
0
0
0
-2
-1
1
0
0
0
0
0
-1
1
-1
1
0
1
0
0
0
-1
1
-1
0
0
0
0
-1
-1
-1
0
0
0
-1
-1
0
0
-1
0
0
0
0
1
0
0
0
0
0
0
0
0
-1
0
1
1
0
0
0
1
0
0
0
0
0
1
0
1
1
0
1
-1
0
0
-1
0
0
0
0
-1
0
0
0
0
1
0
0
-1
0
0
0
0
0
0
0
0
-1
0
0
0
-1
0
-2
0
-1
0
0
0
0
-1
0
0
0
-1
0
0
-1
0
0
1
0
0
0
1
0
0
0
0
0
0
0
0
0
0
-1
0
0
0
1
0
0
0
0
0
1
-1
0
1
-1
0
1
0
0
0
0
0
0
0
0
-1
0
1
-1
1
-1
0
0
-1
0
0
0
0
-1
0
0
0
0
1
1
0
0
0
-1
0
0
-1
-1
0
1
0
0
1
0
0
1
1
0
0
0
1
-1
0
-1
0
-1
0
-1
1
-1
0
1
0
0
0
0
0
0
-1
0
0
1
0
0
0
0
1
0
0
0
1
0
0
0
0
0
0
0
-1
-1
0
0
0
0
0
0
0
0
-1
1
0
0
0
0
0
1
0
0
0
0
0
0
1
0
0
0
0
1
-1
0
0
0
1
1
0
-1
0
0
-1
1
0
0
0
0
0
1
0
0
1
-1
0
1
0
-1
1
0
0
0
0
0
0
0
0
-1
0
0
0
1
0
0
1
0
0
0
1
1
0
1
-1
0
0
0
1
0
0
0
0
0
-1
-1
-1
0
0
-1
1
0
1
0
1
0
0
0
0
0
0
1
0
0
0
-1
-1
0
0
0
1
0
0
-1
0
0
0
0
0
0
0
-1
0
0
0
0
0
0
0
0
0
0
0
0
0
0
0
0
0
0
1
0
0
0
1
-1
0
0
0
0
0
0
-1
1
0
0
1
0
0
0
0
0
0
0
0
1
0
0
0
0
-1
-1
-1
-1
0
-1
0
0
1
0
0
0
-1
-1
0
-1
0
0
0
-1
-1
0
0
-1
0
0
0
1
0
0
0
0
0
0
0
0
-1
0
1
1
0
0
0
-1
0
0
1
0
0
1
0
1
0
0
0
1
0
1
1
0
0
1
0
0
-1
0
0
0
0
-1
0
1
0
0
1
0
1
0
1
1
0
1
1
0
1
0
0
0
-1
1
0
0
-1
1
0
0
0
1
0
-1
0
0
0
0
0
0
0
0
-1
0
0
0
0
0
0
0
-1
0
1
0
1
-1
0
-1
1
0
0
0
0
0
0
0
-1
1
0
0
0
-1
-1
0
0
0
-1
0
0
0
0
0
1
-1
0
1
0
0
1
0
0
1
0
-1
1
1
0
0
1
0
-1
0
0
-1
0
0
0
0
1
1
0
0
0
0
1
0
0
0
1
0
0
-1
-1
0
-1
0
0
0
0
0
0
0
1
1
1
1
0
0
0
0
0
0
0
0
0
0
0
0
0
0
-1
1
0
1
0
0
1
0
0
0
0
0
1
-1
0
0
0
0
1
1
-1
0
-1
0
0
-1
0
0
0
0
0
0
-1
0
0
0
0
0
0
0
0
0
1
1
0
1
0
0
1
0
0
1
0
0
0
0
-1
0
0
0
-1
0
0
0
0
0
0
0
0
0
-1
-1
0
0
0
0
0
0
0
0
0
0
0
0
-1
0
-1
0
0
0
0
0
-1
-1
0
0
0
0
-1
0
0
0
0
0
-1
0
-1
0
0
0
0
0
0
1
0
0
0
0
0
0
0
-1
0
0
0
0
0
0
0
0
1
1
1
0
0
1
0
0
0
0
1
0
0
0
1
0
0
-1
0
-1
0
1
0
0
0
0
0
0
-1
1
0
1
1
1
0
0
0
0
0
0
0
-1
1
-1
0
0
0
0
0
0
-1
-1
-1
0
-1
0
0
-1
0
0
0
0
0
0
0
0
0
1
1
1
0
0
0
0
-1
0
0
-1
0
0
-1
0
0
0
0
0
0
1
-1
0
1
1
0
1
0
1
1
1
0
0
0
0
0
0
0
0
0
-1
-1
0
-1
0
0
-1
0
0
-1
-1
0
0
0
0
0
1
0
0
1
1
-1
-1
0
0
-1
0
0
0
-1
0
-1
0
0
0
0
-1
0
-1
1
0
0
0
0
0
0
0
1
-1
0
-1
0
0
-1
0
0
0
0
0
0
0
0
0
0
0
0
0
0
1
0
0
1
0
1
1
0
0
0
-1
1
1
0
0
0
0
1
0
0
0
-1
0
0
0
0
0
0
1
1
1
-1
0
0
1
1
0
-1
0
0
0
0
0
-1
-1
-1
0
0
0
0
-1
-1
0
0
-1
1
0
1
1
0
0
1
0
1
1
0
0
0
-1
0
0
0
0
0
1
-1
-1
0
0
0
0
-1
-1
0
0
0
0
0
-1
-1
0
0
-1
0
0
-1
0
1
-1
0
0
0
0
1
1
0
0
1
1
1
0
1
0
-1
-1
-1
0
0
0
0
0
0
0
0
-1
1
0
0
0
1
0
1
0
0
0
0
1
0
1
0
0
0
-1
0
0
0
0
0
0
0
0
0
-1
1
-1
0
0
-2
2
-1
0
0
0
0
-1
0
0
-1
0
0
0
0
0
0
-1
1
0
0
0
0
0
-1
0
1
0
-1
0
0
0
0
0
0
0
0
-1
1
1
0
1
0
0
0
0
1
0
0
0
0
1
-1
0
0
0
-1
0
0
-1
0
0
0
-1
0
-1
0
0
0
0
0
-1
-1
-1
0
0
0
0
1
0
0
1
0
0
1
0
0
0
0
0
0
0
0
0
0
-1
0
0
1
0
0
0
0
0
0
-1
0
0
1
0
0
0
1
0
0
0
1
0
0
0
0
0
-1
0
-1
0
0
0
1
0
0
0
0
1
-1
0
0
0
1
-1
1
0
0
0
0
0
1
0
0
-1
0
0
1
0
0
1
0
1
0
1
1
0
1
1
0
1
1
0
1
0
1
0
1
0
1
0
0
1
1
1
1
0
1
-1
0
0
0
0
-1
0
0
0
0
0
-1
-1
0
0
-1
0
-1
-1
-1
-1
-1
-1
-1
-1
0
-2
-1
-1
0
0
-1
-1
-1
-1
0
-1
-1
-1
0
-1
0
-1
0
0
0
0
-1
-1
0
0
-1
0
1
0
0
1
0
0
0
0
1
0
1
1
0
0
1
1
0
1
1
0
0
0
0
0
0
0
0
-1
0
0
0
0
0
0
0
-2
0
0
0
-1
-1
0
-1
-1
-1
0
0
0
0
0
0
-1
-1
0
0
1
-1
0
0
0
1
0
0
0
0
0
0
1
1
0
0
0
1
1
1
0
0
0
0
0
1
1
1
0
1
1
0
-1
1
-1
0
-1
-1
0
0
0
0
1
0
1
1
0
0
2
1
1
2
1
1
2
2
2
1
1
2
2
1
2
0
0
1
1
1
0
0
1
-1
-1
-1
-1
-1
-1
-1
-2
-2
-3
-3
-2
-3
-3
-3
-4
-4
-4
-4
-4
-4
-4
-4
-3
-3
-3
-3
-3
-2
-3
-1
-1
-2
-1
-1
0
1
1
0
1
2
3
2
3
3
4
4
5
6
7
6
6
7
7
7
7
8
8
6
7
7
7
6
6
5
6
5
5
4
2
2
2
2
0
-1
-1
-2
-2
-2
-3
-4
-5
-5
-7
-7
-8
-8
-8
-10
-8
-10
-11
-11
-10
-11
-10
-12
-12
-11
-10
-10
-10
-9
-9
-8
-8
-6
-5
-4
-3
-2
-1
0
1
2
3
4
5
6
7
7
9
9
10
11
11
11
13
12
12
13
13
13
13
12
11
11
10
10
9
9
7
6
5
4
2
2
1
0
-2
-3
-4
-5
-6
-7
-8
-9
-8
-10
-10
-9
-11
-9
-10
-9
-9
-10
-7
-4
-3
-1
3
5
7
10
13
15
17
20
23
25
29
30
32
35
36
37
37
38
37
38
37
36
34
31
29
23
21
15
9
3
-5
-11
-20
-28
-37
-47
-56
-66
-76
-85
-94
-105
-114
-123
-132
-139
-143
-149
-156
-161
-166
-167
-170
-167
-167
-165
-161
-158
-153
-145
-136
-128
-117
-104
-90
-74
-56
-36
-14
8
30
54
79
105
131
156
183
211
240
267
294
319
343
366
386
405
423
437
450
460
469
474
476
475
471
464
453
441
425
406
382
357
328
295
260
221
184
142
100
56
11
-35
-82
-128
-174
-219
-264
-309
-352
-393
-432
-470
-504
-535
-566
-595
-622
-647
-668
-688
-703
-716
-725
-733
-737
-738
-737
-732
-723
-713
-700
-683
-665
-643
-618
-591
-560
-525
-487
-444
-400
-357
-311
-263
-215
-165
-116
-69
-24
20
65
113
160
213
272
331
392
454
515
575
631
686
735
782
827
866
903
931
957
979
997
1013
1024
1031
1031
1027
1021
1009
993
975
953
925
890
853
813
765
713
657
596
534
469
400
327
251
171
86
4
-78
-163
-248
-336
-422
-509
-592
-676
-757
-834
-905
-973
-1034
-1090
-1137
-1173
-1202
-1221
-1230
-1227
-1213
-1191
-1159
-1115
-1060
-997
-926
-849
-761
-670
-569
-465
-358
-246
-136
-21
95
207
319
425
526
623
713
798
874
941
1001
1052
1099
1136
1163
1183
1193
1193
1185
1167
1138
1094
1040
978
904
817
723
619
504
383
254
119
-20
-167
-317
-470
-622
-773
-923
-1068
-1211
-1352
-1482
-1603
-1716
-1821
-1915
-2000
-2069
-2122
-2163
-2188
-2200
-2199
-2179
-2146
-2095
-2029
-1950
-1858
-1753
-1635
-1499
-1345
-1179
-999
-807
-604
-390
-165
69
303
540
777
1013
1247
1475
1699
1912
2113
2306
2488
2655
2807
2943
3059
3153
3229
3282
3312
3317
3297
3252
3181
3091
2982
2856
2716
2558
2384
2199
1998
1784
1564
1332
1090
844
590
336
81
-173
-425
-675
-922
-1161
-1387
-1600
-1798
-1980
-2147
-2294
-2423
-2533
-2621
-2687
-2735
-2760
-2765
-2753
-2723
-2672
-2607
-2525
-2430
-2322
-2196
-2062
-1913
-1754
-1588
-1416
-1240
-1057
-869
-676
-481
-286
-90
100
290
474
652
825
985
1136
1273
1400
1514
1610
1691
1756
1802
1834
1847
1844
1823
1788
1737
1664
1574
1466
1339
1195
1033
858
665
460
254
43
-175
-396
-619
-845
-1065
-1284
-1493
-1697
-1891
-2076
-2245
-2401
-2539
-2656
-2755
-2832
-2886
-2917
-2928
-2916
-2884
-2827
-2747
-2641
-2511
-2352
-2167
-1962
-1730
-1481
-1209
-917
-607
-289
36
368
706
1048
1395
1736
2066
2385
2691
2985
3271
3536
3778
3993
4178
4335
4465
4561
4620
4646
4632
4582
4500
4390
4249
4080
3883
3659
3415
3151
2872
2575
2257
1920
1571
1213
851
489
123
-248
-619
-987
-1345
-1687
-2019
-2336
-2637
-2922
-3193
-3439
-3658
-3854
-4025
-4168
-4283
-4360
-4401
-4406
-4375
-4311
-4212
-4081
-3919
-3731
-3514
-3276
-3020
-2744
-2453
-2142
-1819
-1487
-1151
-810
-475
-140
192
518
836
1136
1418
1682
1924
2145
2345
2519
2666
2787
2880
2947
2990
3009
2998
2963
2906
2819
2714
2587
2436
2260
2064
1850
1623
1386
1136
872
604
329
50
-230
-504
-778
-1045
-1299
-1546
-1780
-1997
-2206
-2406
-2594
-2763
-2909
-3036
-3142
-3238
-3317
-3371
-3405
-3416
-3408
-3383
-3343
-3282
-3199
-3080
-2925
-2746
-2537
-2305
-2042
-1744
-1415
-1059
-689
-311
81
483
903
1330
1749
2158
2553
2934
3301
3656
3985
4272
4518
4726
4900
5046
5156
5227
5252
5232
5179
5088
4972
4828
4653
4452
4222
3971
3700
3414
3107
2776
2431
2075
1710
1337
959
570
180
-214
-611
-999
-1381
-1756
-2123
-2475
-2812
-3130
-3431
-3714
-3972
-4203
-4407
-4580
-4722
-4831
-4906
-4941
-4934
-4886
-4802
-4685
-4532
-4348
-4131
-3872
-3587
-3280
-2960
-2623
-2271
-1908
-1531
-1151
-776
-407
-53
301
649
987
1310
1610
1888
2144
2383
2608
2809
2979
3116
3230
3324
3395
3443
3463
3450
3406
3335
3237
3114
2960
2776
2566
2331
2073
1797
1504
1197
875
540
204
-135
-474
-808
-1135
-1449
-1751
-2039
-2314
-2573
-2817
-3040
-3240
-3415
-3571
-3711
-3829
-3928
-3999
-4044
-4069
-4075
-4068
-4033
-3960
-3842
-3680
-3482
-3254
-2992
-2686
-2334
-1939
-1509
-1066
-611
-146
334
832
1333
1828
2299
2741
3165
3574
3965
4336
4669
4957
5196
5397
5571
5710
5813
5858
5847
5786
5691
5573
5430
5255
5036
4775
4481
4166
3840
3494
3126
2730
2310
1881
1453
1028
602
168
-274
-711
-1137
-1546
-1935
-2307
-2664
-3003
-3320
-3610
-3873
-4112
-4326
-4522
-4700
-4850
-4976
-5066
-5125
-5157
-5155
-5120
-5050
-4947
-4807
-4625
-4408
-4151
-3857
-3536
-3191
-2819
-2421
-2009
-1584
-1154
-725
-303
118
530
927
1310
1671
2005
2307
2582
2825
3038
3222
3373
3495
3591
3662
3706
3725
3721
3685
3622
3532
3411
3260
3084
2886
2662
2407
2125
1821
1502
1174
845
512
174
-168
-512
-846
-1158
-1447
-1727
-2002
-2277
-2543
-2781
-2988
-3169
-3348
-3533
-3719
-3886
-4023
-4125
-4202
-4278
-4361
-4435
-4465
-4426
-4323
-4175
-4000
-3805
-3567
-3249
-2848
-2383
-1897
-1409
-919
-396
175
782
1399
1970
2485
2967
3436
3902
4352
4758
5090
5349
5561
5756
5940
6089
6176
6182
6124
6029
5924
5809
5666
5469
5213
4915
4609
4304
3988
3644
3257
2823
2374
1928
1496
1065
614
144
-334
-803
-1246
-1661
-2053
-2438
-2816
-3173
-3501
-3784
-4038
-4277
-4502
-4715
-4906
-5067
-5192
-5290
-5355
-5391
-5394
-5355
-5284
-5185
-5052
-4880
-4663
-4404
-4108
-3782
-3426
-3042
-2624
-2178
-1715
-1249
-791
-333
130
599
1048
1479
1870
2226
2557
2862
3140
3374
3564
3710
3830
3931
4014
4072
4096
4081
4032
3955
3851
3721
3558
3363
3150
2914
2656
2381
2085
1766
1434
1098
746
386
17
-353
-701
-1030
-1336
-1643
-1956
-2273
-2572
-2835
-3072
-3298
-3536
-3786
-4029
-4240
-4407
-4547
-4691
-4847
-5003
-5121
-5160
-5110
-5003
-4866
-4695
-4477
-4176
-3772
-3278
-2745
-2211
-1670
-1101
-473
210
916
1581
2179
2725
3246
3766
4279
4745
5126
5423
5662
5876
6081
6264
6385
6420
6374
6290
6198
6113
6008
5852
5624
5346
5047
4753
4461
4129
3741
3300
2834
2373
1929
1489
1031
544
41
-450
-913
-1351
-1771
-2184
-2583
-2954
-3290
-3589
-3865
-4127
-4371
-4591
-4793
-4974
-5136
-5277
-5389
-5456
-5473
-5447
-5391
-5313
-5205
-5050
-4834
-4570
-4275
-3958
-3618
-3244
-2822
-2357
-1874
-1397
-933
-478
-15
463
945
1407
1827
2211
2562
2897
3210
3488
3708
3864
3976
4060
4127
4176
4202
4179
4119
4024
3908
3768
3603
3403
3167
2898
2603
2298
1995
1681
1346
985
603
204
-191
-559
-894
-1209
-1519
-1835
-2151
-2434
-2678
-2903
-3144
-3413
-3710
-3996
-4236
-4429
-4616
-4830
-5073
-5325
-5519
-5603
-5582
-5496
-5384
-5241
-5011
-4653
-4169
-3609
-3037
-2477
-1898
-1260
-536
244
1011
1709
2319
2877
3418
3952
4446
4864
5187
5444
5676
5900
6124
6308
6411
6422
6364
6275
6184
6098
5988
5832
5625
5382
5128
4877
4596
4275
3898
3470
3026
2593
2194
1804
1392
949
483
16
-439
-882
-1328
-1790
-2248
-2694
-3100
-3464
-3808
-4159
-4503
-4827
-5113
-5351
-5548
-5689
-5767
-5770
-5686
-5523
-5297
-5033
-4745
-4411
-4025
-3600
-3162
-2723
-2287
-1860
-1435
-1015
-619
-281
-11
211
415
608
780
915
1056
1210
1389
1605
1872
2193
2517
2829
3145
3453
3727
3968
4172
4346
4439
4425
4306
4074
3738
3298
2798
2268
1683
1077
513
35
-352
-706
-1067
-1464
-1911
-2355
-2748
-3074
-3354
-3636
-3929
-4221
-4499
-4758
-5034
-5364
-5799
-6309
-6735
-6923
-6851
-6567
-6096
-5450
-4692
-3905
-3065
-2120
-1096
-90
872
1858
2898
3920
4847
5630
6174
6380
6251
5950
5618
5305
5022
4774
4535
4275
4034
3908
3869
3778
3604
3502
3604
3875
4256
4751
5257
5510
5376
5034
4687
4271
3648
2908
2237
1634
978
285
-388
-1154
-2148
-3220
-4040
-4485
-4676
-4690
-4492
-4127
-3742
-3406
-3074
-2785
-2635
-2582
-2453
-2196
-1955
-1856
-1904
-2097
-2453
-2897
-3282
-3534
-3705
-3787
-3664
-3249
-2631
-1953
-1282
-643
-53
480
1020
1605
2195
2684
2993
3130
3080
2861
2504
2079
1658
1269
965
782
727
756
819
887
925
940
994
1144
1357
1555
1678
1692
1510
1109
582
44
-482
-1040
-1540
-1859
-1971
-1970
-1988
-2096
-2398
-2870
-3391
-3818
-4087
-4183
-4038
-3728
-3445
-3323
-3347
-3593
-4338
-5558
-6715
-7246
-7147
-6679
-5758
-4222
-2418
-1009
-104
708
1602
2357
2993
3905
5206
6487
7353
7814
7886
7386
6260
4856
3599
2630
2017
1834
1998
2172
2169
2167
2282
2384
2408
2650
3318
4174
4940
5680
6440
6795
6335
5284
4207
3237
2170
1090
327
-130
-662
-1389
-2061
-2595
-3203
-3884
-4247
-4048
-3476
-2795
-2045
-1277
-746
-616
-762
-1000
-1310
-1707
-2092
-2409
-2736
-3188
-3746
-4300
-4766
-5055
-5095
-4851
-4339
-3589
-2636
-1570
-532
351
1025
1516
1918
2309
2686
2910
2978
2873
2518
1905
1144
411
-224
-732
-999
-903
-519
-41
398
836
1268
1602
1836
2077
2395
2682
2802
2719
2457
1967
1256
431
-375
-1043
-1629
-2114
-2520
-2857
-3021
-3073
-3138
-3275
-3348
-3283
-3259
-3373
-3384
-3074
-2659
-2407
-2238
-1990
-2172
-3520
-5726
-7607
-8483
-8771
-8748
-7833
-5721
-3296
-1598
-442
871
2233
3041
3528
4564
6231
7757
8597
8933
8821
7930
6239
4350
2771
1523
692
487
810
1196
1510
2093
2909
3385
3475
3868
4887
5985
6647
7202
7945
8202
7337
5729
4294
3075
1509
-197
-1308
-1629
-1842
-2394
-2979
-3322
-3708
-4299
-4650
-4271
-3268
-2181
-1203
-321
292
364
-217
-1176
-2199
-3121
-3855
-4360
-4647
-4838
-5129
-5520
-5812
-5854
-5613
-5072
-4137
-2796
-1277
143
1356
2266
2713
2686
2453
2301
2236
2121
1991
1889
1671
1184
516
-40
-385
-569
-543
-167
549
1360
2070
2619
3023
3170
3071
2872
2688
2501
2200
1835
1413
929
304
-381
-1001
-1512
-1891
-2214
-2467
-2767
-3099
-3430
-3729
-3984
-4198
-4209
-3930
-3357
-2714
-2168
-1934
-2405
-3951
-6347
-8575
-9758
-9936
-9483
-8283
-6072
-3418
-1421
-294
618
1670
2438
2903
3825
5665
7709
8996
9343
8961
7739
5615
3197
1229
58
-416
-194
584
1532
2356
3092
3814
4237
4389
4784
5871
7251
8308
9053
9566
9434
8074
5855
3706
1975
387
-1145
-2039
-2127
-1947
-2070
-2408
-2641
-2875
-3255
-3439
-2827
-1463
7
1070
1735
1899
1340
-17
-1731
-3317
-4609
-5551
-6129
-6247
-6199
-6272
-6536
-6688
-6392
-5654
-4591
-3227
-1543
193
1595
2491
2927
2910
2410
1598
896
455
159
-105
-279
-391
-639
-1023
-1276
-1195
-850
-300
510
1536
2445
3026
3329
3522
3474
3091
2527
2101
1830
1489
1036
569
192
-225
-617
-906
-1056
-1317
-1802
-2451
-3085
-3602
-3926
-3888
-3461
-2740
-2003
-1380
-1118
-1641
-3395
-6128
-8799
-10425
-10861
-10432
-9035
-6493
-3456
-1153
21
758
1585
2210
2483
3122
4716
6698
8043
8452
8188
7171
5128
2339
-277
-1957
-2455
-1854
-487
1164
2704
4051
5112
5634
5686
5759
6256
7049
7834
8625
9413
9615
8552
6419
4009
1860
-154
-1930
-2940
-2878
-2183
-1494
-985
-618
-469
-663
-920
-754
-16
1055
2128
2978
3360
2914
1556
-516
-2796
-4827
-6320
-7236
-7582
-7432
-7098
-6774
-6362
-5628
-4657
-3661
-2555
-1107
570
2011
2908
3296
3156
2394
1144
-192
-1221
-1976
-2585
-2867
-2710
-2353
-2041
-1758
-1235
-514
284
1095
1945
2729
3273
3629
3800
3733
3304
2582
1879
1356
926
470
-56
-524
-1050
-1540
-2024
-2417
-2847
-3425
-3906
-4224
-4173
-3968
-3385
-2427
-1298
-395
27
-177
-1691
-4486
-7666
-9691
-10300
-10069
-9087
-6891
-3676
-992
329
869
1553
2177
2344
2740
4178
6269
7839
8435
8313
7402
5385
2500
-305
-2336
-3289
-2982
-1509
558
2507
4194
5635
6497
6497
6140
6274
7048
7783
8282
8851
9236
8590
6594
3999
1637
-461
-2426
-3754
-3887
-3020
-1951
-1088
-476
-150
-225
-452
-362
204
1019
1816
2519
2874
2554
1470
-154
-2084
-4123
-5948
-7039
-7319
-7214
-7023
-6596
-5626
-4309
-3103
-2031
-801
635
1937
2836
3410
3644
3271
2214
868
-346
-1379
-2340
-3129
-3441
-3269
-2894
-2472
-1993
-1316
-492
313
1100
1855
2528
3023
3244
3282
3125
2712
2067
1302
589
7
-472
-917
-1337
-1678
-1999
-2466
-3098
-3798
-4364
-4854
-5227
-5131
-4306
-3026
-1923
-1182
-933
-1778
-4122
-7267
-9624
-10477
-10241
-9140
-6749
-3135
299
2409
3306
3811
3949
3439
2938
3400
4945
6501
7410
7703
7311
5783
3097
208
-1989
-3145
-3150
-1913
365
2932
5216
7031
8156
8295
7639
7102
7091
7293
7422
7643
7919
7466
5799
3378
1047
-1057
-3074
-4557
-4694
-3462
-1843
-583
322
1006
1152
619
-20
-18
584
1174
1504
1650
1530
670
-890
-2686
-4325
-5740
-6904
-7321
-7012
-6353
-5611
-4577
-3122
-1555
-172
1031
2238
3232
3765
3856
3748
3354
2351
834
-636
-1679
-2501
-3213
-3577
-3266
-2649
-1999
-1331
-315
898
1690
1955
1998
2286
2455
2338
2069
2012
2053
1703
1074
445
70
-412
-1211
-2012
-2675
-3248
-4123
-4971
-5474
-5584
-5613
-5643
-5120
-3987
-2434
-1228
-780
-1720
-4151
-7247
-9722
-10792
-10799
-9714
-7367
-3962
-850
1014
2028
2878
3435
3202
2961
3698
5328
6804
7593
8124
8189
7042
4469
1535
-618
-1746
-1803
-899
857
2894
4914
6809
8161
8600
8280
7979
7992
8078
8114
8240
8320
7631
5860
3517
1258
-849
-2921
-4413
-4668
-3758
-2420
-1180
-76
743
917
466
-123
-216
118
569
997
1357
1394
761
-389
-1873
-3647
-6146
-8792
-10535
-10879
-9999
-8403
-5638
-2028
1450
3711
4925
5661
5853
5353
4466
4095
3809
2910
1274
-515
-1951
-3539
-5144
-6064
-5838
-4716
-3212
-1153
1240
3403
4553
5067
5449
5578
5199
4194
3343
2486
1507
367
-466
-921
-1460
-2207
-3027
-3577
-4235
-4920
-5454
-5390
-4888
-4298
-3651
-2943
-2225
-2006
-2725
-4691
-7430
-10057
-11629
-11903
-11060
-9092
-6056
-2631
-4
1411
2169
2928
3455
3550
3693
4485
5714
6554
6701
6297
5317
3454
993
-1258
-2459
-2405
-1330
469
2563
4554
6242
7492
8242
8551
8709
9056
9513
9754
9659
9284
8409
6711
4147
1401
-874
-2503
-3465
-3617
-2875
-1652
-541
241
882
1259
1189
874
840
1365
2056
2382
2196
1486
148
-1830
-4035
-5771
-6670
-6966
-6870
-6415
-5732
-5044
-4480
-3713
-2523
-1206
-91
982
2195
3298
3808
3509
2643
1340
-152
-1469
-2268
-2520
-2414
-2103
-1514
-836
-368
-143
-74
137
310
503
757
1268
1881
2262
2477
2390
2052
1253
478
-41
-287
-463
-932
-1439
-2259
-3285
-4360
-5304
-5901
-6214
-6023
-5462
-4464
-3058
-1519
-969
-2770
-6167
-9384
-10848
-11065
-10604
-8691
-5205
-1436
645
1231
1610
2243
2446
2308
2986
4660
6539
7539
7717
7404
6196
4000
1191
-1259
-2596
-2405
-829
1246
3037
4312
5481
6271
6361
6100
6357
7444
8588
9284
9722
10089
9558
7468
4411
1682
-217
-1713
-2811
-2934
-2030
-952
-494
-647
-1002
-1458
-1901
-1808
-732
1087
2860
3897
3968
2973
944
-1708
-4298
-6138
-6939
-6629
-5543
-4234
-3341
-3121
-3322
-3490
-3184
-2402
-1124
498
2356
3962
4818
4692
3594
1876
-135
-1745
-2589
-2591
-2062
-1312
-487
99
229
-196
-728
-1009
-771
-27
937
1891
2561
2707
2294
1507
752
35
-604
-1135
-1247
-1101
-1408
-2326
-3762
-4915
-6015
-6725
-6888
-6098
-4666
-3037
-1440
-702
-1575
-4590
-8229
-10927
-11966
-11769
-10380
-7417
-3657
-775
305
492
850
1329
1678
2424
4412
6975
8833
9409
9072
7976
5795
2793
-115
-1906
-2215
-1056
870
2585
3616
4163
4622
4834
4866
5441
7010
8938
10207
10659
10680
10155
8351
5447
2570
542
-773
-1803
-2300
-1955
-1199
-951
-1528
-2586
-3428
-3698
-3222
-1895
60
2203
3767
4242
3395
1680
-551
-2763
-4660
-5729
-5640
-4777
-3789
-3417
-3608
-4135
-4519
-4456
-3545
-1906
19
1837
3178
4085
4261
3661
2446
1106
192
-158
-18
355
833
1127
905
46
-1177
-2053
-2341
-2030
-1284
-225
1077
2034
2357
1912
1251
750
642
744
855
976
700
-1
-1344
-2923
-4538
-5938
-6813
-6953
-6199
-4841
-3264
-2628
-3932
-7200
-10712
-12555
-12526
-11326
-9123
-5488
-1268
1565
2120
1483
1057
991
1156
2042
4159
6677
8011
7726
6334
4382
1938
-656
-2493
-2796
-1391
1218
3961
5657
6060
5829
5555
5162
4761
5227
7077
9356
10652
10772
10293
9119
6595
3221
655
-313
-437
-456
-250
414
884
411
-788
-2147
-3077
-3355
-2741
-1196
638
2104
2721
2342
1092
-496
-1870
-2871
-3584
-3918
-3619
-3009
-2690
-3056
-3879
-4611
-4815
-4310
-3162
-1715
-331
740
1386
1684
1679
1433
1048
819
893
1252
1565
1658
1588
1316
786
-9
-793
-1200
-1054
-666
-229
136
261
94
-372
-714
-566
115
1068
1692
1659
1200
418
-590
-2138
-3959
-5150
-5413
-4986
-4401
-3664
-2671
-1589
-1739
-4158
-8186
-11761
-12850
-12016
-10407
-8210
-4879
-1251
471
-151
-1186
-755
494
1723
3340
6136
9170
10102
8686
6272
3949
1722
-537
-2107
-2050
-271
2143
3767
3876
3327
3401
4074
4407
4598
6007
8731
10850
10927
9865
8966
7851
5472
2648
1227
1374
1496
683
-237
-604
-1001
-2143
-3536
-4048
-3526
-2514
-1286
82
1178
1526
966
-208
-1410
-2141
-2195
-1960
-1975
-2394
-2749
-2910
-3245
-3767
-3983
-3564
-2779
-1997
-1179
-178
391
283
-79
-142
248
585
747
991
1529
1977
1912
1399
1039
999
792
241
-273
-403
-222
205
688
1091
1070
668
423
388
416
311
474
1004
1171
328
-1083
-2182
-3145
-4013
-4695
-4630
-3865
-3093
-2149
-1359
-2211
-5884
-10712
-13448
-13046
-11469
-9957
-7370
-3710
-1079
-1027
-2108
-1734
-99
1346
2730
5056
8031
9747
9225
7345
5173
3067
1273
47
-527
-193
1006
2179
1999
568
-15
1412
3561
5122
6718
9200
11241
10960
9150
8089
8019
7282
5557
4324
4285
4024
2386
253
-1242
-2278
-3437
-4342
-4144
-3034
-2153
-1881
-1781
-1548
-1185
-936
-603
143
1140
2055
2356
1694
136
-1808
-3370
-4136
-4268
-4151
-3985
-3797
-3462
-2959
-2536
-2294
-2201
-1851
-914
370
1482
1977
2067
2064
1874
1313
792
849
1298
1404
812
143
-278
-964
-1927
-2369
-1639
-401
43
-59
255
1017
1510
1409
1593
1985
1515
12
-1502
-2313
-2954
-3720
-4168
-3882
-3272
-2660
-1703
-1485
-3614
-8007
-11934
-12755
-11413
-9906
-8487
-6035
-3338
-2259
-2660
-2361
-354
1794
3421
5402
7939
9483
8627
6377
4307
2974
2102
1502
989
609
732
1222
1245
41
-1141
-468
1832
4244
6251
8399
10356
10559
9059
7894
8272
8781
8144
7049
6443
5725
3559
536
-1829
-3133
-3957
-4517
-4160
-3146
-2628
-2912
-3120
-2781
-2325
-1844
-1314
-505
300
926
1444
1466
721
-440
-1514
-2089
-2358
-2628
-2895
-3354
-3840
-3995
-3571
-2855
-2270
-1777
-997
52
927
1189
1015
1034
1314
1529
1681
2114
2638
2626
1875
1018
504
-163
-897
-1185
-750
-113
-283
-787
-1027
-767
-289
29
612
1138
1062
188
-955
-1699
-2071
-2201
-2231
-1944
-1460
-794
-302
-1650
-5584
-10481
-12992
-12206
-10600
-9542
-8141
-5748
-4166
-4765
-5736
-4355
-925
2260
4628
7034
9449
10053
8277
5821
4214
3853
3811
3398
2585
1846
1458
677
-1035
-2687
-2217
399
3096
4799
6338
8231
8809
7256
5956
7041
9313
10042
9189
8594
8193
6397
3116
380
-727
-1087
-1689
-2202
-2278
-2620
-3719
-5071
-5501
-4648
-3078
-1685
-726
-115
160
-426
-2173
-3703
-4048
-2995
-1655
-919
-407
-484
-1392
-2904
-3826
-3181
-1472
65
753
884
576
-126
-1358
-2313
-1917
-383
1451
2453
2430
1997
1371
595
205
629
1837
2745
2600
1989
1408
682
-624
-1823
-1668
-170
1476
1952
1262
-84
-1457
-2323
-2924
-2772
-2082
-1307
-848
-1016
-869
-677
-2350
-6404
-10982
-12711
-11027
-8829
-7969
-7424
-6378
-5792
-6665
-7524
-5698
-1680
2047
4590
6384
7641
7476
5527
3784
3841
5437
7046
7053
5294
3167
1509
50
-1438
-2086
-575
2182
3891
4428
5108
6186
6180
4811
4473
6666
9384
10249
9474
8589
7634
5720
3533
2683
2921
2719
1502
-120
-1545
-3071
-4594
-5305
-4880
-3841
-2877
-2341
-2453
-3103
-3636
-3312
-2248
-1146
-58
844
1271
788
-419
-1433
-2217
-2808
-2841
-1817
-544
-568
-2172
-3870
-4217
-3485
-2431
-1315
-167
704
903
767
674
596
611
875
1594
2361
2456
1728
579
-456
-1121
-1446
-1529
-1150
-583
-138
375
707
955
497
-563
-1221
-1404
-1065
-1004
-998
-866
-1196
-1663
-1660
-739
-932
-3948
-8304
-10779
-9699
-7645
-6831
-6761
-6350
-5998
-6810
-7521
-6110
-2567
899
3224
4925
6199
6575
5451
4137
4200
5823
7744
8022
6289
4008
2650
1870
618
-488
120
2278
3667
3381
3023
3529
3933
3466
3745
5984
8460
8900
7523
6360
5911
5329
4619
4601
5016
4481
2771
763
-911
-2518
-4066
-4716
-4388
-3783
-3707
-4247
-5000
-5663
-5678
-4619
-2791
-1150
-246
89
176
109
-62
-91
-123
-248
-129
317
514
-391
-2198
-3442
-3394
-2617
-1902
-1382
-885
-692
-950
-1091
-578
136
499
916
1912
2874
2736
1608
551
206
122
-33
20
228
315
115
-77
52
47
-635
-1548
-2075
-2160
-2118
-2195
-1978
-1718
-1712
-1508
-497
-95
-2470
-6843
-10149
-9659
-7385
-6349
-6493
-6637
-6394
-6965
-7850
-6845
-3540
-50
2022
3183
4243
5136
5077
4418
4613
6060
8037
8788
7219
4512
2750
2567
2696
2446
2670
3544
3459
1957
1082
2240
3979
4261
3894
5048
6999
7465
6116
4905
5075
5640
5786
5898
5973
5068
3110
1027
-217
-960
-1804
-2577
-2878
-2875
-3083
-3888
-5131
-6056
-6043
-4879
-3499
-2721
-2477
-2189
-1725
-1345
-925
-307
51
-315
-664
-190
613
463
-768
-1794
-1851
-1504
-1416
-1581
-1738
-1850
-1907
-1639
-1066
-870
-1115
-912
51
1217
1630
1457
1339
1105
719
520
925
1250
1001
477
478
815
471
-465
-1615
-2283
-2535
-2496
-2211
-2157
-2409
-2470
-1626
-88
-202
-3262
-7419
-9323
-7657
-5461
-5072
-5992
-6620
-7104
-8130
-8317
-6140
-2539
-196
597
1494
2927
3993
4078
4270
5628
7579
8988
8614
6507
4142
3245
3659
4077
3999
3894
3751
2660
1225
1373
3117
4300
4040
3974
5341
6492
5918
4833
5009
5935
6171
5824
5773
5616
4318
2466
1317
950
427
-726
-1982
-2908
-3480
-3778
-3946
-4429
-5159
-5462
-5014
-4278
-4008
-3933
-3438
-2666
-1989
-1550
-1258
-1171
-1364
-1174
-194
716
623
-473
-1533
-1770
-1370
-724
-264
-380
-968
-1452
-1490
-1320
-1443
-1594
-1174
-240
482
482
234
170
145
165
491
1005
1154
603
230
660
1339
1557
777
-401
-1242
-1814
-1988
-2016
-2156
-2268
-2179
-1347
-374
-1535
-5072
-8440
-8929
-6911
-5732
-6470
-7250
-7258
-7481
-7963
-7065
-4014
-990
-5
198
1248
2761
3733
4108
4999
6639
7954
8091
6968
5334
4622
5019
5278
4744
3993
3785
3437
2256
1707
3028
4641
4529
3368
3424
4764
5429
5088
5418
6688
7290
6539
5746
5498
4958
3755
2793
2793
2610
1370
-408
-1819
-2442
-2593
-2602
-2886
-3817
-4837
-5169
-4972
-4874
-4794
-4305
-3482
-2958
-2805
-2496
-2207
-2334
-2408
-1706
-407
341
93
-450
-802
-864
-790
-594
-531
-801
-1006
-857
-718
-1231
-1979
-2177
-1826
-1485
-1385
-1127
-807
-822
-874
-519
-52
-4
-303
-189
544
1006
886
480
78
-242
-555
-687
-557
-639
-1142
-1621
-1442
-716
-1200
-3821
-6916
-7901
-6556
-5858
-7055
-8378
-8393
-7920
-8044
-7395
-5010
-2403
-1363
-1033
365
2380
3773
4340
5271
6914
8168
8362
7398
6143
5686
6166
6538
5788
4571
3919
3663
3107
2850
3850
5000
4578
3121
2767
3960
4857
4697
4771
5627
6138
5553
4806
4637
4454
3767
3094
2968
2667
1766
745
6
-632
-1446
-2050
-2205
-2590
-3528
-4250
-4382
-4396
-4763
-5156
-4846
-4158
-3742
-3505
-3280
-3082
-2880
-2364
-1491
-885
-912
-949
-526
2
238
260
96
-297
-728
-663
-182
-174
-960
-1687
-1785
-1535
-1363
-1252
-1015
-1014
-1414
-1580
-1338
-1003
-817
-633
-285
104
125
-71
-165
-354
-486
-678
-799
-577
-553
-801
-862
-440
-546
-2365
-5212
-6730
-5898
-5178
-6317
-8047
-8621
-8077
-7886
-7600
-6004
-3865
-2782
-2393
-984
1264
3047
3782
4423
5880
7139
7629
7306
6656
6603
7169
7535
6896
5553
4571
4327
4086
3802
4261
5034
4795
3670
3193
3973
4683
4452
4339
5037
5654
5416
4887
4897
4830
4053
3187
2883
2638
1917
1116
731
385
-386
-1221
-1721
-2203
-2926
-3598
-3888
-4091
-4552
-5027
-4959
-4530
-4231
-4138
-4012
-3764
-3580
-3247
-2572
-1991
-1937
-2070
-1686
-930
-364
-107
-106
-312
-702
-750
-376
-145
-314
-623
-692
-674
-809
-1178
-1412
-1428
-1283
-1077
-973
-947
-1068
-1334
-1429
-1142
-758
-770
-1064
-1088
-529
110
354
251
144
252
600
738
-497
-2786
-4544
-4503
-3860
-4897
-7167
-8561
-8626
-8412
-8210
-7094
-5343
-4468
-4550
-3594
-1203
1100
2363
3248
4643
5940
6512
6776
7049
7254
7512
7782
7605
6676
5692
5242
4905
4229
3894
4483
4930
4459
3734
3779
4231
4146
3881
4125
4557
4593
4433
4541
4647
4231
3480
2957
2619
2255
1862
1546
1090
367
-338
-691
-935
-1497
-2214
-2732
-3059
-3531
-4105
-4403
-4370
-4308
-4319
-4297
-4120
-3854
-3519
-3032
-2555
-2353
-2328
-2188
-1704
-1047
-517
-256
-234
-416
-588
-594
-449
-324
-291
-325
-410
-636
-1045
-1414
-1711
-1867
-1853
-1767
-1832
-2078
-2188
-1915
-1467
-1287
-1325
-1377
-1400
-1446
-1209
-509
122
385
557
1048
882
-806
-2615
-2783
-1886
-2489
-5154
-7407
-7755
-7392
-7744
-7760
-6581
-5428
-5422
-5442
-3835
-1558
-226
579
2126
4286
5698
6183
6590
7211
7760
8075
8179
7800
7225
6951
6880
6487
5673
4996
4568
4049
3620
3669
3800
3463
3083
3417
4147
4334
4107
4279
4758
4779
4314
4029
3844
3262
2503
2281
2329
1775
675
-207
-633
-1143
-1828
-2424
-3005
-3713
-4181
-4194
-4043
-4211
-4468
-4419
-4324
-4431
-4312
-3589
-2678
-2461
-2753
-2757
-2249
-1754
-1534
-1381
-1274
-1236
-1154
-738
-223
-192
-556
-779
-635
-350
-309
-425
-661
-997
-1357
-1486
-1488
-1537
-1776
-1989
-1915
-1839
-1989
-2083
-2039
-1847
-1690
-1386
-791
-238
22
421
854
267
-1195
-2030
-1505
-1209
-2937
-5275
-6083
-5915
-6361
-7190
-7000
-6025
-5589
-5566
-4499
-2819
-1936
-1463
-217
1769
3414
4388
5471
6572
7168
7596
8084
8020
7436
7297
7826
8071
7240
6210
5875
5597
4878
4266
4004
3648
3045
2810
3167
3283
2809
2772
3470
3959
3762
3481
3531
3402
2896
2759
3183
3037
1944
999
817
685
-82
-1115
-1841
-2591
-3506
-4009
-4052
-4148
-4637
-5041
-4959
-4838
-4986
-4873
-4309
-3761
-3490
-3188
-2499
-1782
-1552
-1623
-1572
-1339
-1105
-961
-776
-560
-419
-450
-366
-254
-380
-573
-722
-794
-918
-1105
-1184
-1318
-1650
-1793
-1664
-1643
-1932
-2187
-2115
-1968
-2026
-1994
-1507
-949
-478
96
538
-42
-1355
-2042
-1252
-641
-1921
-4081
-5044
-4794
-4852
-5620
-5879
-5445
-5293
-5476
-4846
-3340
-2170
-1724
-1176
170
1662
2663
3536
4559
5600
6460
7014
7118
6979
7265
8009
8474
8130
7573
7331
6966
6281
5654
5209
4584
3695
3224
3219
3050
2527
2341
2635
2769
2628
2665
2939
2869
2398
2336
2756
2789
2167
1561
1448
1276
505
-456
-1066
-1490
-2107
-2878
-3573
-4137
-4486
-4578
-4544
-4637
-4802
-4729
-4438
-4108
-3772
-3275
-2770
-2457
-2256
-1992
-1756
-1623
-1462
-1166
-1002
-1180
-1391
-1222
-821
-673
-849
-1091
-1236
-1352
-1399
-1271
-1082
-1237
-1549
-1784
-1920
-2020
-2167
-2153
-2067
-2166
-2111
-1706
-1108
-702
-525
-113
-108
-808
-1585
-1385
-816
-1644
-3708
-4866
-4385
-3815
-4484
-5236
-4942
-4296
-4331
-4377
-3427
-2215
-1569
-1085
108
1589
2394
2813
3560
4533
5206
5604
5996
6291
6652
7269
7795
7683
7092
7084
7483
7429
6838
6276
5824
4963
4039
3914
4209
3846
2948
2589
2890
2898
2453
2212
2331
2283
2008
2024
2276
2228
1853
1501
1230
677
-54
-634
-1174
-1710
-2189
-2387
-2656
-3319
-4075
-4496
-4536
-4563
-4617
-4602
-4497
-4412
-4263
-3770
-3083
-2631
-2570
-2589
-2413
-1972
-1419
-1079
-1060
-1276
-1323
-1036
-841
-933
-1104
-1196
-1324
-1616
-1767
-1676
-1600
-1702
-1790
-1735
-1844
-2106
-2262
-2153
-1984
-1852
-1620
-1097
-524
-18
271
-33
-756
-1236
-894
-592
-1571
-3422
-4362
-4063
-3902
-4648
-5123
-4703
-4244
-4353
-4042
-2736
-1674
-1559
-1413
-280
1255
2191
2813
3701
4519
4926
5203
5596
5835
6102
6616
7064
7014
6749
6986
7402
7257
6755
6440
6143
5487
4837
4744
4853
4471
3812
3510
3434
3083
2688
2657
2751
2447
1965
1704
1536
1199
918
937
787
171
-582
-971
-1235
-1770
-2291
-2538
-2730
-3209
-3729
-3848
-3839
-4063
-4325
-4339
-4220
-4246
-4248
-3938
-3347
-2911
-2826
-2806
-2639
-2288
-1922
-1688
-1539
-1452
-1356
-1209
-1089
-1070
-1204
-1322
-1397
-1374
-1311
-1366
-1657
-2054
-2183
-1987
-1831
-1927
-2166
-2220
-2021
-1636
-1235
-911
-651
-222
135
-24
-602
-862
-701
-1105
-2425
-3572
-3565
-3278
-3780
-4565
-4491
-3910
-3770
-3915
-3368
-2349
-1762
-1457
-651
545
1353
1818
2605
3671
4399
4767
5143
5542
5813
6151
6596
6779
6587
6470
6643
6654
6301
6019
5930
5691
5142
4704
4589
4444
4149
4050
4146
3972
3416
2973
2900
2793
2473
2190
2097
1752
1142
655
468
225
-292
-847
-1227
-1632
-2130
-2465
-2655
-2912
-3354
-3698
-3913
-4044
-4114
-3995
-3860
-3969
-4039
-3713
-3176
-2919
-2943
-2865
-2517
-2127
-1830
-1604
-1559
-1743
-1854
-1599
-1167
-939
-985
-1161
-1314
-1434
-1507
-1472
-1474
-1541
-1651
-1821
-1972
-2105
-2148
-2172
-2073
-1855
-1450
-1036
-789
-574
-480
-695
-1041
-1120
-842
-998
-2106
-3377
-3785
-3584
-3713
-4137
-4197
-3747
-3474
-3451
-3001
-2185
-1606
-1343
-794
265
1213
1745
2316
3145
3899
4380
4801
5268
5677
5969
6287
6617
6747
6771
6855
6894
6691
6269
5855
5543
5260
5024
4817
4601
4337
4104
3986
3902
3820
3686
3410
2974
2549
2286
2092
1788
1399
1079
791
335
-222
-725
-1157
-1673
-2300
-2811
-3135
-3444
-3855
-4185
-4315
-4353
-4481
-4575
-4530
-4408
-4325
-4166
-3785
-3346
-3082
-3005
-2874
-2581
-2252
-2051
-1968
-1904
-1746
-1549
-1388
-1347
-1371
-1376
-1355
-1271
-1110
-959
-1025
-1303
-1524
-1479
-1345
-1385
-1558
-1563
-1414
-1287
-1172
-914
-537
-290
-269
-363
-497
-709
-1013
-1512
-2175
-2781
-3031
-3080
-3306
-3689
-3801
-3560
-3289
-3073
-2589
-1875
-1379
-1122
-636
258
1086
1616
2170
2896
3496
3849
4267
4946
5533
5831
5978
6155
6313
6366
6414
6426
6298
6036
5748
5461
5145
4853
4658
4428
4150
3961
3984
4026
3849
3521
3212
2958
2669
2408
2196
1937
1526
1037
566
161
-264
-721
-1231
-1761
-2242
-2621
-2891
-3150
-3461
-3789
-4044
-4191
-4304
-4384
-4359
-4233
-4141
-4154
-4081
-3767
-3383
-3142
-3010
-2813
-2543
-2302
-2090
-1868
-1684
-1616
-1555
-1435
-1314
-1295
-1348
-1426
-1499
-1566
-1557
-1466
-1392
-1415
-1539
-1716
-1855
-1827
-1632
-1364
-1109
-813
-489
-263
-254
-313
-329
-389
-670
-1143
-1627
-1979
-2220
-2417
-2618
-2830
-2939
-2830
-2534
-2180
-1821
-1496
-1205
-903
-423
271
971
1415
1694
2039
2530
3059
3571
4064
4495
4792
5038
5390
5838
6185
6258
6090
5850
5693
5584
5436
5216
4990
4778
4533
4217
3963
3858
3753
3490
3089
2777
2635
2516
2303
2046
1781
1461
1085
742
477
183
-233
-716
-1157
-1533
-1851
-2174
-2543
-2949
-3321
-3571
-3777
-3970
-4090
-4133
-4147
-4212
-4180
-3956
-3662
-3454
-3313
-3097
-2821
-2589
-2420
-2214
-1957
-1725
-1578
-1495
-1460
-1435
-1420
-1383
-1295
-1207
-1134
-1157
-1251
-1289
-1230
-1195
-1302
-1441
-1424
-1255
-1076
-941
-768
-550
-399
-341
-293
-334
-631
-1149
-1651
-2008
-2313
-2526
-2574
-2574
-2743
-2929
-2857
-2521
-2237
-2065
-1844
-1510
-1161
-756
-197
425
902
1220
1609
2138
2700
3189
3644
4067
4422
4754
5178
5618
5881
5914
5849
5787
5715
5625
5521
5353
5089
4826
4646
4507
4296
4004
3698
3414
3162
2955
2775
2569
2336
2095
1848
1559
1245
947
645
260
-226
-705
-1089
-1421
-1756
-2118
-2472
-2820
-3192
-3519
-3726
-3850
-3998
-4131
-4149
-4046
-3908
-3762
-3586
-3416
-3268
-3117
-2936
-2769
-2636
-2469
-2227
-1950
-1694
-1468
-1262
-1120
-1061
-1039
-1026
-1026
-1088
-1171
-1187
-1115
-1026
-998
-1017
-1027
-1032
-1021
-960
-772
-504
-285
-181
-135
-61
5
-76
-371
-837
-1347
-1774
-2077
-2234
-2348
-2485
-2656
-2734
-2626
-2389
-2156
-1971
-1793
-1527
-1158
-690
-169
339
797
1189
1580
2008
2475
2899
3230
3511
3833
4206
4588
4917
5174
5292
5277
5223
5197
5171
5063
4881
4680
4495
4367
4297
4203
3973
3609
3270
3036
2864
2661
2394
2108
1814
1558
1325
1088
799
461
76
-329
-721
-1042
-1322
-1636
-1999
-2351
-2628
-2883
-3137
-3380
-3571
-3732
-3842
-3856
-3749
-3560
-3384
-3246
-3148
-3029
-2886
-2701
-2497
-2298
-2113
-1926
-1692
-1423
-1172
-1035
-1011
-1029
-1021
-985
-951
-918
-905
-917
-959
-984
-982
-961
-928
-894
-870
-863
-780
-593
-392
-232
-107
-61
-106
-215
-357
-596
-976
-1382
-1708
-1983
-2294
-2555
-2631
-2571
-2517
-2456
-2307
-2092
-1871
-1595
-1205
-786
-432
-72
396
902
1354
1747
2128
2489
2851
3252
3663
3999
4241
4455
4616
4707
4759
4819
4819
4716
4563
4458
4358
4222
4106
4053
3973
3776
3534
3357
3260
3145
3006
2843
2635
2360
2093
1864
1639
1309
882
437
22
-380
-765
-1136
-1523
-1931
-2322
-2623
-2847
-3046
-3257
-3450
-3621
-3745
-3758
-3696
-3608
-3524
-3445
-3337
-3200
-3021
-2798
-2561
-2359
-2199
-2038
-1814
-1550
-1319
-1155
-1058
-1002
-949
-881
-819
-788
-798
-819
-862
-923
-951
-919
-877
-879
-902
-890
-801
-643
-449
-261
-155
-141
-153
-130
-97
-148
-357
-676
-1004
-1280
-1505
-1716
-1922
-2093
-2221
-2314
-2331
-2224
-2005
-1762
-1536
-1277
-948
-577
-190
230
683
1131
1536
1896
2237
2591
2947
3278
3574
3854
4124
4337
4457
4518
4555
4552
4483
4338
4159
3979
3821
3695
3596
3500
3387
3250
3099
2960
2835
2678
2488
2292
2115
1943
1719
1442
1158
877
562
190
-211
-611
-1014
-1399
-1723
-1968
-2205
-2474
-2755
-3001
-3160
-3240
-3303
-3368
-3398
-3372
-3270
-3115
-2941
-2754
-2555
-2384
-2238
-2067
-1864
-1675
-1549
-1459
-1372
-1278
-1169
-1048
-962
-931
-947
-967
-941
-891
-880
-913
-937
-928
-878
-824
-777
-725
-648
-542
-398
-251
-131
-22
61
112
104
24
-120
-331
-587
-847
-1092
-1332
-1583
-1787
-1920
-1997
-2042
-2034
-1954
-1828
-1658
-1423
-1102
-739
-388
-65
269
630
1014
1396
1757
2075
2372
2668
2968
3257
3519
3721
3831
3866
3904
3952
3937
3830
3697
3600
3515
3406
3281
3182
3079
2957
2835
2746
2661
2533
2360
2192
2037
1875
1703
1501
1267
1022
756
463
158
-161
-470
-765
-1063
-1368
-1661
-1938
-2174
-2385
-2560
-2702
-2824
-2901
-2872
-2771
-2648
-2532
-2418
-2275
-2125
-1964
-1820
-1685
-1586
-1515
-1455
-1396
-1338
-1293
-1269
-1256
-1271
-1298
-1307
-1297
-1292
-1297
-1304
-1315
-1324
-1327
-1302
-1232
-1129
-1019
-901
-771
-621
-448
-257
-99
-5
5
-40
-104
-192
-326
-503
-706
-924
-1133
-1285
-1365
-1426
-1514
-1589
-1590
-1526
-1435
-1314
-1137
-923
-683
-401
-58
304
646
976
1301
1619
1923
2226
2531
2814
3044
3211
3329
3438
3545
3612
3578
3463
3331
3243
3185
3135
3073
2982
2861
2752
2695
2665
2586
2433
2257
2115
2017
1920
1788
1616
1422
1221
1021
810
565
279
-10
-284
-539
-790
-1057
-1323
-1575
-1795
-1994
-2175
-2345
-2488
-2597
-2652
-2635
-2566
-2476
-2374
-2245
-2099
-1950
-1804
-1665
-1537
-1438
-1353
-1269
-1189
-1137
-1117
-1106
-1092
-1085
-1112
-1159
-1207
-1242
-1256
-1270
-1296
-1319
-1307
-1261
-1199
-1114
-1001
-865
-742
-618
-488
-374
-313
-300
-306
-331
-401
-535
-678
-799
-899
-986
-1070
-1152
-1219
-1263
-1243
-1161
-1069
-986
-902
-781
-593
-352
-96
152
396
639
909
1208
1516
1803
2066
2301
2517
2714
2884
3027
3141
3212
3221
3190
3163
3153
3139
3098
3014
2902
2804
2738
2680
2606
2492
2338
2169
2041
1971
1912
1809
1659
1505
1358
1226
1096
943
730
449
134
-148
-380
-609
-871
-1169
-1451
-1686
-1875
-2041
-2188
-2309
-2396
-2450
-2471
-2440
-2364
-2277
-2201
-2136
-2049
-1938
-1839
-1764
-1701
-1634
-1572
-1512
-1459
-1407
-1351
-1303
-1289
-1293
-1307
-1329
-1353
-1371
-1371
-1360
-1335
-1286
-1203
-1093
-965
-836
-707
-567
-413
-247
-102
-2
63
100
131
128
76
-10
-127
-262
-397
-496
-582
-668
-747
-791
-782
-749
-705
-644
-554
-430
-276
-105
80
275
496
735
987
1233
1447
1634
1805
1974
2143
2288
2384
2430
2440
2459
2504
2557
2583
2560
2509
2463
2438
2424
2405
2368
2301
2214
2141
2084
2038
1978
1889
1766
1635
1513
1387
1242
1074
877
663
449
245
28
-204
-468
-746
-985
-1185
-1361
-1538
-1715
-1867
-1981
-2046
-2068
-2066
-2064
-2070
-2067
-2017
-1931
-1829
-1749
-1700
-1657
-1618
-1562
-1494
-1425
-1378
-1358
-1349
-1327
-1282
-1238
-1216
-1224
-1242
-1252
-1250
-1236
-1212
-1177
-1135
-1085
-1019
-914
-785
-661
-549
-441
-336
-254
-193
-151
-117
-100
-112
-151
-211
-273
-328
-364
-392
-422
-459
-477
-452
-394
-317
-237
-153
-46
92
251
409
552
695
855
1020
1187
1353
1516
1664
1784
1884
1986
2085
2161
2205
2233
2251
2255
2255
2267
2281
2278
2244
2182
2111
2053
2004
1949
1885
1809
1720
1634
1542
1453
1371
1280
1161
1013
839
643
449
263
81
-116
-334
-565
-781
-966
-1113
-1250
-1389
-1519
-1624
-1678
-1686
-1674
-1672
-1679
-1679
-1662
-1618
-1558
-1509
-1493
-1493
-1485
-1451
-1407
-1372
-1362
-1380
-1400
-1412
-1423
-1430
-1426
-1423
-1422
-1417
-1394
-1352
-1301
-1250
-1197
-1119
-1017
-902
-784
-657
-531
-419
-318
-220
-127
-50
-1
16
10
-15
-43
-72
-101
-141
-203
-266
-321
-345
-341
-314
-287
-268
-226
-151
-33
105
234
350
471
605
743
886
1031
1153
1254
1341
1421
1498
1572
1634
1681
1721
1769
1817
1857
1883
1918
1958
1989
2008
2009
2016
2027
2034
2022
1998
1959
1914
1872
1822
1764
1675
1553
1409
1284
1173
1055
897
701
486
268
66
-122
-306
-508
-724
-943
-1132
-1270
-1367
-1446
-1525
-1604
-1668
-1705
-1710
-1693
-1673
-1668
-1683
-1703
-1713
-1700
-1689
-1695
-1721
-1753
-1774
-1776
-1763
-1749
-1738
-1737
-1730
-1696
-1626
-1538
-1456
-1387
-1317
-1218
-1091
-949
-812
-682
-561
-440
-318
-193
-75
29
111
176
234
267
267
248
220
184
137
76
11
-42
-75
-92
-102
-99
-83
-38
21
94
176
269
370
475
590
703
806
883
940
992
1047
1091
1133
1160
1169
1162
1161
1179
1213
1257
1295
1326
1351
1376
1405
1456
1514
1569
1607
1630
1638
1655
1684
1705
1709
1684
1627
1555
1481
1401
1305
1184
1035
870
704
544
379
205
24
-151
-307
-444
-564
-680
-793
-888
-967
-1026
-1064
-1092
-1125
-1152
-1173
-1184
-1194
-1212
-1243
-1275
-1309
-1351
-1388
-1430
-1477
-1527
-1568
-1594
-1618
-1637
-1657
-1667
-1657
-1631
-1585
-1536
-1484
-1419
-1339
-1242
-1127
-1017
-913
-810
-703
-584
-461
-346
-256
-182
-107
-36
25
66
78
68
47
31
26
14
3
-13
-29
-24
0
36
74
114
161
225
299
380
456
536
612
675
733
773
806
838
873
906
924
940
948
960
987
1020
1048
1070
1077
1087
1115
1161
1212
1247
1281
1319
1364
1407
1440
1470
1493
1518
1531
1533
1523
1490
1447
1388
1327
1256
1157
1033
892
748
608
465
315
162
15
-122
-249
-360
-459
-554
-646
-732
-800
-858
-919
-985
-1063
-1134
-1189
-1240
-1297
-1363
-1440
-1509
-1573
-1622
-1655
-1680
-1703
-1731
-1749
-1747
-1729
-1699
-1659
-1619
-1579
-1524
-1467
-1397
-1312
-1212
-1109
-1000
-891
-786
-682
-570
-455
-349
-254
-166
-87
-14
58
125
170
202
242
284
320
331
333
325
335
361
396
436
465
494
523
565
613
666
711
745
766
792
829
847
850
846
840
835
822
806
784
756
740
730
718
700
675
657
643
637
636
638
637
644
667
700
730
750
763
775
795
817
822
808
783
754
727
706
680
635
581
521
472
434
386
331
270
210
162
119
74
30
-23
-81
-137
-191
-248
-314
-384
-454
-528
-597
-662
-724
-797
-871
-939
-1012
-1078
-1134
-1186
-1233
-1264
-1294
-1323
-1339
-1342
-1335
-1323
-1304
-1281
-1249
-1203
-1157
-1105
-1048
-988
-924
-858
-789
-725
-663
-599
-538
-474
-408
-348
-283
-208
-138
-72
-4
64
123
179
238
288
338
384
430
472
509
544
572
596
615
628
634
630
625
613
599
586
561
539
517
499
477
455
429
399
374
359
354
357
360
367
387
414
438
460
477
481
483
487
492
495
490
476
464
460
463
468
464
458
458
465
489
516
522
516
510
518
528
538
545
535
520
510
503
493
470
433
390
351
310
262
210
147
76
1
-72
-138
-210
-290
-365
-443
-510
-573
-639
-707
-764
-812
-858
-891
-928
-961
-988
-1005
-1008
-1016
-1016
-1016
-1014
-1001
-982
-962
-945
-927
-905
-877
-841
-803
-770
-741
-716
-688
-646
-604
-560
-518
-469
-408
-343
-269
-201
-130
-59
5
68
129
184
229
278
326
370
404
430
448
467
481
488
492
488
479
473
469
469
467
458
451
436
420
399
379
361
336
311
288
268
244
230
219
210
204
201
198
199
200
202
209
214
227
239
257
273
294
319
338
362
382
415
455
485
517
545
569
595
620
635
637
635
630
621
606
582
552
520
486
450
405
358
305
248
191
135
84
25
-29
-81
-134
-188
-240
-297
-357
-416
-476
-537
-594
-646
-699
-741
-779
-815
-848
-874
-895
-909
-921
-934
-936
-935
-921
-904
-884
-859
-836
-808
-775
-736
-704
-664
-617
-565
-509
-450
-386
-320
-254
-188
-126
-70
-13
41
95
147
187
229
265
294
320
343
364
378
392
406
412
417
422
424
427
423
411
393
374
353
333
304
275
242
204
176
151
126
100
79
57
34
19
6
2
-12
-31
-37
-35
-31
-25
-15
0
11
28
55
87
113
138
172
200
225
249
275
301
324
351
377
400
416
429
442
449
449
442
440
438
437
441
445
441
440
438
432
426
406
378
347
310
279
242
206
166
122
75
31
-12
-61
-111
-161
-213
-258
-305
-354
-396
-437
-471
-508
-539
-562
-583
-601
-618
-629
-634
-643
-648
-650
-648
-645
-634
-617
-604
-593
-574
-559
-536
-513
-490
-462
-437
-403
-358
-310
-273
-228
-183
-143
-102
-65
-32
-3
19
38
52
75
87
94
101
103
101
99
103
105
100
101
107
106
103
100
103
101
100
100
101
99
100
105
112
118
117
120
126
128
127
134
141
141
152
166
178
193
206
221
239
258
277
302
325
345
367
390
416
438
456
469
487
492
494
490
478
469
454
443
428
415
399
384
367
351
341
328
310
291
273
250
239
220
203
188
164
141
115
86
52
18
-20
-58
-94
-133
-175
-216
-260
-303
-349
-386
-417
-449
-473
-500
-525
-549
-570
-593
-610
-628
-643
-652
-657
-652
-644
-631
-611
-587
-563
-534
-501
-468
-437
-407
-387
-367
-341
-317
-284
-249
-220
-188
-162
-137
-109
-77
-45
-19
0
23
47
75
98
116
135
144
155
161
165
168
173
174
172
167
165
162
157
152
144
140
135
127
121
118
112
109
103
97
92
88
82
81
78
76
76
81
89
97
99
108
112
123
132
144
160
174
191
210
230
246
265
280
299
314
329
345
364
384
396
413
431
442
451
457
461
460
457
451
440
427
416
404
385
359
332
297
266
227
186
149
110
70
34
-2
-40
-78
-116
-153
-193
-228
-263
-297
-323
-349
-373
-392
-409
-428
-444
-451
-457
-466
-471
-473
-477
-484
-487
-492
-496
-493
-488
-476
-471
-462
-444
-434
-421
-408
-395
-378
-355
-335
-312
-291
-269
-251
-232
-210
-196
-180
-172
-167
-159
-149
-134
-121
-110
-95
-86
-70
-53
-39
-18
0
16
34
51
69
83
96
106
119
128
134
148
163
177
189
193
201
207
213
220
229
234
234
241
247
254
261
272
279
287
299
312
327
345
363
374
387
398
409
419
432
438
442
447
449
451
450
453
445
435
419
405
386
366
342
314
283
256
226
199
173
148
125
96
71
47
19
-12
-38
-66
-99
-127
-158
-187
-213
-243
-266
-284
-309
-331
-356
-382
-399
-420
-438
-455
-464
-470
-475
-476
-478
-477
-475
-473
-465
-462
-455
-444
-433
-425
-416
-399
-386
-375
-360
-341
-327
-309
-291
-274
-254
-239
-224
-211
-201
-187
-171
-153
-133
-113
-94
-76
-54
-38
-18
-2
12
23
38
53
66
79
93
107
118
123
127
134
143
146
150
151
158
162
169
181
192
207
220
237
254
271
289
308
324
332
347
364
380
392
409
418
427
432
434
441
442
444
444
436
422
415
407
401
391
383
380
376
365
359
353
344
337
333
331
318
301
279
250
215
177
141
105
70
32
-3
-45
-90
-133
-170
-206
-243
-275
-308
-345
-383
-420
-459
-495
-523
-550
-570
-589
-604
-615
-632
-639
-640
-643
-638
-633
-630
-622
-611
-602
-588
-573
-550
-523
-494
-462
-430
-397
-363
-328
-301
-266
-229
-195
-161
-130
-102
-71
-41
-15
12
34
59
77
91
106
121
138
150
164
172
185
201
210
221
229
239
246
254
263
269
276
280
283
282
287
289
293
300
303
305
306
310
312
311
315
317
313
309
299
288
280
272
263
255
251
246
242
244
