120
129
140
149
156
164
169
173
179
184
189
194
200
201
202
205
209
213
210
212
215
219
224
225
227
228
228
228
224
223
222
219
214
207
199
191
183
170
158
145
133
120
106
95
83
72
62
51
41
31
22
16
5
-4
-14
-22
-30
-41
-52
-59
-68
-78
-85
-93
-99
-103
-105
-109
-112
-115
-120
-122
-127
-131
-137
-141
-146
-151
-161
-164
-163
-166
-169
-171
-169
-169
-166
-163
-163
-161
-162
-163
-162
-160
-158
-152
-146
-142
-143
-142
-139
-138
-139
-137
-135
-135
-136
-141
-143
-142
-137
-137
-135
-135
-135
-139
-143
-145
-154
-158
-159
-159
-157
-152
-152
-151
-149
-148
-147
-142
-135
-127
-119
-114
-108
-104
-98
-93
-87
-75
-62
-50
-43
-31
-23
-14
-8
-3
4
11
18
27
41
55
71
86
98
110
115
126
138
147
156
164
175
184
193
202
209
217
223
225
224
222
222
221
224
224
221
222
225
226
226
226
227
232
234
235
237
238
241
240
237
235
231
227
224
218
209
209
206
202
195
189
181
171
164
156
146
135
123
113
102
89
77
69
61
52
39
32
26
16
6
-2
-12
-19
-26
-33
-40
-48
-51
-57
-62
-66
-70
-74
-82
-91
-105
-114
-122
-131
-135
-137
-140
-145
-151
-156
-160
-164
-167
-171
-174
-176
-180
-187
-192
-196
-200
-200
-202
-206
-210
-212
-213
-214
-214
-212
-212
-209
-207
-206
-204
-204
-206
-208
-207
-201
-199
-196
-188
-184
-177
-171
-167
-160
-155
-151
-143
-141
-133
-124
-115
-106
-96
-87
-83
-79
-78
-72
-66
-61
-54
-46
-38
-28
-18
-9
0
9
21
33
41
48
55
64
70
76
83
94
107
118
125
133
139
143
145
149
153
158
167
174
180
186
191
196
200
203
202
206
210
213
213
212
214
213
212
208
204
197
188
181
174
165
154
145
135
124
111
106
100
96
96
94
91
85
82
76
70
61
57
53
50
50
49
44
37
31
21
17
13
8
4
-1
-8
-13
-18
-24
-24
-25
-27
-34
-38
-42
-50
-56
-60
-65
-67
-71
-74
-75
-76
-77
-80
-80
-79
-79
-78
-74
-70
-68
-69
-69
-69
-69
-71
-72
-72
-71
-67
-66
-67
-68
-70
-72
-71
-69
-69
-65
-63
-62
-61
-59
-55
-55
-53
-53
-59
-65
-69
-73
-74
-74
-75
-77
-80
-84
-85
-87
-87
-84
-82
-82
-78
-79
-76
-72
-72
-69
-65
-61
-56
-50
-40
-33
-25
-20
-12
-7
-3
-2
0
2
4
7
10
13
11
16
17
18
19
22
28
30
32
36
36
34
33
31
29
29
28
27
28
27
24
28
36
39
42
44
47
49
50
53
52
51
48
48
50
54
58
62
66
68
64
62
64
64
65
64
64
61
59
58
55
57
56
56
52
47
41
30
22
14
7
4
3
1
1
-2
-7
-9
-12
-17
-18
-19
-18
-21
-22
-28
-35
-42
-45
-49
-53
-52
-54
-53
-50
-47
-46
-47
-47
-50
-51
-49
-48
-45
-39
-32
-23
-19
-16
-12
-12
-8
-1
6
13
19
29
37
43
49
54
57
60
60
60
62
64
66
70
73
71
71
70
67
66
66
65
63
63
61
59
55
52
49
45
41
41
36
32
27
19
17
14
11
8
2
-5
-11
-15
-21
-25
-24
-26
-27
-28
-29
-33
-38
-44
-48
-53
-51
-49
-50
-49
-51
-52
-55
-55
-59
-60
-61
-67
-68
-71
-76
-79
-83
-86
-90
-97
-100
-99
-97
-94
-93
-93
-94
-93
-93
-91
-88
-82
-76
-71
-69
-65
-60
-55
-49
-44
-41
-36
-28
-24
-13
-9
-2
3
5
8
10
13
19
25
32
41
49
55
58
60
65
70
76
79
82
85
87
92
99
103
109
114
118
119
119
120
118
116
114
108
110
112
111
113
112
113
112
108
108
106
104
103
98
93
90
84
82
81
79
73
69
65
56
47
37
29
21
12
3
-5
-11
-16
-21
-25
-31
-39
-47
-57
-69
-82
-89
-96
-102
-105
-105
-110
-113
-115
-119
-121
-125
-128
-126
-125
-123
-120
-121
-118
-116
-118
-115
-110
-106
-104
-102
-100
-98
-95
-94
-95
-96
-95
-94
-92
-89
-86
-84
-83
-81
-80
-77
-73
-72
-71
-70
-70
-68
-65
-62
-56
-50
-43
-40
-37
-31
-30
-27
-27
-26
-25
-19
-11
-6
0
6
12
17
22
27
37
47
60
70
81
92
100
106
112
115
121
130
142
154
160
168
171
170
171
170
172
176
179
182
180
177
173
169
166
163
159
158
156
156
152
143
134
125
118
112
108
103
96
86
75
64
53
46
37
30
22
16
9
-3
-14
-25
-34
-44
-53
-63
-72
-80
-94
-104
-114
-122
-131
-140
-146
-148
-151
-149
-146
-147
-150
-155
-157
-158
-162
-164
-163
-163
-161
-160
-156
-156
-153
-146
-139
-133
-127
-118
-109
-105
-105
-104
-102
-94
-87
-78
-65
-53
-44
-38
-32
-27
-20
-12
-6
0
2
12
22
31
40
42
44
45
44
46
51
59
69
71
73
69
64
64
66
68
64
65
67
62
56
51
48
44
43
47
49
51
50
48
46
47
50
57
67
75
77
82
84
80
75
68
64
61
58
58
56
54
57
55
53
53
50
50
51
55
55
59
60
62
62
62
61
57
54
54
55
56
55
55
55
52
51
49
48
49
49
52
56
54
49
46
44
41
40
43
41
34
27
17
11
8
2
-5
-11
-19
-28
-30
-32
-35
-33
-31
-30
-31
-36
-39
-40
-42
-47
-52
-64
-76
-91
-104
-119
-127
-137
-141
-143
-148
-152
-160
-164
-167
-166
-161
-156
-155
-154
-152
-153
-151
-149
-144
-137
-132
-132
-129
-127
-130
-126
-118
-114
-112
-111
-107
-106
-100
-96
-87
-78
-70
-63
-57
-49
-42
-37
-24
-14
-7
1
5
7
8
6
6
10
16
24
30
38
43
47
52
59
69
75
84
91
92
93
91
89
92
98
101
106
109
107
105
100
92
89
90
90
94
92
96
106
113
117
119
121
119
123
123
123
125
125
122
117
108
94
83
73
70
64
61
63
61
58
54
50
47
47
44
46
46
42
37
25
16
13
16
20
27
27
28
26
19
14
11
11
11
14
13
13
13
17
22
27
37
42
41
39
36
32
26
23
21
18
15
9
-4
-17
-28
-29
-22
-14
-9
-10
-17
-24
-34
-37
-36
-33
-31
-34
-45
-62
-78
-88
-91
-87
-81
-75
-77
-86
-99
-108
-113
-112
-106
-104
-108
-120
-129
-127
-122
-107
-90
-80
-78
-86
-94
-95
-95
-90
-83
-79
-83
-92
-102
-107
-102
-89
-70
-47
-35
-29
-29
-30
-29
-21
-3
19
33
38
29
16
6
7
18
36
55
59
60
54
46
43
52
64
74
78
73
64
58
61
72
89
103
111
107
95
82
75
79
86
90
86
68
42
17
-1
-9
-4
11
22
23
14
1
-9
-13
-5
9
23
34
32
10
-18
-44
-58
-56
-44
-33
-37
-52
-75
-96
-108
-106
-96
-85
-82
-90
-107
-113
-104
-84
-62
-42
-27
-24
-28
-29
-30
-28
-22
-14
-16
-22
-34
-45
-51
-47
-31
-10
13
25
32
27
24
26
40
63
85
99
97
87
69
56
55
66
85
98
97
88
71
53
44
47
61
79
99
107
103
92
92
102
125
152
169
170
155
134
105
82
65
53
44
26
-3
-37
-64
-78
-69
-40
-7
22
33
26
8
-5
-7
4
15
27
18
-12
-59
-100
-122
-116
-89
-61
-49
-61
-95
-133
-160
-161
-138
-106
-77
-71
-85
-100
-104
-84
-39
18
65
86
75
41
-2
-37
-60
-73
-79
-89
-111
-138
-160
-163
-142
-93
-37
1
19
19
7
1
8
31
52
52
29
-13
-57
-89
-92
-68
-32
-6
-8
-29
-67
-106
-121
-113
-87
-60
-41
-39
-45
-44
-27
16
73
130
171
178
157
116
72
42
24
10
-9
-32
-57
-75
-72
-51
-19
22
55
78
87
93
102
116
142
169
179
170
144
109
89
89
110
135
153
154
127
84
40
11
6
16
33
44
47
43
38
58
103
153
202
226
220
186
139
95
60
40
29
16
-5
-38
-65
-82
-80
-68
-53
-39
-35
-41
-47
-44
-29
0
35
62
70
45
1
-44
-75
-79
-63
-44
-37
-58
-109
-166
-206
-219
-206
-179
-154
-148
-158
-170
-165
-130
-61
26
102
142
134
82
4
-77
-151
-198
-230
-263
-303
-351
-377
-368
-317
-234
-138
-52
6
32
29
16
1
-2
4
7
-5
-22
-41
-50
-30
17
86
142
162
126
48
-57
-146
-193
-191
-150
-91
-38
2
37
90
177
299
423
517
554
508
391
233
81
-29
-88
-106
-106
-107
-118
-126
-107
-48
48
155
250
299
288
227
150
87
61
74
108
134
130
98
56
39
58
104
149
148
76
-65
-230
-365
-434
-423
-354
-269
-200
-160
-132
-86
0
127
268
371
393
310
146
-52
-222
-333
-364
-343
-316
-309
-323
-336
-315
-239
-118
21
126
158
121
36
-54
-102
-90
-34
32
73
83
62
40
49
99
170
217
205
112
-36
-195
-306
-329
-267
-153
-39
39
78
101
138
228
363
503
589
574
459
273
77
-60
-108
-81
-23
20
20
-12
-38
-21
47
153
254
313
312
244
135
38
-15
-10
48
129
201
227
205
159
119
116
148
183
174
86
-75
-259
-408
-476
-448
-339
-199
-79
2
51
89
145
224
304
342
293
145
-84
-331
-530
-632
-619
-520
-383
-263
-184
-138
-106
-59
10
81
114
85
-14
-164
-313
-406
-399
-289
-124
26
111
109
40
-42
-86
-79
-44
-42
-119
-275
-465
-612
-636
-513
-271
23
284
448
505
480
436
405
388
356
271
111
-107
-336
-508
-572
-504
-336
-128
63
183
230
225
208
209
226
241
220
136
8
-120
-185
-152
-21
156
303
361
315
193
63
-20
-40
-31
-49
-136
-295
-460
-554
-513
-321
-26
290
533
651
634
535
415
320
264
219
141
5
-194
-398
-539
-557
-423
-183
72
266
354
340
274
215
199
224
252
241
167
48
-62
-94
-23
139
331
463
480
377
204
38
-59
-79
-63
-65
-129
-252
-379
-440
-377
-180
97
367
545
581
491
318
152
51
15
12
-16
-102
-255
-428
-556
-570
-456
-246
-15
148
202
154
53
-42
-90
-95
-72
-61
-94
-165
-242
-285
-257
-160
-33
68
101
49
-54
-163
-233
-247
-233
-229
-265
-341
-415
-440
-389
-248
-51
160
324
410
396
303
180
64
-12
-55
-88
-146
-250
-377
-484
-513
-420
-214
56
316
493
547
490
366
236
145
107
97
72
7
-91
-177
-195
-108
68
271
439
509
462
329
165
17
-93
-175
-242
-308
-362
-372
-308
-151
89
367
611
749
738
585
343
93
-109
-236
-307
-377
-469
-575
-652
-637
-486
-206
136
443
625
629
470
212
-52
-242
-327
-327
-308
-310
-342
-366
-324
-173
68
335
534
587
467
210
-105
-385
-560
-618
-587
-514
-431
-334
-201
-6
251
534
768
872
797
555
211
-127
-373
-490
-500
-462
-420
-388
-337
-231
-29
254
553
777
847
728
456
122
-175
-353
-389
-316
-200
-96
-32
14
90
231
429
623
741
713
510
178
-182
-465
-599
-579
-448
-270
-100
39
158
288
445
609
722
724
582
314
-13
-314
-522
-599
-557
-442
-297
-155
-26
103
240
373
472
496
417
239
-21
-293
-512
-634
-630
-515
-347
-165
6
146
265
368
436
447
371
184
-96
-422
-711
-886
-904
-776
-551
-293
-60
116
230
300
350
381
374
297
128
-138
-451
-734
-908
-914
-746
-459
-132
159
356
448
451
405
338
257
152
-6
-213
-437
-621
-700
-637
-427
-115
222
503
672
717
651
517
338
141
-72
-304
-523
-686
-739
-643
-401
-61
304
613
816
898
875
784
651
487
283
30
-267
-549
-750
-806
-675
-374
26
418
696
803
746
588
400
236
108
-1
-128
-285
-435
-528
-497
-311
-3
336
624
784
782
634
393
129
-115
-312
-468
-588
-669
-695
-631
-447
-158
192
525
769
871
813
633
396
165
-24
-181
-329
-480
-621
-701
-664
-482
-186
156
440
586
568
405
179
-40
-200
-286
-316
-327
-334
-332
-299
-205
-38
177
390
539
572
472
257
-14
-278
-489
-617
-654
-622
-540
-415
-257
-67
148
359
535
631
613
480
275
54
-142
-277
-355
-392
-414
-420
-386
-294
-140
65
267
404
431
324
115
-132
-339
-446
-435
-327
-168
-13
89
130
136
138
154
191
218
202
107
-66
-281
-480
-599
-601
-483
-281
-49
155
302
380
414
409
366
295
190
51
-106
-244
-330
-353
-320
-256
-186
-125
-64
11
113
224
322
373
347
247
92
-60
-156
-157
-57
109
285
408
442
383
269
154
81
58
61
44
-28
-153
-303
-413
-436
-330
-116
144
384
547
609
578
485
359
226
95
-31
-148
-246
-316
-355
-359
-330
-274
-198
-104
-2
92
165
202
199
151
64
-35
-120
-162
-142
-63
56
173
246
248
178
54
-75
-169
-220
-240
-259
-301
-363
-425
-456
-417
-298
-106
120
325
466
524
502
420
304
169
31
-103
-217
-302
-354
-365
-341
-293
-230
-152
-73
8
82
138
163
156
117
56
-6
-62
-92
-84
-38
39
134
216
264
262
202
92
-39
-162
-249
-293
-304
-297
-283
-263
-223
-149
-31
131
307
457
544
549
470
330
159
-19
-184
-302
-363
-368
-325
-256
-181
-115
-53
4
66
137
196
217
192
124
37
-37
-74
-73
-44
-1
53
108
159
194
198
166
89
-19
-143
-239
-283
-276
-224
-155
-89
-38
9
63
143
248
363
459
498
453
325
135
-72
-243
-348
-367
-311
-219
-124
-55
-26
-28
-36
-21
27
103
179
225
222
170
95
24
-19
-30
-9
37
87
124
134
117
59
-40
-159
-272
-349
-372
-339
-263
-168
-80
-17
28
67
122
203
306
402
441
394
257
62
-151
-328
-429
-446
-400
-318
-242
-189
-166
-169
-170
-138
-64
35
147
225
234
178
86
-3
-50
-36
25
103
159
172
131
54
-37
-130
-209
-268
-300
-310
-285
-228
-154
-76
-5
61
126
207
299
393
455
463
396
264
103
-52
-170
-232
-245
-240
-218
-193
-176
-163
-158
-139
-98
-21
88
201
284
300
240
132
23
-47
-50
-1
70
115
119
76
0
-81
-148
-187
-204
-207
-201
-181
-153
-114
-68
-22
24
72
122
181
238
275
279
244
178
102
33
-26
-65
-91
-113
-133
-152
-162
-160
-144
-121
-85
-34
35
114
186
240
254
225
165
103
64
54
68
83
75
37
-27
-88
-129
-133
-108
-71
-44
-32
-42
-56
-59
-51
-25
7
38
68
104
148
199
241
264
256
214
140
46
-64
-178
-286
-369
-397
-372
-317
-246
-174
-103
-34
46
139
231
303
323
284
191
73
-28
-86
-94
-72
-45
-31
-34
-50
-64
-62
-50
-35
-23
-27
-50
-83
-115
-135
-127
-83
0
116
248
373
453
475
436
341
206
49
-112
-259
-377
-455
-488
-471
-409
-313
-198
-76
45
158
265
342
373
352
275
150
16
-94
-148
-144
-100
-42
7
30
29
21
9
1
-10
-37
-83
-148
-222
-277
-293
-264
-182
-54
106
270
400
472
475
410
291
140
-15
-160
-283
-385
-457
-486
-460
-379
-246
-94
42
145
206
227
226
206
169
107
19
-74
-150
-180
-149
-69
25
101
126
101
46
-18
-71
-111
-143
-179
-218
-255
-268
-235
-147
-17
135
276
375
413
380
284
151
19
-81
-148
-187
-204
-221
-235
-238
-207
-135
-31
83
176
220
211
165
105
59
32
22
15
-1
-23
-39
-38
-12
42
104
144
151
129
82
27
-19
-55
-81
-99
-111
-104
-77
-18
72
161
227
259
249
204
138
64
-3
-50
-76
-89
-98
-113
-130
-148
-154
-136
-94
-28
47
97
114
102
76
54
52
70
92
105
88
38
-24
-73
-86
-59
-12
35
51
34
-2
-41
-65
-63
-51
-28
-6
9
22
33
57
84
109
122
121
114
100
91
86
89
92
73
28
-43
-127
-202
-242
-243
-203
-142
-80
-36
-14
-8
-3
18
49
87
110
105
70
2
-76
-140
-167
-152
-109
-60
-29
-32
-67
-109
-134
-128
-105
-77
-61
-65
-90
-108
-96
-54
10
75
126
155
172
181
179
168
141
86
10
-80
-161
-213
-231
-215
-177
-115
-46
19
70
101
119
129
135
133
128
107
68
17
-29
-51
-43
-9
37
82
99
90
68
36
8
-21
-52
-91
-134
-167
-171
-137
-64
36
134
214
272
302
307
289
244
175
80
-30
-130
-214
-259
-268
-241
-181
-102
-4
91
167
211
222
203
166
108
32
-55
-131
-187
-215
-203
-152
-64
39
133
198
220
202
155
84
4
-81
-170
-248
-301
-320
-294
-224
-113
12
134
229
288
307
278
206
94
-45
-185
-307
-395
-439
-435
-388
-300
-179
-38
118
260
355
385
344
258
146
29
-82
-178
-251
-295
-298
-253
-165
-46
75
169
230
245
220
168
89
-4
-98
-174
-222
-229
-185
-100
7
120
218
295
339
348
313
230
113
-35
-178
-290
-362
-383
-356
-288
-188
-62
76
207
312
372
375
329
244
144
44
-47
-119
-175
-199
-183
-136
-59
32
122
186
212
201
158
88
7
-70
-136
-178
-184
-150
-73
35
152
264
352
396
389
335
243
121
-11
-140
-245
-314
-333
-307
-242
-145
-30
86
187
261
292
284
242
165
79
-13
-98
-169
-220
-234
-217
-173
-108
-41
16
56
66
48
4
-66
-154
-236
-300
-338
-344
-314
-247
-150
-32
89
194
269
299
277
212
110
-10
-129
-231
-297
-327
-316
-270
-192
-92
18
120
201
252
268
242
182
101
8
-79
-152
-201
-222
-213
-187
-156
-110
-58
-7
35
64
71
54
20
-19
-55
-82
-86
-62
-16
46
114
180
227
242
212
149
59
-46
-153
-241
-302
-331
-327
-284
-208
-110
7
131
245
335
384
388
347
271
168
63
-33
-120
-186
-230
-242
-223
-179
-122
-61
-3
40
69
81
79
69
56
50
54
70
111
163
207
240
257
256
234
189
125
46
-42
-135
-211
-268
-288
-275
-232
-158
-65
28
130
231
317
380
410
400
355
284
193
98
11
-56
-103
-127
-140
-139
-133
-121
-102
-92
-79
-58
-34
-3
32
66
100
133
171
207
240
263
262
232
171
97
21
-48
-105
-153
-195
-229
-246
-240
-203
-142
-60
29
110
178
221
246
249
230
196
154
99
38
-26
-88
-131
-157
-171
-174
-169
-168
-170
-174
-178
-178
-173
-161
-143
-114
-80
-39
6
52
96
124
149
156
135
84
8
-80
-170
-246
-308
-350
-371
-376
-355
-312
-248
-167
-79
6
74
114
133
133
110
71
22
-35
-93
-138
-162
-174
-171
-164
-159
-161
-171
-186
-201
-215
-219
-207
-166
-96
-13
71
149
220
269
296
303
287
248
182
100
9
-77
-149
-202
-225
-227
-213
-186
-143
-91
-26
49
117
176
222
255
273
280
275
259
227
193
161
124
93
56
10
-40
-90
-139
-186
-216
-227
-212
-168
-98
-2
110
227
329
407
448
451
418
363
291
204
118
36
-46
-125
-192
-236
-248
-235
-202
-163
-121
-80
-44
-7
32
73
114
156
189
212
235
249
246
228
200
160
109
42
-36
-125
-211
-282
-332
-352
-336
-285
-205
-108
-3
92
186
268
326
350
343
308
257
190
117
52
-15
-82
-150
-211
-256
-276
-263
-218
-145
-72
-1
61
104
137
162
186
201
212
216
215
202
182
160
135
105
65
17
-39
-105
-178
-244
-296
-325
-324
-288
-229
-158
-81
-9
65
132
194
246
274
273
239
172
82
-22
-131
-225
-306
-368
-409
-428
-417
-379
-319
-248
-177
-113
-65
-31
-2
23
45
65
85
102
109
114
113
94
59
8
-59
-141
-225
-306
-377
-433
-466
-468
-434
-365
-267
-144
-8
127
244
345
425
461
457
406
313
199
74
-46
-147
-228
-279
-306
-307
-278
-230
-168
-102
-35
21
73
126
173
214
247
271
290
302
301
288
259
213
151
77
-8
-94
-175
-249
-309
-359
-379
-358
-306
-221
-109
24
154
269
364
430
465
471
441
381
292
184
67
-44
-140
-225
-281
-307
-308
-289
-249
-191
-118
-43
27
91
147
198
238
269
291
304
305
294
274
239
201
154
99
36
-32
-95
-150
-187
-205
-201
-167
-110
-28
71
172
264
333
375
385
376
354
319
264
198
119
29
-54
-121
-162
-171
-154
-119
-76
-32
12
49
81
107
122
128
126
123
106
85
64
43
27
13
4
-2
-22
-49
-89
-132
-167
-194
-214
-219
-214
-209
-201
-190
-174
-148
-120
-100
-89
-91
-103
-116
-127
-133
-142
-163
-197
-241
-285
-320
-335
-332
-307
-267
-223
-179
-143
-115
-89
-68
-55
-45
-43
-53
-81
-119
-159
-190
-210
-206
-184
-161
-132
-111
-100
-95
-96
-99
-100
-100
-97
-94
-89
-78
-54
-13
43
113
184
248
295
312
306
276
218
140
53
-31
-106
-155
-175
-162
-119
-56
18
88
146
195
233
259
279
280
268
244
209
175
154
145
147
163
188
208
215
208
185
149
107
69
30
-5
-23
-28
-9
36
100
179
261
340
401
439
444
412
342
245
136
25
-75
-151
-202
-226
-218
-194
-152
-97
-42
5
44
76
97
110
112
108
92
68
46
26
15
14
24
39
47
33
7
-38
-101
-167
-228
-272
-293
-281
-240
-182
-112
-37
33
99
154
198
221
209
165
84
-11
-113
-210
-283
-327
-334
-315
-274
-221
-163
-109
-62
-23
3
21
23
23
12
-2
-20
-39
-51
-58
-54
-42
-21
-1
11
4
-30
-89
-164
-248
-319
-362
-373
-354
-311
-255
-191
-129
-72
-18
33
79
106
108
87
34
-40
-117
-179
-208
-207
-182
-139
-89
-39
4
33
58
83
105
127
145
154
153
143
126
103
79
58
50
57
73
96
114
118
108
76
37
1
-18
-12
13
49
91
138
176
208
230
244
256
256
251
240
210
161
102
35
-9
-26
-16
26
86
140
178
189
176
150
114
83
62
48
27
-2
-38
-77
-107
-123
-112
-77
-30
17
48
57
39
-4
-55
-103
-141
-159
-151
-127
-88
-44
-3
37
69
90
112
133
137
127
95
44
-18
-85
-146
-191
-212
-207
-177
-141
-114
-91
-76
-69
-68
-70
-58
-41
-21
-8
-3
-4
-14
-17
-14
2
27
48
59
57
37
0
-39
-74
-96
-102
-86
-56
-27
2
24
35
42
46
49
47
43
32
11
-20
-57
-94
-123
-138
-138
-121
-86
-47
-11
11
16
2
-23
-51
-68
-74
-77
-74
-71
-68
-56
-34
1
37
71
89
91
74
29
-24
-77
-119
-146
-147
-128
-103
-69
-39
-14
7
17
30
43
57
64
59
45
28
8
-13
-25
-27
-16
5
33
60
80
89
91
87
81
84
93
105
118
122
126
124
118
115
118
123
129
129
122
104
77
42
7
-16
-27
-25
-10
14
37
55
72
85
91
88
80
67
49
25
-3
-33
-58
-76
-83
-77
-59
-33
-3
26
45
47
45
41
31
20
8
1
-10
-19
-36
-50
-59
-53
-35
-14
11
23
18
2
-20
-50
-72
-88
-99
-104
-108
-108
-110
-109
-103
-85
-64
-38
-8
15
28
33
34
32
27
22
18
20
15
3
-12
-25
-39
-50
-61
-71
-81
-92
-96
-88
-73
-54
-35
-20
-11
-10
-4
9
23
29
25
4
-31
-72
-106
-123
-122
-105
-72
-34
5
44
79
110
128
123
106
79
48
14
-12
-34
-51
-58
-51
-33
-5
26
49
66
77
75
68
53
22
-22
-62
-87
-93
-83
-59
-34
-17
-1
15
39
66
93
116
130
127
105
71
28
-16
-54
-74
-70
-49
-17
11
30
36
30
17
4
0
7
18
32
42
44
39
32
31
31
48
72
89
97
86
63
26
-12
-44
-56
-48
-21
19
59
92
110
112
107
93
71
60
52
40
23
-4
-40
-75
-100
-111
-98
-71
-33
6
35
41
27
-1
-35
-61
-79
-82
-70
-57
-47
-41
-44
-46
-42
-27
-5
20
40
43
28
-4
-47
-89
-124
-142
-146
-132
-104
-86
-73
-68
-71
-67
-59
-47
-27
-9
2
-4
-19
-40
-63
-78
-75
-58
-36
-7
23
37
38
32
29
33
45
60
80
95
101
96
84
71
60
57
61
70
69
64
49
22
-9
-39
-56
-59
-48
-30
-12
6
20
26
32
37
45
52
59
59
54
43
32
20
4
-7
-8
5
20
39
50
48
39
30
21
14
6
-3
-12
-26
-50
-68
-77
-76
-59
-32
-2
28
51
62
56
41
21
-3
-22
-36
-45
-54
-59
-64
-61
-43
-11
29
68
99
113
112
99
78
49
21
-5
-24
-27
-25
-14
-10
-13
-19
-33
-38
-29
-17
-2
10
16
10
-11
-35
-49
-54
-40
-16
11
28
29
14
-15
-54
-91
-113
-112
-95
-70
-43
-30
-32
-44
-57
-61
-46
-16
17
40
44
29
-1
-37
-63
-74
-61
-26
14
46
60
56
41
22
10
10
22
44
62
72
70
54
26
-4
-23
-25
-4
30
66
84
86
67
31
-7
-34
-44
-38
-17
9
33
41
35
22
15
24
49
91
133
156
156
127
80
31
-13
-41
-49
-42
-28
-15
-13
-23
-43
-66
-83
-87
-77
-52
-20
6
14
7
-9
-27
-38
-32
-8
24
51
60
46
12
-35
-84
-122
-138
-137
-111
-76
-49
-37
-40
-51
-57
-52
-35
-9
20
38
36
15
-26
-69
-102
-114
-100
-71
-36
-8
1
-6
-22
-35
-39
-34
-18
6
31
45
40
18
-11
-37
-45
-36
-13
10
28
35
31
19
9
4
9
25
44
60
67
64
53
40
29
32
49
75
103
121
133
133
119
105
91
81
74
71
71
71
67
53
31
0
-24
-34
-28
-6
21
41
63
70
63
51
39
30
29
33
38
38
30
10
-24
-56
-77
-76
-57
-27
7
26
38
38
28
18
10
14
24
31
27
9
-25
-69
-116
-154
-169
-158
-126
-83
-44
-22
-12
-17
-28
-39
-45
-35
-18
0
6
0
-17
-40
-55
-55
-35
3
43
73
81
64
34
3
-29
-43
-41
-29
-18
-10
-11
-28
-52
-78
-95
-96
-78
-53
-31
-21
-25
-45
-64
-84
-97
-98
-87
-61
-31
-3
14
16
0
-18
-30
-31
-20
-5
11
16
11
-10
-27
-40
-42
-32
-10
15
36
40
21
-16
-59
-93
-105
-96
-70
-40
-19
-11
-11
-23
-27
-19
-1
27
55
79
89
81
62
42
25
25
45
81
125
163
189
198
188
159
126
102
80
69
66
63
54
36
13
-12
-33
-38
-27
1
33
67
93
109
111
103
95
93
102
115
126
129
115
88
50
15
-3
1
20
45
65
77
75
65
51
41
44
55
73
86
89
72
37
-13
-67
-113
-145
-158
-151
-136
-124
-123
-132
-147
-166
-181
-178
-153
-120
-82
-47
-33
-40
-66
-100
-132
-153
-160
-152
-137
-121
-115
-118
-126
-135
-138
-132
-114
-90
-65
-45
-32
-27
-22
-17
-9
12
39
65
77
78
61
32
-5
-40
-72
-86
-82
-65
-41
-16
4
9
6
5
18
48
98
158
211
246
260
241
201
150
100
69
60
71
90
104
104
84
51
19
0
-1
17
49
83
106
107
86
47
3
-35
-49
-40
-22
-4
3
-5
-26
-53
-75
-81
-74
-57
-29
-11
-3
-9
-31
-53
-62
-55
-25
19
57
80
83
62
21
-23
-61
-90
-104
-102
-93
-89
-94
-115
-148
-174
-183
-172
-132
-73
-15
25
41
31
5
-26
-44
-40
-16
23
58
79
83
69
41
14
-6
-15
-8
12
33
45
46
32
13
-2
-9
1
17
35
51
54
41
14
-18
-40
-50
-46
-26
1
16
19
14
9
8
22
52
89
125
151
161
151
131
99
65
42
26
20
26
39
54
67
70
61
45
33
27
36
52
71
88
86
73
48
19
-4
-15
-22
-13
2
11
7
-4
-17
-25
-29
-25
-22
-20
-22
-27
-34
-42
-53
-65
-75
-81
-89
-89
-78
-77
-78
-86
-99
-110
-113
-107
-94
-78
-61
-49
-42
-40
-42
-47
-43
-25
-3
23
49
51
33
4
-25
-48
-58
-60
-53
-40
-35
-34
-39
-50
-64
-77
-79
-72
-64
-47
-26
-11
-5
-5
-5
-9
-3
6
16
28
37
50
61
69
75
79
79
76
77
86
92
96
89
72
58
45
35
26
15
-2
-17
-31
-45
-61
-77
-88
-90
-80
-63
-40
-15
1
13
25
33
33
35
48
64
79
94
101
94
79
60
46
38
40
47
59
67
57
34
0
-34
-55
-60
-53
-41
-26
-23
-37
-66
-98
-124
-134
-129
-114
-98
-87
-79
-83
-85
-81
-70
-46
-11
29
68
98
111
114
116
116
121
131
138
139
124
98
69
35
-1
-33
-59
-69
-66
-60
-55
-55
-66
-86
-101
-101
-88
-62
-30
-3
10
16
20
24
32
51
74
97
113
124
124
113
100
96
101
114
131
146
152
145
126
103
89
75
62
47
29
0
-43
-92
-134
-169
-190
-189
-181
-166
-154
-149
-144
-141
-134
-111
-66
-6
52
94
114
112
101
92
96
108
121
125
113
90
55
16
-14
-34
-45
-41
-34
-28
-35
-57
-86
-106
-114
-109
-94
-72
-54
-52
-62
-80
-101
-119
-130
-123
-103
-66
-28
1
13
12
8
7
17
44
79
110
126
120
93
52
10
-20
-37
-39
-39
-42
-53
-75
-105
-126
-130
-113
-82
-48
-17
0
7
7
6
16
33
61
85
102
97
80
55
19
-15
-44
-61
-66
-60
-55
-49
-52
-60
-69
-73
-67
-53
-33
-16
-6
0
2
2
-4
-10
-13
-8
3
12
21
25
21
28
46
69
93
109
116
115
110
100
96
101
100
93
88
69
48
19
-12
-36
-54
-65
-71
-79
-92
-105
-109
-94
-53
4
66
131
182
218
245
262
284
304
316
318
304
274
228
176
126
81
45
16
-14
-45
-84
-124
-171
-207
-234
-251
-258
-256
-248
-240
-230
-216
-202
-182
-163
-137
-102
-69
-38
-6
19
33
39
46
65
91
127
158
178
180
161
128
89
48
9
-28
-68
-103
-145
-200
-256
-305
-343
-364
-365
-351
-325
-294
-268
-239
-208
-170
-129
-74
-5
66
140
208
262
291
304
308
306
304
300
290
271
246
213
172
128
82
43
19
0
-13
-39
-66
-94
-122
-131
-129
-123
-112
-107
-101
-100
-102
-104
-97
-81
-52
-3
58
121
171
212
240
257
266
269
278
273
262
249
227
197
155
105
47
-13
-67
-115
-154
-186
-208
-217
-222
-215
-202
-181
-156
-134
-110
-89
-68
-48
-20
13
46
75
93
104
104
96
84
71
56
50
39
31
20
-1
-23
-42
-56
-66
-79
-91
-108
-125
-141
-153
-160
-164
-162
-158
-148
-139
-139
-142
-143
-136
-113
-69
-24
23
54
82
104
114
122
121
124
123
118
105
72
23
-42
-102
-155
-198
-229
-251
-266
-279
-276
-260
-238
-197
-152
-110
-61
-6
52
110
172
224
260
296
322
338
346
345
338
336
325
310
285
244
188
125
71
28
-11
-43
-74
-100
-132
-156
-170
-179
-176
-164
-137
-111
-96
-89
-80
-65
-36
5
50
96
137
177
213
239
250
261
272
285
308
326
322
288
234
169
100
39
-16
-69
-121
-178
-225
-266
-310
-342
-376
-390
-379
-353
-319
-289
-258
-233
-198
-149
-87
-19
43
90
122
144
155
158
159
172
182
188
194
175
141
92
31
-21
-56
-76
-90
-106
-134
-156
-185
-217
-240
-260
-270
-274
-262
-241
-218
-194
-173
-154
-124
-93
-49
8
65
118
165
196
223
249
263
285
298
292
270
228
175
119
55
11
-20
-42
-49
-62
-83
-108
-143
-165
-175
-161
-123
-74
-23
13
33
36
44
50
67
98
133
164
190
202
205
186
169
149
123
111
97
79
57
17
-26
-64
-80
-90
-83
-70
-61
-62
-77
-88
-111
-106
-102
-70
-20
16
61
83
99
131
154
184
216
229
221
207
164
112
62
10
-38
-71
-110
-148
-182
-230
-260
-274
-277
-269
-277
-278
-290
-292
-272
-242
-174
-115
-50
21
95
141
182
205
205
232
257
289
322
334
314
279
238
174
108
44
-21
-61
-103
-151
-203
-276
-348
-408
-441
-436
-415
-392
-359
-334
-312
-282
-251
-201
-135
-66
25
88
133
167
174
196
252
299
362
408
405
412
372
319
279
199
154
124
82
85
44
-21
-74
-141
-179
-187
-219
-232
-228
-246
-211
-163
-148
-94
-87
-72
-8
29
77
124
163
212
252
309
339
346
353
325
300
290
245
190
150
86
43
17
-38
-64
-102
-155
-149
-169
-158
-159
-158
-144
-146
-117
-119
-135
-136
-156
-146
-121
-107
-66
-38
-14
19
43
60
65
71
53
39
25
9
-1
-29
-42
-56
-73
-81
-108
-129
-140
-139
-127
-116
-94
-85
-66
-38
-24
-15
-28
-31
-35
-38
-33
-25
-15
8
20
22
35
39
24
4
-11
-20
-28
-35
-20
-36
-40
-86
-134
-153
-180
-170
-131
-84
-26
21
59
88
96
118
130
141
167
196
190
206
198
158
158
162
170
184
177
158
148
102
60
-4
-48
-70
-97
-87
-99
-128
-151
-208
-235
-229
-188
-110
-10
104
162
195
157
77
43
12
52
129
208
265
246
206
141
68
61
81
135
191
208
158
87
-29
-164
-247
-284
-274
-217
-191
-196
-221
-281
-306
-272
-198
-91
36
101
136
118
79
30
-10
42
91
194
284
281
213
116
-26
-78
-69
-61
8
57
33
-19
-108
-276
-351
-391
-382
-299
-221
-175
-146
-141
-112
-62
42
143
199
276
269
230
211
118
85
103
105
163
208
223
174
140
97
42
25
-16
-57
-78
-81
-141
-138
-211
-278
-271
-275
-199
-159
-140
-140
-130
-93
-22
73
144
218
271
262
289
199
166
167
112
206
198
212
207
60
31
-52
-101
-79
-72
-83
-78
-74
-194
-223
-259
-361
-338
-286
-236
-135
-52
17
61
132
134
128
150
172
179
284
282
171
174
-5
-83
-66
-74
17
35
150
115
123
23
-11
-74
-134
-105
-143
-119
-130
-152
-194
-216
-224
-252
-283
-255
-137
-81
63
235
141
251
181
103
66
63
10
58
168
157
234
253
160
167
232
125
171
231
17
-32
-114
-311
-345
-326
-366
-318
-284
-294
-313
-212
-238
-102
-20
18
178
221
350
290
304
177
85
86
-24
69
95
84
158
175
139
123
75
-32
67
40
32
64
-47
-86
-250
-320
-255
-374
-225
-222
-227
-85
-165
-104
-116
-33
-14
130
265
272
403
215
184
220
53
129
177
71
168
140
66
127
-57
-121
-202
-327
-262
-280
-236
-219
-89
-143
-33
-30
-147
-65
-144
-129
-5
61
167
338
340
454
402
322
167
121
29
67
105
93
204
-1
-31
-73
-349
-261
-202
-300
-85
-82
-212
-111
-198
-209
-129
-78
-73
-45
40
-92
48
99
-134
134
53
61
340
271
350
233
252
162
100
224
165
148
134
13
13
-106
-246
-282
-391
-457
-491
-373
-411
-266
-31
-126
-91
3
-93
-142
-28
65
29
152
286
218
341
385
255
298
243
77
257
254
346
461
264
386
121
64
-22
-359
-132
-361
-397
-216
-329
-158
-236
-259
-201
-325
-308
-177
-234
-4
5
70
79
75
106
50
35
111
176
258
402
524
644
518
465
244
0
83
-148
-221
-200
-424
-494
-541
-559
-621
-465
-446
-385
-282
-247
-217
-80
1
228
147
170
164
-35
92
42
227
351
370
411
403
220
201
200
89
276
316
250
262
52
-159
-311
-498
-604
-521
-591
-528
-324
-317
-163
-31
-116
-32
72
73
179
194
208
152
228
361
505
572
659
613
362
229
81
-92
-44
118
138
282
167
-26
-196
-538
-658
-719
-708
-470
-405
-282
-163
-181
-258
-193
10
46
237
375
352
411
342
231
306
238
326
332
224
329
206
183
215
84
65
-44
-152
-180
-223
-224
-322
-432
-511
-583
-571
-522
-367
-266
-213
-136
-47
105
120
191
166
131
126
62
113
202
373
481
515
531
470
285
185
109
107
177
70
75
-18
-197
-310
-360
-340
-323
-312
-417
-441
-549
-663
-618
-476
-226
-85
156
305
364
416
324
298
264
272
362
442
457
437
365
247
262
238
305
268
249
151
-61
-293
-467
-552
-553
-510
-452
-482
-529
-536
-630
-464
-254
-120
161
123
158
163
78
161
160
243
290
395
466
480
463
336
253
231
239
276
255
264
99
-51
-166
-278
-327
-295
-329
-364
-441
-524
-579
-598
-514
-388
-219
-24
91
185
292
254
279
263
213
213
190
247
299
413
517
546
497
430
352
163
67
-44
-114
-154
-182
-324
-365
-358
-464
-429
-355
-344
-223
-263
-281
-206
-222
-64
91
83
181
170
12
-24
-127
-86
31
139
300
387
447
438
426
359
270
192
93
-28
-10
-149
-165
-101
-194
-190
-245
-329
-371
-365
-401
-267
-88
26
145
128
59
-51
-158
-238
-165
-77
37
162
281
315
366
375
369
406
428
350
245
95
-86
-176
-252
-160
-172
-175
-69
-238
-213
-147
-272
-224
-357
-412
-310
-243
-82
-3
73
59
-26
-78
-127
-67
51
125
207
290
336
427
428
393
428
305
191
49
-7
-52
-161
-167
-134
-167
-154
-164
-195
-194
-218
-244
-247
-159
-101
-81
-80
-86
-88
-104
-115
-74
-14
45
139
209
375
452
482
473
418
391
293
216
82
-39
-201
-322
-333
-342
-262
-149
-66
46
134
134
106
15
-121
-186
-214
-325
-319
-278
-393
-372
-354
-223
-28
170
412
579
612
548
414
222
74
-127
-237
-247
-265
-238
-130
-56
-35
-4
6
102
193
286
305
314
239
88
-20
-189
-284
-344
-337
-306
-291
-285
-143
-21
119
305
376
337
236
149
-4
-135
-236
-284
-308
-277
-191
-134
-20
59
116
185
179
171
141
126
126
137
172
184
69
-72
-211
-347
-454
-413
-288
-163
-2
103
190
193
175
230
200
188
156
3
-56
-126
-206
-220
-154
-84
-26
79
159
206
227
239
259
231
236
259
256
240
208
141
32
-70
-171
-260
-282
-326
-327
-277
-208
-76
25
168
229
201
204
137
77
59
60
29
5
-1
-5
16
67
124
257
346
450
522
476
402
247
24
-132
-338
-550
-714
-872
-961
-989
-954
-903
-800
-664
-515
-362
-257
-176
-118
-122
-123
-124
-144
-88
15
114
243
360
468
534
631
744
802
830
804
700
527
327
83
-185
-435
-642
-851
-986
-1057
-1089
-1073
-1019
-907
-742
-529
-265
-25
221
432
589
769
940
1149
1369
1566
1726
1813
1825
1845
1806
1723
1693
1605
1473
1296
1026
680
291
-129
-501
-819
-1016
-1100
-1198
-1253
-1305
-1374
-1323
-1249
-1101
-875
-646
-435
-219
-10
182
308
427
533
625
676
624
567
468
351
218
49
-71
-210
-446
-737
-1039
-1369
-1777
-2215
-2622
-2957
-3197
-3384
-3493
-3471
-3345
-3070
-2713
-2217
-1563
-883
-198
447
1030
1580
2071
2440
2727
2958
3080
3033
2918
2763
2647
2581
2514
2488
2422
2310
2182
1958
1686
1352
912
418
-119
-679
-1196
-1701
-2158
-2519
-2745
-2794
-2639
-2300
-1840
-1315
-783
-262
230
689
1140
1522
1754
1837
1791
1638
1407
1145
910
741
645
642
727
874
1019
1149
1229
1291
1356
1348
1279
1134
861
490
62
-323
-603
-740
-750
-663
-481
-239
-20
212
486
789
1065
1257
1326
1236
1027
682
284
-106
-474
-790
-1057
-1261
-1378
-1448
-1501
-1537
-1583
-1687
-1881
-2204
-2653
-3203
-3859
-4604
-5324
-5951
-6484
-6861
-7000
-6873
-6468
-5817
-4909
-3779
-2454
-1027
412
1831
3147
4298
5179
5764
6089
6160
6062
5820
5479
5153
4854
4606
4422
4288
4251
4226
4142
3970
3681
3255
2654
1869
965
18
-913
-1799
-2563
-3148
-3537
-3673
-3569
-3227
-2602
-1779
-833
110
1004
1828
2447
2865
3069
3110
3003
2734
2366
1917
1499
1112
772
547
392
261
149
26
-110
-284
-505
-761
-1069
-1351
-1623
-1884
-2138
-2356
-2486
-2515
-2376
-2068
-1600
-1067
-520
31
540
974
1316
1525
1610
1535
1331
1035
685
333
-27
-367
-667
-965
-1206
-1345
-1429
-1445
-1416
-1378
-1347
-1362
-1454
-1665
-2019
-2538
-3198
-3966
-4796
-5597
-6336
-6953
-7375
-7553
-7391
-6899
-6140
-5103
-3833
-2395
-893
620
2122
3531
4761
5733
6419
6845
7027
6987
6773
6471
6157
5855
5607
5422
5297
5224
5130
4972
4711
4337
3846
3175
2345
1397
356
-729
-1810
-2824
-3682
-4318
-4719
-4867
-4720
-4295
-3618
-2722
-1710
-648
399
1343
2113
2659
2982
3109
3061
2859
2558
2254
1958
1640
1324
1006
730
476
196
-67
-334
-627
-942
-1294
-1627
-1915
-2155
-2321
-2397
-2366
-2218
-1965
-1605
-1142
-615
-67
507
1085
1583
1945
2181
2288
2266
2119
1855
1515
1114
655
190
-264
-661
-970
-1224
-1386
-1452
-1460
-1420
-1389
-1391
-1466
-1680
-2090
-2691
-3446
-4362
-5391
-6441
-7399
-8190
-8777
-9054
-8939
-8445
-7576
-6397
-4961
-3266
-1436
404
2195
3860
5326
6491
7299
7791
8022
8025
7813
7465
7094
6755
6459
6195
6005
5872
5719
5473
5111
4615
3964
3128
2110
979
-212
-1414
-2560
-3571
-4360
-4882
-5136
-5113
-4788
-4201
-3417
-2460
-1399
-284
773
1679
2437
3020
3415
3625
3673
3604
3450
3223
2940
2640
2307
1889
1369
793
190
-459
-1158
-1851
-2507
-3108
-3596
-3941
-4122
-4073
-3845
-3460
-2897
-2200
-1371
-493
379
1211
1939
2519
2904
3086
3087
2932
2611
2160
1638
1090
535
12
-423
-758
-1022
-1226
-1358
-1406
-1415
-1429
-1472
-1556
-1710
-1999
-2450
-3015
-3667
-4449
-5349
-6300
-7199
-7966
-8595
-9030
-9150
-8885
-8254
-7314
-6073
-4513
-2712
-832
1030
2856
4564
6044
7221
8084
8662
8954
8950
8703
8296
7786
7217
6610
6015
5500
5057
4638
4214
3768
3284
2708
1997
1161
253
-718
-1692
-2630
-3453
-4092
-4534
-4723
-4661
-4342
-3785
-3021
-2105
-1106
-94
861
1726
2480
3087
3547
3839
3964
3933
3760
3472
3105
2707
2274
1762
1170
560
-88
-773
-1514
-2278
-3002
-3622
-4112
-4409
-4425
-4194
-3757
-3159
-2421
-1565
-629
302
1174
1938
2553
2995
3244
3324
3241
3007
2633
2126
1557
972
408
-105
-570
-973
-1310
-1573
-1774
-1887
-1939
-1988
-2068
-2175
-2344
-2614
-3000
-3497
-4096
-4825
-5642
-6516
-7327
-8006
-8552
-8873
-8877
-8508
-7776
-6731
-5383
-3751
-1947
-84
1750
3514
5125
6486
7556
8305
8767
8931
8820
8496
8022
7457
6864
6279
5737
5252
4808
4374
3911
3414
2863
2220
1490
671
-217
-1130
-2037
-2884
-3593
-4136
-4473
-4546
-4360
-3944
-3290
-2448
-1475
-436
592
1570
2435
3180
3748
4124
4308
4315
4170
3887
3509
3072
2594
2054
1368
597
-161
-900
-1630
-2354
-2996
-3508
-3904
-4173
-4239
-4032
-3602
-3045
-2351
-1523
-601
361
1235
2009
2644
3077
3275
3278
3144
2848
2409
1850
1234
642
113
-370
-797
-1141
-1437
-1700
-1906
-2040
-2130
-2226
-2375
-2556
-2775
-3089
-3526
-4063
-4688
-5400
-6189
-6994
-7730
-8322
-8758
-9000
-8984
-8663
-7983
-6993
-5753
-4259
-2555
-742
1089
2876
4563
6092
7353
8279
8902
9252
9320
9139
8759
8264
7717
7121
6533
6006
5517
5032
4527
3976
3363
2680
1901
1028
79
-940
-1954
-2879
-3683
-4305
-4689
-4801
-4643
-4226
-3560
-2685
-1633
-497
637
1686
2607
3405
4029
4460
4694
4763
4692
4454
4055
3557
2998
2386
1625
728
-168
-1049
-1950
-2844
-3637
-4252
-4682
-4946
-4980
-4682
-4110
-3372
-2491
-1478
-373
729
1715
2553
3225
3670
3836
3769
3570
3262
2805
2212
1572
972
411
-137
-618
-975
-1273
-1593
-1921
-2184
-2360
-2529
-2751
-2996
-3253
-3601
-4088
-4677
-5306
-5973
-6710
-7502
-8246
-8849
-9281
-9509
-9457
-9050
-8273
-7169
-5771
-4076
-2135
-89
1927
3833
5572
7064
8231
9018
9464
9611
9455
9064
8541
7972
7387
6789
6191
5634
5118
4592
4035
3450
2800
2029
1129
138
-881
-1876
-2823
-3648
-4243
-4601
-4710
-4512
-3993
-3199
-2191
-1050
176
1429
2588
3562
4356
4952
5286
5365
5220
4924
4498
3923
3226
2455
1620
722
-214
-1138
-2045
-2907
-3684
-4354
-4861
-5163
-5223
-5036
-4620
-3980
-3149
-2165
-1088
21
1112
2095
2918
3574
4036
4284
4304
4109
3761
3289
2697
2038
1383
733
63
-605
-1208
-1734
-2195
-2630
-3021
-3317
-3586
-3862
-4134
-4381
-4631
-4958
-5395
-5898
-6422
-7005
-7639
-8235
-8716
-9021
-9108
-8926
-8392
-7474
-6225
-4710
-2950
-972
1109
3154
5038
6691
8073
9103
9728
9983
9939
9628
9075
8337
7524
6723
5956
5232
4596
4045
3526
3004
2448
1838
1165
401
-456
-1336
-2197
-3000
-3658
-4091
-4268
-4167
-3756
-3042
-2061
-893
359
1606
2776
3797
4613
5187
5494
5548
5350
4890
4235
3469
2627
1713
783
-132
-978
-1863
-2807
-3666
-4431
-5087
-5637
-5987
-6095
-5985
-5672
-5106
-4226
-3097
-1827
-459
981
2398
3684
4802
5701
6328
6626
6588
6275
5720
4955
4020
2983
1904
827
-192
-1113
-1883
-2489
-3005
-3420
-3710
-3932
-4126
-4356
-4615
-4900
-5300
-5865
-6532
-7205
-7881
-8601
-9288
-9805
-10102
-10141
-9876
-9241
-8188
-6771
-5076
-3154
-1054
1145
3318
5326
7069
8508
9569
10188
10394
10238
9767
9041
8130
7148
6203
5331
4545
3846
3272
2772
2326
1904
1474
999
424
-244
-1012
-1819
-2596
-3210
-3629
-3829
-3738
-3321
-2597
-1620
-441
891
2287
3613
4764
5699
6377
6725
6739
6466
5927
5174
4269
3266
2226
1185
149
-847
-1771
-2632
-3436
-4155
-4779
-5291
-5667
-5885
-5909
-5695
-5247
-4582
-3705
-2625
-1363
-22
1310
2588
3749
4724
5457
5903
6066
5962
5592
4974
4177
3277
2300
1272
227
-776
-1671
-2459
-3163
-3752
-4230
-4629
-4968
-5278
-5522
-5706
-5917
-6211
-6574
-6998
-7473
-8029
-8596
-9119
-9516
-9694
-9645
-9280
-8534
-7393
-5905
-4141
-2137
72
2352
4513
6417
8029
9289
10094
10431
10361
9973
9312
8414
7402
6393
5466
4645
3948
3396
2980
2636
2314
1954
1526
991
340
-431
-1307
-2155
-2881
-3448
-3773
-3790
-3461
-2774
-1788
-568
840
2314
3727
4969
5956
6705
7140
7259
7069
6594
5862
4920
3838
2657
1440
197
-1018
-2198
-3315
-4293
-5115
-5783
-6268
-6532
-6556
-6361
-5942
-5277
-4421
-3394
-2302
-1135
74
1284
2429
3462
4406
5171
5744
6082
6213
6117
5764
5170
4392
3444
2368
1183
-38
-1201
-2283
-3252
-4109
-4797
-5249
-5525
-5714
-5822
-5884
-5952
-6129
-6478
-6898
-7394
-8021
-8760
-9505
-10065
-10347
-10341
-9961
-9137
-7869
-6227
-4287
-2055
377
2844
5158
7181
8869
10150
10939
11257
11133
10620
9787
8710
7541
6400
5342
4411
3632
3018
2539
2148
1805
1434
986
413
-309
-1118
-1979
-2822
-3548
-4091
-4366
-4309
-3886
-3085
-1953
-585
967
2561
4092
5497
6653
7494
7963
8059
7771
7133
6204
5063
3795
2431
1005
-404
-1714
-2906
-3967
-4847
-5537
-6048
-6376
-6494
-6392
-6113
-5692
-5106
-4336
-3432
-2434
-1332
-158
1009
2107
3126
4078
4921
5575
6012
6214
6175
5858
5270
4469
3491
2376
1150
-121
-1327
-2430
-3432
-4301
-4986
-5458
-5800
-6075
-6263
-6404
-6603
-6949
-7405
-7873
-8387
-9000
-9634
-10140
-10404
-10428
-10159
-9467
-8319
-6761
-4896
-2761
-387
2078
4462
6623
8464
9974
11015
11537
11606
11250
10579
9637
8527
7368
6242
5214
4300
3494
2807
2197
1644
1110
505
-175
-936
-1761
-2619
-3471
-4172
-4615
-4794
-4651
-4143
-3224
-1952
-474
1162
2880
4556
6066
7287
8203
8779
8932
8648
7950
6965
5788
4439
2977
1473
14
-1376
-2693
-3844
-4756
-5440
-5972
-6366
-6516
-6420
-6157
-5771
-5227
-4501
-3668
-2763
-1739
-583
594
1690
2707
3688
4597
5311
5789
6059
6104
5860
5293
4513
3624
2595
1412
144
-1026
-2088
-3129
-4054
-4778
-5301
-5746
-6156
-6422
-6595
-6864
-7298
-7811
-8280
-8833
-9554
-10260
-10778
-11034
-11078
-10836
-10069
-8778
-7094
-5093
-2795
-233
2408
4885
7113
9011
10501
11477
11866
11768
11263
10436
9360
8128
6914
5799
4819
4011
3357
2864
2472
2075
1664
1141
481
-291
-1188
-2161
-3138
-3956
-4483
-4708
-4593
-4063
-3085
-1749
-173
1558
3362
5115
6664
7887
8747
9183
9140
8639
7743
6576
5214
3707
2105
524
-944
-2274
-3488
-4477
-5263
-5868
-6319
-6641
-6713
-6582
-6289
-5850
-5241
-4468
-3568
-2613
-1574
-464
644
1713
2695
3602
4398
5027
5446
5651
5647
5412
4916
4217
3363
2354
1201
-16
-1154
-2214
-3208
-4073
-4731
-5211
-5567
-5831
-5956
-6001
-6185
-6551
-6995
-7454
-8052
-8871
-9726
-10397
-10834
-11045
-10922
-10234
-8954
-7282
-5265
-2855
-151
2630
5222
7512
9474
10967
11852
12165
11981
11377
10400
9188
7895
6648
5528
4573
3814
3193
2701
2306
1983
1616
1114
460
-282
-1137
-2134
-3127
-3965
-4480
-4732
-4651
-4112
-3117
-1739
-125
1641
3518
5327
6852
8014
8776
9142
8996
8358
7365
6074
4638
3105
1548
88
-1289
-2527
-3621
-4507
-5154
-5657
-6049
-6321
-6404
-6295
-6053
-5660
-5104
-4426
-3634
-2754
-1740
-611
475
1495
2454
3317
4060
4606
4966
5128
5018
4670
4140
3477
2705
1772
753
-255
-1222
-2116
-2992
-3730
-4238
-4667
-5040
-5347
-5489
-5521
-5787
-6302
-6850
-7387
-8059
-8984
-9894
-10462
-10806
-10940
-10748
-9974
-8546
-6771
-4721
-2356
319
3055
5513
7650
9471
10850
11668
11863
11579
10944
9956
8715
7366
6089
4986
4050
3322
2782
2407
2150
1877
1549
1082
439
-301
-1149
-2117
-3103
-3909
-4367
-4485
-4285
-3604
-2434
-920
773
2550
4419
6168
7517
8449
8994
9138
8779
7926
6837
5557
4079
2610
1221
-26
-1243
-2496
-3541
-4411
-5151
-5792
-6391
-6759
-6937
-6950
-6645
-6026
-5078
-3937
-2722
-1363
91
1548
2861
3891
4726
5300
5590
5612
5415
5098
4540
3795
3001
2237
1477
626
-233
-995
-1744
-2547
-3367
-4010
-4452
-4941
-5446
-5803
-5939
-6056
-6430
-6957
-7438
-7899
-8529
-9391
-10200
-10725
-11009
-11117
-10869
-9994
-8517
-6663
-4552
-2093
657
3425
5936
8080
9908
11269
12013
12132
11720
10945
9846
8500
7062
5667
4450
3446
2653
2050
1626
1361
1152
872
458
-55
-630
-1309
-2134
-2972
-3586
-3862
-3856
-3566
-2828
-1605
-65
1574
3253
5045
6702
7973
8768
9183
9232
8761
7870
6713
5345
3872
2292
762
-548
-1784
-2888
-3857
-4645
-5240
-5815
-6247
-6461
-6531
-6453
-6235
-5751
-4992
-4102
-3057
-1861
-553
773
1952
2999
3887
4581
5047
5235
5178
4884
4389
3768
3022
2226
1403
552
-348
-1261
-2049
-2702
-3246
-3757
-4175
-4438
-4654
-4800
-4880
-4895
-5005
-5418
-5987
-6569
-7194
-7969
-8963
-9869
-10487
-10858
-10889
-10509
-9515
-7967
-6121
-3951
-1468
1261
4013
6421
8453
10086
11201
11781
11743
11244
10443
9307
7994
6653
5462
4563
3846
3314
2918
2601
2406
2163
1765
1210
448
-446
-1490
-2625
-3547
-4141
-4395
-4337
-3924
-2912
-1413
257
2044
3870
5705
7219
8133
8693
8920
8714
7918
6611
5284
3925
2419
876
-490
-1480
-2389
-3336
-4088
-4628
-5039
-5554
-6080
-6348
-6448
-6447
-6295
-5821
-4948
-3898
-2728
-1350
191
1726
2994
4000
4846
5446
5668
5495
5080
4571
3872
2946
1996
1191
493
-277
-1104
-1766
-2219
-2689
-3285
-3860
-4225
-4480
-4829
-5194
-5381
-5375
-5410
-5720
-6166
-6539
-6922
-7517
-8405
-9315
-9959
-10343
-10497
-10325
-9602
-8225
-6413
-4301
-1894
814
3609
6105
8173
9834
11097
11841
11892
11384
10558
9519
8292
6937
5695
4751
4044
3457
2945
2636
2503
2283
1835
1172
436
-387
-1421
-2589
-3564
-4122
-4328
-4221
-3683
-2570
-959
811
2551
4325
6002
7314
8088
8350
8298
7871
7010
5937
4811
3768
2732
1643
699
-255
-1321
-2473
-3698
-4765
-5792
-6890
-7760
-8353
-8446
-8002
-7233
-5961
-4323
-2435
-471
1311
3033
4503
5474
5947
5852
5490
4975
4192
3292
2400
1681
1186
747
442
327
226
2
-481
-1116
-1785
-2701
-3809
-4893
-5902
-6739
-7427
-7856
-7801
-7620
-7599
-7569
-7467
-7351
-7569
-8219
-8815
-9245
-9612
-9882
-9836
-9046
-7632
-5898
-3815
-1343
1539
4417
6922
9080
10837
12085
12597
12336
11596
10533
9175
7556
5866
4474
3480
2769
2250
1928
1948
2109
2102
1839
1391
877
160
-994
-2246
-3162
-3667
-3815
-3728
-3059
-1663
164
2066
3893
5817
7617
8792
9265
9165
8784
8072
6760
5211
3795
2549
1368
84
-1002
-1740
-2515
-3409
-4362
-5180
-5874
-6730
-7493
-7850
-7753
-7351
-6719
-5567
-3909
-2092
-297
1408
3101
4601
5470
5788
5766
5500
5000
4069
3018
2186
1554
1010
433
43
-72
-251
-685
-1321
-1992
-2690
-3728
-4971
-5996
-6771
-7368
-7870
-8049
-7697
-7194
-6861
-6651
-6382
-6188
-6422
-7194
-8105
-8815
-9357
-9807
-9931
-9340
-8039
-6206
-4012
-1472
1456
4453
7057
9129
10724
11832
12291
11950
11010
9855
8554
7075
5580
4376
3629
3188
2875
2706
2811
3019
2993
2633
2014
1256
271
-987
-2258
-3201
-3727
-3893
-3630
-2707
-1139
768
2709
4606
6475
8028
8948
9221
9018
8435
7415
5986
4478
3224
2145
1091
194
-463
-987
-1594
-2480
-3433
-4333
-5357
-6531
-7653
-8337
-8504
-8325
-7728
-6577
-4810
-2728
-739
1227
3165
4807
5832
6118
6028
5728
5058
3994
2747
1747
1033
352
-233
-576
-568
-558
-874
-1397
-1916
-2484
-3475
-4825
-6008
-6839
-7506
-8122
-8443
-8090
-7260
-6593
-6222
-5797
-5332
-5258
-5906
-7053
-8072
-8825
-9611
-10236
-10209
-9212
-7458
-5385
-2958
-11
3230
6196
8496
10291
11657
12346
12151
11197
9985
8703
7223
5696
4439
3749
3492
3348
3404
3703
4066
4181
3778
3043
2095
835
-724
-2405
-3742
-4527
-4814
-4549
-3637
-2012
105
2323
4453
6352
7937
8875
9024
8630
7806
6652
5234
3704
2445
1504
737
252
-71
-263
-608
-1315
-2170
-3200
-4369
-5717
-7126
-8109
-8587
-8576
-8004
-6814
-4924
-2664
-441
1700
3682
5372
6418
6622
6359
5851
5080
4037
2908
2079
1601
1201
839
640
676
689
285
-423
-1280
-2259
-3432
-4851
-6200
-7169
-7812
-8254
-8372
-7916
-6962
-5892
-5153
-4771
-4422
-4372
-4950
-6140
-7637
-8849
-9874
-10855
-11303
-10837
-9295
-7128
-4688
-1713
1655
4999
7749
9657
11085
11861
11734
10815
9417
8013
6644
5270
4201
3696
3801
4228
4695
5220
5670
5812
5351
4258
2811
1088
-857
-2801
-4474
-5477
-5681
-5218
-4065
-2267
8
2486
4780
6705
8159
8919
8860
8078
6828
5377
3854
2477
1523
1053
989
1246
1663
2103
2148
1473
265
-1457
-3596
-5882
-8185
-10075
-11215
-11581
-10940
-9273
-6749
-3632
-379
2623
5151
7066
8193
8354
7669
6407
4875
3326
1902
930
569
667
1064
1585
2187
2663
2636
1974
753
-862
-2722
-4777
-6731
-8362
-9399
-9715
-9585
-8910
-7644
-6007
-4249
-2977
-2458
-2318
-2705
-3808
-5513
-7633
-9517
-10859
-11792
-12039
-11247
-9292
-6481
-3351
-92
3181
6201
8522
9796
10241
10080
9359
8189
6755
5591
4960
4732
4856
5317
6184
7250
8034
8342
8141
7421
6094
4104
1771
-524
-2616
-4303
-5445
-5799
-5184
-3863
-2086
-11
2126
4096
5622
6477
6718
6503
5850
4809
3584
2516
1886
1696
1808
2183
2788
3421
3768
3654
3082
2047
407
-1861
-4415
-6809
-8848
-10391
-11211
-11110
-10082
-8333
-6019
-3314
-479
2105
4131
5509
6270
6433
6062
5400
4626
3871
3278
2929
2915
3152
3404
3563
3499
3036
2120
756
-831
-2607
-4536
-6397
-7893
-8744
-9116
-9066
-8371
-7194
-5879
-4614
-3457
-2359
-1639
-1862
-2766
-3851
-5202
-6799
-8620
-10142
-10764
-10767
-10443
-9474
-7614
-5056
-2481
-255
1832
3825
5458
6248
6413
6574
6619
6481
6228
6197
6739
7416
7968
8465
8968
9358
9272
8541
7439
6077
4392
2377
352
-1271
-2510
-3363
-3842
-3808
-3182
-2204
-1127
-33
1044
1997
2691
3056
3226
3447
3604
3613
3570
3555
3782
4091
4214
4297
4379
4326
3827
2985
2126
1124
-201
-1986
-4057
-5863
-7500
-9013
-9855
-10039
-9548
-8551
-7221
-5163
-2522
100
2397
4259
5816
6912
7328
7288
7022
6632
5928
4933
4113
3632
3303
2762
1960
1178
284
-867
-2149
-3422
-4619
-5892
-7189
-8112
-8453
-8414
-8191
-7570
-6556
-5462
-4342
-3303
-2233
-1257
-1121
-1774
-2571
-3540
-4873
-6583
-8327
-9411
-9934
-10221
-9990
-8821
-6799
-4612
-2687
-808
1204
3089
4284
4845
5396
5996
6447
6723
7034
7817
8841
9560
10039
10437
10754
10722
9981
8723
7272
5650
3721
1661
-169
-1534
-2404
-2985
-3326
-3116
-2418
-1635
-975
-440
137
675
863
811
949
1347
1736
2078
2478
3122
3855
4173
4257
4344
4194
3682
2838
1907
1067
83
-1280
-2858
-4248
-5579
-7057
-8278
-9013
-9195
-8910
-8338
-7112
-5107
-2787
-470
1703
3820
5727
7029
7719
7874
7725
7254
6300
5138
4051
3169
2367
1415
443
-379
-1176
-2102
-3188
-4300
-5269
-6162
-6961
-7424
-7428
-7039
-6423
-5717
-4710
-3426
-2201
-1172
-355
186
453
199
-648
-1681
-2943
-4552
-6421
-8263
-9456
-10016
-10273
-10076
-9254
-7760
-6012
-4327
-2529
-678
1130
2531
3479
4563
5759
6841
7793
8635
9620
10577
11129
11317
11303
11118
10449
9135
7550
5937
4329
2519
617
-827
-1811
-2563
-3150
-3474
-3311
-2875
-2602
-2459
-2143
-1621
-1152
-920
-597
166
1112
1948
2731
3721
4924
5755
5877
5772
5669
5252
4238
2890
1738
828
-272
-1672
-2924
-3787
-4629
-5767
-6828
-7368
-7339
-7118
-6778
-5848
-4155
-2042
-50
1857
3851
5681
6857
7167
7008
6736
6092
4849
3403
2255
1492
719
-195
-961
-1424
-1931
-2872
-3961
-4840
-5512
-6239
-7017
-7407
-7061
-6161
-5252
-4341
-3105
-1632
-431
295
778
1154
1268
660
-692
-2069
-3238
-4802
-6770
-8645
-10024
-10600
-10871
-10916
-10202
-8693
-6935
-5313
-3613
-1606
512
2278
3466
4604
6092
7425
8443
9269
10173
11239
11836
11847
11709
11506
10902
9593
7833
6139
4536
2767
837
-710
-1620
-2369
-3151
-3721
-3771
-3460
-3385
-3539
-3442
-3015
-2520
-2213
-1827
-916
303
1427
2440
3610
4915
5821
6150
6078
5707
5153
4282
3189
2283
1475
660
-145
-816
-1184
-1787
-2878
-4001
-4996
-5679
-6109
-6430
-6204
-5260
-3842
-2235
-453
1531
3295
4455
4909
4900
4800
4385
3583
2725
1996
1526
1093
594
206
-121
-676
-1678
-2883
-3974
-4932
-5706
-6295
-6489
-6013
-5081
-3954
-2570
-1179
-93
575
639
327
-182
-1039
-1964
-2738
-3461
-4214
-4850
-5214
-5586
-6215
-7187
-8246
-8841
-9230
-9652
-9596
-8908
-7627
-6006
-4245
-2003
584
2959
4805
6256
7713
8998
9785
10186
10497
10924
11146
10916
10558
10257
9844
8935
7455
5904
4465
2900
1133
-563
-1765
-2542
-3219
-3765
-3886
-3513
-3090
-2973
-2898
-2560
-2093
-1758
-1510
-970
-12
1054
2083
3185
4515
5782
6495
6647
6400
5860
4989
3716
2511
1593
802
325
-74
-329
-409
-1091
-2210
-3331
-4548
-5556
-6336
-6928
-6849
-6068
-4803
-3171
-1285
653
2201
3280
3759
3758
3520
2820
1934
1136
417
38
-116
-196
-161
-252
-592
-1144
-1812
-2547
-3270
-3758
-4095
-4184
-3887
-3380
-2565
-1766
-1381
-1168
-1193
-1497
-1886
-2326
-2691
-2893
-2957
-3190
-3384
-3355
-3764
-4695
-5899
-7395
-8478
-9180
-9848
-9841
-9021
-7579
-5648
-3480
-992
1746
4137
5858
7035
8055
8834
9184
9239
9233
9472
9741
9862
9995
10089
9916
9299
8150
6696
5146
3416
1565
-171
-1624
-2704
-3476
-3871
-3944
-3870
-3701
-3598
-3418
-3198
-3008
-2623
-2077
-1320
-318
739
2018
3535
4936
5980
6675
7102
7217
6947
6203
5230
4361
3505
2504
1471
598
-202
-1064
-2205
-3709
-5055
-6173
-7295
-7989
-8082
-7623
-6610
-5300
-3687
-1797
67
1512
2425
3020
3305
3219
2920
2561
2341
2240
2110
2072
2087
1970
1550
786
-251
-1472
-2765
-4053
-5092
-5618
-5786
-5613
-4929
-3917
-2629
-1359
-585
-75
246
157
-124
-475
-869
-1115
-1285
-1629
-1969
-2112
-2511
-3526
-4949
-6615
-8068
-9017
-9784
-10096
-9570
-8420
-6791
-4860
-2754
-483
1565
3028
3977
4753
5599
6395
7083
7802
8698
9729
10544
10982
11132
10936
10237
8814
6791
4775
3033
1418
-144
-1457
-2254
-2571
-2778
-3080
-3286
-3303
-3398
-3767
-4138
-4148
-3700
-2982
-2137
-950
713
2546
4184
5491
6570
7444
7819
7572
6970
6278
5572
4670
3473
2377
1626
919
17
-1011
-2046
-2963
-3981
-5378
-6726
-7634
-8210
-8418
-8134
-7311
-5895
-4248
-2706
-1099
578
1968
2833
3227
3420
3539
3461
3143
2800
2572
2259
1716
1012
344
-276
-1061
-2046
-2875
-3329
-3539
-3542
-3312
-2811
-2134
-1489
-873
-204
314
363
40
-301
-459
-499
-568
-729
-792
-802
-1174
-1858
-2604
-3571
-4997
-6799
-8622
-9793
-10143
-10057
-9588
-8486
-6695
-4649
-2716
-897
962
2644
3715
4263
4879
5849
6957
7894
8630
9469
10314
10709
10532
10011
9313
8183
6461
4533
2943
1785
678
-429
-1268
-1738
-2052
-2531
-3095
-3443
-3648
-3965
-4282
-4228
-3610
-2567
-1382
-142
1288
2774
4060
5018
5696
6204
6395
6240
5888
5580
5410
5052
4460
3793
2935
1929
805
-477
-1800
-3165
-4575
-5825
-6650
-7072
-7248
-7146
-6801
-6160
-5281
-4419
-3465
-2376
-1374
-556
68
648
1304
1883
2188
2254
2299
2324
2081
1661
1213
773
308
-280
-872
-1266
-1455
-1613
-1827
-2013
-2036
-1913
-1784
-1599
-1206
-718
-305
-90
14
151
158
-72
-513
-969
-1290
-1678
-2165
-2743
-3290
-3747
-4616
-5870
-7075
-7943
-8301
-8412
-8320
-7649
-6431
-4929
-3371
-1779
-118
1387
2565
3385
4169
5168
6173
7023
7820
8632
9449
10033
10160
9938
9437
8619
7405
5962
4552
3334
2238
1119
76
-676
-1262
-1859
-2457
-2972
-3418
-3792
-4066
-4100
-3744
-3103
-2265
-1276
-126
1038
2127
3068
3753
4232
4514
4669
4846
4999
5038
4927
4679
4288
3725
2937
1864
587
-817
-2272
-3496
-4394
-5045
-5517
-5964
-6281
-6341
-6214
-5953
-5567
-5012
-4302
-3483
-2519
-1365
-48
1210
2183
2875
3401
3744
3774
3474
3014
2546
2035
1395
741
274
-25
-360
-841
-1337
-1667
-1890
-2198
-2503
-2546
-2320
-1959
-1594
-1225
-679
-152
45
39
-77
-250
-440
-653
-769
-818
-1003
-1441
-1965
-2476
-3338
-4748
-6404
-7832
-8641
-8977
-9031
-8541
-7358
-5732
-4135
-2703
-1275
146
1369
2177
2808
3694
4854
6089
7191
8182
9163
9936
10228
10033
9525
8773
7720
6450
5177
4082
3173
2303
1415
574
-212
-1054
-1928
-2756
-3523
-4128
-4517
-4581
-4224
-3594
-2779
-1801
-758
233
1030
1657
2267
2850
3280
3581
3853
4167
4433
4512
4400
4097
3610
2921
2039
1152
402
-277
-979
-1708
-2401
-2999
-3556
-4157
-4661
-4986
-5124
-5128
-4905
-4398
-3683
-2820
-2018
-1300
-586
68
551
852
981
1028
1026
949
812
685
594
489
355
198
70
-22
-190
-452
-691
-805
-767
-672
-541
-294
98
553
874
1016
1023
900
622
170
-436
-1011
-1408
-1673
-1894
-2133
-2435
-2768
-3154
-3825
-4879
-6161
-7397
-8261
-8632
-8588
-8124
-7228
-5922
-4319
-2636
-1054
267
1291
2154
2960
3771
4621
5542
6572
7681
8668
9315
9650
9741
9554
9019
8077
6896
5791
4884
4091
3309
2521
1759
1012
195
-700
-1678
-2644
-3496
-4165
-4599
-4763
-4640
-4267
-3682
-2992
-2321
-1710
-1105
-496
123
729
1277
1858
2544
3318
4072
4669
5072
5252
5177
4841
4209
3390
2582
1816
1063
330
-418
-1155
-1847
-2562
-3417
-4463
-5651
-6803
-7562
-7754
-7462
-6815
-5932
-4859
-3630
-2381
-1305
-562
-144
119
401
860
1479
2096
2668
3179
3570
3803
3817
3560
3125
2629
2149
1748
1431
1181
996
843
659
399
23
-394
-785
-1153
-1488
-1802
-2094
-2336
-2515
-2648
-2714
-2695
-2650
-2667
-2767
-2926
-3048
-3142
-3350
-3691
-4070
-4354
-4460
-4376
-4103
-3643
-3019
-2334
-1680
-1018
-382
156
531
772
1076
1564
2220
2954
3673
4377
5004
5436
5658
5683
5578
5367
5029
4662
4340
4079
3859
3567
3163
2684
2108
1462
806
224
-241
-605
-873
-994
-917
-677
-420
-234
-72
119
327
477
583
762
1071
1428
1687
1808
1851
1860
1746
1441
977
438
-106
-653
-1175
-1606
-1936
-2227
-2508
-2779
-2993
-3167
-3401
-3678
-3907
-4016
-3991
-3881
-3691
-3375
-2935
-2441
-1955
-1474
-1011
-625
-333
-112
103
348
611
883
1152
1452
1742
1946
2078
2137
2110
2029
1917
1811
1780
1832
1893
1918
1922
1866
1705
1438
1120
810
511
216
-55
-233
-279
-281
-323
-378
-422
-467
-544
-643
-727
-783
-821
-865
-887
-869
-818
-760
-725
-693
-660
-681
-770
-930
-1139
-1372
-1630
-1914
-2169
-2343
-2458
-2563
-2644
-2689
-2727
-2813
-2921
-2969
-2931
-2858
-2808
-2723
-2469
-2078
-1674
-1290
-880
-401
88
532
957
1421
1926
2391
2805
3224
3636
4002
4289
4523
4744
4903
4965
4944
4897
4839
4704
4453
4140
3839
3517
3137
2707
2307
1984
1653
1283
912
584
298
-7
-330
-591
-768
-898
-998
-1062
-1071
-1039
-1010
-1009
-1035
-1085
-1171
-1275
-1360
-1407
-1430
-1465
-1515
-1564
-1618
-1666
-1736
-1835
-1945
-2046
-2137
-2217
-2243
-2224
-2186
-2129
-2053
-1962
-1854
-1745
-1632
-1519
-1421
-1346
-1258
-1093
-887
-681
-452
-176
154
485
787
1074
1362
1626
1813
1939
2047
2158
2259
2332
2373
2383
2357
2295
2194
2054
1863
1615
1341
1082
850
617
370
128
-107
-324
-552
-811
-1071
-1328
-1566
-1781
-1974
-2118
-2222
-2311
-2405
-2519
-2633
-2753
-2898
-3037
-3129
-3146
-3076
-2926
-2693
-2380
-2023
-1687
-1393
-1136
-927
-745
-577
-388
-151
119
397
670
948
1183
1338
1422
1469
1509
1540
1593
1698
1834
1991
2138
2254
2371
2473
2539
2606
2680
2760
2855
2974
3100
3209
3286
3331
3355
3358
3326
3245
3144
3034
2882
2670
2438
2209
1982
1744
1480
1211
950
657
303
-94
-495
-889
-1292
-1719
-2111
-2421
-2690
-2957
-3228
-3479
-3695
-3898
-4122
-4325
-4422
-4391
-4283
-4138
-3930
-3631
-3283
-2940
-2621
-2300
-1955
-1615
-1296
-950
-552
-164
192
517
825
1079
1253
1314
1323
1337
1315
1245
1153
1120
1150
1166
1142
1124
1124
1108
1022
887
802
762
696
604
543
555
592
594
582
590
609
607
567
546
550
526
464
392
345
296
201
61
-83
-209
-363
-583
-828
-1063
-1291
-1522
-1759
-1961
-2118
-2266
-2405
-2503
-2546
-2550
-2537
-2478
-2326
-2109
-1897
-1709
-1508
-1272
-1039
-848
-659
-432
-174
102
365
627
911
1176
1395
1571
1730
1899
2096
2318
2557
2805
3058
3276
3444
3582
3681
3741
3755
3740
3725
3686
3606
3466
3270
3041
2749
2398
2042
1713
1417
1148
895
660
437
208
-36
-282
-504
-711
-893
-1053
-1170
-1269
-1352
-1431
-1489
-1529
-1570
-1620
-1674
-1710
-1757
-1845
-1965
-2081
-2176
-2247
-2292
-2295
-2266
-2234
-2241
-2293
-2379
-2475
-2550
-2567
-2479
-2293
-2066
-1820
-1579
-1375
-1277
-1305
-1405
-1446
-1256
-798
-142
551
1177
1642
1917
1985
1845
1583
1346
1252
1309
1481
1640
1704
1597
1296
831
288
-217
-569
-687
-568
-297
-35
111
68
-153
-470
-786
-1050
-1199
-1171
-980
-730
-543
-523
-700
-1041
-1489
-1952
-2335
-2553
-2572
-2402
-2085
-1688
-1286
-944
-697
-526
-386
-217
14
313
696
1187
1757
2345
2880
3322
3670
3907
4007
3972
3866
3734
3596
3456
3360
3338
3347
3313
3191
2977
2683
2326
1905
1482
1129
884
729
646
608
595
534
375
150
-94
-312
-486
-582
-558
-411
-226
-78
0
5
-70
-237
-478
-722
-941
-1145
-1329
-1465
-1536
-1581
-1672
-1825
-2006
-2190
-2361
-2529
-2665
-2720
-2661
-2497
-2259
-2011
-1802
-1644
-1531
-1459
-1408
-1412
-1458
-1424
-1250
-915
-558
-362
-336
-398
-495
-628
-841
-1057
-1172
-1147
-991
-799
-601
-409
-242
-101
3
82
113
113
106
126
180
217
251
320
478
682
842
909
880
785
644
489
361
255
185
174
238
358
449
442
334
166
-30
-236
-436
-584
-621
-553
-448
-381
-347
-289
-184
-42
101
242
407
633
910
1219
1536
1801
2015
2190
2352
2488
2580
2608
2575
2516
2436
2325
2203
2100
2029
1981
1924
1845
1743
1605
1429
1238
1047
868
722
596
468
329
185
36
-130
-319
-496
-636
-727
-796
-891
-1011
-1182
-1420
-1674
-1881
-1974
-1950
-1841
-1674
-1466
-1248
-1065
-926
-814
-692
-554
-437
-351
-300
-291
-308
-354
-417
-458
-496
-570
-657
-749
-853
-978
-1155
-1345
-1494
-1539
-1472
-1343
-1207
-1129
-1107
-1093
-1078
-1095
-1174
-1252
-1217
-1034
-783
-606
-559
-560
-526
-510
-578
-698
-738
-609
-365
-157
-86
-116
-105
-6
117
171
120
49
81
211
349
414
420
460
569
689
754
782
840
951
1021
983
842
675
541
457
403
359
296
209
106
3
-98
-190
-242
-230
-164
-66
42
163
312
487
690
903
1107
1330
1583
1858
2180
2522
2836
3064
3192
3262
3295
3261
3129
2888
2596
2320
2071
1822
1555
1255
895
492
59
-373
-755
-1057
-1265
-1355
-1332
-1257
-1190
-1169
-1183
-1193
-1192
-1150
-1046
-862
-594
-304
-33
182
294
259
117
-66
-192
-236
-263
-276
-295
-325
-376
-496
-703
-1010
-1389
-1725
-1927
-2008
-2039
-2059
-2053
-1968
-1891
-1944
-2131
-2380
-2540
-2523
-2363
-2135
-1914
-1691
-1461
-1263
-1127
-1103
-1170
-1222
-1221
-1132
-1012
-898
-745
-548
-302
-107
-44
-91
-154
-149
-95
-19
59
180
401
675
943
1135
1246
1313
1331
1304
1224
1109
980
872
803
738
647
525
390
236
22
-246
-489
-616
-578
-411
-178
80
322
523
669
769
839
915
1043
1246
1531
1866
2200
2513
2794
2994
3060
2996
2871
2752
2655
2569
2490
2418
2361
2293
2171
1967
1665
1299
944
669
469
314
195
112
62
-12
-140
-324
-536
-744
-933
-1074
-1125
-1086
-976
-826
-682
-603
-627
-730
-872
-981
-1038
-1064
-1075
-1071
-1030
-981
-958
-970
-1020
-1105
-1200
-1282
-1358
-1435
-1492
-1511
-1464
-1410
-1385
-1383
-1397
-1418
-1458
-1548
-1644
-1692
-1685
-1608
-1509
-1430
-1366
-1306
-1220
-1095
-986
-919
-879
-832
-762
-713
-700
-699
-677
-623
-518
-381
-236
-98
6
100
190
260
313
370
449
572
730
903
1066
1195
1283
1313
1296
1242
1180
1128
1092
1083
1078
1027
915
741
544
354
184
42
-70
-123
-117
-74
-54
-84
-147
-179
-122
-3
126
269
432
613
822
1015
1177
1304
1383
1433
1449
1449
1456
1486
1532
1551
1507
1412
1300
1198
1091
1010
981
990
998
948
851
739
643
544
422
296
209
182
193
192
152
75
17
4
5
-17
-82
-152
-178
-170
-216
-349
-523
-649
-691
-712
-761
-826
-859
-815
-744
-716
-754
-833
-892
-903
-897
-921
-956
-980
-994
-1030
-1111
-1197
-1248
-1255
-1221
-1181
-1163
-1205
-1298
-1381
-1413
-1404
-1434
-1488
-1534
-1546
-1508
-1458
-1424
-1400
-1356
-1270
-1165
-1052
-949
-817
-624
-385
-153
-38
-8
3
41
138
265
409
614
838
1024
1134
1146
1090
1006
933
911
926
931
943
968
1006
1039
1027
956
846
721
600
490
406
361
365
416
484
518
486
417
343
288
262
238
234
293
394
517
632
715
755
754
731
699
662
630
639
717
858
1027
1157
1230
1246
1194
1062
901
763
689
685
715
746
766
760
714
618
455
244
31
-156
-297
-387
-453
-492
-499
-518
-575
-683
-824
-942
-1018
-1032
-991
-895
-758
-622
-514
-437
-388
-346
-291
-218
-135
-54
8
24
3
-45
-108
-158
-213
-300
-415
-539
-668
-793
-906
-1012
-1101
-1191
-1295
-1406
-1497
-1546
-1537
-1467
-1314
-1128
-954
-813
-738
-711
-700
-662
-574
-442
-330
-274
-214
-112
19
117
124
77
27
-13
-41
-79
-83
-5
155
355
506
567
522
441
380
354
384
477
642
846
999
1070
1077
1034
974
912
825
725
629
535
478
471
490
502
490
428
321
192
81
2
-34
-19
64
206
390
548
614
630
615
603
596
590
611
662
717
751
759
782
795
773
694
528
312
65
-166
-337
-443
-454
-378
-281
-204
-204
-292
-408
-499
-550
-571
-564
-487
-308
-73
154
305
372
404
401
338
196
10
-115
-101
23
156
219
200
143
52
-99
-315
-559
-744
-808
-753
-655
-566
-507
-474
-459
-484
-565
-673
-736
-707
-617
-542
-492
-426
-336
-272
-312
-478
-676
-802
-851
-854
-848
-820
-750
-643
-561
-552
-604
-687
-738
-750
-740
-709
-634
-486
-302
-132
-14
53
108
166
218
257
288
341
423
503
569
607
616
628
650
655
655
668
685
689
657
589
514
485
506
539
570
589
614
653
679
661
588
493
411
354
321
305
299
311
337
354
328
255
164
71
-6
-53
-69
-44
16
89
143
164
160
145
143
160
209
266
319
374
433
516
602
648
633
554
449
323
177
42
-52
-89
-73
-39
-37
-81
-177
-301
-425
-556
-701
-824
-868
-821
-717
-610
-512
-389
-229
-91
-30
-35
-65
-78
-75
-52
0
92
224
347
407
392
298
139
-45
-231
-394
-517
-593
-581
-482
-352
-246
-209
-222
-267
-381
-568
-766
-893
-871
-671
-364
-61
163
257
227
82
-168
-467
-699
-774
-667
-441
-223
-43
80
157
170
63
-159
-414
-580
-600
-480
-278
-42
235
530
752
781
600
319
78
-62
-121
-123
-46
152
406
576
581
407
146
-88
-268
-417
-535
-548
-397
-114
180
379
475
507
487
383
220
72
23
113
341
619
846
987
1024
983
877
693
440
197
45
4
35
105
192
294
369
361
258
76
-130
-306
-403
-384
-260
-105
66
251
416
510
484
337
139
-26
-128
-182
-212
-210
-138
-11
140
213
146
-22
-230
-414
-561
-665
-703
-617
-404
-167
20
134
190
188
108
-33
-197
-306
-294
-184
-31
122
263
378
431
377
194
-70
-342
-553
-658
-649
-545
-356
-137
31
91
29
-114
-286
-449
-557
-598
-535
-347
-75
189
367
410
325
156
-57
-262
-426
-518
-499
-360
-152
65
195
179
53
-143
-373
-592
-751
-797
-692
-462
-160
97
264
341
335
259
131
-28
-144
-111
37
233
422
572
694
777
764
622
398
161
-15
-141
-217
-230
-182
-60
73
152
148
81
-35
-188
-362
-509
-538
-382
-89
241
514
695
785
777
651
466
313
260
310
423
561
701
832
884
821
634
366
98
-96
-195
-207
-170
-95
-5
75
95
16
-131
-277
-367
-399
-387
-356
-330
-302
-271
-243
-224
-215
-218
-220
-224
-259
-330
-403
-441
-444
-419
-378
-313
-236
-152
-77
-38
-26
-37
-47
-25
24
91
166
246
340
414
442
417
348
268
203
150
111
105
130
159
147
80
-44
-190
-299
-347
-356
-343
-303
-220
-108
-28
-16
-63
-127
-145
-97
-1
97
175
248
322
362
335
252
163
111
96
92
70
50
58
78
79
13
-114
-231
-287
-300
-314
-327
-313
-257
-191
-172
-209
-264
-289
-288
-276
-263
-245
-202
-136
-66
-3
14
19
34
38
48
51
57
71
87
90
82
81
95
128
161
198
222
222
205
162
107
32
-33
-60
-19
82
184
255
260
219
151
60
-46
-136
-186
-192
-161
-109
-61
-31
-32
-53
-99
-179
-242
-240
-175
-82
12
120
230
325
378
370
327
294
296
315
322
304
273
262
273
261
217
133
22
-96
-222
-342
-442
-486
-470
-400
-303
-227
-198
-218
-272
-321
-358
-353
-291
-179
-26
137
272
368
427
450
429
362
269
181
129
137
181
221
242
214
134
29
-78
-194
-292
-349
-356
-326
-279
-234
-187
-138
-89
-52
-38
-31
-14
15
40
48
39
40
76
135
178
175
130
61
-16
-110
-232
-344
-398
-368
-275
-161
-76
-54
-79
-115
-161
-200
-224
-206
-110
43
184
262
271
240
207
170
128
73
37
43
90
132
118
45
-44
-93
-107
-113
-109
-73
-2
76
110
90
49
25
29
56
105
166
247
336
407
418
357
253
159
91
51
46
55
75
72
13
-93
-207
-306
-376
-386
-339
-253
-155
-73
-22
-14
-28
-43
-52
-36
9
80
166
240
270
260
230
203
173
134
96
69
46
19
-25
-76
-113
-130
-128
-118
-95
-66
-53
-62
-96
-153
-209
-227
-201
-142
-62
16
80
114
93
17
-70
-134
-158
-145
-110
-55
10
76
114
115
79
22
-30
-45
-18
37
97
152
185
180
140
67
-14
-69
-84
-68
-31
-4
-16
-58
-109
-163
-213
-259
-279
-266
-228
-187
-160
-156
-142
-106
-57
11
75
123
166
201
214
206
181
163
159
165
170
162
142
111
73
14
-51
-118
-177
-209
-217
-200
-191
-189
-197
-198
-193
-186
-178
-153
-93
-12
78
153
205
227
229
217
204
194
200
223
251
267
246
191
127
71
35
12
-4
-9
-6
1
4
-1
5
27
63
102
123
114
97
92
102
113
117
131
157
187
194
165
106
39
-24
-91
-141
-171
-171
-148
-113
-87
-94
-125
-170
-207
-228
-235
-230
-200
-144
-67
-8
19
17
-2
-19
-37
-47
-44
-26
0
34
68
95
110
110
99
68
18
-34
-75
-100
-112
-114
-108
-84
-59
-48
-54
-80
-118
-169
-223
-267
-293
-289
-249
-173
-73
31
108
144
131
69
-26
-106
-146
-134
-55
68
197
300
357
347
277
182
87
17
-9
13
64
121
162
168
124
65
1
-64
-109
-139
-146
-133
-108
-73
-43
-24
-20
-28
-55
-95
-126
-147
-144
-127
-100
-55
-2
39
61
77
83
89
94
94
92
91
102
121
153
185
204
200
170
107
26
-51
-108
-134
-119
-73
-20
14
22
9
-28
-69
-107
-125
-102
-42
44
125
182
201
172
125
75
27
-3
0
39
94
138
156
148
123
77
23
-32
-79
-97
-86
-63
-47
-37
-33
-32
-49
-90
-142
-198
-239
-237
-202
-143
-71
3
63
94
92
62
17
-22
-46
-45
-14
36
76
104
113
90
39
-33
-110
-169
-202
-197
-159
-99
-22
51
101
120
108
75
54
47
43
53
77
112
149
181
180
143
86
18
-46
-96
-124
-132
-122
-100
-78
-65
-58
-48
-34
-24
-27
-36
-49
-58
-64
-67
-55
-38
-22
-10
-12
-28
-54
-83
-100
-101
-72
-20
40
97
136
156
144
115
67
14
-32
-63
-68
-38
17
76
120
137
110
46
-30
-101
-155
-172
-140
-58
55
166
257
308
305
253
173
88
13
-40
-67
-72
-67
-67
-60
-44
-40
-48
-66
-90
-110
-119
-111
-86
-39
21
90
148
175
157
99
20
-60
-128
-161
-162
-140
-109
-94
-99
-119
-142
-161
-164
-154
-125
-72
-7
61
112
132
125
99
66
39
10
-10
-16
-16
-12
-4
4
16
33
55
83
114
140
165
181
167
129
74
5
-49
-82
-93
-79
-45
-14
-7
-20
-46
-75
-98
-91
-54
-1
69
138
183
197
181
134
85
44
-1
-37
-66
-88
-99
-111
-120
-118
-111
-100
-98
-99
-110
-125
-139
-141
-121
-85
-28
31
83
116
126
105
68
28
-7
-25
-20
9
60
114
158
182
180
152
107
58
22
21
39
75
110
126
120
78
19
-51
-117
-157
-168
-148
-106
-55
-7
24
38
21
-1
-21
-34
-37
-29
-2
33
70
101
115
106
72
16
-43
-101
-147
-174
-179
-164
-136
-96
-55
-20
1
11
16
11
-5
-22
-38
-52
-65
-83
-103
-118
-130
-132
-121
-99
-74
-36
12
60
109
146
169
167
148
122
85
54
29
10
-6
-12
-11
-5
8
20
21
22
22
14
4
-6
-12
-20
-12
-2
6
16
20
7
-13
-35
-54
-66
-59
-30
6
61
122
173
201
205
186
137
73
4
-56
-90
-97
-90
-72
-55
-43
-44
-49
-55
-63
-57
-30
7
57
115
165
184
182
159
114
59
4
-43
-87
-121
-138
-142
-143
-126
-94
-33
45
112
167
205
211
183
116
22
-70
-148
-203
-228
-221
-191
-144
-98
-58
-31
-29
-30
-21
-6
21
65
115
157
185
188
156
93
14
-67
-135
-191
-217
-204
-162
-102
-39
20
60
75
60
25
-25
-80
-125
-142
-131
-96
-48
-2
28
36
12
-37
-96
-144
-163
-135
-49
77
218
350
443
476
444
349
204
32
-128
-258
-345
-378
-353
-290
-193
-81
26
125
202
253
280
279
234
158
55
-62
-173
-259
-301
-298
-257
-181
-89
8
87
144
175
192
203
202
199
181
153
105
38
-43
-137
-231
-308
-357
-364
-337
-282
-205
-116
-28
34
83
119
149
182
217
257
291
312
311
283
220
128
26
-71
-142
-173
-169
-130
-68
-7
58
108
132
132
104
68
27
-12
-39
-53
-50
-33
-15
3
7
5
-8
-32
-52
-78
-91
-87
-80
-59
-38
-16
4
12
12
10
11
21
31
35
32
21
-5
-52
-103
-164
-202
-218
-212
-178
-125
-59
9
73
107
113
92
55
16
-14
-25
-13
27
79
131
168
184
175
145
104
61
20
-9
-22
-26
-27
-30
-31
-31
-30
-26
-7
28
75
122
152
165
147
92
10
-88
-193
-285
-343
-356
-314
-231
-111
26
155
259
317
314
257
149
5
-140
-259
-330
-337
-277
-169
-50
54
114
123
75
-16
-119
-198
-234
-204
-112
27
181
308
394
418
378
278
144
-1
-132
-236
-315
-359
-364
-340
-281
-186
-63
84
252
408
524
573
549
454
283
74
-142
-327
-449
-489
-450
-337
-175
6
178
317
405
431
402
325
203
51
-93
-221
-318
-375
-375
-331
-258
-182
-110
-56
-23
-12
-5
12
38
92
164
243
302
325
297
218
99
-42
-170
-277
-341
-369
-367
-344
-314
-277
-223
-147
-46
81
219
358
474
526
513
426
271
71
-129
-291
-381
-389
-324
-195
-42
111
228
293
311
281
222
157
93
27
-17
-46
-69
-87
-97
-104
-106
-104
-104
-104
-101
-88
-58
-13
46
115
187
250
288
283
240
156
39
-88
-202
-287
-328
-325
-279
-199
-101
5
96
163
210
231
231
209
160
85
-5
-109
-219
-317
-386
-411
-375
-276
-132
30
184
298
352
339
272
164
42
-55
-113
-127
-87
-15
62
119
135
103
19
-97
-218
-323
-389
-405
-364
-273
-158
-35
74
155
188
166
109
36
-32
-81
-97
-71
-8
76
170
264
333
367
352
291
190
55
-93
-237
-354
-432
-445
-392
-280
-123
52
225
358
453
494
477
407
288
138
-24
-175
-289
-362
-384
-359
-294
-186
-58
73
192
277
304
270
186
72
-41
-128
-178
-182
-137
-60
33
123
185
212
191
143
79
6
-58
-102
-124
-126
-104
-74
-43
-21
-19
-41
-84
-137
-195
-248
-279
-277
-240
-144
0
169
341
487
582
614
571
450
271
53
-177
-387
-559
-670
-700
-648
-520
-325
-100
137
346
500
585
591
533
417
270
108
-41
-164
-240
-272
-267
-233
-183
-124
-71
-30
-12
9
24
34
44
63
90
117
153
183
200
193
155
80
-20
-135
-256
-370
-447
-471
-438
-332
-163
36
239
415
545
595
555
425
227
0
-233
-428
-559
-615
-586
-490
-349
-192
-38
95
207
285
342
381
394
390
362
305
212
92
-50
-210
-364
-494
-574
-594
-548
-426
-248
-18
227
452
634
753
787
723
585
380
140
-105
-323
-486
-587
-615
-568
-459
-299
-113
74
248
395
490
528
510
433
301
126
-61
-241
-394
-506
-560
-549
-487
-377
-240
-87
66
193
298
370
391
372
312
227
115
-4
-122
-225
-299
-340
-353
-341
-313
-273
-214
-143
-43
69
204
343
462
538
547
476
331
134
-86
-291
-447
-526
-511
-404
-227
-22
178
339
441
466
426
334
209
76
-43
-140
-208
-236
-238
-215
-172
-115
-59
-2
47
81
103
110
102
77
44
11
-23
-58
-83
-104
-116
-112
-91
-54
-14
29
65
73
62
35
-14
-61
-95
-99
-64
2
78
152
209
228
208
162
97
31
-15
-24
-4
37
86
124
129
95
24
-71
-168
-249
-295
-296
-255
-181
-85
20
119
204
268
313
338
342
314
258
179
78
-39
-153
-247
-311
-351
-365
-348
-317
-274
-225
-173
-117
-65
-8
49
94
128
147
150
134
105
70
27
-10
-39
-57
-69
-76
-85
-97
-107
-118
-127
-126
-122
-108
-78
-39
11
83
165
250
330
398
431
418
363
265
131
-24
-174
-298
-372
-391
-349
-268
-162
-45
61
144
195
208
209
198
174
138
98
56
10
-45
-105
-154
-192
-219
-228
-219
-187
-141
-88
-31
15
43
60
67
54
30
-13
-57
-102
-145
-173
-177
-141
-77
5
98
186
254
285
276
233
159
74
3
-47
-67
-67
-58
-55
-70
-106
-161
-215
-255
-258
-214
-114
30
194
363
505
592
615
572
468
319
145
-34
-180
-288
-353
-369
-340
-287
-225
-165
-112
-65
-23
16
58
98
148
192
212
213
179
117
28
-72
-162
-231
-276
-289
-274
-241
-205
-166
-123
-82
-41
-6
46
100
135
147
127
83
19
-50
-107
-127
-102
-34
56
151
223
251
234
167
67
-60
-179
-255
-287
-278
-231
-153
-61
34
117
198
269
320
346
342
300
226
119
-7
-132
-246
-313
-328
-290
-214
-112
-9
78
135
162
156
124
82
34
5
-10
-10
6
31
61
90
110
121
117
91
49
-10
-86
-166
-241
-297
-319
-309
-263
-192
-97
-3
86
172
237
272
283
262
208
129
36
-50
-120
-164
-169
-141
-88
-19
38
69
66
27
-38
-107
-158
-189
-179
-134
-69
7
77
123
140
129
105
88
78
81
99
127
158
180
179
158
117
56
-10
-70
-134
-196
-246
-292
-314
-309
-270
-199
-102
16
139
250
337
386
389
344
256
138
17
-105
-215
-305
-368
-397
-388
-345
-275
-182
-87
5
83
143
181
202
205
206
211
209
206
190
143
69
-23
-121
-214
-282
-303
-276
-205
-103
4
98
167
200
194
163
119
72
46
46
56
66
70
60
33
-5
-45
-73
-77
-59
-34
-10
0
-12
-43
-98
-162
-213
-239
-226
-176
-97
-3
97
173
229
257
262
250
227
193
148
93
32
-38
-118
-187
-246
-274
-271
-240
-188
-127
-71
-25
10
36
65
97
142
194
242
273
277
249
193
114
24
-50
-106
-147
-167
-170
-159
-148
-134
-123
-104
-73
-29
28
91
148
183
198
184
138
61
-24
-99
-154
-177
-164
-122
-63
-1
50
84
97
78
27
-39
-118
-192
-250
-286
-288
-260
-188
-81
41
166
275
359
405
412
376
302
205
89
-26
-133
-219
-286
-326
-340
-325
-282
-213
-127
-38
54
131
193
237
270
293
295
285
257
206
139
59
-25
-110
-185
-234
-256
-245
-201
-139
-71
-8
37
65
71
58
41
28
22
25
33
46
56
66
72
73
78
90
108
125
135
135
105
48
-34
-133
-231
-314
-365
-386
-369
-315
-233
-125
2
138
268
385
475
515
499
430
312
163
-16
-197
-358
-481
-549
-566
-533
-463
-358
-239
-111
16
130
228
306
353
365
337
273
180
75
-26
-114
-180
-212
-215
-192
-152
-109
-69
-32
-5
8
30
52
73
95
108
114
106
87
62
40
30
38
63
98
137
162
176
170
144
97
46
0
-52
-97
-138
-177
-204
-222
-229
-215
-177
-109
-22
71
157
232
281
301
281
225
158
74
-13
-91
-157
-207
-242
-261
-257
-238
-200
-157
-102
-51
-12
16
29
36
37
39
55
87
119
156
185
193
177
138
84
19
-45
-101
-144
-166
-165
-149
-115
-69
-19
29
78
123
147
147
129
97
52
7
-31
-45
-29
12
69
130
180
202
194
156
92
10
-68
-135
-183
-204
-191
-156
-101
-44
14
70
103
116
108
78
25
-41
-101
-153
-177
-180
-148
-84
-17
43
85
95
73
26
-34
-95
-147
-171
-170
-143
-92
-34
29
81
115
127
123
105
71
29
-18
-62
-93
-112
-111
-88
-50
-2
47
86
111
115
100
71
37
0
-23
-30
-29
-17
-1
11
19
21
20
11
0
-6
-11
-13
-11
-4
9
33
56
76
106
125
127
111
69
9
-68
-148
-215
-252
-255
-216
-140
-41
64
157
228
269
270
242
192
119
35
-54
-138
-203
-244
-250
-220
-165
-81
7
87
146
174
168
130
77
21
-22
-42
-32
-5
34
74
99
107
97
67
28
-17
-58
-93
-118
-131
-132
-120
-92
-56
-20
17
46
51
38
7
-32
-68
-93
-94
-80
-47
2
53
92
114
111
80
32
-31
-104
-165
-207
-228
-217
-172
-111
-35
43
122
192
236
253
241
197
130
60
-9
-64
-99
-111
-92
-47
6
56
100
128
134
118
81
34
-10
-41
-62
-63
-51
-27
7
39
67
74
69
49
10
-40
-87
-128
-155
-161
-138
-92
-36
25
77
105
109
91
53
5
-46
-96
-124
-128
-114
-83
-47
0
34
56
64
59
44
18
-16
-41
-59
-65
-60
-40
-11
22
61
94
111
111
93
59
14
-36
-83
-115
-122
-104
-63
-11
51
105
147
171
172
147
112
67
10
-42
-85
-112
-122
-113
-86
-45
8
61
109
140
148
130
88
26
-47
-113
-157
-176
-169
-136
-81
-22
34
77
108
120
114
87
48
1
-46
-85
-112
-120
-109
-87
-44
1
35
49
43
22
-8
-40
-66
-76
-72
-49
-12
35
82
122
146
157
144
99
41
-19
-80
-131
-167
-182
-174
-147
-102
-43
22
77
115
133
132
117
92
58
17
-24
-45
-51
-48
-32
-9
10
21
28
29
29
27
21
9
-4
-23
-37
-50
-60
-60
-58
-39
-9
17
44
66
82
85
77
62
47
30
12
-1
-10
-25
-33
-40
-43
-41
-39
-25
0
23
39
45
49
45
33
20
14
14
23
35
44
50
45
29
2
-27
-58
-86
-103
-107
-100
-82
-59
-33
-5
17
38
50
54
55
42
23
-4
-33
-60
-82
-91
-84
-61
-30
-2
27
46
44
29
1
-35
-68
-83
-80
-57
-21
16
57
90
105
96
79
55
17
-13
-36
-52
-57
-49
-26
4
36
65
87
94
85
58
16
-41
-107
-166
-198
-198
-170
-118
-48
31
109
167
204
215
207
172
117
53
-13
-67
-116
-145
-161
-164
-144
-107
-67
-25
13
48
77
99
109
111
100
76
52
22
-7
-30
-51
-64
-71
-76
-77
-65
-49
-35
-19
2
25
53
75
88
95
91
79
62
43
26
6
-13
-31
-47
-57
-54
-41
-17
17
52
84
108
122
120
99
66
19
-31
-76
-115
-134
-138
-123
-88
-37
22
73
115
138
140
123
88
41
-13
-69
-114
-148
-165
-164
-148
-122
-84
-44
-16
7
28
37
45
50
57
65
72
76
74
70
56
35
7
-28
-62
-94
-116
-131
-132
-116
-85
-47
-5
38
75
108
131
138
127
101
62
19
-26
-68
-93
-100
-92
-66
-34
8
50
80
95
102
98
76
46
11
-21
-49
-63
-63
-53
-31
-10
12
33
47
48
45
41
26
6
-19
-40
-55
-66
-65
-52
-39
-22
-8
-1
0
-6
-19
-31
-39
-45
-39
-22
1
25
42
55
61
58
45
24
-5
-38
-67
-88
-102
-104
-95
-66
-30
11
59
100
127
132
117
92
57
22
-11
-38
-54
-66
-66
-62
-51
-30
-17
-4
4
-1
-9
-16
-25
-23
-11
-1
12
25
39
47
55
56
54
45
27
7
-9
-21
-30
-29
-18
-3
7
9
9
-3
-17
-36
-57
-69
-75
-70
-59
-40
-16
14
41
68
91
104
105
100
75
42
9
-28
-62
-86
-93
-81
-50
-10
34
73
104
122
123
113
88
52
15
-14
-44
-70
-87
-93
-88
-70
-40
-8
21
44
60
67
61
47
31
14
4
-7
-7
1
11
24
35
40
40
31
15
-4
-26
-49
-71
-90
-102
-106
-102
-92
-80
-69
-51
-35
-21
-4
6
20
37
57
80
102
116
118
111
91
59
14
-33
-76
-115
-145
-156
-145
-121
-81
-35
5
37
59
65
65
56
40
20
-1
-18
-29
-33
-32
-22
-18
-8
3
10
15
12
10
5
3
3
5
12
22
34
43
49
46
36
19
-5
-37
-60
-72
-77
-69
-53
-30
-3
19
43
59
66
68
64
55
35
16
-8
-28
-41
-52
-47
-34
-14
12
39
67
88
95
92
76
52
18
-16
-43
-64
-74
-79
-77
-69
-56
-34
-3
27
51
69
81
90
93
93
88
77
65
46
18
-8
-37
-65
-87
-104
-119
-117
-105
-89
-66
-41
-12
11
30
45
51
48
39
29
18
4
-4
-10
-11
-7
-2
5
14
16
20
20
11
-3
-18
-29
-39
-45
-50
-52
-48
-49
-44
-40
-41
-32
-29
-18
1
20
45
75
101
116
121
116
96
71
40
9
-20
-46
-65
-73
-74
-71
-68
-57
-43
-31
-21
-10
-6
-10
-12
-10
-6
-2
5
16
29
33
36
35
34
30
10
-3
-10
-20
-29
-33
-34
-29
-16
-2
12
23
29
28
20
6
-9
-25
-37
-47
-55
-55
-42
-30
-13
3
21
38
51
59
62
64
65
65
64
63
57
51
43
29
8
-11
-27
-40
-49
-50
-50
-47
-43
-37
-28
-18
-8
2
12
17
20
16
11
7
0
1
6
16
25
35
42
44
45
41
36
30
19
6
-10
-28
-45
-60
-69
-77
-85
-84
-75
-65
-53
-40
-27
-10
3
20
36
50
61
70
77
81
77
67
51
31
-1
-36
-64
-86
-100
-104
-96
-80
-57
-28
3
27
45
54
54
45
35
21
4
-11
-21
-26
-20
-10
3
20
35
48
56
58
52
40
29
18
7
-2
-10
-22
-36
-52
-67
-75
-75
-68
-56
-43
-33
-27
-20
-12
-4
6
19
31
45
51
51
45
35
21
2
-8
-16
-24
-30
-32
-26
-13
0
19
36
49
61
63
57
42
21
-2
-18
-32
-44
-46
-38
-24
-6
12
36
59
75
85
84
78
62
36
6
-23
-44
-60
-72
-71
-69
-61
-43
-24
-1
19
38
49
52
45
33
18
-3
-20
-33
-41
-48
-51
-49
-46
-45
-42
-34
-29
-16
-5
3
6
6
4
6
12
18
24
29
32
32
29
22
12
1
-4
4
8
12
18
19
20
14
10
5
-2
-3
-2
3
6
9
8
7
8
10
16
21
27
30
30
30
22
11
-1
-10
-19
-27
-39
-48
-52
-49
-39
-26
-13
-5
8
19
23
23
25
27
24
20
11
-3
-16
-31
-40
-45
-47
-42
-33
-27
-21
-18
-9
-2
-1
4
10
16
19
20
17
7
-6
-16
-26
-29
-29
-24
-12
0
5
7
7
10
5
1
-3
-11
-20
-29
-38
-40
-35
-21
2
29
54
71
79
81
73
57
44
33
19
5
-9
-25
-38
-48
-58
-61
-63
-58
-47
-37
-20
-1
20
39
50
53
52
52
45
34
24
8
-4
-15
-24
-27
-25
-19
-16
-14
-17
-21
-23
-23
-23
-20
-19
-11
-1
9
21
30
42
51
62
64
61
53
43
32
21
10
0
-13
-28
-42
-52
-57
-61
-56
-40
-20
-2
13
25
30
29
26
26
27
29
24
20
14
6
-4
-12
-20
-31
-43
-54
-58
-60
-58
-54
-48
-38
-23
-7
12
27
35
40
39
36
30
27
34
39
42
37
31
21
7
-4
-14
-20
-24
-26
-30
-35
-42
-46
-42
-29
-15
3
24
38
50
56
58
55
52
47
38
28
18
8
-2
-8
-11
-13
-14
-16
-22
-25
-25
-22
-23
-20
-15
-12
-7
-5
-1
4
8
12
13
14
13
10
3
-5
-15
-21
-21
-24
-26
-21
-15
-13
-11
-8
-5
-4
-3
-9
-10
-16
-19
-21
-19
-15
-15
-10
-2
5
9
7
2
1
1
7
8
10
14
21
26
29
29
24
18
10
1
-8
-12
-15
-17
-14
-12
-10
-6
1
8
15
21
25
28
22
18
14
12
12
11
17
24
27
27
19
13
0
-8
-16
-20
-22
-27
-31
-32
-33
-29
-20
-11
0
11
22
32
35
30
21
6
-14
-31
-45
-55
-57
-53
-43
-28
-16
-5
-4
-4
-3
-1
5
13
18
20
22
21
20
15
10
4
0
-5
-7
-9
-12
-19
-25
-30
-33
-32
-23
-14
-7
-2
0
2
3
11
19
22
24
24
27
26
30
35
38
41
41
31
21
6
-14
-32
-46
-51
-51
-42
-32
-21
-9
2
15
25
36
49
60
65
68
62
52
42
29
18
7
-9
-24
-34
-46
-48
-49
-43
-34
-24
-17
-9
0
10
20
30
42
56
57
52
41
29
15
-1
-14
-21
-24
-27
-28
-30
-33
-34
-35
-33
-29
-25
-20
-16
-12
-1
12
25
34
42
46
42
30
14
0
-16
-34
-41
-46
-49
-52
-60
-59
-52
-44
-36
-17
6
24
37
43
44
39
29
22
15
12
12
7
-1
-10
-17
-20
-18
-16
-16
-17
-15
-15
-10
-7
-3
6
18
28
32
36
39
40
42
40
37
35
27
14
-6
-27
-45
-54
-59
-58
-54
-48
-40
-33
-26
-18
-9
-2
9
21
28
37
45
48
51
48
41
26
10
-9
-28
-45
-57
-61
-59
-52
-38
-24
-9
2
12
24
36
46
49
50
43
35
24
13
0
-7
-12
-13
-12
-15
-16
-17
-17
-17
-18
-15
-12
-11
-11
-9
-4
6
22
39
47
51
49
45
37
26
21
17
8
-3
-17
-31
-44
-55
-62
-59
-48
-36
-24
-12
-4
3
12
22
32
38
43
45
43
33
17
3
-12
-24
-29
-30
-31
-34
-33
-32
-30
-28
-27
-21
-15
-10
-5
-3
5
12
18
28
41
52
56
58
55
44
27
7
-12
-26
-38
-46
-53
-55
-47
-36
-21
-9
0
10
24
37
46
55
59
58
56
52
45
35
22
3
-20
-45
-65
-74
-76
-71
-67
-53
-34
-18
-3
8
17
24
27
36
50
58
61
57
49
36
20
1
-26
-50
-71
-89
-98
-96
-84
-65
-45
-24
-7
8
25
37
51
61
71
80
85
85
80
67
49
31
16
-3
-20
-37
-52
-59
-61
-56
-47
-38
-28
-20
-12
-3
9
21
32
42
50
56
51
42
30
17
2
-10
-17
-22
-26
-33
-38
-43
-37
-32
-26
-21
-15
-9
-9
-5
1
6
15
28
38
45
50
50
39
24
3
-16
-29
-43
-52
-55
-53
-51
-53
-50
-45
-39
-29
-15
4
22
38
48
53
49
37
27
21
17
10
2
-8
-18
-29
-36
-36
-30
-24
-16
-7
5
13
15
14
16
22
24
22
18
12
7
0
-2
-6
-7
-6
-6
-5
-6
-12
-18
-18
-20
-22
-24
-26
-23
-19
-13
-4
6
18
24
27
30
33
30
23
18
13
8
5
3
1
0
0
4
5
5
3
4
8
12
12
10
9
6
8
17
24
30
28
21
12
2
-9
-19
-24
-24
-22
-19
-19
-19
-22
-17
-10
-3
7
14
20
24
27
23
16
5
-7
-20
-33
-41
-44
-38
-29
-17
-7
4
10
9
5
-3
-11
-18
-20
-20
-20
-20
-15
-9
-4
2
8
16
23
28
26
29
35
35
31
25
23
16
6
-4
-13
-18
-22
-23
-18
-9
3
20
34
46
50
47
40
27
16
12
6
4
5
13
12
8
3
-4
-11
-20
-25
-27
-25
-25
-27
-30
-33
-35
-37
-34
-30
-23
-15
-11
-13
-11
-10
-9
-10
-8
-3
3
12
16
14
13
11
7
3
0
-6
-13
-18
-21
-22
-20
-15
-11
-8
-6
-2
-1
4
7
8
14
20
26
33
35
33
30
27
22
14
7
0
-7
-13
-15
-15
-15
-10
-5
-4
-2
-3
-8
-9
-7
-8
-6
-3
4
13
22
28
29
27
22
18
13
5
-3
-13
-18
-22
-27
-32
-36
-38
-37
-33
-24
-10
-1
9
15
16
14
8
2
-1
-5
-6
-5
-1
4
8
11
16
16
21
24
23
19
12
5
2
-2
-6
-8
-10
-10
-10
-2
8
15
20
22
22
20
17
11
5
-1
-5
-8
-11
-13
-14
-13
-10
-6
-3
-1
1
0
-1
-6
-9
-14
-18
-20
-19
-16
-8
0
4
0
-4
-10
-16
-20
-20
-17
-13
-10
-9
-6
-5
-2
2
10
20
26
27
26
25
22
16
12
13
12
10
6
4
1
0
-2
1
7
12
14
19
23
24
21
18
10
5
3
2
1
-2
-3
-3
-5
-7
-9
-11
-13
-13
-16
-21
-26
-26
-24
-21
-14
-7
-1
3
3
-1
2
8
11
12
14
9
0
-15
-27
-36
-47
-52
-50
-43
-31
-18
-4
12
27
36
46
57
63
61
52
39
26
11
-3
-12
-13
-12
-8
-3
-3
-5
-10
-21
-28
-37
-41
-38
-30
-18
-5
6
16
24
27
32
37
41
45
46
47
41
33
20
0
-25
-45
-60
-67
-65
-53
-40
-24
-9
6
17
24
27
27
28
28
26
26
22
16
6
-3
-9
-15
-23
-29
-37
-43
-51
-58
-57
-49
-34
-14
8
29
46
55
58
56
50
44
40
34
27
18
8
-3
-20
-34
-47
-57
-60
-62
-58
-52
-42
-26
-12
6
20
37
52
60
67
70
72
72
67
59
46
24
-1
-30
-59
-83
-99
-107
-105
-95
-87
-74
-56
-41
-24
0
21
38
57
70
78
81
78
66
51
33
15
-3
-20
-38
-54
-61
-64
-63
-56
-48
-37
-24
-13
-3
4
12
16
26
39
53
63
74
82
84
76
65
49
26
0
-24
-46
-64
-75
-76
-68
-57
-35
-12
9
28
42
52
58
57
52
43
30
14
-2
-19
-36
-49
-59
-59
-51
-35
-17
-1
9
15
16
16
11
8
5
10
18
27
39
44
52
56
55
51
40
23
5
-18
-40
-58
-67
-68
-62
-50
-36
-20
-1
16
33
53
67
76
85
89
82
65
46
20
-11
-38
-61
-74
-80
-82
-78
-67
-52
-39
-29
-23
-21
-23
-27
-27
-21
-14
-3
10
23
39
53
59
57
48
29
11
-10
-28
-41
-49
-51
-52
-50
-46
-42
-31
-18
-4
15
34
52
67
75
74
60
48
28
5
-24
-47
-64
-75
-78
-72
-59
-44
-30
-15
-4
8
19
25
31
39
45
52
60
71
81
88
85
70
48
19
-13
-48
-82
-113
-134
-143
-142
-134
-117
-92
-64
-30
5
37
67
96
123
143
154
156
143
116
77
34
-10
-46
-73
-92
-102
-107
-110
-108
-103
-102
-102
-92
-76
-51
-18
24
74
124
165
200
228
239
225
189
138
77
11
-48
-98
-137
-161
-176
-177
-167
-155
-133
-109
-79
-44
-11
25
57
89
113
127
126
114
98
76
46
15
-10
-36
-59
-78
-91
-101
-114
-124
-133
-136
-135
-122
-95
-49
8
68
130
186
221
230
215
183
140
91
41
-1
-36
-60
-77
-89
-95
-93
-92
-88
-82
-72
-53
-26
11
52
97
136
168
188
186
161
125
80
33
-10
-48
-74
-97
-113
-126
-138
-146
-150
-153
-148
-133
-106
-65
-7
55
115
168
212
233
227
203
166
113
53
-7
-66
-118
-159
-192
-215
-226
-233
-234
-220
-191
-149
-97
-31
41
110
167
208
225
222
196
156
119
85
54
28
9
-7
-29
-55
-83
-113
-140
-160
-171
-165
-145
-108
-62
-8
52
104
153
189
203
201
183
154
117
75
32
-7
-37
-64
-89
-118
-147
-168
-178
-168
-138
-96
-38
29
89
135
158
160
140
105
62
22
-11
-37
-55
-64
-71
-74
-80
-94
-107
-126
-137
-135
-121
-95
-53
-5
43
86
121
142
148
147
135
122
109
101
95
89
83
63
41
14
-21
-60
-98
-127
-145
-146
-129
-99
-55
-3
49
89
117
129
121
102
79
51
30
24
29
42
54
59
51
26
-10
-52
-86
-112
-119
-112
-100
-84
-73
-68
-72
-83
-90
-90
-84
-72
-49
-18
21
64
99
125
138
138
123
99
69
42
18
2
-7
-12
-10
-14
-20
-37
-64
-98
-130
-156
-170
-169
-156
-132
-99
-65
-26
16
50
86
112
130
141
148
154
156
156
154
149
131
102
59
7
-50
-109
-155
-182
-184
-171
-147
-111
-71
-29
8
33
57
78
95
111
127
145
157
165
159
139
104
48
-17
-83
-133
-171
-196
-191
-170
-140
-112
-93
-79
-68
-61
-49
-29
-1
37
78
117
