-5141
-4928
-4860
-5052
-5255
-4996
-4521
-4376
-4055
-3150
-2065
-1296
-726
105
1022
1451
1778
2441
3347
4107
4461
4971
5677
5996
5853
5778
5829
5725
5429
5068
4957
4764
4120
3361
2688
2165
1440
697
309
-42
-511
-993
-1433
-1802
-2036
-2352
-2620
-2594
-2318
-2067
-1933
-1718
-1480
-1388
-1234
-801
-111
472
900
1508
2065
2325
2344
2592
2888
2832
2731
2870
3029
2841
2426
2184
2050
1715
1152
808
727
381
-259
-794
-1104
-1462
-1915
-2299
-2393
-2427
-2635
-2804
-2785
-2789
-2897
-2788
-2394
-1928
-1559
-1045
-868
-1899
-3594
-4929
-5474
-5978
-6700
-6541
-5831
-5869
-6871
-7485
-6938
-6734
-7314
-6899
-4772
-2383
-1041
-18
1575
2643
2542
2726
4257
6167
7175
7757
8951
9996
9801
8980
8519
8259
7507
6622
6501
6607
5827
4149
2263
705
-688
-1967
-2733
-3159
-3669
-4447
-5222
-5797
-6262
-6566
-6683
-6394
-5457
-4046
-2673
-1714
-1099
-743
-375
256
1346
2772
3923
4657
5124
5604
5795
5529
5363
5329
5163
4911
4854
4856
4197
2821
1558
881
513
164
-8
-64
-495
-1332
-1983
-2083
-2123
-2499
-2635
-2161
-1380
-961
-1043
-1087
-1189
-1506
-1894
-1836
-1039
-221
32
31
328
543
-663
-3304
-5874
-7288
-8089
-9082
-9460
-8737
-8428
-9796
-11599
-11595
-10302
-9828
-9645
-7669
-4322
-1901
-922
480
2657
3762
3732
4803
7586
10039
10799
11112
12063
12501
11631
10541
10321
10310
9312
7983
7378
6951
5517
3109
916
-509
-1668
-2858
-3734
-4213
-4832
-6001
-7238
-7719
-7435
-6957
-6613
-5952
-4477
-2725
-1510
-695
371
1574
2386
3308
4993
6743
7401
7215
7282
7463
6888
5959
5769
5838
5001
3546
2740
2339
933
-1206
-2408
-2368
-2585
-3464
-3837
-3690
-4125
-5135
-5273
-4176
-3327
-3432
-3282
-2034
-919
-907
-1130
-614
58
-73
-374
184
1201
1597
1334
1358
1993
2070
169
-3062
-5725
-7178
-8340
-9723
-10179
-9378
-9270
-11014
-12696
-12138
-10614
-10315
-10132
-7727
-3991
-1739
-940
815
3429
4534
4445
5884
9149
11499
11611
11516
12562
13091
12064
10873
10779
10735
9346
7611
6883
6323
4460
1563
-660
-1665
-2588
-3981
-5267
-6002
-6697
-7886
-8910
-8823
-7847
-6941
-6377
-5380
-3473
-1504
-351
469
1932
3852
5277
6276
7693
9117
9254
8241
7706
7887
7340
5896
4874
4502
3428
1384
-160
-821
-2016
-4176
-5674
-5500
-5178
-5928
-6661
-6279
-5703
-5881
-5688
-4046
-2145
-1516
-1400
-247
1415
2094
1969
2344
3212
3418
2991
2831
3031
2957
2394
1927
1786
1855
1595
7
-3003
-6186
-8095
-9127
-10419
-11231
-10761
-10373
-11646
-13304
-12799
-10863
-10018
-9775
-7640
-3771
-970
171
1785
4410
5990
6204
7465
10539
12943
12991
12494
13068
13406
12316
10938
10558
10248
8546
6358
5105
4178
2189
-695
-2807
-3775
-4746
-6116
-7151
-7623
-8301
-9365
-9858
-9063
-7643
-6379
-5185
-3685
-1852
-249
1006
2350
4061
5859
7149
8028
9054
9866
9633
8599
7949
7891
7247
5703
4333
3346
1756
-730
-2761
-3555
-4317
-5904
-7135
-6989
-6511
-7036
-7742
-7068
-5699
-4969
-4474
-2938
-760
334
376
1112
2871
4178
4270
4229
4921
5350
4643
3560
3045
2924
2437
1665
1203
1080
946
29
-2396
-5841
-8776
-10308
-11146
-12042
-12240
-11374
-11108
-12477
-13637
-12553
-10362
-9210
-8117
-5089
-1131
1216
2084
3762
6200
7397
7633
9179
12078
13859
13448
12681
12777
12482
11086
9678
9125
8453
6551
4359
2897
1568
-467
-2856
-4445
-5421
-6581
-7635
-8118
-8301
-8761
-9097
-8535
-7207
-5692
-4143
-2538
-1080
163
1662
3653
5624
7175
8398
9374
9973
10036
9676
9192
8590
7923
7074
5718
4182
2807
1172
-1183
-3638
-5008
-5464
-6327
-7742
-8472
-8188
-8060
-8504
-8171
-6395
-4510
-3535
-2698
-917
1107
1914
2087
3157
4815
5565
5205
5184
5676
5229
3563
2137
1845
1786
1108
278
86
105
-434
-1623
-3588
-6433
-9588
-11670
-12179
-12244
-12313
-12033
-11783
-12357
-13234
-12367
-9627
-7244
-5819
-3754
-444
2381
3701
4952
6957
8454
8911
9942
12308
14123
13714
12236
11469
11191
10446
9397
8675
7744
5755
3293
1487
283
-1199
-3189
-4959
-6204
-7215
-7938
-8234
-8430
-8940
-9238
-8458
-6808
-4987
-3277
-1694
-453
527
2022
4332
6614
8078
8903
9551
10011
10054
9884
9556
8838
7529
5895
4229
2668
1118
-824
-3181
-5299
-6413
-6856
-7516
-8487
-9002
-8893
-8608
-8012
-6603
-4592
-2910
-2019
-1092
525
2253
3483
4325
5284
6258
6627
6462
6331
6143
5331
3896
2688
2195
1806
999
-69
-934
-1486
-1929
-2507
-3771
-6274
-9427
-11741
-12566
-12718
-12866
-12658
-12089
-12039
-12546
-12053
-9781
-7222
-5618
-4056
-1376
1729
3821
5116
6751
8540
9628
10411
11833
13404
13691
12545
11370
10945
10566
9570
8265
6938
5233
2999
941
-441
-1538
-2990
-4773
-6354
-7450
-8035
-8209
-8264
-8456
-8341
-7544
-6150
-4596
-3232
-1931
-732
431
2019
4260
6615
8154
8789
9118
9442
9673
9627
9351
8729
7577
6075
4515
2917
1124
-766
-2644
-4385
-5615
-6242
-6607
-7330
-8270
-8553
-8091
-7287
-6317
-5003
-3470
-2285
-1481
-270
1574
3272
4332
4998
5707
6270
6154
5607
5134
4674
3957
2922
2049
1381
536
-451
-1324
-1802
-1991
-2088
-2308
-3644
-6512
-9696
-11587
-11958
-12060
-12308
-11883
-11121
-11275
-12084
-11547
-9159
-6825
-5512
-3714
-366
2810
4233
4907
6463
8364
9249
9816
11371
13112
13123
11555
10467
10418
10085
8780
7286
6264
4944
2830
851
-281
-1110
-2622
-4630
-6077
-6655
-6958
-7353
-7692
-7767
-7487
-6857
-5838
-4486
-3087
-1858
-785
440
2265
4463
6366
7504
8004
8372
8741
9024
9119
8909
8252
7056
5496
3834
2204
754
-613
-2129
-3640
-4720
-5277
-5843
-6868
-7744
-7632
-6693
-5750
-5060
-4098
-2765
-1725
-1186
-276
1540
3446
4307
4422
4785
5318
5229
4569
4217
4193
3581
2226
995
326
-335
-1316
-1968
-1805
-1311
-1156
-1770
-3636
-6691
-9747
-11293
-11354
-11157
-11044
-10588
-10281
-11085
-12160
-11405
-8793
-6444
-5099
-3159
-8
2461
3186
3773
5664
7676
8593
9508
11418
12900
12252
10556
10019
10454
10255
9151
8072
7139
5466
3153
1354
428
-378
-1714
-3248
-4429
-5361
-6258
-7015
-7441
-7514
-7184
-6460
-5527
-4623
-3751
-2764
-1743
-479
1350
3479
5327
6385
6847
7259
7778
8246
8625
8768
8275
7102
5538
3919
2507
1433
477
-819
-2393
-3618
-4332
-5102
-6171
-6883
-6570
-5861
-5583
-5482
-4910
-3890
-3128
-2423
-955
1130
2743
3261
3410
3907
4377
4267
3963
4081
4214
3399
1734
318
-344
-689
-944
-800
-362
-340
-951
-1837
-3199
-5551
-8260
-9855
-10009
-9912
-10240
-10457
-10449
-11100
-12257
-12125
-9890
-7180
-5588
-4325
-2169
166
1467
2485
4639
7315
8848
9366
10369
11847
12286
11496
11035
11568
11884
11065
9712
8452
6944
4950
3216
2368
1884
821
-1024
-3097
-4813
-5902
-6415
-6625
-6697
-6630
-6495
-6405
-6283
-5736
-4594
-3242
-1907
-306
1657
3390
4308
4751
5458
6512
7542
8412
8948
8722
7559
5968
4699
3949
3450
2881
1839
160
-1586
-2796
-3690
-4758
-5691
-5923
-5721
-5823
-6140
-5903
-5075
-4379
-3850
-2767
-1054
425
1055
1303
1771
2357
2731
3023
3346
3362
2679
1558
724
471
576
688
540
138
-269
-455
-449
-790
-2160
-4517
-6951
-8514
-9147
-9473
-9827
-10083
-10438
-11299
-12128
-11592
-9570
-7605
-6581
-5456
-3222
-793
730
2056
4247
6561
7650
8073
9257
10916
11565
11145
11156
11981
12314
11363
9936
8992
8006
6344
4749
3940
3399
1891
-580
-2744
-3941
-4637
-5378
-6008
-6298
-6516
-6929
-7359
-7227
-6328
-5108
-3996
-2930
-1522
162
1554
2437
3258
4429
5745
6825
7400
7458
7184
6677
6103
5591
5303
5141
4440
2842
1039
-52
-682
-1633
-2718
-3309
-3556
-4173
-5084
-5438
-5029
-4629
-4500
-3981
-2778
-1565
-1012
-838
-494
114
738
1315
1896
2227
2029
1342
685
510
755
1189
1494
1382
976
767
949
940
-255
-2648
-5162
-6890
-7778
-8273
-8540
-8749
-9472
-10967
-12368
-12299
-10678
-8828
-7613
-6495
-4797
-2995
-1681
-312
1789
4048
5426
6268
7691
9544
10623
10652
10738
11417
11918
11615
10894
10241
9338
7929
6581
5860
5377
4208
2152
-54
-1664
-2551
-3101
-3661
-4343
-5128
-5960
-6748
-7146
-6789
-5836
-4919
-4389
-3771
-2645
-1400
-540
180
1392
2951
4195
4928
5409
5693
5576
5249
5208
5543
5865
5632
4674
3323
2153
1456
863
14
-859
-1420
-1991
-3008
-4019
-4241
-3809
-3598
-3723
-3411
-2607
-2154
-2303
-2201
-1328
-420
-170
-105
428
976
777
166
103
648
954
793
846
1256
1232
599
363
899
786
-1291
-4287
-6157
-6728
-7313
-8166
-8401
-8287
-9276
-11240
-11952
-10372
-8315
-7510
-7130
-5789
-4092
-3254
-2552
-516
2230
3870
4408
5495
7401
8675
8853
9211
10488
11592
11561
11031
10835
10574
9588
8337
7710
7487
6585
4677
2568
1053
115
-655
-1364
-1950
-2693
-3967
-5513
-6449
-6258
-5453
-4910
-4753
-4485
-3978
-3529
-3067
-2110
-702
417
904
1251
1813
2301
2577
3041
3820
4429
4614
4623
4519
4025
3380
3210
3401
3171
2363
1555
847
-198
-1322
-1657
-1252
-1161
-1789
-2376
-2425
-2435
-2729
-2773
-2201
-1640
-1792
-2288
-2293
-1834
-1686
-2005
-1989
-1249
-553
-498
-503
90
660
438
152
653
816
-1052
-4079
-5706
-5546
-5688
-6901
-7601
-7356
-8090
-10260
-11177
-9272
-6991
-6832
-7335
-6165
-4321
-3772
-3414
-1142
1920
3082
2759
3556
5725
7163
7399
8202
10008
10987
10357
9563
9780
10187
9783
9126
8972
8850
7728
5717
4003
3215
2941
2427
1497
451
-702
-2112
-3582
-4352
-4062
-3490
-3657
-4404
-4761
-4522
-4320
-4202
-3455
-2193
-1540
-1794
-1998
-1539
-902
-358
595
1833
2530
2451
2307
2537
2889
3285
3927
4390
3928
2909
2327
2241
1914
1403
1306
1347
622
-679
-1336
-1075
-931
-1437
-1851
-1727
-1791
-2474
-2981
-2659
-2144
-2245
-2642
-2507
-1959
-1743
-1803
-1546
-873
-348
-211
-6
607
1286
1067
-593
-2954
-4647
-5158
-5337
-5830
-6141
-6160
-7019
-9125
-10529
-9512
-7546
-6935
-7228
-6558
-5328
-5125
-5011
-2882
338
1719
1229
1599
3477
4876
5383
6769
9107
10059
9056
8392
9311
10318
10182
9883
10149
9835
8207
6527
6104
6299
5814
4680
3627
2711
1512
181
-656
-868
-922
-1337
-2094
-2721
-3094
-3529
-4102
-4211
-3552
-2964
-3245
-3951
-4172
-3955
-3818
-3398
-2245
-1102
-993
-1396
-941
303
1262
1818
2561
3112
2697
2027
2326
3226
3466
3044
2817
2581
1702
763
742
1230
1065
339
-26
-66
-495
-1222
-1453
-1259
-1475
-2186
-2634
-2548
-2537
-2874
-2987
-2589
-2191
-2187
-2170
-1687
-1069
-783
-643
-261
-32
-879
-2757
-4376
-4796
-4624
-4915
-5495
-5762
-6211
-7619
-9069
-8805
-7088
-5895
-5899
-5850
-5103
-4492
-4090
-2713
-337
1318
1372
1099
1747
2937
4116
5587
7321
8264
7818
6978
6953
7756
8689
9281
9337
8670
7496
6524
6233
6499
6795
6578
5630
4251
3130
2630
2534
2517
2337
1732
549
-758
-1432
-1373
-1169
-1334
-1834
-2479
-3191
-3751
-3910
-3731
-3542
-3528
-3596
-3701
-3775
-3582
-3061
-2517
-2208
-1907
-1435
-1126
-1104
-840
14
835
985
864
1093
1430
1414
1417
1962
2549
2394
1734
1409
1512
1493
1300
1277
1282
821
-32
-666
-838
-884
-1124
-1520
-1935
-2325
-2649
-2811
-2778
-2644
-2536
-2532
-2557
-2446
-2142
-1743
-1389
-1191
-1373
-2105
-3102
-3760
-3802
-3606
-3600
-3761
-4032
-4566
-5292
-5559
-4983
-4164
-3792
-3714
-3418
-2978
-2625
-1984
-847
178
519
597
1100
1856
2497
3208
4119
4745
4681
4396
4476
4879
5379
5887
6274
6229
5793
5431
5401
5659
6030
6221
5901
5105
4397
4147
4197
4339
4448
4241
3440
2417
1887
1911
2003
1838
1386
545
-661
-1687
-2084
-2085
-2162
-2461
-2960
-3729
-4503
-4695
-4225
-3646
-3360
-3247
-3189
-3250
-3160
-2552
-1662
-1084
-942
-858
-719
-630
-364
256
883
1029
810
698
747
843
1044
1349
1438
1069
550
241
110
-10
-169
-387
-833
-1487
-2001
-2201
-2193
-2180
-2212
-2320
-2608
-2951
-3131
-3076
-2881
-2639
-2357
-2169
-2154
-2178
-2192
-2277
-2469
-2537
-2371
-2235
-2280
-2396
-2490
-2655
-2873
-2865
-2513
-2044
-1666
-1410
-1240
-1094
-805
-264
350
865
1248
1511
1648
1778
2142
2698
3107
3186
3071
2960
2890
2861
2969
3185
3360
3403
3397
3489
3717
4019
4294
4465
4582
4728
4871
4909
4861
4809
4665
4335
3961
3774
3725
3539
3132
2638
2132
1622
1190
951
823
557
68
-526
-1033
-1357
-1527
-1593
-1656
-1830
-2152
-2529
-2749
-2706
-2527
-2392
-2372
-2401
-2426
-2443
-2342
-2039
-1655
-1427
-1473
-1627
-1695
-1656
-1556
-1452
-1398
-1516
-1825
-2141
-2293
-2288
-2292
-2425
-2698
-3072
-3459
-3706
-3710
-3557
-3450
-3483
-3588
-3675
-3706
-3621
-3352
-2934
-2557
-2342
-2195
-1973
-1685
-1411
-1115
-745
-415
-264
-226
-106
107
311
499
779
1114
1382
1571
1792
2090
2352
2555
2733
2926
3080
3141
3136
3091
3027
2961
2910
2900
2903
2886
2842
2816
2867
2997
3170
3332
3424
3447
3446
3508
3634
3714
3657
3473
3247
3014
2776
2552
2320
2000
1567
1145
849
619
349
36
-304
-674
-1065
-1394
-1545
-1613
-1786
-2121
-2475
-2673
-2725
-2701
-2619
-2497
-2395
-2407
-2458
-2363
-2028
-1559
-1147
-841
-618
-533
-601
-663
-521
-229
-40
-76
-263
-528
-846
-1116
-1186
-1108
-1132
-1405
-1782
-2044
-2148
-2166
-2168
-2238
-2474
-2859
-3180
-3254
-3088
-2847
-2666
-2567
-2524
-2456
-2233
-1793
-1246
-794
-517
-330
-155
70
393
800
1198
1476
1621
1689
1716
1744
1808
1915
2024
2080
2080
2030
1923
1788
1680
1653
1675
1675
1626
1534
1426
1350
1360
1467
1596
1654
1608
1508
1446
1453
1504
