-1
-1
3
-2
0
2
-2
0
2
-4
3
0
-2
4
-2
2
0
0
2
-2
2
-1
0
0
0
-1
2
-1
-1
1
-4
4
-5
4
0
-7
10
-12
7
-3
-5
7
-7
3
-1
-1
1
1
-2
3
1
-2
1
5
-5
7
-5
1
6
-10
11
-8
3
6
-10
8
0
-6
5
1
-5
7
-4
0
2
-4
9
-13
12
2
-17
25
-19
6
7
-14
17
-15
14
-9
1
11
-25
22
-13
-5
6
-6
-6
8
-3
-11
22
-21
10
4
-12
17
-15
7
6
-16
21
-23
8
13
-33
34
-23
2
14
-17
12
-7
11
-19
18
1
-20
28
-14
-1
10
0
-10
11
4
-14
14
-5
-5
7
0
-5
7
-4
6
-10
15
-11
-3
24
-40
33
-2
-25
42
-37
28
-12
1
12
-22
34
-35
19
8
-26
26
-15
5
-3
0
1
-11
15
-18
7
-1
-5
5
-14
23
-32
22
-3
-20
41
-54
48
-26
-5
23
-37
46
-51
46
-36
13
23
-59
70
-54
26
1
-18
25
-17
14
-20
33
-28
3
23
-30
15
11
-22
11
20
-34
34
-8
-11
12
1
-4
-12
35
-46
45
-22
-10
33
-21
16
-18
39
-40
36
-10
-24
55
-61
38
-9
-10
16
-27
41
-53
50
-25
-18
55
-73
65
-42
14
6
-23
29
-36
29
-30
27
-32
25
-13
-26
65
-102
82
-28
-44
79
-69
17
28
-31
-4
44
-51
32
4
-25
36
-24
17
-22
32
-33
15
12
-42
40
-14
-32
45
-21
-25
55
-55
37
-15
-4
14
-10
22
-42
55
-21
-34
69
-55
16
36
-73
79
-28
-43
99
-92
46
20
-72
87
-62
26
-17
31
-27
-16
66
-80
38
29
-82
73
-17
-69
113
-96
30
42
-78
77
-43
7
30
-53
65
-65
39
8
-75
107
-89
16
62
-112
94
-29
-45
78
-65
21
30
-60
41
7
-57
59
-29
-12
30
-27
17
-8
24
-44
47
-8
-59
99
-89
20
50
-92
77
-41
12
2
4
-5
4
37
-69
76
-43
26
-7
-21
56
-52
27
5
-39
82
-77
4
85
-101
58
-10
-21
20
14
-74
77
-7
-89
118
-86
23
20
-43
26
-8
5
-48
75
-57
-12
68
-72
27
41
-92
91
-23
-49
76
-38
-20
49
-32
-7
30
-18
-7
17
13
-48
72
-40
-28
90
-81
8
53
-62
17
20
-39
21
29
-87
93
-25
-44
83
-84
79
-60
19
5
-9
-15
-7
49
-88
80
-60
34
13
-72
104
-62
6
16
2
-6
-26
79
-103
124
-83
2
121
-168
136
-44
-28
65
-66
40
-7
-9
-13
50
-56
7
41
-48
36
-38
49
-34
32
-46
31
46
-124
131
-87
41
14
-82
109
-90
33
-25
18
-3
-66
96
-83
16
36
-74
68
-19
-77
153
-148
50
57
-125
118
-81
30
1
-23
26
-30
46
-59
25
82
-164
145
-38
-64
81
-48
-12
56
-46
-29
116
-120
55
28
-60
60
-32
-13
64
-63
28
22
-1
-25
30
26
-65
82
-69
51
-13
-17
22
-15
29
-53
36
15
-66
72
-27
-29
56
-15
-31
49
20
-95
138
-100
16
50
-75
38
-12
21
-55
41
12
-69
78
-56
22
5
-32
34
-36
56
-114
130
-82
-10
55
-32
2
11
3
8
-25
28
-13
-5
26
-61
82
-49
-7
42
-15
-11
9
-7
15
-30
9
2
19
-42
43
-24
31
-19
-18
71
-94
87
-92
74
-19
-39
48
-56
72
-75
11
51
-73
60
-63
55
-35
34
-58
14
120
-234
227
-97
-39
148
-176
88
74
-155
76
41
-92
46
-17
-14
27
-19
-37
43
29
-85
30
66
-89
43
19
-69
111
-95
8
75
-104
78
-46
18
-5
6
-15
-9
56
-90
77
-21
-18
42
-34
12
5
8
-46
47
-4
-47
67
-60
53
-28
4
15
-7
34
-56
87
-61
43
-50
77
-83
29
39
-122
179
-178
85
76
-173
163
-73
3
68
-104
85
-19
2
-45
42
70
-159
143
-65
25
30
-117
156
-70
-28
28
49
-92
120
-145
123
3
-156
181
-151
95
-34
-83
131
-69
-18
-16
65
-33
-4
-20
55
-10
-44
59
-92
178
-176
54
48
-13
-69
55
22
-93
169
-238
202
-56
-131
188
-155
93
-43
-6
43
-8
-29
14
68
-112
75
-25
2
41
-111
117
-52
6
-25
34
23
-58
5
48
10
-101
113
-55
-34
107
-187
159
-7
-157
181
-68
-61
145
-173
135
-29
-73
121
-104
56
5
-63
64
9
-74
70
9
-61
76
-49
-26
89
-72
-37
126
-82
-46
135
-108
21
89
-128
98
6
-112
150
-130
75
-43
-47
137
-198
165
-94
26
49
-142
195
-200
154
-102
-9
115
-184
150
-110
97
-100
103
-81
12
122
-214
191
-81
32
-47
48
45
-142
171
-146
99
-33
-24
23
23
9
-81
132
-110
72
-41
-10
46
-17
-48
46
23
-64
45
-19
45
-84
92
-45
-13
98
-127
63
44
-65
-37
117
-59
-80
127
-121
53
-3
-34
14
14
69
-176
209
-88
-47
90
-62
81
-97
85
-52
47
-53
10
10
-19
14
-78
56
-4
-24
-68
128
-52
-40
82
-31
-8
70
-109
68
53
-137
147
-111
95
-1
-88
138
-65
-16
73
-101
104
-23
-91
172
-147
93
-2
-58
120
-127
107
-71
-1
79
-120
74
-15
-49
65
-71
17
32
-56
23
25
-117
177
-149
21
76
-109
72
-26
-27
40
-22
-26
1
-10
15
-63
61
-46
27
-22
41
-60
77
-16
-60
142
-144
87
3
-118
182
-184
116
-8
-85
171
-177
80
83
-219
231
-152
53
34
-116
188
-191
139
-53
14
23
-30
31
-31
55
-89
123
-179
257
-272
162
72
-279
414
-424
318
-83
-151
210
-150
31
35
-94
64
13
-110
158
-174
156
-17
-233
394
-295
19
195
-255
186
-67
-98
158
-103
7
17
-28
128
-176
113
71
-167
205
-178
119
97
-258
289
-151
40
44
-128
201
-180
74
8
-96
157
-180
52
114
-168
99
-10
11
41
-90
106
-59
-3
20
-76
86
-30
-77
80
2
-49
26
-27
31
51
-205
221
-85
-101
157
-159
90
57
-205
197
-78
-53
76
-107
120
-66
-52
97
-56
25
-41
2
113
-179
137
13
-144
221
-197
32
174
-305
250
-88
-97
206
-204
125
9
-62
72
-63
79
-36
-68
190
-206
143
-36
-88
205
-241
176
-88
-58
177
-263
168
0
-166
195
-103
-17
125
-83
-50
202
-233
166
-12
-84
123
-98
109
-141
143
-60
-34
104
-128
117
-23
-56
86
-18
21
-21
26
20
-13
-37
16
46
-74
36
0
-15
73
-160
146
-22
-75
87
-31
-19
75
-110
57
41
-86
23
34
30
-120
182
-154
96
-16
-104
189
-223
154
-48
-134
263
-235
35
218
-304
176
41
-173
182
-137
12
104
-159
77
-39
-23
65
-181
97
41
-212
160
-111
-18
75
-89
10
67
-56
-2
83
-36
35
-14
59
-2
-23
38
55
-93
56
11
-16
5
-20
47
-90
166
-212
114
49
-193
215
-200
147
-36
-96
162
-149
85
-34
2
30
-75
49
-28
45
-87
41
-9
-28
116
-272
367
-159
-174
409
-383
271
-54
-181
308
-250
126
-68
31
26
-35
-115
186
-2
-213
305
-213
109
24
-85
53
77
-86
-71
244
-202
48
35
-27
-11
32
-31
-20
126
-180
103
61
-103
93
-16
-3
42
19
-87
107
-43
-26
56
-37
79
-124
185
-215
142
56
-272
280
-142
-85
105
-70
-43
39
-65
47
-12
21
14
12
46
-22
7
75
-34
-47
131
-112
21
-9
-16
-11
-60
55
-111
75
-93
-1
17
-60
57
-66
109
-77
63
27
-76
87
-91
18
27
-141
119
-60
-71
114
-134
43
60
-140
56
83
-162
102
13
-84
146
-122
74
48
-60
43
-15
56
-114
112
-31
-77
175
-141
90
37
-71
93
3
0
-7
76
-21
-24
28
5
-59
-13
49
-146
133
-57
-121
247
-212
52
63
-119
96
-86
35
32
-44
32
-22
67
-75
50
18
-96
184
-195
96
62
-173
152
-60
-13
68
-42
68
2
0
-10
60
-80
-21
47
-54
48
-62
-21
129
-125
35
62
7
3
5
64
8
47
-11
-7
74
31
-119
118
-25
-125
160
-200
45
40
-244
143
-112
-38
27
-71
63
-64
-9
74
-96
56
10
-28
89
-101
84
-32
-42
55
-97
79
-67
-48
68
-64
63
-34
25
60
-42
30
92
-28
1
67
-101
58
-15
-111
78
-27
-80
33
36
-70
95
32
-83
196
10
-37
151
-33
18
1
-61
67
-124
-21
-74
-1
-50
-115
88
-103
46
15
-52
96
118
-131
94
176
-94
72
95
-64
106
-2
-112
156
-117
-54
12
-80
-8
9
-48
12
30
-36
5
11
31
-86
62
39
-86
44
21
-112
61
-66
-61
88
-99
-55
110
-100
2
75
-113
126
-12
-88
115
9
-98
80
-27
-91
73
-84
-94
116
-121
-4
48
3
-14
60
35
-34
124
-57
88
41
-64
127
-71
14
41
-41
-4
-5
-1
-73
112
-80
-8
115
-60
52
20
0
62
-8
2
68
37
-47
-1
32
-26
-37
4
-18
10
2
-58
50
-6
6
-24
3
52
-42
-36
-26
-6
-66
-52
-7
5
-50
-27
48
-35
46
-26
4
51
-50
19
7
32
0
5
59
25
22
-62
49
-32
3
-46
-30
51
-94
8
-34
31
-18
-22
51
-7
46
1
-22
45
1
-17
17
17
-38
42
-23
1
12
-31
39
-30
16
-3
25
5
3
31
24
13
-37
24
-37
-14
-29
-85
8
-77
-83
-14
-51
-11
-20
-20
40
6
27
-9
57
5
16
14
-10
41
-51
-4
-17
-11
-4
-45
15
20
-8
32
21
43
59
51
49
70
25
50
36
-28
43
21
-33
12
2
23
9
-2
34
49
20
-2
56
27
15
48
-15
68
47
-42
52
20
0
14
-28
11
8
-51
-20
-9
-49
-51
-40
-52
-42
-50
-85
-54
-59
-92
-65
-64
-77
-35
-54
-64
-17
-43
-56
-27
-57
-31
-47
-48
-20
-36
-40
-44
-15
-62
-54
-35
-47
-56
-72
-43
-47
-45
-42
-27
-2
-20
22
12
77
96
40
117
147
115
112
114
135
116
73
98
109
52
61
73
61
95
53
54
110
82
80
125
150
179
172
197
239
242
216
246
264
251
241
241
246
228
204
170
169
136
75
55
65
-17
-53
-75
-155
-186
-275
-336
-321
-389
-410
-378
-358
-362
-332
-301
-259
-212
-216
-135
-71
-47
-10
45
73
54
44
35
32
17
-30
-55
-71
-178
-240
-322
-440
-476
-584
-671
-653
-753
-865
-982
-1180
-1258
-1329
-1423
-1397
-1329
-1257
-1143
-1014
-853
-663
-496
-289
37
366
709
1026
1290
1574
1760
1939
2077
2178
2271
2321
2329
2342
2298
2128
1971
1736
1500
1288
1029
836
594
341
91
-199
-433
-699
-924
-1112
-1238
-1277
-1348
-1409
-1384
-1388
-1354
-1255
-1148
-877
-658
-451
-154
130
362
533
727
906
1070
1180
1265
1401
1401
1289
1218
1068
890
684
459
312
111
-151
-376
-598
-862
-1114
-1316
-1442
-1508
-1539
-1516
-1428
-1334
-1257
-1140
-974
-753
-538
-263
77
383
642
846
1036
1183
1240
1303
1389
1417
1422
1336
1202
1030
705
363
15
-364
-737
-1127
-1491
-1904
-2426
-2989
-3586
-4233
-4863
-5367
-5715
-5851
-5846
-5718
-5390
-4978
-4481
-3883
-3174
-2323
-1340
-255
902
2074
3174
4187
5039
5774
6409
6917
7316
7594
7718
7672
7455
7034
6439
5690
4845
3951
3036
2128
1257
370
-540
-1430
-2270
-3021
-3666
-4141
-4433
-4517
-4423
-4179
-3785
-3312
-2805
-2213
-1511
-730
154
1008
1800
2508
3057
3489
3768
3897
3901
3836
3624
3300
2860
2224
1419
438
-491
-1290
-2047
-2781
-3428
-3977
-4471
-4976
-5407
-5612
-5718
-5656
-5366
-4842
-4182
-3575
-2964
-2283
-1546
-809
-36
822
1654
2342
2908
3394
3736
3853
3805
3728
3617
3443
3196
2898
2519
2024
1520
1061
670
331
25
-181
-305
-429
-532
-636
-708
-726
-708
-574
-371
-226
-168
-193
-263
-329
-454
-618
-780
-982
-1189
-1438
-1776
-2191
-2640
-3136
-3603
-4052
-4438
-4786
-5228
-5640
-5890
-5911
-5798
-5592
-5187
-4542
-3762
-2944
-2066
-1075
-47
937
1992
3142
4347
5429
6302
7027
7602
8036
8291
8358
8288
8085
7770
7311
6682
5882
4893
3783
2576
1401
372
-555
-1444
-2340
-3180
-3852
-4391
-4845
-5118
-5100
-4767
-4212
-3484
-2577
-1574
-636
208
1072
2026
3002
3876
4578
5141
5510
5651
5560
5225
4707
4020
3248
2456
1641
719
-340
-1513
-2755
-3953
-5022
-5888
-6611
-7254
-7768
-8042
-8068
-7986
-7848
-7522
-6890
-5990
-4857
-3526
-2076
-663
598
1818
3049
4201
5162
5913
6544
6999
7199
7098
6711
6054
5197
4268
3400
2594
1753
880
11
-799
-1527
-2166
-2669
-3032
-3291
-3363
-3192
-2789
-2338
-1970
-1605
-1140
-595
-86
347
676
854
788
552
232
-177
-724
-1478
-2302
-3096
-3844
-4635
-5568
-6653
-7661
-8290
-8498
-8419
-8188
-7646
-6733
-5716
-4714
-3579
-2192
-716
664
2123
3876
5682
7128
8129
8881
9516
9947
10091
10090
9975
9647
9027
8138
7089
5901
4530
3019
1525
199
-881
-1815
-2742
-3681
-4508
-5061
-5369
-5469
-5279
-4710
-3847
-2858
-1790
-596
637
1702
2603
3476
4427
5333
5994
6362
6502
6388
5978
5330
4555
3731
2750
1646
559
-463
-1486
-2608
-3789
-4864
-5752
-6441
-6908
-7214
-7392
-7426
-7316
-7065
-6633
-6046
-5418
-4851
-4285
-3541
-2669
-1857
-1155
-425
389
1210
1997
2761
3463
3911
4101
4261
4470
4606
4512
4224
3863
3395
2817
2222
1658
1079
446
-75
-280
-290
-290
-365
-446
-449
-394
-267
12
362
662
944
1251
1529
1648
1573
1377
1089
658
131
-363
-862
-1499
-2314
-3207
-4128
-5067
-5895
-6586
-7338
-8305
-9156
-9388
-9014
-8544
-8115
-7319
-5972
-4468
-3166
-1806
-159
1519
2942
4329
6054
7891
9213
9847
10164
10460
10561
10234
9592
8832
7982
6927
5656
4305
2893
1328
-384
-2025
-3354
-4252
-4855
-5407
-5907
-6169
-5999
-5469
-4838
-4097
-3038
-1685
-216
1232
2700
4157
5276
6002
6583
7247
7853
8034
7750
7291
6749
5914
4745
3425
2098
668
-903
-2371
-3549
-4590
-5662
-6671
-7414
-7804
-7980
-7951
-7714
-7342
-6760
-5956
-4994
-3976
-2953
-1913
-1064
-526
-91
494
1113
1475
1716
2162
2626
2781
2639
2410
2050
1380
710
426
406
254
-85
-349
-472
-697
-981
-1029
-822
-509
-130
523
1444
2242
2716
2992
3283
3590
3780
3846
3846
3742
3498
3139
2739
2326
1768
1014
120
-821
-1694
-2512
-3311
-4143
-4980
-5744
-6445
-7101
-7599
-7917
-8339
-9045
-9654
-9494
-8572
-7582
-6791
-5707
-4003
-2187
-796
428
1967
3604
4875
5981
7452
9153
10235
10329
9954
9645
9302
8579
7563
6564
5612
4502
3228
1938
661
-742
-2307
-3742
-4722
-5105
-5070
-4975
-4953
-4750
-4086
-3077
-2080
-1163
8
1459
2876
4134
5393
6624
7423
7583
7523
7695
7874
7591
6785
5812
4836
3650
2169
638
-781
-2220
-3721
-4987
-5815
-6429
-7106
-7772
-8117
-8035
-7677
-7157
-6441
-5603
-4745
-3853
-2886
-1886
-1009
-310
356
1081
1756
2279
2581
2688
2627
2433
2194
1962
1669
1192
523
-184
-765
-1257
-1692
-2042
-2244
-2246
-2049
-1698
-1262
-828
-394
134
857
1766
2713
3518
4076
4402
4554
4585
4446
4074
3542
2998
2499
2027
1614
1176
543
-390
-1491
-2502
-3332
-4133
-4958
-5633
-6145
-6615
-7057
-7299
-7380
-7798
-8699
-9351
-8940
-7711
-6534
-5583
-4292
-2496
-841
334
1505
3026
4480
5448
6341
7765
9375
10206
9947
9221
8671
8165
7321
6211
5176
4265
3189
1903
682
-347
-1465
-2843
-4101
-4696
-4554
-4131
-3807
-3500
-2950
-2104
-1130
-173
859
2063
3311
4416
5343
6265
7071
7363
7010
6451
6162
5985
5406
4322
3136
2053
845
-628
-2079
-3242
-4271
-5388
-6318
-6666
-6623
-6697
-6985
-7003
-6480
-5691
-4877
-3955
-2855
-1802
-969
-198
653
1356
1551
1325
1169
1316
1495
1358
955
542
86
-500
-1065
-1458
-1825
-2351
-2801
-2855
-2612
-2432
-2409
-2292
-1974
-1484
-796
93
1077
1913
2575
3248
3983
4657
5075
5221
5225
5122
4887
4496
4001
3396
2642
1838
1127
587
92
-524
-1271
-2137
-3082
-4014
-4830
-5491
-6108
-6795
-7365
-7450
-7118
-7080
-7808
-8742
-8857
-8015
-6993
-6114
-4891
-3057
-1233
-29
940
2295
3805
4832
5469
6503
8112
9472
9819
9319
8672
8096
7312
6251
5260
4560
3778
2574
1232
192
-669
-1870
-3342
-4344
-4410
-3863
-3308
-2902
-2409
-1715
-951
-210
663
1831
3153
4306
5197
6042
6907
7434
7243
6506
5824
5462
5088
4278
3138
2016
854
-590
-2180
-3446
-4323
-5218
-6162
-6707
-6649
-6435
-6479
-6532
-6194
-5514
-4756
-3950
-3020
-2125
-1466
-929
-329
251
517
505
544
716
833
801
735
645
349
-111
-446
-577
-754
-1173
-1649
-1853
-1755
-1574
-1451
-1303
-1017
-628
-170
443
1227
1978
2521
2945
3437
3963
4299
4345
4201
3969
3697
3406
3106
2711
2086
1322
692
291
-125
-843
-1783
-2623
-3288
-3910
-4515
-5054
-5630
-6319
-6825
-6886
-6961
-7690
-8739
-9023
-8220
-7186
-6458
-5439
-3678
-1873
-761
116
1611
3478
4791
5520
6548
8140
9450
9699
9146
8529
7993
7201
6108
5146
4513
3802
2581
1043
-275
-1241
-2242
-3433
-4322
-4395
-3795
-3089
-2560
-1997
-1237
-430
310
1160
2374
3830
5088
5932
6523
7071
7406
7153
6338
5453
4878
4411
3602
2429
1177
-71
-1492
-3027
-4280
-5090
-5741
-6417
-6807
-6633
-6157
-5836
-5663
-5253
-4475
-3514
-2504
-1503
-715
-384
-304
-18
512
921
1007
1005
1092
1081
874
583
254
-246
-904
-1369
-1443
-1392
-1566
-1992
-2395
-2544
-2424
-2108
-1653
-1138
-618
-61
637
1497
2311
2849
3113
3339
3717
4112
4290
4157
3796
3351
2898
2528
2197
1711
1033
309
-264
-730
-1305
-1958
-2603
-3256
-3893
-4464
-4932
-5391
-5846
-6106
-6315
-6983
-8068
-8675
-8153
-7098
-6450
-5934
-4606
-2622
-1097
-363
527
2166
3835
4829
5663
7070
8638
9301
8879
8238
7904
7453
6452
5249
4445
3933
3077
1724
404
-528
-1405
-2585
-3680
-3988
-3495
-2878
-2529
-2139
-1371
-438
298
915
1810
3077
4369
5359
6076
6698
7161
7125
6453
5486
4699
4146
3428
2326
1128
76
-1062
-2522
-3984
-4929
-5408
-5841
-6220
-6171
-5674
-5202
-5034
-4829
-4190
-3280
-2591
-2214
-1735
-958
-214
210
519
950
1259
1175
949
941
1021
814
362
-4
-292
-771
-1429
-1983
-2344
-2691
-2991
-2963
-2570
-2087
-1676
-1188
-501
231
888
1559
2333
3116
3723
4099
4320
4398
4257
3846
3298
2863
2569
2204
1606
935
450
107
-352
-1026
-1799
-2560
-3306
-3999
-4632
-5300
-5896
-6075
-5904
-6178
-7421
-8799
-9031
-8183
-7405
-6985
-5935
-3843
-1772
-625
178
1574
3276
4358
4973
6134
7999
9465
9624
8890
8188
7648
6774
5447
4221
3515
2941
1939
625
-460
-1259
-2305
-3684
-4597
-4399
-3470
-2642
-2093
-1374
-353
580
1219
1866
2863
4100
5226
6127
6899
7520
7697
7178
6140
5101
4361
3683
2714
1547
496
-529
-1905
-3551
-4861
-5562
-6024
-6500
-6638
-6098
-5256
-4741
-4533
-4086
-3235
-2315
-1514
-553
710
1735
1887
1226
397
-204
-718
-1162
-1195
-750
-312
-324
-675
-1040
-1460
-2039
-2434
-2244
-1582
-915
-477
-161
15
-103
-357
-290
286
1075
1753
2376
3069
3581
3584
3146
2658
2293
1976
1697
1580
1604
1500
1070
402
-350
-1091
-1735
-2136
-2262
-2330
-2504
-2737
-3098
-3711
-4498
-5092
-5260
-5531
-6497
-7789
-8381
-7907
-7173
-6839
-6352
-4998
-3203
-1858
-915
459
2315
3775
4573
5532
7187
8825
9412
8956
8330
7973
7486
6476
5285
4468
3904
3010
1646
302
-743
-1815
-3158
-4280
-4511
-3915
-3153
-2611
-2086
-1337
-500
194
884
1895
3263
4640
5700
6488
7170
7614
7522
6851
5957
5270
4742
3966
2810
1585
459
-849
-2539
-4189
-5251
-5818
-6329
-6779
-6756
-6212
-5616
-5260
-4805
-3889
-2798
-1939
-1141
-21
1089
1273
455
-329
-431
-259
-272
-155
471
1070
968
444
80
-164
-635
-1154
-1138
-605
-194
-281
-665
-1022
-1282
-1415
-1250
-665
196
1046
1684
2187
2629
2817
2614
2245
2061
2107
2096
1926
1736
1520
1075
283
-667
-1474
-1984
-2221
-2391
-2655
-2963
-3228
-3617
-4335
-5140
-5481
-5460
-5969
-7354
-8590
-8498
-7479
-6895
-6820
-5974
-3977
-2077
-1194
-483
1169
3222
4486
5136
6389
8440
9917
9790
8798
8183
7956
7247
5856
4602
3973
3355
2064
384
-882
-1679
-2728
-4139
-4982
-4602
-3558
-2823
-2482
-1919
-949
-2
656
1382
2614
4228
5637
6521
7127
7709
8022
7631
6635
5657
5092
4640
3785
2526
1278
140
-1268
-3026
-4556
-5392
-5825
-6333
-6775
-6640
-5987
-5429
-5147
-4651
-3633
-2469
-1546
-680
292
892
770
338
115
9
-250
-422
-153
317
543
487
288
-50
-567
-1022
-1058
-723
-370
-208
-225
-322
-451
-564
-513
-192
371
1058
1674
2166
2595
2826
2620
2049
1545
1417
1452
1348
1138
952
665
-7
-1020
-1929
-2472
-2800
-3058
-3139
-3045
-3108
-3628
-4457
-5131
-5471
-5869
-6920
-8445
-9384
-8989
-7867
-7123
-6665
-5565
-3733
-2075
-1074
-3
1826
3808
5089
5958
7367
9334
10541
10193
9081
8325
8025
7436
6288
5261
4648
3847
2344
521
-814
-1698
-2867
-4335
-5203
-4832
-3755
-3008
-2786
-2473
-1683
-742
46
981
2470
4265
5683
6498
7096
7730
8056
7639
6617
5685
5225
4859
4076
2888
1663
447
-1099
-2953
-4519
-5383
-5841
-6399
-6952
-6958
-6419
-5911
-5717
-5409
-4649
-3675
-2901
-2179
-1135
54
960
1505
1975
2475
2838
2901
2769
2628
2441
2067
1435
640
-198
-1064
-1887
-2548
-2965
-3192
-3316
-3275
-2901
-2232
-1522
-871
-143
696
1457
2019
2499
2999
3352
3387
3149
2844
2622
2305
1768
1148
515
-209
-1096
-1967
-2600
-3157
-3787
-4285
-4595
-4836
-5168
-5544
-5748
-6212
-7484
-9055
-9780
-9105
-7856
-6990
-6078
-4435
-2426
-960
-190
805
2537
4306
5530
6596
8203
10078
10963
10351
9069
8065
7383
6473
5364
4630
4282
3586
2071
297
-986
-1981
-3297
-4703
-5255
-4575
-3427
-2658
-2217
-1699
-1090
-636
-190
766
2347
4065
5400
6319
7073
7667
7733
7061
5968
5044
4485
3988
3271
2408
1544
485
-1019
-2741
-4127
-4955
-5495
-5954
-6124
-5823
-5223
-4679
-4311
-3873
-3205
-2519
-2173
-2085
-1721
-1034
-578
-528
-428
85
692
946
1032
1232
1429
1401
1138
951
950
816
388
-171
-624
-891
-1102
-1253
-1225
-1005
-618
-159
304
796
1259
1501
1562
1685
1910
2057
2069
2067
2018
1715
1103
407
-248
-947
-1725
-2427
-2794
-2818
-2954
-3484
-4284
-5116
-5720
-6265
-7270
-8792
-10140
-10399
-9593
-8681
-7901
-6667
-4847
-3094
-2025
-1120
557
2763
4588
5786
7057
8931
10643
11151
10498
9545
8856
8112
6966
5877
5343
4985
3926
2039
230
-891
-1821
-3208
-4689
-5262
-4723
-3878
-3316
-2799
-1979
-1217
-928
-697
262
2062
3900
5139
6024
6945
7759
7980
7464
6702
6090
5548
4932
4230
3611
2943
1734
-110
-2135
-3792
-4958
-5899
-6666
-7026
-6987
-6795
-6579
-6233
-5651
-5037
-4549
-3943
-2854
-1235
498
1888
2851
3509
3939
4135
4095
3854
3471
2994
2436
1756
940
54
-830
-1756
-2761
-3707
-4318
-4401
-4080
-3630
-3139
-2551
-1858
-1130
-396
330
1031
1678
2212
2633
3029
3403
3594
3421
2898
2235
1550
753
-248
-1409
-2444
-3141
-3620
-4110
-4692
-5176
-5412
-5751
-6767
-8491
-10111
-10691
-10264
-9558
-8815
-7538
-5494
-3425
-2132
-1344
-123
1709
3426
4679
6078
8144
10266
11350
11207
10565
9927
9099
7821
6536
5882
5650
5017
3607
1926
594
-577
-2108
-3816
-4893
-4919
-4393
-3945
-3471
-2598
-1591
-1075
-1041
-697
484
2054
3329
4316
5464
6758
7539
7409
6809
6300
5854
5142
4255
3692
3494
3004
1699
-160
-1952
-3452
-4849
-6124
-6919
-7117
-7085
-7139
-7080
-6606
-5884
-5387
-5147
-4617
-3407
-1753
-136
1279
2584
3704
4346
4503
4505
4556
4491
4025
3320
2710
2252
1673
769
-373
-1513
-2508
-3311
-3777
-3784
-3446
-3052
-2767
-2493
-2079
-1580
-1160
-822
-433
85
700
1366
2057
2652
2883
2580
1857
1004
242
-412
-954
-1318
-1596
-2004
-2631
-3316
-3897
-4677
-6176
-8281
-10086
-10752
-10359
-9625
-8817
-7685
-6205
-4822
-3890
-3054
-1720
80
1840
3391
5201
7574
9836
11039
11057
10549
10047
9415
8497
7691
7380
7267
6606
5175
3601
2347
1098
-595
-2478
-3746
-4121
-4075
-4034
-3894
-3432
-2944
-2841
-2958
-2639
-1576
-184
985
1995
3217
4583
5627
6063
6140
6171
6057
5643
5148
4961
5018
4752
3817
2471
1117
-194
-1643
-3123
-4288
-5031
-5632
-6230
-6595
-6566
-6412
-6485
-6660
-6492
-5769
-4669
-3422
-2025
-462
1010
2123
2867
3452
3991
4312
4292
4096
3983
3977
3814
3280
2433
1408
270
-886
-1894
-2514
-2728
-2749
-2757
-2795
-2769
-2674
-2611
-2557
-2382
-1986
-1404
-717
62
809
1268
1282
913
388
-95
-526
-818
-892
-871
-940
-1186
-1514
-2020
-3170
-5166
-7477
-9138
-9701
-9599
-9248
-8527
-7286
-5929
-5101
-4742
-4088
-2794
-1283
33
1493
3682
6343
8488
9570
9927
10041
9840
9109
8268
8031
8372
8470
7780
6658
5698
4790
3359
1403
-367
-1463
-2105
-2649
-2939
-2683
-2214
-2219
-2802
-3308
-3160
-2519
-1881
-1289
-403
867
2134
3027
3590
4027
4278
4150
3789
3666
3992
4405
4409
3940
3295
2592
1644
411
-812
-1742
-2434
-3100
-3678
-3978
-4059
-4235
-4713
-5285
-5606
-5564
-5230
-4609
-3659
-2477
-1335
-432
267
895
1476
1905
2155
2358
2661
3026
3263
3214
2874
2293
1513
624
-171
-678
-897
-1002
-1119
-1238
-1320
-1403
-1554
-1755
-1904
-1939
-1831
-1566
-1151
-681
-348
-317
-600
-1060
-1483
-1677
-1615
-1429
-1292
-1231
-1173
-1213
-1753
-3144
-5176
-7111
-8333
-8806
-8790
-8325
-7312
-6018
-5054
-4672
-4407
-3705
-2621
-1586
-554
1034
3376
5805
7504
8380
8886
9175
8967
8291
7788
7966
8457
8489
7884
7144
6545
5696
4195
2355
858
-66
-735
-1333
-1600
-1400
-1180
-1487
-2209
-2714
-2684
-2397
-2156
-1770
-929
229
1232
1864
2344
2804
2985
2680
2228
2197
2663
3134
3222
3022
2713
2185
1250
81
-877
-1462
-1916
-2401
-2716
-2638
-2387
-2443
-2936
-3554
-3970
-4137
-4103
-3737
-2923
-1895
-1087
-654
-360
39
455
661
695
817
1157
1560
1825
1941
1944
1727
1188
484
-63
-285
-324
-391
-536
-611
-565
-523
-578
-705
-802
-826
-779
-639
-374
-65
86
-80
-541
-1124
-1610
-1893
-2008
-2022
-1978
-1865
-1740
-1894
-2698
-4204
-5979
-7437
-8314
-8693
-8594
-7907
-6718
-5497
-4730
-4364
-3925
-3177
-2329
-1517
-405
1415
3705
5726
7065
7943
8625
8895
8487
7794
7551
7886
8181
7940
7414
7009
6504
5369
3649
2013
889
18
-893
-1541
-1533
-1133
-1064
-1568
-2123
-2257
-2156
-2160
-2115
-1559
-483
569
1243
1766
2404
2922
2908
2470
2199
2406
2784
2928
2855
2783
2599
1966
901
-146
-855
-1373
-1945
-2425
-2486
-2187
-1992
-2191
-2588
-2900
-3118
-3332
-3359
-2883
-1976
-1097
-557
-234
135
490
573
407
295
430
677
827
912
1042
1081
787
182
-408
-718
-841
-982
-1121
-1115
-952
-807
-807
-858
-833
-742
-645
-521
-275
90
388
425
150
-306
-746
-1050
-1217
-1280
-1272
-1232
-1359
-2019
-3409
-5243
-6918
-8037
-8678
-9002
-8843
-7999
-6735
-5672
-5067
-4594
-3886
-3028
-2257
-1327
286
2586
4844
6427
7444
8311
8996
9076
8548
8062
8098
8355
8264
7791
7373
7039
6232
4642
2739
1202
91
-985
-2035
-2577
-2447
-2191
-2373
-2857
-3082
-2921
-2729
-2629
-2230
-1208
136
1270
2115
2977
3887
4414
4306
3945
3879
4091
4119
3784
3405
3192
2836
1965
746
-354
-1210
-2086
-3025
-3648
-3712
-3517
-3515
-3730
-3829
-3692
-3520
-3413
-3136
-2462
-1543
-708
-34
640
1333
1792
1836
1645
1527
1526
1462
1272
1097
990
787
342
-209
-644
-959
-1323
-1748
-2010
-1969
-1762
-1589
-1452
-1229
-963
-829
-855
-861
-716
-565
-605
-787
-879
-792
-677
-652
-616
-505
-603
-1400
-3046
-5063
-6790
-7948
-8692
-9085
-8914
-8097
-7000
-6134
-5541
-4847
-3876
-2907
-2116
-1122
583
2898
5123
6723
7800
8640
9158
9097
8613
8259
8293
8344
7990
7373
6903
6502
5641
4094
2307
815
-364
-1469
-2406
-2819
-2725
-2617
-2843
-3172
-3219
-2981
-2788
-2644
-2156
-1105
233
1448
2497
3533
4456
4944
4946
4836
4915
5010
4782
4251
3743
3380
2908
2102
1072
36
-999
-2122
-3183
-3863
-4088
-4170
-4391
-4640
-4638
-4351
-4000
-3674
-3220
-2524
-1709
-930
-166
653
1403
1844
1938
1913
1985
2106
2098
1894
1567
1169
688
166
-294
-651
-986
-1361
-1700
-1884
-1919
-1905
-1876
-1768
-1542
-1262
-993
-743
-511
-379
-452
-724
-1040
-1216
-1181
-990
-717
-403
-176
-406
-1497
-3425
-5632
-7428
-8561
-9173
-9316
-8836
-7794
-6663
-5866
-5302
-4575
-3582
-2566
-1555
-131
2017
4520
6641
8052
9000
9701
9948
9548
8859
8444
8374
8187
7595
6850
6188
5326
3869
1955
198
-1082
-2102
-3047
-3679
-3745
-3490
-3420
-3635
-3723
-3437
-3004
-2665
-2206
-1243
145
1498
2558
3487
4434
5176
5463
5474
5562
5732
5615
5031
4294
3705
3111
2195
978
-193
-1157
-2087
-3047
-3806
-4197
-4394
-4692
-5027
-5091
-4775
-4275
-3731
-3072
-2225
-1232
-324
470
1222
1882
2272
2351
2334
2408
2509
2464
2206
1811
1309
642
-119
-788
-1258
-1625
-2021
-2389
-2535
-2430
-2214
-1985
-1711
-1334
-936
-633
-389
-132
66
51
-224
-546
-700
-704
-688
-685
-670
-824
-1610
-3312
-5542
-7528
-8783
-9439
-9774
-9664
-8903
-7752
-6773
-6156
-5472
-4344
-2956
-1595
-52
2105
4762
7142
8650
9449
9986
10332
10250
9809
9461
9377
9144
8339
7122
5966
4885
3417
1410
-588
-2007
-2849
-3505
-4107
-4362
-4281
-4285
-4573
-4735
-4289
-3330
-2311
-1369
-211
1300
2821
3944
4671
5241
5672
5786
5630
5550
5712
5822
5484
4686
3714
2688
1465
14
-1424
-2626
-3621
-4475
-5052
-5217
-5147
-5191
-5431
-5586
-5372
-4756
-3822
-2622
-1230
137
1261
2127
2850
3443
3767
3757
3561
3386
3269
3083
2724
2183
1446
482
-611
-1576
-2211
-2573
-2851
-3085
-3154
-3003
-2715
-2376
-1952
-1388
-740
-127
380
775
1032
1070
853
525
286
179
87
-91
-301
-628
-1528
-3435
-6080
-8530
-10052
-10725
-10971
-10802
-9955
-8643
-7548
-6943
-6308
-5072
-3399
-1742
39
2513
5638
8442
10083
10712
10989
11100
10773
10088
9636
9630
9474
8516
6940
5390
3925
1999
-504
-2826
-4211
-4820
-5255
-5588
-5491
-5060
-4888
-5108
-5038
-4083
-2489
-886
619
2385
4383
6051
7003
7479
7858
8038
7775
7293
7074
7046
6485
4972
2968
1173
-314
-1822
-3362
-4569
-5384
-6127
-6915
-7383
-7271
-6855
-6587
-6344
-5587
-4213
-2581
-1035
412
1766
2858
3561
4079
4662
5168
5257
4863
4279
3711
3021
2063
932
-194
-1275
-2313
-3109
-3468
-3505
-3553
-3758
-3905
-3770
-3366
-2793
-2031
-1034
70
1069
1897
2591
3069
3142
2754
2121
1540
1107
698
209
-263
-666
-1331
-2874
-5471
-8415
-10659
-11795
-12194
-12163
-11490
-10039
-8369
-7187
-6397
-5272
-3514
-1559
335
2637
5735
9009
11303
12204
12300
12177
11748
10841
9860
9313
8947
7955
6101
3979
2129
234
-2167
-4618
-6240
-6795
-6883
-6931
-6717
-6073
-5426
-5167
-4867
-3721
-1650
646
2688
4642
6660
8334
9186
9337
9254
9082
8617
7846
7045
6292
5271
3718
1799
-127
-1933
-3670
-5263
-6481
-7231
-7684
-7994
-8068
-7772
-7166
-6429
-5560
-4374
-2824
-1090
621
2216
3641
4730
5389
5731
5909
5879
5497
4760
3819
2748
1503
112
-1247
-2422
-3445
-4360
-5038
-5293
-5153
-4836
-4459
-3928
-3135
-2144
-1086
5
1163
2335
3366
4118
4612
4838
4772
4307
3385
2290
1367
669
-60
-933
-1811
-2779
-4424
-7128
-10216
-12390
-13100
-12985
-12667
-11888
-10258
-8288
-6873
-5954
-4578
-2318
201
2453
4897
8025
11153
12969
13139
12601
12167
11619
10542
9313
8575
8049
6718
4250
1481
-779
-2775
-5063
-7248
-8331
-8138
-7564
-7243
-6848
-6009
-5106
-4519
-3730
-1918
818
3554
5719
7495
9047
10056
10232
9831
9324
8840
8207
7341
6323
5120
3531
1442
-937
-3196
-5023
-6336
-7190
-7636
-7754
-7681
-7589
-7400
-6932
-6091
-4879
-3354
-1576
315
2127
3666
4834
5581
5921
5960
5863
5688
5325
4634
3584
2248
687
-1001
-2611
-3929
-4895
-5590
-6021
-6123
-5921
-5532
-5001
-4222
-3137
-1876
-563
817
2204
3490
4504
5178
5543
5545
5260
4799
4100
3123
1991
932
-6
-999
-2049
-3015
-4214
-6306
-9321
-12140
-13507
-13479
-13041
-12513
-11320
-9333
-7403
-6166
-4963
-2903
-236
2250
4517
7286
10584
13167
13951
13331
12455
11783
10896
9613
8449
7644
6575
4481
1608
-1055
-3163
-5217
-7354
-8804
-8905
-8064
-7267
-6781
-6149
-5264
-4451
-3591
-1994
663
3722
6275
8109
9479
10396
10637
10198
9449
8759
8121
7306
6156
4641
2770
580
-1832
-4135
-5950
-7096
-7665
-7894
-7953
-7894
-7644
-7167
-6449
-5444
-4042
-2187
-51
1984
3665
4955
5839
6308
6350
6113
5774
5346
4724
3793
2528
1022
-674
-2490
-4190
-5455
-6159
-6397
-6431
-6320
-5973
-5410
-4642
-3642
-2396
-908
679
2190
3578
4839
5911
6528
6579
6170
5554
4878
4071
3003
1758
562
-576
-1744
-2904
-3880
-4755
-6174
-8663
-11583
-13558
-13868
-13162
-12366
-11314
-9516
-7375
-5695
-4442
-2693
-127
2525
4822
7245
10174
12892
14152
13721
12528
11388
10375
9251
8096
7113
5962
4046
1291
-1635
-4011
-5858
-7533
-8818
-9081
-8222
-6985
-6079
-5403
-4592
-3628
-2562
-1014
1472
4567
7342
9215
10263
10761
10668
9925
8840
7801
6922
5998
4784
3273
1464
-738
-3245
-5686
-7488
-8337
-8442
-8150
-7702
-7173
-6583
-5948
-5151
-3979
-2402
-542
1423
3270
4834
5953
6513
6574
6307
5868
5337
4650
3721
2551
1139
-470
-2179
-3893
-5403
-6443
-6858
-6701
-6249
-5770
-5277
-4629
-3752
-2640
-1283
306
1970
3435
4593
5526
6281
6746
6828
6558
5982
5141
4044
2730
1269
-192
-1459
-2471
-3299
-3957
-4612
-5871
-8294
-11398
-13695
-14185
-13391
-12306
-10962
-8935
-6607
-4901
-3841
-2430
-169
2326
4579
7063
10166
13072
14380
13726
12098
10568
9313
8081
6941
6093
5284
3717
1091
-1890
-4357
-6220
-7842
-8997
-8941
-7607
-5932
-4750
-4013
-3267
-2421
-1538
-198
2102
5093
7854
9692
10591
10783
10301
9191
7775
6522
5673
5040
4239
3029
1313
-1018
-3965
-6977
-9056
-9632
-9076
-8113
-7123
-6182
-5468
-5067
-4589
-3559
-1881
209
2517
4854
6700
7506
7262
6413
5411
4533
3930
3608
3225
2323
820
-1030
-2959
-4789
-6322
-7271
-7471
-7029
-6190
-5266
-4508
-3945
-3416
-2618
-1366
272
2036
3637
4880
5760
6364
6640
6595
6228
5572
4692
3707
2703
1535
91
-1478
-2864
-3825
-4316
-4625
-5427
-7411
-10360
-12912
-13831
-13224
-12107
-10864
-9093
-6843
-4891
-3582
-2240
-249
2044
4148
6408
9320
12338
14093
13903
12427
10743
9332
8103
6994
6115
5227
3713
1298
-1525
-3984
-5875
-7474
-8637
-8746
-7586
-5814
-4324
-3333
-2540
-1770
-931
307
2359
5098
7745
9572
10417
10458
9843
8619
7000
5425
4214
3312
2357
1001
-780
-2837
-5015
-7003
-8256
-8376
-7531
-6347
-5262
-4307
-3477
-2805
-2146
-1159
324
2076
3797
5252
6126
6156
5407
4278
3167
2158
1232
454
-274
-1192
-2403
-3764
-5009
-6020
-6730
-6873
-6260
-5073
-3778
-2738
-1913
-1120
-249
806
2062
3432
4653
5434
5768
5846
5744
5444
4840
4096
3451
2685
1640
413
-909
-2280
-3673
-4841
-5411
-5458
-5189
-4774
-4920
-6430
-9058
-11276
-11619
-10428
-9028
-7584
-5487
-2981
-1216
-640
-132
1232
2900
4261
5784
8072
10408
11146
9744
7358
5249
3740
2583
1721
1411
1350
704
-932
-2925
-4256
-4703
-4786
-4483
-3157
-745
1744
3269
3868
4188
4440
4554
4875
5899
7424
8556
8612
7647
6059
4085
1937
-28
-1472
-2231
-2502
-2755
-3309
-4176
-5134
-5970
-6433
-6055
-4598
-2453
-361
1173
2105
2513
2464
2272
2355
2856
3534
3966
3901
3208
1857
118
-1592
-2955
-3879
-4403
-4536
-4412
-4340
-4457
-4615
-4619
-4390
-3888
-2947
-1507
129
1452
2192
2507
2695
2944
3329
3845
4327
4579
4441
3964
3349
2639
1891
1179
600
246
-86
-645
-1431
-2424
-3486
-4308
-4650
-4380
-3741
-3027
-2246
-1971
-3245
-6115
-8995
-9963
-9020
-7818
-6892
-5441
-3504
-2343
-2626
-3056
-2159
-464
993
2581
5104
7882
9006
7787
5638
4032
3182
2682
2467
2782
3305
3058
1570
-490
-1987
-2475
-2407
-1929
-568
1657
3674
4472
4295
4044
3951
3751
3721
4489
5940
6991
6849
5664
3970
2083
209
-1207
-1724
-1426
-854
-576
-878
-1580
-2347
-2947
-3239
-3144
-2432
-1016
634
1831
2177
1708
875
128
-266
-164
262
591
485
-263
-1524
-2869
-3997
-4768
-5154
-5110
-4576
-3775
-3119
-2775
-2653
-2544
-2204
-1525
-431
961
2224
3003
3214
3082
2915
2796
2713
2768
2931
3001
2789
2248
1590
951
327
-121
-222
3
344
479
248
-277
-959
-1616
-2090
-2277
-2131
-1754
-1321
-828
-473
-1056
-3224
-6326
-8567
-8951
-8306
-7759
-7174
-6016
-4799
-4491
-4827
-4524
-3094
-1267
522
2715
5313
7254
7536
6434
5097
4261
3885
3818
4028
4327
4144
3005
1210
-362
-1161
-1342
-1206
-611
713
2324
3299
3329
2960
2755
2801
3116
3916
5130
6035
5999
5135
3976
2830
1723
793
265
167
248
131
-420
-1273
-2046
-2455
-2513
-2312
-1688
-657
284
688
671
521
141
-603
-1269
-1282
-853
-713
-1174
-1956
-2814
-3784
-4663
-5046
-4864
-4421
-3863
-3065
-2116
-1378
-1036
-874
-598
-45
810
1852
2739
3062
2816
2330
1878
1602
1467
1395
1351
1298
1244
1142
861
439
81
16
319
850
1440
1955
2167
1886
1252
576
6
-564
-1193
-1695
-1889
-1815
-1580
-1390
-1814
-3550
-6469
-9210
-10320
-9850
-9035
-8481
-7675
-6339
-5160
-4659
-4191
-2885
-911
1070
3100
5535
7841
8807
8009
6383
5135
4608
4444
4319
4112
3652
2651
1093
-501
-1542
-1955
-2005
-1675
-663
924
2284
2825
2830
2961
3447
4104
4850
5741
6579
6924
6605
5860
4974
3997
2876
1696
757
203
-167
-689
-1452
-2221
-2756
-3047
-3142
-3024
-2782
-2533
-2244
-1779
-1225
-963
-1120
-1355
-1393
-1367
-1460
-1629
-1825
-2151
-2597
-2916
-2977
-2987
-3091
-3032
-2592
-1827
-982
-318
88
252
300
419
654
961
1285
1524
1581
1472
1291
1146
1036
930
923
1084
1371
1638
1803
1849
1824
1833
1977
2222
2361
2329
2197
1959
1472
646
-313
-1232
-2119
-2884
-3293
-3295
-3093
-2972
-3166
-4152
-6309
-8814
-10188
-9940
-9028
-8293
-7317
-5657
-4114
-3537
-3356
-2402
-544
1446
3307
5395
7426
8409
7859
6414
5073
4237
3703
3187
2698
2218
1517
369
-1056
-2215
-2763
-2792
-2368
-1228
656
2602
3778
4101
4199
4554
5146
5857
6716
7611
8114
7915
7089
5856
4361
2768
1332
315
-224
-516
-928
-1748
-2899
-3940
-4524
-4630
-4324
-3627
-2651
-1667
-975
-654
-667
-921
-1160
-1160
-938
-677
-508
-564
-1015
-1818
-2603
-3033
-3138
-3102
-2812
-2165
-1449
-1068
-1096
-1183
-1083
-837
-439
195
934
1505
1732
1692
1548
1357
1178
1078
1138
1413
1768
1995
1958
1764
1660
1698
1802
1910
2031
2123
2008
1620
1104
587
32
-683
-1547
-2349
-3014
-3479
-3706
-3775
-3758
-3686
-3440
-3130
-3434
-4932
-7003
-8274
-8131
-7252
-6491
-5616
-4272
-3072
-2685
-2623
-1836
-222
1343
2493
3811
5401
6396
6076
4779
3485
2672
2156
1767
1617
1675
1569
845
-315
-1118
-1128
-571
230
1396
3048
4648
5492
5697
5939
6391
6736
6849
7057
7435
7526
6925
5716
4174
2477
867
-393
-1177
-1690
-2166
-2655
-3143
-3559
-3844
-3965
-3911
-3641
-3040
-2154
-1233
-551
-215
-248
-565
-935
-1134
-1176
-1249
-1366
-1478
-1668
-2090
-2650
-3180
-3609
-3841
-3621
-2887
-2012
-1353
-943
-657
-520
-463
-176
493
1301
1948
2397
2683
2742
2490
2077
1755
1640
1682
1796
1919
2017
2008
1811
1502
1176
925
723
520
380
309
235
-2
-479
-1077
-1668
-2250
-2782
-3113
-3089
-2782
-2395
-2046
-1755
-1448
-1163
-1239
-2197
-3962
-5591
-6165
-5879
-5659
-5699
-5461
-4880
-4648
-4958
-4947
-3987
-2499
-1081
417
2227
3818
4453
4130
3540
3180
3105
3208
3498
3997
4420
4303
3496
2482
1936
1976
2296
2808
3617
4503
4946
4855
4653
4630
4585
4378
4293
4529
4850
4809
4251
3320
2186
1036
126
-374
-541
-593
-767
-1165
-1706
-2208
-2599
-2924
-3137
-3026
-2500
-1852
-1434
-1434
-1818
-2383
-2830
-2886
-2578
-2135
-1770
-1542
-1550
-1831
-2219
-2502
-2522
-2271
-1781
-1164
-625
-370
-419
-536
-477
-103
499
1131
1664
2007
2137
2061
1807
1493
1301
1353
1598
1918
2160
2182
1879
1317
831
698
909
1192
1347
1320
1132
782
296
-188
-552
-712
-710
-643
-677
-907
-1300
-1766
-2190
-2500
-2598
-2488
-2283
-2168
-2237
-2501
-3113
-4227
-5642
-6675
-6911
-6708
-6618
-6529
-5991
-5256
-5000
-5150
-4815
-3610
-2115
-807
541
2060
3222
3649
3708
3906
4232
4465
4713
5200
5805
6157
6029
5488
4811
4260
3950
3797
3732
3756
3793
3637
3245
2840
2565
2313
1996
1817
1962
2306
2599
2756
2847
2838
2658
2387
2116
1815
1407
921
463
83
-280
-647
-1018
-1457
-1966
-2467
-2843
-3084
-3257
-3380
-3397
-3322
-3213
-3089
-2930
-2725
-2537
-2380
-2211
-2007
-1795
-1662
-1636
-1666
-1687
-1685
-1641
-1528
-1342
-1167
-1108
-1101
-1041
-894
-660
-364
-58
197
395
624
885
1126
1351
1604
1885
2147
2388
2642
2880
3016
3039
3048
3079
3061
2935
2698
2404
2097
1802
1503
1137
666
144
-343
-785
-1179
-1510
-1782
-2072
-2384
-2604
-2667
-2692
-2803
-2981
-3083
-3035
-2915
-2831
-2876
-3090
-3459
-3882
-4211
-4348
-4397
-4515
-4693
-4725
-4464
-4064
-3750
-3579
-3443
-3246
-2910
-2321
-1424
-416
400
953
1430
2031
2693
3251
3647
3971
4330
4765
5238
5623
5774
5642
5361
5093
4985
5070
5268
5406
5343
5122
4846
4581
4318
4026
3713
3416
3171
3033
2968
2809
2420
1853
1307
933
715
570
469
313
0
-477
-957
-1321
-1653
-2072
-2501
-2791
-2955
-3108
-3321
-3530
-3720
-3939
-4147
-4257
-4268
-4268
-4279
-4258
-4142
-3948
-3660
-3273
-2846
-2463
-2132
-1820
-1529
-1245
-915
-490
-32
383
746
1043
1224
1310
1402
1516
1601
1638
1712
1836
1900
1843
1738
1651
1563
1483
1449
1481
1494
1413
1276
1124
962
769
579
464
486
612
731
770
677
424
38
-343
-579
-684
-803
-1031
-1349
-1694
-2041
-2419
-2845
-3369
-3989
-4599
-5026
-5152
-5063
-4965
-5000
-5083
-5034
-4743
-4293
-3799
-3314
-2830
-2298
-1691
-985
-290
216
494
757
1250
1953
2658
3194
3574
3869
4124
4410
4771
5156
5387
5394
5318
5333
5434
5465
5366
5218
5124
5083
5031
4925
4767
4555
4290
4002
3762
3563
3311
2946
2528
2134
1746
1311
846
448
150
-156
-582
-1086
-1579
-2013
-2374
-2634
-2788
-2906
-3049
-3194
-3297
-3403
-3559
-3777
-3988
-4103
-4067
-3917
-3785
-3810
-4042
-4359
-4571
-4567
-4358
-4031
-3678
-3359
-3060
-2717
-2307
-1897
-1548
-1237
-869
-368
259
878
1307
1464
1421
1373
1465
1700
1988
2235
2400
2537
2715
2924
3082
3119
3086
3103
3212
3382
3498
3429
3144
2746
2383
2089
1769
1378
964
578
240
-66
-398
-824
-1346
-1842
-2176
-2375
-2566
-2818
-3110
-3354
-3523
-3632
-3778
-4091
-4577
-5060
-5313
-5291
-5142
-5068
-5130
-5219
-5138
-4805
-4314
-3800
-3347
-2919
-2401
-1711
-877
-66
530
916
1267
1747
2369
3018
3590
4052
4412
4750
5120
5469
5694
5770
5806
5922
6099
6262
6362
6370
6272
6080
5855
5661
5482
5273
5015
4740
4496
4239
3885
3433
2964
2559
2205
1837
1464
1123
783
387
-69
-542
-1015
-1524
-2038
-2471
-2804
-3111
-3492
-3951
-4390
-4733
-4991
-5225
-5466
-5678
-5838
-5945
-5947
-5822
-5626
-5467
-5330
-5105
-4731
-4276
-3858
-3468
-3035
-2553
-2066
-1592
-1112
-673
-324
-35
285
690
1119
1466
1709
1883
2025
2153
2277
2429
2611
2759
2831
2852
2867
2883
2861
2781
2701
2656
2617
2536
2390
2204
2000
1770
1530
1300
1065
797
485
153
-162
-463
-783
-1126
-1462
-1750
-1988
-2223
-2492
-2778
-3035
-3217
-3289
-3265
-3237
-3330
-3594
-3922
-4167
-4271
-4279
-4240
-4183
-4105
-3957
-3679
-3289
-2901
-2615
-2365
-1974
-1346
-530
304
996
1468
1803
2208
2794
3477
4084
4538
4902
5280
5676
6009
6188
6169
6026
5921
5961
6105
6204
6136
5899
5588
5312
5120
4958
4746
4486
4227
3983
3731
3396
2934
2358
1726
1127
615
142
-342
-848
-1351
-1842
-2369
-2955
-3517
-3945
-4218
-4375
-4470
-4554
-4673
-4828
-4932
-4919
-4811
-4695
-4645
-4627
-4564
-4430
-4273
-4182
-4197
-4229
-4165
-3971
-3679
-3357
-3051
-2785
-2540
-2243
-1838
-1367
-932
-584
-271
86
494
908
1263
1542
1748
1938
2167
2428
2705
2959
3158
3286
3360
3409
3448
3463
3442
3398
3348
3269
3130
2916
2638
2330
2023
1723
1420
1101
791
514
245
-58
-394
-750
-1088
-1366
-1534
-1607
-1693
-1904
-2222
-2535
-2750
-2875
-2963
-3053
-3146
-3217
-3250
-3265
-3332
-3516
-3800
-4053
-4107
-3907
-3562
-3257
-3073
-2935
-2698
-2291
-1763
-1211
-697
-216
287
872
1519
2109
2525
2772
2992
3318
3753
4188
4518
4717
4840
4955
5091
5239
5346
5360
5280
5171
5108
5088
5040
4910
4709
4466
4215
3974
3759
3544
3295
2986
2625
2232
1823
1415
1002
575
134
-319
-783
-1241
-1667
-2068
-2479
-2922
-3364
-3742
-4031
-4266
-4504
-4760
-5007
-5206
-5310
-5303
-5227
-5167
-5167
-5189
-5139
-4973
-4729
-4474
-4235
-3987
-3687
-3333
-2955
-2593
-2269
-1973
-1661
-1290
-849
-381
34
355
611
876
1191
1523
1828
2116
2403
2677
2902
3073
3208
3308
3364
3414
3500
3614
3679
3647
3534
3385
3219
3031
2815
2585
2354
2122
1887
1638
1357
1012
605
202
-107
-303
-474
-713
-1022
-1328
-1571
-1749
-1883
-2011
-2153
-2292
-2373
-2361
-2308
-2319
-2435
-2595
-2687
-2654
-2546
-2487
-2580
-2827
-3121
-3316
-3346
-3245
-3120
-3042
-2970
-2806
-2482
-2040
-1584
-1201
-845
-416
153
827
1492
2038
2423
2718
3026
3433
3907
4336
4610
4752
4856
4968
5061
5099
5069
4982
4876
4781
4703
4604
4405
4077
3682
3317
3029
2795
2549
2241
1899
1543
1193
830
457
95
-237
-548
-830
-1106
-1406
-1746
-2103
-2409
-2655
-2882
-3135
-3406
-3661
-3867
-4027
-4150
-4248
-4331
-4369
-4340
-4247
-4136
-4063
-4029
-3979
-3833
-3565
-3229
-2907
-2659
-2460
-2263
-2018
-1729
-1426
-1130
-826
-491
-117
262
586
819
989
1169
1416
1736
2082
2384
2621
2790
2921
3031
3115
3184
3245
3313
3378
3409
3369
3247
3048
2801
2550
2322
2111
1894
1667
1437
1196
913
579
225
-107
-386
-618
-836
-1064
-1319
-1599
-1876
-2109
-2283
-2426
-2555
-2671
-2741
-2745
-2727
-2732
-2741
-2708
-2611
-2466
-2297
-2123
-1966
-1846
-1765
-1714
-1698
-1708
-1730
-1721
-1640
-1499
-1361
-1267
-1179
-1025
-764
-447
-115
233
621
1037
1460
1872
2228
2502
2706
2925
3213
3536
3813
3987
4063
4085
4100
4108
4087
4014
3878
3715
3553
3394
3213
2983
2704
2413
2155
1941
1749
1544
1309
1049
774
495
217
-61
-340
-618
-907
-1209
-1505
-1782
-2050
-2306
-2543
-2763
-2960
-3131
-3255
-3326
-3367
-3397
-3418
-3398
-3315
-3170
-2986
-2795
-2630
-2502
-2384
-2242
-2054
-1828
-1611
-1416
-1230
-1041
-835
-608
-395
-215
-55
114
320
546
748
897
972
1011
1059
1158
1297
1439
1537
1591
1632
1672
1713
1736
1732
1707
1676
1650
1624
1586
1508
1380
1223
1072
943
847
775
704
603
459
287
108
-48
-175
-286
-395
-515
-644
-759
-869
-989
-1139
-1320
-1498
-1632
-1700
-1708
-1699
-1725
-1779
-1806
-1763
-1652
-1522
-1403
-1301
-1213
-1128
-1061
-1049
-1122
-1259
-1385
-1435
-1410
-1358
-1314
-1273
-1198
-1041
-803
-540
-310
-104
127
425
771
1105
1378
1579
1742
1928
2163
2412
2617
2757
2869
2996
3125
3213
3227
3161
3050
2959
2920
2905
2855
2731
2568
2406
2269
2144
2015
1876
1742
1617
1501
1371
1179
922
641
390
183
5
-188
-416
-670
-934
-1187
-1442
-1706
-1960
-2162
-2296
-2389
-2492
-2620
-2746
-2844
-2883
-2856
-2794
-2739
-2695
-2636
-2534
-2401
-2274
-2168
-2058
-1901
-1685
-1440
-1218
-1060
-967
-887
-770
-611
-437
-295
-194
-107
14
169
319
433
506
572
667
815
987
1136
1231
1274
1301
1365
1455
1526
1558
1538
1491
1433
1380
1319
1234
1103
937
777
658
574
483
367
226
89
-29
-106
-157
-214
-302
-420
-533
-619
-686
-772
-899
-1060
-1214
-1322
-1377
-1394
-1405
-1424
-1447
-1445
-1397
-1304
-1188
-1087
-991
-882
-751
-611
-487
-415
-407
-451
-507
-546
-553
-539
-526
-517
-494
-435
-328
-182
-23
139
318
526
763
1011
1234
1404
1525
1617
1720
1839
1965
2079
2168
2235
2283
2319
2343
2358
2368
2379
2388
2374
2326
2236
2113
1975
1831
1694
1573
1462
1359
1261
1153
1014
842
654
481
348
244
136
-1
-172
-362
-545
-705
-836
-960
-1084
-1204
-1320
-1432
-1554
-1701
-1863
-2013
-2135
-2221
-2271
-2307
-2354
-2398
-2426
-2429
-2398
-2338
-2247
-2129
-1980
-1816
-1663
-1537
-1432
-1317
-1175
-1007
-832
-668
-524
-402
-293
-192
-88
9
102
199
311
432
541
622
670
697
725
763
817
878
938
978
991
979
956
934
920
900
872
831
762
674
579
485
387
283
172
65
-28
-104
-183
-278
-390
-504
-593
-644
-660
-666
-684
-707
-714
-685
-609
-519
-437
-375
-324
-262
-186
-124
-109
-151
-237
-330
-402
-468
-542
-645
-763
-851
-875
-831
-743
-645
-548
-433
-281
-90
129
345
540
706
865
1029
1198
1359
1497
1614
1719
1833
1958
2085
2190
2266
2308
2324
2339
2358
2386
2401
2374
2304
2213
2115
2014
1909
1792
1667
1542
1431
1334
1234
1108
940
735
534
356
202
53
-119
-326
-557
-782
-999
-1214
-1437
-1657
-1861
-2024
-2145
-2248
-2349
-2473
-2594
-2688
-2727
-2719
-2684
-2639
-2588
-2530
-2463
-2377
-2291
-2200
-2096
-1973
-1824
-1666
-1520
-1405
-1309
-1216
-1109
-995
-877
-761
-644
-516
-383
-256
-138
-26
86
219
378
548
704
824
915
996
1081
1167
1249
1310
1350
1381
1406
1421
1422
1405
1372
1329
1290
1253
1209
1155
1080
990
896
805
710
608
504
402
297
194
96
-2
-92
-171
-249
-327
-400
-470
-530
-576
-611
-647
-686
-723
-749
-747
-731
-721
-726
-737
-740
-731
-716
-698
-680
-658
-623
-568
-492
-420
-358
-295
-216
-111
7
123
219
306
392
486
585
689
796
909
1041
1180
1315
1422
1508
1583
1662
1753
1839
1894
1914
1904
1879
1846
1801
1735
1653
1571
1499
1433
1355
1249
1105
939
780
635
508
378
231
64
-117
-292
-468
-638
-803
-956
-1087
-1196
-1285
-1375
-1476
-1588
-1699
-1790
-1854
-1891
-1909
-1922
-1932
-1944
-1948
-1938
-1911
-1867
-1802
-1715
-1611
-1495
-1383
-1282
-1192
-1106
-1014
-907
-788
-663
-549
-445
-353
-261
-163
-66
35
140
246
351
453
541
613
662
703
742
771
795
809
802
784
760
737
719
709
704
702
701
693
675
657
635
612
584
544
499
434
358
273
184
97
9
-69
-136
-189
-231
-271
-306
-333
-343
-338
-324
-309
-303
-301
-298
-292
-293
-295
-304
-321
-337
-349
-355
-356
-354
-353
-349
-332
-303
-258
-202
-132
-61
10
86
161
243
329
414
495
573
650
728
803
864
903
928
953
980
1017
1059
1092
1106
1113
1119
1122
1125
1122
1109
1091
1080
1067
1043
995
918
827
738
656
575
483
377
261
142
31
-75
-185
-298
-401
-492
-561
-615
-677
-750
-833
-910
-976
-1026
-1068
-1113
-1159
-1202
-1236
-1261
-1285
-1305
-1320
-1320
-1296
-1257
-1212
-1168
-1132
-1093
-1052
-992
-915
-830
-738
-643
-550
-463
-383
-313
-248
-179
-104
-27
52
125
183
237
282
320
355
393
434
472
503
525
534
533
526
513
506
507
512
522
528
524
501
467
424
384
356
333
303
263
209
142
73
-2
-73
-146
-207
-253
-289
-318
-347
-381
-414
-430
-429
-407
-372
-342
-319
-305
-299
-299
-295
-291
-288
-287
-278
-257
-232
-207
-183
-157
-119
-65
5
79
146
205
255
301
345
386
425
459
491
518
547
573
592
606
622
645
675
719
764
811
852
891
925
955
979
991
996
988
972
936
883
826
756
684
616
543
470
393
319
250
187
130
69
8
-52
-112
-170
-233
-301
-379
-456
-521
-586
-640
-688
-736
-782
-824
-854
-873
-880
-881
-885
-883
-872
-849
-818
-784
-752
-724
-692
-654
-607
-563
-518
-475
-427
-369
-310
-255
-209
-171
-135
-94
-48
-7
23
40
46
47
48
52
50
44
43
48
52
53
48
36
25
14
7
8
5
-10
-34
-64
-92
-128
-159
-182
-201
-213
-225
-239
-259
-284
-309
-331
-342
-349
-352
-352
-348
-344
-338
-335
-330
-318
-297
-264
-230
-194
-161
-133
-101
-67
-29
9
50
89
130
172
212
261
313
370
426
479
538
595
648
702
753
800
838
873
898
916
926
922
907
887
867
850
831
807
778
747
723
707
687
669
644
621
594
563
523
467
399
323
250
181
114
47
-27
-97
-165
-230
-280
-319
-351
-370
-375
-372
-373
-377
-386
-397
-406
-413
-413
-415
-414
-412
-413
-413
-411
-409
-389
-357
-317
-271
-228
-191
-166
-141
-119
-99
-79
-65
-50
-30
-15
-9
-21
-40
-62
-84
-96
-104
-116
-129
-149
-173
-201
-234
-277
-326
-370
-416
-455
-494
-537
-580
-619
-649
-673
-688
-694
-690
-684
-669
-650
-637
-623
-609
-594
-575
-548
-516
-479
-442
-404
-363
-323
-283
-244
-204
-156
-104
-51
4
48
89
126
165
205
245
282
318
354
383
416
442
464
487
512
537
561
588
611
628
642
647
649
648
648
646
642
637
627
612
601
590
578
568
556
540
527
514
499
485
468
452
437
428
416
401
381
353
322
286
247
213
181
149
119
86
54
25
-2
-25
-35
-43
-46
-46
-47
-52
-62
-71
-76
-77
-76
-72
-68
-64
-65
-74
-84
-91
-97
-95
-90
-86
-86
-83
-87
-95
-103
-113
-118
-121
-121
-124
-135
-150
-172
-194
-211
-228
-242
-258
-271
-287
-309
-333
-362
-390
-416
-436
-456
-479
-506
-535
-570
-604
-632
-661
-681
-694
-701
-701
-692
-684
-674
-663
-647
-627
-604
-575
-547
-516
-485
-455
-424
-395
-366
-337
-299
-259
-218
-172
-121
-68
-13
41
93
145
201
259
312
360
398
431
459
481
498
509
521
531
539
556
567
574
584
592
603
619
636
652
660
662
659
653
641
625
608
587
572
554
532
509
482
456
432
411
392
373
347
318
288
255
221
185
149
115
82
53
24
-7
-39
-72
-100
-124
-146
-168
-190
-211
-232
-252
-269
-283
-298
-312
-324
-331
-330
-327
-317
-302
-288
-263
-233
-205
-176
-152
-129
-107
-86
-65
-49
-36
-25
-16
-3
16
30
43
62
78
93
106
116
118
118
114
107
100
86
65
43
19
-9
-38
-70
-104
-142
-177
-205
-230
-257
-282
-304
-325
-346
-367
-387
-409
-428
-445
-459
-470
-480
-487
-493
-493
-494
-495
-487
-474
-462
-446
-427
-407
-385
-359
-332
-297
-261
-222
-183
-142
-100
-63
-26
11
48
86
128
168
201
232
264
295
324
349
372
391
409
426
442
454
463
468
475
480
480
480
481
481
476
471
464
449
430
409
388
365
341
315
294
272
250
230
208
187
166
148
131
114
96
80
62
46
34
23
12
0
-14
-31
-48
-65
-84
-99
-112
-122
-131
-139
-142
-144
-143
-135
-124
-113
-98
-84
-69
-56
-47
-41
-35
-31
-25
-19
-16
-13
-12
-17
-20
-22
-26
-28
-29
-32
-31
-34
-33
-33
-36
-35
-39
-40
-46
-50
-57
-62
-66
-70
-76
-81
-86
-94
-100
-109
-116
-126
-138
-146
-151
-156
-160
-162
-160
-164
-164
-162
-163
-160
-153
-145
-137
-128
-117
-111
-106
-102
-97
-94
-93
-94
-97
-100
-101
-104
-103
-99
-99
-91
-80
-72
-64
-59
-55
-52
-50
-47
-48
-53
-58
-65
-68
-72
-76
-75
-73
-75
-76
-76
-72
-66
-57
-46
-32
-19
-7
7
20
33
44
56
70
82
94
111
126
143
159
181
207
227
249
268
287
305
321
334
340
347
353
357
357
357
357
353
348
342
333
321
306
288
266
243
219
196
169
140
107
72
40
7
-28
-59
-84
-107
-126
-147
-168
-187
-201
-214
-223
-231
-235
-240
-241
-239
-238
-237
-239
-239
-236
-233
-226
-214
-204
-187
-170
-148
-122
-97
-72
-49
-22
3
27
50
68
86
103
112
117
121
127
131
135
136
134
132
129
125
121
116
113
105
97
86
74
63
50
37
23
8
-8
-28
-44
-58
-73
-92
-109
-123
-134
-146
-156
-166
-178
-184
-193
-200
-206
-217
-226
-234
-239
-244
-250
-251
-254
-247
-236
-223
-208
-192
-174
-156
-138
-116
-96
-78
-59
-40
-21
-4
10
28
44
55
63
69
76
85
95
105
115
126
137
147
162
174
185
193
197
198
196
194
189
185
181
178
174
171
165
158
148
138
130
119
111
104
96
89
80
71
63
63
59
54
48
39
32
23
16
7
-3
-17
-32
-42
-54
-64
-73
-80
-86
-92
-97
-104
-107
-107
-113
-110
-103
-99
-93
-85
-75
-65
-56
-46
-34
-23
-12
0
13
26
38
49
62
73
81
92
105
115
127
139
154
166
182
197
206
219
227
229
229
226
217
205
193
181
161
142
121
99
77
55
27
-1
-29
-57
-85
-107
-132
-156
-178
-200
-219
-242
-263
-284
-308
-328
-345
-364
-381
-393
-405
-415
-417
-418
-417
-413
-404
-388
-373
-352
-331
-309
-284
-258
-230
-197
-160
-123
-86
-52
-17
15
47
75
104
129
155
176
198
222
243
264
283
301
314
329
343
354
362
371
374
376
380
378
376
367
356
341
323
305
284
263
242
219
193
172
152
131
106
80
53
27
-2
-28
-53
-78
-101
-124
-144
-165
-185
-201
-216
-230
-245
-255
-262
-269
-274
-276
-277
-275
-272
-267
-258
-246
-235
-220
-206
-190
-172
-150
-129
-107
-86
-59
-31
-2
28
56
85
112
135
155
172
189
203
216
230
243
256
266
276
284
287
292
291
285
278
264
249
234
218
198
178
158
136
112
89
64
42
18
-5
-30
-56
-82
-105
-128
-148
-163
-182
-199
-216
-231
-249
-264
-278
-293
-304
-313
-317
-321
-321
-323
-322
-315
-309
-301
-289
-278
-266
-251
-235
-216
-196
-177
-153
-132
-109
-84
-60
-29
-6
18
36
58
82
103
123
143
165
187
209
231
250
265
276
283
289
291
293
294
296
298
296
294
293
286
283
276
262
249
232
213
191
167
144
120
94
69
43
16
-7
-31
-59
-81
-106
-131
-153
-173
-193
-208
-221
-229
-235
-238
-241
-242
-242
-245
