33
34
34
36
37
39
40
41
43
44
45
44
41
39
39
36
34
33
29
26
22
18
14
10
5
2
-3
-7
-11
-16
-20
-23
-27
-31
-35
-41
-44
-45
-47
-51
-55
-60
-62
-66
-68
-70
-71
-73
-73
-73
-72
-70
-68
-64
-60
-57
-54
-48
-43
-39
-35
-30
-25
-21
-16
-10
-3
4
11
16
24
29
34
38
43
48
51
56
62
68
75
81
87
90
95
98
102
104
105
106
106
104
100
97
92
85
79
72
66
58
49
40
31
22
11
3
-8
-19
-30
-41
-53
-66
-77
-87
-99
-108
-117
-123
-128
-134
-138
-141
-145
-148
-151
-153
-152
-149
-145
-139
-133
-126
-118
-112
-103
-96
-88
-77
-65
-53
-39
-24
-10
4
20
38
57
78
94
114
133
150
167
182
194
205
213
223
230
236
241
245
247
247
241
235
227
214
200
185
168
151
131
111
91
70
46
26
6
-13
-31
-49
-67
-88
-108
-128
-150
-172
-190
-208
-224
-240
-255
-267
-278
-288
-297
-301
-304
-305
-306
-303
-299
-292
-280
-268
-253
-235
-216
-196
-175
-153
-131
-106
-80
-55
-29
0
26
54
82
108
133
157
182
205
225
244
261
276
287
297
305
310
316
318
317
317
314
310
303
295
284
269
252
234
214
193
170
147
124
102
78
56
33
11
-12
-30
-50
-72
-91
-107
-124
-137
-150
-162
-174
-184
-193
-203
-210
-218
-224
-228
-229
-231
-230
-227
-225
-221
-214
-208
-200
-194
-186
-179
-171
-160
-149
-139
-127
-114
-101
-85
-71
-58
-44
-30
-17
-6
5
13
20
28
32
39
47
54
62
66
73
79
82
86
91
94
98
102
107
114
119
122
125
129
132
135
137
139
141
145
148
150
155
157
163
164
166
170
173
173
175
175
178
180
181
181
178
172
164
155
145
136
124
111
96
78
57
34
8
-18
-42
-69
-97
-124
-150
-175
-199
-221
-243
-266
-288
-310
-330
-351
-370
-388
-407
-417
-422
-427
-427
-424
-419
-411
-399
-387
-371
-355
-337
-315
-289
-261
-228
-192
-156
-119
-81
-38
4
46
88
131
175
215
255
292
327
363
394
423
452
477
498
517
534
545
550
556
557
554
545
535
522
505
486
463
435
404
370
331
289
247
204
158
114
67
18
-26
-75
-123
-172
-219
-266
-310
-351
-390
-423
-452
-477
-504
-525
-542
-555
-567
-572
-576
-578
-571
-561
-544
-525
-504
-479
-452
-421
-389
-353
-317
-280
-239
-197
-153
-108
-64
-19
22
63
106
147
188
228
268
303
338
370
398
424
448
470
490
505
516
520
521
521
514
504
492
476
457
437
412
385
354
325
291
255
219
179
141
97
54
9
-34
-78
-119
-160
-196
-230
-261
-292
-318
-340
-362
-379
-395
-408
-418
-426
-430
-431
-431
-428
-421
-412
-401
-387
-367
-341
-312
-282
-250
-217
-181
-147
-114
-81
-46
-14
18
50
81
113
143
168
191
212
234
251
265
278
288
296
302
305
307
306
303
296
286
275
260
243
224
205
182
159
137
114
90
67
41
17
-7
-29
-51
-70
-91
-108
-125
-139
-151
-161
-167
-173
-176
-178
-176
-172
-170
-164
-156
-146
-134
-122
-108
-93
-76
-62
-46
-30
-14
3
18
33
46
56
68
79
86
91
97
101
102
102
102
100
94
88
79
72
63
55
46
37
27
15
6
-4
-11
-17
-24
-33
-43
-51
-60
-69
-77
-82
-87
-93
-99
-103
-106
-107
-110
-112
-109
-104
-99
-93
-84
-77
-68
-59
-48
-38
-25
-11
4
19
34
46
57
70
79
88
101
113
122
133
143
150
156
158
158
158
158
153
150
146
140
134
127
119
110
98
88
76
61
43
25
6
-12
-31
-50
-68
-86
-102
-114
-126
-137
-147
-153
-159
-167
-175
-180
-187
-192
-195
-198
-200
-199
-196
-192
-186
-180
-172
-164
-153
-141
-127
-111
-93
-77
-62
-43
-26
-7
13
31
50
70
90
111
128
144
160
174
186
197
210
221
231
240
247
254
258
260
258
254
247
238
227
213
198
181
164
145
125
107
86
66
44
22
-2
-22
-43
-65
-84
-104
-121
-138
-152
-167
-180
-192
-204
-214
-223
-229
-235
-238
-238
-240
-242
-241
-236
-228
-218
-204
-192
-178
-163
-147
-131
-115
-99
-82
-62
-42
-21
-1
19
37
55
73
88
102
114
125
132
140
146
152
159
164
169
171
175
177
177
176
173
167
159
152
142
130
118
105
92
78
63
50
39
28
16
3
-9
-20
-34
-48
-62
-73
-84
-92
-94
-97
-98
-100
-103
-105
-108
-110
-110
-106
-104
-98
-91
-85
-75
-66
-57
-49
-38
-27
-18
-10
-4
-1
4
11
16
22
27
32
40
44
50
53
56
57
60
61
60
61
61
60
59
56
55
52
52
51
49
48
45
42
37
32
25
18
11
5
-3
-10
-14
-20
-24
-30
-34
-39
-45
-52
-57
-61
-64
-66
-66
-65
-63
-61
-61
-60
-60
-55
-52
-48
-41
-35
-30
-24
-16
-10
-5
1
7
12
15
19
21
22
22
21
20
26
32
37
44
48
53
56
60
63
65
66
64
60
55
49
41
33
26
22
16
12
7
2
-3
-9
-15
-21
-26
-31
-35
-40
-45
-51
-55
-60
-65
-68
-71
-72
-74
-71
-69
-63
-57
-51
-44
-36
-28
-22
-16
-10
-3
5
10
16
22
27
33
37
38
44
48
51
56
62
69
72
75
77
77
77
76
75
73
70
66
62
60
56
50
45
40
34
28
22
15
5
-6
-18
-27
-37
-47
-54
-62
-67
-71
-75
-77
-80
-82
-81
-80
-80
-79
-79
-77
-75
-71
-70
-68
-66
-64
-60
-56
-55
-52
-47
-42
-36
-30
-23
-13
-4
4
12
19
25
32
41
46
52
58
62
68
70
72
72
74
73
72
72
71
69
65
60
56
50
46
42
38
36
33
30
25
22
18
14
11
8
4
0
-6
-9
-14
-18
-21
-23
-25
-28
-31
-35
-38
-40
-43
-42
-43
-43
-42
-43
-45
-43
-40
-39
-37
-35
-32
-28
-24
-19
-15
-8
-1
7
15
19
25
28
29
28
28
31
33
33
34
34
32
34
32
33
31
27
24
20
15
11
8
5
1
-4
-8
-12
-16
-19
-21
-26
-30
-34
-38
-39
-43
-43
-44
-43
-41
-41
-40
-38
-35
-32
-30
-25
-22
-19
-16
-10
-7
-2
3
6
8
12
17
21
26
29
33
35
38
39
39
40
39
37
36
33
32
32
33
32
30
30
29
27
25
24
23
19
17
13
7
5
4
1
-2
-1
-4
-5
-9
-13
-17
-18
-23
-27
-30
-32
-36
-38
-40
-44
-48
-47
-46
-45
-45
-44
-42
-43
-43
-43
-43
-40
-39
-37
-34
-29
-24
-18
-11
-5
1
10
17
23
31
36
42
47
50
55
58
64
68
71
74
78
79
80
83
82
81
81
77
72
70
66
60
54
45
38
29
20
9
1
-9
-16
-25
-33
-40
-49
-57
-67
-74
-81
-86
-92
-97
-100
-103
-103
-105
-105
-106
-103
-98
-95
-91
-87
-82
-78
-78
-72
-69
-63
-57
-50
-44
-34
-24
-13
0
13
26
37
47
56
65
74
81
86
92
99
104
111
117
122
125
125
125
122
120
115
109
106
102
96
89
81
74
64
54
44
32
18
6
-8
-21
-32
-43
-54
-64
-74
-82
-88
-93
-97
-100
-103
-105
-106
-109
-106
-106
-103
-100
-97
-92
-88
-80
-72
-65
-58
-52
-43
-34
-26
-16
-8
-1
6
12
21
28
36
45
54
61
69
77
85
89
92
94
92
91
89
89
85
82
77
72
66
60
53
49
45
38
31
25
17
10
3
-4
-12
-19
-27
-36
-44
-51
-59
-69
-73
-77
-79
-81
-81
-80
-78
-76
-73
-72
-66
-63
-60
-55
-49
-44
-40
-36
-30
-25
-19
-13
-7
-1
6
10
14
19
24
27
30
34
37
42
45
50
56
58
61
61
64
66
67
67
67
63
59
56
51
48
43
37
33
27
20
13
6
0
-7
-13
-19
-24
-30
-36
-42
-45
-50
-54
-57
-60
-62
-64
-64
-64
-64
-62
-59
-55
-51
-49
-44
-40
-33
-28
-23
-15
-9
-3
4
11
17
24
28
34
39
45
50
55
59
60
64
68
70
70
69
68
66
63
59
55
50
43
38
33
27
24
18
12
2
-8
-15
-21
-30
-35
-42
-50
-54
-58
-62
-65
-65
-64
-64
-63
-62
-61
-61
-58
-57
-56
-52
-48
-44
-38
-31
-27
-20
-13
-6
1
8
17
21
26
28
34
39
42
45
45
48
52
51
51
52
52
51
50
50
48
50
47
46
43
39
37
34
30
23
17
9
3
-4
-9
-14
-19
-23
-28
-32
-38
-42
-46
-49
-52
-53
-54
-55
-56
-57
-59
-57
-56
-53
-50
-46
-43
-40
-36
-32
-28
-24
-20
-16
-12
-8
-5
-2
0
1
0
4
7
10
14
18
20
23
27
33
37
40
44
48
53
54
57
59
60
61
59
62
63
63
61
58
57
53
49
46
41
35
30
26
22
16
10
5
-2
-9
-17
-21
-26
-32
-36
-41
-45
-48
-51
-54
-56
-57
-59
-61
-63
-62
-61
-60
-56
-56
-57
-54
-50
-47
-43
-38
-33
-28
-21
-16
-11
-7
-3
2
6
10
15
20
26
28
32
36
41
44
49
52
55
56
57
58
58
57
55
53
50
46
43
39
35
30
24
21
15
9
3
0
-7
-11
-17
-21
-28
-32
-36
-41
-43
-46
-46
-46
-47
-47
-46
-46
-45
-44
-39
-36
-35
-32
-30
-28
-28
-26
-24
-22
-19
-15
-12
-9
-6
-5
-4
1
5
6
9
13
15
17
19
23
26
29
31
34
36
40
42
42
44
43
41
41
39
35
33
30
27
24
19
15
11
6
1
-3
-7
-11
-12
-13
-14
-16
-20
-18
-16
-17
-17
-17
-17
-17
-16
-15
-14
-11
-7
-5
-3
-1
0
2
4
4
3
6
7
8
8
10
10
9
9
9
9
11
11
9
10
11
12
14
14
15
15
15
14
11
9
5
1
-3
-6
-8
-11
-14
-17
-20
-24
-27
-30
-34
-36
-39
-43
-43
-45
-45
-43
-42
-39
-39
-35
-34
-31
-30
-28
-24
-22
-19
-15
-12
-8
-5
-5
0
2
3
7
10
14
18
22
26
30
34
38
42
46
48
49
50
49
48
47
47
47
47
48
47
49
49
48
49
47
46
45
42
39
36
31
24
19
11
5
-2
-8
-13
-17
-21
-26
-30
-33
-37
-40
-43
-46
-53
-56
-60
-62
-66
-67
-68
-72
-72
-72
-73
-70
-66
-64
-59
-54
-50
-46
-41
-36
-33
-28
-23
-19
-12
-4
3
11
19
27
34
41
48
56
63
68
72
75
77
79
80
81
79
78
78
77
75
72
70
68
65
64
62
58
53
46
40
32
23
13
3
-6
-15
-23
-31
-38
-46
-55
-61
-65
-70
-74
-77
-80
-82
-86
-89
-90
-92
-93
-95
-94
-92
-90
-84
-79
-75
-70
-62
-55
-47
-40
-33
-26
-20
-14
-7
0
6
15
23
31
38
43
51
58
65
68
76
81
85
90
94
97
98
100
100
99
99
97
93
89
84
78
73
67
60
52
47
39
31
23
12
3
-7
-16
-26
-36
-46
-55
-63
-70
-74
-76
-79
-79
-81
-82
-82
-82
-83
-82
-83
-80
-78
-76
-74
-69
-66
-59
-53
-47
-41
-33
-27
-19
-14
-8
-3
1
7
13
21
27
32
37
42
45
51
56
60
64
69
71
71
72
71
67
64
61
57
52
46
40
34
29
23
20
16
14
11
9
6
3
-1
-5
-11
-18
-24
-30
-34
-37
-39
-41
-42
-44
-44
-46
-45
-46
-44
-42
-40
-37
-36
-33
-31
-29
-25
-21
-17
-15
-13
-9
-4
1
5
11
16
20
24
28
30
31
31
30
30
29
28
28
28
27
24
21
18
16
14
12
11
9
6
5
2
0
-1
-4
-7
-11
-13
-17
-21
-23
-24
-24
-23
-21
-21
-18
-17
-14
-12
-12
-11
-10
-10
-9
-10
-11
-10
-10
-8
-4
-1
2
7
9
14
17
19
21
23
24
23
23
23
23
24
22
24
25
25
25
24
26
23
23
21
19
16
13
8
4
1
-2
-7
-11
-15
-21
-22
-24
-28
-30
-31
-31
-31
-30
-31
-33
-33
-34
-36
-36
-37
-37
-37
-35
-33
-32
-28
-25
-19
-15
-11
-5
1
6
8
11
14
14
17
19
20
23
28
30
33
34
38
40
43
46
46
47
47
45
43
41
37
36
34
29
27
24
22
20
15
10
7
4
-1
-5
-9
-14
-18
-23
-31
-35
-42
-46
-50
-52
-53
-55
-56
-56
-56
-56
-54
-52
-50
-47
-44
-41
-36
-34
-30
-26
-22
-18
-14
-7
-1
4
9
15
21
23
29
33
35
38
41
43
47
50
52
55
55
57
57
56
55
53
49
46
41
37
34
31
28
27
23
20
15
10
6
1
-4
-10
-14
-19
-22
-26
-31
-35
-38
-43
-43
-45
-45
-47
-46
-48
-49
-50
-49
-47
-46
-44
-39
-35
-30
-26
-21
-17
-14
-11
-9
-4
0
2
6
9
12
14
17
19
22
26
29
30
34
36
38
37
36
35
35
34
31
31
30
28
28
26
25
22
21
18
15
13
8
4
0
-4
-9
-16
-17
-21
-24
-25
-28
-30
-31
-34
-35
-36
-38
-39
-39
-38
-38
-36
-35
-34
-31
-31
-25
-22
-18
-12
-9
-4
1
6
11
14
18
21
23
28
33
34
38
41
43
42
43
44
44
45
47
48
49
47
45
43
40
36
32
28
24
18
12
9
4
-1
-4
-7
-13
-17
-21
-26
-30
-33
-39
-43
-47
-50
-54
-57
-58
-59
-58
-57
-55
-55
-52
-50
-49
-45
-43
-39
-36
-34
-32
-29
-26
-25
-19
-17
-11
-5
1
7
12
16
23
29
34
40
43
47
51
54
57
59
61
64
67
68
70
71
67
66
64
60
58
53
50
45
41
37
31
26
20
13
4
-4
-12
-19
-24
-28
-32
-36
-40
-46
-50
-55
-60
-64
-68
-70
-72
-73
-73
-74
-72
-71
-70
-66
-63
-59
-53
-46
-43
-39
-32
-26
-22
-15
-10
-6
1
6
13
17
24
30
37
42
47
52
59
61
65
66
68
69
69
67
66
64
63
61
59
58
54
52
50
43
38
30
24
20
15
9
1
-4
-12
-20
-24
-29
-33
-36
-40
-45
-50
-52
-56
-60
-60
-60
-60
-57
-55
-55
-53
-51
-52
-51
-48
-46
-43
-37
-35
-27
-23
-18
-12
-7
0
4
11
15
19
19
24
28
29
35
37
40
43
45
47
47
47
46
46
46
46
45
44
44
40
37
35
32
27
23
19
15
12
2
-3
-8
-9
-10
-11
-11
-13
-13
-18
-19
-23
-28
-33
-34
-38
-38
-38
-39
-35
-35
-31
-30
-28
-26
-26
-24
-25
-20
-22
-18
-17
-15
-8
-5
1
4
10
12
19
22
25
28
31
32
35
37
33
36
34
32
28
26
23
21
18
17
16
13
15
10
11
7
3
0
-3
-8
-11
-13
-17
-17
-23
-26
-29
-29
-31
-30
-29
-28
-28
-28
-28
-30
-28
-30
-29
-27
-24
-24
-20
-17
-17
-13
-11
-2
-2
5
10
9
15
13
18
20
25
27
29
31
30
34
31
34
34
30
35
33
37
35
33
31
27
29
24
21
17
13
8
6
2
-4
-9
-12
-13
-20
-19
-20
-24
-26
-31
-34
-36
-40
-41
-42
-44
-43
-45
-44
-45
-42
-41
-40
-35
-31
-28
-22
-20
-16
-12
-10
-6
-4
0
4
7
9
11
14
18
21
25
28
34
34
38
40
41
43
43
46
43
46
46
42
43
41
43
40
38
37
35
31
28
23
21
17
12
11
5
3
-2
-5
-11
-13
-17
-21
-25
-25
-29
-31
-32
-34
-36
-34
-36
-35
-35
-36
-34
-34
-36
-35
-33
-36
-33
-32
-32
-29
-28
-25
-24
-16
-17
-16
-9
-6
-4
-1
0
2
1
3
7
9
13
15
19
21
24
25
31
29
35
32
35
34
29
32
24
27
22
25
21
24
23
24
25
22
20
21
8
13
5
-2
5
-8
-7
-8
-14
-17
-12
-23
-17
-23
-23
-23
-26
-30
-27
-28
-30
-24
-36
-22
-35
-29
-24
-31
-23
-20
-25
-10
-13
-13
-1
-13
1
-2
1
10
5
11
13
6
19
10
19
13
20
17
18
26
17
34
15
35
26
24
25
19
14
17
13
4
15
-2
14
0
11
6
7
4
3
5
-8
9
-12
-3
-8
-14
-10
-13
-15
-17
-12
-22
-2
-24
-3
-14
-15
3
-17
11
-8
6
2
-2
1
6
-3
8
7
-5
18
-3
12
9
10
10
9
9
11
7
9
9
4
10
8
-4
15
-8
6
3
-4
1
-1
-6
-8
8
-29
15
-27
-13
-8
-34
-5
-33
-20
-19
-33
-14
-30
-31
-21
-30
-22
-28
-16
-22
-22
-6
-20
-7
-6
2
-4
4
9
-1
6
14
3
17
20
12
37
6
36
20
23
32
17
47
9
47
24
16
37
16
22
20
24
15
19
18
12
13
9
14
-3
9
-1
-11
9
-18
3
-6
-10
1
-15
-5
-17
-13
-16
-17
-13
-33
-5
-33
-19
-25
-23
-23
-27
-22
-33
-14
-32
-9
-25
-13
-14
-18
-7
-14
2
-13
9
-12
11
0
-1
23
-5
24
9
19
19
24
17
30
20
19
39
3
42
13
19
28
11
23
19
15
26
11
18
19
4
23
-2
16
4
-3
8
-6
-10
4
-19
-5
-4
-23
-1
-18
-24
-5
-25
-22
-8
-32
-10
-20
-24
-14
-27
-20
-22
-25
-18
-20
-20
-14
-20
-18
-20
-12
-25
-14
-11
-18
-8
-9
-11
-7
-2
-5
5
-4
12
1
17
9
23
13
19
25
9
38
10
29
29
16
27
24
20
19
23
14
13
21
-4
30
-7
26
11
0
31
-11
16
0
-3
-4
0
-12
-10
5
-24
5
-9
-12
-5
-18
-6
-21
-7
-20
-1
-21
4
-14
-8
8
-15
0
-4
-8
1
-4
6
1
7
6
8
3
13
9
3
21
-6
17
2
6
9
-6
15
-8
0
0
-10
5
-7
-7
9
-17
-1
2
-22
10
-17
-5
-4
-23
7
-22
-11
-3
-9
-21
14
-26
-7
18
-42
33
-27
0
6
-12
-10
14
-21
-4
10
-23
10
-10
12
-9
10
16
-12
16
10
-5
20
8
4
10
18
-10
33
-18
26
6
-9
39
-14
19
15
-1
27
-4
24
9
0
35
-9
10
26
-28
26
-10
-19
10
-29
-3
-19
-12
-11
-20
-5
-20
-1
-36
10
-28
-15
-1
-30
-1
-21
-6
-28
12
-41
19
3
-34
39
-17
2
32
-18
27
14
-15
50
-17
6
41
-16
25
15
6
8
8
23
-1
34
11
26
23
10
24
-2
5
15
-15
14
15
-16
18
16
-24
34
-10
1
9
-24
10
-17
-18
3
-7
-41
20
-16
-33
6
-19
-38
3
-34
-11
-18
-34
3
-39
2
-24
-13
-6
-27
-7
-17
-18
-28
14
-27
-10
25
-29
4
26
-35
23
9
-5
22
2
29
5
13
26
-8
23
2
31
-12
36
28
-10
66
-4
23
40
-5
30
20
-8
30
15
-7
43
-9
18
2
4
3
-15
29
-36
21
-29
10
-20
-14
13
-51
22
-24
-41
14
-32
-30
8
-20
-21
-2
-5
-31
2
-9
-32
17
-33
9
2
-29
16
-10
-20
2
3
-8
14
4
32
-22
33
20
-17
36
-5
38
-15
10
44
-53
46
-14
1
6
-12
20
-3
-18
28
-12
1
6
2
-1
-14
11
-12
-18
-3
3
-36
14
-7
-23
28
-29
-19
6
-24
-30
34
-38
-4
35
-43
9
6
-24
2
3
-13
5
14
-14
7
25
-2
18
9
19
-10
15
5
0
23
-9
29
24
-42
67
-14
-12
37
0
-22
29
10
-28
40
5
-7
22
29
-40
34
-27
-1
-13
15
-16
8
5
4
-18
-22
45
-82
22
9
-56
55
-56
1
38
-109
57
-14
-86
68
-52
-4
6
1
-28
2
6
-52
34
-13
-41
64
-28
-14
45
-8
-3
24
22
-13
31
15
18
48
2
53
9
16
23
23
5
13
41
-9
52
-13
59
-9
18
13
-22
39
-49
36
-13
-35
48
-68
26
-60
-19
-12
-85
10
-37
-81
-5
-10
-112
75
-89
-30
21
-55
-47
-3
12
-108
57
-18
-60
63
-64
29
0
-57
85
-73
37
17
-29
61
-17
45
19
3
44
-3
48
0
49
37
4
52
41
-16
95
-23
36
70
-32
91
-5
66
-16
60
-6
-15
32
-30
21
-31
2
55
-74
49
16
-85
69
-95
7
-19
-73
37
-56
13
-35
1
-46
-34
-13
-72
-22
-33
-15
-46
6
-13
-35
-2
-38
-30
-41
7
-73
39
-5
-28
63
-36
20
5
-1
0
21
22
2
54
27
10
70
39
17
40
61
-34
70
9
2
51
13
15
13
26
4
20
-2
18
11
-39
64
-43
33
-6
-4
23
-53
40
-24
-19
-7
-2
-35
15
-45
-22
20
-76
32
-34
-30
-10
-31
-35
9
-22
-11
-23
3
-25
-23
8
-29
-10
2
-31
14
7
-22
53
-35
57
-58
33
-10
-39
38
-20
13
26
-5
4
35
-26
16
18
17
8
31
9
13
-3
28
1
-5
26
-53
46
-14
-11
52
-16
9
12
-23
-17
-5
-21
-24
4
-4
1
-19
-7
-11
-17
-27
-14
6
-46
13
21
-51
69
-4
-28
26
-21
-13
-4
19
28
-1
42
16
9
13
15
-11
5
46
-33
95
-13
17
60
-27
14
14
-10
-16
35
-13
-6
44
-20
28
13
-13
-1
22
-30
-20
8
-35
-19
28
-28
-3
-2
-30
-32
-22
-16
-40
2
-34
-25
-28
-5
-26
-7
-7
-20
9
-28
-10
-7
-24
-4
-13
24
11
15
18
6
10
-1
21
1
11
7
17
33
25
18
-16
20
-20
2
14
23
39
31
45
13
11
-5
-15
22
5
21
29
10
27
11
-14
9
-10
-26
2
-59
21
-39
-12
-11
-4
5
-26
-4
-47
-16
-39
-8
-11
-1
22
4
-9
-12
-9
-43
-37
-10
-9
8
-21
47
-14
-1
8
-32
5
-48
-3
1
1
53
37
-4
47
-4
-30
1
-19
-2
-5
17
28
22
58
2
13
28
-22
-2
8
2
25
11
31
7
14
-23
-27
8
-13
12
23
8
52
12
9
28
-27
-17
-18
-16
-12
-5
-29
-6
-4
-6
-26
-20
5
-29
-11
-5
-7
-11
6
-22
-2
-15
-31
31
-31
-4
27
-8
3
13
-1
-3
15
21
-5
29
5
16
12
-1
15
-5
9
4
9
16
-5
14
11
-29
6
-19
-18
-1
0
17
21
-2
9
5
-21
-12
4
4
-18
7
0
-24
-17
-2
-23
-6
-13
1
-8
-18
-1
-17
22
-17
-16
-5
-29
3
-26
-1
22
4
29
15
33
13
-16
16
-8
-3
-3
7
17
13
4
-10
-7
2
5
9
14
12
6
-19
6
-16
-4
19
11
40
22
-2
8
-3
-12
-10
9
6
-6
29
-14
-1
-1
-6
-1
-16
18
-7
9
-1
-10
-14
-39
-24
-43
-34
-4
-10
-8
18
11
0
0
-2
-13
-10
-20
5
4
3
17
12
13
8
2
-10
-1
-10
20
12
27
24
12
-2
-6
-11
-14
-2
-1
26
33
36
15
14
-10
-18
4
-18
16
23
15
42
10
-13
-10
-28
-23
-15
10
18
11
32
-10
-16
-21
-22
-4
-7
13
1
6
-5
-19
-7
-34
-31
-10
-19
-15
-20
-7
4
1
3
-8
-18
-7
-18
-30
-6
9
14
5
19
4
0
-7
-19
-10
-9
-8
12
13
22
30
14
17
1
-12
-9
-19
-14
-21
-3
16
14
34
21
11
8
2
-2
0
2
-2
0
-2
0
-7
-1
5
3
6
3
-4
-3
-4
-10
12
12
13
14
8
10
3
-1
13
8
7
12
13
18
10
5
1
8
3
-3
-6
8
14
5
10
17
2
-10
-4
-13
-13
-10
-7
-3
-8
-7
-7
-10
-27
-14
-9
-9
-6
-12
-9
-9
-20
-21
-8
-6
-8
-1
3
-4
-10
-21
-19
-8
1
7
15
14
3
-4
0
8
-2
-3
2
2
-4
-4
1
2
6
12
22
9
16
13
5
11
13
11
12
18
12
8
15
15
13
10
11
9
3
0
1
-7
-15
-11
-9
-8
-7
-6
-9
-9
-17
-24
-29
-32
-35
-34
-23
-20
-13
-9
-14
-19
-23
-23
-20
-18
-8
-6
-10
-10
-15
-25
-18
-8
-5
2
8
5
9
19
18
16
25
29
35
37
34
37
40
42
41
37
39
50
51
60
58
56
51
40
30
25
24
25
35
34
47
45
46
44
28
20
20
16
19
33
35
29
27
29
20
12
7
8
7
-10
-26
-31
-54
-67
-90
-113
-108
-118
-119
-120
-122
-122
-136
-149
-171
-193
-217
-235
-248
-254
-258
-262
-262
-248
-242
-227
-196
-167
-125
-93
-49
-4
31
63
87
108
118
131
151
173
185
209
232
246
251
252
264
273
280
293
305
306
296
278
253
224
182
148
111
83
51
24
24
37
77
115
181
236
275
315
339
355
373
372
372
370
361
355
348
338
323
312
311
317
306
293
283
249
209
151
95
41
-27
-98
-182
-286
-398
-491
-590
-677
-753
-834
-894
-939
-1002
-1074
-1129
-1209
-1308
-1421
-1556
-1672
-1762
-1846
-1910
-1937
-1935
-1870
-1748
-1568
-1340
-1056
-731
-392
-58
270
608
912
1185
1398
1572
1713
1802
1845
1866
1883
1896
1934
1954
1976
1990
1962
1896
1795
1627
1428
1237
1027
820
594
368
146
-61
-242
-402
-515
-573
-590
-578
-526
-424
-292
-149
-16
71
141
212
251
258
247
223
191
154
92
26
-12
-21
-21
-38
-47
-67
-119
-237
-395
-567
-747
-915
-1091
-1238
-1367
-1476
-1562
-1596
-1564
-1476
-1328
-1141
-922
-669
-386
-89
190
462
731
964
1159
1353
1559
1764
1941
2077
2158
2226
2277
2284
2255
2195
2115
1994
1823
1575
1298
998
669
297
-126
-573
-1061
-1586
-2157
-2759
-3365
-3984
-4600
-5190
-5713
-6125
-6416
-6559
-6533
-6305
-5880
-5273
-4521
-3643
-2623
-1497
-342
793
1906
2953
3880
4635
5218
5666
5975
6146
6191
6141
6027
5871
5674
5413
5092
4718
4281
3766
3148
2436
1686
906
88
-749
-1560
-2306
-2955
-3490
-3889
-4106
-4116
-3949
-3624
-3151
-2544
-1839
-1099
-360
337
952
1483
1898
2175
2337
2414
2414
2320
2161
1978
1795
1608
1397
1173
946
675
322
-116
-593
-1076
-1591
-2109
-2593
-3013
-3322
-3513
-3566
-3463
-3221
-2857
-2389
-1842
-1253
-639
-39
524
988
1335
1598
1793
1904
1967
1980
1957
1949
1954
1985
2023
2084
2142
2183
2177
2111
1972
1763
1472
1058
559
-6
-627
-1304
-2028
-2787
-3544
-4291
-5014
-5679
-6283
-6790
-7155
-7351
-7379
-7237
-6917
-6400
-5674
-4803
-3823
-2746
-1574
-357
862
2040
3149
4190
5129
5921
6552
7048
7396
7601
7632
7521
7312
7032
6659
6182
5621
5022
4391
3679
2885
2032
1148
213
-768
-1747
-2670
-3505
-4230
-4819
-5227
-5430
-5408
-5167
-4733
-4126
-3360
-2462
-1492
-496
495
1446
2335
3114
3732
4184
4468
4587
4567
4416
4150
3799
3393
2921
2373
1754
1089
405
-361
-1237
-2144
-3020
-3871
-4696
-5427
-5966
-6294
-6418
-6290
-5857
-5133
-4213
-3136
-1905
-578
726
1897
2887
3658
4186
4459
4495
4317
3985
3573
3155
2786
2477
2291
2228
2239
2275
2333
2412
2444
2326
2045
1663
1157
466
-390
-1366
-2410
-3512
-4665
-5798
-6841
-7761
-8534
-9126
-9489
-9587
-9416
-8993
-8317
-7401
-6270
-4964
-3546
-2064
-543
959
2392
3719
4910
5955
6835
7546
8068
8418
8611
8641
8508
8225
7841
7365
6787
6119
5382
4595
3738
2807
1817
794
-253
-1314
-2355
-3323
-4178
-4872
-5378
-5691
-5794
-5677
-5333
-4800
-4109
-3275
-2336
-1334
-318
679
1639
2543
3369
4076
4641
5071
5386
5580
5637
5566
5386
5095
4648
4032
3290
2482
1586
558
-589
-1757
-2869
-3924
-4918
-5804
-6482
-6903
-7077
-6989
-6596
-5884
-4924
-3807
-2575
-1265
58
1286
2306
3070
3585
3858
3870
3646
3270
2840
2430
2075
1802
1669
1697
1846
2038
2247
2456
2598
2583
2383
2020
1490
758
-161
-1205
-2338
-3548
-4798
-6017
-7147
-8157
-9016
-9667
-10048
-10141
-9953
-9485
-8717
-7655
-6350
-4877
-3289
-1628
53
1672
3191
4590
5826
6886
7731
8367
8815
9089
9195
9140
8937
8597
8142
7604
6995
6295
5500
4627
3679
2654
1575
460
-675
-1804
-2888
-3889
-4771
-5498
-6014
-6302
-6376
-6226
-5828
-5182
-4346
-3383
-2318
-1173
-4
1123
2179
3155
4019
4728
5282
5687
5948
6052
6004
5823
5511
5053
4451
3739
2933
2009
965
-148
-1280
-2444
-3632
-4745
-5692
-6475
-7081
-7417
-7405
-7088
-6525
-5691
-4580
-3303
-1993
-681
625
1811
2744
3403
3855
4040
3950
3657
3255
2824
2371
1976
1726
1631
1662
1820
2071
2332
2517
2593
2553
2352
1943
1319
505
-479
-1617
-2867
-4173
-5485
-6758
-7926
-8920
-9683
-10167
-10334
-10177
-9712
-8947
-7890
-6561
-5038
-3403
-1697
56
1783
3379
4788
6030
7108
7968
8544
8882
9082
9157
9059
8791
8419
7978
7444
6796
6070
5297
4448
3491
2452
1369
261
-865
-1990
-3078
-4089
-4963
-5642
-6110
-6354
-6360
-6103
-5608
-4932
-4112
-3149
-2076
-974
96
1126
2102
3000
3795
4458
4992
5390
5639
5743
5718
5560
5270
4854
4327
3683
2915
2014
1005
-76
-1199
-2363
-3516
-4577
-5495
-6241
-6771
-6991
-6898
-6523
-5911
-5037
-3928
-2697
-1442
-199
1009
2066
2896
3476
3837
3946
3809
3477
3024
2527
2045
1658
1377
1229
1232
1408
1681
1956
2192
2360
2408
2268
1947
1440
730
-194
-1286
-2474
-3729
-5029
-6330
-7545
-8623
-9514
-10158
-10480
-10462
-10138
-9512
-8562
-7286
-5777
-4132
-2402
-598
1184
2860
4377
5711
6854
7752
8399
8816
9039
9081
8971
8743
8406
7974
7468
6908
6277
5563
4778
3926
3003
1997
928
-171
-1274
-2355
-3384
-4315
-5098
-5675
-6024
-6150
-6038
-5662
-5039
-4212
-3234
-2124
-911
305
1462
2527
3500
4356
5041
5542
5866
6025
6011
5850
5558
5118
4537
3848
3087
2237
1252
195
-859
-1937
-3058
-4154
-5090
-5848
-6482
-6915
-7011
-6765
-6287
-5574
-4575
-3360
-2073
-819
398
1541
2467
3141
3583
3782
3682
3349
2915
2404
1861
1328
928
693
561
544
679
929
1191
1387
1538
1631
1566
1315
896
295
-501
-1466
-2543
-3706
-4940
-6195
-7385
-8442
-9310
-9906
-10160
-10062
-9628
-8866
-7753
-6323
-4680
-2910
-1064
790
2553
4147
5559
6775
7736
8408
8809
9002
9021
8861
8548
8153
7706
7194
6623
6034
5443
4806
4090
3300
2445
1512
504
-543
-1599
-2656
-3670
-4561
-5273
-5797
-6113
-6172
-5952
-5479
-4783
-3882
-2813
-1627
-384
848
2014
3072
4005
4792
5373
5730
5882
5855
5648
5252
4695
4026
3273
2430
1503
527
-469
-1463
-2455
-3438
-4360
-5144
-5771
-6258
-6548
-6545
-6230
-5677
-4911
-3910
-2710
-1434
-191
990
2058
2939
3560
3938
4090
4001
3683
3217
2689
2133
1591
1123
784
575
493
536
703
938
1162
1339
1436
1438
1292
975
472
-205
-1050
-2061
-3204
-4416
-5633
-6831
-7952
-8915
-9613
-9993
-10049
-9766
-9132
-8144
-6855
-5318
-3611
-1795
53
1852
3513
5001
6315
7388
8178
8667
8916
8966
8821
8504
8069
7572
6998
6367
5725
5108
4466
3762
3010
2214
1352
405
-578
-1555
-2509
-3460
-4364
-5116
-5658
-5992
-6119
-5988
-5567
-4895
-4028
-2979
-1770
-473
834
2078
3213
4208
5036
5663
6049
6182
6103
5869
5450
4830
4090
3314
2470
1486
434
-542
-1442
-2385
-3347
-4184
-4826
-5328
-5681
-5766
-5524
-5052
-4401
-3526
-2428
-1224
-41
1097
2149
2998
3569
3906
4018
3865
3440
2836
2121
1357
585
-133
-710
-1143
-1428
-1544
-1481
-1264
-957
-626
-318
-81
82
152
54
-256
-766
-1438
-2290
-3307
-4421
-5542
-6647
-7730
-8673
-9337
-9655
-9664
-9357
-8668
-7572
-6161
-4541
-2748
-810
1181
3062
4737
6203
7473
8474
9125
9438
9494
9346
8985
8455
7834
7199
6551
5894
5250
4648
4072
3486
2873
2193
1444
624
-227
-1125
-2079
-3047
-3934
-4668
-5255
-5671
-5841
-5685
-5245
-4585
-3724
-2633
-1354
-3
1312
2535
3664
4665
5444
5921
6143
6130
5889
5375
4623
3739
2774
1708
516
-697
-1838
-2890
-3866
-4719
-5375
-5825
-6076
-6120
-5906
-5449
-4784
-3956
-2995
-1926
-820
263
1250
2117
2801
3284
3557
3634
3524
3218
2784
2247
1664
1047
447
-116
-608
-996
-1271
-1423
-1482
-1422
-1283
-1087
-896
-717
-580
-562
-698
-1004
-1456
-2098
-2910
-3852
-4858
-5909
-6967
-7910
-8617
-9008
-9112
-8876
-8250
-7200
-5799
-4147
-2281
-265
1813
3789
5590
7170
8487
9463
10037
10244
10135
9749
9112
8315
7420
6500
5603
4766
4007
3311
2710
2175
1673
1118
507
-141
-833
-1613
-2490
-3375
-4210
-4940
-5553
-5967
-6125
-5996
-5592
-4924
-3997
-2861
-1542
-137
1275
2598
3800
4856
5675
6183
6367
6290
5935
5286
4393
3379
2276
1042
-265
-1492
-2561
-3532
-4416
-5094
-5501
-5686
-5684
-5420
-4868
-4145
-3325
-2392
-1319
-215
832
1798
2656
3335
3793
4089
4204
4105
3789
3352
2821
2176
1469
789
163
-480
-1131
-1684
-2067
-2353
-2567
-2652
-2607
-2481
-2317
-2097
-1877
-1731
-1702
-1809
-2088
-2596
-3287
-4094
-5007
-6044
-7112
-8029
-8694
-9115
-9254
-8991
-8271
-7153
-5730
-4010
-2027
114
2258
4283
6137
7750
9063
9994
10520
10655
10451
9958
9238
8350
7359
6350
5398
4537
3736
3023
2416
1910
1427
901
360
-197
-797
-1507
-2313
-3141
-3922
-4608
-5157
-5517
-5627
-5439
-4944
-4171
-3149
-1885
-447
1064
2512
3828
5005
5982
6676
6992
6937
6599
5969
5041
3866
2534
1164
-228
-1618
-2919
-4001
-4834
-5466
-5870
-5994
-5820
-5413
-4827
-4068
-3171
-2213
-1258
-332
558
1357
2020
2537
2905
3153
3269
3252
3116
2890
2583
2179
1690
1122
516
-131
-809
-1510
-2195
-2774
-3245
-3635
-3914
-4042
-4013
-3865
-3672
-3449
-3208
-3052
-3058
-3271
-3629
-4096
-4743
-5580
-6499
-7345
-8029
-8500
-8712
-8569
-8007
-7026
-5661
-3974
-2004
170
2435
4634
6643
8400
9874
10982
11609
11760
11535
11007
10187
9113
7923
6742
5602
4500
3504
2669
1979
1367
792
258
-249
-764
-1343
-1972
-2673
-3418
-4137
-4785
-5314
-5656
-5761
-5598
-5144
-4410
-3377
-2091
-628
916
2456
3947
5307
6414
7184
7608
7644
7262
6494
5386
4003
2423
767
-863
-2406
-3798
-4934
-5693
-6130
-6299
-6183
-5735
-5049
-4294
-3501
-2636
-1746
-997
-400
89
521
885
1157
1369
1579
1823
2080
2318
2506
2663
2771
2745
2538
2159
1645
976
116
-842
-1774
-2652
-3469
-4154
-4604
-4785
-4805
-4692
-4389
-3978
-3606
-3414
-3393
-3510
-3794
-4348
-5173
-6103
-7018
-7818
-8489
-8903
-8932
-8489
-7620
-6368
-4707
-2686
-392
1961
4288
6479
8459
10128
11367
12126
12348
12137
11543
10656
9501
8179
6843
5557
4366
3259
2351
1645
1118
654
193
-258
-700
-1167
-1779
-2536
-3370
-4152
-4889
-5578
-6122
-6369
-6244
-5829
-5132
-4108
-2693
-1029
702
2413
4080
5630
6891
7739
8132
8092
7574
6598
5263
3720
2073
359
-1276
-2721
-3856
-4614
-5019
-5072
-4809
-4318
-3667
-2907
-2113
-1375
-809
-416
-219
-163
-221
-324
-417
-477
-439
-274
111
644
1269
1893
2469
2939
3227
3249
2964
2405
1554
476
-774
-2037
-3206
-4229
-5045
-5586
-5791
-5697
-5365
-4857
-4257
-3745
-3418
-3297
-3360
-3678
-4355
-5328
-6430
-7495
-8453
-9241
-9709
-9711
-9196
-8189
-6729
-4826
-2529
2
2583
5067
7364
9406
11042
12161
12718
12771
12387
11612
10525
9240
7886
6569
5351
4256
3330
2612
2099
1689
1289
879
437
-69
-737
-1607
-2612
-3662
-4689
-5646
-6432
-6933
-7028
-6711
-5994
-4922
-3491
-1719
221
2160
3969
5628
7030
8018
8483
8453
8003
7157
5931
4402
2754
1131
-372
-1746
-2883
-3654
-4050
-4143
-4042
-3740
-3247
-2666
-2153
-1769
-1529
-1414
-1424
-1591
-1837
-2092
-2272
-2312
-2215
-1959
-1508
-874
-115
670
1384
1988
2427
2623
2515
2082
1365
454
-587
-1695
-2791
-3760
-4477
-4904
-5046
-4963
-4663
-4189
-3640
-3222
-3054
-3075
-3263
-3689
-4481
-5546
-6679
-7704
-8605
-9344
-9731
-9621
-8974
-7865
-6324
-4357
-2012
552
3135
5600
7855
9878
11509
12600
13102
13097
12699
11945
10868
9587
8270
7014
5862
4798
3895
3207
2702
2258
1751
1202
630
-17
-866
-1955
-3190
-4424
-5608
-6710
-7608
-8163
-8252
-7912
-7160
-5960
-4319
-2345
-251
1802
3734
5478
6867
7777
8144
7989
7374
6335
4996
3473
1916
453
-825
-1850
-2575
-2964
-3000
-2755
-2385
-1991
-1564
-1176
-936
-907
-1125
-1484
-1920
-2420
-2925
-3293
-3412
-3306
-3028
-2504
-1684
-624
465
1433
2263
2914
3306
3339
3002
2346
1438
333
-850
-1980
-2985
-3757
-4253
-4424
-4304
-3990
-3499
-2897
-2309
-1940
-1907
-2147
-2599
-3328
-4443
-5832
-7259
-8510
-9563
-10378
-10770
-10576
-9718
-8343
-6537
-4325
-1733
1061
3786
6258
8424
10277
11655
12445
12619
12337
11726
10818
9685
8462
7335
6358
5534
4833
4307
3949
3686
3392
2938
2325
1524
532
-723
-2193
-3752
-5280
-6658
-7816
-8616
-8944
-8724
-8004
-6818
-5222
-3298
-1168
994
3048
4853
6305
7346
7914
7990
7598
6843
5819
4601
3263
1948
824
-82
-763
-1232
-1436
-1376
-1173
-936
-736
-571
-461
-496
-734
-1126
-1543
-1935
-2304
-2645
-2834
-2758
-2452
-1997
-1440
-750
30
743
1266
1586
1706
1595
1173
469
-410
-1383
-2376
-3309
-4082
-4641
-4936
-4954
-4660
-4169
-3601
-2999
-2419
-1962
-1843
-2086
-2594
-3315
-4321
-5637
-7090
-8472
-9602
-10492
-11060
-11130
-10584
-9439
-7826
-5801
-3418
-729
2044
4668
6990
9012
10696
11890
12490
12536
12231
11675
10897
9932
8944
8116
7469
6914
6433
6100
5868
5621
5189
4523
3653
2551
1213
-386
-2149
-3909
-5518
-6895
-7970
-8601
-8695
-8221
-7279
-5944
-4294
-2354
-303
1645
3381
4805
5892
6523
6715
6498
5919
5029
3915
2775
1683
741
-37
-617
-950
-1070
-1026
-860
-629
-485
-480
-628
-868
-1237
-1777
-2408
-3016
-3527
-3904
-4138
-4102
-3747
-3195
-2505
-1719
-846
4
716
1178
1368
1298
958
359
-437
-1344
-2255
-3125
-3846
-4352
-4564
-4465
-4137
-3569
-2875
-2129
-1400
-766
-372
-347
-714
-1403
-2337
-3568
-5038
-6626
-8079
-9258
-10115
-10573
-10514
-9827
-8557
-6824
-4755
-2360
256
2880
5276
7302
9033
10420
11351
11728
11669
11378
10921
10286
9508
8800
8260
7848
7433
7008
6641
6293
5810
5035
4006
2785
1405
-185
-1965
-3734
-5332
-6666
-7712
-8397
-8575
-8181
-7311
-6121
-4704
-3087
-1336
355
1834
3019
3911
4530
4830
4821
4570
4167
3666
3119
2551
2027
1590
1238
966
708
467
234
7
-264
-619
-1038
-1466
-1870
-2270
-2626
-2871
-2941
-2869
-2678
-2351
-1866
-1251
-623
-52
451
883
1169
1223
1056
723
239
-415
-1176
-1921
-2589
-3180
-3682
-3990
-4042
-3913
-3654
-3273
-2769
-2210
-1742
-1399
-1153
-1067
-1252
-1789
-2566
-3444
-4463
-5683
-7024
-8229
-9119
-9757
-10154
-10155
-9590
-8482
-7029
-5333
-3310
-999
1367
3558
5510
7283
8818
9972
10654
10981
11100
11019
10723
10278
9824
9430
9037
8583
8071
7548
6967
6218
5242
4031
2675
1219
-347
-1973
-3553
-4957
-6092
-6913
-7372
-7393
-6962
-6153
-5050
-3742
-2300
-787
676
1964
3005
3788
4325
4626
4682
4532
4276
3951
3560
3122
2702
2374
2102
1823
1488
1130
788
436
30
-448
-954
-1440
-1888
-2279
-2591
-2765
-2796
-2711
-2516
-2221
-1805
-1320
-850
-468
-168
49
148
51
-199
-556
-1043
-1628
-2269
-2873
-3420
-3908
-4315
-4556
-4580
-4417
-4157
-3795
-3276
-2690
-2145
-1705
-1364
-1114
-1068
-1345
-1913
-2642
-3486
-4520
-5740
-7017
-8110
-8922
-9507
-9807
-9662
-8979
-7831
-6338
-4547
-2430
-119
2157
4251
6146
7867
9282
10288
10901
11211
11327
11250
11010
10697
10369
10027
9667
9249
8745
8134
7363
6409
5220
3810
2231
586
-1083
-2735
-4268
-5574
-6540
-7133
-7347
-7181
-6639
-5778
-4708
-3524
-2273
-1015
162
1173
1983
2636
3176
3590
3856
3982
4046
4074
3988
3769
3461
3099
2646
2049
1315
557
-187
-927
-1674
-2360
-2895
-3263
-3463
-3528
-3417
-3135
-2759
-2333
-1906
-1466
-1027
-665
-428
-321
-278
-276
-349
-498
-704
-932
-1174
-1431
-1688
-1903
-2132
-2378
-2614
-2805
-2911
-2975
-2992
-2923
-2766
-2554
-2330
-2050
-1718
-1455
-1388
-1569
-1929
-2402
-3087
-4066
-5244
-6436
-7448
-8262
-8893
-9175
-8957
-8205
-7049
-5548
-3685
-1510
793
2990
4961
6736
8277
9465
10249
10630
10766
10753
10592
10307
9957
9645
9372
9064
8624
8033
7324
6461
5357
3954
2329
594
-1139
-2851
-4469
-5830
-6825
-7404
-7620
-7462
-6913
-6005
-4905
-3799
-2686
-1569
-483
431
1144
1764
2374
2943
3393
3791
4190
4613
4909
4987
4862
4582
4111
3360
2385
1271
165
-909
-1912
-2738
-3273
-3479
-3428
-3164
-2729
-2136
-1481
-884
-429
-118
55
73
-60
-320
-602
-850
-1055
-1211
-1287
-1259
-1161
-1042
-998
-1010
-1126
-1343
-1666
-2095
-2556
-3011
-3360
-3616
-3714
-3644
-3410
-3020
-2520
-1968
-1474
-1098
-976
-1114
-1545
-2250
-3265
-4543
-5947
-7329
-8474
-9384
-9925
-9970
-9458
-8393
-6888
-5013
-2873
-566
1718
3810
5611
7145
8365
9235
9763
9986
10145
10254
10308
10310
10311
10355
10359
10181
9719
9037
8116
6893
5306
3479
1577
-282
-2029
-3646
-4945
-5806
-6215
-6261
-6013
-5483
-4693
-3771
-2892
-2128
-1451
-852
-354
62
444
907
1504
2200
2973
3815
4702
5509
6080
6325
6195
5705
4823
3518
1894
138
-1538
-3019
-4249
-5086
-5435
-5275
-4736
-3931
-2928
-1870
-923
-256
78
129
-56
-500
-1142
-1812
-2366
-2700
-2815
-2721
-2408
-1911
-1364
-925
-626
-492
-578
-920
-1521
-2256
-2946
-3518
-3891
-4016
-3866
-3430
-2744
-1909
-1049
-249
419
805
775
290
-581
-1665
-2956
-4508
-6181
-7718
-8880
-9588
-9924
-9839
-9190
-7983
-6408
-4668
-2790
-765
1266
3088
4553
5797
6990
8050
8880
9477
9985
10539
11059
11399
11541
11539
11401
10982
10179
9062
7755
6337
4722
2908
1101
-521
-1902
-3102
-4162
-4973
-5441
-5669
-5776
-5794
-5660
-5349
-4963
-4557
-4109
-3498
-2668
-1709
-693
378
1530
2705
3790
4671
5374
5894
6102
5924
5394
4637
3730
2659
1425
131
-1090
-2140
-2954
-3525
-3873
-4031
-4012
-3827
-3526
-3151
-2783
-2480
-2233
-2054
-1911
-1739
-1524
-1263
-954
-651
-334
41
426
747
897
860
637
245
-267
-859
-1437
-1950
-2387
-2696
-2761
-2564
-2163
-1637
-1082
-528
-67
231
358
337
154
-253
-886
-1673
-2504
-3358
-4249
-5227
-6250
-7225
-8073
-8698
-9114
-9280
-9105
-8553
-7635
-6422
-4899
-3073
-1078
916
2785
4515
6136
7555
8686
9516
10083
10494
10766
10850
10791
10654
10454
10096
9466
8606
7613
6497
5178
3602
1906
264
-1281
-2711
-3992
-5010
-5668
-6029
-6177
-6101
-5762
-5168
-4430
-3678
-2910
-2051
-1068
-54
914
1881
2886
3891
4804
5520
6063
6460
6630
6469
5982
5253
4333
3247
2008
718
-488
-1540
-2431
-3132
-3624
-3905
-3981
-3923
-3807
-3665
-3510
-3328
-3126
-2944
-2780
-2535
-2161
-1719
-1242
-736
-203
333
736
925
948
822
530
58
-549
-1157
-1665
-2040
-2297
-2381
-2232
-1924
-1525
-1110
-743
-462
-349
-455
-735
-1142
-1631
-2162
-2685
-3169
-3632
-4076
-4497
-4880
-5308
-5914
-6661
-7415
-8035
-8476
-8767
-8784
-8342
-7406
-6055
-4394
-2450
-267
1963
3981
5673
7108
8310
9198
9742
9984
10112
10263
10364
10388
10394
10386
10275
9901
9169
8125
6857
5365
3625
1751
-77
-1703
-3046
-4122
-4866
-5217
-5208
-4958
-4623
-4210
-3690
-3108
-2568
-2134
-1673
-1038
-262
583
1481
2476
3594
4654
5489
6082
6454
6591
6390
5822
4979
3994
2908
1681
358
-967
-2260
-3507
-4678
-5708
-6507
-7040
-7317
-7356
-7119
-6581
-5764
-4763
-3735
-2748
-1775
-886
-156
397
777
1056
1251
1344
1379
1423
1490
1557
1543
1430
1223
951
607
154
-332
-819
-1274
-1639
-1877
-1975
-1906
-1769
-1640
-1531
-1460
-1447
-1519
-1676
-1913
-2218
-2592
-3036
-3497
-3899
-4326
-4898
-5581
-6253
-6756
-7069
-7266
-7282
-6930
-6179
-5081
-3730
-2160
-385
1461
3186
4649
5903
7017
7930
8570
8950
9157
9338
9482
9496
9386
9198
8904
8410
7620
6571
5424
4229
2901
1440
-13
-1271
-2259
-3014
-3624
-4025
-4154
-4097
-3962
-3792
-3530
-3144
-2676
-2230
-1762
-1092
-191
799
1764
2692
3603
4427
4994
5218
5216
5023
4548
3794
2868
1961
1110
228
-685
-1531
-2229
-2831
-3411
-3909
-4280
-4501
-4598
-4639
-4528
-4176
-3676
-3089
-2490
-1884
-1203
-525
76
588
1051
1450
1727
1881
1949
1987
1946
1754
1400
945
458
-68
-640
-1220
-1752
-2177
-2454
-2592
-2563
-2360
-2056
-1741
-1518
-1402
-1412
-1534
-1751
-2035
-2310
-2532
-2683
-2795
-2850
-2853
-2856
-2999
-3484
-4279
-5203
-6087
-6848
-7479
-7878
-7831
-7241
-6175
-4764
-3087
-1176
730
2371
3646
4641
5531
6276
6783
7133
7501
8006
8591
9102
9504
9804
9927
9712
9054
8051
6858
5565
4152
2640
1238
118
-721
-1368
-1844
-2149
-2273
-2338
-2477
-2620
-2671
-2596
-2417
-2192
-1848
-1251
-422
491
1359
2165
2910
3481
3788
3799
3622
3358
2942
2365
1731
1148
608
28
-648
-1338
-1977
-2616
-3281
-3894
-4325
-4531
-4534
-4353
-4002
-3459
-2789
-2102
-1490
-983
-595
-341
-211
-200
-217
-178
-107
-56
21
121
210
192
13
-285
-696
-1196
-1755
-2281
-2687
-2904
-2916
-2729
-2340
-1761
-1094
-471
21
311
386
261
-39
-455
-859
-1147
-1295
-1352
-1361
-1296
-1224
-1279
-1737
-2647
-3809
-5021
-6123
-7128
-7915
-8199
-7817
-6845
-5500
-3880
-2041
-153
1457
2622
3478
4189
4848
5365
5722
6194
6920
7853
8788
9439
9987
10377
10342
9855
8837
7616
6359
4909
3426
2026
946
224
-430
-1006
-1552
-2028
-2425
-2960
-3577
-4175
-4600
-4769
-4796
-4639
-4175
-3393
-2355
-1388
-494
413
1279
2042
2523
2802
3021
3215
3283
3183
3012
2819
2567
2139
1516
833
185
-462
-1153
-1800
-2285
-2524
-2625
-2663
-2633
-2540
-2423
-2341
-2298
-2305
-2357
-2389
-2360
-2242
-2014
-1694
-1316
-877
-471
-147
122
288
325
212
-28
-312
-544
-718
-816
-806
-681
-453
-141
221
570
840
940
803
433
-58
-610
-1141
-1596
-1937
-2089
-2073
-1979
-1828
-1695
-1790
-2342
-3390
-4705
-6035
-7203
-8161
-8811
-8931
-8381
-7244
-5696
-3918
-2078
-338
1089
2123
2868
3534
4201
4840
5454
6166
7131
8287
9367
10155
10605
10727
10467
9758
8623
7291
5994
4752
3505
2310
1345
701
202
-406
-1175
-1982
-2717
-3442
-4215
-4881
-5253
-5298
-5137
-4813
-4178
-3185
-2044
-1035
-254
468
1236
1958
2512
2904
3291
3751
4181
4465
4604
4636
4477
3954
3053
1950
845
-193
-1213
-2185
-2944
-3369
-3507
-3506
-3487
-3497
-3520
-3603
-3814
-4091
-4308
-4376
-4290
-4110
-3774
-3179
-2372
-1530
-833
-306
122
456
644
632
470
303
205
163
172
278
508
778
960
1036
1095
1157
1080
736
135
-561
-1143
-1601
-1971
-2206
-2246
-2128
-1985
-1840
-1629
-1453
-1608
-2374
-3654
-5022
-6179
-7024
-7613
-7916
-7672
-6778
-5383
-3774
-2162
-617
720
1731
2438
3008
3661
4415
5168
5913
6773
7868
9081
10106
10686
10820
10597
10015
9105
7959
6758
5584
4426
3273
2188
1281
516
-284
-1224
-2311
-3414
-4429
-5316
-6035
-6558
-6796
-6721
-6332
-5631
-4714
-3698
-2653
-1669
-687
331
1333
2276
3108
3857
4548
5143
5562
5737
5640
5252
4531
3525
2365
1194
81
-991
-1964
-2742
-3282
-3669
-3978
-4260
-4513
-4690
-4816
-4907
-4949
-4857
-4583
-4143
-3576
-2912
-2156
-1366
-603
27
518
904
1207
1437
1539
1567
1546
1513
1494
1434
1365
1323
1312
1303
1247
1138
999
777
457
39
-446
-945
-1503
-2067
-2542
-2865
-3004
-3004
-2877
-2656
-2408
-2176
-2060
-2214
-2763
-3697
-4808
-5854
-6635
-7053
-7059
-6598
-5647
-4293
-2775
-1314
-81
901
1682
2301
2804
3258
3773
4404
5202
6144
7175
8197
9027
9539
9672
9426
8846
7989
6985
5985
5038
4162
3332
2551
1849
1186
506
-259
-1083
-1901
-2709
-3506
-4261
-4884
-5248
-5270
-4929
-4265
-3330
-2261
-1228
-336
384
987
1492
1855
2107
2336
2601
2904
3186
3363
3412
3329
3089
2691
2110
1339
415
-596
-1594
-2509
-3220
-3668
-3881
-3900
-3804
-3641
-3457
-3323
-3284
-3324
-3350
-3248
-2983
-2549
-1999
-1386
-741
-141
339
664
845
935
969
935
811
638
488
410
417
434
446
439
389
269
26
-315
-685
-1013
-1262
-1451
-1611
-1739
-1852
-1934
-1991
-2073
-2162
-2234
-2228
-2103
-1849
-1501
-1109
-762
-560
-552
-778
-1214
-1804
-2412
-2884
-3071
-2877
-2305
-1419
-359
704
1578
2110
2259
2112
1815
1561
1465
1612
2025
2629
3382
4124
4670
4883
4706
4240
3622
3004
2509
2214
2136
2248
2464
2708
2880
2901
2739
2386
1927
1491
1196
1064
1085
1171
1244
1288
1269
1170
937
571
164
-205
-485
-665
-746
-739
-697
-691
-770
-956
-1209
-1482
-1735
-1921
-2036
-2099
-2089
-2016
-1932
-1878
-1904
-2002
-2129
-2244
-2323
-2323
-2237
-2067
-1841
-1597
-1360
-1186
-1071
-1018
-1003
-984
-933
-799
-585
-310
10
343
641
852
952
956
899
816
708
606
564
595
703
826
921
954
899
769
560
299
35
-194
-370
-491
-577
-607
-605
-591
-577
-585
-553
-508
-454
-386
-338
-287
-260
-249
-256
-260
-238
-203
-179
-186
-237
-300
-367
-453
-562
-695
-801
-916
-1058
-1236
-1433
-1601
-1728
-1797
-1820
-1801
-1736
-1659
-1583
-1501
-1401
-1248
-1030
-750
-427
-64
343
723
1052
1334
1571
1775
1939
2082
2211
2334
2445
2552
2681
2842
3020
3180
3289
3349
3350
3297
3234
3151
3051
2949
2852
2777
2707
2609
2439
2189
1872
1522
1152
785
442
150
-69
-238
-371
-497
-606
-726
-912
-1131
-1342
-1521
-1641
-1710
-1717
-1644
-1510
-1340
-1170
-1038
-957
-930
-945
-1003
-1094
-1196
-1265
-1282
-1259
-1223
-1187
-1171
-1189
-1236
-1314
-1425
-1552
-1684
-1820
-1949
-2080
-2194
-2286
-2332
-2311
-2220
-2050
-1846
-1619
-1387
-1161
-942
-737
-556
-393
-245
-108
39
208
386
568
742
893
1023
1113
1146
1124
1072
1002
938
873
808
758
727
711
669
585
441
228
-49
-361
-638
-852
-979
-992
-893
-686
-441
-240
-102
-51
-63
-109
-173
-204
-168
-40
153
387
625
838
1002
1083
1081
1013
946
926
966
1056
1188
1348
1498
1615
1666
1658
1605
1517
1418
1312
1217
1145
1096
1052
996
921
839
763
672
572
474
402
343
281
226
187
173
177
194
236
296
376
458
532
598
649
684
694
667
613
544
447
325
186
39
-116
-293
-491
-712
-943
-1181
-1412
-1619
-1792
-1927
-2034
-2118
-2169
-2196
-2205
-2170
-2095
-1964
-1790
-1593
-1378
-1171
-981
-817
-675
-547
-428
-314
-208
-104
-22
35
75
90
83
57
17
-19
-51
-96
-156
-230
-302
-360
-392
-394
-368
-311
-256
-217
-216
-249
-276
-295
-304
-291
-259
-196
-128
-58
11
59
101
125
131
129
107
73
26
-24
-63
-81
-54
-13
33
74
82
48
-28
-118
-193
-214
-186
-97
44
211
382
492
489
381
221
125
165
355
652
999
1369
1701
1958
2101
2131
2102
2092
2157
2276
2395
2463
2442
2353
2224
2065
1908
1774
1711
1698
1685
1615
1437
1181
892
598
330
94
-112
-297
-475
-633
-786
-943
-1106
-1261
-1399
-1509
-1623
-1763
-1901
-1995
-2041
-2016
-1942
-1829
-1675
-1516
-1385
-1279
-1183
-1063
-918
-764
-624
-500
-381
-296
-234
-217
-227
-211
-176
-164
-190
-251
-329
-421
-515
-623
-759
-889
-1029
-1169
-1259
-1300
-1244
-1080
-871
-679
-546
-488
-484
-504
-538
-554
-518
-394
-206
-7
160
291
394
482
538
533
476
414
365
317
255
182
112
87
107
131
93
-53
-302
-616
-966
-1324
-1667
-1958
-2145
-2185
-2071
-1841
-1559
-1281
-1022
-804
-651
-580
-591
-616
-550
-296
180
848
1653
2507
3319
3996
4470
4712
4767
4706
4604
4537
4528
4569
4630
4643
4571
4405
4154
3821
3395
2895
2355
1798
1244
703
215
-194
-511
-747
-956
-1190
-1469
-1774
-2103
-2399
-2610
-2701
-2624
-2400
-2076
-1732
-1427
-1205
-1110
-1106
-1158
-1199
-1196
-1163
-1085
-980
-860
-746
-678
-667
-741
-860
-996
-1163
-1296
-1367
-1340
-1234
-1105
-1034
-1058
-1171
-1352
-1541
-1708
-1780
-1744
-1584
-1380
-1182
-1003
-902
-833
-823
-847
-873
-894
-876
-849
-789
-659
-488
-305
-165
-111
-112
-172
-241
-323
-352
-267
-93
150
350
468
521
520
489
423
307
181
78
51
101
205
368
540
696
776
754
628
421
153
-143
-409
-618
-754
-811
-809
-760
-667
-560
-442
-295
-145
22
223
449
703
1007
1351
1723
2121
2489
2805
3055
3252
3425
3584
3737
3849
3904
3904
3841
3713
3514
3256
2980
2717
2464
2192
1880
1510
1110
708
328
-19
-343
-625
-860
-1035
-1146
-1218
-1245
-1260
-1280
-1296
-1314
-1314
-1319
-1324
-1336
-1378
-1447
-1536
-1596
-1589
-1528
-1437
-1381
-1380
-1431
-1539
-1634
-1721
-1822
-1926
-2033
-2110
-2165
-2171
-2133
-2036
-1857
-1640
-1402
-1190
-1074
-1066
-1116
-1150
-1110
-945
-686
-426
-201
-41
-2
-78
-234
-466
-648
-659
-530
-357
-167
-52
-39
-10
-13
-25
-31
-63
-54
4
103
164
212
226
208
241
280
298
312
355
457
607
756
823
808
733
605
479
377
325
355
445
586
710
764
730
608
448
268
122
0
-116
-203
-270
-344
-421
-499
-577
-573
-506
-402
-266
-119
28
195
383
564
746
945
1158
1380
1611
1821
2008
2166
2285
2376
2439
2509
2568
2611
2631
2603
2525
2396
2238
2059
1874
1707
1527
1330
1129
924
730
542
351
143
-58
-219
-376
-528
-688
-844
-954
-1051
-1149
-1261
-1405
-1539
-1647
-1718
-1737
-1722
-1698
-1678
-1667
-1670
-1666
-1671
-1669
-1632
-1560
-1458
-1369
-1325
-1319
-1323
-1317
-1310
-1306
-1285
-1238
-1175
-1125
-1130
-1169
-1229
-1271
-1263
-1218
-1178
-1148
-1113
-1076
-1030
-986
-948
-943
-928
-877
-809
-703
-575
-443
-280
-96
53
148
210
255
308
391
495
586
669
748
806
866
903
909
949
1024
1116
1222
1311
1358
1392
1422
1447
1464
1457
1426
1396
1368
1315
1230
1121
998
875
754
605
436
262
93
-56
-192
-335
-472
-573
-624
-635
-642
-654
-668
-660
-622
-562
-461
-314
-110
141
413
686
926
1115
1253
1361
1443
1534
1596
1609
1588
1542
1487
1423
1341
1235
1121
1001
865
707
529
351
202
92
6
-73
-164
-282
-388
-448
-470
-470
-467
-497
-546
-586
-622
-660
-694
-713
-733
-731
-712
-725
-738
-741
-760
-750
-766
-860
-962
-1053
-1133
-1185
-1184
-1187
-1191
-1170
-1174
-1186
-1170
-1149
-1109
-1013
-910
-837
-751
-675
-598
-510
-442
-405
-380
-328
-256
-195
-162
-150
-163
-184
-227
-287
-335
-351
-318
-259
-213
-182
-177
-195
-227
-251
-244
-204
-98
48
215
384
517
626
710
768
811
814
799
810
866
965
1058
1117
1106
1047
962
815
624
428
286
245
291
341
334
277
201
95
-20
-113
-182
-196
-170
-142
-112
-75
-25
49
142
209
237
231
199
165
161
201
293
425
579
728
838
913
930
919
913
905
910
922
971
1067
1175
1263
1324
1339
1294
1185
997
743
481
252
77
-8
-39
-60
-108
-205
-410
-702
-1011
-1309
-1505
-1559
-1496
-1354
-1193
-1071
-1003
-984
-1020
-1083
-1142
-1165
-1107
-966
-776
-568
-369
-212
-125
-117
-176
-273
-367
-436
-470
-453
-395
-324
-270
-256
-283
-326
-400
-496
-574
-606
-576
-490
-390
-292
-192
-114
-66
-60
-83
-115
-153
-180
-205
-217
-229
-213
-174
-123
-42
27
65
79
76
75
87
116
169
243
354
471
570
636
651
618
521
417
344
301
326
389
450
516
552
521
449
326
192
102
49
24
22
37
62
103
142
169
171
147
80
-6
-80
-127
-135
-92
2
108
207
263
267
259
242
208
172
141
130
176
258
330
400
458
475
463
416
326
231
175
172
186
211
220
202
192
191
173
137
80
14
-31
-45
-36
-15
26
97
162
194
169
96
17
-59
-110
-129
-135
-117
-86
-98
-133
-184
-233
-268
-274
-272
-298
-322
-350
-364
-325
-262
-203
-134
-84
-62
-70
-118
-172
-171
-98
-30
33
59
28
-15
-63
-108
-124
-126
-164
-214
-257
-315
-380
-432
-472
-479
-468
-472
-507
-557
-583
-548
-467
-400
-382
-364
-315
-251
-164
-83
-34
13
26
-1
-46
-93
-131
-138
-66
44
142
194
181
136
84
37
18
30
62
121
191
259
314
358
373
348
282
178
82
-6
-44
-29
17
107
192
235
200
100
-45
-192
-285
-325
-316
-252
-164
-86
-25
12
52
97
143
182
215
239
263
306
373
461
549
622
662
655
594
505
408
323
280
260
291
345
385
404
379
323
243
157
78
11
-27
-35
-19
26
72
96
92
42
-45
-121
-174
-186
-138
-30
103
218
300
335
319
279
237
213
207
190
172
149
140
167
205
227
225
152
3
-172
-340
-450
-468
-398
-306
-244
-242
-310
-420
-538
-640
-676
-658
-619
-575
-541
-497
-447
-386
-331
-290
-272
-319
-385
-440
-462
-415
-310
-170
-32
42
15
-97
-240
-371
-430
-404
-322
-207
-99
-46
-51
-119
-219
-305
-363
-380
-365
-338
-327
-321
-299
-262
-192
-136
-120
-124
-160
-219
-277
-313
-302
-209
-40
140
285
369
378
348
308
269
262
281
327
395
484
582
654
705
714
689
633
519
391
276
200
196
266
389
514
613
652
635
580
472
348
270
265
340
460
586
682
745
780
759
692
599
491
406
344
297
274
268
264
248
221
187
131
42
-69
-173
-247
-291
-325
-349
-355
-340
-307
-274
-249
-236
-237
-259
-313
-386
-450
-476
-440
-369
-279
-189
-142
-143
-190
-273
-363
-435
-483
-501
-493
-460
-407
-334
-250
-181
-157
-191
-286
-414
-534
-618
-626
-545
-386
-198
-67
-37
-104
-231
-366
-468
-519
-517
-470
-401
-313
-214
-139
-94
-70
-85
-128
-190
-276
-338
-321
-226
-55
150
304
373
364
279
171
65
-26
-49
-2
67
139
200
224
220
201
153
73
-26
-123
-195
-223
-200
-122
-6
116
212
257
254
196
122
62
42
86
183
314
438
544
609
624
596
528
446
367
301
260
244
265
337
427
498
535
516
448
343
231
129
71
73
111
179
250
300
333
342
320
269
194
121
65
46
63
120
194
265
328
362
363
333
291
256
233
224
214
196
190
185
182
215
250
262
246
180
81
-45
-182
-302
-372
-375
-344
-318
-327
-375
-451
-547
-660
-767
-857
-915
-924
-894
-824
-718
-605
-507
-446
-421
-441
-502
-576
-641
-664
-621
-520
-387
-243
-126
-62
-61
-145
-289
-444
-566
-619
-600
-523
-417
-309
-220
-169
-164
-212
-312
-429
-517
-551
-514
-407
-243
-47
143
295
383
389
327
241
165
145
197
295
438
592
723
804
811
744
617
483
391
350
370
425
494
567
615
623
577
475
346
224
134
96
109
161
241
327
387
412
397
344
268
199
146
108
101
125
190
272
340
366
341
282
208
143
114
120
159
216
267
296
293
266
231
199
166
118
69
11
-41
-74
-100
-117
-149
-190
-234
-279
-320
-358
-377
-380
-367
-341
-314
-296
-291
-295
-309
-327
-318
-282
-218
-132
-53
15
53
49
19
-29
-72
-96
-115
-116
-110
-101
-90
-82
-79
-94
-130
-190
-260
-327
-372
-381
-352
-294
-244
-215
-201
-215
-252
-307
-356
-387
-405
-407
-385
-346
-289
-232
-194
-179
-187
-215
-251
-271
-270
-235
-157
-79
-19
20
36
43
55
68
80
102
119
141
177
224
261
289
285
253
202
133
70
32
27
54
101
141
165
181
199
205
196
175
148
142
153
177
228
296
370
437
494
507
483
440
399
374
379
398
427
459
481
490
465
408
334
255
177
114
62
20
15
28
38
47
31
-16
-79
-154
-211
-242
-248
-235
-219
-196
-183
-165
-149
-143
-142
-155
-170
-186
-201
-206
-196
-174
-140
-108
-88
-81
-88
-107
-131
-156
-175
-186
-185
-177
-166
-164
-158
-159
-162
-159
-148
-137
-132
-142
-162
-179
-187
-173
-139
-104
-75
-50
-53
-63
-79
-82
-53
-14
33
75
104
119
122
116
107
92
79
73
77
86
101
121
139
152
155
139
119
89
59
36
16
1
-14
-25
-33
-38
-50
-72
-100
-129
-159
-182
-195
-195
-178
-135
-73
-17
16
17
-3
-31
-52
-58
-47
-37
-22
-6
7
18
28
47
75
101
106
83
45
9
-14
-10
16
45
65
74
72
54
34
14
2
4
21
52
74
83
77
64
62
58
52
48
51
60
74
83
87
88
92
95
95
93
94
95
105
114
117
113
98
76
50
29
18
9
0
-1
-5
-10
-9
-6
-1
5
5
1
-8
-23
-39
-54
-58
-56
-58
-62
-63
-56
-37
-8
22
46
48
39
16
-11
-39
-55
-59
-50
-36
-34
-32
-43
-58
-75
-85
-94
-100
-105
-110
-110
-105
-99
-94
-88
-80
-74
-75
-81
-89
-96
-82
-58
-25
8
29
38
45
48
50
54
61
76
91
99
98
97
91
84
77
64
45
19
-2
-9
0
25
48
61
57
44
25
0
-25
-36
-34
-29
-19
-17
-20
-24
-16
-6
1
2
-6
-17
-26
-28
-28
-16
0
14
28
27
11
-11
-36
-56
-65
-70
-61
-49
-42
-41
-50
-62
-75
-81
-86
-83
-78
-75
-67
-63
-61
-61
-63
-55
-41
-28
-6
9
21
31
36
34
25
22
25
39
59
78
92
103
104
95
75
57
48
42
56
72
80
78
72
62
51
41
29
21
16
13
12
13
15
22
31
45
53
55
61
64
66
70
71
70
69
65
60
55
51
54
57
65
74
77
64
46
14
-19
-40
-52
-56
-52
-41
-39
-45
-58
-77
-96
-114
-128
-135
-129
-121
-116
-111
-113
-122
-135
-139
-134
-119
-100
-81
-65
-50
-35
-23
-14
-11
-5
2
11
18
28
30
36
43
43
45
45
46
42
42
37
32
30
32
35
37
34
31
26
22
24
28
32
35
38
42
41
39
40
44
51
57
60
53
43
26
12
7
9
15
21
24
23
10
-4
-8
-13
-18
-19
-25
-32
-45
-58
-71
-82
-88
-91
-96
-105
-113
-115
-111
-92
-71
-54
-39
-35
-37
-43
-50
-49
-41
-29
-13
4
20
31
39
51
60
66
67
65
60
53
56
61
74
82
89
85
75
58
40
28
24
28
37
45
50
48
44
41
36
32
37
33
27
18
8
3
2
11
22
39
46
48
37
21
6
-7
-15
-13
-3
4
11
9
3
-9
-18
-31
-41
-45
-48
-47
-49
-52
-57
-61
-59
-57
-57
-59
-67
-81
-91
-97
-104
-106
-98
-82
-67
-51
-36
-21
-13
-8
-5
-4
-6
-4
-1
5
9
7
7
12
18
28
39
42
39
31
22
12
7
7
15
25
36
42
37
26
11
-1
-3
1
8
13
14
18
23
26
29
34
40
45
45
43
38
30
22
19
21
21
28
32
35
36
32
23
18
17
20
19
16
11
1
-6
-15
-17
-10
-1
7
8
12
6
-7
-19
-25
-21
-13
2
13
23
25
14
4
-10
-19
-26
-24
-15
-9
-6
4
10
9
6
2
-2
-5
-8
-10
-14
-15
-17
-14
-3
4
10
5
-4
-24
-48
-60
-62
-53
-34
-15
5
16
17
10
-6
-22
-33
-37
-36
-31
-22
-12
-3
0
-4
-4
-8
-13
-13
-11
-10
-10
-5
1
5
8
8
4
0
-2
-6
-11
-13
-13
-20
-15
-10
-7
-3
-3
-4
-6
-13
-20
-24
-21
-12
-2
6
9
10
5
-2
-10
-14
-13
-7
0
7
14
13
10
9
10
13
20
25
30
31
30
29
26
25
27
31
37
39
34
26
19
17
21
23
29
37
42
42
30
24
17
8
5
5
5
5
10
13
13
13
15
14
10
8
5
2
-1
-2
-5
-2
-1
3
4
0
-9
-19
-23
-27
-29
-32
-28
-23
-20
-24
-33
-42
-48
-52
-49
-41
-31
-20
-12
-5
-9
-19
-23
-27
-30
-27
-22
-17
-12
-10
-8
-6
-9
-10
-14
-15
-13
-12
-10
-5
2
6
17
23
24
24
22
17
14
12
17
26
36
41
44
43
36
28
19
14
10
4
5
10
11
12
11
10
7
3
-1
-5
-4
-2
1
3
8
11
11
10
2
-8
-16
-20
-25
-25
-24
-17
-10
-7
-7
-10
-13
-20
-24
-20
-17
-10
-3
7
16
16
14
11
6
0
-7
-11
-5
-1
2
8
11
14
12
7
2
-7
-18
-28
-37
-40
-34
-24
-11
2
10
13
10
6
0
-5
-5
-3
2
8
15
19
18
20
18
15
10
4
-1
-5
-5
-5
-1
5
11
17
19
19
12
5
-2
-8
-8
-3
2
4
14
20
23
19
10
1
-6
-8
-11
-8
-3
5
8
10
8
2
-5
-15
-21
-25
-24
-16
-11
0
12
18
18
15
5
-7
-17
-25
-28
-25
-14
-3
10
15
11
1
-8
-18
-27
-29
-25
-17
-6
6
13
19
20
17
11
2
-6
-10
-13
-10
-6
-1
13
22
25
25
20
15
9
4
2
4
8
17
24
26
24
23
15
10
2
-7
-5
-2
0
2
6
6
4
3
1
-3
-7
-10
-13
-13
-9
-6
-2
3
3
-2
-4
-7
-10
-15
-14
-13
-12
-5
0
2
1
-3
-9
-15
-20
-24
-25
-24
-22
-18
-9
-3
-5
-10
-13
-18
-27
-34
-40
-41
-30
-14
1
13
19
23
18
8
-10
-23
-29
-28
-23
-9
11
26
34
37
33
24
12
-2
-8
-10
-8
4
22
40
51
55
55
47
34
19
4
-3
-4
3
13
26
36
41
39
32
22
12
-1
-11
-16
-20
-11
2
14
25
29
27
19
9
-2
-12
-17
-18
-15
-7
-1
6
8
3
-9
-26
-38
-48
-54
-54
-48
-38
-25
-15
-7
-6
-7
-13
-18
-26
-30
-30
-25
-16
-9
0
7
12
9
5
-2
-9
-8
-6
-2
5
15
22
25
24
18
10
5
-1
-5
-1
9
20
25
28
30
27
17
7
-5
-10
-12
-9
-3
7
16
21
19
13
3
-16
-31
-38
-38
-26
-7
7
22
28
26
21
10
-4
-18
-28
-33
-32
-24
-12
-1
7
14
15
8
-3
-15
-27
-33
-31
-25
-12
0
15
24
28
26
16
4
-7
-17
-23
-17
-8
3
14
23
30
32
26
14
4
-3
-7
-6
0
8
17
23
28
23
17
16
12
3
-5
-9
-10
-5
1
4
8
8
6
0
-5
-6
-8
-6
-2
-2
-1
2
2
1
-4
-7
-5
-4
0
3
9
14
18
16
11
9
4
-2
-4
-6
-10
-4
2
6
10
7
3
-7
-18
-25
-30
-33
-29
-22
-14
-5
2
3
3
-3
-14
-27
-35
-37
-32
-22
-9
4
13
20
20
13
3
-12
-25
-32
-34
-27
-16
-4
5
19
24
24
20
12
3
-1
-5
-6
-1
4
13
21
27
29
25
20
13
5
-1
1
2
7
14
21
26
28
25
15
8
4
4
5
6
10
12
13
13
9
0
-4
-11
-15
-18
-21
-19
-17
-13
-10
-6
-8
-10
-15
-16
-17
-17
-15
-12
-9
-9
-6
-4
-3
-7
-14
-17
-21
-21
-21
-19
-11
-5
-2
0
4
7
8
5
2
0
3
5
9
14
19
20
19
20
18
13
11
12
11
9
7
7
8
6
3
-1
3
7
12
14
16
13
10
6
-1
-6
-9
-10
-9
-6
-1
5
9
8
4
-1
-2
-6
-9
-12
-15
-14
-12
-9
-2
7
8
7
4
0
-6
-12
-15
-13
-9
-2
4
7
11
11
10
4
-3
-9
-15
-15
-12
-5
1
4
6
3
1
-5
-12
-21
-22
-20
-16
-11
-3
5
9
10
10
8
4
0
-2
-1
-1
1
3
5
3
0
-1
-1
-2
-1
0
2
3
7
10
12
11
11
11
8
6
5
4
2
3
6
12
17
19
18
16
9
2
-6
-12
-15
-13
-9
-4
1
4
4
2
-1
-6
-13
-13
-10
-8
-7
-6
-3
-2
-1
-2
-4
-6
-10
-11
-11
-10
-8
-6
-2
-4
-5
-4
-3
-5
-9
-11
-8
-3
1
4
6
10
7
0
-5
-11
-16
-17
-14
-9
-3
6
15
20
21
18
13
9
2
-1
-3
0
8
16
21
25
24
21
17
11
2
-1
-5
-9
-9
-5
1
5
11
11
7
1
-4
-10
-13
-11
-7
-3
2
2
1
1
-3
-4
-6
-7
-8
-9
-7
-4
1
4
9
9
10
3
-3
-7
-8
-11
-12
-8
-4
-3
-3
-4
-4
-3
-7
-6
-7
-3
1
6
9
9
9
7
4
-2
-8
-12
-10
-8
-1
8
11
13
13
10
5
-2
-6
-8
-10
-9
-4
3
8
11
10
11
13
9
2
-1
-4
-3
0
2
7
9
9
6
4
0
-5
-8
-11
-11
-13
-8
-6
-1
2
4
-1
-4
-6
-8
-8
-8
-5
-3
1
2
2
1
1
-2
-8
-7
-5
-5
-3
0
4
6
6
6
6
3
3
0
-2
-5
-5
-3
-2
-1
-5
-2
-1
0
-1
2
1
0
-2
-1
-1
1
3
8
10
11
10
10
12
11
7
8
8
6
6
4
2
1
1
2
3
4
3
1
-2
-5
-8
-9
-7
-7
-9
-7
-3
-3
-2
-1
-1
-1
0
0
0
0
-4
-6
-6
-5
-3
0
2
1
-4
-6
-7
-8
-10
-12
-14
-13
-11
-11
-9
-6
-5
-4
-2
0
1
-2
-5
-6
-7
-4
-1
4
10
12
15
15
13
12
9
7
8
5
6
7
8
9
9
9
5
6
4
3
0
0
1
1
2
3
5
9
10
8
6
5
3
3
4
5
4
4
5
2
1
1
-1
-3
-1
0
1
5
7
4
2
0
-2
-5
-7
-9
-11
-11
-11
-13
-14
-12
-10
-9
-7
-8
-14
-15
-15
-14
-12
-9
-5
-2
-1
-2
-3
-4
-3
-2
-1
1
3
6
8
8
6
6
5
2
1
3
4
4
4
4
3
5
6
4
4
2
2
2
2
2
3
4
5
3
2
0
0
-1
-2
-5
-7
-3
-1
2
7
9
8
6
5
2
-3
-6
-5
-7
-7
-7
-3
-1
-1
-1
-4
-4
-3
-6
-8
-9
-9
-8
-5
-2
1
2
2
1
1
1
1
-1
0
1
-2
-1
0
2
1
1
1
0
2
2
3
3
4
4
2
3
4
4
2
1
-1
2
4
5
6
9
11
11
11
9
8
5
-1
-2
-1
-2
1
3
4
2
0
-1
-3
-4
-3
-1
-3
-4
-4
-4
-5
0
1
2
3
4
5
3
0
-5
-8
-6
-4
-3
-2
-5
-6
-7
-8
-7
-7
-6
-4
-5
-4
-5
-4
-4
-5
-6
-7
-4
-3
-1
2
5
3
0
-4
-2
-2
-3
-2
1
4
2
3
2
3
1
-3
-3
-2
-2
-1
2
4
5
8
8
10
10
7
5
4
3
3
3
3
4
0
4
5
4
4
4
1
-3
-6
-8
-7
-6
-5
-3
1
3
4
5
5
4
-1
0
2
3
5
5
7
9
11
9
7
6
5
3
2
2
1
1
0
0
-4
-5
-4
-5
-2
-1
-2
-3
-5
-6
-7
-7
-6
-8
-9
-6
-5
-4
-3
-1
-2
1
3
3
0
-1
-2
-4
-3
-6
-3
-3
-3
-3
-3
-3
-5
-8
-6
-7
-9
-5
-1
1
2
3
1
1
0
-2
-2
-2
-2
-1
1
3
4
5
6
8
3
3
3
4
3
1
1
2
2
2
4
7
6
6
4
2
2
1
2
2
2
6
8
7
6
5
2
-1
-4
-4
-5
-5
-3
-2
0
1
1
-1
0
-1
-1
2
2
2
2
3
2
-1
-3
-5
-4
-4
-4
-3
0
3
5
6
6
5
2
-1
-4
-4
-3
-3
-3
-3
-2
-1
-1
-1
-3
-4
-6
-9
-11
-10
-9
-6
-7
-2
2
3
1
-2
-5
-5
-7
-7
-8
-5
-1
1
5
6
8
7
4
2
-1
1
2
2
4
7
7
8
4
1
0
-3
-2
-2
-3
-2
-1
1
3
2
-1
-3
-2
-2
-1
2
3
4
6
7
7
6
6
3
1
0
0
1
2
1
-1
0
2
0
-1
0
-1
0
-2
0
1
3
4
3
1
0
1
1
2
1
-1
1
-1
-1
-2
0
1
1
0
0
1
-1
-3
-2
-2
1
1
2
4
3
2
2
3
4
4
3
3
2
1
1
1
0
-1
-1
0
4
4
4
4
2
0
0
0
-2
-3
-1
0
0
-1
-2
-3
-5
-5
-3
-1
0
-1
-3
-3
-5
-6
-8
-7
-8
-7
-6
-6
-7
-7
-8
-8
-6
-8
-10
-9
-8
-7
-3
-1
0
-3
-1
1
1
0
-1
0
-1
0
0
2
3
4
3
4
6
7
7
6
6
4
4
6
7
10
11
11
11
12
9
6
4
4
2
1
3
4
4
5
3
3
3
5
4
4
2
0
-1
-1
-1
-2
0
1
1
3
4
6
4
4
2
-2
-2
-4
-5
-5
-6
-7
-7
-8
-9
-9
-9
-6
-4
-2
-1
-1
-2
-2
-4
-6
-5
-4
-4
-2
0
2
4
5
7
9
9
9
9
4
2
1
1
1
2
1
4
4
6
6
5
3
-2
-3
-4
-4
-4
-3
-3
-3
-2
-3
-5
-5
-7
-11
-10
-8
-6
-5
-4
-5
-3
-2
-2
-2
-3
-3
-5
-6
-4
-4
-6
-5
-5
-5
-4
-4
-3
-1
3
4
5
4
4
2
4
5
5
5
5
4
3
4
3
2
1
0
-1
-2
-3
-4
-3
-4
-2
1
4
8
11
11
10
11
9
6
4
2
-1
2
1
0
0
-2
-1
0
-1
0
-1
1
3
2
1
0
1
0
0
-1
2
1
1
1
0
-1
0
1
1
3
4
6
6
4
2
2
0
-1
-4
-6
-4
-2
0
1
2
1
-1
-2
-2
-3
-2
-3
-2
0
0
3
5
2
-3
-6
-6
-6
-7
-7
-8
-5
-4
-1
-1
-2
-3
-4
-5
-7
-8
-8
-7
-7
-7
-7
-4
-4
-3
2
5
6
5
4
4
3
6
8
9
8
9
8
6
5
3
1
3
3
6
4
3
1
-1
-4
-4
-4
-5
-3
-4
-3
-2
0
-1
-3
-3
-4
-1
0
-1
0
0
0
-1
-2
2
2
3
4
7
8
8
7
7
9
8
7
7
7
5
1
-1
-4
-4
-4
-4
-2
-1
-1
-2
-1
-2
-1
-1
-3
-3
-5
-2
-2
-3
-6
-6
-7
-7
-7
-7
-6
-6
-7
-5
-5
-3
-2
-2
0
1
-1
-1
1
0
0
-2
-1
1
4
6
7
8
6
7
7
6
7
5
5
3
1
-1
-1
-1
-1
0
0
0
-2
-2
1
1
0
1
3
4
6
5
3
3
0
-1
0
2
1
2
0
1
1
1
0
-1
-2
-3
-3
-2
-3
-2
-1
-1
-3
-3
-2
-3
-2
-1
0
0
-1
0
0
-2
-3
-4
-4
-5
-7
-8
-7
-5
-5
-3
-2
2
3
3
4
4
5
5
4
3
4
4
6
6
6
7
5
4
0
1
0
0
-2
-3
-2
-3
-1
-4
-6
-8
-9
-9
-7
-5
-3
-2
-1
-1
-3
-1
1
1
0
0
0
1
2
3
2
1
0
-2
-5
-5
-6
-7
-8
-6
-6
-2
-1
0
2
3
1
0
0
0
0
2
3
4
6
6
8
8
9
6
1
3
3
2
0
-1
2
2
3
3
5
5
5
1
0
0
1
2
3
3
2
2
3
5
6
7
5
5
3
3
0
0
0
-1
0
0
2
2
4
3
1
3
3
2
0
-1
-1
-3
-3
-2
-1
0
0
0
-1
-2
-4
-4
-5
-7
-10
-10
-10
-11
-9
-7
-5
-4
-3
-5
-4
-5
-3
-1
-2
-1
1
1
4
3
2
1
2
1
2
1
1
3
2
1
0
2
2
1
1
1
-1
-2
-4
-3
-4
-1
0
1
1
1
-2
-2
-1
0
-1
-1
-1
1
2
2
2
1
0
-3
-5
-6
-5
-5
-4
-1
2
5
6
6
4
4
3
3
0
-1
-1
-3
-3
-3
-5
-3
-1
-1
2
3
3
2
1
-1
-3
-2
-2
-3
-1
-2
-3
-1
-1
0
-1
1
2
2
2
3
3
5
7
7
8
9
10
8
10
8
6
4
1
-1
-1
-1
0
1
2
1
0
0
-2
-2
-3
-4
-5
-6
-8
-5
-2
0
4
6
5
5
5
2
1
-1
-1
0
2
5
6
4
3
1
-3
-2
0
-1
0
-1
-1
0
0
1
0
0
-2
-3
-4
-6
-7
-9
-7
-6
-3
-2
-2
-5
-6
-4
-4
-2
0
-1
-1
-1
1
0
0
0
2
2
1
2
0
1
1
2
3
3
0
-1
-2
-2
-2
-1
-1
-1
0
0
0
0
-1
-3
-3
-3
-2
-1
-1
1
-1
1
1
0
0
-1
-2
-4
-5
-4
-4
-4
-2
-2
-1
-1
0
1
2
2
2
2
2
3
2
5
6
6
5
3
2
0
-1
-1
-2
0
3
6
7
6
3
2
4
1
1
0
1
2
1
3
1
0
-1
-2
-3
-3
-2
-1
-1
-3
-3
0
2
3
4
6
6
4
2
3
2
1
-1
-2
-2
-1
0
0
-2
-2
-3
-3
-3
-3
-3
-2
-1
-2
-3
-4
-3
-3
0
1
2
1
-1
-1
-1
-2
-1
2
2
3
3
3
0
0
1
0
2
2
2
0
-2
-2
-2
-1
-1
-1
-2
-3
-2
-5
-6
-7
-5
-3
-2
2
2
1
0
0
-2
2
4
5
4
3
0
-3
-4
-4
-2
2
3
5
6
7
8
6
7
8
6
2
1
1
0
-1
-2
0
0
-2
-2
1
2
2
2
3
4
1
1
1
-1
-2
-1
1
2
2
0
-2
-2
0
0
2
3
3
3
2
-1
-4
-4
-6
-7
-9
-9
-8
-8
-10
-11
-10
-10
-10
-8
-6
-4
-3
-3
0
2
2
2
3
3
3
3
4
3
5
5
4
2
1
-2
-5
-3
-3
-2
-1
0
0
1
3
2
2
2
3
3
4
2
2
3
2
0
1
0
0
0
0
2
2
2
2
2
