-1
-1
0
0
0
0
1
2
-1
0
0
1
0
-1
0
0
0
0
1
0
0
0
0
0
1
0
0
0
0
0
0
1
2
0
0
0
0
0
0
1
-1
0
0
1
1
0
0
0
1
-1
-1
0
0
0
1
1
-1
-1
0
1
0
1
1
1
1
1
1
0
0
0
0
-1
-1
-1
-1
-1
1
2
0
-1
-1
-1
0
-1
0
1
0
0
0
0
0
0
0
0
1
0
0
0
0
0
0
1
0
0
0
0
0
0
0
-1
1
0
-1
-1
1
0
-1
1
1
-1
0
1
0
1
0
0
1
0
1
0
1
-1
0
0
0
0
0
1
0
0
0
-1
0
-1
-1
0
0
0
0
1
1
0
0
1
0
-1
0
-1
0
0
0
-1
0
-1
0
0
0
0
0
0
0
0
-1
1
0
0
1
-1
0
1
-1
0
0
0
-1
0
0
1
0
-1
0
0
0
0
0
0
0
0
0
1
0
0
0
-1
-1
-1
-1
-1
0
1
1
1
0
0
0
1
0
0
0
0
0
1
1
0
0
-1
-1
0
-1
-1
0
1
0
0
0
0
-1
1
1
1
1
1
1
0
0
0
-1
1
0
0
-1
-1
-1
1
-1
0
-1
-1
-1
0
1
-1
0
0
0
-1
0
-1
0
1
0
0
0
0
1
0
0
0
-1
0
-1
-1
-1
0
0
1
0
1
1
0
0
0
0
0
0
0
1
1
1
1
1
0
1
1
0
-1
-1
0
0
-1
0
0
0
0
0
0
-1
0
-1
1
1
0
0
1
1
0
0
0
1
1
1
1
1
0
1
-1
-1
0
0
-1
0
0
-1
0
0
0
0
0
0
0
0
0
0
0
1
0
-1
0
-1
-1
-1
0
0
0
0
0
0
0
-1
0
-1
0
0
1
0
-1
0
-1
0
-1
-1
-1
0
0
-1
0
0
0
1
0
0
0
0
0
0
1
1
0
0
0
0
0
-1
0
0
0
0
0
-1
0
0
1
0
1
1
0
0
1
1
0
1
0
0
0
-1
0
0
0
-1
0
-1
0
0
1
0
0
0
0
0
0
-1
1
1
0
-1
0
0
0
0
1
1
0
0
-1
0
0
0
0
0
0
0
-1
0
0
-1
0
0
0
0
0
0
0
0
0
-1
0
1
1
0
0
0
0
-1
0
0
1
0
0
-1
1
0
0
1
0
0
0
0
0
0
0
0
0
0
1
0
1
-1
0
0
1
0
0
1
0
-1
1
1
0
1
0
-1
-1
-1
0
-1
0
0
1
0
0
0
0
0
0
1
0
-1
0
2
0
0
1
-1
-1
-1
0
-1
0
-1
0
-1
0
-1
-1
1
0
-1
-1
0
0
0
0
0
1
1
-1
0
0
0
0
-1
-1
0
0
0
1
0
0
0
1
0
1
0
0
-1
0
0
0
0
0
0
1
0
-1
0
0
0
0
0
0
0
0
0
-1
1
0
-1
0
0
0
1
0
0
1
0
0
0
-1
0
0
0
0
0
1
0
0
0
0
0
0
1
0
-1
0
-2
0
-1
0
0
1
1
0
0
0
0
0
0
0
0
0
0
1
1
0
0
0
-1
0
0
0
0
0
-1
0
0
-1
-1
-1
0
0
0
0
1
0
0
0
0
0
0
1
0
0
2
0
0
0
1
-1
0
0
0
0
0
0
-1
0
-2
-1
0
-1
0
1
0
1
-1
0
0
0
1
1
0
1
0
0
0
0
0
-1
-1
0
0
-1
0
0
-1
-1
1
0
0
0
0
0
-1
0
-1
0
-1
0
-1
1
0
0
1
0
1
0
-1
1
0
0
0
0
1
0
0
0
0
0
0
-1
0
0
0
0
-1
-1
0
0
1
0
0
0
0
1
0
0
0
1
0
-1
0
0
-1
-1
-1
-1
1
0
0
0
0
0
1
2
0
0
0
0
0
0
0
0
1
1
0
0
0
0
0
0
1
0
0
0
-1
0
0
0
0
1
0
1
2
-1
0
0
0
0
0
0
0
0
0
0
-1
0
1
0
0
0
0
0
0
-1
0
1
1
1
0
-1
0
-1
0
0
0
0
1
0
0
0
0
0
0
0
-1
0
0
0
-1
0
0
0
0
0
1
0
0
0
0
0
0
-1
1
1
0
1
0
0
-1
0
0
0
0
0
-1
0
-2
0
0
1
-1
-1
0
0
-1
-1
0
-1
0
0
0
0
0
0
0
1
0
1
0
1
-1
0
-1
0
0
0
0
0
1
0
0
-1
0
0
-1
0
0
0
1
1
0
0
1
0
0
0
0
0
-1
0
0
0
0
1
0
0
0
-2
-1
0
-1
-1
0
0
-1
0
0
1
0
0
0
0
1
0
0
0
1
0
0
0
1
-1
-1
1
0
0
-1
-1
-1
-1
-1
0
0
0
0
0
1
0
0
0
1
-1
0
1
0
0
0
-1
1
-1
0
0
0
0
-1
1
1
0
0
1
0
1
0
1
1
1
0
0
0
0
0
-1
-1
-1
1
0
0
1
1
1
1
1
1
1
-1
0
0
0
0
0
0
0
0
-1
0
0
0
-1
0
1
0
0
0
2
0
1
0
-1
0
0
-1
-1
0
0
0
0
0
-1
0
1
0
0
-1
-1
-1
0
0
0
0
0
1
1
0
0
-1
0
1
0
0
0
0
0
-1
1
-1
0
2
-1
-1
0
-1
-1
0
-1
-1
0
0
1
1
1
1
0
0
0
0
0
0
1
0
1
0
1
0
0
0
0
0
0
1
0
0
0
-1
0
1
1
0
0
0
0
0
0
0
0
0
1
0
0
0
0
0
-1
1
0
1
0
0
1
0
-1
0
0
0
1
0
1
0
0
0
0
2
0
0
0
0
0
0
-1
0
0
0
0
-1
-1
0
0
-1
0
0
0
0
0
1
1
0
0
1
0
0
1
0
-1
0
1
1
0
-1
-1
0
0
0
0
0
-1
0
0
0
-1
0
0
0
0
0
1
0
0
0
0
0
0
0
0
0
1
0
0
0
0
0
1
0
0
0
-1
-1
0
0
1
1
0
0
0
0
0
1
0
0
0
0
1
0
-1
-1
0
-1
0
0
0
0
-1
0
1
0
0
0
0
0
0
0
-1
0
1
0
0
0
-1
1
0
0
1
0
1
0
1
0
0
1
-1
-1
0
-1
0
1
-1
0
-1
0
0
0
0
1
0
0
0
0
0
0
0
0
1
0
1
0
0
-1
0
0
0
0
0
0
-1
-1
-1
0
-1
-1
0
-1
0
0
0
0
0
0
1
0
0
1
0
1
-1
0
0
1
0
0
0
-1
0
1
-1
0
0
1
0
0
1
1
0
0
0
0
0
0
0
1
1
0
0
0
0
0
0
1
-1
0
-1
-1
0
0
-1
-1
0
-1
0
0
-1
-1
1
1
0
0
0
1
0
0
1
1
0
-1
-1
0
0
1
0
0
-1
0
-1
0
0
0
0
0
0
-1
1
0
0
0
0
-1
0
0
1
0
0
-1
0
1
0
-1
0
0
-1
0
1
1
0
-1
-1
0
0
1
1
0
0
0
0
0
1
0
1
0
0
0
0
1
0
0
0
1
0
0
0
0
-1
0
-1
-1
0
0
0
0
1
1
0
0
1
1
0
2
0
-1
-1
-1
0
-1
-1
-1
0
0
0
1
0
-1
-1
0
-2
-2
-1
-3
-1
-2
-1
0
0
1
1
3
3
3
4
3
3
2
1
1
-1
1
-1
0
1
0
0
-1
-2
-2
-1
-1
0
0
-1
-3
-6
-8
-8
-9
-8
-4
-1
2
5
5
6
7
7
8
10
10
9
8
6
3
-1
-3
-2
-3
-3
-3
-3
-3
-5
-6
-8
-9
-8
-6
-5
-5
-2
-2
-3
-2
-1
-2
1
2
3
5
6
6
7
6
4
4
3
2
3
2
1
-1
-2
-3
-4
-3
-3
-1
1
1
2
1
0
2
0
0
0
0
0
-1
-2
-2
-3
-5
-5
-3
-3
-3
-2
-1
0
0
1
1
1
3
3
4
5
4
3
2
2
0
0
1
0
2
0
0
1
0
-2
-1
-3
-2
-2
-2
-1
-1
-1
-1
0
0
-1
0
-1
0
-2
0
-1
-2
0
-2
-2
-3
-2
-1
1
2
2
1
2
0
-1
-3
-2
-3
-1
0
1
1
1
1
1
2
3
3
5
7
8
6
5
5
2
1
2
0
0
-1
-2
-4
-6
-7
-7
-5
-5
-4
-2
-2
-1
-1
-1
-1
0
2
2
4
5
5
5
5
5
4
4
4
3
4
4
3
1
-2
-4
-6
-7
-5
-5
-4
-3
-3
-3
-4
-3
-4
-1
0
3
6
7
6
5
2
1
2
3
4
5
5
3
1
-3
-4
-4
-6
-3
-3
-2
0
-3
-6
-7
-8
-8
-8
-5
-2
0
-1
-2
-1
-1
-2
0
3
6
7
8
8
7
4
1
1
2
3
2
4
2
0
-1
-5
-6
-4
-5
-3
-2
-1
-2
-3
-3
-3
-2
-1
1
2
3
0
-2
-1
-3
-2
1
2
4
4
2
-1
-1
-2
0
2
4
7
6
4
2
0
-2
-2
-1
2
4
5
3
0
-2
-5
-7
-7
-2
2
3
2
2
-1
-4
-7
-6
-4
-1
2
4
4
4
2
-1
-2
0
1
2
4
4
2
0
-3
-4
-4
-3
-2
1
4
2
3
2
-3
-4
-3
-3
-2
1
3
4
5
2
1
1
0
0
3
5
6
5
2
-1
-5
-8
-7
-6
-6
-4
-2
-3
-5
-3
-2
-2
-2
1
4
5
3
3
4
3
2
2
4
5
4
4
3
2
3
2
3
5
8
5
3
-2
-6
-9
-12
-14
-12
-9
-11
-11
-10
-9
-10
-9
-6
1
5
6
9
9
9
9
8
9
12
11
9
7
6
4
1
-2
-1
0
0
-3
-5
-5
-9
-12
-9
-6
-3
-4
-3
-2
0
-3
-3
2
7
8
10
12
13
12
7
6
6
6
4
6
6
7
3
0
-3
-5
-4
-6
-5
-4
-3
-5
-6
-7
-7
-8
-8
-5
-2
0
1
4
3
4
5
4
4
3
3
3
3
2
1
0
-4
-6
-7
-7
-8
-8
-7
-6
-6
-8
-10
-12
-14
-13
-13
-10
-8
-6
-5
-5
-5
-8
-7
-4
-1
0
5
7
6
5
4
3
4
3
3
6
9
10
7
6
5
3
0
-1
0
0
-2
-4
-4
-5
-5
-5
-3
0
2
4
8
13
17
19
23
25
25
27
30
30
31
33
36
40
39
37
34
32
25
16
10
6
1
-6
-15
-22
-26
-33
-43
-48
-48
-49
-50
-46
-35
-25
-23
-19
-10
-1
4
9
21
34
37
34
33
31
22
9
4
1
-5
-14
-24
-43
-65
-88
-105
-111
-107
-96
-81
-65
-54
-52
-54
-56
-58
-49
-31
-8
20
43
58
60
53
48
46
48
57
69
75
73
65
50
30
6
-13
-20
-19
-20
-16
-10
-15
-14
-9
-3
1
15
33
45
52
56
64
74
78
87
109
133
140
138
137
126
107
89
79
82
84
79
67
53
39
10
-29
-49
-38
-24
-20
-24
-22
-13
-37
-77
-65
-7
45
81
99
88
45
-23
-82
-99
-98
-104
-102
-108
-172
-261
-326
-386
-427
-427
-405
-368
-320
-294
-275
-252
-229
-176
-76
25
100
160
202
203
162
110
80
70
61
29
-32
-107
-184
-245
-273
-264
-219
-150
-52
49
99
107
126
164
207
254
312
379
430
450
440
416
388
357
329
315
309
293
262
239
219
187
149
109
66
27
-10
-45
-63
-64
-60
-53
-48
-47
-58
-68
-66
-59
-48
-30
-10
6
38
78
103
117
127
135
141
137
131
127
124
121
118
112
100
88
72
42
-6
-53
-85
-101
-120
-142
-164
-185
-212
-228
-231
-235
-239
-240
-246
-261
-292
-322
-346
-360
-373
-389
-389
-376
-373
-376
-364
-352
-325
-277
-215
-155
-99
-57
-32
-14
-1
1
-9
-6
3
9
11
-1
-29
-64
-100
-131
-145
-151
-162
-166
-155
-147
-140
-119
-77
-11
60
122
168
216
253
277
297
312
324
347
362
368
357
319
263
209
159
113
86
78
81
89
85
75
73
72
72
84
116
143
160
166
166
155
129
89
52
23
1
-2
1
-6
-27
-53
-73
-78
-81
-88
-79
-56
-40
-26
-8
3
26
71
126
186
257
328
400
467
516
549
594
643
676
705
727
733
715
680
639
590
529
453
376
295
205
117
32
-49
-129
-210
-278
-339
-397
-450
-493
-524
-546
-551
-547
-555
-571
-581
-582
-571
-568
-577
-591
-600
-618
-655
-691
-710
-731
-755
-764
-750
-725
-691
-663
-638
-610
-580
-553
-515
-468
-421
-371
-324
-280
-248
-208
-157
-98
-40
7
45
67
90
112
128
143
162
182
190
178
152
127
102
85
85
115
171
226
279
327
357
369
382
410
455
501
536
547
531
504
468
413
365
326
281
228
180
134
112
120
140
176
228
281
328
370
398
419
448
486
518
546
565
572
567
540
509
495
500
517
543
555
548
530
494
443
389
333
281
244
203
156
108
55
-2
-35
-39
-39
-38
-35
-43
-66
-96
-125
-148
-165
-185
-210
-243
-282
-330
-391
-468
-557
-638
-706
-752
-782
-804
-823
-853
-895
-935
-956
-960
-945
-912
-872
-833
-783
-731
-682
-636
-590
-542
-486
-424
-372
-323
-281
-257
-246
-245
-247
-251
-246
-235
-220
-189
-152
-118
-85
-43
9
66
139
222
307
385
444
482
503
513
512
505
498
496
485
461
425
386
354
329
309
296
305
328
345
348
339
322
303
287
271
255
253
254
245
230
212
195
184
182
189
199
211
218
219
213
207
204
207
217
225
225
219
215
220
230
243
253
262
273
277
275
272
278
297
317
337
350
351
344
319
285
241
193
148
101
50
-8
-69
-128
-180
-229
-266
-285
-303
-318
-328
-343
-361
-369
-368
-358
-342
-323
-311
-302
-299
-299
-284
-266
-252
-246
-242
-246
-264
-290
-317
-336
-354
-364
-366
-373
-387
-402
-419
-434
-440
-443
-439
-429
-411
-378
-339
-296
-251
-202
-150
-105
-62
-29
-16
-27
-48
-67
-81
-87
-89
-92
-94
-98
-108
-123
-125
-106
-72
-37
-10
0
-20
-71
-127
-156
-158
-163
-173
-175
-181
-293
-539
-786
-853
-730
-542
-378
-218
-11
181
265
261
313
514
807
1057
1228
1375
1514
1590
1559
1476
1450
1480
1487
1454
1408
1370
1316
1230
1114
976
810
573
252
-95
-375
-528
-570
-571
-560
-571
-646
-780
-918
-987
-898
-640
-277
133
483
674
717
683
665
724
855
1021
1195
1332
1357
1218
941
608
309
95
-48
-163
-262
-408
-646
-966
-1304
-1568
-1707
-1740
-1716
-1671
-1627
-1590
-1580
-1589
-1575
-1498
-1368
-1208
-1034
-844
-652
-515
-455
-432
-395
-341
-310
-301
-274
-220
-199
-245
-325
-420
-596
-922
-1309
-1556
-1614
-1637
-1726
-1827
-1861
-1872
-1949
-2025
-1916
-1586
-1211
-899
-559
-115
320
608
806
1081
1476
1893
2259
2612
2967
3228
3309
3293
3336
3487
3617
3641
3609
3568
3447
3175
2818
2505
2251
1946
1567
1224
978
708
294
-213
-663
-982
-1227
-1449
-1592
-1638
-1682
-1804
-1968
-2066
-2048
-1962
-1834
-1643
-1394
-1112
-845
-636
-469
-307
-123
112
390
676
941
1151
1292
1368
1400
1414
1402
1346
1264
1160
1005
795
555
313
74
-177
-436
-683
-914
-1154
-1403
-1607
-1723
-1767
-1789
-1810
-1820
-1799
-1735
-1622
-1465
-1271
-1040
-793
-552
-354
-212
-89
36
200
392
571
667
635
468
189
-169
-527
-702
-657
-731
-1311
-2294
-3105
-3389
-3492
-3883
-4412
-4588
-4422
-4408
-4648
-4599
-3964
-3220
-2862
-2566
-1727
-485
424
803
1243
2130
3112
3758
4285
5072
5887
6177
5989
5969
6386
6771
6657
6232
5935
5731
5241
4473
3836
3455
2957
2085
1153
577
206
-430
-1346
-2054
-2341
-2564
-3007
-3435
-3544
-3531
-3757
-4056
-3902
-3252
-2643
-2395
-2220
-1780
-1235
-898
-684
-236
482
1126
1506
1762
2012
2116
1940
1614
1396
1364
1386
1302
1073
713
266
-199
-632
-1002
-1275
-1435
-1544
-1676
-1858
-2045
-2204
-2352
-2481
-2481
-2290
-2007
-1785
-1643
-1483
-1235
-907
-498
9
546
977
1247
1449
1715
2030
2269
2379
2390
2335
2237
2102
1956
1802
1579
1260
881
460
-16
-489
-889
-1260
-1735
-2289
-2647
-2723
-2987
-3947
-5262
-5989
-5793
-5414
-5575
-5929
-5758
-5280
-5308
-5713
-5400
-4039
-2691
-2249
-1987
-767
995
2018
2175
2623
3874
5037
5423
5696
6646
7646
7579
6772
6573
7252
7629
6947
5956
5559
5377
4587
3456
2870
2751
2114
674
-634
-1048
-1149
-1877
-3029
-3679
-3694
-3838
-4395
-4689
-4267
-3736
-3722
-3777
-3091
-1854
-986
-784
-645
-106
597
1199
1838
2570
3018
2898
2513
2338
2437
2556
2564
2446
2152
1697
1282
1038
782
314
-253
-659
-910
-1200
-1604
-2043
-2506
-3011
-3428
-3566
-3467
-3376
-3419
-3458
-3341
-3003
-2507
-1953
-1357
-810
-371
8
471
1042
1576
1901
2031
2125
2268
2389
2389
2254
2042
1823
1625
1441
1231
926
491
-99
-834
-1534
-1885
-1845
-2009
-3091
-4828
-6018
-6005
-5648
-6068
-6945
-7142
-6650
-6573
-7021
-6666
-5009
-3519
-3391
-3518
-2195
102
1471
1625
2190
3858
5301
5546
5630
6722
8017
8047
7190
7135
8143
8653
7786
6622
6309
6302
5514
4233
3577
3517
2865
1268
-121
-432
-430
-1262
-2620
-3315
-3219
-3373
-4116
-4523
-4055
-3528
-3753
-4061
-3401
-2133
-1497
-1648
-1552
-752
5
232
510
1338
2155
2280
2022
2071
2360
2377
2152
2101
2188
2015
1612
1344
1205
818
181
-281
-441
-664
-1175
-1745
-2146
-2453
-2769
-2986
-3027
-3049
-3220
-3426
-3420
-3114
-2652
-2217
-1886
-1583
-1180
-665
-161
251
621
987
1274
1467
1697
2023
2209
2053
1721
1516
1499
1546
1605
1576
1235
574
-23
-311
-559
-978
-1330
-1615
-2524
-4257
-5600
-5414
-4654
-5139
-6646
-7314
-6694
-6397
-7034
-6961
-5228
-3588
-3676
-4127
-2750
-214
1026
786
1302
3357
5004
4970
4783
6075
7736
7772
6688
6690
8052
8692
7600
6365
6497
7023
6303
4800
4172
4462
4004
2318
926
850
979
-119
-1766
-2423
-2178
-2471
-3613
-4314
-3973
-3666
-4256
-4855
-4345
-3255
-2884
-3194
-3027
-2098
-1364
-1339
-1191
-300
652
875
725
1015
1625
1814
1629
1752
2193
2305
1885
1522
1531
1575
1330
974
750
482
-46
-604
-930
-1162
-1500
-1904
-2199
-2449
-2742
-2992
-3028
-2895
-2756
-2648
-2444
-2068
-1611
-1156
-637
-109
297
627
976
1401
1786
2015
2150
2250
2281
2192
2002
1797
1688
1606
1325
796
296
8
-306
-845
-1284
-1333
-1603
-2913
-4714
-5422
-4741
-4367
-5477
-6861
-6938
-6353
-6671
-7376
-6617
-4648
-3789
-4571
-4635
-2549
-174
420
268
1436
3395
4081
3684
4377
6458
7662
6898
6065
6899
8197
7987
6786
6546
7296
7225
5832
4776
5041
5283
4131
2423
1813
2060
1514
-116
-1326
-1343
-1310
-2273
-3428
-3566
-3117
-3383
-4326
-4599
-3758
-2961
-3056
-3289
-2720
-1838
-1684
-2009
-1666
-625
-39
-258
-343
213
694
581
487
999
1580
1562
1295
1404
1719
1733
1543
1533
1585
1303
773
414
244
-65
-547
-987
-1317
-1662
-1989
-2135
-2149
-2236
-2412
-2485
-2354
-2088
-1747
-1316
-839
-478
-316
-191
127
626
1038
1232
1370
1545
1575
1309
962
921
1153
1180
667
-113
-596
-698
-805
-1069
-1170
-1180
-1918
-3632
-5005
-4703
-3562
-3692
-5325
-6450
-6061
-5653
-6276
-6460
-4979
-3473
-3952
-5151
-4242
-1467
193
-156
-167
1486
3023
2934
2731
4271
6321
6470
5208
5146
6747
7748
6987
6119
6639
7385
6676
5292
5096
5823
5545
3918
2735
2964
3199
2071
486
29
382
-6
-1307
-2149
-1944
-1772
-2496
-3343
-3205
-2501
-2504
-3264
-3564
-2899
-2243
-2414
-2812
-2574
-2061
-2055
-2231
-1812
-1062
-874
-1152
-957
-173
381
378
466
940
1282
1237
1243
1597
1878
1623
1131
975
1099
1044
739
425
189
-80
-391
-531
-477
-563
-936
-1276
-1299
-1142
-1087
-1134
-1113
-1050
-1088
-1112
-869
-407
-87
-21
33
194
286
156
-79
-128
114
341
145
-382
-702
-585
-487
-764
-951
-750
-1102
-2766
-4420
-4163
-2705
-2686
-4617
-6058
-5636
-5140
-5983
-6451
-4916
-3226
-3827
-5378
-4652
-1783
-44
-522
-701
911
2388
2111
1820
3532
5829
6009
4515
4261
5919
7062
6376
5657
6487
7445
6646
5121
5205
6562
6681
5068
3913
4306
4592
3384
1864
1669
2112
1442
-208
-1146
-891
-786
-1727
-2766
-2746
-2244
-2608
-3644
-3937
-3228
-2822
-3387
-3905
-3551
-3100
-3374
-3655
-3078
-2271
-2234
-2568
-2197
-1238
-694
-647
-291
442
841
819
1065
1746
2179
1980
1671
1728
1828
1627
1362
1323
1275
907
413
203
244
78
-404
-769
-764
-677
-810
-983
-942
-870
-1103
-1450
-1402
-1070
-913
-999
-997
-794
-597
-521
-383
-101
128
159
30
-160
-273
-198
-134
-342
-626
-635
-725
-1731
-3382
-4073
-3256
-2680
-3855
-5532
-5721
-4954
-5143
-5974
-5446
-3760
-3382
-4717
-5051
-2967
-702
-501
-1122
-304
1356
1753
1179
1898
4113
5379
4519
3585
4548
6224
6450
5671
5894
7013
7010
5628
5001
6040
6829
5813
4284
4068
4579
4132
2905
2464
2936
2774
1393
134
73
385
-185
-1290
-1708
-1461
-1756
-2872
-3590
-3205
-2721
-3212
-4104
-4267
-3872
-3859
-4139
-3866
-3161
-2992
-3380
-3248
-2283
-1395
-1103
-821
-142
439
646
1046
1930
2629
2584
2246
2256
2479
2471
2287
2196
2066
1654
1150
934
913
670
143
-319
-545
-737
-999
-1148
-1130
-1252
-1670
-2007
-1841
-1407
-1294
-1528
-1586
-1290
-1084
-1150
-1078
-693
-432
-542
-665
-613
-705
-942
-868
-530
-487
-765
-1023
-1645
-3017
-4021
-3380
-2239
-2868
-4860
-5655
-4803
-4515
-5371
-5292
-3769
-3204
-4639
-5490
-3671
-1140
-707
-1626
-1256
418
1203
817
1386
3557
5096
4435
3352
4194
6200
6850
5978
5746
6793
7241
6194
5492
6478
7473
6567
4865
4506
5153
4902
3620
2906
3160
2957
1607
311
170
475
-53
-1286
-1969
-1810
-1938
-2950
-3796
-3524
-2936
-3317
-4266
-4442
-3858
-3742
-4216
-4119
-3303
-3017
-3572
-3628
-2506
-1403
-1307
-1389
-695
118
264
427
1371
2357
2378
1907
1956
2417
2537
2439
2570
2688
2323
1658
1312
1333
1282
900
344
-142
-497
-785
-1054
-1282
-1479
-1764
-2196
-2495
-2356
-1968
-1768
-1771
-1674
-1389
-1175
-1075
-844
-362
24
-25
-404
-730
-732
-426
-134
-98
-154
-290
-1115
-2727
-3728
-2953
-1685
-2168
-4192
-5314
-4800
-4567
-5423
-5571
-4230
-3545
-4929
-6142
-4688
-1964
-1042
-1822
-1717
-241
651
472
1063
3172
4776
4224
3087
3830
5929
6799
6061
5843
6950
7494
6358
5353
6217
7488
6901
5149
4539
5088
4885
3649
2942
3316
3282
1906
406
160
591
209
-960
-1643
-1523
-1719
-2773
-3545
-3117
-2563
-3164
-4260
-4424
-3892
-3976
-4558
-4297
-3254
-2975
-3666
-3672
-2365
-1179
-1075
-1041
-203
622
676
748
1725
2814
2868
2294
2152
2452
2507
2290
2297
2347
1903
1144
801
944
954
489
-92
-431
-648
-990
-1325
-1390
-1322
-1525
-2046
-2446
-2350
-2016
-1896
-1943
-1839
-1631
-1574
-1594
-1366
-871
-422
-269
-394
-598
-627
-378
-85
79
197
12
-1144
-2918
-3642
-2606
-1665
-2738
-4813
-5566
-5063
-5226
-6006
-5480
-3845
-3712
-5479
-6104
-3943
-1437
-1088
-1647
-894
523
852
679
1900
4246
5353
4440
3641
4720
6444
6796
6136
6253
7133
7051
5818
5443
6649
7393
6248
4735
4646
5147
4524
3261
2993
3465
2962
1361
333
566
752
-127
-1253
-1486
-1303
-1883
-3049
-3473
-2909
-2658
-3447
-4269
-4174
-3826
-4102
-4414
-3828
-3027
-3248
-3958
-3551
-2124
-1185
-1167
-938
-70
465
392
772
1994
2852
2566
2046
2192
2627
2647
2415
2402
2377
1810
1000
683
841
781
221
-484
-886
-1078
-1332
-1599
-1599
-1544
-1817
-2291
-2468
-2174
-1887
-1832
-1741
-1484
-1394
-1437
-1146
-555
-309
-432
-393
-189
-375
-756
-608
-103
-31
-324
-561
-1345
-3033
-4040
-3162
-2169
-3266
-5339
-5820
-5108
-5340
-6085
-5305
-3667
-3811
-5471
-5534
-3191
-1134
-1024
-1252
-267
913
964
861
2217
4343
5049
4032
3509
4811
6396
6477
5860
6342
7343
6974
5665
5659
7074
7512
6113
4852
5048
5295
4315
3168
3238
3632
2786
1121
289
475
388
-540
-1421
-1626
-1722
-2439
-3393
-3608
-3023
-2727
-3361
-4164
-4194
-3795
-3801
-3916
-3417
-2786
-3029
-3640
-3185
-1806
-1018
-1111
-899
-87
335
271
784
1930
2455
2001
1686
2068
2446
2376
2314
2460
2311
1691
1131
1016
1065
857
350
-222
-673
-1015
-1320
-1524
-1569
-1671
-2067
-2514
-2481
-2018
-1639
-1562
-1513
-1349
-1383
-1461
-1098
-425
-129
-269
-316
-284
-558
-803
-446
94
65
-330
-760
-1753
-3301
-3827
-2662
-1905
-3410
-5517
-5735
-4867
-5166
-5915
-5050
-3558
-4128
-6049
-5900
-3183
-1105
-1298
-1709
-594
805
1046
1180
2736
4781
5199
4076
3695
5090
6577
6561
5970
6326
7033
6542
5478
5762
7111
7228
5637
4467
4771
5011
4054
3031
3068
3226
2292
894
335
477
258
-596
-1355
-1545
-1622
-2175
-2961
-3162
-2690
-2490
-3121
-3824
-3748
-3366
-3468
-3639
-3133
-2562
-2859
-3329
-2661
-1360
-875
-1086
-731
128
463
401
980
2035
2422
2009
1868
2310
2552
2303
2104
2108
1875
1280
802
717
649
265
-314
-785
-1051
-1257
-1506
-1670
-1671
-1731
-2058
-2420
-2408
-2016
-1725
-1627
-1456
-1215
-1232
-1342
-1006
-350
-54
-179
-271
-339
-610
-720
-355
-68
-308
-604
-858
-1886
-3505
-3920
-2720
-2125
-3654
-5543
-5676
-4968
-5253
-5767
-4848
-3564
-4109
-5650
-5253
-2661
-725
-819
-1118
-87
1125
1222
1338
2945
4954
5208
4018
3762
5238
6644
6566
6063
6486
7059
6439
5435
5842
7181
7250
5691
4509
4670
4807
3934
3051
3024
2932
1857
542
101
267
23
-834
-1593
-1858
-1982
-2447
-3067
-3276
-2984
-2895
-3409
-3981
-4009
-3783
-3824
-3877
-3508
-3082
-3149
-3311
-2755
-1673
-986
-812
-491
95
497
743
1337
2128
2433
2201
2071
2250
2338
2215
2144
2114
1786
1217
904
964
961
605
130
-236
-499
-773
-1019
-1121
-1162
-1381
-1756
-1936
-1814
-1690
-1758
-1749
-1475
-1177
-1092
-1081
-930
-685
-505
-341
-164
-223
-630
-1002
-904
-548
-405
-375
-291
-803
-2385
-3840
-3588
-2386
-2523
-4302
-5613
-5522
-5416
-5960
-5770
-4349
-3623
-4801
-5889
-4640
-2082
-835
-1116
-993
149
915
864
1514
3550
5185
4807
3690
4143
5917
6814
6332
6147
6863
6999
5979
5503
6573
7522
6660
5013
4548
5039
4818
3686
2987
3084
2770
1468
303
180
348
-289
-1390
-1860
-1753
-2096
-2989
-3411
-3059
-2926
-3499
-3900
-3546
-3246
-3676
-4027
-3426
-2626
-2686
-3117
-2807
-1946
-1475
-1346
-820
-66
174
55
457
1442
2063
1989
1862
2116
2356
2301
2226
2313
2260
1737
1043
713
763
734
375
-79
-416
-758
-1168
-1368
-1265
-1261
-1641
-2012
-1954
-1654
-1540
-1560
-1456
-1287
-1195
-1018
-576
-198
-281
-551
-435
18
96
-384
-713
-530
-406
-622
-545
-89
-532
-2416
-4046
-3699
-2451
-2604
-4197
-5156
-4966
-5115
-5926
-5697
-4048
-3254
-4552
-5742
-4542
-2122
-1009
-1197
-795
406
853
515
1241
3483
5098
4594
3557
4181
5821
6365
5818
5980
6930
6962
5846
5440
6485
7164
6204
4904
4715
4899
4169
3029
2709
2927
2398
1079
257
332
207
-704
-1550
-1597
-1503
-2102
-2895
-2941
-2544
-2723
-3351
-3411
-2873
-2808
-3455
-3694
-2962
-2362
-2754
-3153
-2519
-1603
-1418
-1436
-682
322
495
197
666
1805
2300
2028
1946
2303
2383
2016
1804
1997
1988
1356
632
434
590
511
47
-380
-560
-768
-1094
-1160
-938
-917
-1273
-1593
-1510
-1277
-1286
-1411
-1354
-1218
-1169
-1046
-719
-453
-514
-709
-639
-267
-11
-137
-457
-745
-840
-739
-564
-388
-405
-1166
-2756
-4031
-3792
-2727
-2707
-4145
-5384
-5481
-5461
-5887
-5548
-4122
-3445
-4571
-5565
-4367
-1978
-802
-866
-465
629
1064
893
1795
3963
5417
4907
3955
4449
5850
6414
6166
6432
7048
6756
5630
5313
6328
7103
6342
4978
4446
4469
3965
3116
2797
2813
2189
955
174
162
61
-621
-1350
-1656
-1861
-2314
-2789
-2901
-2761
-2784
-3073
-3307
-3200
-2917
-2872
-3093
-3059
-2576
-2247
-2357
-2311
-1754
-1213
-1093
-918
-302
301
481
658
1220
1748
1826
1742
1902
2075
1922
1644
1531
1429
1101
732
624
622
409
36
-234
-399
-615
-848
-979
-1074
-1278
-1510
-1629
-1622
-1588
-1516
-1433
-1322
-1191
-1062
-919
-770
-548
-326
-194
-118
49
178
-16
-430
-648
-546
-477
-670
-890
-913
-1193
-2241
-3498
-3745
-3029
-2838
-3897
-5061
-5097
-4733
-5165
-5592
-4689
-3416
-3744
-5080
-4848
-2622
-873
-980
-1216
-126
997
1001
1184
2856
4712
4842
3859
3990
5522
6571
6319
6104
6707
7010
6194
5432
6009
6970
6522
4974
4158
4356
4179
3230
2615
2756
2525
1270
117
100
359
-291
-1393
-1800
-1684
-2014
-2709
-2849
-2420
-2456
-3119
-3321
-2660
-2168
-2505
-2908
-2564
-1945
-1951
-2273
-1946
-1114
-855
-1191
-1065
-152
593
479
195
599
1259
1381
1229
1470
1863
1763
1276
1080
1283
1336
1010
702
558
277
-151
-445
-472
-461
-698
-1083
-1288
-1290
-1304
-1393
-1453
-1448
-1414
-1448
-1545
-1533
-1366
-1136
-924
-787
-733
-659
-549
-421
-222
-90
-271
-636
-804
-707
-659
-801
-857
-802
-1316
-2647
-3673
-3310
-2455
-2733
-4025
-4774
-4566
-4594
-5113
-4883
-3684
-3175
-4145
-4862
-3702
-1707
-855
-1010
-570
522
1007
956
1814
3711
4843
4337
3723
4514
5921
6377
6073
6226
6691
6358
5451
5375
6273
6597
5549
4367
4170
4293
3745
2977
2825
2817
1991
731
234
487
328
-629
-1479
-1677
-1768
-2225
-2659
-2598
-2406
-2687
-3157
-3091
-2575
-2339
-2612
-2855
-2626
-2260
-2154
-2094
-1740
-1332
-1273
-1264
-757
110
627
633
692
1105
1539
1743
1884
2080
2030
1567
1119
1069
1264
1182
724
257
-24
-200
-380
-417
-391
-538
-918
-1256
-1316
-1182
-1173
-1315
-1398
-1404
-1454
-1519
-1467
-1242
-1059
-1073
-1071
-878
-646
-513
-434
-370
-328
-313
-372
-521
-642
-654
-665
-824
-936
-803
-999
-2101
-3293
-3230
-2379
-2524
-3905
-4756
-4380
-4274
-5108
-5232
-3869
-2942
-3857
-4827
-3741
-1621
-846
-1246
-785
673
1334
1007
1577
3555
4903
4353
3548
4383
5956
6275
5585
5628
6351
6194
5201
5125
6250
6644
5340
4024
4169
4660
4028
2964
2769
2863
2012
715
374
794
502
-677
-1488
-1453
-1421
-1866
-2231
-2176
-2210
-2658
-3019
-2760
-2241
-2150
-2537
-2868
-2755
-2339
-2067
-2042
-1935
-1651
-1509
-1488
-1094
-271
288
240
219
778
1448
1623
1629
1877
2011
1641
1262
1368
1608
1391
823
460
362
162
-158
-328
-374
-612
-1068
-1378
-1286
-1091
-1241
-1650
-1844
-1725
-1599
-1656
-1695
-1465
-1230
-1317
-1407
-1000
-418
-356
-749
-873
-552
-287
-293
-259
-169
-453
-918
-972
-607
-251
-178
-702
-1912
-3069
-3149
-2447
-2358
-3271
-4054
-4205
-4629
-5378
-5057
-3511
-2714
-3671
-4595
-3656
-1845
-1131
-1181
-408
887
1123
633
1325
3329
4559
4101
3606
4469
5694
5853
5511
5964
6764
6523
5521
5396
6306
6558
5434
4366
4447
4655
3888
2967
2954
3064
2175
981
735
1008
521
-649
-1352
-1383
-1582
-2167
-2479
-2373
-2457
-2944
-3260
-2998
-2505
-2405
-2731
-2931
-2720
-2446
-2410
-2332
-1924
-1561
-1670
-1859
-1370
-385
153
79
193
781
1242
1313
1474
1927
2076
1615
1178
1297
1486
1153
574
261
139
-97
-335
-359
-352
-681
-1196
-1401
-1208
-1049
-1207
-1529
-1706
-1727
-1713
-1640
-1407
-1204
-1263
-1451
-1377
-994
-633
-509
-492
-500
-628
-730
-435
74
121
-401
-773
-570
-292
-356
-389
-229
-668
-1964
-2850
-2422
-1853
-2544
-3813
-4170
-3957
-4409
-5051
-4465
-3248
-3274
-4347
-4313
-2693
-1370
-1348
-1277
-153
914
900
903
2176
3785
4123
3622
3921
5139
5832
5573
5537
6245
6607
6019
5525
5965
6460
5929
4973
4815
5151
4799
3836
3286
3202
2724
1789
1220
1111
666
-280
-995
-1185
-1383
-1908
-2388
-2502
-2495
-2656
-2843
-2808
-2628
-2591
-2796
-2958
-2789
-2466
-2365
-2441
-2332
-1976
-1685
-1515
-1140
-520
-92
-10
138
620
1140
1379
1464
1637
1754
1612
1376
1281
1243
1017
584
184
-27
-187
-449
-760
-982
-1152
-1397
-1678
-1838
-1816
-1863
-2092
-2277
-2206
-2050
-2029
-2022
-1839
-1656
-1637
-1557
-1243
-921
-817
-781
-601
-408
-382
-358
-156
22
-20
-57
150
345
222
11
19
-98
-764
-1543
-1724
-1601
-2077
-3037
-3477
-3336
-3569
-4287
-4451
-3744
-3280
-3665
-3803
-2827
-1681
-1422
-1401
-569
615
1058
1061
1787
3097
3739
3588
3821
4845
5673
5641
5472
5909
6417
6253
5878
6067
6456
6186
5396
4982
5062
4862
4151
3572
3350
2933
2122
1434
1136
735
-125
-1017
-1462
-1682
-2066
-2498
-2735
-2877
-3109
-3306
-3200
-2883
-2712
-2799
-2894
-2774
-2486
-2216
-2054
-1923
-1777
-1653
-1502
-1187
-699
-260
-68
-13
193
601
967
1127
1173
1199
1120
905
754
787
801
521
19
-382
-569
-717
-920
-1073
-1174
-1381
-1693
-1871
-1782
-1667
-1750
-1878
-1841
-1712
-1619
-1500
-1279
-1068
-973
-890
-699
-498
-369
-238
-127
-193
-387
-474
-397
-360
-459
-557
-589
-640
-715
-696
-518
-354
-361
-543
-796
-1022
-1183
-1342
-1537
-1737
-1957
-2296
-2680
-2871
-2769
-2588
-2537
-2510
-2312
-2032
-1777
-1425
-877
-296
110
417
852
1427
1986
2495
3032
3563
3973
4260
4570
4951
5278
5429
5474
5518
5541
5468
5295
5087
4868
4594
4234
3818
3409
2985
2486
1947
1508
1196
825
296
-212
-523
-733
-985
-1206
-1316
-1423
-1619
-1758
-1711
-1616
-1655
-1757
-1774
-1753
-1798
-1827
-1730
-1568
-1488
-1462
-1418
-1348
-1295
-1243
-1108
-931
-846
-883
-924
-883
-811
-781
-753
-685
-655
-723
-824
-802
-666
-597
-653
-682
-618
-591
-674
-703
-598
-512
-576
-718
-783
-783
-813
-866
-886
-879
-879
-935
-1012
-995
-859
-733
-711
-738
-720
-675
-675
-701
-690
-621
-557
-514
-452
-373
-254
-89
89
285
528
753
785
536
186
-47
-246
-606
-1091
-1558
-2036
-2587
-3014
-3111
-3003
-2962
-3023
-2937
-2585
-2079
-1494
-850
-220
323
771
1240
1844
2515
3080
3437
3650
3893
4214
4533
4754
4884
4961
4920
4739
4557
4480
4416
4140
3645
3203
2909
2575
2133
1780
1622
1441
1069
729
668
724
593
342
271
346
291
69
-61
-26
-53
-303
-583
-689
-751
-926
-1145
-1239
-1255
-1424
-1726
-1915
-1937
-1984
-2143
-2270
-2287
-2291
-2349
-2345
-2194
-2035
-1964
-1916
-1791
-1579
-1411
-1294
-1165
-1003
-876
-805
-721
-608
-515
-515
-538
-505
-443
-446
-505
-514
-500
-558
-687
-772
-746
-699
-724
-739
-669
-574
-576
-633
-587
-469
-429
-527
-648
-690
-720
-782
-820
-763
-658
-630
-655
-602
-391
-110
126
327
521
627
541
341
201
113
-79
-437
-836
-1181
-1485
-1730
-1827
-1799
-1759
-1732
-1581
-1247
-816
-380
51
476
886
1307
1763
2188
2500
2712
2920
3162
3393
3567
3688
3749
3729
3669
3672
3760
3800
3650
3371
3135
2986
2820
2599
2387
2157
1805
1404
1187
1198
1172
933
646
514
473
392
324
351
350
165
-104
-246
-260
-357
-626
-919
-1129
-1319
-1546
-1752
-1885
-2015
-2207
-2387
-2447
-2416
-2402
-2435
-2428
-2340
-2209
-2054
-1885
-1755
-1710
-1693
-1604
-1425
-1239
-1120
-1080
-1086
-1088
-1010
-838
-651
-566
-608
-694
-726
-652
-508
-397
-397
-497
-612
-646
-554
-380
-231
-203
-249
-239
-109
76
218
264
203
55
-115
-209
-210
-225
-364
-602
-833
-933
-907
-821
-687
-567
-487
-394
-195
86
314
398
366
261
76
-159
-344
-472
-675
-1003
-1297
-1411
-1409
-1389
-1297
-1066
-803
-596
-330
94
547
860
1090
1378
1683
1879
1986
2134
2345
2502
2568
2660
2857
3050
3102
3087
3173
3338
3401
3315
3228
3192
3073
2815
2568
2433
2300
2057
1795
1654
1580
1450
1264
1122
1036
911
712
525
392
224
-36
-301
-470
-597
-802
-1055
-1240
-1355
-1474
-1595
-1645
-1674
-1761
-1872
-1953
-1993
-2036
-2089
-2140
-2193
-2254
-2276
-2258
-2252
-2275
-2281
-2233
-2158
-2073
-1962
-1833
-1749
-1711
-1647
-1519
-1380
-1283
-1210
-1155
-1105
-1057
-960
-808
-652
-526
-439
-334
-192
-11
176
308
367
347
274
183
114
68
-4
-142
-306
-437
-504
-507
-431
-282
-150
-73
-20
94
262
402
474
423
223
-106
-439
-670
-829
-987
-1167
-1333
-1429
-1382
-1129
-702
-254
129
449
759
1091
1433
1771
1990
2014
1891
1744
1653
1616
1626
1647
1637
1587
1585
1695
1903
2138
2364
2540
2651
2720
2777
2822
2815
2753
2619
2425
2204
2012
1872
1752
1636
1518
1410
1279
1105
915
754
610
432
233
37
-157
-385
-633
-839
-975
-1083
-1199
-1304
-1372
-1416
-1440
-1439
-1422
-1407
-1430
-1490
-1558
-1603
-1609
-1615
-1646
-1682
-1682
-1683
-1721
-1734
-1682
-1620
-1597
-1572
-1497
-1399
-1344
-1335
-1313
-1257
-1218
-1194
-1141
-1034
-948
-908
-830
-698
-535
-410
-320
-219
-93
16
86
134
165
154
57
-87
-188
-272
-390
-539
-671
-784
-893
-940
-915
-836
-746
-656
-519
-334
-106
121
292
378
386
363
315
246
129
-52
-259
-462
-603
-667
-677
-663
-637
-555
-411
-206
39
297
524
666
774
908
1068
1201
1269
1296
1296
1293
1310
1380
1514
1646
1738
1813
1926
2093
2256
2392
2499
2565
2572
2537
2506
2491
2452
2367
2240
2107
1996
1914
1847
1772
1681
1576
1473
1354
1218
1071
885
652
400
197
38
-141
-346
-542
-703
-852
-984
-1056
-1094
-1151
-1250
-1337
-1375
-1411
-1489
-1606
-1722
-1828
-1961
-2065
-2106
-2117
-2140
-2212
-2269
-2238
-2155
-2080
-2048
-2002
-1928
-1886
-1865
-1813
-1720
-1663
-1706
-1772
-1753
-1645
-1535
-1450
-1330
-1177
-1054
-963
-819
-581
-364
-258
-189
-84
38
115
131
173
213
174
92
54
119
193
226
253
312
395
440
473
548
631
658
624
581
574
547
470
385
346
322
253
174
141
150
159
154
210
319
394
413
462
588
700
743
755
788
841
880
913
983
1088
1179
1249
1351
1506
1666
1762
1802
1842
1900
1945
1949
1947
1951
1924
1845
1762
1726
1692
1632
1581
1547
1491
1394
1268
1133
989
836
665
488
311
128
-44
-196
-332
-456
-561
-643
-707
-769
-829
-882
-940
-1004
-1058
-1108
-1178
-1263
-1359
-1451
-1534
-1600
-1648
-1663
-1672
-1693
-1692
-1669
-1644
-1631
-1609
-1584
-1585
-1607
-1629
-1642
-1639
-1627
-1608
-1588
-1564
-1527
-1468
-1383
-1279
-1161
-1032
-890
-755
-630
-506
-393
-292
-202
-135
-91
-68
-63
-85
-109
-97
-67
-35
-24
-1
64
163
277
398
516
610
644
642
673
749
806
794
737
682
625
563
507
489
506
492
440
404
422
460
470
472
501
529
537
519
533
569
571
548
522
527
543
547
561
602
670
740
810
881
944
1013
1062
1103
1154
1178
1160
1122
1080
1048
1003
964
941
910
856
798
800
850
871
836
788
763
726
665
640
638
582
462
336
267
216
152
105
74
54
0
-70
-103
-122
-169
-263
-356
-429
-533
-656
-783
-884
-967
-1063
-1135
-1165
-1170
-1196
-1252
-1289
-1295
-1307
-1340
-1381
-1439
-1534
-1637
-1721
-1784
-1832
-1867
-1888
-1884
-1838
-1749
-1621
-1473
-1325
-1186
-1050
-921
-808
-724
-663
-613
-588
-552
-508
-433
-339
-253
-174
-76
55
183
285
371
462
529
560
580
617
644
645
627
621
648
680
716
755
801
833
865
901
942
984
983
949
909
883
854
817
786
745
704
656
633
646
650
632
606
574
538
502
474
446
395
348
307
282
283
290
308
323
339
367
401
443
475
490
505
499
474
450
422
378
323
280
253
234
215
184
161
137
113
88
86
80
44
1
-22
-18
-5
-4
5
2
-7
-17
-15
0
-9
-52
-112
-164
-209
-265
-318
-360
-406
-447
-485
-508
-512
-515
-543
-586
-617
-616
-609
-619
-656
-705
-752
-798
-824
-817
-774
-732
-720
-704
-660
-583
-495
-414
-350
-315
-315
-345
-373
-390
-392
-406
-427
-440
-452
-464
-448
-400
-340
-265
-190
-127
-74
-44
-24
-13
-15
-31
-49
-65
-82
-87
-83
-61
-36
-25
9
61
127
190
237
277
291
301
316
335
357
371
378
380
384
404
447
515
566
588
612
624
631
631
638
635
598
552
517
500
489
483
482
480
468
454
451
444
434
412
390
356
306
270
241
204
169
150
130
105
78
72
68
56
52
56
61
50
36
11
-24
-64
-109
-152
-202
-253
-285
-298
-303
-304
-321
-336
-332
-307
-273
-245
-218
-202
-200
-214
-202
-179
-171
-188
-222
-236
-252
-258
-244
-217
-187
-168
-156
-122
-75
-36
-11
8
26
35
34
37
41
36
25
1
-18
-10
-8
-23
-42
-53
-49
-62
-68
-60
-58
-84
-127
-169
-209
-249
-296
-331
-350
-369
-390
-398
-392
-390
-386
-366
-334
-295
-264
-242
-231
-216
-196
-175
-137
-93
-52
-34
-18
18
64
109
157
207
247
265
266
275
291
294
275
244
212
179
160
155
168
183
190
199
211
229
246
269
292
303
290
272
254
246
242
231
215
190
162
135
125
139
167
186
186
168
144
123
113
111
102
88
60
30
6
-9
-16
-18
-21
-30
-53
-72
-81
-95
-110
-129
-149
-169
-193
-206
-208
-216
-238
-244
-236
-225
-218
-206
-187
-175
-170
-155
-134
-127
-119
-116
-116
-112
-99
-82
-64
-46
-18
12
37
59
77
90
98
104
109
117
121
113
114
111
104
105
112
120
118
110
104
91
81
74
68
50
41
29
22
27
31
34
34
20
8
10
16
27
23
16
6
-4
-3
-3
5
12
14
12
3
8
19
22
17
13
6
-14
-41
-54
-54
-59
-74
-84
-84
-82
-83
-85
-59
-33
-31
-34
-30
-24
-40
-62
-65
-52
-43
-47
-41
-20
-5
-3
-1
15
30
35
43
54
70
74
67
59
55
45
24
15
15
19
2
-19
-29
-39
-51
-67
-87
-110
-143
-177
-200
-203
-193
-192
-197
-205
-214
-221
-211
-187
-163
-165
-178
-183
-173
-152
-122
-87
-63
-50
-50
-27
17
64
109
144
161
172
190
208
234
247
234
210
181
162
151
144
140
144
142
137
142
153
170
173
151
117
83
52
21
0
-25
-47
-70
-79
-66
-45
-8
29
69
102
129
148
160
171
175
175
162
147
142
145
141
144
150
165
179
179
181
173
150
117
76
45
11
-27
-67
-108
-139
-161
-174
-173
-155
-140
-131
-130
-129
-142
-162
-179
-200
-218
-231
-235
-235
-220
-196
-176
-155
-123
-85
-47
-19
4
17
22
11
-2
-8
-12
-22
-35
-47
-59
-74
-78
-65
-48
-40
-44
-51
-55
-58
-65
-61
-57
-72
-107
-132
-130
-124
-113
-93
-76
-66
-56
-42
-6
37
67
79
79
74
74
87
103
120
123
114
107
111
124
136
133
126
118
103
88
88
82
62
28
-10
-38
-54
-71
-82
-94
-101
-107
-111
-98
-82
-67
-62
-62
-61
-63
-59
-57
-49
-41
-33
-17
9
41
71
92
121
146
161
179
197
208
215
208
203
201
194
186
179
176
168
154
140
126
109
85
74
66
58
43
19
-2
-16
-28
-43
-50
-64
-82
-106
-114
-109
-103
-95
-89
-83
-80
-77
-71
-57
-36
-22
-18
-14
-6
5
11
11
20
30
28
21
9
-3
-27
-55
-83
-90
-100
-125
-153
-174
-183
-197
-204
-202
-200
-206
-213
-213
-207
-196
-190
-182
-165
-144
-124
-92
-48
-6
34
66
86
106
128
140
150
156
159
149
145
142
139
132
122
111
95
87
82
81
75
65
53
43
31
19
12
4
-9
-26
-34
-42
-48
-46
-40
-29
-27
-21
-6
6
16
35
55
64
70
79
84
87
95
105
110
109
107
102
88
71
47
35
22
2
-21
-42
-61
-75
-74
-68
-55
-46
-40
-48
-57
-61
-63
-66
-71
-76
-92
-97
-96
-85
-70
-52
-24
4
41
74
101
124
132
138
141
147
155
156
146
130
115
101
91
82
78
61
33
9
-10
-34
-56
-74
-95
-117
-137
-155
-166
-169
-162
-162
-164
-163
-161
-157
-147
-133
-121
-118
-111
-98
-88
-78
-70
-58
-47
-36
-24
-7
12
27
30
37
44
45
52
56
51
47
33
14
1
-3
-9
-13
-10
-7
-5
-6
-4
-4
-2
-2
-2
-4
-7
-8
-17
-19
-13
-2
8
21
32
44
49
57
65
75
88
90
86
92
97
96
99
105
112
118
128
130
127
124
118
110
106
110
106
96
88
76
62
51
53
52
49
46
37
30
24
16
5
-5
-17
-30
-50
-66
-81
-94
-100
-114
-122
-118
-111
-107
-105
-105
-104
-101
-96
-86
-78
-78
-81
-85
-80
-74
-69
-60
-51
-45
-48
-51
-53
-55
-54
-52
-50
-49
-49
-52
-59
-63
-64
-62
-61
-60
-63
-67
-65
-63
-57
-41
-21
-4
16
31
48
66
80
96
108
116
119
122
128
131
134
137
140
139
132
128
127
117
109
101
96
87
76
69
60
43
24
5
-12
-26
-38
-51
-66
-78
-87
-81
-69
-62
-53
-50
-51
-51
-51
-49
-48
-42
-35
-33
-30
-20
-12
-4
0
4
1
-4
-9
-15
-19
-24
-29
-31
-28
-28
-26
-25
-21
-20
-16
-12
-11
-13
-18
-23
-34
-43
-46
-51
-54
-57
-57
-51
-48
-38
-22
-11
-7
1
15
26
34
44
55
61
66
71
76
77
81
78
76
79
81
81
80
74
69
60
45
34
23
12
0
-16
-28
-28
-27
-27
-18
-15
-11
-9
-14
-22
-29
-32
-30
-26
-23
-18
-10
0
7
13
17
20
24
21
17
16
11
4
-3
-7
-10
-8
-10
-15
-15
-18
-23
-32
-35
-38
-45
-42
-38
-35
-36
-35
-33
-33
-30
-27
-26
-22
-18
-13
-12
-10
-13
-15
-15
-6
-3
4
12
13
20
19
22
28
29
30
30
28
25
25
24
24
25
27
26
24
13
4
2
-3
-6
-2
0
3
5
4
3
4
1
3
10
18
23
27
32
31
25
20
21
23
17
13
7
4
-1
-7
-6
-3
-3
-5
-9
-15
-26
-37
-45
-51
-59
-60
-61
-64
-63
-58
-49
-44
-36
-33
-28
-23
-27
-26
-29
-28
-26
-28
-29
-29
-29
-25
-18
-12
0
19
35
47
55
61
65
65
69
70
72
70
71
69
69
71
68
70
74
73
71
65
60
49
39
30
15
8
2
-5
-11
-14
-18
-18
-13
-13
-14
-13
-16
-18
-26
-30
-35
-37
-41
-46
-44
-44
-41
-40
-42
-42
-46
-49
-47
-48
-55
-58
-59
-58
-57
-60
-60
-59
-56
-56
-53
-44
-30
-18
-3
7
13
16
20
17
7
6
5
2
6
11
18
22
23
27
28
30
31
34
38
42
48
51
54
56
51
49
46
42
34
36
37
35
34
34
36
32
26
21
14
11
10
5
-2
-7
-15
-17
-14
-14
-9
-4
0
3
6
10
9
10
7
7
3
-2
-1
0
2
1
-1
3
4
4
5
1
-5
-9
-15
-20
-22
-26
-33
-30
-29
-29
-24
-22
-22
-29
-31
-33
-38
-38
-38
-32
-25
-26
-26
-23
-25
-28
-33
-32
-30
-29
-27
-23
-22
-21
-22
-19
-11
-10
0
4
9
18
22
28
34
39
38
31
29
28
29
30
29
30
27
28
30
34
40
47
56
51
56
58
53
51
44
38
29
26
25
23
22
23
23
26
28
24
21
14
1
-8
-17
-28
-37
-43
-47
-47
-51
-53
-56
-60
-66
-74
-82
-81
-76
-78
-75
-72
-66
-61
-53
-49
-47
-43
-45
-40
-35
-27
-20
-12
-4
1
0
1
6
7
12
16
20
23
32
36
44
47
50
52
53
54
54
55
57
56
50
45
46
43
41
47
51
56
61
62
63
67
62
57
53
44
35
23
7
-4
-17
-24
-25
-24
-22
-17
-9
-4
-1
-3
-1
-2
-5
-9
-14
-21
-28
-35
-42
-49
-59
-63
-62
-66
-69
-70
-74
-79
-78
-78
-76
-72
-68
-60
-50
-45
-37
-33
-28
-28
-27
-21
-14
-7
-1
5
9
12
18
22
30
37
43
47
48
51
53
52
53
53
51
52
56
56
62
63
62
61
57
53
49
48
43
36
31
27
25
21
18
14
10
11
14
12
12
8
4
-3
-7
-13
-13
-14
-16
-17
-17
-16
-18
-21
-21
-21
-25
-29
-35
-42
-47
-52
-61
-62
-59
-54
-49
-42
-36
-36
-32
-35
-37
-39
-42
-43
-45
-36
-29
-20
-12
-11
-5
-3
2
4
7
11
12
17
21
23
25
32
35
34
28
28
27
24
25
26
23
22
19
19
20
16
14
17
19
25
29
36
40
42
39
36
31
22
16
7
0
-3
-2
-4
-1
-1
3
3
5
5
3
4
2
-2
-9
-13
-14
-16
-13
-9
-4
2
8
9
8
2
-3
-9
-16
-21
-24
-27
-25
-25
-25
-21
-13
-7
0
4
8
14
12
9
1
-6
-11
-16
-20
-21
-23
-26
-29
-28
-31
-30
-25
-21
-16
-11
-6
-1
-1
-1
-2
-4
-1
-3
-3
-5
-8
-9
-8
-5
-8
-9
-5
-2
2
4
9
11
10
11
15
14
13
8
5
0
-1
-4
-5
0
2
6
13
22
29
35
30
25
23
19
21
20
24
28
33
39
42
41
42
38
34
30
31
27
21
15
6
0
-8
-16
-20
-25
-26
-28
-32
-33
-34
-34
-32
-36
-43
-46
-47
-50
-49
-43
-41
-36
-25
-19
-10
-2
3
5
3
1
0
1
3
6
6
11
15
17
14
13
9
7
6
8
11
11
14
11
9
7
3
-1
-4
-5
-9
-8
-3
-1
3
9
14
16
18
20
19
20
19
18
19
19
18
17
18
17
13
12
13
9
4
-3
-10
-15
-18
-17
-17
-14
-12
-10
-7
-5
-7
-8
-11
-18
-23
-28
-27
-24
-20
-14
-13
-13
-13
-13
-12
-9
-6
-5
-2
3
6
7
10
14
9
11
16
14
14
14
12
10
11
12
12
14
16
15
13
13
11
6
1
-6
-15
-20
-22
-23
-18
-14
-8
-3
5
6
8
9
11
11
11
11
9
7
5
3
-1
-1
5
7
13
16
19
17
13
8
3
-3
-10
-14
-20
-22
-27
-32
-31
-32
-34
-30
-21
-13
-9
-5
-3
1
3
6
7
3
0
-5
-7
-7
-6
-3
0
1
3
8
10
15
15
10
8
5
6
7
10
16
21
23
24
22
19
13
10
7
3
2
1
3
3
3
3
3
2
3
4
7
7
7
6
2
-5
-10
-15
-19
-21
-19
-14
-11
-8
-6
-5
-6
-5
-4
-2
0
1
2
1
0
-4
-6
-8
-11
-15
-16
-13
-14
-11
-7
-12
-13
-16
-18
-16
-15
-7
1
9
15
18
16
13
10
8
6
3
-1
-3
-2
-2
0
3
6
8
11
14
15
11
9
10
6
6
4
-1
2
7
10
14
17
18
19
17
10
2
-3
-8
-10
-12
-11
-7
-5
1
9
13
16
19
15
11
3
1
-5
-11
-10
-13
-15
-14
-15
-15
-10
-8
-10
-7
-6
-9
-3
1
2
2
3
5
4
4
4
5
3
3
1
-2
-3
-5
-8
-7
-7
-8
-7
-2
1
1
1
-2
-6
-10
-13
-20
-21
-15
-13
-6
-2
2
6
9
8
5
2
-1
-2
0
5
5
5
7
6
8
7
5
5
9
12
14
14
12
10
4
2
1
-4
-6
-7
-9
-7
-5
-3
2
7
10
10
10
11
9
5
-1
-7
-13
-19
-23
-22
-16
-8
-5
-4
-2
1
5
8
14
19
20
21
22
21
15
10
2
2
3
1
-1
-2
-6
-12
-14
-19
-21
-18
-17
-15
-10
-3
1
5
7
3
-2
-2
0
0
1
4
8
13
13
13
14
12
10
7
6
3
0
-2
-1
-1
-4
-1
2
3
0
0
1
2
5
5
3
2
1
-1
-3
-3
-4
-7
-10
-12
-13
-11
-6
-3
-4
-2
-3
-8
-8
-7
-9
-8
-6
-5
-4
-4
-3
-3
-1
1
1
1
0
-5
-8
-10
-12
-14
-17
-17
-15
-15
-11
-4
1
7
11
15
17
15
13
10
7
7
8
14
19
20
23
23
22
19
16
12
4
0
-6
-11
-11
-14
-13
-8
-2
1
3
4
6
6
7
6
4
-1
-3
-5
-7
-11
-13
-14
-15
-12
-14
-7
-3
-3
2
7
12
16
17
18
16
10
5
-2
-7
-11
-13
-12
-11
-11
-9
-5
-1
1
2
6
6
4
3
0
-2
-4
-9
-12
-10
-9
-11
-10
-13
-18
-21
-19
-14
-14
-12
-9
-4
0
3
7
10
13
14
15
14
12
13
14
17
17
13
16
17
18
17
13
8
5
0
-4
-8
-8
-9
-7
-4
-3
-1
0
3
5
2
-1
0
0
2
5
7
6
5
3
2
3
1
1
2
1
-1
0
1
0
-4
-2
-1
-2
-2
-5
-6
-5
-6
-4
-2
-3
-3
-5
-8
-10
-13
-15
-14
-19
-20
-15
-10
-8
-3
4
10
13
17
17
16
15
9
7
7
5
3
4
2
0
-3
-1
0
0
-1
-2
-4
-7
-7
-6
-5
-5
-1
0
6
11
14
15
13
9
1
-5
-9
-10
-13
-12
-10
-9
-5
-2
-1
1
2
-1
-2
0
-1
-1
-1
0
-2
1
3
6
9
6
5
2
-2
-4
-10
-12
-12
-13
-12
-10
-8
-7
-3
-1
1
0
2
2
4
5
6
7
5
3
-1
-6
-9
-12
-14
-13
-11
-8
-4
4
9
18
22
22
22
18
17
13
11
9
8
9
8
9
9
7
1
-3
-10
-19
-24
-27
-25
-19
-10
2
11
17
24
26
30
27
24
19
16
13
8
6
3
-1
-5
-6
-7
-10
-13
-9
-10
-8
-4
-2
0
4
6
3
4
1
-2
-5
-6
-6
-8
-7
-5
-3
-5
-9
-10
-11
-12
-15
-13
-9
-6
-2
2
5
7
4
3
-4
-14
-16
-25
-31
-32
-31
-28
-24
-17
-11
-5
2
9
12
15
15
14
13
11
10
4
4
3
2
1
1
0
-1
-1
-1
3
4
10
11
11
14
10
6
5
0
-6
-5
-1
3
5
10
12
16
19
22
21
21
16
13
8
1
-4
-6
-9
-10
-12
-13
-10
-9
-6
-1
2
3
5
5
5
5
4
0
-4
-5
-5
-6
-4
-6
-8
-6
-5
-4
-2
-3
-1
-1
1
2
1
0
-2
-5
-6
-7
-6
-5
-4
-4
-5
-4
-2
0
3
7
10
12
10
8
6
5
5
2
2
-1
-2
-2
-3
-3
-3
2
7
7
7
7
5
2
3
-3
-6
-9
-8
-8
-8
-6
-7
-6
-2
-3
-4
-4
-2
-3
-2
-1
-3
-2
1
-1
0
1
4
5
7
12
11
12
12
11
5
1
1
-1
-4
-7
-8
-10
-10
-10
-9
-10
-4
-3
0
1
-1
-3
-3
-8
-11
-11
-8
-6
-5
3
6
9
8
9
9
8
6
2
-3
-6
-8
-8
-8
-9
-11
-8
-4
-2
3
5
7
7
9
8
7
6
6
5
4
2
-2
-1
-4
-6
-7
-6
-1
2
6
7
14
14
13
11
5
3
3
1
1
1
2
4
6
7
5
5
5
3
2
0
1
-3
-5
-2
-1
-2
-1
0
1
0
1
2
1
2
-3
-3
-6
-8
-7
-9
-9
-8
-8
-8
-8
-8
-6
-5
-3
-2
-1
-1
-3
-3
-7
-7
-1
1
2
7
7
5
4
1
-4
-5
-10
-11
-11
-9
-7
-5
0
1
2
3
0
-3
-5
-4
-6
-5
-2
-1
2
5
8
10
13
13
13
13
14
12
10
9
7
7
7
4
2
-2
-4
-6
-5
-3
-3
2
5
9
13
14
13
13
9
5
4
1
-1
-1
0
-1
-1
-3
-2
-6
-7
-9
-12
-9
-8
-6
-2
1
0
1
-2
-4
-5
-7
-6
-5
-1
3
7
6
7
5
1
-2
-7
-10
-14
-14
-15
-11
-8
-5
-2
-1
-1
-3
-7
-10
-11
-14
-14
-12
-7
-3
3
7
12
12
9
10
9
6
5
4
6
8
7
9
8
6
3
0
-1
-3
-5
-3
-1
1
3
8
12
12
12
11
7
3
0
-1
-2
-3
-1
1
2
0
-3
-2
-3
-4
-5
-3
-2
-3
-2
-3
-1
0
0
-1
-4
-3
-1
0
1
2
1
3
4
0
-2
-5
-8
-12
-16
-14
-13
-10
-6
-1
3
5
8
8
9
5
2
1
-1
-2
-3
0
3
7
9
13
13
12
10
8
5
1
0
0
1
2
2
3
5
4
0
0
-3
-8
-9
-8
-7
-4
-1
1
6
9
10
12
8
4
-1
-7
-8
-8
-9
-7
-6
-4
-1
-1
0
-2
-4
-5
-6
-7
-9
-7
-4
-3
-1
2
4
2
-2
-1
-3
-5
-5
-4
-2
-2
-2
-1
0
1
1
2
3
3
3
3
3
2
-2
-1
0
-2
-1
-1
1
1
3
6
8
9
8
8
7
5
3
0
-4
-6
-9
-7
-1
2
6
7
8
8
7
6
4
2
2
1
0
2
2
