5
4
3
2
-1
-2
-5
-7
-8
-8
-7
-5
-1
1
3
7
5
6
5
4
2
1
1
0
1
1
2
1
0
-2
-4
-7
-9
-10
-9
-7
-4
0
4
6
8
9
8
6
4
2
1
-1
-2
-2
-1
-1
-1
-2
-5
-5
-5
-6
-5
-3
-2
0
3
5
5
6
6
5
2
-1
-5
-6
-9
-11
-12
-11
-10
-9
-6
-4
-1
0
2
6
8
11
13
15
17
17
17
15
11
6
0
-4
-8
-11
-13
-12
-12
-11
-7
-4
-2
1
1
0
2
2
3
3
4
6
7
9
9
8
7
5
2
-1
-3
-5
-6
-6
-5
-4
-2
0
2
4
4
4
3
3
1
0
-1
-2
-4
-5
-5
-6
-7
-6
-6
-7
-6
-5
-3
-1
2
5
7
8
7
6
4
1
-1
-2
-4
-5
-5
-3
-2
-1
1
2
4
5
4
5
5
6
7
7
7
5
2
-1
-7
-11
-15
-18
-20
-19
-18
-15
-10
-4
1
7
10
14
16
17
18
18
17
16
14
11
9
7
2
-4
-7
-11
-16
-17
-17
-16
-13
-10
-5
-2
0
3
5
5
5
3
2
-1
-2
-4
-3
-3
-4
-5
-5
-4
-3
-1
1
4
8
9
12
12
12
10
7
3
-2
-9
-13
-16
-18
-19
-18
-15
-13
-8
-3
1
5
8
11
14
17
20
24
25
25
22
19
14
6
-2
-11
-19
-25
-27
-27
-25
-21
-16
-9
-1
4
9
13
15
18
18
19
21
20
18
14
11
7
0
-5
-13
-17
-20
-22
-21
-17
-15
-10
-5
-2
2
4
8
9
11
13
12
14
11
9
4
-1
-5
-10
-13
-16
-18
-15
-13
-9
-6
-2
3
6
7
8
8
6
3
1
-2
-3
-4
-4
-4
-4
-2
-3
-4
-5
-4
-4
-3
1
6
11
14
17
17
16
12
8
1
-4
-10
-13
-14
-15
-12
-10
-7
-5
0
2
6
10
11
14
16
17
18
15
13
11
4
-2
-7
-13
-16
-20
-20
-20
-18
-13
-11
-7
-2
1
2
4
5
6
8
8
8
8
6
3
2
-3
-8
-11
-14
-14
-13
-9
-5
0
6
11
14
16
17
15
12
7
2
-1
-7
-9
-12
-12
-12
-13
-13
-11
-11
-9
-6
-4
-1
2
9
14
17
19
19
18
12
6
0
-6
-11
-14
-15
-15
-14
-10
-8
-5
-3
0
3
6
9
12
15
19
22
23
22
19
14
8
0
-6
-14
-18
-23
-23
-21
-18
-13
-8
-3
3
7
9
13
13
14
15
16
14
12
10
6
1
-4
-10
-16
-18
-20
-21
-18
-13
-8
-2
4
9
13
15
17
16
14
11
9
6
3
-1
-4
-8
-11
-15
-17
-20
-22
-21
-19
-14
-11
-3
4
8
13
16
18
16
14
11
6
5
1
-2
-5
-8
-9
-11
-11
-11
-11
-8
-5
-3
3
7
10
12
14
13
11
7
3
-1
-5
-7
-10
-11
-10
-9
-7
-5
0
2
6
9
11
14
16
17
18
16
14
10
6
1
-5
-9
-14
-20
-23
-25
-23
-20
-15
-8
1
9
15
21
24
24
22
20
15
9
2
-4
-9
-13
-18
-22
-23
-24
-25
-24
-19
-15
-8
0
9
17
23
27
28
26
24
18
10
1
-6
-13
-17
-22
-23
-22
-22
-18
-15
-9
-5
2
6
11
16
19
21
22
20
18
14
8
2
-5
-9
-12
-15
-15
-13
-11
-5
1
6
13
17
22
25
26
27
26
23
20
15
10
1
-8
-18
-26
-34
-40
-44
-44
-39
-31
-21
-8
6
19
30
38
43
44
43
38
28
18
7
-4
-15
-24
-34
-43
-48
-52
-53
-51
-46
-38
-27
-14
0
12
23
31
38
42
39
32
25
18
9
-1
-8
-13
-16
-17
-16
-14
-11
-7
-4
-1
4
9
8
3
3
7
13
8
2
0
-3
-11
-18
-18
-13
-13
-13
-8
-2
4
13
20
26
32
39
41
35
33
37
36
24
14
13
6
-13
-26
-30
-31
-36
-36
-33
-31
-28
-19
-17
-15
-8
-2
-6
-17
-22
-14
-14
-23
-20
-8
-2
-5
-3
7
16
22
27
34
41
53
59
57
59
66
68
55
36
24
8
-15
-35
-48
-55
-63
-68
-72
-75
-69
-53
-43
-35
-24
-6
7
11
18
33
51
58
54
51
53
54
43
33
31
32
30
17
7
8
10
8
-6
-20
-24
-30
-47
-66
-73
-67
-74
-95
-103
-95
-92
-97
-93
-73
-54
-35
-8
26
58
94
129
155
168
185
195
177
144
121
96
46
-14
-58
-91
-132
-173
-192
-197
-202
-198
-180
-155
-124
-81
-33
5
49
106
154
177
190
209
214
188
154
129
99
55
18
-10
-34
-58
-70
-71
-74
-78
-73
-68
-77
-79
-62
-47
-52
-58
-47
-35
-37
-40
-21
1
5
3
12
25
40
60
82
96
104
113
117
105
92
86
75
36
-23
-73
-107
-143
-180
-197
-184
-181
-195
-187
-144
-92
-43
19
91
139
173
201
216
221
229
239
225
172
117
86
55
20
3
15
20
-17
-64
-69
-54
-47
-34
-10
-1
-15
-33
-42
-54
-55
-30
-12
-35
-88
-117
-105
-89
-73
-47
-25
-36
-72
-82
-51
2
72
131
157
161
154
165
211
294
386
418
362
263
164
79
28
-5
-65
-213
-486
-834
-1140
-1294
-1331
-1377
-1468
-1556
-1629
-1709
-1731
-1552
-1183
-812
-549
-332
-59
269
615
1001
1445
1896
2240
2399
2439
2481
2548
2562
2461
2289
2078
1768
1335
867
469
150
-170
-516
-859
-1170
-1451
-1701
-1867
-1891
-1777
-1599
-1435
-1289
-1112
-872
-595
-309
-4
322
637
876
1000
1052
1127
1251
1343
1332
1282
1211
952
453
-35
-230
-215
-278
-460
-645
-860
-1150
-1359
-1308
-1047
-804
-709
-773
-916
-932
-707
-385
-115
156
459
583
431
332
536
833
955
946
913
779
493
229
178
278
347
250
-29
-345
-542
-595
-560
-482
-364
-285
-343
-497
-619
-600
-422
-264
-290
-487
-744
-983
-1202
-1323
-1244
-1097
-1077
-1239
-1578
-2011
-2307
-2227
-1849
-1538
-1397
-1202
-999
-1021
-1035
-504
557
1435
1733
1802
1919
1979
1957
2120
2578
3021
3153
2941
2498
2106
1988
2027
1966
1771
1639
1451
870
133
-212
-151
-112
-297
-447
-530
-881
-1452
-1825
-1778
-1483
-1222
-1029
-861
-689
-458
-189
126
589
1162
1549
1550
1397
1392
1538
1671
1641
1482
1402
1328
854
11
-612
-604
-752
-1879
-3079
-3137
-2436
-2165
-2365
-2033
-1302
-1225
-1541
-1248
-274
664
1084
1157
1081
1074
1482
1944
1926
1819
2133
2345
1711
859
920
1461
1293
684
635
1020
911
262
-1
194
216
-73
-354
-463
-596
-747
-856
-1070
-1167
-936
-775
-1096
-1669
-1933
-1913
-2123
-2591
-2902
-2963
-3054
-3305
-3416
-3257
-3423
-4363
-5468
-5713
-5016
-4477
-4537
-4421
-3877
-3547
-3562
-2963
-1181
728
1648
1908
2395
3307
4205
4890
5616
6440
7087
7216
6792
6334
6271
6284
5826
5005
4416
4034
3169
1813
789
435
120
-635
-1353
-1596
-1810
-2451
-3082
-3121
-2664
-2225
-1887
-1388
-886
-607
-332
202
957
1660
2209
2698
2951
2922
2939
3136
3338
3331
3158
2977
2551
1709
652
-551
-1819
-2808
-3154
-2987
-3036
-3626
-4297
-4708
-4818
-4487
-3602
-2400
-1603
-1513
-1615
-1441
-919
-114
829
1662
2042
1908
1631
1475
1510
1729
2011
2198
2073
1593
1008
551
376
466
591
508
109
-418
-789
-1022
-1089
-910
-593
-422
-671
-1235
-1693
-1935
-2111
-2353
-2676
-2938
-3248
-3741
-4202
-4315
-3962
-3424
-3454
-4486
-5940
-6664
-6061
-5014
-4621
-4523
-4018
-3453
-3570
-3817
-2696
-299
1511
1933
2087
2979
4144
4728
5081
6016
7312
8100
7890
7213
7070
7497
7614
6955
6120
5813
5422
4069
2348
1409
1238
720
-513
-1466
-1656
-1957
-2957
-3911
-3795
-2889
-2279
-2086
-1647
-792
-29
351
837
1784
2828
3462
3564
3486
3583
3770
3821
3635
3329
2974
2045
256
-1568
-2344
-1940
-1426
-1615
-2116
-2603
-3320
-4074
-4036
-2837
-1391
-860
-1223
-1831
-2338
-2523
-2223
-1558
-950
-691
-690
-840
-960
-607
400
1546
2180
2321
2312
2118
1703
1387
1491
1749
1590
919
183
-400
-922
-1407
-1612
-1446
-1534
-2345
-3410
-3941
-3787
-3518
-3400
-3203
-3176
-3703
-4526
-4914
-4455
-4081
-4929
-6556
-7530
-7170
-6454
-6544
-6681
-5833
-4774
-4658
-4931
-3747
-960
1262
1910
2364
3921
5981
7042
7166
7724
9008
9806
9208
8128
8131
8812
8421
6721
5336
5234
5048
3347
1224
402
484
-215
-1841
-2625
-2019
-1747
-2780
-3905
-3718
-2645
-2163
-2299
-1905
-811
35
218
417
1368
2703
3453
3459
3493
4077
4748
4715
4010
3439
3225
2827
2107
1727
1972
2023
1139
-154
-950
-1327
-1858
-2571
-2954
-2931
-3146
-3853
-4613
-4858
-4473
-3935
-3623
-3413
-3036
-2439
-1903
-1411
-554
665
1677
2110
2196
2325
2455
2252
1810
1490
1341
1211
869
392
116
-85
-298
-609
-1203
-1811
-2436
-3149
-3662
-3934
-3846
-3610
-3782
-4066
-4080
-4036
-4065
-4314
-5075
-6552
-8373
-9098
-8046
-6796
-6540
-6571
-6077
-5570
-5713
-5360
-3100
54
2004
2502
3023
4294
5679
6775
7799
8960
9925
10060
9368
8572
8489
9105
9187
8076
6852
6409
5934
4359
2500
1786
1752
787
-1022
-1962
-1805
-2209
-3772
-4990
-4653
-3591
-3272
-3518
-3188
-2262
-1715
-1668
-1081
489
2162
2895
2936
3337
4244
4949
5029
4593
4126
3867
3539
3110
2891
2963
2852
1894
339
-657
-740
-853
-1634
-2544
-2938
-3237
-4076
-4836
-4598
-3877
-3726
-4033
-3921
-3226
-2465
-1906
-1275
-431
294
803
1166
1346
1440
1539
1546
1366
1209
1282
1350
987
221
-412
-895
-1609
-2456
-3156
-3477
-3510
-3688
-3873
-3795
-3617
-3390
-3373
-3774
-4627
-6240
-8269
-9505
-9246
-8091
-7294
-7251
-7281
-7110
-7149
-6995
-5403
-2410
287
1517
2001
2962
4391
5729
7080
8740
10270
10829
10366
9542
9120
9492
10084
10057
9345
8451
7530
6038
4025
2659
2296
1832
416
-1329
-2365
-3025
-4116
-5187
-5303
-4593
-4152
-4399
-4593
-4059
-3179
-2625
-2217
-1215
508
2208
3170
3597
4108
4659
4737
4362
4213
4574
5002
4902
4390
3994
3724
3203
2274
1350
763
85
-904
-1798
-2180
-2218
-2676
-3650
-4299
-4276
-4091
-4093
-4040
-3600
-2911
-2520
-2336
-1849
-1079
-296
133
217
315
410
533
793
1070
1341
1494
1168
296
-851
-2049
-2876
-3453
-4133
-4335
-4013
-3758
-3662
-3748
-3617
-3180
-3624
-5361
-7469
-8948
-9044
-8144
-7647
-7824
-8021
-8066
-8113
-8224
-7377
-4685
-1481
168
368
1028
2927
4947
6291
7534
9374
10942
10884
9882
9465
10068
10877
10784
9981
9400
8796
7390
5348
3781
3393
3214
1929
-23
-1333
-2007
-3087
-4709
-5623
-5008
-4063
-4279
-5024
-4817
-3720
-2811
-2707
-2448
-991
670
1522
1951
2718
3984
4579
3842
3272
4087
5447
5828
5025
4329
4343
3943
2785
1935
1862
1759
748
-771
-1814
-2139
-2335
-2852
-3554
-4023
-4139
-4196
-4382
-4229
-3306
-2272
-1940
-1989
-1553
-610
8
-72
-105
149
456
660
649
819
916
351
-731
-2152
-3264
-3583
-3871
-4342
-4453
-4195
-3828
-3721
-3526
-2516
-1813
-3370
-6823
-9670
-10005
-8548
-7476
-7344
-7247
-7149
-7805
-8978
-8658
-5494
-1299
932
695
417
1771
3717
5135
6649
9141
11492
11529
9644
8490
9370
10930
11123
10050
9393
9283
8150
5642
3661
3603
4064
2836
435
-871
-1001
-2022
-4530
-6250
-5642
-4373
-4623
-6010
-6342
-5137
-4173
-4043
-3299
-935
1750
2577
1934
1956
3392
4704
4719
4526
5363
6424
6225
4953
4224
4573
4730
3857
2638
2016
1518
104
-1804
-2774
-2414
-2001
-2708
-4037
-4820
-4820
-4673
-4534
-3870
-2720
-1832
-1750
-2077
-1847
-965
-67
698
1362
1828
2079
1806
1114
872
902
395
-960
-2913
-4145
-4463
-4952
-5115
-4400
-3569
-3401
-3786
-3837
-4056
-6184
-9546
-11130
-9846
-8032
-7830
-8395
-8245
-7980
-8746
-9468
-7598
-3103
707
1689
1118
1451
3514
5703
7182
9158
11590
12747
11483
9242
9060
11115
12460
11482
9737
9080
8596
6398
3480
2587
3697
3612
897
-1848
-2291
-1967
-3407
-5920
-6782
-5664
-5154
-6234
-6993
-6218
-4883
-4484
-4424
-2799
0
2145
2769
2564
3156
4541
5301
5365
5716
6763
7449
6440
4781
4557
5233
4725
2967
1703
1403
409
-1920
-3624
-3513
-3108
-4022
-5508
-5956
-5426
-4830
-4477
-3977
-2988
-2057
-1703
-1771
-1612
-601
732
1416
1560
1772
2121
2170
1914
1735
1390
328
-1406
-3289
-4729
-5289
-5106
-4299
-3365
-2947
-2762
-2654
-3248
-5216
-8461
-11112
-11207
-9500
-8349
-8687
-9307
-9309
-9534
-10392
-9870
-6149
-1260
1149
786
641
2591
5248
6848
8250
10816
13149
12929
10635
9237
10507
12655
12981
11595
10436
9908
8370
5274
2912
3118
4078
2826
-303
-2225
-2173
-2658
-4874
-6545
-5765
-4389
-5201
-7447
-7955
-6047
-4227
-4022
-3821
-1752
1020
2003
1417
1831
4052
5933
5759
4943
5661
7177
7248
5843
5066
5687
5895
4280
2026
880
527
-729
-2804
-3937
-3641
-3538
-4949
-6862
-7378
-6400
-5397
-4915
-4200
-2833
-1777
-1907
-2180
-1138
856
2360
2579
2262
2428
2624
2149
1355
794
314
-777
-2698
-4296
-4535
-4062
-3944
-4173
-4015
-3241
-2543
-2892
-4855
-8042
-10994
-12074
-11017
-9520
-8913
-8674
-8576
-9450
-10909
-10679
-7124
-2077
915
1303
1338
2407
4040
5723
7918
10885
13294
13481
11748
10197
10576
12249
13114
12364
11133
10259
8710
5741
3085
2662
3402
2597
-34
-1905
-1978
-2493
-4779
-6800
-6308
-4610
-4682
-6384
-6856
-5278
-3747
-3560
-3153
-770
2279
3452
2807
2696
4163
5657
5720
5387
6148
7200
6806
5117
4078
4456
4810
3875
2327
1510
1113
-363
-2894
-4543
-4356
-3833
-4814
-6716
-7374
-6496
-5711
-5622
-5009
-3179
-1434
-1155
-1575
-872
942
2388
2864
2992
3462
3828
3109
1724
840
256
-790
-2549
-4437
-5146
-4736
-4397
-4391
-4529
-4306
-3639
-4185
-6840
-10224
-12211
-11716
-10139
-9624
-9644
-8993
-8572
-9509
-10825
-9706
-5419
-1049
621
699
1548
3426
5046
6164
8059
11139
13491
13192
11265
10342
11342
12730
12608
11375
10777
10329
8204
4740
2431
2631
3285
1779
-870
-2006
-2072
-3467
-6153
-7363
-5932
-4609
-5730
-7266
-6356
-3785
-2318
-2311
-1422
1383
3986
4413
3918
4695
6442
7076
6142
5592
6725
7985
7297
5265
4034
4082
3747
2023
227
-233
-396
-1951
-4369
-5586
-5034
-4613
-5750
-7278
-7382
-6286
-5428
-5168
-4480
-2880
-1513
-1239
-1117
94
2049
3349
3354
3194
3731
4132
3709
2774
1915
1073
-394
-2138
-3169
-3277
-3054
-3207
-3851
-4214
-4031
-4286
-6200
-9777
-12848
-13243
-11689
-10593
-10589
-10340
-9539
-9768
-11197
-10969
-7183
-2205
407
728
1428
3387
5258
6534
8378
11335
13731
13763
12012
10618
10952
12275
12688
11759
10843
10351
8903
5776
2858
2261
2745
1483
-1441
-3160
-2914
-3432
-5999
-7975
-7114
-5361
-5839
-7790
-7828
-5418
-3239
-2672
-2021
492
3577
4980
4946
5523
7320
8651
8245
7192
7485
8637
8724
7156
5519
5148
4858
3235
884
-464
-726
-1757
-4147
-6041
-6121
-5647
-6450
-8068
-8463
-7257
-6079
-5782
-5377
-3966
-2373
-1698
-1495
-665
974
2580
3281
3521
4089
4596
4448
3644
2712
2085
1082
-745
-2418
-3044
-2759
-2358
-2647
-3288
-3503
-3595
-4795
-7987
-11875
-13586
-12460
-11140
-11439
-11923
-11071
-10346
-11455
-12453
-9899
-4550
-756
74
600
2680
5132
6464
7582
10155
13243
14427
13264
11552
11303
12502
13082
12079
10877
10558
9892
7123
3398
1869
2736
2601
-73
-2659
-2926
-2807
-4968
-7914
-8227
-6311
-5755
-7307
-7880
-5836
-3424
-2889
-2909
-953
2251
3958
3756
3729
5393
7484
7914
7268
7424
8595
9216
8008
6181
5751
6099
5181
2712
509
-180
-868
-3191
-5674
-6059
-5025
-5272
-7235
-8426
-7405
-5710
-5000
-4589
-3279
-1763
-1362
-1673
-1131
716
2536
3088
2850
2981
3450
3389
2543
1556
923
154
-1246
-2493
-2565
-1763
-1219
-1564
-2169
-2372
-3220
-6028
-9950
-12519
-12361
-11122
-11190
-12167
-12277
-11782
-12178
-12990
-11712
-7666
-3619
-2000
-1624
-64
2652
4880
6453
8756
11856
13808
13349
11961
11786
12916
13712
13219
12142
11416
10524
8327
5309
3329
2985
2535
568
-1791
-2708
-2795
-4076
-6335
-7363
-6524
-5851
-6744
-7734
-6981
-5219
-4262
-3977
-2630
136
2593
3525
3865
5055
6830
7781
7607
7504
8334
9265
8998
7741
6704
6309
5658
4101
2264
1003
11
-1655
-3828
-5302
-5624
-5864
-6903
-8117
-8513
-7927
-7247
-6593
-5445
-3925
-2718
-2151
-1651
-572
1081
2659
3678
4154
4394
4503
4263
3637
2946
2248
1087
-737
-2444
-3039
-2566
-2008
-2029
-2295
-2403
-3064
-5449
-9137
-11962
-12186
-10696
-9915
-10497
-10998
-10788
-10986
-12042
-11991
-8870
-4298
-1573
-1122
-575
1509
3996
5682
7521
10448
13098
13502
11917
10671
11300
12848
13431
12654
11492
10435
8677
5849
3396
2791
3077
1860
-1004
-3081
-3297
-3466
-5039
-6645
-6442
-5450
-5706
-6674
-6514
-5097
-3934
-3570
-2708
-651
1646
3264
4119
4734
5716
6796
7201
6896
6815
7548
8099
7278
5790
5201
5268
4489
2725
1301
478
-819
-2780
-4209
-4570
-5008
-6330
-7690
-8114
-7751
-7041
-6179
-5212
-4328
-3648
-3006
-2337
-1555
-221
1540
2819
3282
3499
3933
4163
3748
3071
2488
1649
301
-1019
-1586
-1557
-1542
-1772
-2172
-2766
-4160
-6958
-10437
-12673
-12483
-11006
-10481
-11103
-11285
-10925
-11296
-11971
-10515
-6232
-2109
-660
-535
674
2909
4722
6251
8745
11711
13191
12605
11342
11033
11947
13103
13429
12684
11515
10119
7812
4846
2909
2804
2900
1159
-1540
-2875
-3160
-4361
-6397
-7115
-5927
-5145
-6305
-7589
-6937
-5062
-3694
-2993
-1606
757
2813
3722
4037
4768
5944
6825
7076
7217
7788
8416
8121
6801
5540
5114
4904
3882
2167
619
-707
-2398
-4156
-4989
-4802
-4829
-5878
-7219
-7828
-7625
-6938
-5950
-4765
-3678
-3069
-2890
-2689
-1985
-645
908
2009
2517
2801
2993
2998
2904
2786
2561
1897
653
-273
-453
-336
-378
-836
-1467
-1884
-2807
-5370
-9104
-11888
-12022
-10585
-10198
-11203
-11739
-11269
-11323
-12309
-11836
-8168
-3605
-1541
-1523
-500
2150
4442
5768
7664
10696
13014
13006
11615
10808
11327
12451
12969
12510
11719
10931
9405
6677
4006
3105
3352
2387
-162
-2190
-2775
-3585
-5567
-6982
-6363
-5233
-5661
-6968
-7100
-5897
-4814
-4287
-3285
-1250
945
2330
3088
3884
4963
6117
6922
7390
7955
8718
8908
7876
6214
5249
5141
4687
3293
1522
92
-1441
-3251
-4472
-4569
-4475
-5367
-6828
-7708
-7607
-6796
-5623
-4453
-3771
-3637
-3542
-3111
-2369
-1344
90
1438
1890
1691
1847
2526
2972
2731
2208
1778
1097
140
-264
112
499
289
-308
-842
-1975
-4649
-8264
-10822
-11027
-9958
-9765
-10792
-11702
-11966
-12320
-12875
-11974
-8578
-4547
-2407
-2042
-1304
901
3491
5548
7649
10189
12240
12660
11734
11038
11566
12732
13323
12854
11843
10851
9494
7315
5049
3897
3709
2975
1126
-678
-1711
-2805
-4655
-6160
-6134
-5436
-5593
-6460
-6830
-6469
-6007
-5476
-4201
-2267
-550
547
1327
2054
2871
4096
5616
6879
7683
8308
8676
8187
6989
6150
6114
5820
4396
2446
795
-681
-2328
-3582
-3784
-3689
-4599
-6309
-7459
-7577
-7070
-6238
-5138
-4090
-3682
-3791
-3629
-2929
-1840
-337
1139
1794
1659
1527
1917
2267
1927
1377
1196
942
285
-186
-18
355
100
-492
-599
-1001
-3242
-6993
-9878
-10143
-8888
-8603
-9667
-10486
-10600
-11164
-12342
-12221
-9451
-5576
-3195
-2662
-2213
-619
1694
3887
5978
8316
10506
11600
11361
10719
10835
11883
12855
12920
12343
11601
10538
8735
6549
4939
4142
3360
2057
612
-663
-2077
-3691
-4767
-4843
-4508
-4655
-5183
-5361
-5210
-5213
-5290
-4797
-3527
-2049
-976
-238
471
1109
1738
2595
3841
5307
6539
7170
7081
6418
5767
5669
5905
5731
4731
3248
1744
298
-931
-1550
-1795
-2524
-4196
-6036
-7024
-7041
-6577
-5877
-5147
-4771
-4777
-4693
-4015
-2892
-1636
-441
525
963
1086
1505
2234
2662
2379
1742
1170
527
-204
-434
-28
311
-13
-552
-674
-1066
-3003
-6268
-8952
-9565
-8679
-8017
-8402
-9269
-9900
-10393
-10894
-10700
-8917
-5976
-3578
-2813
-2886
-2302
-613
1594
3776
5810
7512
8487
8781
9030
9690
10665
11580
12143
12295
11955
10984
9482
7871
6583
5640
4651
3406
2217
1292
230
-1314
-2867
-3644
-3615
-3522
-3788
-4038
-4084
-4262
-4580
-4475
-3579
-2372
-1657
-1423
-1153
-695
-138
428
1106
1872
2565
3160
3667
3998
4233
4545
4767
4631
4170
3705
3334
2809
2115
1511
847
-331
-1988
-3315
-3690
-3572
-3690
-4031
-4240
-4293
-4350
-4323
-3904
-3201
-2656
-2342
-2009
-1575
-1026
-351
379
951
1149
1048
761
202
-583
-1189
-1312
-1181
-1241
-1450
-1523
-1515
-1700
-2280
-3275
-4503
-5611
-6045
-5549
-4633
-4085
-4286
-5000
-5655
-5758
-5144
-4036
-3017
-2464
-2203
-1849
-1236
-482
346
1258
2096
2667
3130
3770
4644
5405
5759
5921
6158
6400
6421
6188
5925
5815
5654
5244
4712
4314
4147
3974
3550
2985
2528
2218
1971
1837
1875
1970
1887
1555
1224
1079
948
634
265
94
146
165
-85
-462
-750
-1021
-1372
-1715
-1869
-1863
-2034
-2463
-2761
-2710
-2501
-2390
-2349
-2164
-1914
-1825
-1774
-1522
-1116
-836
-840
-988
-1065
-1035
-994
-1012
-1022
-898
-661
-488
-402
-126
491
1146
1470
1541
1702
1969
2046
1895
1714
1505
1102
533
103
-64
-250
-667
-1169
-1555
-1750
-1867
-2008
-2064
-1990
-1805
-1606
-1543
-1559
-1524
-1515
-1664
-1929
-2091
-2019
-1899
-1963
-2222
-2490
-2666
-2794
-2824
-2718
-2544
-2426
-2383
-2241
-1886
-1461
-1153
-1022
-1031
-1101
-1095
-848
-381
125
534
791
932
1009
1106
1356
1726
2040
2207
2359
2684
3184
3748
4219
4503
4635
4707
4874
5181
5461
5568
5514
5370
5208
5019
4787
4468
3945
3201
2402
1765
1373
1145
990
797
454
-34
-551
-927
-1128
-1199
-1203
-1255
-1438
-1723
-1973
-2051
-2002
-2002
-2110
-2283
-2414
-2432
-2299
-2018
-1684
-1414
-1217
-1004
-707
-386
-161
-76
-106
-186
-304
-448
-565
-677
-852
-1101
-1380
-1598
-1725
-1883
-2172
-2560
-2873
-2960
-2896
-2828
-2751
-2555
-2233
-1971
-1897
-1862
-1680
-1449
-1370
-1433
-1478
-1426
-1362
-1330
-1214
-997
-816
-765
-768
-660
-407
-167
-99
-205
-336
-350
-241
-55
226
587
893
1019
969
850
754
694
676
713
842
1026
1214
1392
1581
1807
2076
2414
2825
3246
3549
3652
3639
3710
3943
4226
4405
4421
4245
3840
3278
2758
2437
2256
2042
1733
1339
858
303
-206
-524
-637
-681
-794
-1005
-1284
-1517
-1625
-1630
-1601
-1595
-1566
-1489
-1372
-1195
-946
-700
-592
-592
-540
-341
-111
18
109
209
243
136
-37
-115
-98
-122
-252
-431
-608
-802
-1035
-1287
-1491
-1625
-1716
-1832
-2039
-2267
-2405
-2422
-2394
-2365
-2277
-2087
-1857
-1668
-1543
-1434
-1297
-1121
-905
-654
-435
-323
-285
-255
-192
-139
-153
-246
-395
-564
-716
-815
-868
-865
-792
-696
-638
-661
-718
-737
-689
-581
-457
-347
-270
-185
-19
256
591
911
1176
1395
1620
1845
2022
2159
2325
2594
2919
3177
3313
3320
3215
3040
2870
2795
2794
2748
2553
2185
1713
1291
1055
1022
1058
1003
794
491
194
-12
-97
-99
-99
-146
-230
-325
-391
-352
-197
-21
70
68
82
157
209
170
129
196
328
359
210
-7
-192
-386
-654
-923
-1075
-1137
-1283
-1620
-2041
-2333
-2386
-2303
-2219
-2160
-2106
-2086
-2128
-2167
-2067
-1818
-1551
-1364
-1231
-1073
-891
-736
-578
-348
-70
164
299
367
398
394
344
256
144
50
-4
-44
-123
-261
-421
-555
-645
-731
-831
-914
-966
-995
-993
-938
-874
-865
-931
-994
-961
-794
-529
-255
-41
92
191
359
662
1070
1470
1767
1918
1929
1860
1814
1854
1937
1972
1917
1786
1611
1395
1158
984
926
934
907
826
736
689
685
708
715
691
661
694
785
886
957
997
1034
1058
1082
1118
1175
1173
1083
958
878
846
797
696
533
325
101
-49
-109
-128
-191
-334
-547
-803
-1043
-1207
-1278
-1362
-1536
-1768
-1952
-2042
-2072
-2079
-2060
-1984
-1873
-1736
-1587
-1403
-1181
-951
-765
-612
-406
-87
280
516
534
397
211
26
-127
-205
-212
-262
-454
-719
-883
-891
-848
-849
-875
-865
-845
-871
-923
-939
-885
-785
-687
-614
-543
-473
-433
-435
-459
-434
-330
-188
-47
107
265
380
429
481
622
808
950
1004
995
972
967
973
970
945
931
942
936
877
790
760
792
810
753
692
722
828
921
1002
1110
1246
1338
1332
1301
1346
1470
1580
1634
1676
1721
1697
1557
1358
1201
1097
1002
840
653
537
475
381
204
14
-121
-220
-349
-504
-669
-860
-1094
-1306
-1416
-1442
-1460
-1546
-1662
-1756
-1781
-1699
-1531
-1355
-1249
-1244
-1299
-1309
-1193
-974
-780
-723
-786
-862
-874
-815
-715
-603
-533
-577
-737
-894
-956
-919
-828
-736
-674
-667
-704
-761
-801
-818
-822
-802
-740
-647
-557
-499
-472
-433
-321
-107
153
353
417
359
257
206
273
457
680
818
794
674
585
597
663
717
748
754
724
682
681
765
922
1082
1176
1186
1164
1174
1210
1238
1252
1293
1380
1455
1457
1419
1405
1414
1400
1366
1355
1348
1260
1072
856
711
669
682
676
613
492
336
168
21
-62
-85
-86
-166
-360
-596
-765
-835
-866
-909
-973
-1050
-1125
-1186
-1207
-1154
-1039
-907
-798
-724
-669
-629
-588
-556
-505
-440
-430
-532
-731
-927
-1028
-1032
-996
-973
-985
-1054
-1185
-1303
-1310
-1196
-1034
-935
-906
-910
-909
-871
-779
-609
-382
-177
-76
-89
-167
-226
-190
-64
117
266
301
216
97
34
96
236
356
409
374
279
192
171
227
298
335
358
392
416
398
377
403
479
536
552
581
656
751
817
848
884
968
1075
1182
1280
1353
1385
1364
1332
1354
1423
1461
1395
1235
1052
905
773
632
500
391
278
122
-54
-178
-204
-184
-214
-299
-382
-415
-403
-386
-381
-379
-382
-398
-417
-408
-355
-275
-233
-234
-256
-287
-346
-432
-491
-507
-497
-511
-553
-596
-631
-669
-727
-776
-803
-827
-870
-956
-1066
-1149
-1164
-1116
-1032
-967
-948
-967
-981
-933
-811
-648
-495
-382
-295
-188
-56
94
252
408
546
619
634
646
670
689
671
617
529
394
231
75
-29
-90
-157
-230
-273
-281
-280
-280
-269
-228
-156
-80
-21
50
176
344
493
572
603
642
719
820
911
1001
1065
1070
1033
1006
1026
1070
1062
972
848
752
695
630
519
378
224
63
-94
-225
-305
-357
-463
-640
-813
-893
-837
-706
-590
-521
-486
-443
-385
-298
-173
-19
124
216
267
316
377
416
392
327
274
266
250
179
54
-98
-252
-390
-461
-452
-413
-446
-572
-712
-758
-697
-582
-465
-412
-425
-464
-461
-390
-280
-191
-176
-230
-314
-350
-300
-185
-70
-1
11
6
16
66
171
294
392
422
375
282
212
190
181
142
63
-23
-112
-192
-260
-286
-274
-271
-307
-348
-331
-240
-123
-33
29
101
208
341
466
555
619
658
677
697
733
770
768
690
557
423
347
328
314
284
233
170
101
30
-21
-34
-43
-68
-129
-203
-263
-298
-314
-330
-336
-328
-298
-275
-285
-304
-293
-236
-154
-77
-18
40
68
69
76
108
168
222
237
214
154
69
-15
-76
-99
-102
-127
-193
-279
-348
-371
-358
-332
-324
-336
-364
-381
-358
-298
-243
-224
-253
-271
-264
-217
-126
-29
42
60
51
56
113
217
343
446
481
437
350
292
287
301
281
243
190
115
23
-63
-115
-158
-210
-281
-345
-381
-374
-362
-373
-390
-358
-257
-126
-18
49
109
148
161
169
214
305
397
435
401
332
291
313
369
407
407
377
331
261
179
121
122
136
97
23
-40
-76
-132
-213
-272
-289
-275
-272
-283
-294
-293
-281
-245
-165
-42
86
188
247
278
328
404
476
520
533
502
411
274
139
34
-48
-152
-300
-451
-556
-605
-625
-628
-602
-564
-512
-450
-358
-226
-84
24
66
65
69
93
127
154
150
102
13
-90
-170
-190
-166
-150
-153
-165
-154
-101
-10
97
198
267
296
303
301
287
251
183
96
12
-61
-117
-158
-209
-278
-363
-416
-396
-310
-208
-139
-93
-36
60
203
374
534
644
686
657
590
546
525
487
401
268
119
-13
-121
-206
-256
-268
-273
-295
-330
-325
-267
-182
-107
-58
-16
34
86
115
109
76
36
3
-6
0
6
7
-6
-21
-19
23
105
194
253
261
241
249
275
291
292
262
194
88
-53
-199
-318
-416
-507
-587
-654
-707
-729
-709
-650
-556
-436
-296
-171
-78
2
94
192
264
315
357
375
351
291
226
169
112
59
4
-43
-94
-152
-167
-128
-55
10
38
44
63
90
114
127
139
149
118
37
-68
-144
-172
-172
-176
-207
-238
-246
-227
-170
-65
69
188
254
260
257
274
315
363
400
417
396
318
210
113
50
24
-5
-66
-136
-191
-210
-192
-142
-69
11
84
151
197
217
216
188
158
140
121
77
21
-40
-116
-188
-231
-224
-176
-110
-69
-53
-31
14
78
143
202
232
212
154
80
10
-32
-67
-130
-215
-301
-380
-434
-454
-443
-405
-351
-274
-179
-64
52
145
212
263
302
318
310
271
201
116
20
-65
-127
-166
-208
-277
-351
-393
-371
-303
-220
-151
-90
-25
32
92
166
248
298
288
224
147
89
53
4
-62
-130
-192
-245
-288
-291
-250
-169
-87
-18
35
103
183
256
321
368
396
397
360
291
208
118
24
-60
-133
-189
-246
-304
-346
-351
-317
-244
-143
-31
72
144
206
269
347
414
445
435
386
309
212
119
49
2
-37
-86
-141
-174
-166
-124
-72
-9
57
128
191
229
257
289
310
295
235
149
65
-23
-142
-274
-386
-452
-487
-518
-541
-530
-482
-408
-306
-163
-6
126
219
288
367
451
506
513
477
402
291
159
33
-72
-150
-218
-304
-387
-446
-465
-453
-420
-366
-287
-207
-145
-91
-21
64
131
147
142
129
97
35
-41
-104
-148
-187
-226
-257
-263
-237
-206
-163
-103
-16
77
147
210
270
342
396
405
385
335
268
188
103
28
-47
-127
-194
-238
-237
-213
-181
-131
-68
19
112
208
299
361
398
416
403
382
357
303
223
127
35
-31
-93
-162
-228
-280
-312
-323
-313
-275
-208
-130
-60
5
67
131
178
194
188
152
106
37
-43
-119
-183
-232
-272
-292
-295
-270
-227
-186
-125
-40
62
164
249
318
369
401
416
415
393
354
272
153
28
-90
-204
-313
-415
-494
-543
-558
-536
-479
-396
-304
-219
-124
-13
96
187
251
296
319
312
280
231
186
140
71
-2
-67
-118
-150
-168
-165
-139
-99
-46
5
63
126
174
196
208
219
223
207
170
105
23
-61
-142
-201
-233
-258
-292
-318
-325
-297
-235
-137
-9
121
233
315
371
419
465
476
459
406
311
191
64
-47
-141
-207
-266
-316
-358
-391
-398
-380
-328
-251
-175
-90
3
98
189
254
290
302
305
277
219
133
32
-65
-152
-212
-230
-214
-194
-185
-179
-140
-64
22
108
169
210
235
249
263
280
279
246
173
67
-51
-161
-257
-333
-393
-439
-460
-445
-405
-334
-239
-141
-34
73
174
256
312
343
353
356
343
315
261
185
86
-23
-113
-181
-225
-256
-278
-287
-277
-239
-181
-108
-28
51
122
171
196
208
214
212
201
176
153
114
54
-12
-72
-116
-137
-151
-163
-167
-153
-110
-47
24
103
181
234
262
270
265
267
255
206
133
55
-26
-102
-171
-233
-280
-312
-332
-347
-330
-279
-212
-138
-62
15
87
150
197
219
229
220
195
166
126
78
21
-40
-90
-113
-125
-120
-110
-88
-57
-21
16
68
124
168
194
197
184
147
87
11
-65
-138
-208
-277
-342
-395
-422
-411
-377
-325
-261
-185
-101
-22
62
152
240
321
376
400
413
409
392
356
307
244
166
78
-6
-71
-117
-134
-138
-141
-138
-125
-118
-98
-73
-43
-16
-1
3
-7
-32
-58
-81
-96
-110
-125
-158
-190
-201
-187
-146
-88
-24
30
88
133
179
226
265
281
272
238
190
138
78
16
-47
-105
-153
-184
-206
-209
-203
-183
-139
-84
-25
39
96
143
183
215
236
243
223
185
121
50
-17
-82
-138
-186
-222
-234
-223
-191
-150
-98
-40
18
69
112
151
184
199
194
172
151
131
93
34
-43
-122
-199
-265
-308
-322
-317
-299
-268
-216
-136
-34
65
143
199
233
250
255
254
245
223
180
114
43
-19
-72
-122
-170
-211
-231
-230
-209
-166
-105
-30
37
108
172
223
253
254
240
215
186
146
86
11
-67
-131
-178
-203
-211
-216
-214
-202
-170
-103
-18
62
130
172
194
204
204
197
175
127
63
-11
-81
-145
-201
-246
-276
-290
-290
-264
-221
-163
-93
-8
77
156
221
262
287
292
288
278
244
191
125
57
-4
-59
-110
-148
-176
-201
-202
-183
-143
-98
-50
-6
38
82
121
145
149
137
112
83
45
6
-41
-89
-135
-177
-200
-205
-196
-175
-149
-115
-67
-9
57
114
168
202
218
214
192
168
131
89
39
-18
-65
-99
-133
-156
-161
-145
-133
-116
-90
-64
-34
-3
25
61
99
124
134
132
124
107
89
68
32
-1
-39
-71
-85
-84
-69
-46
-18
1
20
35
48
50
44
37
22
-4
-28
-39
-51
-54
-55
-58
-53
-59
-68
-70
-60
-41
-17
5
26
47
63
92
116
127
130
119
95
64
34
15
-1
-24
-42
-57
-68
-70
-68
-63
-57
-50
-45
-29
-6
16
31
38
39
38
28
13
-5
-34
-67
-99
-120
-120
-106
-86
-67
-43
-22
9
46
73
99
115
120
115
109
99
84
64
40
15
-11
-39
-61
-78
-89
-87
-82
-67
-46
-33
-20
-2
18
40
57
64
59
44
28
12
-4
-18
-39
-57
-70
-76
-73
-47
-7
23
49
73
95
108
116
123
126
122
107
88
66
42
7
-26
-55
-87
-127
-159
-182
-194
-185
-157
-124
-87
-48
-12
20
43
68
85
93
91
82
70
59
50
30
14
6
-11
-28
-45
-53
-56
-50
-34
-10
20
50
73
83
86
77
65
44
18
-16
-50
-79
-109
-124
-121
-117
-110
-102
-89
-79
-60
-32
3
47
91
129
159
179
188
181
164
140
106
64
19
-25
-69
-99
-118
-129
-132
-124
-110
-96
-75
-50
-22
10
39
54
67
74
72
69
65
58
42
18
-5
-27
-45
-55
-67
-66
-59
-55
-41
-20
-1
19
48
73
88
96
93
77
54
31
5
-21
-45
-73
-93
-109
-115
-110
-98
-78
-58
-46
-23
5
35
72
107
135
154
161
157
142
120
89
51
11
-29
-69
-102
-124
-136
-142
-134
-116
-98
-78
-52
-19
14
43
69
87
94
93
82
67
47
16
-14
-43
-75
-103
-124
-133
-131
-115
-87
-55
-22
16
54
89
120
139
152
158
148
128
101
76
48
14
-13
-38
-71
-101
-128
-143
-146
-142
-130
-109
-76
-37
10
57
98
125
136
132
118
85
58
29
0
-26
-49
-65
-79
-84
-82
-79
-76
-69
-60
-37
-5
27
65
105
133
150
154
146
125
87
39
-19
-74
-126
-165
-190
-194
-182
-156
-121
-77
-27
17
67
107
137
171
205
225
227
210
183
142
80
7
-63
-129
-190
-244
-275
-286
-270
-229
-174
-113
-48
14
73
122
165
201
220
224
215
189
153
105
51
-6
-67
-126
-180
-223
-246
-248
-234
-200
-145
-83
-10
60
124
180
216
236
234
218
181
133
78
25
-24
-72
-112
-151
-183
-198
-195
-177
-146
-102
-50
3
60
115
167
209
235
234
217
183
133
73
5
-67
-134
-187
-225
-249
-250
-234
-204
-160
-101
-37
25
84
132
172
203
218
224
217
188
148
90
31
-32
-91
-143
-187
-210
-216
-204
-174
-130
-72
-7
56
117
163
199
222
230
225
200
171
129
68
2
-72
-140
-201
-248
-278
-294
-291
-269
-227
-165
-91
-11
71
144
203
245
276
287
281
260
213
151
79
4
-71
-138
-192
-230
-253
-255
-244
-219
-174
-118
-53
8
67
121
163
198
231
243
235
210
161
97
21
-58
-132
-203
-261
-301
-320
-315
-283
-225
-134
-34
67
165
253
328
376
402
404
378
324
242
142
32
-79
-187
-287
-371
-433
-471
-461
-414
-335
-227
-102
23
144
253
340
400
433
433
400
336
245
145
34
-86
-193
-301
-415
-506
-555
-535
-467
-373
-254
-112
43
193
326
441
538
604
632
610
538
420
279
129
-21
-161
-292
-394
-465
-503
-505
-474
-414
-331
-233
-120
1
130
251
356
429
459
430
353
253
145
31
-89
-200
-294
-359
-399
-418
-405
-361
-287
-184
-67
46
150
239
315
377
403
399
385
344
280
189
82
-24
-133
-237
-326
-386
-413
-406
-365
-289
-194
-86
25
133
234
314
366
395
396
367
303
217
116
10
-99
-203
-288
-357
-412
-446
-457
-436
-391
-318
-225
-120
-8
105
222
331
412
459
477
463
415
337
243
136
24
-80
-170
-242
-296
-331
-342
-324
-288
-239
-172
-95
-10
73
144
206
257
292
304
294
258
202
132
56
-19
-96
-171
-227
-260
-282
-279
-253
-208
-147
-75
-3
69
140
200
257
295
317
315
285
237
170
90
4
-86
-164
-227
-269
-304
-315
-309
-289
-244
-183
-118
-50
21
88
154
206
242
262
262
255
243
214
173
119
61
0
-56
-109
-150
-180
-189
-186
-170
-148
-126
-102
-72
-36
-9
22
52
80
96
99
93
77
55
30
3
-27
-51
-70
-86
-103
-118
-125
-120
-97
-69
-26
27
78
123
163
184
189
180
166
144
113
78
28
-27
-81
-127
-165
-192
-206
-214
-200
-176
-148
-118
-82
-39
3
46
96
141
179
206
214
208
185
147
103
53
10
-31
-62
-81
-100
-111
-119
-117
-107
-87
-62
-38
-11
13
44
71
91
104
107
98
71
32
-2
-36
-72
-97
-121
-136
-140
-130
-104
-70
-36
0
30
56
81
93
105
113
118
114
105
93
69
37
2
-34
-71
-103
-128
-145
-143
-128
-96
-55
-8
34
73
105
133
143
149
147
128
99
57
15
-25
-58
-83
-95
-107
-115
-112
-102
-85
-60
-27
6
45
79
107
127
135
131
119
96
56
15
-30
-67
-93
-107
-116
-118
-101
-83
-62
-46
-33
-22
-3
20
48
69
90
98
100
94
78
54
23
-7
-39
-65
-84
-95
-94
-82
-66
-56
-41
-22
-4
11
25
36
38
39
41
44
44
44
45
45
43
30
9
-15
-46
-67
-75
-71
-62
-45
-26
-6
13
29
42
51
53
53
48
44
37
26
11
-7
-28
-56
-76
-91
-94
-94
-91
-84
-70
-49
-26
4
37
72
101
118
125
116
98
72
48
24
12
4
-6
-19
-33
-51
-64
-73
-83
-84
-75
-62
-44
-27
-8
7
17
26
33
39
45
50
46
37
29
18
3
-16
-27
-31
-30
-26
-22
-23
-22
-24
-28
-21
-10
1
23
50
72
82
82
75
63
46
21
-6
-27
-44
-51
-57
-61
-55
-47
-29
-13
2
16
27
33
44
48
50
48
49
50
49
48
37
22
4
-14
-31
-46
-58
-64
-64
-52
-37
-23
-6
8
21
26
26
23
18
14
13
10
3
-1
-4
-9
-11
-15
-21
-21
-15
-11
-6
-2
0
2
3
7
10
11
11
8
1
-9
-23
-34
-42
-46
-47
-36
-20
-3
15
28
28
22
15
3
-11
-20
-23
-20
-16
-14
-11
-9
-3
-2
-8
-7
-5
-8
-7
-5
0
5
16
28
36
41
42
37
29
22
10
-1
-6
-9
-16
-17
-16
-18
-17
-16
-12
-9
-12
-9
-6
1
7
7
6
1
-6
-3
-1
0
3
9
18
28
35
42
45
46
44
40
29
21
15
8
-2
-9
-14
-19
-26
-36
-46
-56
-55
-54
-52
-47
-39
-30
-19
-3
14
31
44
51
54
53
44
28
15
-3
-16
-23
-26
-23
-17
-3
8
16
20
20
14
5
-3
-10
-16
-18
-15
-12
-7
-1
1
10
16
16
11
-1
-11
-16
-21
-19
-11
-3
6
14
22
26
24
22
19
10
3
-6
-7
-7
-2
4
8
10
9
5
-4
-9
-15
-17
-18
-16
-15
-11
-4
4
10
17
27
25
16
4
-10
-25
-35
-43
-49
-54
-50
-43
-36
-24
-11
