-1
1
-1
-1
1
-1
0
2
-3
2
-1
-1
1
-2
2
-1
1
1
-1
1
-1
1
-1
1
-1
1
1
-2
1
-1
-2
0
-1
2
-2
1
1
1
1
-1
2
1
-3
2
-1
-1
1
-2
2
-2
0
0
0
1
-1
1
-1
2
-1
1
1
-4
3
-3
-1
3
-2
-1
1
-1
2
0
-2
2
-1
-2
0
0
1
-1
0
1
1
-2
2
-1
1
0
-4
3
0
-2
1
-1
0
2
-1
0
2
-1
1
1
-1
3
-3
2
2
-3
0
0
-1
2
-1
-1
3
-2
0
0
1
-1
-1
1
-1
3
-5
2
2
-3
3
-3
3
-1
-2
5
-4
4
-2
-1
3
-2
-1
-3
1
0
-2
1
0
1
0
0
2
1
-1
2
-1
-1
3
-2
0
2
-3
3
-4
3
-1
0
1
-2
4
-6
3
1
-1
3
-1
0
-1
1
-2
0
2
-2
3
-3
-1
3
-3
3
-2
1
-1
2
-2
1
-2
-1
3
-3
3
-2
1
0
-3
4
-1
-2
3
-2
1
-1
-3
1
2
-3
2
2
-4
3
-1
1
1
-2
3
0
0
0
-3
4
-2
-1
2
-2
1
-2
-2
2
1
-4
4
-3
0
2
-3
4
0
1
4
-3
2
0
-1
2
-3
-1
3
-5
-1
4
-4
2
2
-2
3
1
-2
2
-2
0
-2
-1
-1
-1
0
0
-1
0
-2
0
2
0
0
3
-2
0
0
-1
1
1
-2
3
-1
-2
4
-4
0
1
-1
1
-1
0
-1
-2
-1
-1
2
1
-1
2
2
0
1
0
2
1
-1
-1
0
-3
-1
-1
-3
2
-1
-2
1
0
-2
-1
2
-1
3
-2
0
3
-3
2
0
1
0
2
-2
3
0
-2
3
-3
1
-1
0
4
-2
1
0
-2
3
-4
-2
1
-1
-2
0
0
1
-2
3
3
-3
2
-2
-1
2
-2
-2
2
-3
-3
3
-1
-1
2
0
3
2
-1
1
3
-1
0
2
-1
-1
0
1
1
3
0
2
3
0
1
2
-2
1
0
-4
1
0
-5
-1
-1
-2
0
-2
1
0
-1
-1
0
1
-1
-1
1
-3
1
-1
-1
7
-3
2
6
0
6
1
2
5
4
4
4
6
3
5
2
5
8
4
3
4
7
3
4
6
2
5
2
4
4
-1
3
1
0
-4
0
-6
-5
-4
-10
-4
-8
-11
-8
-11
-10
-10
-13
-11
-14
-15
-13
-19
-13
-16
-22
-12
-20
-17
-13
-22
-13
-14
-18
-13
-14
-12
-13
-13
-7
-8
-7
-6
-3
0
-2
2
6
4
9
11
13
18
14
21
21
22
27
26
28
31
30
31
33
34
38
33
35
36
32
38
30
33
35
27
30
29
24
26
19
17
18
12
11
8
3
1
-2
-4
-6
-12
-13
-16
-17
-19
-25
-25
-28
-27
-32
-34
-33
-36
-37
-38
-36
-38
-40
-36
-34
-33
-32
-32
-27
-28
-28
-23
-23
-23
-19
-18
-13
-13
-12
-6
-5
-3
-2
-1
3
7
5
8
9
11
12
13
16
16
16
17
17
20
17
14
14
13
13
9
8
9
4
1
2
0
0
-3
-7
-5
-8
-11
-13
-14
-14
-19
-18
-18
-19
-19
-21
-20
-18
-20
-17
-17
-14
-12
-12
-9
-5
-4
-1
3
7
12
13
18
23
26
27
31
35
38
39
42
46
48
48
51
53
55
55
58
60
59
60
57
57
60
57
54
55
51
48
44
38
36
29
24
20
13
9
2
-4
-7
-13
-22
-27
-32
-37
-43
-49
-52
-58
-63
-68
-73
-78
-82
-86
-88
-93
-95
-97
-98
-97
-98
-97
-95
-92
-88
-85
-80
-74
-70
-65
-57
-50
-44
-36
-28
-19
-13
-7
1
6
11
19
25
30
34
41
45
49
51
54
59
62
62
64
65
64
63
62
61
59
54
50
46
40
34
29
23
18
11
6
1
-4
-8
-13
-15
-18
-22
-23
-25
-26
-28
-29
-27
-24
-23
-21
-16
-14
-11
-7
-2
3
6
10
16
23
27
35
46
57
72
86
102
120
134
148
162
173
178
184
183
192
196
197
196
191
190
185
176
172
168
163
158
153
146
135
125
107
92
73
55
38
22
6
-16
-41
-69
-99
-129
-160
-199
-226
-255
-280
-294
-302
-299
-291
-293
-288
-303
-353
-441
-570
-716
-849
-968
-1066
-1132
-1186
-1223
-1242
-1243
-1233
-1182
-1070
-917
-697
-426
-120
196
479
727
943
1129
1292
1444
1580
1711
1807
1823
1781
1664
1462
1170
794
406
24
-349
-721
-1087
-1442
-1770
-2023
-2146
-2118
-1952
-1645
-1215
-690
-109
492
1090
1674
2226
2726
3186
3582
3875
4002
3938
3741
3438
3054
2618
2132
1635
1120
574
10
-547
-1050
-1516
-1927
-2199
-2343
-2385
-2346
-2267
-2144
-1989
-1801
-1548
-1220
-844
-509
-268
-86
51
89
33
-62
-161
-307
-526
-707
-925
-1259
-1664
-2048
-2271
-2439
-2673
-2878
-3121
-3607
-4389
-5199
-5641
-5728
-5683
-5384
-4694
-3768
-2873
-2105
-1286
-403
459
1396
2522
3838
5131
6191
6980
7379
7362
7083
6675
6208
5652
5141
4719
4182
3465
2547
1500
346
-907
-1949
-2610
-2931
-3013
-2974
-2832
-2624
-2418
-2147
-1687
-1109
-413
487
1478
2428
3190
3740
4099
4215
4148
3984
3782
3545
3181
2712
2090
1292
374
-657
-1632
-2502
-3294
-3871
-4287
-4657
-4905
-5030
-5049
-4884
-4513
-3942
-3209
-2433
-1582
-663
209
1026
1746
2354
2867
3171
3317
3367
3184
2715
2092
1441
770
106
-515
-1058
-1592
-2084
-2466
-2752
-2921
-2983
-2884
-2626
-2229
-1588
-784
-8
609
1013
1428
1894
2319
2622
2796
2863
2833
2653
2221
1545
615
-497
-1588
-2433
-2997
-3391
-3656
-3727
-3633
-3552
-3553
-3698
-4404
-5821
-7380
-8160
-7827
-6993
-6040
-4780
-3257
-1945
-1115
-442
471
1553
2669
4028
5801
7703
9211
9906
9692
8764
7568
6511
5681
5022
4531
4201
3760
2903
1685
300
-1250
-2878
-4164
-4515
-3907
-2906
-2006
-1358
-924
-712
-543
-60
859
2043
3267
4440
5439
5957
5880
5328
4453
3388
2435
1935
1750
1433
725
-287
-1470
-2884
-4333
-5370
-5857
-6009
-6049
-5881
-5445
-5069
-4920
-4829
-4410
-3582
-2549
-1261
262
1703
2766
3373
3711
3899
3820
3528
3245
2970
2557
1937
1064
-12
-1185
-2326
-3177
-3618
-3726
-3594
-3355
-3054
-2659
-2226
-1770
-1165
-380
521
1481
2396
3069
3377
3390
3262
3079
2813
2541
2345
1998
1240
248
-689
-1670
-2934
-4224
-4951
-5141
-5306
-5549
-5458
-4998
-4651
-4545
-4372
-4431
-5383
-6821
-7460
-6777
-5616
-4715
-3626
-1983
-426
474
1027
1798
2792
3711
4721
6084
7600
8840
9364
8840
7355
5493
4027
3181
2495
1912
1718
1744
1378
379
-701
-1493
-2274
-2960
-2800
-1426
528
2122
3058
3521
3616
3567
3740
4217
4811
5409
6009
6412
6161
5169
3816
2333
766
-594
-1325
-1389
-1317
-1650
-2450
-3434
-4368
-5075
-5382
-5185
-4477
-3429
-2300
-1342
-814
-757
-922
-984
-720
-200
352
816
1009
547
-691
-2255
-3379
-3818
-3924
-3778
-3158
-2188
-1518
-1495
-1743
-1896
-1917
-1675
-889
366
1518
2086
2186
2077
1845
1621
1596
1852
2304
2749
3141
3385
3205
2505
1469
505
-121
-410
-392
-237
-280
-598
-1048
-1649
-2561
-3612
-4182
-4047
-3687
-3387
-2941
-2346
-2072
-2311
-2523
-2328
-1931
-1435
-1181
-2161
-4661
-7196
-7928
-7207
-6856
-6888
-5733
-3354
-1471
-882
-436
767
2034
2846
3994
6046
8347
9819
9944
8892
7261
5893
5179
4556
3578
2843
2852
2885
1940
254
-1163
-2165
-3258
-4017
-3372
-1365
632
1584
1824
2142
2651
3167
3741
4424
5186
6033
6821
7102
6459
5122
3644
2093
435
-788
-1112
-1055
-1635
-2996
-4302
-5053
-5541
-5970
-6106
-5700
-4801
-3633
-2423
-1422
-823
-609
-504
-210
433
1268
1889
1979
1489
449
-1106
-2793
-3903
-4182
-4021
-3685
-3010
-2120
-1682
-1902
-2231
-2278
-2020
-1343
-86
1477
2621
3001
2862
2496
2195
2216
2443
2747
3094
3369
3447
3203
2698
1986
985
-53
-621
-722
-674
-701
-933
-1313
-1724
-2046
-2372
-2974
-3622
-3792
-3524
-3055
-2346
-1543
-1185
-1468
-1769
-1611
-1304
-1064
-971
-1961
-4851
-8209
-9431
-8319
-7375
-7656
-7244
-4911
-2359
-1280
-824
482
2261
3500
4659
6604
8943
10574
10851
9774
7952
6363
5534
4831
3468
1965
1374
1350
595
-1064
-2509
-3192
-3717
-4258
-3766
-1689
884
2470
2887
3130
3787
4626
5360
5955
6412
6789
7158
7272
6600
5023
3142
1430
-186
-1642
-2434
-2479
-2631
-3632
-4986
-5732
-5769
-5655
-5561
-5110
-4055
-2524
-912
347
1051
1363
1592
1776
1798
1831
1908
1483
163
-1634
-3174
-4284
-5231
-5916
-5989
-5523
-4808
-3930
-2996
-2233
-1765
-1374
-713
410
1824
3137
3897
3875
3458
3051
2829
2715
2576
2357
2026
1728
1593
1436
998
267
-447
-886
-1067
-1077
-988
-877
-910
-1055
-1163
-1086
-790
-508
-585
-1001
-1267
-1143
-883
-706
-565
-477
-627
-1070
-1587
-1872
-1820
-2106
-4004
-7561
-10529
-10761
-9181
-8311
-8281
-6989
-4012
-1431
-395
381
2044
3927
5258
6588
8575
10721
11947
11612
9767
7192
5097
3999
3097
1561
-46
-703
-794
-1682
-3467
-4827
-5147
-5157
-5067
-3776
-860
2203
3804
4155
4557
5521
6599
7350
7752
7930
8024
8028
7571
6203
4067
1842
-80
-1824
-3336
-4165
-4247
-4337
-5097
-6054
-6236
-5506
-4593
-3894
-2975
-1370
641
2365
3402
3764
3658
3363
3001
2530
1948
1291
376
-1169
-3355
-5556
-7137
-8068
-8500
-8266
-7162
-5454
-3740
-2371
-1255
-308
403
1073
2195
3881
5388
5833
5243
4312
3334
2231
1239
664
315
-121
-429
-294
-77
-338
-916
-1270
-1280
-1009
-404
390
890
815
410
91
-75
-249
-623
-1395
-2238
-2486
-2058
-1573
-1422
-1427
-1444
-1774
-2647
-3534
-3596
-2874
-2848
-5037
-8637
-10709
-9854
-8108
-7680
-7565
-5500
-1971
603
1722
2890
4589
5868
6514
7507
9216
10838
11491
10695
8441
5676
3718
2671
1413
-444
-1798
-1888
-1703
-2374
-3489
-3923
-3581
-3244
-2835
-1274
1646
4497
6023
6463
6773
7293
7768
8038
7919
7298
6600
6239
5720
4257
1962
-274
-2067
-3756
-5226
-5781
-5373
-4920
-5104
-5388
-4812
-3512
-2415
-1828
-1162
194
2052
3621
4363
4275
3741
3078
2163
884
-389
-1430
-2816
-4975
-7108
-8050
-8016
-8153
-8433
-7815
-6153
-4354
-2800
-1064
781
1955
2417
3083
4332
5409
5577
4835
3595
2309
1183
378
-91
-404
-777
-1186
-1262
-808
-221
47
94
62
-41
14
553
1284
1430
883
436
389
315
139
39
-213
-917
-1645
-1613
-1007
-844
-1317
-1781
-2111
-2845
-3943
-4284
-3428
-3179
-5480
-9231
-11154
-9986
-7996
-7289
-6673
-4132
-560
1783
2660
3538
4993
6121
6743
7752
9388
10817
11141
9903
7250
4131
1849
782
-153
-1593
-2558
-2320
-1847
-2322
-3271
-3401
-2679
-2061
-1414
359
3317
6091
7525
7770
7729
7759
7744
7602
7142
6322
5493
4889
4101
2513
230
-1930
-3558
-4955
-6008
-6066
-5052
-3957
-3649
-3692
-3144
-1978
-980
-347
482
1944
3593
4606
4707
4073
2889
1552
466
-426
-1321
-2073
-2715
-4094
-6667
-9165
-10016
-9510
-8884
-7946
-5708
-2732
-663
381
1488
2679
3064
2936
3773
5631
6732
6038
4457
3002
1483
-240
-1449
-1751
-1700
-1861
-1914
-1328
-496
-183
-394
-561
-364
-20
425
1212
2028
2059
1275
547
447
572
272
-447
-1105
-1303
-1002
-553
-470
-836
-1404
-2286
-3626
-4767
-4635
-3650
-4160
-7384
-10943
-11614
-9607
-7885
-7494
-6280
-2956
588
2380
3061
4161
5671
6661
7241
8310
10043
11601
11777
9828
6430
3333
1676
868
-337
-1831
-2414
-1957
-1797
-2720
-3753
-3740
-3017
-2542
-1793
555
4072
6794
7642
7530
7642
7904
7838
7404
6740
6024
5433
4824
3674
1723
-516
-2383
-3959
-5433
-6228
-5738
-4400
-3422
-3362
-3448
-2786
-1670
-930
-539
351
2065
3787
4614
4517
3919
2974
1612
-9
-1420
-2378
-3326
-4844
-6665
-7974
-8548
-8807
-8748
-7832
-6111
-4264
-2501
-553
1325
2544
3109
3525
4077
4681
5108
5008
4114
2711
1429
493
-230
-753
-1059
-1210
-1226
-1029
-600
-134
42
-168
-494
-492
-47
592
1040
1188
1121
923
798
603
110
-614
-1323
-1812
-1868
-1392
-758
-594
-1033
-1778
-2726
-3613
-3779
-3593
-4908
-8327
-11309
-11207
-9107
-7848
-7425
-5639
-2431
2
984
2059
4113
6155
7253
7939
9133
10765
11848
11311
8884
5603
3043
1836
1149
-72
-1456
-1858
-1540
-1996
-3443
-4249
-3537
-2605
-2468
-1806
826
4274
6374
6807
6879
7353
7813
7916
7807
7530
7044
6440
5544
4071
2142
231
-1484
-3270
-5055
-5997
-5600
-4669
-4346
-4673
-4651
-3823
-2852
-2160
-1295
44
1496
2701
3471
3707
3557
3291
2774
1721
639
37
-1084
-4015
-7604
-9513
-9642
-9492
-9097
-7378
-4776
-3020
-2319
-1274
360
1585
2229
3105
4553
5890
6408
6031
4744
2694
678
-606
-1096
-1005
-706
-599
-769
-992
-1073
-1167
-1365
-1453
-1391
-1168
-409
834
1662
1495
992
796
302
-906
-1758
-1429
-820
-971
-1366
-1044
-536
-1064
-2583
-3915
-4166
-3792
-4431
-6953
-9830
-10644
-9303
-8088
-7972
-6965
-3880
-524
1142
1664
2851
4949
6774
7742
8421
9482
10979
11926
10997
8248
5372
3703
2726
1211
-684
-1655
-1497
-1491
-2523
-3900
-4352
-3872
-3554
-3538
-2439
438
3661
5470
6023
6619
7521
7950
7701
7276
7129
7250
7175
6354
4729
2968
1443
-365
-2807
-4974
-5743
-5393
-5150
-5526
-5815
-5376
-4581
-4077
-3777
-2945
-1280
586
1842
2528
3260
4213
4592
3663
1952
686
-104
-1568
-3875
-5749
-6473
-6894
-7539
-7495
-6267
-4843
-4058
-3359
-2190
-784
403
1312
2172
2927
3603
4102
4111
3549
2800
2199
1753
1399
1137
1040
1084
1064
758
223
-142
-282
-633
-1289
-1623
-1369
-1077
-1158
-1329
-1257
-1249
-1733
-2512
-2973
-2813
-2237
-1551
-876
-262
-117
-831
-1885
-2370
-2565
-4043
-7216
-9972
-10113
-8461
-7428
-7291
-6258
-3853
-1864
-1364
-972
808
3369
5312
6517
7856
9679
11352
11866
10624
8146
5990
5119
4696
3536
2060
1425
1297
197
-1997
-3598
-3709
-3508
-4128
-4727
-3718
-1231
953
1865
2317
3242
4427
5231
5694
6329
7252
8041
8243
7671
6603
5569
4557
2876
434
-1637
-2379
-2433
-3106
-4390
-5237
-5392
-5568
-6064
-6265
-5540
-4143
-2901
-2107
-1312
-173
984
1480
1077
321
-45
92
251
197
242
424
171
-660
-1387
-1658
-1887
-2371
-2859
-3058
-2986
-2749
-2432
-2220
-2208
-2167
-1890
-1390
-657
311
1322
2114
2598
2896
3172
3400
3373
2857
1989
1339
1138
957
509
61
-289
-941
-2053
-3071
-3537
-3859
-4637
-5666
-6103
-5470
-4281
-3414
-2989
-2520
-1930
-1583
-1827
-3040
-5355
-7696
-8338
-7133
-5834
-5208
-3906
-1347
681
764
98
594
2229
3654
4588
5903
7910
9871
10717
9874
7889
5966
4735
3826
2789
2118
2545
3516
3521
2010
117
-858
-1284
-2408
-3833
-3691
-1594
568
1318
1475
2294
3277
3283
2577
2466
3522
5047
6072
6284
6025
5686
5140
3956
2146
464
-376
-612
-1032
-1719
-2028
-1874
-2174
-3480
-4901
-5141
-4392
-3817
-3727
-3377
-2315
-1336
-1334
-2059
-2648
-2951
-3389
-3877
-3647
-2376
-817
183
587
768
885
923
866
705
554
660
955
963
486
-53
-454
-1082
-2044
-2728
-2576
-1776
-898
-192
497
1195
1616
1447
859
430
366
347
293
510
949
1118
837
369
-269
-1362
-2712
-3671
-4005
-3898
-3472
-2873
-2607
-3096
-3930
-4340
-4571
-5776
-8181
-10200
-10095
-8196
-6402
-5463
-4264
-2090
-21
697
596
1267
3149
5225
6637
7711
9157
10859
11656
10605
8374
6598
5924
5272
3740
2343
2500
3544
3358
1320
-846
-1678
-2008
-3306
-5048
-5265
-3437
-1314
-455
-248
681
2182
2979
2685
2386
3212
4966
6452
6974
7024
7270
7395
6518
4684
3028
2229
1659
450
-1113
-1999
-2062
-2325
-3529
-5110
-6066
-6248
-6269
-6412
-6273
-5554
-4634
-4079
-3872
-3492
-2638
-1592
-764
-95
831
2139
3334
3835
3631
3144
2597
1871
983
245
-144
-424
-958
-1719
-2283
-2507
-2730
-3298
-3887
-3930
-3274
-2128
-934
65
859
1452
1705
1581
1389
1438
1605
1593
1451
1404
1437
1280
673
-457
-1828
-2937
-3627
-4162
-4597
-4510
-3790
-3155
-3329
-4058
-4543
-4606
-5023
-6531
-8637
-9777
-9010
-7245
-5976
-5163
-3625
-1323
268
415
312
1360
3355
5042
5930
6831
8556
10514
11202
10131
8523
7606
6979
5658
4000
3387
4087
4663
3847
2154
979
620
-33
-1728
-3519
-3911
-2906
-1880
-1537
-1119
28
1163
1183
300
-107
811
2394
3441
3723
4095
5077
5986
5934
5107
4318
3771
3017
1954
1090
757
631
85
-1108
-2463
-3270
-3533
-3968
-4939
-5969
-6520
-6663
-6704
-6621
-6146
-5306
-4499
-3923
-3265
-2133
-675
564
1333
1856
2394
2998
3476
3589
3338
2929
2480
1929
1278
732
394
4
-692
-1465
-1864
-1760
-1494
-1445
-1550
-1516
-1353
-1331
-1510
-1593
-1402
-1162
-1002
-716
-247
151
223
-81
-592
-1033
-1309
-1578
-1902
-1993
-1612
-1078
-955
-1348
-1873
-2173
-2545
-3712
-5725
-7556
-8205
-7940
-7716
-7644
-6897
-5253
-3710
-3113
-3001
-2338
-865
750
1986
3101
4663
6708
8558
9493
9595
9511
9452
9040
8107
7202
6975
7241
7133
6244
5121
4385
3760
2495
585
-1034
-1685
-1772
-2018
-2321
-2097
-1419
-1066
-1398
-1915
-2003
-1585
-1028
-605
-156
654
1779
2725
3171
3349
3578
3755
3551
2938
2305
2019
1991
1844
1426
956
560
-17
-1097
-2562
-3954
-4954
-5601
-5988
-6011
-5527
-4704
-3887
-3355
-3051
-2713
-2312
-1928
-1615
-1191
-458
480
1290
1791
2011
2002
1766
1351
865
471
280
231
166
73
57
81
-31
-329
-649
-875
-1048
-1206
-1248
-1081
-814
-608
-505
-428
-335
-312
-538
-1067
-1669
-2076
-2347
-2641
-2807
-2548
-1924
-1332
-1040
-962
-864
-695
-797
-1748
-3573
-5329
-6063
-5971
-5938
-6098
-5769
-4771
-3875
-3679
-3781
-3399
-2417
-1413
-785
-129
1252
3363
5335
6405
6762
7069
7492
7600
7213
6822
7023
7695
8128
7972
7622
7493
7188
6021
4149
2521
1671
1204
638
151
141
445
458
-103
-945
-1601
-1936
-2157
-2403
-2492
-2169
-1476
-746
-190
250
654
960
1056
936
793
886
1248
1664
1957
2181
2369
2302
1718
676
-541
-1745
-2885
-3796
-4237
-4125
-3629
-3029
-2527
-2225
-2102
-2054
-2016
-1957
-1794
-1436
-916
-348
172
550
694
526
60
-567
-1156
-1509
-1569
-1398
-1026
-506
14
361
494
414
163
-191
-521
-728
-716
-448
-43
291
318
69
-300
-707
-1147
-1570
-1935
-2307
-2687
-2827
-2509
-1907
-1414
-1263
-1369
-1519
-1815
-2693
-4239
-5765
-6462
-6396
-6233
-6082
-5405
-4118
-2970
-2625
-2876
-2968
-2477
-1666
-988
-346
825
2696
4530
5525
5845
6235
6841
7073
6677
6291
6629
7533
8198
8235
8067
8091
7915
6879
5171
3698
2906
2357
1623
988
930
1309
1475
998
100
-698
-1197
-1644
-2233
-2693
-2632
-2103
-1546
-1187
-845
-359
84
165
-95
-330
-220
218
724
1122
1433
1657
1598
1080
204
-707
-1432
-1984
-2377
-2491
-2228
-1755
-1391
-1277
-1311
-1385
-1526
-1753
-1948
-1959
-1743
-1398
-1065
-802
-609
-510
-588
-883
-1291
-1617
-1755
-1770
-1743
-1607
-1256
-796
-490
-419
-374
-225
-114
-150
-176
18
412
801
1022
1058
996
893
640
119
-523
-1018
-1373
-1792
-2223
-2355
-2114
-1825
-1775
-1862
-1867
-1876
-2331
-3535
-5134
-6333
-6759
-6814
-6903
-6720
-5759
-4328
-3314
-3050
-2922
-2245
-1248
-580
-252
456
1972
3786
5079
5762
6380
7128
7511
7135
6432
6209
6647
7179
7318
7272
7466
7723
7359
6103
4550
3411
2652
1828
984
667
1019
1377
1082
239
-546
-966
-1298
-1844
-2432
-2581
-2132
-1460
-923
-485
21
487
576
265
-42
22
385
718
932
1202
1576
1830
1660
1002
113
-721
-1411
-1971
-2304
-2255
-1891
-1497
-1311
-1355
-1463
-1536
-1625
-1801
-2005
-1995
-1691
-1236
-833
-495
-224
-90
-185
-567
-1039
-1397
-1556
-1582
-1506
-1325
-1014
-656
-431
-400
-459
-497
-537
-643
-693
-492
-41
396
573
596
676
710
438
-126
-675
-1117
-1617
-2124
-2291
-1967
-1499
-1307
-1408
-1581
-1845
-2558
-3981
-5827
-7292
-7873
-7867
-7783
-7504
-6547
-5090
-3991
-3691
-3634
-3064
-1986
-974
-212
867
2752
5013
6663
7352
7651
8032
8167
7613
6734
6390
6852
7495
7655
7434
7381
7505
7083
5671
3842
2527
1836
1183
352
-105
143
582
512
-166
-923
-1356
-1627
-2067
-2558
-2559
-1830
-789
20
563
1134
1720
1946
1661
1226
1104
1342
1638
1829
2055
2385
2499
1970
836
-392
-1337
-2070
-2729
-3149
-3108
-2704
-2321
-2220
-2363
-2554
-2718
-2910
-3094
-3023
-2487
-1657
-915
-425
-65
234
338
149
-183
-400
-406
-317
-299
-343
-323
-245
-309
-652
-1099
-1363
-1379
-1321
-1282
-1132
-741
-238
94
174
185
257
233
-57
-504
-889
-1215
-1572
-1887
-1901
-1562
-1218
-1164
-1366
-1659
-2204
-3423
-5343
-7230
-8233
-8311
-8090
-7827
-7071
-5604
-4106
-3397
-3330
-3017
-2013
-755
246
1288
3022
5389
7457
8496
8759
8962
9176
8817
7770
6831
6743
7221
7414
7038
6576
6329
5793
4337
2243
470
-488
-992
-1464
-1728
-1399
-673
-262
-540
-1163
-1599
-1770
-1898
-1960
-1616
-649
628
1657
2240
2606
2924
3018
2718
2245
2016
2172
2456
2581
2531
2407
2069
1236
-96
-1575
-2862
-3775
-4343
-4589
-4468
-4057
-3552
-3261
-3227
-3213
-3060
-2856
-2648
-2299
-1638
-721
164
782
1131
1302
1286
1061
730
501
455
469
408
299
250
236
102
-261
-773
-1252
-1606
-1827
-1889
-1706
-1307
-901
-659
-508
-321
-274
-657
-1322
-1821
-2011
-2141
-2298
-2192
-1694
-1104
-821
-937
-1313
-1949
-3159
-5117
-7277
-8628
-8751
-8253
-7770
-7115
-5889
-4503
-3773
-3731
-3526
-2552
-1102
270
1654
3636
6261
8622
9803
9929
9808
9713
9222
8209
7376
7379
7840
7885
7226
6364
5646
4610
2671
168
-1835
-2813
-3215
-3511
-3438
-2689
-1751
-1438
-1808
-2138
-1909
-1298
-673
53
1263
3010
4732
5767
6054
6007
5811
5258
4337
3526
3273
3432
3425
2905
2046
1139
14
-1770
-4082
-6057
-7066
-7370
-7430
-7164
-6349
-5336
-4720
-4563
-4407
-3880
-2999
-1968
-877
376
1813
3130
3895
4028
3815
3442
2860
2113
1477
1147
973
643
37
-688
-1339
-1933
-2576
-3173
-3452
-3334
-3058
-2865
-2621
-2102
-1450
-1051
-991
-879
-389
226
498
399
239
23
-580
-1504
-2132
-2066
-1672
-1577
-1871
-2232
-2783
-4239
-6818
-9430
-10651
-10405
-9750
-9076
-7678
-5345
-3227
-2367
-2276
-1673
-150
1595
3043
4658
7097
9947
11887
12172
11476
10798
10086
8716
6893
5732
5741
6053
5542
4202
2851
1681
-78
-2764
-5312
-6346
-5923
-5216
-4685
-3710
-2089
-791
-602
-935
-615
625
2123
3439
4857
6675
8435
9288
8987
8120
7272
6369
5096
3654
2568
1934
1311
263
-1150
-2623
-4102
-5759
-7502
-8776
-9187
-9027
-8741
-8230
-7101
-5504
-4040
-2915
-1767
-351
1111
2320
3321
4297
5211
5749
5690
5197
4568
3831
2823
1561
316
-741
-1681
-2586
-3385
-3911
-4152
-4273
-4377
-4347
-4040
-3561
-3129
-2675
-1873
-659
582
1464
2006
2415
2645
2474
1936
1340
831
239
-535
-1274
-1728
-1936
-2138
-2516
-3061
-3748
-4848
-6839
-9587
-11900
-12566
-11789
-10682
-9491
-7510
-4834
-2745
-1896
-1264
218
2274
4082
5648
7797
10632
13062
13927
13231
11912
10614
9124
7176
5254
4127
3749
3188
1803
25
-1415
-2680
-4531
-6864
-8325
-7920
-6330
-4877
-3710
-2073
-65
1253
1589
2051
3540
5564
7163
8247
9347
10446
10794
9934
8317
6732
5434
4149
2741
1387
192
-1063
-2625
-4441
-6171
-7486
-8346
-8940
-9334
-9293
-8650
-7612
-6508
-5399
-4183
-2858
-1429
208
2088
3980
5501
6405
6743
6708
6362
5607
4495
3318
2198
1000
-357
-1649
-2814
-3909
-5018
-6013
-6501
-6440
-5940
-5127
-4091
-2955
-1850
-853
38
876
1705
2536
3377
4213
4858
5049
4747
4087
3106
1712
59
-1464
-2636
-3521
-4137
-4401
-4495
-4851
-5558
-6223
-6785
-7957
-10185
-12410
-12941
-11554
-9647
-8075
-6156
-3400
-849
385
891
2158
4434
6607
8027
9353
11285
13221
13806
12580
10458
8529
6846
4879
2734
1272
813
426
-946
-2968
-4336
-4751
-5367
-6762
-7603
-6425
-3896
-1871
-708
797
2962
4525
4822
5069
6536
8621
9850
10000
10018
10221
9746
7993
5633
3703
2372
1110
-332
-1659
-2675
-3682
-5085
-6749
-7974
-8263
-7903
-7506
-7120
-6267
-4916
-3662
-2790
-1874
-644
480
1216
2070
3502
5028
5807
5717
5274
4747
3923
2700
1397
355
-506
-1498
-2611
-3466
-3907
-4299
-4931
-5454
-5326
-4562
-3632
-2776
-1842
-732
354
1189
1794
2374
3034
3568
3744
3635
3462
3140
2417
1412
524
-231
-1261
-2662
-4032
-5061
-5800
-6212
-6130
-5804
-5760
-5933
-5908
-6092
-7632
-10360
-12039
-11171
-8994
-7392
-5989
-3335
-5
1892
2026
2358
4083
6121
7243
8003
9574
11695
12817
12000
9852
7640
5890
4148
2084
332
-264
-67
-493
-2040
-3455
-3683
-3609
-4543
-5640
-4792
-1945
604
1650
2544
4396
6000
5985
5385
6110
7963
9099
8857
8333
8244
7718
5878
3362
1453
456
-316
-1299
-2231
-2916
-3705
-4967
-6480
-7481
-7406
-6553
-5633
-4759
-3470
-1857
-874
-960
-1300
-1166
-956
-1057
-808
545
2342
3306
3139
2670
2497
2194
1450
714
645
1024
1051
479
-173
-616
-1341
-2616
-3663
-3660
-2878
-2163
-1750
-1220
-432
242
618
972
1532
2138
2455
2427
2344
2331
2025
1066
-261
-1198
-1468
-1674
-2373
-3352
-4166
-4791
-5372
-5738
-5615
-5245
-4986
-4731
-4705
-5926
-8680
-11180
-11389
-9823
-8560
-7702
-5492
-1907
682
1078
1069
2520
4614
5683
6150
7694
10389
12323
12087
10363
8599
7145
5405
3182
1285
576
703
395
-893
-2261
-2702
-2862
-3965
-5383
-5087
-2659
-197
867
1719
3655
5523
5731
5146
5786
7661
8909
8785
8541
8913
8797
7118
4565
2597
1522
563
-599
-1564
-2276
-3253
-4771
-6338
-7272
-7435
-7194
-6836
-6219
-5146
-3937
-3202
-2976
-2560
-1476
-119
1045
2240
3745
5086
5454
4811
4003
3526
3011
2085
1036
369
-104
-1087
-2558
-3696
-4159
-4413
-4744
-4667
-3770
-2677
-2145
-1928
-1438
-702
-120
340
1184
2423
3382
3694
3676
3653
3417
2579
1385
464
-95
-709
-1596
-2605
-3525
-4287
-4960
-5582
-5943
-5635
-4719
-3982
-3819
-3664
-3554
-4900
-8190
-11078
-10954
-8730
-7256
-6713
-4868
-1614
312
-138
-498
1204
3594
4804
5639
7819
10778
12244
11293
9153
7283
5931
4546
2956
1777
1544
1752
1219
-381
-1924
-2435
-2600
-3500
-4463
-3679
-1062
1218
1844
2126
3450
4872
4990
4653
5654
7616
8577
8132
7638
7590
6899
4991
2906
1694
1097
415
-417
-1166
-2025
-3354
-4940
-6111
-6551
-6437
-6038
-5437
-4803
-4324
-4005
-3747
-3386
-2743
-1600
8
1747
3219
4213
4647
4463
3862
3330
3103
2969
2630
2048
1289
184
-1351
-2908
-4006
-4617
-4976
-4982
-4306
-3214
-2513
-2469
-2550
-2240
-1636
-1034
-254
979
2329
3177
3386
3334
3235
2798
1824
765
160
-78
-424
-1083
-1858
-2643
-3601
-4682
-5464
-5616
-5191
-4513
-3808
-2913
-1747
-1122
-2454
-6006
-9713
-11032
-9928
-8400
-7266
-5387
-2452
-351
-420
-1143
-433
1318
2537
3471
5744
9315
11934
11959
10120
8038
6314
4676
3105
2182
2279
2797
2634
1403
-92
-970
-1597
-2826
-4112
-3794
-1499
1019
2122
2326
2955
3765
3662
3053
3551
5411
7026
7314
7093
7252
7101
5643
3364
1658
1042
841
414
-196
-906
-1994
-3551
-5106
-6057
-6240
-5908
-5300
-4547
-3864
-3491
-3485
-3666
-3614
-2897
-1423
492
2332
3668
4327
4343
3916
3391
3023
2853
2724
2395
1766
882
-231
-1549
-2902
-4028
-4704
-4817
-4344
-3518
-2864
-2728
-2835
-2783
-2425
-1788
-829
490
1766
2567
2925
3103
3018
2529
1890
1488
1294
1019
641
297
-224
-1323
-2920
-4479
-5613
-6238
-6343
-5833
-4816
-3804
-3106
-2478
-2018
-2911
-5959
-9577
-10832
-9151
-6922
-5664
-4175
-1563
398
35
-1165
-700
1274
2902
4056
6116
9194
11452
11352
9313
6875
5038
3748
2691
1980
2031
2613
2566
1220
-552
-1458
-1666
-2341
-3334
-2940
-593
1898
2760
2578
2881
3549
3428
2913
3607
5550
6954
6911
6490
6535
6120
4391
2212
922
629
427
-122
-652
-980
-1632
-3052
-4768
-5752
-5481
-4611
-4041
-3723
-3120
-2340
-2149
-2676
-2900
-1986
-436
819
1770
2902
3923
3976
3057
2252
2196
2362
2149
1680
1307
829
-188
-1587
-2775
-3488
-3890
-4042
-3738
-3005
-2409
-2367
-2605
-2609
-2192
-1415
-342
869
1838
2358
2617
2689
2456
1962
1426
998
615
288
113
-145
-876
-2035
-3233
-4208
-4989
-5603
-5767
-5303
-4541
-3904
-3390
-2777
-2547
-3985
-7212
-10117
-10477
-8667
-6833
-5606
-3762
-1236
141
-304
-782
314
2221
3586
4963
7509
10463
11870
10989
8838
6738
5174
4079
3315
2818
2666
2612
1929
425
-1102
-1912
-2378
-3156
-3617
-2534
-241
1483
1796
1704
2150
2626
2631
2985
4453
6219
7029
6983
6994
7032
6220
4452
2709
1712
1200
726
264
-249
-1243
-2881
-4660
-5869
-6224
-5930
-5314
-4601
-3857
-3156
-2654
-2423
-2277
-1952
-1314
-364
822
2047
2967
3293
3037
2516
2098
1918
1942
1967
1786
1283
416
-640
-1714
-2710
-3578
-4156
-4223
-3785
-3199
-2818
-2646
-2517
-2326
-1924
-1085
142
1349
2209
2757
3134
3306
3093
2427
1561
983
919
1020
900
574
95
-906
-2591
-4284
-5224
-5595
-6012
-6330
-6033
-5345
-4944
-4663
-3761
-2594
-2870
-5380
-8294
-8984
-7218
-5206
-4292
-3393
-1471
256
319
-413
42
1769
3171
3839
5213
7900
10193
10129
8023
5844
4643
3900
3046
2538
2922
3538
3120
1548
148
-216
-353
-1322
-2339
-1707
434
2081
2067
1505
1602
1884
1573
1420
2632
4688
5892
5708
5228
5200
4982
3857
2382
1642
1688
1695
1216
527
-177
-1205
-2672
-3993
-4446
-4052
-3456
-3123
-2892
-2444
-1985
-2051
-2676
-3118
-2715
-1701
-748
-14
667
1027
745
229
279
961
1554
1659
1609
1647
1501
880
-79
-938
-1532
-1971
-2220
-2055
-1567
-1330
-1711
-2325
-2450
-1959
-1180
-355
403
1037
1535
1921
2015
1707
1207
809
504
264
360
589
255
-831
-1838
-2159
-2310
-2912
-3744
-4248
-4608
-5064
-5168
-4506
-3514
-3132
-3120
-2459
-1380
-1776
-4466
-7122
-7289
-5697
-4896
-4911
-3643
-1284
-277
-1381
-2135
-813
1148
2065
2666
4665
7487
9012
8341
6662
5463
4711
3874
3104
3191
4148
4692
3754
1930
854
783
420
-726
-1169
240
2178
2668
1981
1828
2388
2349
1623
1909
3788
5571
5734
5001
4737
4622
3580
1819
699
635
710
291
-207
-333
-607
-1616
-2973
-3740
-3564
-2936
-2325
-1741
-1117
-666
-753
-1306
-1786
-1767
-1315
-817
-426
7
410
411
-121
-697
-825
-661
-551
-456
-135
163
-49
-797
-1538
-1918
-2040
-1987
-1601
-834
-180
-100
-437
-668
-556
-325
-125
212
783
1285
1485
1399
1138
725
102
-529
-902
-831
-516
-353
-607
-1110
-1368
-1484
-1827
-2580
-3352
-3687
-3716
-3659
-3620
-3351
-2847
-2385
-2032
-1513
-445
324
-561
-3217
-5823
-6459
-5657
-5104
-5127
-4464
-2952
-2202
-2814
-3312
-2275
-619
301
1147
3308
6360
8163
7710
6226
5243
4976
4827
4698
4970
5578
5777
4936
3519
2512
2044
1340
128
-416
703
2512
3305
2820
2329
2370
2270
1905
2234
3636
4872
4885
4189
3780
3514
2647
1414
702
730
886
813
624
255
-621
-1965
-3138
-3596
-3259
-2484
-1700
-1138
-819
-763
-1188
-2063
-2860
-3095
-2906
-2666
-2298
-1690
-1286
-1582
-2244
-2472
-2106
-1574
-1045
-353
406
803
749
497
236
-67
-319
-360
-197
6
-81
-431
-839
-1155
-1259
-1126
-698
-81
475
779
829
818
736
541
317
300
475
513
302
-20
-249
-503
-870
-1213
-1320
-1195
-1174
-1457
-1934
-2334
-2638
-2949
-3120
-2931
-2490
-2099
-1603
-821
-581
-2183
-5302
-7617
-7650
-6612
-6223
-5915
-4360
-2461
-2200
-3217
-3192
-1577
-63
727
2309
5405
8212
8807
7537
6135
5389
4849
4272
4159
4869
5661
5335
3688
1880
1026
813
317
-297
220
2059
3632
3651
2895
2777
3124
3059
2926
3783
5268
5845
5177
4413
4162
3657
2374
1073
547
565
405
-90
-658
-1288
-2099
-3005
-3619
-3654
-3194
-2565
-2130
-1921
-1744
-1574
-1679
-2216
-2723
-2615
-1951
-1360
-1242
-1359
-1533
-1935
-2573
-2990
-2771
-2184
-1644
-1146
-510
78
163
-235
-640
-717
-569
-390
-130
223
455
327
-114
-563
-743
-527
-12
600
1172
1647
1961
2015
1821
1511
1219
1026
926
848
675
329
-206
-870
-1480
-1807
-1893
-2024
-2226
-2205
-1946
-1882
-2203
-2522
-2579
-2637
-2866
-2880
-2408
-1804
-1431
-1152
-865
-1218
-2830
-5031
-6311
-6173
-5712
-5694
-5292
-3745
-2128
-1936
-2525
-2070
-512
637
1088
2246
4470
6260
6605
6292
6273
6248
5683
4903
4626
5017
5492
5320
4354
3322
2855
2561
1808
1099
1472
2589
3084
2694
2559
3071
3221
2561
2138
2784
3742
4031
3939
4159
4332
3617
2281
1405
1264
1098
447
-179
-409
-681
-1488
-2547
-3322
-3809
-4222
-4473
-4291
-3749
-3221
-2995
-3118
-3343
-3336
-3007
-2681
-2555
-2345
-1855
-1448
-1533
-1787
-1688
-1393
-1363
-1439
-1055
-324
76
-38
-244
-389
-753
-1195
-1134
-470
154
283
191
243
326
220
93
249
650
1038
1334
1633
1869
1811
1392
838
453
351
406
404
238
-37
-363
-779
-1251
-1611
-1743
-1690
-1548
-1382
-1303
-1424
-1718
-2029
-2278
-2469
-2549
-2424
-2094
-1683
-1332
-1107
-974
-937
-1168
-1790
-2519
-2860
-2782
-2731
-2843
-2653
-1968
-1455
-1631
-1885
-1386
-474
-64
-30
588
1843
2727
2860
3056
3791
4354
4166
3811
4049
4596
4733
4495
4448
4731
4918
4749
4440
4225
4024
3652
3163
2804
2722
2784
2717
2468
2176
1964
1788
1551
1331
1274
1392
1482
1387
1187
1006
799
414
-72
-406
-550
-680
-934
-1238
-1486
-1714
-1985
-2282
-2510
-2655
-2773
-2896
-3015
-3102
-3241
-3456
-3653
-3791
-3905
-3990
-3935
-3747
-3556
-3396
-3143
-2757
-2339
-1971
-1601
-1229
-981
-805
-568
-213
190
556
803
887
850
793
716
584
501
570
756
953
1106
1219
1214
1090
1022
1162
1409
1558
1569
1552
1585
1615
1570
1439
1241
1007
825
737
720
708
624
423
102
-235
-525
-853
-1283
-1723
-2035
-2292
-2584
-2808
-2821
-2721
-2739
-2845
-2867
-2841
-2999
-3357
-3621
-3615
-3405
-3134
-2851
-2578
-2346
-2109
-1880
-1700
-1558
-1302
-839
-286
303
960
1647
2118
2233
2204
2322
2613
2914
3245
3751
4423
5015
5310
5381
5370
5293
5137
5027
5122
5369
5601
5687
5605
5361
4955
4451
3973
3624
3407
3252
3091
