-40
-36
-32
-30
-29
-23
-20
-19
-17
-15
-11
-9
-14
-22
-32
-43
-55
-62
-66
-67
-66
-65
-60
-53
-44
-37
-26
-16
-8
-2
3
4
7
7
5
4
2
2
2
1
2
7
12
18
24
28
29
30
34
38
44
48
51
49
47
45
45
43
40
34
27
20
13
4
-3
-7
-12
-16
-17
-17
-17
-15
-14
-18
-25
-32
-38
-42
-43
-42
-39
-33
-29
-28
-25
-20
-14
-12
-10
-3
3
9
14
19
23
24
25
22
17
11
5
0
-4
-10
-16
-18
-19
-17
-9
1
14
28
39
49
57
66
68
68
66
62
54
45
35
24
11
2
-7
-13
-20
-26
-33
-37
-40
-38
-31
-25
-17
-9
-1
5
12
19
21
19
11
3
-5
-14
-22
-27
-33
-39
-44
-46
-46
-44
-38
-31
-24
-14
-7
1
8
13
18
23
27
28
24
17
6
-1
-5
-7
-8
-7
-9
-10
-8
-2
8
26
45
62
74
82
84
83
78
70
57
40
23
6
-13
-32
-46
-59
-74
-83
-87
-82
-73
-63
-50
-32
-12
5
17
25
31
32
30
25
18
8
-6
-20
-35
-48
-59
-71
-78
-84
-88
-87
-82
-72
-56
-38
-21
-5
9
22
35
46
53
56
52
47
40
34
27
20
13
10
9
8
9
16
22
33
43
50
55
59
62
61
58
50
37
25
11
-7
-28
-43
-56
-68
-72
-69
-64
-57
-48
-32
-11
10
31
50
67
80
87
91
90
86
75
64
49
34
17
1
-9
-15
-18
-24
-35
-41
-42
-43
-40
-35
-28
-19
-16
-14
-15
-12
-13
-14
-19
-28
-39
-49
-54
-61
-70
-80
-86
-89
-87
-79
-67
-51
-34
-20
-6
13
29
41
48
53
57
54
51
45
33
21
9
2
-2
-3
-4
-5
-5
0
9
24
36
46
56
64
72
79
83
82
79
73
63
48
34
24
17
7
-2
-14
-22
-22
-21
-16
-8
0
11
22
35
48
57
58
53
42
26
6
-14
-35
-59
-88
-118
-143
-161
-174
-180
-179
-170
-157
-142
-121
-97
-68
-47
-23
-5
13
29
39
49
49
46
46
47
47
48
47
44
41
37
31
29
32
41
48
54
65
74
82
81
76
66
55
42
25
10
-3
-18
-26
-30
-29
-26
-21
-6
10
25
39
56
72
86
97
106
114
115
106
91
72
52
29
1
-23
-45
-64
-81
-95
-99
-100
-100
-95
-91
-85
-82
-72
-63
-57
-58
-59
-59
-57
-56
-56
-52
-48
-48
-52
-55
-51
-43
-35
-30
-24
-16
-4
9
25
41
52
59
63
68
73
75
72
64
53
38
23
10
0
-6
-15
-28
-33
-31
-30
-27
-22
-14
-5
4
14
26
39
44
43
43
42
43
46
49
54
57
60
61
60
59
57
56
56
60
60
60
62
61
54
44
30
18
7
-4
-18
-31
-48
-64
-77
-87
-92
-97
-101
-109
-110
-108
-106
-99
-92
-82
-76
-70
-61
-51
-42
-37
-29
-24
-24
-24
-25
-25
-23
-18
-15
-15
-17
-15
-13
-13
-13
-17
-22
-26
-30
-33
-34
-35
-34
-33
-29
-21
-12
-3
8
17
29
45
60
75
90
102
109
117
124
133
144
150
148
146
138
128
116
105
99
97
91
81
73
67
61
53
48
45
39
28
16
1
-14
-31
-45
-58
-70
-87
-108
-122
-130
-133
-135
-134
-131
-124
-115
-103
-86
-70
-51
-33
-19
-13
-11
-11
-13
-19
-26
-36
-43
-52
-61
-72
-85
-94
-100
-98
-92
-87
-82
-80
-78
-70
-56
-38
-21
-7
1
5
11
21
36
50
60
62
59
63
72
87
109
134
153
166
169
174
189
205
216
214
205
194
176
156
141
127
107
77
39
11
-9
-31
-51
-66
-76
-90
-104
-114
-112
-110
-111
-111
-106
-99
-91
-83
-71
-62
-58
-54
-48
-42
-38
-33
-27
-18
-10
-4
3
9
11
7
5
6
9
6
-1
-13
-27
-40
-51
-61
-72
-85
-103
-121
-135
-147
-160
-169
-174
-172
-169
-163
-151
-133
-113
-89
-59
-23
13
44
72
103
128
149
164
180
197
206
206
201
198
195
191
183
169
151
134
118
107
102
96
85
70
51
33
22
11
4
-2
-13
-29
-46
-56
-59
-61
-61
-60
-61
-60
-59
-49
-32
-16
-5
7
20
35
45
58
73
82
81
73
65
60
47
24
-1
-26
-54
-87
-116
-140
-162
-189
-218
-241
-256
-267
-277
-286
-288
-290
-293
-289
-275
-255
-230
-202
-174
-145
-113
-74
-25
28
77
117
151
183
214
247
283
316
337
347
346
346
346
344
340
335
320
297
267
233
204
180
153
125
93
58
18
-17
-39
-48
-53
-63
-75
-84
-90
-89
-79
-64
-53
-45
-42
-40
-41
-38
-29
-17
-10
-10
-15
-18
-18
-19
-22
-25
-31
-45
-61
-79
-95
-118
-141
-168
-197
-224
-249
-273
-296
-322
-345
-363
-369
-371
-373
-370
-367
-360
-341
-313
-272
-222
-170
-122
-79
-33
21
87
156
216
267
307
341
373
405
443
476
493
497
495
490
481
472
463
450
425
387
342
299
257
215
176
142
106
61
12
-32
-63
-92
-119
-142
-160
-177
-192
-197
-191
-180
-173
-166
-152
-136
-125
-116
-105
-92
-84
-80
-76
-68
-67
-76
-87
-94
-100
-112
-128
-144
-158
-177
-198
-211
-214
-218
-232
-248
-257
-266
-279
-288
-285
-277
-274
-275
-271
-259
-240
-220
-194
-158
-118
-84
-50
-2
51
106
162
221
281
334
382
429
478
520
548
568
583
594
593
583
567
546
514
471
419
366
312
249
182
120
63
3
-56
-109
-153
-195
-241
-283
-314
-337
-352
-360
-357
-343
-330
-317
-296
-266
-231
-195
-159
-124
-92
-62
-35
-7
16
35
50
59
59
55
49
43
31
11
-14
-47
-83
-123
-159
-190
-215
-243
-271
-295
-313
-325
-335
-339
-331
-318
-301
-283
-260
-228
-189
-151
-107
-56
-3
43
86
132
180
222
260
296
329
359
378
393
406
416
423
426
428
423
415
402
383
362
336
303
266
231
196
155
111
71
38
7
-24
-57
-92
-119
-136
-147
-152
-154
-161
-170
-174
-168
-158
-148
-138
-128
-115
-104
-94
-81
-67
-60
-61
-63
-58
-54
-56
-65
-73
-82
-98
-115
-132
-145
-159
-179
-194
-206
-216
-231
-246
-255
-262
-272
-281
-281
-275
-266
-258
-243
-217
-181
-140
-101
-53
-4
42
88
138
191
238
274
303
334
374
402
416
425
433
439
436
429
420
411
397
372
344
316
282
241
201
168
134
97
53
12
-19
-45
-73
-102
-130
-158
-183
-200
-207
-209
-217
-226
-228
-222
-214
-209
-203
-188
-168
-152
-142
-131
-119
-113
-112
-109
-103
-104
-117
-128
-130
-124
-130
-144
-152
-146
-143
-145
-143
-139
-131
-127
-123
-113
-101
-98
-96
-85
-66
-52
-48
-36
-7
21
38
48
60
82
110
136
166
196
215
230
254
282
307
318
320
328
337
340
330
319
306
289
267
248
232
212
184
152
122
92
60
30
4
-21
-50
-86
-117
-142
-161
-179
-199
-223
-247
-266
-274
-273
-269
-268
-269
-266
-258
-240
-215
-189
-165
-143
-119
-96
-79
-65
-48
-28
-15
-11
-7
-6
-9
-14
-10
-5
-8
-20
-30
-32
-29
-32
-36
-32
-23
-17
-16
-8
2
10
19
30
53
73
82
86
97
115
127
130
132
140
146
144
147
154
155
148
134
135
146
150
142
133
129
122
112
103
95
80
56
33
16
1
-16
-31
-42
-49
-62
-74
-79
-78
-73
-70
-65
-61
-60
-61
-61
-58
-56
-59
-69
-77
-81
-87
-99
-106
-113
-117
-120
-122
-116
-106
-100
-98
-90
-73
-59
-51
-46
-37
-25
-17
-18
-20
-19
-27
-41
-48
-43
-41
-48
-52
-49
-40
-40
-45
-37
-19
-4
-5
-4
4
16
20
28
40
46
42
36
39
53
60
54
47
52
64
69
79
98
115
126
134
149
170
187
199
212
225
229
219
211
210
209
194
174
153
136
115
94
80
66
46
20
2
-6
-12
-26
-46
-63
-81
-102
-123
-137
-149
-165
-185
-203
-214
-221
-225
-226
-220
-214
-214
-214
-208
-191
-170
-147
-135
-127
-121
-113
-100
-84
-69
-61
-65
-74
-79
-81
-78
-79
-82
-89
-94
-95
-87
-68
-42
-22
-3
22
50
79
108
135
155
167
175
189
205
221
228
230
233
231
227
227
231
232
229
221
213
204
195
184
175
166
154
137
112
86
60
32
2
-33
-72
-108
-143
-174
-197
-213
-229
-241
-249
-246
-236
-225
-212
-197
-171
-145
-123
-105
-82
-56
-37
-20
-10
0
5
2
3
10
16
10
-7
-18
-19
-20
-28
-35
-36
-40
-50
-58
-53
-38
-37
-44
-47
-40
-37
-43
-43
-30
-19
-23
-28
-13
12
29
37
55
85
104
118
146
186
211
213
211
221
231
225
214
210
204
179
142
116
103
81
44
16
-1
-18
-41
-56
-54
-49
-61
-83
-96
-96
-104
-115
-118
-111
-113
-126
-132
-127
-117
-115
-116
-102
-82
-72
-63
-42
-11
9
20
28
43
53
55
56
64
65
51
27
5
-15
-41
-71
-92
-110
-132
-160
-185
-199
-207
-213
-213
-203
-192
-183
-174
-153
-121
-88
-63
-41
-16
8
31
56
87
116
138
154
174
198
222
240
259
281
299
308
312
319
328
330
313
293
276
255
227
196
166
134
92
47
10
-20
-49
-80
-107
-126
-141
-159
-169
-165
-155
-148
-147
-147
-142
-136
-129
-122
-116
-118
-125
-133
-135
-132
-132
-136
-137
-136
-136
-136
-135
-128
-121
-117
-113
-103
-97
-96
-103
-111
-120
-132
-145
-158
-167
-175
-179
-179
-170
-151
-125
-92
-52
-14
26
69
117
166
210
249
284
314
338
360
379
395
402
402
398
389
375
356
341
321
296
264
233
200
164
132
97
65
29
-10
-46
-79
-115
-152
-187
-218
-248
-275
-291
-301
-308
-315
-316
-308
-293
-278
-260
-236
-206
-178
-149
-120
-93
-67
-47
-29
-13
1
8
10
12
14
11
4
-6
-10
-13
-16
-20
-22
-24
-24
-21
-16
-13
-16
-16
-13
-9
-9
-10
-9
-6
-1
6
18
33
43
58
79
104
126
145
165
182
199
218
237
254
259
254
247
238
224
206
184
158
123
82
43
11
-17
-48
-77
-105
-132
-158
-175
-177
-173
-171
-173
-175
-177
-175
-167
-154
-141
-129
-118
-109
-97
-86
-69
-49
-30
-17
-6
8
21
34
49
64
73
71
67
65
66
57
40
20
-4
-30
-53
-70
-83
-98
-119
-130
-132
-127
-122
-115
-110
-102
-93
-79
-56
-30
-8
12
33
56
77
97
117
136
153
169
179
188
196
202
205
203
201
194
184
173
164
154
137
111
84
58
29
-1
-33
-54
-72
-91
-111
-127
-137
-145
-149
-150
-147
-143
-140
-130
-119
-102
-85
-69
-51
-35
-22
-14
-8
-2
5
9
12
15
18
18
14
15
20
19
15
9
3
-6
-17
-31
-41
-48
-55
-60
-63
-66
-72
-78
-78
-74
-68
-61
-53
-45
-36
-26
-12
6
22
36
51
72
91
104
112
121
135
148
158
163
163
158
148
138
129
116
97
75
54
32
9
-10
-32
-50
-69
-88
-107
-127
-140
-148
-150
-148
-146
-143
-139
-134
-126
-116
-106
-97
-86
-68
-49
-31
-15
0
19
36
50
64
74
79
79
81
85
88
83
78
69
60
51
45
43
40
32
21
9
-4
-15
-20
-20
-17
-14
-15
-12
-8
-1
10
24
30
30
27
24
23
27
32
35
37
34
33
33
33
33
32
30
31
28
24
18
7
0
-4
-9
-15
-23
-28
-34
-38
-40
-42
-45
-46
-43
-39
-38
-34
-30
-23
-16
-13
-12
-14
-21
-25
-25
-23
-23
-22
-25
-27
-31
-35
-35
-34
-29
-27
-25
-23
-23
-25
-26
-18
-12
-7
-4
-2
0
2
4
10
13
15
15
15
15
15
16
17
21
26
31
34
35
35
34
35
37
38
35
28
22
20
17
17
16
11
5
0
-3
-8
-8
-4
0
2
5
4
-1
-1
2
6
12
13
14
15
17
19
21
21
15
9
3
2
-1
-4
-11
-16
-16
-11
-11
-14
-19
-23
-24
-26
-28
-29
-34
-45
-53
-58
-56
-53
-53
-48
-43
-40
-38
-34
-25
-17
-9
1
14
24
29
37
48
60
65
63
64
68
68
64
65
67
63
55
48
44
36
24
16
14
12
6
-3
-11
-20
-32
-42
-42
-41
-42
-49
-52
-53
-52
-51
-47
-38
-32
-30
-30
-26
-25
-21
-16
-11
-10
-10
-12
-9
-6
-5
-4
-4
-3
-4
-5
-4
-4
-6
-5
0
3
2
2
5
8
10
11
13
13
12
9
10
14
15
15
15
19
20
19
16
15
15
13
10
6
5
4
4
4
7
7
4
2
0
3
3
4
4
7
12
15
18
22
26
26
26
30
36
37
35
29
24
18
11
5
-1
-2
-4
-4
-7
-8
-9
-11
-11
-10
-8
-8
-9
-10
-6
-6
-10
-16
-17
-19
-19
-20
-17
-14
-14
-13
-10
-5
0
0
5
15
20
21
20
21
22
18
10
4
1
-6
-17
-25
-28
-33
-42
-49
-50
-52
-56
-56
-52
-46
-42
-42
-38
-31
-27
-25
-22
-18
-12
-8
-5
-6
-5
-7
-6
-5
-1
5
10
20
28
36
42
46
50
55
59
60
61
57
52
44
39
32
27
20
12
9
5
-1
-7
-11
-13
-14
-13
-12
-11
-9
-10
-8
-4
-3
-2
0
-1
-3
-5
-3
-2
-2
-6
-8
-9
-9
-9
-6
0
2
1
0
-3
-6
-10
-13
-12
-16
-23
-27
-28
-28
-27
-25
-22
-17
-16
-14
-11
-10
-9
-6
2
9
16
22
29
36
41
47
53
58
62
61
59
57
54
50
43
41
41
37
32
29
29
28
25
18
13
9
1
-9
-15
-23
-32
-44
-48
-49
-52
-56
-59
-58
-59
-59
-59
-54
-51
-52
-50
-43
-37
-32
-31
-28
-23
-22
-24
-27
-29
-29
-29
-30
-30
-26
-24
-22
-20
-18
-19
-20
-20
-14
-12
-11
-9
-5
2
9
16
25
35
40
44
47
52
55
55
52
51
53
52
52
54
60
66
65
63
62
61
56
47
44
42
39
34
33
37
34
29
26
24
21
13
1
-5
-11
-19
-28
-30
-31
-36
-43
-48
-48
-49
-51
-52
-53
-53
-50
-47
-41
-39
-37
-35
-32
-29
-31
-30
-26
-23
-22
-22
-26
-28
-30
-32
-33
-34
-35
-35
-34
-29
-25
-22
-20
-17
-14
-11
-8
-4
-6
-5
1
9
16
26
33
41
50
56
64
71
74
76
79
81
81
79
80
81
81
78
73
71
65
55
43
34
24
13
2
-5
-11
-19
-29
-36
-41
-44
-49
-51
-52
-54
-58
-60
-60
-59
-59
-60
-57
-55
-50
-45
-40
-35
-33
-30
-25
-25
-27
-25
-19
-14
-14
-15
-14
-12
-15
-17
-13
-12
-17
-24
-24
-22
-26
-28
-32
-34
-35
-38
-37
-31
-26
-20
-13
-4
3
11
21
35
52
66
78
89
97
105
107
111
118
117
116
115
117
114
110
105
97
89
81
69
59
46
32
19
7
-4
-14
-26
-32
-38
-42
-48
-58
-61
-67
-77
-85
-91
-93
-100
-104
-99
-92
-86
-84
-76
-65
-54
-43
-34
-23
-14
-12
-7
-1
2
3
-1
0
1
1
-1
-7
-7
-12
-17
-22
-30
-37
-45
-50
-51
-48
-49
-50
-50
-45
-41
-38
-33
-31
-24
-14
-3
11
23
34
46
62
78
90
100
110
118
124
127
127
124
122
119
116
114
104
91
77
62
48
29
10
-7
-27
-44
-57
-71
-83
-95
-102
-109
-109
-112
-111
-107
-101
-93
-87
-76
-63
-54
-38
-20
-1
16
29
47
63
76
89
96
105
108
110
111
109
111
104
95
87
75
61
42
21
-2
-27
-51
-75
-99
-125
-151
-167
-180
-192
-199
-204
-201
-192
-183
-173
-158
-138
-120
-92
-65
-36
-5
24
55
83
110
134
156
176
190
201
210
212
216
209
202
191
176
159
137
117
93
68
39
6
-25
-54
-81
-104
-128
-147
-161
-174
-177
-178
-172
-163
-149
-129
-111
-88
-62
-34
-3
24
53
87
115
139
157
174
185
190
192
188
180
174
159
147
128
104
80
52
25
-13
-49
-83
-117
-147
-181
-205
-227
-245
-255
-266
-267
-265
-256
-244
-229
-210
-186
-162
-134
-105
-71
-39
-1
35
73
104
130
160
181
201
213
221
227
230
225
222
213
199
182
156
130
107
83
55
28
1
-27
-54
-82
-106
-125
-140
-152
-159
-163
-158
-148
-135
-119
-101
-82
-62
-39
-15
11
35
56
79
106
129
149
162
173
182
184
183
178
169
156
135
117
98
73
44
11
-16
-45
-74
-100
-126
-149
-172
-193
-211
-226
-240
-249
-252
-249
-246
-242
-233
-219
-202
-181
-157
-130
-104
-75
-43
-10
22
48
79
105
127
151
159
174
177
177
180
175
177
167
161
151
139
134
116
108
95
84
70
50
37
12
0
-18
-30
-39
-46
-45
-48
-41
-41
-32
-23
-12
4
16
28
39
51
63
77
90
104
114
122
128
135
138
138
130
120
108
95
76
58
42
17
-3
-34
-55
-80
-106
-129
-154
-185
-201
-231
-244
-262
-280
-282
-293
-287
-286
-279
-274
-264
-248
-235
-211
-191
-165
-136
-111
-75
-55
-7
16
62
94
124
160
172
193
211
225
240
247
259
256
260
260
250
253
231
223
195
188
166
145
129
90
79
40
18
8
-29
-32
-48
-64
-59
-81
-68
-81
-81
-57
-68
-40
-40
-32
-21
-21
-2
-8
4
5
1
18
10
10
4
7
9
-14
-12
-30
-47
-60
-92
-93
-125
-130
-149
-165
-146
-177
-169
-169
-179
-160
-173
-153
-142
-132
-104
-111
-62
-49
-27
2
12
40
53
68
82
90
117
114
130
136
140
145
145
150
134
133
109
109
97
82
80
53
51
56
20
21
21
-16
14
-23
-14
-5
-26
-3
-31
-8
-15
-15
-9
6
12
28
39
39
65
66
83
77
115
87
104
98
95
102
79
94
38
93
45
44
71
8
36
-6
-27
-25
-63
-55
-93
-98
-106
-140
-134
-167
-159
-165
-177
-163
-175
-158
-187
-147
-165
-151
-95
-137
-84
-82
-82
-49
-58
-28
-47
-15
-11
-19
30
20
30
32
47
33
50
57
46
52
66
42
49
41
45
26
37
31
10
48
21
24
40
15
54
12
54
45
50
59
52
58
53
78
65
91
87
110
107
121
124
131
149
113
139
101
96
89
56
60
13
12
1
-57
-36
-68
-99
-73
-98
-109
-87
-101
-105
-119
-122
-103
-143
-113
-123
-127
-113
-112
-103
-79
-101
-50
-89
-54
-39
-80
-21
-50
-26
-23
-16
19
-49
33
0
-24
48
-36
17
26
6
35
34
48
71
14
98
46
58
119
17
115
56
75
77
63
66
53
75
36
72
67
57
78
53
70
45
59
51
54
68
74
70
67
77
54
61
82
33
58
72
28
51
31
20
25
14
-15
-29
-23
-49
-54
-73
-81
-84
-127
-98
-156
-157
-134
-191
-173
-191
-197
-199
-202
-171
-188
-157
-148
-146
-125
-135
-69
-92
-66
-15
-88
10
5
-31
38
14
36
39
60
51
90
51
105
95
98
147
102
129
111
127
107
117
97
111
91
88
116
65
70
95
45
88
58
29
66
6
90
27
61
77
29
80
48
70
80
54
105
10
99
34
10
59
-21
50
-9
-10
-3
-40
12
-49
-47
5
-103
-24
-80
-121
-67
-142
-123
-132
-148
-130
-145
-153
-134
-146
-144
-102
-126
-118
-78
-111
-46
-51
-50
-16
3
5
4
62
30
17
99
9
86
45
41
78
8
86
30
20
36
25
13
51
-2
18
-2
0
-2
-21
12
7
-15
14
-9
-8
33
-33
14
40
6
81
39
71
106
92
89
119
116
104
119
133
103
108
120
63
95
54
62
47
13
52
2
-38
-20
-65
-91
-71
-83
-104
-100
-108
-128
-104
-109
-143
-106
-120
-129
-73
-133
-77
-96
-115
-65
-87
-74
-38
-64
-45
-13
-21
-4
5
-5
-14
-8
-10
4
-22
-1
-7
11
-13
6
-2
-23
6
-9
7
24
6
-8
27
-21
23
38
-3
60
47
71
82
105
119
136
147
144
184
151
186
183
145
186
146
126
163
118
127
123
96
101
86
74
35
22
13
-40
-16
-51
-82
-73
-120
-133
-147
-148
-159
-174
-197
-155
-170
-164
-183
-153
-171
-153
-138
-152
-120
-124
-116
-92
-108
-77
-28
-84
-8
-6
-21
11
31
-14
26
38
-11
41
12
17
32
20
37
14
39
36
25
47
19
48
41
31
71
43
65
61
36
92
44
72
114
82
144
119
112
132
119
96
123
89
84
82
66
52
12
69
12
23
19
-39
12
-13
-40
-30
-55
-79
-54
-89
-98
-85
-96
-100
-97
-104
-110
-82
-77
-90
-60
-44
-40
-15
-30
-42
-2
-8
7
17
11
42
36
37
35
46
55
17
34
25
19
35
-8
-8
-12
-27
-24
-32
-51
-25
-46
-52
-26
-27
-49
-39
-55
-69
-65
-71
-71
-67
-51
-30
-21
-2
-5
24
55
38
79
65
77
73
46
40
46
43
57
70
46
70
90
69
73
56
77
48
42
61
26
37
8
-3
12
-6
1
-6
-6
26
26
35
47
43
44
20
24
29
21
24
27
17
10
26
-2
-6
1
-16
-3
-6
-35
-32
-40
-63
-67
-70
-79
-99
-93
-113
-106
-121
-114
-131
-146
-146
-147
-135
-174
-151
-145
-153
-126
-118
-106
-67
-45
-30
-14
9
38
47
47
80
94
93
118
123
132
157
147
175
184
196
190
186
213
185
194
181
166
146
123
102
85
72
43
30
17
13
-3
-25
-20
-30
-59
-58
-62
-79
-87
-106
-104
-110
-116
-103
-119
-108
-102
-109
-90
-105
-108
-91
-105
-74
-67
-59
-59
-65
-53
-60
-59
-45
-45
-37
-35
-30
-10
-7
1
22
18
14
30
31
32
48
50
53
69
71
75
73
82
80
95
98
105
108
104
95
98
100
88
84
79
69
67
62
43
35
28
10
-5
-7
-32
-44
-62
-79
-95
-95
-109
-125
-120
-127
-133
-126
-137
-140
-136
-135
-119
-113
-106
-93
-76
-74
-59
-44
-37
-11
-5
2
35
35
42
60
51
61
73
78
75
84
94
98
113
112
115
110
106
102
90
94
92
84
73
68
63
59
53
51
49
42
40
34
20
5
-5
-15
-21
-21
-41
-50
-48
-50
-55
-54
-45
-59
-54
-54
-62
-60
-67
-69
-72
-75
-80
-76
-73
-65
-73
-66
-48
-47
-39
-37
-37
-36
-30
-37
-20
-10
2
17
19
35
34
37
35
33
33
29
32
30
31
42
38
33
36
30
26
27
27
23
24
16
23
20
11
9
-10
-25
-25
-34
-36
-45
-52
-53
-59
-56
-53
-58
-55
-50
-44
-45
-39
-43
-43
-30
-39
-40
-32
-30
-26
-18
-10
-3
8
19
23
37
52
61
66
75
84
91
93
109
110
112
127
125
126
140
141
147
153
153
151
153
154
152
149
147
144
140
131
121
105
88
85
70
58
56
39
22
7
-12
-32
-50
-70
-81
-90
-102
-102
-110
-116
-124
-136
-142
-146
-158
-166
-189
-198
-207
-229
-236
-247
-253
-256
-257
-259
-264
-269
-272
-278
-276
-280
-289
-278
-289
-283
-282
-281
-281
-275
-271
-272
-270
-265
-258
-258
-253
-241
-228
-213
-183
-159
-121
-65
-15
45
107
170
227
287
349
409
464
520
571
625
666
708
751
786
821
846
872
894
911
917
917
917
910
902
879
852
814
775
727
678
628
568
513
453
394
323
268
212
160
95
38
-17
-79
-137
-206
-277
-353
-434
-526
-624
-729
-835
-944
-1058
-1159
-1267
-1373
-1477
-1582
-1694
-1791
-1901
-2022
-2137
-2244
-2336
-2418
-2484
-2521
-2512
-2463
-2360
-2211
-2004
-1723
-1390
-1018
-597
-151
304
760
1188
1586
1948
2265
2523
2713
2863
2970
3044
3082
3082
3060
3015
2951
2847
2703
2526
2316
2069
1784
1462
1109
744
373
4
-343
-651
-910
-1102
-1229
-1293
-1289
-1224
-1098
-948
-777
-601
-447
-309
-208
-151
-139
-151
-187
-244
-306
-353
-381
-394
-378
-329
-243
-136
-10
105
214
332
415
483
529
546
545
534
512
486
465
459
478
503
538
596
662
720
755
756
734
683
575
429
254
50
-176
-418
-669
-901
-1122
-1340
-1545
-1743
-1941
-2139
-2358
-2612
-2886
-3198
-3533
-3878
-4245
-4583
-4874
-5094
-5233
-5247
-5112
-4823
-4385
-3801
-3076
-2237
-1310
-349
627
1591
2504
3324
4026
4609
5058
5388
5596
5697
5727
5694
5613
5508
5377
5216
5036
4820
4558
4246
3860
3413
2896
2302
1645
953
249
-450
-1102
-1687
-2175
-2530
-2744
-2821
-2757
-2555
-2238
-1828
-1359
-869
-391
48
429
722
922
1033
1060
1010
889
728
551
374
200
19
-151
-315
-481
-674
-913
-1177
-1470
-1790
-2123
-2452
-2729
-2921
-3016
-2984
-2805
-2465
-1981
-1380
-696
35
770
1464
2057
2496
2780
2901
2853
2644
2312
1915
1499
1098
733
453
288
230
249
322
436
553
621
595
462
212
-176
-719
-1422
-2248
-3154
-4121
-5114
-6085
-6973
-7712
-8253
-8575
-8640
-8405
-7872
-7076
-6055
-4838
-3452
-1961
-448
1026
2415
3695
4818
5746
6474
7022
7401
7630
7723
7710
7629
7498
7327
7108
6841
6529
6152
5682
5105
4409
3592
2674
1665
584
-524
-1602
-2614
-3508
-4245
-4795
-5122
-5188
-5013
-4620
-4039
-3310
-2461
-1561
-672
170
942
1623
2183
2606
2904
3100
3209
3230
3156
3015
2821
2569
2245
1815
1270
652
-34
-793
-1605
-2431
-3194
-3854
-4382
-4739
-4852
-4692
-4294
-3694
-2910
-1970
-945
86
1049
1891
2571
3049
3308
3337
3167
2844
2415
1919
1410
937
577
327
155
83
114
213
321
390
409
346
162
-177
-665
-1293
-2073
-2986
-3998
-5040
-6092
-7100
-8002
-8728
-9212
-9436
-9358
-8977
-8283
-7291
-6055
-4617
-3024
-1335
372
2023
3545
4914
6103
7071
7804
8296
8591
8728
8705
8541
8266
7938
7579
7154
6658
6114
5532
4890
4161
3332
2430
1458
418
-659
-1746
-2784
-3740
-4555
-5194
-5626
-5819
-5749
-5427
-4871
-4111
-3199
-2163
-1058
58
1112
2076
2937
3666
4241
4646
4889
4997
5004
4897
4673
4330
3891
3369
2739
1979
1084
101
-950
-2068
-3206
-4309
-5270
-6048
-6608
-6884
-6818
-6390
-5657
-4662
-3453
-2077
-641
725
1950
2981
3752
4209
4351
4211
3835
3263
2568
1839
1155
579
143
-124
-222
-157
30
272
515
708
815
787
575
184
-357
-1049
-1908
-2914
-4013
-5118
-6208
-7272
-8255
-9048
-9555
-9793
-9763
-9423
-8732
-7703
-6413
-4924
-3262
-1469
377
2163
3807
5283
6583
7658
8464
8986
9265
9374
9327
9104
8735
8297
7837
7319
6708
6049
5374
4657
3861
2952
1979
971
-78
-1156
-2240
-3270
-4194
-4979
-5591
-6023
-6245
-6221
-5947
-5455
-4784
-3954
-2984
-1916
-816
268
1306
2285
3172
3925
4522
4974
5281
5449
5472
5323
5020
4581
4022
3311
2406
1362
248
-901
-2080
-3254
-4315
-5156
-5763
-6123
-6170
-5839
-5158
-4238
-3140
-1884
-536
784
1944
2849
3498
3873
3935
3704
3226
2602
1905
1176
494
-61
-405
-532
-524
-383
-107
254
613
881
1030
1063
928
586
70
-590
-1399
-2381
-3508
-4680
-5846
-6999
-8110
-9108
-9847
-10281
-10431
-10265
-9728
-8795
-7523
-6026
-4323
-2422
-416
1576
3416
5068
6542
7794
8745
9375
9712
9854
9819
9581
9170
8653
8112
7534
6878
6152
5409
4673
3888
2996
2017
1021
6
-1040
-2118
-3193
-4168
-5006
-5685
-6190
-6486
-6514
-6257
-5751
-5035
-4135
-3065
-1850
-570
687
1872
3004
4057
4950
5622
6090
6410
6576
6508
6196
5711
5088
4318
3342
2175
907
-396
-1705
-3034
-4305
-5396
-6232
-6792
-7081
-7033
-6590
-5801
-4776
-3598
-2271
-831
575
1787
2742
3461
3935
4110
3961
3561
3018
2390
1704
1018
437
21
-237
-382
-397
-301
-126
65
200
263
215
41
-280
-739
-1347
-2141
-3115
-4183
-5274
-6415
-7581
-8703
-9649
-10280
-10616
-10637
-10273
-9456
-8193
-6602
-4759
-2698
-473
1788
3915
5774
7379
8733
9756
10387
10634
10621
10431
10063
9517
8843
8165
7524
6850
6109
5345
4586
3808
2941
1956
910
-178
-1295
-2440
-3596
-4682
-5631
-6390
-6940
-7276
-7372
-7152
-6613
-5819
-4832
-3684
-2362
-938
473
1805
3024
4131
5067
5775
6236
6453
6490
6354
6000
5426
4696
3870
2964
1885
615
-683
-1930
-3147
-4353
-5479
-6321
-6840
-7098
-7036
-6585
-5728
-4572
-3247
-1760
-145
1453
2878
4035
4887
5425
5629
5500
5057
4364
3535
2665
1797
980
299
-174
-479
-676
-746
-669
-494
-349
-284
-285
-374
-596
-986
-1557
-2311
-3254
-4330
-5461
-6651
-7884
-9075
-10074
-10755
-11123
-11165
-10779
-9914
-8595
-6933
-5015
-2853
-527
1813
4003
5932
7607
9011
10048
10662
10872
10791
10520
10052
9389
8605
7797
7034
6277
5485
4691
3925
3174
2362
1441
451
-562
-1610
-2708
-3821
-4855
-5728
-6416
-6898
-7121
-7035
-6612
-5876
-4886
-3698
-2347
-864
671
2142
3477
4657
5677
6497
7031
7286
7306
7103
6656
5958
5084
4116
3019
1745
347
-1053
-2371
-3630
-4840
-5899
-6690
-7171
-7352
-7221
-6752
-5955
-4899
-3661
-2301
-865
590
1962
3120
4009
4672
5134
5326
5173
4726
4142
3475
2679
1773
906
201
-389
-929
-1351
-1563
-1609
-1593
-1589
-1601
-1613
-1691
-1940
-2411
-3104
-3948
-4897
-5987
-7198
-8426
-9509
-10317
-10850
-11071
-10862
-10140
-8938
-7352
-5465
-3291
-893
1560
3913
6040
7903
9494
10716
11477
11758
11653
11285
10677
9836
8818
7755
6769
5848
4930
4031
3238
2549
1841
1013
124
-763
-1695
-2730
-3863
-4949
-5857
-6603
-7167
-7476
-7413
-6966
-6198
-5162
-3895
-2406
-780
865
2420
3818
5049
6081
6830
7265
7402
7289
6924
6288
5410
4376
3251
2010
661
-738
-2040
-3212
-4295
-5257
-6006
-6478
-6665
-6566
-6201
-5591
-4769
-3772
-2616
-1398
-204
945
2054
3054
3841
4431
4897
5209
5268
5076
4725
4288
3728
2991
2192
1413
654
-98
-814
-1402
-1857
-2249
-2619
-2949
-3227
-3504
-3895
-4453
-5121
-5835
-6634
-7573
-8596
-9535
-10249
-10737
-11002
-10922
-10363
-9311
-7861
-6096
-4017
-1642
876
3336
5599
7642
9437
10858
11789
12227
12263
11970
11363
10485
9433
8315
7214
6151
5141
4178
3288
2492
1747
947
69
-841
-1748
-2693
-3734
-4804
-5766
-6538
-7098
-7438
-7503
-7202
-6514
-5510
-4271
-2823
-1174
599
2330
3891
5276
6490
7464
8061
8252
8105
7687
6975
5959
4710
3313
1825
271
-1285
-2737
-4020
-5107
-5982
-6619
-6952
-6957
-6647
-6080
-5318
-4404
-3358
-2230
-1108
-46
908
1744
2459
3025
3467
3788
3993
4088
4055
3932
3716
3403
2983
2458
1861
1196
501
-195
-850
-1439
-1993
-2527
-3002
-3417
-3835
-4329
-4965
-5657
-6346
-7132
-8055
-9035
-9895
-10488
-10881
-11067
-10889
-10237
-9079
-7549
-5747
-3625
-1224
1315
3796
6050
8065
9854
11277
12202
12577
12532
12220
11595
10642
9474
8282
7176
6089
5001
3997
3144
2416
1705
948
168
-627
-1460
-2354
-3348
-4368
-5299
-6075
-6662
-7058
-7191
-6944
-6322
-5391
-4223
-2844
-1240
500
2207
3767
5138
6320
7256
7795
7897
7628
7057
6212
5061
3625
2076
545
-930
-2345
-3662
-4694
-5381
-5790
-5953
-5841
-5366
-4634
-3789
-2867
-1856
-803
179
1014
1702
2282
2745
3057
3205
3211
3143
3015
2791
2450
2022
1602
1151
638
79
-492
-997
-1480
-1952
-2386
-2796
-3177
-3522
-3882
-4320
-4887
-5558
-6224
-6926
-7767
-8689
-9557
-10172
-10541
-10743
-10636
-10102
-9087
-7680
-6000
-4020
-1748
687
3115
5366
7386
9201
10699
11727
12222
12241
11955
11386
10501
9384
8179
7049
5985
4948
4010
3229
2597
2025
1423
800
167
-514
-1281
-2157
-3112
-4022
-4832
-5479
-5929
-6140
-6033
-5596
-4813
-3760
-2494
-1036
528
2091
3537
4808
5875
6702
7177
7262
6992
6413
5562
4413
3018
1504
-66
-1607
-3062
-4370
-5382
-6111
-6542
-6646
-6428
-5850
-4990
-3953
-2809
-1582
-324
904
1985
2854
3605
4179
4562
4712
4667
4574
4338
3938
3432
2871
2304
1658
930
211
-475
-1142
-1795
-2391
-2897
-3361
-3838
-4276
-4651
-5040
-5548
-6192
-6829
-7412
-8090
-8884
-9688
-10260
-10534
-10663
-10561
-10092
-9143
-7738
-6071
-4167
-1968
471
2940
5220
7221
8998
10529
11613
12132
12098
11735
11150
10245
9050
7728
6491
5392
4325
3328
2517
1922
1456
995
532
104
-310
-766
-1322
-2000
-2724
-3385
-3932
-4350
-4674
-4789
-4573
-4041
-3245
-2259
-1069
320
1780
3191
4467
5553
6431
7001
7164
6920
6308
5403
4220
2754
1124
-530
-2107
-3577
-4902
-5949
-6643
-6996
-7064
-6825
-6230
-5338
-4281
-3132
-1862
-496
837
2019
3074
4059
4914
5532
5887
6062
6116
5989
5628
5058
4369
3595
2693
1679
599
-463
-1474
-2442
-3354
-4186
-4899
-5499
-6015
-6470
-6921
-7399
-7922
-8412
-8863
-9379
-9939
-10447
-10710
-10732
-10558
-10122
-9343
-8136
-6594
-4808
-2793
-557
1797
4112
6247
8131
9791
11137
12042
12428
12347
11962
11293
10298
9060
7722
6422
5165
3940
2821
1867
1075
426
-155
-726
-1226
-1707
-2160
-2633
-3184
-3676
-4077
-4307
-4363
-4278
-3946
-3304
-2377
-1258
5
1396
2914
4418
5735
6791
7615
8150
8279
7934
7170
6087
4703
3048
1184
-668
-2405
-4045
-5502
-6657
-7414
-7740
-7771
-7524
-6963
-6110
-5056
-3925
-2786
-1626
-452
655
1632
2497
3316
4125
4791
5262
5627
5953
6167
6130
5806
5318
4706
3883
2820
1621
396
-840
-2074
-3272
-4377
-5353
-6190
-6894
-7518
-8140
-8737
-9243
-9670
-10109
-10600
-11040
-11269
-11254
-11048
-10618
-9842
-8634
-7050
-5188
-3079
-727
1786
4311
6678
8781
10598
12090
13145
13635
13557
13053
12242
11101
9638
8010
6404
4889
3410
2001
800
-152
-962
-1715
-2383
-2918
-3344
-3774
-4241
-4686
-5048
-5311
-5474
-5489
-5294
-4826
-4096
-3125
-1897
-447
1188
2894
4559
6116
7493
8615
9373
9687
9517
8894
7864
6449
4709
2719
628
-1423
-3367
-5126
-6611
-7703
-8380
-8656
-8569
-8130
-7339
-6301
-5121
-3904
-2665
-1367
-106
1018
1960
2835
3735
4576
5256
5776
6281
6746
6999
6975
6719
6326
5719
4811
3685
2456
1193
-133
-1509
-2845
-4081
-5191
-6191
-7126
-8039
-8926
-9714
-10391
-11031
-11682
-12280
-12643
-12711
-12541
-12113
-11336
-10101
-8434
-6462
-4241
-1783
864
3572
6126
8406
10396
12092
13394
14130
14267
13947
13320
12369
11060
9491
7890
6370
4868
3371
1981
804
-188
-1151
-2086
-2904
-3593
-4220
-4885
-5535
-6060
-6438
-6658
-6670
-6422
-5862
-5009
-3877
-2448
-803
989
2851
4673
6374
7840
8984
9776
10123
9995
9408
8387
7011
5340
3462
1522
-421
-2279
-3938
-5335
-6392
-7093
-7466
-7523
-7350
-6928
-6249
-5464
-4634
-3810
-2954
-2041
-1177
-399
419
1345
2269
3069
3779
4563
5359
5946
6214
6235
6150
5864
5220
4291
3215
2090
881
-447
-1793
-3043
-4158
-5219
-6324
-7441
-8460
-9355
-10210
-11094
-11963
-12617
-12983
-13105
-12951
-12436
-11435
-9967
-8139
-5973
-3504
-796
2020
4756
7286
9519
11422
12938
13941
14343
14221
13720
12922
11820
10432
8937
7507
6146
4810
3506
2348
1389
505
-420
-1392
-2304
-3127
-3987
-4950
-5897
-6662
-7197
-7577
-7744
-7538
-6878
-5842
-4538
-2965
-1093
1005
3101
5037
6792
8341
9573
10302
10473
10164
9453
8313
6745
4867
2878
889
-1082
-2970
-4633
-5939
-6904
-7549
-7872
-7847
-7511
-6962
-6225
-5349
-4395
-3430
-2471
-1497
-574
276
1094
1928
2747
3451
4079
4695
5281
5707
5888
5867
5695
5352
4757
3925
2936
1891
836
-290
-1443
-2548
-3553
-4494
-5523
-6616
-7662
-8638
-9619
-10700
-11770
-12627
-13185
-13481
-13475
-13039
-12068
-10611
-8745
-6475
-3842
-989
1936
4767
7400
9736
11672
13147
14055
14376
14169
13550
12612
11377
9910
8402
6989
5661
4410
3261
2314
1544
785
-18
-857
-1675
-2505
-3454
-4504
-5536
-6429
-7105
-7554
-7737
-7530
-6863
-5775
-4356
-2676
-719
1426
3535
5462
7158
8609
9717
10320
10379
9997
9242
8106
6612
4853
2993
1107
-744
-2477
-4018
-5297
-6272
-6951
-7347
-7440
-7255
-6836
-6254
-5564
-4780
-3918
-3008
-2097
-1242
-386
513
1404
2257
3026
3758
4463
5045
5422
5596
5573
5387
4976
4272
3415
2472
1513
487
-612
-1662
-2613
-3471
-4318
-5279
-6285
-7238
-8185
-9185
-10298
-11408
-12276
-12890
-13267
-13319
-12921
-11941
-10457
-8569
-6282
-3644
-736
2255
5102
7697
9988
11901
13348
14184
14378
14102
13469
12513
11235
9742
8277
6916
5626
4402
3286
2402
1678
950
164
-674
-1467
-2305
-3308
-4400
-5461
-6366
-7070
-7563
-7782
-7572
-6912
-5849
-4465
-2804
-872
1199
3235
5110
6727
8054
9029
9527
9538
9109
8283
7123
5645
3974
2267
572
-1040
-2510
-3752
-4739
-5410
-5811
-5987
-5980
-5798
-5418
-4918
-4403
-3898
-3319
-2670
-2004
-1359
-677
142
1030
1899
2696
3435
4170
4801
5191
5303
5174
4880
4372
3597
2644
1648
665
-268
-1224
-2139
-2895
-3561
-4169
-4866
-5709
-6533
-7374
-8311
-9375
-10561
-11595
-12375
-12943
-13183
-13018
-12284
-10945
-9153
-6928
-4330
-1451
1612
4588
7278
9630
11578
13069
13947
14138
13799
13079
12032
10709
9193
7688
6351
5150
4080
3147
2431
1947
1476
933
326
-329
-1025
-1901
-2968
-4033
-5025
-5869
-6538
-6958
-6942
-6491
-5651
-4422
-2898
-1089
921
2919
4785
6416
7753
8764
9294
9312
8918
8136
6986
5497
3794
2055
302
-1438
-3068
-4489
-5629
-6489
-7076
-7360
-7373
-7138
-6629
-5886
-4995
-4059
-3059
-1936
-773
279
1216
2139
3067
3866
4447
4903
5318
5620
5700
5531
5208
4768
4183
3431
2522
1544
548
-411
-1307
-2201
-3060
-3819
-4472
-5083
-5811
-6659
-7518
-8393
-9327
-10389
-11494
-12396
-13000
-13284
-13215
-12720
-11641
-9949
-7791
-5307
-2594
345
3408
6275
8724
10721
12340
13526
14058
13900
13302
12473
11415
10083
8586
7222
6061
5003
4003
3113
2417
1821
1178
424
-425
-1321
-2284
-3345
-4442
-5474
-6333
-6907
-7149
-7041
-6536
-5612
-4262
-2588
-752
1178
3103
4932
6523
7735
8568
9031
9109
8756
7994
6959
5713
4296
2714
1081
-480
-1945
-3302
-4541
-5567
-6305
-6780
-7045
-7102
-6896
-6407
-5727
-4952
-4129
-3142
-2025
-960
24
981
1997
2966
3764
4377
4943
5451
5760
5789
5619
5346
4884
4177
3250
2255
1269
215
-860
-1810
-2574
-3240
-3887
-4449
-4857
-5250
-5837
-6605
-7434
-8257
-9190
-10356
-11511
-12382
-12907
-13106
-12983
-12313
-10920
-8966
-6631
-4015
-1122
2007
5035
7679
9893
11686
13044
13788
13819
13331
12532
11514
10293
8907
7579
6452
5514
4705
3974
3368
2882
2383
1770
973
20
-1031
-2187
-3428
-4680
-5815
-6652
-7118
-7217
-6923
-6193
-4967
-3325
-1490
393
2304
4181
5833
7037
7759
8131
8156
7770
6957
5871
4733
3539
2233
904
-295
-1290
-2178
-3066
-3836
-4421
-4844
-5189
-5531
-5753
-5785
-5677
-5467
-5167
-4666
-3920
-3060
-2141
-1119
71
1333
2485
3489
4423
5270
5850
6084
6024
5775
5285
4452
3383
2256
1151
19
-1128
-2123
-2844
-3338
-3768
-4120
-4301
-4386
-4555
-5035
-5736
-6489
-7369
-8458
-9801
-11116
-12083
-12704
-12969
-12812
-12033
-10501
-8419
-5964
-3191
-160
2996
5947
8451
10471
12012
13044
13467
13233
12511
11557
10504
9376
8188
7116
6343
5819
5401
4995
4631
4306
3861
3145
2094
788
-649
-2174
-3783
-5371
-6731
-7634
-8002
-7928
-7398
-6339
-4752
-2803
-787
1179
3098
4853
6231
7073
7434
7471
7182
6513
5545
4474
3454
2457
1409
415
-419
-1125
-1812
-2525
-3208
-3811
-4375
-4947
-5471
-5847
-6005
-5963
-5744
-5268
-4482
-3452
-2291
-1057
268
1651
2931
3976
4817
5505
5976
6112
5937
5563
5052
4347
3419
2384
1374
412
-582
-1569
-2448
-3083
-3544
-4006
-4436
-4760
-4978
-5221
-5729
-6463
-7239
-8052
-8976
-10113
-11263
-12069
-12498
-12591
-12325
-11559
-10052
-7958
-5555
-2957
-173
2788
5646
8035
9889
11305
12345
12863
12693
12027
11196
10337
9396
8336
7367
6726
6327
5969
5557
5118
4710
4170
3296
2109
701
-776
-2284
-3845
-5305
-6447
-7117
-7281
-7031
-6354
-5212
-3652
-1859
-61
1643
3198
4538
5537
6125
6309
6230
5956
5521
4942
4274
3615
3023
2433
1720
863
-83
-1055
-2187
-3463
-4765
-5978
-6994
-7808
-8297
-8320
-7850
-6936
-5670
-4065
-2165
-173
1726
3406
4802
5898
6595
6854
6753
6423
5961
5358
4646
3945
3371
2865
2260
1553
835
117
-741
-1787
-2882
-3852
-4729
-5658
-6527
-7125
-7445
-7666
-8017
-8412
-8617
-8774
-9091
-9665
-10310
-10675
-10817
-10867
-10702
-10092
-8798
-7007
-5005
-2740
-153
2687
5433
7711
9558
11066
12189
12714
12512
11860
11041
10142
9112
7955
6939
6266
5821
5410
4960
4530
4173
3686
2862
1719
387
-996
-2408
-3890
-5276
-6298
-6818
-6848
-6504
-5756
-4523
-2898
-1129
543
2046
3422
4559
5299
5566
5472
5244
4892
4373
3750
3151
2715
2358
1936
1424
837
176
-644
-1677
-2879
-4100
-5237
-6254
-7105
-7653
-7726
-7269
-6402
-5220
-3750
-2018
-136
1653
3222
4552
5608
6336
6688
6717
6528
6163
5683
5107
4453
3763
3038
2288
1437
418
-694
-1834
-2989
-4158
-5311
-6240
-6860
-7271
-7498
-7460
-7098
-6594
-6276
-6203
-6185
-6320
-6722
-7526
-8559
-9416
-10064
-10486
-10584
-10175
-9023
-7233
-5067
-2584
135
3002
5740
7965
9612
10750
11421
11562
11094
10221
9328
8525
7805
7166
6728
6689
6877
7029
7030
6854
6528
5862
4682
3077
1246
-652
-2546
-4332
-5805
-6716
-7003
-6716
-5927
-4685
-3050
-1214
529
1994
3093
3862
4255
4174
3719
3081
2519
2104
1807
1691
1874
2314
2740
3013
3053
2784
2079
713
-1135
-3241
-5506
-7577
-9398
-10730
-11243
-10949
-9688
-7606
-5005
-2074
950
3831
6254
7931
8893
9175
8784
7819
6475
5159
4033
3091
2398
1991
1877
1957
1964
1764
1281
391
-857
-2396
-4140
-5893
-7462
-8618
-9192
-9245
-8750
-7713
-6296
-4714
-3379
-2520
-2101
-2269
-3047
-4449
-6377
-8310
-9949
-11173
-11786
-11642
-10510
-8396
-5672
-2630
521
3626
6430
8489
9634
10030
9921
9402
8448
7313
6487
6181
6307
6735
7441
8507
9683
10467
10679
10267
9261
7651
5327
2520
-339
-2946
-5112
-6731
-7648
-7663
-6865
-5487
-3835
-2116
-403
1013
1856
2086
1816
1230
458
-408
-1121
-1425
-1212
-476
676
2126
3691
5107
6133
6592
6345
5339
3609
1320
-1233
-3811
-6126
-7894
-8925
-9096
-8465
-7105
-5137
-2834
-504
1569
3221
4376
4971
4969
4519
3865
3157
2534
2079
1917
2096
2437
2794
3022
3012
2690
1934
749
-786
-2559
-4371
-6006
-7269
-8013
-8201
-7820
-6846
-5405
-3748
-2145
-772
280
869
767
-157
-1627
-3362
-5268
-7271
-9248
-10706
-11308
-11224
-10611
-9497
-7774
-5542
-3285
-1342
323
1839
3119
3937
4322
4609
5085
5768
6464
7172
8147
9382
10614
11532
11986
12121
11927
11152
9714
7799
5723
3692
1695
-234
-1824
-2820
-3271
-3400
-3339
-3073
-2613
-2168
-1996
-2112
-2362
-2637
-2961
-3309
-3520
-3396
-2811
-1873
-724
646
2161
3671
4935
5739
6128
6111
5613
4602
3186
1648
124
-1341
-2652
-3712
-4355
-4583
-4524
-4206
-3669
-2959
-2158
-1426
-782
-171
414
934
1316
1593
1896
2238
2523
2704
2795
2865
2864
2664
2281
1742
1097
350
-549
-1506
-2428
-3244
-3933
-4511
-4878
-5005
-4879
-4520
-4070
-3415
-2617
-1912
-1275
-807
-528
-468
-950
-1900
-3010
-4304
-5794
-7464
-9089
-10186
-10676
-10801
-10538
-9678
-8130
-6133
-4085
-2140
-217
1704
3380
4536
5337
6052
6813
7555
8094
8579
9336
10278
11086
11527
11619
11577
11277
10387
8885
7075
5260
3451
1529
-340
-1857
-2834
-3415
-3856
-4158
-4170
-3970
-3787
-3791
-3939
-3961
-3855
-3746
-3591
-3226
-2469
-1371
-184
1039
2363
3720
4893
5654
5995
6035
5784
5171
4236
3155
2087
1047
27
-900
-1623
-2135
-2536
-2906
-3219
-3382
-3420
-3403
-3335
-3149
-2796
-2262
-1623
-920
-134
688
1448
2070
2519
2799
2930
2830
2474
1963
1386
773
106
-619
-1300
-1851
-2303
-2710
-3037
-3203
-3208
-3091
-2948
-2781
-2495
-2093
-1702
-1474
-1409
-1343
-1274
-1453
-2087
-3047
-3965
-4830
-5921
-7276
-8527
-9235
-9422
-9450
-9333
-8726
-7497
-5932
-4475
-3144
-1640
81
1694
2909
3927
5121
6546
7883
8864
9690
10670
11654
12189
12084
11591
11011
10218
8880
7082
5308
3823
2476
1063
-293
-1242
-1771
-2215
-2808
-3450
-3881
-4139
-4487
-5002
-5427
-5440
-5046
-4484
-3804
-2792
-1343
314
1821
3046
4126
5098
5752
5919
5696
5403
5149
4778
4269
3737
3307
2904
2258
1298
125
-1216
-2693
-4247
-5735
-6937
-7658
-7826
-7441
-6556
-5239
-3574
-1768
-110
1203
2139
2711
2886
2674
2219
1692
1285
1059
970
1044
1256
1523
1730
1703
1404
880
166
-711
-1685
-2618
-3335
-3736
-3849
-3700
-3302
-2669
-1902
-1272
-894
-687
-619
-801
-1450
-2519
-3678
-4732
-5814
-7048
-8244
-9031
-9262
-9190
-9013
-8554
-7572
-6137
-4606
-3184
-1712
55
1941
3551
4812
5991
7316
8573
9349
9676
9995
10428
10637
10328
9708
9207
8833
8169
7047
5841
4871
3959
2747
1242
-159
-1232
-2210
-3358
-4505
-5293
-5615
-5727
-5845
-5787
-5266
-4341
-3384
-2524
-1554
-339
983
2104
2936
3752
4687
5514
6046
6335
6548
6767
6793
6442
5810
4985
3948
2683
1158
-550
-2258
-3840
-5237
-6404
-7252
-7627
-7471
-6941
-6250
-5392
-4276
-3038
-1920
-1060
-368
341
1053
1584
1925
2260
2675
3056
3218
3143
2962
2697
2187
1360
398
-504
-1332
-2125
-2810
-3220
-3264
-3069
-2763
-2326
-1749
-1144
-659
-353
-221
-233
-398
-751
-1242
-1849
-2650
-3608
-4583
-5567
-6604
-7690
-8678
-9266
-9407
-9314
-9014
-8293
-7047
-5501
-3973
-2518
-986
668
2176
3337
4359
5509
6732
7818
8642
9393
10287
11057
11366
11222
10812
10227
9292
7845
6142
4525
3080
1682
311
-821
-1580
-2060
-2509
-3027
-3452
-3727
-3985
-4315
-4632
-4720
-4464
-3976
-3310
-2360
-1086
406
1906
3272
4473
5508
6304
6747
6819
6650
6365
6006
5512
4851
4109
3344
2474
1326
-154
-1815
-3518
-5224
-6871
-8305
-9231
-9483
-9180
-8426
-7267
-5705
-3925
-2265
-923
107
943
1544
1811
1803
1790
1957
2208
2367
2449
2596
2758
2682
2269
1667
1051
415
-338
-1107
-1616
-1806
-1811
-1735
-1567
-1252
-890
-696
-730
-881
-1040
-1258
-1606
-1939
-2102
-2130
-2293
-2727
-3195
-3590
-4206
-5271
-6626
-7784
-8477
-8912
-9183
-8998
-8049
-6440
-4593
-2768
-871
1161
3053
4411
5211
5866
6604
7290
7723
7963
8395
9147
9871
10202
10149
9930
9622
8934
7655
6034
4491
3154
1802
320
-978
-1841
-2338
-2814
-3486
-4052
-4315
-4425
-4622
-4860
-4816
-4261
-3417
-2541
-1555
-267
1280
2708
3743
4489
5117
5592
5687
5379
4959
4618
4314
3893
3301
2718
2212
1550
516
-853
-2339
-3784
-5234
-6687
-7864
-8494
-8549
-8161
-7407
-6263
-4819
-3305
-1972
-907
-36
658
1172
1498
1722
2022
2435
2901
3343
3676
3862
3855
3586
3021
2215
1281
339
-527
-1301
-1884
-2166
-2166
-2007
-1807
-1548
-1242
-1003
-935
-1089
-1324
-1513
-1726
-1985
-2151
-2121
-1953
-1851
-2009
-2290
-2583
-3131
-4117
-5401
-6592
-7388
-7879
-8208
-8178
-7503
-6216
-4713
-3282
-1883
-383
1122
2289
3051
3759
4687
5721
6621
7338
8116
9108
9981
10325
10150
9745
9241
8437
7175
5703
4441
3503
2631
1637
749
220
-115
-643
-1517
-2444
-3091
-3564
-4121
-4670
-4816
-4337
-3475
-2603
-1707
-514
912
2153
2917
3350
3771
4184
4312
4080
3777
3665
3673
3524
3170
2777
2404
1861
925
-353
-1704
-3041
-4512
-6103
-7527
-8408
-8597
-8305
-7692
-6695
-5252
-3545
-1912
-556
540
1425
2089
2445
2535
2567
2669
2786
2802
2700
2589
2522
2349
1922
1262
590
51
-464
-1047
-1639
-2051
-2199
-2245
-2291
-2251
-2040
-1663
-1309
-1112
-934
-671
-395
-245
-288
-339
-226
-82
-147
-544
-1134
-1758
-2548
-3721
-5236
-6729
-7801
-8422
-8763
-8827
-8418
-7391
-5964
-4562
-3310
-2092
-813
416
1376
2150
3045
4173
5435
6634
7726
8868
10003
10865
11236
11085
10640
10028
9174
8052
6753
5516
4466
3492
2490
1488
553
-312
-1264
-2338
-3396
-4312
-5007
-5491
-5759
-5711
-5332
-4702
-3887
-2990
-2059
-1115
-248
523
1200
1768
2254
2678
3056
3418
3737
3986
4131
4135
3998
3680
3152
2418
1522
561
-428
-1460
-2463
-3325
-3952
-4322
-4542
-4653
-4620
-4454
-4189
-3913
-3660
-3354
-2985
-2595
-2188
-1764
-1284
-754
-249
212
611
935
1191
1365
1458
1499
1498
1491
1495
1496
1489
1454
1387
1313
1219
1143
1066
947
815
632
366
-40
-583
-1151
-1659
-2092
-2439
-2664
-2696
-2561
-2449
-2477
-2675
-3079
-3772
-4845
-6171
-7401
-8248
-8613
-8539
-8028
-6986
-5474
-3792
-2261
-1022
12
945
1746
2400
3000
3691
4559
5557
6621
7730
8831
9787
10417
10621
10430
9924
9171
8202
7091
5976
4958
4063
3220
2356
1460
532
-448
-1470
-2499
-3461
-4289
-4943
-5341
-5410
-5167
-4697
-4085
-3363
-2572
-1822
-1201
-701
-211
328
889
1459
2087
2825
3608
4234
4562
4608
4430
4032
3350
2411
1427
555
-220
-976
-1733
-2392
-2881
-3300
-3728
-4126
-4404
-4518
-4538
-4536
-4462
-4249
-3912
-3526
-3124
-2661
-2105
-1524
-1012
-592
-226
121
396
573
692
820
975
1118
1228
1333
1428
1473
1430
1307
1152
1002
822
590
342
124
-57
-246
-469
-695
-864
-976
-1074
-1174
-1214
-1147
-1006
-856
-714
-555
-382
-249
-179
-137
-77
-2
34
32
45
94
141
122
34
-70
-150
-212
-274
-312
-285
-206
-160
-176
-225
-299
-418
-609
-835
-998
-1028
-959
-824
-622
-343
-21
271
460
556
614
656
674
677
734
919
1239
1620
2014
2424
2851
3260
3560
3728
3807
3820
3769
3651
3501
3354
3221
3065
2846
2560
2209
1792
1320
812
305
-173
-616
-1006
-1344
-1624
-1868
-2095
-2293
-2437
-2506
-2526
-2502
-2428
-2289
-2098
-1895
-1717
-1557
-1385
-1200
-1045
-944
-841
-690
-498
-326
-208
-94
33
148
192
149
73
-8
-118
-282
-459
-603
-709
-801
-910
-1019
-1098
-1174
-1276
-1398
-1499
-1542
-1535
-1488
-1400
-1262
-1087
-901
-710
-513
-315
-137
21
182
355
526
694
863
1060
1278
1467
1587
1631
1616
1533
1373
1156
925
706
500
302
154
66
7
-78
-224
-412
-646
-949
-1347
-1797
-2213
-2527
-2728
-2835
-2831
-2690
-2433
-2131
-1847
-1575
-1282
-980
-706
-457
-172
187
586
969
1327
1693
2065
2381
2598
2734
2845
2948
3001
2992
2945
2895
2835
2724
2570
2405
2256
2098
1903
1690
1484
1294
1118
960
837
757
712
700
704
724
751
758
733
674
600
520
433
350
275
234
236
252
255
247
213
159
80
-52
-240
-469
-711
-948
-1172
-1390
-1583
-1747
-1881
-1985
-2109
-2245
-2380
-2516
-2651
-2798
-2936
-3025
-3044
-3005
-2918
-2772
-2547
-2263
-1964
-1680
-1413
-1147
-887
-650
-446
-264
-72
119
290
435
567
698
808
875
885
854
787
687
558
415
280
175
103
64
57
68
87
90
74
46
4
-56
-111
-123
-77
11
118
243
397
556
677
743
778
812
835
827
806
806
848
890
900
877
845
808
728
586
412
255
135
24
-80
-141
-129
-59
10
54
95
145
174
166
134
124
160
222
283
357
465
601
721
799
855
908
964
1004
1008
999
1001
1018
1039
1054
1073
1098
1120
1133
1125
1099
1056
1003
935
838
715
569
405
228
26
-192
-406
-606
-791
-959
-1102
-1205
-1274
-1325
-1367
-1400
-1429
-1462
-1512
-1556
-1571
-1564
-1526
-1445
-1302
-1097
-872
-679
-540
-456
-439
-525
-693
-877
-989
-972
-842
-621
-341
-65
123
145
-3
-263
-574
-858
-1042
-1068
-935
-690
-417
-183
-43
-15
-91
-242
-399
-489
-468
-316
-63
221
475
648
713
675
568
438
328
281
297
351
428
506
570
594
574
529
483
449
416
379
325
260
169
38
-108
-246
-334
-330
-244
-80
120
306
423
419
299
100
-105
-231
-230
-93
157
467
761
965
1047
998
880
764
697
694
745
830
912
955
949
892
820
745
697
686
706
765
815
849
868
875
860
795
686
547
414
310
223
169
159
167
156
98
28
-46
-134
-260
-409
-520
-578
-616
-668
-711
-686
-599
-535
-552
-641
-762
-890
-1026
-1147
-1192
-1111
-932
-730
-555
-448
-430
-514
-672
-875
-1065
-1202
-1259
-1218
-1090
-904
-719
-568
-488
-459
-511
-619
-721
-780
-730
-608
-456
-295
-147
-26
-8
-78
-186
-265
-281
-287
-291
-257
-180
-103
-63
-84
-131
-172
-198
-227
-226
-168
-65
66
170
224
231
200
129
30
-52
-76
-43
41
129
200
249
265
245
190
139
109
111
165
258
397
558
727
891
1036
1147
1223
1280
1326
1388
1476
1586
1706
1825
1918
1962
1942
1860
1732
1596
1484
1373
1244
1097
917
702
448
167
-80
-235
-293
-307
-302
-278
-234
-197
-190
-209
-217
-152
-40
62
146
206
263
308
300
252
198
168
142
108
74
74
85
72
-3
-145
-322
-527
-747
-987
-1201
-1344
-1425
-1464
-1496
-1523
-1535
-1562
-1580
-1600
-1600
-1547
-1481
-1384
-1267
-1149
-1042
-993
-977
-984
-1019
-1035
-1041
-995
-933
-872
-822
-834
-859
-919
-1007
-1055
-1076
-1035
-961
-866
-774
-714
-642
-611
-574
-525
-468
-366
-262
-141
3
160
338
475
600
706
774
820
810
780
741
705
692
682
689
712
755
813
860
881
875
860
852
829
781
757
789
879
985
1092
1213
1356
1496
1586
1600
1563
1522
1455
1355
1244
1166
1153
1156
1116
1039
954
865
750
605
468
388
362
354
339
333
364
410
427
427
413
402
411
418
446
522
655
801
924
964
902
763
566
336
111
-73
-184
-204
-190
-188
-209
-287
-437
-634
-881
-1135
-1317
-1445
-1490
-1444
-1319
-1151
-1020
-976
-1024
-1124
-1242
-1400
-1529
-1567
-1500
-1352
-1210
-1110
-1061
-1061
-1137
-1285
-1465
-1620
-1668
-1624
-1518
-1348
-1157
-977
-891
-926
-1064
-1213
-1329
-1397
-1370
-1272
-1114
-920
-749
-608
-504
-405
-343
-315
-279
-231
-134
-29
84
240
435
631
773
848
889
929
972
1014
1062
1131
1218
1271
1303
1294
1246
1216
1177
1119
1065
1012
948
892
845
802
825
890
917
913
868
780
636
470
327
238
251
306
387
496
568
608
603
571
564
571
575
569
565
583
618
664
714
762
828
871
873
833
772
718
661
617
575
535
494
425
328
231
131
65
-8
-112
-208
-296
-353
-381
-384
-370
-349
-323
-314
-333
-340
-372
-430
-503
-584
-629
-630
-594
-516
-411
-285
-197
-228
-340
-512
-667
-772
-855
-883
-897
-903
-907
-945
-982
-1023
-1053
-1088
-1149
-1187
-1239
-1265
-1245
-1196
-1091
-961
-838
-776
-733
-683
-635
-550
-462
-362
-216
-102
-35
-26
-40
-29
-12
21
50
94
138
160
163
181
238
325
405
442
474
490
488
486
470
472
486
509
536
542
566
594
605
601
574
544
513
480
440
401
375
348
307
272
238
225
226
230
225
226
237
231
247
273
300
353
391
407
424
395
359
288
200
138
79
64
45
82
132
156
178
143
94
31
-37
-79
-118
-109
-91
-83
-53
-19
52
114
150
162
124
90
49
26
32
73
155
244
279
230
127
-4
-128
-210
-234
-226
-176
-123
-111
-127
-181
-255
-323
-424
-498
-556
-580
-543
-467
-338
-216
-90
-21
-39
-95
-199
-277
-318
-308
-217
-127
-8
77
113
121
48
-26
-124
-223
-268
-297
-261
-204
-169
-146
-170
-212
-262
-276
-264
-248
-161
-39
73
151
202
211
208
190
154
160
190
247
329
360
379
389
351
298
219
174
121
97
111
121
154
154
115
54
-35
-126
-175
-173
-114
5
128
218
255
253
223
117
33
-55
-94
-50
-45
-16
-5
15
43
15
-36
-109
-137
-158
-188
-193
-176
-141
-74
-34
-30
-10
-11
-11
12
26
61
86
102
127
135
148
139
130
81
0
-92
-209
-281
-348
-344
-275
-225
-135
-84
-116
-160
-254
-355
-428
-455
-424
-322
-163
-16
119
172
152
77
-31
-118
-175
-157
-69
52
227
331
388
383
285
188
47
-66
-118
-121
-25
98
240
340
376
372
271
113
-44
-155
-180
-126
-21
113
237
358
418
391
292
155
40
-63
-122
-121
-28
148
332
492
538
475
328
123
-90
-249
-296
-261
-118
48
179
254
237
201
88
-74
-187
-287
-308
-275
-166
-18
107
219
216
153
50
-83
-174
-257
-292
-234
-137
-41
23
26
-28
-68
-135
-241
-304
-342
-339
-302
-250
-181
-133
-76
-41
-45
-94
-134
-160
-158
-114
-84
-37
7
63
97
85
79
26
-48
-91
-186
-261
-298
-284
-210
-145
-45
-15
-29
-19
-82
-141
-187
-228
-194
-137
-36
72
173
286
339
341
265
136
63
21
51
137
261
377
408
390
246
63
-92
-256
-329
-320
-254
-99
48
195
302
332
325
225
133
45
-33
12
75
204
372
464
517
461
369
252
130
59
28
63
98
128
131
66
1
-90
-184
-226
-239
-181
-110
-47
18
37
20
-31
-88
-132
-159
-105
-35
49
128
153
130
56
-44
-135
-220
-236
-166
-101
-11
34
41
11
-90
-182
-274
-305
-260
-201
-139
-87
-48
-12
-15
-27
-64
-124
-160
-188
-215
-202
-143
-56
32
69
45
-25
-107
-183
-220
-229
-201
-131
-90
-80
-93
-97
-67
-24
11
29
49
43
8
-36
-60
-45
7
66
88
103
118
114
98
79
48
28
22
14
5
27
65
104
137
126
78
17
-35
-65
-46
-6
49
131
198
242
238
201
174
144
140
134
118
117
117
133
129
106
87
74
66
46
21
18
24
51
36
0
-14
-37
-27
-27
-13
44
106
150
139
90
44
11
-5
-22
-15
25
95
156
173
143
104
59
-19
-98
-151
-169
-141
-67
-7
31
57
58
38
-24
-88
-125
-137
-111
-79
-50
6
48
98
124
91
43
-30
-112
-189
-263
-294
-275
-209
-116
-68
-36
-50
-114
-180
-265
-316
-317
-266
-180
-76
21
63
107
108
65
5
-74
-109
-128
-99
-59
-17
68
123
137
100
-3
-122
-206
-274
-287
-254
-183
-95
-33
-3
-4
-11
0
5
2
9
6
8
38
69
117
187
244
269
238
163
73
1
-25
-17
27
81
124
159
148
103
73
48
55
68
58
42
24
27
49
94
138
182
207
200
142
40
-51
-101
-98
-74
-44
-24
4
59
111
142
142
135
120
75
11
-61
-82
-22
80
189
260
295
284
222
116
-19
-113
-136
-103
-53
-14
27
77
92
49
-48
-152
-219
-266
-282
-279
-229
-118
7
82
84
52
21
-24
-82
-127
-134
-92
-26
24
46
64
78
85
53
-3
-65
-122
-166
-203
-213
-197
-136
-66
-23
-14
-46
-85
-122
-156
-164
-166
-129
-67
-13
36
51
67
69
42
-5
-74
-113
-117
-91
-40
21
80
121
122
76
-8
-71
-93
-76
-34
20
83
129
153
138
97
71
61
37
26
4
-16
-3
6
22
51
79
101
88
51
15
-21
-37
-46
-46
-14
27
46
55
53
57
64
49
36
30
32
49
62
59
70
94
99
85
52
15
-8
-25
-31
-32
-3
48
81
90
73
44
24
-4
-29
-57
-60
-48
-37
-34
-43
-41
-36
-20
-20
-33
-35
-30
-25
-23
-17
0
18
38
43
36
39
35
22
-1
-30
-48
-64
-62
-70
-78
-76
-76
-83
-97
-119
-149
-163
-163
-169
-169
-148
-121
-80
-42
-13
-4
-5
4
2
2
7
26
50
80
109
118
126
126
110
86
59
39
32
33
48
55
65
99
120
126
106
67
28
-4
-28
-38
-26
4
42
71
83
77
52
14
-26
-56
-69
-60
-44
-23
1
26
45
50
45
33
20
14
12
22
54
92
122
135
130
108
69
32
1
-16
-14
-8
-3
-1
-4
-12
-41
-76
-108
-134
-144
-143
-136
-118
-93
-65
-42
-26
-21
-28
-33
-47
-56
-57
-49
-36
-25
-14
-8
-11
-18
-24
-40
-51
-50
-50
-41
-28
-17
-4
9
16
6
-16
-36
-56
-71
-79
-65
-40
4
43
59
55
34
-3
-44
-75
-92
-85
-59
-21
14
45
67
72
67
48
24
8
5
16
43
77
111
132
133
129
100
61
30
9
2
8
28
40
45
48
36
17
-4
-28
-50
-72
-78
-72
-57
-26
6
31
42
44
39
23
4
-11
-17
-13
2
25
48
70
88
82
66
41
14
-2
-9
-1
24
57
84
93
86
64
35
1
-27
-47
-48
-33
-11
14
33
39
32
21
-9
-48
-82
-99
-99
-84
-53
-20
14
38
46
40
25
3
-8
-11
-3
12
27
50
57
52
36
12
-11
-37
-63
-85
-98
-94
-89
-78
-70
-71
-73
-75
-82
-98
-112
-109
-102
-91
-79
-65
-51
-35
-22
-23
-30
-35
-45
-57
-61
-57
-45
-28
-5
7
13
25
29
26
20
10
-2
-6
1
13
29
51
63
70
69
56
41
18
5
-6
-1
20
41
64
78
84
83
71
56
41
30
27
36
47
58
65
76
82
85
80
62
50
41
34
32
32
34
41
51
55
48
40
29
16
5
-14
-28
-37
-38
-36
-24
-2
16
30
30
23
7
-10
-26
-38
-41
-39
-27
-16
-11
-7
-10
-22
-36
-54
-72
-72
-66
-50
-25
-4
12
19
15
1
-22
-35
-46
-47
-36
-21
-3
13
22
15
-1
-16
-36
-57
-71
-77
-78
-68
-58
-47
-33
-28
-30
-34
-39
-42
-38
-34
-22
-14
-2
8
9
9
2
-5
-12
-18
-24
-25
-22
-18
-12
-2
8
16
23
28
32
31
29
30
30
31
35
42
49
58
69
76
74
67
57
42
26
14
5
3
11
16
23
30
34
34
33
27
20
16
18
20
28
37
46
54
57
57
51
40
28
15
3
-1
-4
-5
-5
-1
0
-5
-11
-19
-25
-30
-36
-40
-39
-31
-18
-9
-2
0
-3
-7
-13
-25
-37
-44
-47
-44
-36
-24
-13
-4
-1
-10
-22
-37
-53
-64
-68
-67
-57
-42
-29
-23
-20
-19
-26
-30
-36
-37
-33
-24
-12
-4
3
4
5
3
-1
-12
-21
-28
-30
-28
-21
-6
7
14
21
20
12
3
-5
-11
-12
-10
-5
3
11
13
17
21
21
18
11
4
1
1
4
10
18
25
35
43
45
47
45
43
40
34
31
34
38
43
43
43
39
38
32
26
23
20
19
19
24
24
26
30
34
33
29
29
30
29
26
26
25
26
24
20
15
7
-1
-9
-14
-18
-20
-21
-22
-29
-36
-39
-43
-45
-43
-38
-32
-19
-6
2
9
15
15
11
5
-7
-16
-22
-30
-40
-44
-44
-50
-58
-67
-79
-89
-92
-89
-82
-76
-64
-51
-42
-33
-24
-17
-14
-11
-9
-5
6
13
22
31
35
34
31
24
17
6
-1
-7
-8
-6
-2
7
13
19
18
17
18
19
19
23
30
36
43
49
52
51
49
42
28
16
7
1
-1
3
6
8
15
15
11
5
-1
-7
-12
-10
-6
2
15
20
26
29
30
25
19
18
10
6
7
8
8
7
4
-3
-8
-17
-26
-31
-30
-27
-18
-9
-2
1
-1
0
-5
-9
-5
3
14
26
33
39
39
34
29
22
14
12
9
9
10
12
11
8
-1
-7
-10
-15
-18
-20
-18
-17
-13
-9
-3
-3
-6
-12
-17
-18
-19
-21
-24
-28
-33
-39
-41
-45
-48
-47
-45
-42
-38
-35
-29
-22
-15
-8
-4
0
2
3
3
2
-1
-6
-5
-5
-7
-7
-13
-16
-18
-18
-21
-19
-17
-16
-16
-13
-12
-10
-9
-6
-1
0
7
9
12
13
17
17
16
15
12
10
9
8
6
5
6
9
11
17
16
17
24
28
36
42
46
49
54
59
65
69
66
61
55
46
38
31
26
21
17
14
15
13
10
10
9
11
14
13
13
13
12
13
14
16
15
16
14
12
4
-4
-11
-15
-20
-22
-22
-22
-22
-23
-27
-32
-35
-37
-42
-44
-50
-55
-58
-59
-60
-59
-54
-47
-41
-33
-26
-23
-22
-20
-23
-24
-25
-24
-17
-13
-9
-7
-6
-8
-12
-16
-13
-10
-11
-6
-4
-2
0
3
6
10
14
14
16
14
13
14
14
15
12
11
13
12
7
2
2
-3
-2
0
1
4
4
6
8
8
12
16
18
18
17
14
16
18
18
18
19
19
20
13
9
4
0
-2
-3
-2
0
2
3
6
7
9
16
20
20
19
20
20
23
23
25
28
26
25
23
20
15
10
7
5
4
2
7
12
15
17
18
16
13
7
1
-4
-9
-13
-18
-23
-26
-29
-29
-25
-25
-28
-23
-23
-24
-24
-24
-23
-19
-17
-16
-15
-16
-16
-16
-18
-23
-25
-26
-23
-19
-19
-13
-12
-10
-9
-10
-15
-19
-24
-26
-25
-23
-19
-16
-13
-10
-7
-4
-1
-1
-2
0
2
5
8
11
11
11
11
8
6
3
1
2
2
4
7
10
12
10
10
14
18
21
21
22
21
23
25
30
31
34
35
35
34
29
24
18
14
9
4
-1
-7
-12
-13
-12
-11
-8
-5
-5
-3
1
7
13
18
20
24
25
24
23
20
23
25
24
23
19
16
10
7
3
-1
-9
-13
-17
-20
-22
-24
-24
-26
-29
-29
-24
-21
-18
-13
-9
-5
-6
-5
-6
-6
-6
-7
-7
-9
-10
-9
-12
-13
-17
-22
-23
-27
-28
-27
-24
-21
-15
-12
-7
-3
-2
0
-2
-2
-3
-3
-5
-4
-6
-9
-10
-8
-7
-7
-5
-4
-3
-5
-7
-9
-9
-9
-10
-7
-5
-1
1
4
10
17
25
30
32
35
36
35
34
32
27
22
17
11
6
4
3
1
-1
-2
-7
-10
-8
-7
-4
-2
-2
-1
-1
-1
1
3
6
6
7
8
7
6
2
2
-4
-7
-3
-3
-2
0
-2
-2
-4
-4
-4
-2
1
2
3
3
3
3
2
4
4
6
14
18
19
19
15
6
0
-4
-5
-5
-1
1
1
1
1
3
5
3
0
-4
-3
-5
-6
-3
-1
2
1
1
-2
-4
-3
-1
-1
0
1
1
1
-1
-4
-7
-6
-7
-11
-9
-10
-12
-13
-15
-12
-13
-14
-14
-14
-12
-12
-11
-10
-11
-15
-18
-18
-20
-22
-20
-19
-17
-17
-18
-19
-17
-14
-10
-7
-5
-3
-1
0
3
4
6
10
12
13
15
17
15
18
17
21
21
22
22
22
22
23
25
25
27
23
18
18
17
15
15
15
14
11
9
7
6
6
5
4
3
0
-3
-5
-6
-8
-5
-1
1
2
0
0
2
3
3
4
3
2
-1
-5
-8
-9
-7
-6
-5
-7
-10
-9
-9
-9
-8
-7
-4
-2
-2
-2
-4
-6
-6
-5
-3
-3
-1
-1
1
0
-3
-3
-4
-6
-5
-7
-7
-7
-6
-7
-7
-7
-6
-4
-3
-2
-1
0
2
1
0
4
7
9
9
11
12
13
12
10
7
4
3
0
0
-2
-5
-7
-8
-10
-13
-12
-9
-8
-6
-4
-5
-5
-2
0
3
4
3
2
1
0
-3
-3
-3
-5
-6
-7
-10
-12
-12
-13
-11
-13
-11
-11
-12
-10
-8
-6
-5
-6
-6
-5
-4
-6
-5
-4
-2
-1
-1
0
-1
-1
-1
2
1
2
1
-1
1
3
5
7
13
15
14
15
17
17
16
18
21
24
24
25
26
25
25
25
24
24
22
21
18
14
11
14
14
12
11
9
5
2
2
0
-2
-3
-4
-5
-4
-3
-1
3
5
3
-1
-2
-7
-13
-18
-20
-21
-23
-24
-26
-24
-23
-23
-21
-19
-18
-21
-22
-21
-23
-23
-22
-21
-18
-16
-14
-14
-13
-14
-13
-12
-13
-12
-11
-10
-5
0
4
7
6
5
8
6
6
8
10
11
13
13
14
13
12
13
15
14
13
14
16
17
16
14
16
14
13
11
10
9
7
5
5
4
5
3
4
6
2
-1
-2
-1
-2
-4
-2
-3
-3
-4
-4
-5
-7
-7
-7
-3
-1
1
3
3
1
-1
-4
-6
-8
-5
0
1
1
1
1
2
2
0
-4
-3
-4
-5
-8
-7
-7
-6
-6
-5
-2
-2
1
4
4
8
10
12
16
17
17
16
17
16
16
14
13
12
7
4
-1
-5
-7
-10
-15
-16
-14
-12
-10
-7
-1
2
3
3
2
1
0
0
-1
-1
-2
-3
1
3
4
4
3
1
-2
-1
-2
-2
-4
-5
-7
-6
-6
-6
-7
-5
-5
-7
-6
-7
-7
-5
-5
-8
-10
-11
-12
-9
-7
-6
-4
-1
-3
-6
-7
-6
-8
-8
-9
-11
-12
-12
-14
-13
-10
-6
-1
3
5
4
3
2
2
2
4
6
7
7
11
10
10
10
7
5
2
1
2
3
3
5
3
4
5
8
11
14
13
12
13
12
14
14
13
15
13
13
13
13
14
13
13
12
11
10
10
9
7
6
6
5
5
4
2
-1
-3
-6
-10
-13
-16
-19
-21
-23
-22
-24
-22
-21
-20
-18
-15
-12
-9
-10
-12
-11
-11
-10
-8
-10
-8
-7
-6
-6
-6
-6
-4
-2
-2
-2
1
5
4
7
10
10
10
10
11
14
15
13
9
7
7
6
7
7
6
5
5
5
5
6
6
9
11
13
16
16
15
17
16
15
15
14
12
11
6
1
-2
-3
-5
-4
-4
-5
-7
-8
-9
-10
-14
-15
-13
-13
-14
-15
-16
-16
-18
-22
-20
-17
-18
-20
-18
-18
-17
-14
-13
-9
-6
-5
-3
-1
1
4
4
7
8
6
9
10
10
9
7
6
6
4
2
0
1
0
1
1
-1
0
-1
-3
-3
-2
2
4
5
8
9
10
11
11
11
9
8
5
4
3
4
3
2
2
-2
-3
-3
-1
-2
-2
-2
-2
-1
-1
0
2
2
3
5
6
6
5
5
6
5
4
6
5
4
1
-1
-3
-4
-3
-3
-3
-1
-2
-2
-5
-4
-4
-7
-6
-5
-5
-3
0
0
1
1
-1
-3
-4
-4
-4
-3
-3
-1
1
3
4
4
4
1
1
2
-1
1
0
0
-1
-1
0
2
3
4
6
4
3
1
0
-1
-1
-2
-2
-1
0
0
3
2
0
0
-2
-3
-3
-4
-6
-6
-5
-4
-5
-4
-2
-3
-4
-2
-2
-2
-2
-2
-3
-2
-2
-4
-4
-5
-7
-5
-5
-4
-3
-4
-4
-5
-7
-5
-2
1
2
2
3
3
2
2
2
2
2
3
3
2
2
3
3
3
2
4
4
4
5
4
4
5
4
5
5
7
6
5
6
4
5
5
3
2
2
-2
-2
-2
-1
2
3
6
5
8
7
7
8
7
6
4
5
1
1
0
2
4
4
2
1
0
-4
-5
-5
-7
-7
-6
-7
-5
-3
-2
0
0
-2
-3
-5
-3
-4
-5
-6
-6
-7
-7
-8
-8
-9
-7
-4
-2
-2
-1
1
1
3
3
4
5
5
3
1
-1
-1
-4
-5
-5
-3
-3
-4
-4
-3
-3
-4
-5
-3
-4
-3
-2
-1
0
1
2
