0
1
0
-1
0
0
0
0
1
0
0
-1
0
0
1
1
0
0
1
1
0
0
0
0
0
0
-1
0
1
0
-1
-1
0
0
0
-1
0
0
0
0
0
-1
-1
-1
0
0
0
0
-1
1
0
0
0
0
0
0
0
-1
0
1
0
0
1
0
1
0
-1
0
0
1
-1
0
1
0
1
0
1
-1
0
0
0
0
0
1
0
0
1
1
1
0
0
0
1
0
0
0
0
1
0
0
0
0
1
0
0
1
0
0
0
-1
1
0
0
1
0
0
0
0
0
-1
0
0
0
0
1
1
0
0
-1
0
0
-1
0
-1
0
1
1
0
-1
0
1
0
0
0
-1
0
0
0
-1
1
1
0
0
1
0
0
0
0
0
0
-1
-1
0
-1
0
1
2
1
1
0
1
0
0
1
1
1
0
0
-1
1
0
0
1
0
0
0
0
-1
0
0
-1
0
0
-1
-2
1
0
-1
0
0
-1
0
1
0
0
0
-1
1
0
0
0
0
0
0
0
0
0
0
0
0
0
0
0
0
-1
0
0
0
0
0
1
-1
0
1
1
0
0
0
0
1
0
0
-1
0
0
0
0
-1
0
1
1
0
0
-1
1
0
0
1
0
0
2
0
0
0
0
-1
0
1
1
0
0
0
1
0
-1
0
0
0
0
0
0
0
0
-1
-1
0
0
0
0
0
0
0
0
-1
0
0
0
0
0
0
0
0
0
0
0
0
0
0
0
-1
0
0
0
0
0
0
0
-1
1
0
0
0
1
0
0
0
0
-1
1
0
-1
0
0
0
1
0
0
0
0
0
0
0
-1
0
0
0
-1
0
-1
0
1
0
0
-1
0
0
-1
0
0
-1
0
0
0
-1
0
1
1
0
1
1
0
1
0
-1
1
0
0
2
0
1
0
1
0
1
0
1
0
-1
0
1
0
-1
0
0
0
0
0
0
1
-1
0
1
-1
-1
0
-1
-1
0
-1
0
0
-1
-1
0
-1
0
-1
-1
0
-1
0
0
0
0
0
0
0
0
0
-1
0
0
0
-1
0
1
0
-1
1
0
0
0
1
1
0
0
0
0
1
0
2
0
1
1
0
0
0
1
0
0
0
0
0
0
1
0
0
-1
0
1
-1
-1
0
-1
0
0
1
0
0
-1
-1
0
-1
-1
-1
-1
-1
0
-1
0
0
0
0
-1
0
0
-1
-1
0
0
0
0
0
0
0
0
1
0
1
0
-1
0
0
1
1
1
1
1
0
0
1
0
1
2
1
0
2
1
0
1
0
1
1
1
1
1
1
1
0
0
-1
0
-1
0
-1
-1
0
-1
0
-1
-1
-1
-1
-1
-1
-1
-1
0
0
-1
-1
-1
-1
-2
-1
-1
0
-1
-1
-1
0
-1
0
-1
-1
-1
0
0
0
0
-1
0
0
0
1
1
1
0
1
1
0
0
1
1
1
0
1
2
1
1
1
1
1
0
1
0
1
0
1
0
1
1
0
0
0
1
0
-1
-1
1
0
0
0
-1
0
-1
0
-1
0
-1
0
-1
-1
-1
-1
0
-2
-1
-1
0
-1
-1
-1
0
0
0
0
1
0
1
1
0
1
0
1
1
1
0
1
1
1
1
0
0
1
-1
0
1
0
0
0
0
1
0
-1
0
0
1
1
1
1
1
1
0
-1
1
0
0
1
1
0
0
-1
0
0
0
-1
0
-1
0
-1
0
0
-1
-1
-2
-2
-4
-3
-3
-2
0
0
0
2
1
3
3
5
5
5
5
5
5
5
4
3
3
2
2
1
2
2
2
1
1
2
1
0
-1
-1
-1
-2
-3
-3
-4
-4
-4
-2
-2
-2
-1
-1
0
-1
0
0
1
-1
0
1
0
-1
-1
-4
-6
-9
-12
-16
-18
-21
-23
-25
-26
-26
-28
-27
-27
-25
-24
-21
-18
-14
-10
-5
-2
4
9
14
20
25
30
34
35
37
39
39
39
37
34
30
26
21
17
13
8
3
-1
-6
-12
-17
-23
-27
-31
-34
-35
-33
-28
-22
-15
-4
6
19
33
50
66
82
98
115
128
136
143
144
143
137
130
119
107
95
80
64
54
42
30
20
9
-1
-9
-15
-22
-24
-25
-23
-21
-19
-20
-24
-31
-41
-57
-73
-93
-123
-155
-191
-229
-273
-319
-371
-430
-496
-565
-627
-677
-715
-748
-763
-758
-736
-702
-653
-576
-475
-355
-220
-76
79
234
380
523
665
805
927
1029
1109
1167
1196
1192
1160
1104
1029
925
793
644
485
315
138
-36
-191
-327
-447
-552
-633
-683
-710
-715
-687
-619
-524
-413
-294
-159
-14
129
270
410
552
677
770
836
872
876
838
766
679
576
453
313
162
3
-166
-335
-491
-620
-721
-794
-836
-852
-841
-808
-750
-667
-558
-427
-281
-132
13
153
277
381
473
556
624
669
686
682
660
613
551
478
398
303
194
77
-39
-153
-266
-366
-449
-522
-590
-651
-705
-751
-795
-841
-882
-922
-966
-1012
-1054
-1080
-1086
-1085
-1090
-1101
-1124
-1169
-1234
-1292
-1296
-1246
-1174
-1097
-1002
-895
-792
-695
-559
-346
-85
186
448
717
973
1180
1354
1548
1788
2033
2228
2351
2420
2434
2370
2253
2139
2054
1934
1715
1410
1087
762
406
43
-254
-451
-624
-849
-1085
-1245
-1326
-1367
-1345
-1185
-905
-621
-421
-251
-23
252
509
748
1019
1296
1475
1513
1474
1412
1312
1148
959
799
651
440
137
-191
-469
-697
-884
-1004
-1041
-1033
-1035
-1051
-1028
-934
-788
-618
-417
-188
34
202
317
416
522
631
734
818
860
842
757
635
532
462
384
273
140
2
-141
-297
-444
-538
-599
-698
-854
-1001
-1095
-1176
-1292
-1406
-1476
-1543
-1710
-1973
-2202
-2309
-2363
-2459
-2564
-2624
-2744
-3050
-3438
-3642
-3538
-3282
-3057
-2836
-2525
-2201
-1990
-1775
-1303
-522
319
1017
1638
2271
2824
3173
3441
3857
4451
4959
5166
5150
5068
4888
4523
4092
3782
3577
3233
2622
1897
1251
670
49
-529
-879
-1006
-1158
-1459
-1744
-1836
-1774
-1657
-1436
-1021
-492
-75
140
327
646
1040
1377
1640
1890
2106
2165
2026
1800
1600
1408
1153
845
537
181
-276
-775
-1191
-1436
-1583
-1717
-1849
-1957
-2040
-2090
-2082
-1958
-1733
-1458
-1192
-974
-782
-601
-420
-221
38
343
637
838
904
887
844
818
802
786
742
640
446
184
-78
-305
-481
-602
-692
-838
-1091
-1360
-1509
-1561
-1629
-1714
-1725
-1744
-1979
-2404
-2707
-2727
-2678
-2755
-2822
-2804
-3025
-3765
-4626
-4880
-4425
-3861
-3569
-3293
-2809
-2431
-2415
-2324
-1539
-158
1118
1949
2647
3456
4107
4338
4474
5049
6004
6713
6783
6471
6171
5823
5202
4483
4094
4004
3627
2626
1422
587
53
-616
-1371
-1711
-1579
-1584
-2088
-2632
-2680
-2393
-2213
-2022
-1387
-463
91
104
153
658
1330
1734
1983
2431
2985
3175
2886
2509
2332
2164
1713
1091
655
419
72
-508
-1066
-1403
-1672
-2059
-2432
-2520
-2366
-2254
-2283
-2283
-2124
-1908
-1800
-1714
-1458
-1040
-653
-428
-265
-38
209
359
432
541
678
729
652
540
491
432
254
14
-123
-127
-172
-384
-670
-893
-1077
-1291
-1441
-1449
-1425
-1550
-1870
-2279
-2670
-2970
-3103
-3087
-3067
-3135
-3298
-3685
-4459
-5360
-5750
-5344
-4643
-4252
-4102
-3808
-3429
-3244
-3004
-2123
-584
954
2019
2808
3615
4322
4749
5107
5771
6726
7516
7753
7482
7022
6596
6175
5708
5296
5015
4625
3749
2435
1231
518
38
-602
-1255
-1553
-1682
-2171
-2969
-3409
-3206
-2797
-2502
-2066
-1340
-745
-576
-458
50
806
1470
2111
2877
3476
3575
3369
3262
3184
2795
2257
1979
1953
1757
1229
608
25
-643
-1354
-1792
-1879
-1896
-2069
-2325
-2585
-2889
-3157
-3204
-2996
-2716
-2467
-2199
-1932
-1737
-1539
-1203
-788
-445
-171
117
345
353
206
194
405
614
615
451
263
67
-212
-513
-692
-738
-781
-890
-1052
-1261
-1577
-2043
-2538
-2857
-2932
-2917
-3013
-3257
-3525
-3880
-4681
-5952
-6980
-6963
-6080
-5359
-5343
-5456
-5068
-4462
-4114
-3646
-2291
-207
1559
2469
3102
4091
5174
5821
6229
7094
8418
9334
9201
8449
7915
7755
7501
6928
6387
6052
5415
4009
2249
991
416
-101
-957
-1790
-2223
-2622
-3461
-4416
-4726
-4246
-3574
-3132
-2709
-2109
-1605
-1372
-1016
-100
1160
2181
2793
3271
3699
3890
3870
3897
3951
3712
3147
2632
2368
2078
1499
787
188
-355
-994
-1642
-2112
-2406
-2654
-2927
-3227
-3547
-3821
-3931
-3860
-3683
-3391
-2943
-2463
-2154
-1953
-1571
-927
-276
189
555
907
1118
1112
1086
1227
1382
1317
1102
854
554
84
-421
-665
-660
-743
-1099
-1516
-1788
-2027
-2399
-2741
-2859
-2929
-3248
-3680
-3898
-4152
-5132
-6783
-7949
-7757
-6825
-6422
-6715
-6777
-6157
-5451
-5071
-4412
-2814
-705
952
1984
3046
4469
5780
6512
7006
7947
9306
10248
10174
9496
9043
8945
8611
7782
6931
6386
5642
4132
2259
947
306
-440
-1622
-2594
-2894
-3153
-4097
-5284
-5667
-5110
-4428
-4032
-3496
-2528
-1582
-1157
-1010
-476
717
2176
3328
3994
4447
4842
4866
4365
3770
3744
4218
4476
4166
3572
2867
1880
726
-50
-254
-415
-974
-1735
-2437
-3193
-4099
-4773
-4810
-4407
-4067
-3991
-3983
-3867
-3637
-3216
-2555
-1707
-800
-60
376
538
574
664
858
1075
1209
1239
1148
838
362
-90
-375
-500
-640
-855
-1001
-1172
-1603
-2154
-2372
-2175
-2114
-2596
-3289
-3731
-4252
-5609
-7555
-8793
-8612
-7839
-7733
-8268
-8400
-7785
-7107
-6699
-5805
-3803
-1320
543
1586
2558
3998
5542
6706
7659
8862
10260
11128
10966
10274
9938
10073
9940
9159
8207
7471
6528
4836
2885
1657
1108
285
-1145
-2471
-3106
-3595
-4644
-5836
-6172
-5566
-4942
-4766
-4546
-3835
-2939
-2292
-1548
-160
1438
2323
2533
2987
4050
4987
5177
5076
5244
5283
4609
3652
3218
3275
3144
2530
1735
923
-82
-1194
-2021
-2474
-2768
-3046
-3401
-3996
-4751
-5177
-4948
-4409
-4018
-3668
-3035
-2353
-2010
-1752
-1012
125
976
1287
1450
1652
1590
1270
1113
1271
1366
1124
717
298
-326
-1200
-1826
-1919
-1833
-2051
-2531
-2837
-2764
-2626
-2708
-2961
-3405
-4347
-5959
-7772
-8915
-8912
-8304
-8053
-8348
-8653
-8572
-8186
-7620
-6502
-4471
-1945
180
1524
2503
3659
5061
6439
7693
9072
10561
11530
11490
10776
10296
10453
10595
10089
9148
8229
7164
5469
3420
1888
1117
407
-846
-2258
-3271
-4128
-5215
-6299
-6700
-6224
-5546
-5159
-4821
-4213
-3419
-2649
-1762
-455
1067
2228
2790
3212
3917
4750
5268
5245
4974
4771
4710
4573
4314
3977
3554
2885
1957
1030
234
-387
-950
-1507
-2110
-2824
-3584
-4300
-4866
-5131
-5055
-4689
-4303
-4074
-3795
-3369
-2804
-2004
-957
46
645
808
838
956
1111
1213
1371
1469
1222
721
207
-240
-712
-1278
-1722
-1842
-1869
-2051
-2319
-2388
-2162
-1821
-1709
-2083
-2938
-4379
-6262
-7880
-8623
-8425
-8002
-8151
-8723
-9163
-9224
-8939
-8163
-6510
-4136
-1790
-76
1059
2204
3617
5204
6921
8635
10225
11371
11717
11402
10938
10839
11092
11130
10627
9683
8472
6988
5166
3431
2262
1469
511
-926
-2494
-3753
-4833
-5902
-6708
-6858
-6439
-5968
-5699
-5489
-5080
-4374
-3406
-2124
-615
946
2366
3267
3367
3174
3570
4568
5413
5644
5583
5664
5440
4624
3898
3612
3353
2743
1915
1073
89
-1029
-1943
-2498
-2990
-3664
-4190
-4541
-5005
-5356
-5224
-4584
-3802
-3180
-2599
-1915
-1295
-817
-250
586
1333
1638
1664
1648
1612
1238
475
-20
18
-41
-580
-1311
-1858
-2339
-2934
-3217
-2907
-2305
-2017
-1938
-1827
-2265
-3749
-6081
-8231
-9128
-8870
-8273
-8130
-8618
-9244
-9607
-9544
-8953
-7531
-5120
-2414
-391
697
1485
2807
4547
6179
7810
9678
11467
12233
11690
10882
10806
11329
11643
11366
10789
9860
8241
6083
4009
2658
1847
975
-176
-1584
-3049
-4532
-5940
-6901
-7220
-6840
-6124
-5733
-5693
-5565
-5067
-4208
-3109
-1507
544
2348
3456
4042
4369
4269
3971
4290
5330
6279
6269
5486
4672
3883
2993
2333
2179
2033
1391
380
-620
-1571
-2501
-3226
-3596
-3888
-4391
-4828
-5088
-5371
-5544
-5175
-4089
-2846
-2003
-1443
-865
-271
235
794
1574
2212
2262
1925
1636
1370
779
5
-558
-915
-1411
-2280
-2989
-3105
-3056
-3031
-2933
-2721
-2370
-2126
-2460
-3946
-6676
-9309
-10079
-9000
-7973
-8259
-9065
-9330
-9312
-9639
-9568
-7659
-4181
-1100
357
910
1908
3574
5254
6779
8572
10737
12478
12867
12133
11358
11356
11898
12084
11606
10826
9822
8210
5903
3686
2468
2018
1201
-474
-2319
-3729
-5062
-6747
-8166
-8314
-7432
-6743
-6718
-6642
-6086
-5535
-5162
-4161
-2028
429
2026
2735
3285
3791
4152
4609
5613
6883
7582
7519
6993
6253
5401
4689
4382
4039
3050
1585
177
-968
-2063
-3121
-3812
-4305
-4981
-5797
-6362
-6498
-6511
-6336
-5618
-4591
-3704
-3122
-2461
-1430
-453
212
830
1615
2232
2204
1868
1798
1866
1586
775
-53
-591
-1164
-1875
-2469
-2680
-2674
-2796
-2926
-2791
-2475
-2792
-4537
-7425
-9978
-10671
-9582
-8489
-8675
-9593
-10092
-9994
-9966
-9713
-7962
-4625
-1390
211
662
1587
3435
5422
7037
8789
11073
12955
13284
12331
11520
11876
12810
13090
12498
11558
10496
8907
6617
4489
3330
2784
1839
15
-1998
-3617
-5175
-6869
-8139
-8223
-7486
-7181
-7599
-7942
-7624
-6916
-6158
-4944
-3017
-844
859
1800
2453
3246
4255
5485
6720
7774
8392
8127
7047
5838
5242
5294
5194
4396
3031
1466
-113
-1583
-2575
-2959
-3160
-3744
-4832
-6002
-6807
-7112
-6885
-6188
-5125
-4065
-3458
-3252
-2947
-2030
-663
597
1507
2101
2422
2361
2177
2162
2118
1812
997
-195
-1235
-1927
-2163
-2101
-2208
-2447
-2629
-2587
-2532
-3623
-6488
-9943
-11687
-10785
-9205
-9086
-10140
-10755
-10625
-10931
-11407
-10176
-6664
-2663
-473
-73
398
1892
4047
6040
7816
10038
12292
13400
12870
11755
11830
13116
14003
13607
12543
11722
10690
8531
5958
4476
4289
3814
1952
-418
-2163
-3548
-5557
-7815
-8780
-8161
-7343
-7492
-8259
-8592
-8346
-7839
-6938
-5267
-2896
-702
515
913
1244
2228
3860
5625
7156
8266
8854
8661
7764
6970
6919
7355
7301
6040
4056
2062
458
-761
-1766
-2460
-3058
-4010
-5341
-6740
-7575
-7667
-7393
-6882
-6149
-5300
-4610
-4192
-3681
-2815
-1712
-606
313
942
1226
1361
1613
1831
1736
1250
563
-125
-848
-1449
-1610
-1534
-1648
-1932
-1904
-1543
-2127
-4755
-8462
-10823
-10556
-9155
-8788
-9576
-10238
-10434
-11020
-11888
-11217
-8018
-3905
-1263
-617
-382
775
2800
4901
6879
9203
11592
12931
12651
11646
11594
12806
13934
13901
13020
12190
11216
9395
7109
5558
5140
4626
3016
838
-901
-2241
-4091
-6392
-7829
-7764
-7146
-7212
-8000
-8559
-8534
-8288
-7870
-6707
-4596
-2431
-1151
-664
-99
1092
2646
4183
5708
7118
8009
8091
7612
7226
7280
7530
7441
6566
4989
3272
1880
804
-230
-1352
-2443
-3451
-4522
-5490
-6065
-6246
-6362
-6471
-6273
-5676
-4961
-4330
-3643
-2730
-1774
-1056
-471
-5
328
640
1086
1307
785
-197
-827
-917
-1072
-1409
-1473
-1268
-1233
-1610
-1880
-2296
-4179
-7435
-10223
-10593
-9120
-8365
-9010
-9880
-10304
-10860
-11831
-11545
-8748
-4749
-1931
-1196
-1098
-141
1805
4076
6082
8148
10312
11742
11905
11224
11194
12571
13969
14013
12964
12017
11427
10112
7995
6368
5840
5312
3522
1181
-376
-1246
-2590
-4745
-6352
-6573
-6394
-6833
-7697
-8013
-7609
-7393
-7396
-6892
-5399
-3415
-1990
-1132
-218
927
2213
3552
4920
6256
7122
7444
7368
7182
7129
7092
6805
5949
4469
2905
1794
1098
319
-804
-2092
-3399
-4611
-5519
-5778
-5443
-5089
-5076
-5183
-5047
-4732
-4255
-3320
-1960
-771
-299
-265
-53
261
375
446
781
1023
460
-652
-1566
-1986
-2070
-2052
-1883
-1676
-1689
-1815
-2465
-4578
-8057
-11016
-11355
-9616
-8414
-8960
-10140
-10828
-11520
-12447
-11935
-8692
-4127
-1186
-879
-1274
-469
1647
4165
6492
8779
10829
11909
11766
11022
10992
12241
13722
14081
13108
11802
10734
9406
7631
6187
5740
5505
4141
1805
-241
-1498
-2710
-4428
-5746
-5857
-5527
-5933
-6995
-7547
-7269
-6894
-6567
-5623
-3824
-2103
-1284
-895
-104
1298
2890
4395
5838
6858
7075
6714
6407
6546
6866
7014
6659
5423
3472
1417
124
-228
-475
-1067
-2094
-3537
-5073
-6292
-6574
-5871
-5009
-4536
-4390
-4261
-4118
-3922
-3183
-1739
-189
716
925
1015
1116
1094
1117
1449
1754
1209
-41
-1177
-1882
-2271
-2556
-2554
-2206
-2054
-2148
-2529
-4194
-7549
-11165
-12499
-10897
-8912
-8754
-9773
-10485
-11133
-12322
-12626
-10048
-5113
-1024
63
-449
-242
1395
3874
6416
8968
11330
12613
12419
11350
10772
11684
13353
14138
13329
11751
10388
8990
7139
5482
4938
5011
4069
1739
-604
-2002
-3066
-4658
-6112
-6300
-5677
-5611
-6486
-7199
-7006
-6481
-6087
-5374
-3792
-1806
-501
43
591
1606
2961
4302
5621
6828
7489
7390
6824
6354
6249
6367
6369
5684
4107
2042
244
-800
-1415
-2037
-2883
-3964
-5204
-6390
-7034
-6813
-6062
-5341
-4826
-4316
-3743
-3290
-2665
-1479
61
1325
1947
2152
2255
2370
2578
2958
3154
2583
1367
186
-716
-1440
-2003
-2279
-2288
-2520
-2879
-2853
-3227
-5458
-9330
-12403
-12500
-10645
-9614
-10087
-10720
-11060
-11921
-13060
-12417
-8733
-3879
-879
-301
-336
565
2618
5152
7735
10313
12278
12996
12512
11635
11675
12944
14199
14138
12837
11367
10107
8489
6446
4913
4376
3782
2098
-131
-1769
-2873
-4421
-6343
-7377
-7049
-6425
-6560
-7109
-7133
-6786
-6539
-6029
-4657
-2516
-603
426
1078
1943
3124
4478
5861
7134
8038
8284
7851
7076
6327
5858
5664
5242
4107
2288
266
-1233
-2066
-2653
-3270
-3936
-4608
-5405
-6257
-6757
-6613
-6023
-5413
-4849
-4139
-3368
-2669
-1904
-807
540
1775
2677
3199
3465
3580
3660
3831
3833
3347
2483
1457
351
-783
-1688
-2102
-2213
-2527
-3095
-3347
-3479
-4878
-8161
-11735
-13119
-11943
-10427
-10235
-10749
-11090
-11610
-12570
-12702
-10321
-5982
-2147
-407
-37
468
1878
4151
6806
9381
11498
12749
12969
12420
11975
12511
13637
14056
13179
11763
10620
9392
7590
5680
4436
3615
2278
399
-1209
-2339
-3678
-5555
-7041
-7234
-6710
-6521
-6854
-7002
-6715
-6538
-6455
-5691
-3874
-1747
-223
797
1839
3053
4215
5325
6605
7828
8437
8286
7773
7259
6780
6219
5528
4552
3067
1254
-332
-1428
-2263
-3101
-3878
-4628
-5538
-6409
-6701
-6301
-5824
-5680
-5442
-4665
-3742
-3074
-2351
-1142
412
1512
1995
2313
2857
3440
3704
3762
3650
3304
2539
1358
177
-770
-1386
-1714
-2004
-2438
-2904
-3024
-2929
-3877
-6772
-10468
-12503
-11929
-10422
-9899
-10365
-10807
-11318
-12418
-12987
-11171
-7044
-2968
-926
-437
32
1253
3225
5734
8500
10904
12330
12686
12342
11998
12349
13382
14122
13656
12299
10955
9768
8223
6388
5011
4101
2783
793
-987
-1953
-2907
-4665
-6530
-7314
-7035
-6807
-6998
-6925
-6451
-6254
-6535
-6335
-4830
-2618
-841
308
1426
2579
3435
4201
5370
6781
7595
7579
7413
7339
6915
6068
5277
4732
3705
1844
90
-783
-1234
-2071
-3214
-4233
-5115
-5902
-6264
-5959
-5499
-5328
-5090
-4497
-3842
-3338
-2572
-1130
442
1269
1384
1468
1874
2312
2586
2904
3208
3013
2053
770
-278
-1028
-1530
-1669
-1494
-1496
-1987
-2390
-2475
-3484
-6478
-10240
-12039
-11042
-9516
-9503
-10397
-10881
-11325
-12425
-12888
-10766
-6484
-2770
-1266
-996
-453
911
3105
5779
8402
10375
11493
12028
12046
11832
12153
13233
14045
13527
12133
10928
9929
8497
6759
5591
4862
3399
1177
-541
-1254
-2018
-3768
-5636
-6389
-6286
-6377
-6775
-6729
-6258
-6123
-6353
-6181
-5127
-3582
-2125
-755
575
1614
2386
3268
4422
5465
6087
6574
7187
7517
7058
6093
5334
4764
3743
2252
1002
419
-46
-1077
-2517
-3816
-4671
-5064
-5060
-4825
-4735
-4938
-5087
-4865
-4308
-3579
-2608
-1336
-221
266
301
473
1012
1559
1948
2383
2769
2575
1631
528
-180
-608
-1014
-1189
-1031
-1048
-1639
-2241
-2394
-3065
-5521
-9094
-11287
-10858
-9441
-9153
-10041
-10862
-11411
-12222
-12523
-10825
-7312
-4016
-2339
-1728
-1078
78
1981
4688
7531
9472
10329
10808
11289
11680
12188
13079
13790
13437
12258
11244
10527
9395
7830
6589
5659
4172
2128
666
144
-665
-2606
-4680
-5539
-5473
-5674
-6279
-6504
-6263
-6327
-6813
-6817
-5819
-4399
-3211
-2122
-889
218
998
1912
3265
4539
5150
5481
6145
6862
6869
6264
5702
5099
4030
2527
1477
1215
995
163
-1073
-2249
-3293
-4095
-4292
-3906
-3606
-3820
-4199
-4287
-4156
-3919
-3264
-2055
-876
-343
-249
-15
429
791
1128
1719
2311
2282
1515
555
-164
-732
-1185
-1273
-1011
-945
-1368
-1802
-1923
-2554
-4823
-8151
-10338
-10112
-8706
-8153
-8908
-10040
-11028
-11925
-12109
-10580
-7572
-4707
-3156
-2586
-2051
-980
883
3524
6250
8109
8967
9555
10324
11069
11686
12382
12995
12968
12291
11592
11080
10276
9021
7821
6818
5461
3668
2276
1681
939
-827
-2967
-4255
-4652
-5025
-5616
-5932
-5982
-6390
-7145
-7410
-6732
-5641
-4670
-3643
-2383
-1259
-518
261
1439
2646
3360
3866
4747
5759
6168
5863
5447
5132
4480
3493
2835
2815
2789
2043
804
-369
-1386
-2218
-2590
-2417
-2267
-2722
-3464
-3890
-3973
-3897
-3500
-2619
-1732
-1460
-1614
-1505
-1049
-684
-417
119
762
873
305
-353
-679
-1010
-1498
-1584
-1055
-575
-800
-1349
-1461
-1716
-3472
-6537
-8892
-9007
-7718
-6994
-7585
-8749
-9883
-10868
-11188
-10058
-7668
-5295
-3924
-3321
-2775
-1955
-547
1684
4222
6132
7144
7868
8854
9861
10618
11336
11955
12070
11763
11621
11732
11327
10065
8730
7874
6958
5554
4345
3893
3363
1695
-601
-2123
-2611
-2949
-3517
-3892
-4100
-4792
-5975
-6715
-6476
-5768
-5130
-4426
-3548
-2929
-2796
-2573
-1703
-499
397
1020
1835
2830
3519
3751
3880
4064
4020
3656
3388
3517
3670
3292
2416
1492
746
130
-267
-338
-393
-916
-1848
-2586
-2837
-2827
-2723
-2425
-2061
-2043
-2422
-2720
-2617
-2358
-2153
-1775
-1131
-690
-910
-1541
-2068
-2410
-2708
-2726
-2183
-1498
-1403
-1883
-2148
-1762
-1305
-1731
-3282
-5257
-6585
-6606
-5671
-4915
-5155
-6255
-7451
-8078
-7912
-6925
-5336
-3764
-2765
-2337
-2055
-1480
-447
995
2659
4222
5434
6308
6981
7540
8020
8404
8711
9085
9673
10308
10436
9720
8473
7321
6592
6262
6273
6413
6066
4770
2900
1358
646
498
474
423
140
-740
-2154
-3493
-4102
-3934
-3497
-3187
-3120
-3370
-3906
-4443
-4578
-4125
-3299
-2425
-1630
-1018
-680
-553
-409
-55
464
1029
1584
2080
2348
2289
2066
1901
1874
1925
2014
2154
2148
1736
966
273
52
243
491
544
375
-30
-658
-1290
-1730
-1959
-2031
-1994
-1937
-2146
-2824
-3634
-4123
-4184
-3969
-3642
-3318
-3193
-3394
-3689
-3624
-3105
-2363
-1557
-788
-215
-52
-422
-1167
-1992
-2520
-2360
-1616
-886
-778
-1435
-2448
-3277
-3556
-3172
-2331
-1626
-1436
-1576
-1621
-1345
-912
-529
-235
-67
8
229
811
1683
2442
2766
2781
2787
2961
3366
4030
4817
5435
5675
5583
5399
5273
5308
5589
5974
6182
6047
5607
5005
4379
3857
3552
3415
3212
2743
2029
1222
425
-313
-896
-1239
-1443
-1736
-2214
-2818
-3436
-3906
-4086
-3961
-3638
-3258
-2912
-2656
-2556
-2579
-2498
-2062
-1218
-199
618
1000
946
635
365
422
916
1652
2173
2124
1598
1020
687
607
641
678
651
374
-195
-870
-1423
-1763
-1976
-2165
-2326
-2437
-2590
-2863
-3186
-3361
-3250
-2904
-2507
-2220
-2090
-2057
-2043
-1981
-1767
-1295
-610
72
500
562
414
281
301
489
712
765
539
105
-294
-508
-589
-673
-876
-1224
-1635
-1957
-2073
-1977
-1765
-1557
-1419
-1403
-1500
-1603
-1625
-1449
-1041
-498
-11
255
345
426
574
798
1133
1598
2055
2359
2507
2630
2798
2981
3213
3539
3830
3910
3742
3472
3259
3149
3188
3348
3464
3335
2931
2408
1929
1587
1449
1481
1551
1487
1261
958
670
481
492
715
1000
1127
1052
885
704
462
212
172
390
629
587
224
-225
-598
-894
-1059
-1040
-924
-945
-1288
-1836
-2327
-2599
-2647
-2546
-2402
-2334
-2470
-2835
-3282
-3550
-3492
-3171
-2808
-2616
-2629
-2742
-2840
-2828
-2674
-2375
-1960
-1535
-1195
-1006
-932
-876
-722
-400
18
349
432
282
97
24
53
135
200
203
70
-207
-495
-655
-666
-633
-631
-648
-677
-753
-846
-858
-721
-494
-332
-282
-224
-75
125
297
468
689
922
1091
1201
1335
1529
1748
1974
2216
2452
2614
2662
2645
2617
2599
2625
2696
2750
2732
2601
2391
2126
1863
1690
1645
1677
1683
1638
1544
1389
1185
1023
1025
1133
1199
1183
1106
967
765
577
543
662
737
612
323
26
-170
-273
-319
-346
-424
-645
-999
-1372
-1633
-1746
-1828
-1938
-2049
-2135
-2236
-2395
-2545
-2608
-2566
-2504
-2470
-2424
-2366
-2327
-2323
-2298
-2182
-2007
-1808
-1586
-1354
-1135
-980
-901
-828
-677
-434
-180
-24
32
104
286
536
708
716
592
404
206
71
93
247
339
211
-95
-422
-662
-782
-777
-662
-527
-510
-606
-704
-712
-636
-521
-347
-121
75
198
251
280
349
474
656
874
1057
1159
1155
1083
1018
1028
1144
1324
1484
1541
1465
1297
1141
1116
1247
1442
1603
1664
1601
1463
1352
1367
1519
1729
1853
1841
1750
1642
1559
1517
1514
1567
1636
1633
1501
1253
991
793
669
604
578
523
329
-41
-478
-821
-1017
-1133
-1244
-1364
-1504
-1727
-2035
-2303
-2403
-2351
-2255
-2210
-2214
-2251
-2311
-2354
-2296
-2087
-1812
-1595
-1480
-1404
-1288
-1139
-993
-842
-649
-397
-180
-81
-78
-72
12
137
254
329
362
329
238
165
208
327
386
280
60
-150
-310
-405
-425
-365
-278
-290
-475
-741
-905
-887
-735
-535
-360
-244
-224
-271
-270
-131
126
389
558
639
653
607
527
486
533
670
829
894
826
662
474
334
296
395
592
742
739
590
416
357
456
668
923
1109
1149
1081
1025
1065
1193
1360
1540
1705
1802
1801
1713
1598
1526
1522
1567
1619
1600
1437
1127
770
497
374
359
335
208
-45
-391
-737
-986
-1084
-1076
-1089
-1193
-1375
-1587
-1764
-1855
-1841
-1725
-1590
-1548
-1591
-1616
-1536
-1382
-1237
-1106
-934
-735
-572
-487
-440
-352
-220
-105
-19
44
49
-35
-186
-290
-269
-173
-131
-241
-472
-726
-921
-1012
-1007
-968
-981
-1091
-1280
-1452
-1485
-1382
-1231
-1101
-991
-879
-798
-752
-661
-476
-224
35
259
474
662
778
818
860
994
1226
1478
1650
1680
1578
1405
1250
1216
1327
1500
1578
1458
1191
904
746
759
885
1013
1043
926
710
527
496
609
779
905
943
916
848
773
747
807
944
1097
1197
1201
1099
916
739
639
630
667
669
569
337
18
-303
-543
-666
-690
-721
-861
-1121
-1448
-1731
-1909
-1971
-1941
-1857
-1791
-1804
-1864
-1898
-1856
-1731
-1536
-1285
-1026
-826
-705
-618
-506
-331
-101
157
370
463
420
343
314
352
442
512
484
318
61
-185
-340
-388
-376
-373
-459
-661
-906
-1072
-1093
-992
-877
-799
-777
-814
-852
-809
-648
-403
-158
27
149
230
310
419
578
777
988
1172
1301
1361
1348
1307
1287
1310
1363
1423
1435
1344
1157
932
755
682
691
721
713
597
391
177
44
39
103
182
215
183
114
52
38
91
211
366
502
577
571
512
455
453
537
664
759
754
632
453
282
167
132
148
132
20
-188
-439
-670
-839
-935
-977
-1014
-1096
-1212
-1339
-1437
-1476
-1480
-1440
-1372
-1291
-1206
-1122
-1050
-981
-890
-763
-611
-459
-323
-217
-149
-110
-72
-11
83
166
191
176
131
71
8
-29
-45
-63
-116
-206
-295
-356
-379
-387
-398
-418
-445
-442
-406
-348
-287
-216
-132
-55
25
115
222
320
396
485
618
793
950
1033
1027
991
988
1058
1178
1286
1311
1235
1100
979
927
933
945
910
797
621
437
303
239
212
164
71
-39
-116
-155
-180
-210
-233
-235
-198
-109
-18
15
-17
-67
-75
0
134
269
333
293
158
15
-43
7
93
117
55
-95
-290
-455
-539
-535
-510
-546
-657
-798
-903
-956
-973
-983
-994
-983
-943
-888
-843
-830
-824
-799
-727
-606
-463
-339
-271
-263
-264
-215
-97
44
144
183
175
141
115
126
175
220
234
206
154
110
99
114
130
135
130
109
71
35
11
12
35
76
120
157
171
149
114
99
139
246
376
464
478
432
389
413
518
654
754
761
697
623
604
662
744
772
724
605
475
394
380
393
381
318
200
65
-40
-85
-78
-69
-99
-154
-204
-229
-246
-270
-282
-284
-271
-229
-176
-134
-141
-189
-230
-238
-194
-125
-81
-83
-131
-199
-265
-315
-330
-317
-288
-274
-297
-333
-365
-395
-430
-446
-429
-383
-339
-322
-338
-366
-386
-378
-340
-276
-219
-201
-211
-236
-242
-212
-159
-112
-85
-69
-47
-36
-31
-17
2
20
31
48
90
138
160
146
122
118
136
182
221
233
206
154
114
107
134
170
178
144
96
73
96
151
192
196
157
110
109
162
256
331
346
312
267
251
287
366
441
462
416
336
273
267
310
347
357
316
236
167
127
119
117
106
93
88
81
49
-13
-87
-132
-117
-64
-22
-35
-110
-215
-297
-323
-288
-215
-177
-205
-281
-359
-400
-414
-405
-379
-359
-356
-375
-403
-417
-410
-401
-372
-307
-234
-176
-159
-180
-201
-198
-160
-102
-43
-6
-15
-65
-116
-126
-91
-27
23
20
-16
-50
-59
-29
31
86
114
112
100
103
144
194
234
243
