2
2
-3
8
-4
4
0
2
1
-3
5
0
-1
-1
2
-6
7
-6
-5
10
-8
4
-5
5
0
-9
14
-15
14
-3
-13
17
-7
-1
1
5
-5
3
-3
3
2
-5
5
-4
7
-10
4
0
-2
6
-8
12
-6
5
-9
13
-7
-5
19
-31
32
-21
-2
13
-9
0
2
1
6
-4
1
6
-10
22
-27
10
18
-29
23
-17
6
13
-25
15
5
-5
-4
6
0
5
-18
10
15
-32
25
-14
-1
10
-20
7
5
4
-26
29
-8
-9
15
-6
-9
26
-25
-2
33
-47
43
-32
8
24
-39
36
-24
13
5
-24
19
-1
-6
-13
32
-43
50
-37
-13
71
-87
54
-19
-4
31
-42
21
13
-17
11
-15
15
17
-38
27
-7
10
-10
-15
33
-30
14
-4
-19
43
-46
22
-2
-15
33
-40
33
-20
13
6
-27
38
-36
28
-17
-2
4
2
-3
-5
8
-9
22
-14
-17
40
-14
-32
46
-28
-5
31
-46
14
34
-53
8
41
-47
4
46
-71
61
2
-72
118
-92
40
21
-53
78
-82
58
-9
-40
57
-55
49
-34
10
16
-23
35
-36
27
-14
27
-31
15
-4
12
5
-52
50
-33
34
-68
38
37
-57
23
3
-10
48
-86
35
63
-106
61
-18
-19
44
-65
42
-12
-4
8
-22
39
-41
19
-2
1
-19
36
-30
13
-2
-2
14
-9
1
-4
23
-27
6
22
-27
12
5
-28
46
-45
41
-39
20
21
-46
33
-12
9
-6
1
-13
40
-32
-20
66
-62
20
23
-43
51
-24
-22
55
-28
-18
41
-24
17
-30
30
-3
-17
2
10
23
-37
20
26
-16
-18
20
10
-25
23
-27
15
20
-43
20
7
-13
-3
10
-31
38
-15
-12
-5
16
11
-51
41
0
-8
11
-31
34
-8
-19
-14
44
-25
-38
52
-14
-41
41
-17
-17
62
-81
23
58
-84
5
48
-55
25
8
-69
101
-36
-32
35
-6
24
-25
-10
20
53
-81
-1
72
-53
26
-50
38
57
-98
48
14
2
-15
-20
33
21
-61
36
0
0
3
-54
67
-4
-67
59
-31
53
-71
30
0
27
-12
-69
112
-61
9
10
-48
85
-44
-46
38
37
-33
-31
44
-11
22
-40
-5
53
18
-103
76
18
-41
19
-53
57
-7
-38
9
17
45
-98
61
22
-43
56
-75
39
61
-58
-50
75
20
-79
48
-38
51
12
-92
30
45
-12
-91
81
5
-36
32
-42
61
-51
-5
46
-59
37
-20
13
16
-44
67
-40
7
38
-40
29
35
-68
21
51
-60
24
-3
0
34
-29
-21
39
19
-72
16
37
-28
18
-36
17
56
-77
23
11
-2
17
-56
41
19
-63
46
-5
-47
62
-12
-43
35
18
-66
71
-40
-22
73
-76
52
0
-30
23
-9
-2
26
-25
-4
24
3
-28
-5
48
-40
1
0
31
-37
18
0
-36
86
-72
39
-9
-18
47
-48
-20
30
-1
-63
44
-24
-6
-14
-20
7
18
-46
-18
31
-41
13
-34
2
3
-7
-31
1
20
-25
-34
16
17
-28
19
-33
20
9
-8
2
12
12
3
8
11
27
10
-5
33
22
28
-4
13
61
-18
28
33
20
23
29
9
38
38
-23
42
26
21
-14
47
19
-24
38
-9
28
-22
-12
42
-66
11
20
-63
35
-32
-24
13
-40
-13
-27
-30
-5
-38
-21
-36
-27
-16
-53
-19
-20
-32
-15
-23
-15
-25
-19
-32
-4
21
-61
31
13
-51
47
-15
-21
49
-27
13
37
5
-8
13
48
-27
34
16
8
32
-12
41
23
1
15
16
8
40
-32
24
19
-28
9
6
-28
8
-18
-31
6
-29
-49
-14
-14
-70
-8
-58
-32
-17
-96
-3
-46
-78
-17
-89
-12
-35
-66
-24
-12
-26
-52
-12
-6
-4
-21
-11
47
22
-4
50
30
54
52
41
88
90
59
68
108
103
85
77
129
119
102
110
103
129
99
94
98
123
109
66
108
94
75
71
57
65
60
32
28
34
9
-9
-24
-23
-29
-47
-66
-51
-66
-87
-96
-91
-100
-125
-134
-117
-137
-142
-138
-155
-149
-157
-165
-158
-151
-153
-160
-146
-128
-147
-139
-118
-116
-121
-101
-83
-79
-83
-70
-44
-44
-39
-25
-14
6
10
15
28
53
49
43
73
90
74
78
96
103
102
98
111
126
109
119
127
123
126
111
116
116
111
88
107
97
77
76
72
71
53
39
43
47
26
25
25
14
10
-5
-6
4
-14
-27
-7
-17
-35
-18
-16
-29
-26
-27
-19
-28
-7
-8
-17
0
3
0
0
27
33
31
46
61
67
70
75
89
96
100
116
111
126
122
129
132
129
135
135
131
125
129
116
112
78
79
82
51
41
33
13
4
-21
-31
-32
-58
-69
-80
-92
-121
-130
-163
-193
-192
-233
-256
-274
-303
-335
-349
-372
-403
-434
-461
-462
-491
-513
-506
-512
-537
-563
-555
-554
-603
-677
-713
-743
-782
-801
-803
-748
-729
-716
-629
-552
-462
-351
-232
-34
160
335
545
724
874
982
1061
1126
1197
1226
1226
1230
1217
1132
1062
990
922
880
806
812
854
852
864
898
952
964
1007
1082
1172
1259
1295
1368
1424
1415
1405
1407
1367
1342
1302
1227
1142
1037
907
788
634
483
364
191
-13
-225
-467
-714
-992
-1251
-1410
-1521
-1692
-1852
-1971
-2106
-2282
-2506
-2626
-2665
-2780
-2859
-2850
-2840
-2926
-3099
-3167
-3182
-3262
-3378
-3403
-3457
-3620
-3838
-3956
-3929
-3872
-3681
-3308
-2826
-2333
-1826
-1203
-533
111
804
1591
2417
3221
3936
4570
5087
5388
5575
5695
5755
5734
5608
5426
5144
4705
4170
3619
3022
2409
1819
1290
835
427
22
-315
-637
-933
-1131
-1231
-1196
-1042
-782
-485
-162
139
431
763
1034
1269
1479
1694
1938
2047
2015
1900
1686
1331
884
454
151
-196
-669
-1077
-1372
-1703
-2089
-2394
-2543
-2617
-2680
-2655
-2460
-2241
-2091
-1946
-1764
-1535
-1287
-1102
-848
-531
-327
-219
-130
-61
-9
-54
-112
-111
-113
-109
-144
-145
-163
-258
-368
-487
-542
-596
-621
-509
-447
-423
-385
-396
-533
-693
-750
-724
-741
-836
-793
-749
-976
-1304
-1510
-1516
-1638
-1929
-2042
-2080
-2622
-3823
-4982
-5586
-5877
-6151
-6144
-5489
-4567
-3922
-3511
-2934
-1967
-931
90
1414
3188
5053
6464
7335
7847
8137
8185
8010
7868
7897
7930
7548
6693
5668
4586
3365
1967
606
-354
-957
-1491
-2013
-2482
-2847
-3268
-3689
-3834
-3451
-2674
-1718
-688
334
1284
2080
2695
3136
3562
4025
4500
4752
4811
4761
4476
3748
2648
1569
632
-347
-1390
-2232
-2882
-3592
-4478
-5250
-5665
-5907
-6082
-5939
-5310
-4444
-3600
-2778
-1824
-915
-208
442
1138
1922
2596
3063
3386
3494
3267
2743
2092
1418
732
50
-498
-896
-1294
-1796
-2326
-2719
-3009
-3136
-3019
-2672
-2123
-1457
-739
-67
370
580
729
829
834
821
779
687
458
-14
-639
-1365
-2073
-2645
-3101
-3634
-4333
-5328
-6607
-7722
-8293
-8281
-7936
-7412
-6471
-5128
-3830
-2764
-1639
-252
1310
2827
4425
6315
8153
9386
9848
9824
9594
9151
8533
7946
7426
6757
5684
4235
2687
1255
-204
-1754
-3067
-3838
-4106
-4226
-4311
-4293
-4112
-3847
-3451
-2666
-1405
225
1829
3187
4326
5278
5990
6327
6362
6361
6448
6403
6088
5559
4812
3726
2194
509
-927
-2013
-3066
-4219
-5078
-5556
-6088
-6885
-7491
-7526
-7246
-6861
-6028
-4507
-2779
-1382
-183
1097
2296
3148
3745
4375
4998
5329
5303
4977
4308
3201
1794
402
-740
-1562
-2167
-2720
-3268
-3747
-4096
-4255
-4234
-3967
-3351
-2486
-1530
-556
413
1280
1906
2258
2685
3321
3787
3645
2921
2131
1373
393
-811
-1755
-2409
-3297
-4523
-5492
-5904
-6311
-7312
-8910
-10444
-11213
-10960
-9900
-8547
-7116
-5407
-3534
-1944
-626
964
3015
4952
6369
7833
9788
11523
12080
11471
10475
9459
8248
6981
6067
5401
4363
2607
507
-1281
-2636
-3887
-5178
-6115
-6220
-5527
-4651
-3931
-3182
-2265
-1312
-436
809
2785
5048
6774
7680
8241
8754
8880
8363
7614
7039
6456
5493
4224
3007
1752
51
-2068
-4060
-5447
-6226
-6765
-7175
-7323
-7281
-7256
-7209
-6871
-6020
-4875
-3743
-2553
-1175
193
1280
2078
2791
3475
3961
4233
4407
4386
3933
2997
1784
562
-666
-1915
-3029
-3785
-4207
-4405
-4510
-4508
-4251
-3732
-2934
-1872
-667
556
1755
2883
3781
4326
4537
4634
4700
4593
4335
3946
3334
2283
940
-314
-1408
-2600
-3863
-4774
-5363
-5945
-6731
-7580
-8133
-8179
-8044
-8601
-9973
-10769
-9664
-7559
-6244
-5483
-3607
-679
1320
1880
2852
5214
7360
7844
7852
9070
10882
11254
9796
8060
7026
5928
4019
2125
1304
1076
-5
-2147
-3864
-4250
-4183
-4826
-5714
-5384
-3630
-1831
-896
-68
1418
2993
3775
4219
5469
7379
8593
8605
8312
8289
8013
6894
5343
4143
3277
2205
782
-598
-1640
-2638
-4010
-5530
-6495
-6526
-5971
-5500
-5237
-4722
-3776
-2925
-2603
-2257
-1159
250
1055
1412
2112
2995
3073
2298
1713
1742
1701
1115
435
110
-281
-1296
-2597
-3460
-3802
-4082
-4365
-4181
-3431
-2656
-2184
-1823
-1196
-306
601
1575
2672
3754
4547
4834
4666
4269
3730
3009
2182
1469
1052
733
76
-1096
-2498
-3548
-4143
-4738
-5519
-6003
-5793
-5583
-6220
-7180
-7097
-6149
-6299
-8247
-9887
-8946
-6432
-4993
-4786
-3535
-581
1668
1791
1762
3736
6472
7387
6867
7444
9543
10666
9340
7186
6104
5587
4130
2128
1236
1547
1234
-677
-2718
-3228
-2756
-3028
-4075
-4164
-2567
-673
192
653
1855
3371
3969
3818
4329
5948
7419
7657
7082
6686
6476
5779
4446
3093
2263
1625
614
-705
-1778
-2455
-3320
-4717
-5975
-6164
-5405
-4757
-4651
-4429
-3625
-2874
-2820
-2877
-2096
-656
386
729
1109
1889
2392
2030
1359
1199
1406
1270
774
513
460
-92
-1310
-2406
-2793
-2806
-2899
-2911
-2485
-1799
-1296
-1010
-629
0
777
1634
2553
3436
4111
4465
4458
4056
3345
2547
1847
1259
757
316
-157
-797
-1537
-2181
-2741
-3420
-4278
-5082
-5515
-5532
-5524
-6003
-6773
-6832
-5924
-5597
-7295
-9610
-9684
-7391
-5547
-5341
-4439
-1288
1764
2141
1379
2580
5320
6602
6007
6280
8619
10581
9830
7444
5877
5276
3943
1702
488
1139
1765
460
-1883
-2985
-2601
-2574
-3674
-4219
-2716
-182
1274
1536
2212
3701
4556
4095
3837
5219
7255
8018
7356
6649
6440
5835
4299
2624
1776
1465
730
-572
-1708
-2302
-2992
-4382
-5999
-6638
-5853
-4685
-4145
-3851
-2855
-1624
-1671
-2743
-2771
-1049
627
913
992
2050
3002
2385
1053
655
996
853
226
145
595
493
-551
-1852
-2713
-3049
-3242
-3278
-2793
-1854
-1094
-885
-806
-306
569
1353
2057
2895
3681
4178
4233
3978
3523
2769
1850
983
288
-190
-493
-788
-1384
-2332
-3182
-3597
-3858
-4334
-4927
-5275
-5363
-5670
-6361
-6730
-6047
-5050
-5678
-8150
-9799
-8602
-6176
-5156
-4973
-3084
227
2019
1594
1569
3520
5559
5677
5228
6655
9369
10419
8652
6143
4950
4378
2902
1120
814
1818
1905
78
-1871
-2160
-1588
-1965
-3099
-2980
-867
1488
2398
2485
3182
4278
4407
3735
4085
5956
7618
7533
6404
5804
5679
4800
2960
1313
652
435
-279
-1394
-2127
-2495
-3315
-4948
-6326
-6223
-4968
-3854
-3391
-2843
-1838
-1168
-1481
-1955
-1358
-49
684
706
1163
2273
2703
1743
417
-79
44
-2
-261
-288
-127
-404
-1411
-2617
-3255
-3271
-3196
-3134
-2637
-1619
-675
-221
0
393
1014
1744
2523
3364
4169
4658
4558
3897
3080
2300
1455
529
-170
-360
-306
-532
-1423
-2767
-3947
-4579
-4818
-5094
-5359
-5375
-5243
-5439
-5917
-5821
-4881
-4432
-6021
-8636
-9366
-7306
-4889
-4243
-3981
-2010
612
1324
505
1019
3453
5270
5067
4948
6942
9504
9715
7417
5120
4257
3760
2550
1561
2032
2989
2320
-25
-1715
-1429
-741
-1451
-2606
-2024
246
1999
2164
2070
2852
3573
3176
2706
3856
6111
7258
6544
5474
5189
4936
3758
2168
1230
944
457
-487
-1327
-1757
-2266
-3395
-4824
-5519
-4925
-3648
-2748
-2330
-1638
-580
-90
-755
-1559
-1215
-86
502
447
880
1928
2168
914
-500
-757
-454
-726
-1292
-1065
-208
-101
-1254
-2579
-3030
-2956
-3051
-3078
-2272
-852
21
-53
-206
367
1221
1647
1834
2544
3667
4209
3812
3043
2419
1714
713
-201
-555
-569
-749
-1148
-1661
-2267
-3033
-3818
-4448
-4984
-5478
-5701
-5463
-5257
-5544
-5882
-5304
-4165
-4388
-6633
-8726
-8265
-6085
-4765
-4539
-3166
-176
1811
1288
413
1754
4273
5260
4780
5485
8133
10070
9160
6681
5231
4945
4009
2233
1594
2946
4077
2734
-38
-1346
-818
-777
-2205
-3104
-1682
678
1612
1243
1558
2829
3321
2425
1967
3506
5823
6699
5959
5253
5257
4911
3425
1725
1064
1097
582
-622
-1401
-1287
-1350
-2599
-4365
-5139
-4537
-3563
-2971
-2311
-1135
-270
-784
-2040
-2269
-1168
-296
-466
-503
571
1730
1590
572
35
108
-204
-1060
-1370
-582
226
-223
-1577
-2468
-2540
-2662
-3123
-2988
-1769
-454
-112
-260
250
1306
1828
1577
1574
2459
3507
3757
3335
2971
2666
1816
451
-574
-735
-597
-891
-1586
-2122
-2444
-3082
-4184
-5141
-5324
-5016
-4843
-4891
-4815
-4700
-4881
-4942
-4329
-3773
-4844
-7192
-8286
-6845
-4836
-4402
-4446
-2801
-128
884
53
56
2154
4277
4521
4302
5871
8564
9548
8010
6045
5337
5001
3725
2429
2792
4188
4072
1771
-377
-471
161
-736
-2519
-2632
-677
896
731
514
1816
3266
2827
1467
1823
4162
5950
5743
5026
5354
5881
5040
3305
2385
2519
2270
1036
10
126
480
-368
-2293
-3850
-4249
-4029
-3832
-3443
-2480
-1509
-1576
-2693
-3500
-3107
-2241
-2017
-2129
-1422
6
907
806
533
571
418
-174
-371
517
1713
1957
1023
-185
-938
-1398
-1877
-2178
-1950
-1414
-1098
-1090
-921
-339
178
238
87
363
1222
2099
2429
2157
1642
1098
517
-71
-364
-253
-202
-656
-1450
-1970
-2120
-2438
-3209
-3974
-4268
-4284
-4478
-4858
-5098
-5071
-4720
-4247
-4362
-5698
-7638
-8554
-7854
-6752
-6204
-5304
-3032
-546
378
83
582
2403
3923
4222
4583
6460
9028
10143
9186
7751
7117
6528
4954
3232
3083
4190
4271
2437
509
183
422
-759
-2951
-3754
-2443
-1009
-864
-742
831
2660
2584
1131
933
2759
4587
4946
4881
5807
6971
6696
5081
3791
3490
3114
1851
560
432
1002
695
-1002
-2978
-4135
-4569
-4875
-4965
-4410
-3530
-3266
-3868
-4540
-4497
-4034
-3835
-3868
-3309
-1816
-231
730
1172
1593
1949
1849
1507
1648
2417
3012
2655
1633
806
315
-373
-1397
-2216
-2476
-2500
-2637
-2601
-1957
-997
-460
-561
-693
-225
689
1402
1650
1748
1951
2046
1798
1431
1257
1086
549
-239
-767
-946
-1321
-2209
-3222
-3846
-4162
-4559
-5047
-5324
-5263
-4992
-4723
-4880
-5976
-7757
-8977
-8801
-7890
-7153
-6190
-4128
-1583
-134
61
537
2135
3810
4457
4757
6137
8489
10172
10162
9189
8342
7506
6011
4278
3552
3982
4161
3048
1491
838
774
-207
-2320
-3942
-3934
-3193
-2952
-2735
-1365
683
1624
1041
559
1420
2873
3701
4110
5055
6399
7053
6693
6094
5812
5386
4244
2817
2010
1908
1744
967
-157
-1204
-2242
-3375
-4301
-4743
-4917
-5288
-5909
-6317
-6167
-5654
-5190
-4925
-4593
-3949
-3056
-1995
-699
801
2194
3073
3436
3653
3899
3990
3692
3044
2299
1553
795
116
-454
-1114
-2014
-2947
-3457
-3360
-2960
-2570
-2279
-1954
-1540
-1112
-746
-422
-57
236
400
555
866
1216
1356
1252
1008
709
291
-355
-1179
-1958
-2512
-2884
-3286
-3757
-4108
-4231
-4161
-4090
-4477
-5762
-7667
-9065
-9180
-8523
-7914
-7117
-5419
-3182
-1648
-1135
-550
887
2525
3407
3864
5105
7402
9535
10321
10021
9623
9285
8359
6830
5689
5535
5680
5175
4123
3333
2899
1987
158
-1814
-2945
-3309
-3605
-3829
-3297
-2011
-1016
-1012
-1423
-1331
-692
-52
525
1469
2821
4056
4802
5265
5694
5885
5582
4976
4453
4108
3789
3449
3092
2561
1700
644
-349
-1283
-2377
-3681
-4949
-5947
-6655
-7113
-7288
-7150
-6824
-6530
-6288
-5842
-4954
-3709
-2451
-1360
-242
1097
2466
3464
3952
4146
4194
3986
3484
2980
2737
2576
2094
1279
524
64
-319
-869
-1441
-1755
-1816
-1853
-1934
-1940
-1857
-1856
-1996
-2092
-1943
-1584
-1179
-822
-554
-444
-548
-817
-1172
-1531
-1791
-1861
-1815
-1811
-1890
-1931
-1865
-1774
-1867
-2434
-3639
-5158
-6316
-6793
-6956
-7113
-6877
-5870
-4550
-3682
-3264
-2613
-1490
-424
179
709
1821
3559
5275
6404
7034
7526
7873
7807
7442
7281
7538
7785
7600
7133
6760
6486
5975
5061
3983
3003
2087
1151
394
45
-41
-293
-844
-1364
-1587
-1632
-1693
-1736
-1691
-1630
-1635
-1526
-1097
-437
208
768
1300
1814
2194
2320
2261
2194
2228
2320
2391
2444
2473
2263
1568
440
-815
-1937
-2863
-3632
-4189
-4400
-4295
-4123
-4040
-4007
-3901
-3761
-3597
-3329
-2843
-2191
-1597
-1077
-593
-135
228
437
528
579
648
748
862
982
1108
1190
1195
1142
1066
980
844
583
198
-193
-477
-636
-758
-901
-1014
-1073
-1173
-1362
-1552
-1658
-1738
-1902
-2112
-2201
-2120
-1947
-1778
-1586
-1335
-1127
-1061
-1055
-987
-1013
-1476
-2424
-3455
-4197
-4700
-5171
-5490
-5353
-4782
-4188
-3879
-3657
-3141
-2374
-1794
-1563
-1235
-378
783
1710
2348
3124
4193
5180
5769
6128
6568
7057
7307
7245
7118
7186
7386
7433
7209
6824
6381
5787
4972
4071
3298
2687
2128
1562
1015
528
78
-372
-845
-1360
-1864
-2197
-2276
-2200
-2107
-2006
-1796
-1477
-1210
-1064
-836
-380
140
412
387
364
461
418
23
-491
-780
-870
-1036
-1325
-1481
-1386
-1256
-1358
-1623
-1744
-1622
-1474
-1479
-1543
-1485
-1354
-1356
-1493
-1543
-1428
-1325
-1358
-1414
-1346
-1206
-1112
-1043
-876
-587
-332
-189
-42
168
334
358
301
292
332
274
152
82
92
37
-152
-284
-272
-215
-289
-455
-580
-652
-772
-964
-1109
-1106
-1024
-1012
-1093
-1136
-1048
-932
-1033
-1512
-2305
-3159
-3891
-4524
-5075
-5413
-5372
-4993
-4515
-4136
-3819
-3412
-2891
-2441
-2185
-1942
-1432
-633
165
795
1451
2392
3513
4428
5008
5472
6002
6451
6608
6574
6672
7012
7322
7325
7101
6888
6663
6189
5408
4562
3897
3383
2820
2137
1499
1053
691
208
-374
-837
-1110
-1369
-1719
-2018
-2064
-1895
-1699
-1566
-1401
-1149
-899
-729
-621
-503
-400
-416
-574
-753
-830
-857
-952
-1063
-1042
-890
-761
-733
-740
-719
-711
-773
-875
-919
-885
-878
-988
-1168
-1331
-1495
-1677
-1829
-1864
-1807
-1764
-1739
-1638
-1432
-1225
-1101
-995
-814
-584
-402
-301
-205
-57
66
59
-57
-124
-91
-58
-77
-60
59
187
198
131
93
67
-65
-351
-706
-1002
-1188
-1276
-1293
-1264
-1209
-1147
-1102
-1154
-1456
-2115
-3027
-3933
-4667
-5200
-5488
-5417
-4958
-4326
-3806
-3458
-3106
-2624
-2145
-1868
-1700
-1342
-656
190
1004
1850
2846
3854
4627
5093
5453
5829
6106
6192
6243
6477
6837
7114
7145
6971
6673
6206
5551
4837
4238
3763
3285
2777
2318
1919
1495
992
508
94
-269
-642
-976
-1169
-1237
-1277
-1339
-1308
-1168
-1064
-1124
-1243
-1244
-1168
-1200
-1342
-1413
-1353
-1293
-1386
-1546
-1560
-1404
-1280
-1291
-1316
-1173
-907
-719
-698
-697
-584
-464
-498
-655
-773
-793
-883
-1140
-1385
-1469
-1416
-1417
-1502
-1535
-1456
-1372
-1359
-1313
-1125
-861
-689
-600
-468
-216
19
61
-28
-92
-42
28
84
199
405
614
688
645
602
558
394
55
-368
-750
-1080
-1366
-1534
-1528
-1440
-1434
-1516
-1524
-1457
-1643
-2368
-3457
-4446
-5109
-5587
-5957
-5969
-5434
-4594
-3917
-3548
-3208
-2686
-2172
-1928
-1801
-1347
-389
766
1765
2633
3587
4599
5357
5699
5824
6019
6310
6512
6560
6627
6843
7104
7129
6811
6268
5652
5039
4375
3701
3144
2763
2449
2051
1555
1101
770
467
53
-454
-860
-1046
-1133
-1245
-1329
-1264
-1094
-1000
-1043
-1101
-1029
-905
-890
-952
-919
-729
-542
-544
-710
-900
-1085
-1328
-1571
-1642
-1479
-1203
-1003
-890
-785
-670
-631
-752
-947
-1104
-1231
-1380
-1514
-1556
-1493
-1403
-1394
-1436
-1474
-1532
-1613
-1682
-1651
-1468
-1181
-868
-564
-268
-33
49
-35
-217
-404
-550
-591
-495
-258
57
364
603
762
826
730
452
10
-492
-894
-1112
-1190
-1175
-1104
-1023
-989
-1019
-1091
-1248
-1679
-2595
-3867
-5067
-5862
-6267
-6455
-6344
-5777
-4944
-4269
-3921
-3607
-3033
-2341
-1828
-1405
-619
727
2256
3472
4349
5186
6017
6533
6625
6644
6931
7357
7539
7418
7320
7420
7437
7000
6129
5149
4235
3306
2375
1674
1357
1226
958
473
-39
-443
-813
-1266
-1734
-2024
-2040
-1847
-1516
-1054
-507
-35
211
248
236
299
445
615
821
1082
1348
1490
1392
1115
725
201
-487
-1181
-1626
-1739
-1652
-1528
-1395
-1256
-1208
-1366
-1698
-2028
-2234
-2344
-2433
-2450
-2273
-1904
-1504
-1231
-1093
-1041
-1069
-1177
-1270
-1208
-968
-658
-383
-150
51
164
102
-151
-502
-813
-1018
-1091
-996
-737
-391
-79
125
197
97
-205
-653
-1148
-1620
-2046
-2346
-2380
-2143
-1848
-1702
-1664
-1554
-1462
-1840
-2996
-4605
-5937
-6646
-6960
-7101
-6849
-5942
-4706
-3817
-3454
-3118
-2384
-1508
-890
-326
816
2712
4713
6162
7095
7902
8520
8549
8038
7621
7736
8065
8070
7765
7566
7524
7144
6034
4431
2866
1499
166
-1030
-1642
-1526
-1197
-1235
-1615
-1919
-2062
-2331
-2799
-3072
-2760
-1962
-1013
4
1205
2442
3288
3505
3348
3232
3261
3296
3295
3339
3401
3241
2687
1822
829
-273
-1578
-2969
-4070
-4599
-4627
-4425
-4171
-3889
-3627
-3488
-3491
-3488
-3285
-2845
-2296
-1733
-1110
-370
360
865
1048
1020
928
857
795
795
881
951
901
635
236
-164
-564
-1072
-1691
-2258
-2632
-2779
-2698
-2343
-1772
-1212
-872
-777
-810
-903
-1065
-1311
-1629
-1990
-2309
-2424
-2241
-1868
-1529
-1287
-1061
-1010
-1622
-3177
-5201
-6833
-7716
-8117
-8181
-7540
-6022
-4299
-3255
-2891
-2434
-1494
-520
143
1038
2883
5400
7510
8643
9236
9761
9921
9291
8266
7714
7813
7884
7461
6924
6707
6409
5241
3187
1087
-445
-1638
-2816
-3602
-3456
-2691
-2249
-2487
-2809
-2666
-2324
-2259
-2230
-1552
-128
1411
2580
3537
4484
5105
4997
4399
3992
4027
4141
4019
3779
3568
3125
2087
493
-1271
-2956
-4606
-6163
-7197
-7321
-6739
-6080
-5661
-5260
-4695
-4154
-3782
-3255
-2168
-640
776
1792
2618
3428
3936
3769
3105
2552
2386
2330
2112
1862
1740
1504
765
-421
-1585
-2401
-2999
-3603
-4092
-4169
-3840
-3469
-3263
-2993
-2413
-1702
-1211
-948
-662
-321
-148
-263
-513
-725
-864
-960
-1033
-1116
-1200
-1244
-1388
-2158
-3905
-6288
-8378
-9460
-9801
-9827
-9306
-7838
-5930
-4634
-4124
-3435
-1929
-226
937
2039
4098
6997
9462
10697
11188
11546
11467
10494
9157
8484
8491
8145
6935
5592
4861
4238
2682
262
-1888
-3197
-4175
-5237
-5764
-5049
-3755
-3200
-3485
-3434
-2379
-1041
-246
498
2078
4153
5662
6390
7080
7966
8224
7338
6121
5607
5624
5219
4096
2850
1785
461
-1419
-3353
-4706
-5668
-6859
-8219
-8993
-8780
-8086
-7579
-7147
-6232
-4867
-3531
-2392
-978
828
2455
3405
3836
4437
5222
5565
5112
4355
3816
3246
2248
1054
158
-483
-1436
-2787
-3830
-4094
-4017
-4239
-4702
-4881
-4631
-4308
-3999
-3304
-2084
-865
-131
349
1071
1934
2278
1826
1072
488
-27
-668
-1202
-1286
-1185
-1484
-2158
-2696
-3205
-4595
-7206
-9904
-11235
-11155
-10646
-9878
-8145
-5613
-3705
-3190
-2921
-1461
796
2482
3639
5625
8766
11548
12621
12470
12222
11756
10331
8404
7363
7506
7469
6144
4156
2695
1557
-322
-2991
-5048
-5719
-5912
-6394
-6479
-5135
-3082
-2084
-2425
-2438
-960
1141
2625
3898
5948
8226
9249
8901
8599
8945
8783
7220
5335
4604
4666
4008
2200
229
-1315
-3050
-5348
-7318
-8009
-7868
-8125
-8991
-9406
-8700
-7536
-6737
-5966
-4387
-2150
-211
1168
2632
4379
5575
5587
5022
4915
5262
5178
4294
3214
2408
1452
-85
-1719
-2725
-3305
-4206
-5371
-5866
-5299
-4438
-4107
-4131
-3848
-3151
-2482
-1926
-1021
397
1767
2578
3046
3589
3946
3549
2336
950
-44
-820
-1651
-2448
-2917
-3158
-3589
-4215
-4534
-4609
-5567
-8105
-10965
-12159
-11503
-10477
-9639
-7985
-5235
-2899
-2061
-1573
145
2609
4234
5082
6816
9902
12605
13389
12796
12063
11131
9313
7150
6016
6001
5564
3736
1450
66
-698
-2187
-4555
-6376
-6722
-6370
-6211
-5632
-3748
-1438
-474
-783
-334
1861
4345
5635
6433
8031
9803
10124
9119
8472
8592
7956
5790
3586
2894
2926
1794
-694
-3013
-4432
-5809
-7628
-8786
-8392
-7445
-7552
-8427
-8387
-7064
-5695
-4992
-3994
-1831
743
2464
3411
4504
5713
5984
5073
4198
4310
4669
4020
2495
1191
282
-1078
-2993
-4361
-4563
-4460
-4960
-5558
-5254
-4229
-3576
-3597
-3441
-2483
-1222
-350
343
1440
2720
3393
3384
3471
3942
4056
3267
2087
1146
207
-1228
-2849
-3893
-4263
-4582
-5174
-5502
-4907
-3844
-3953
-6282
-9627
-11572
-11329
-10374
-9708
-8269
-5199
-2069
-836
-780
311
2560
4043
4328
5436
8530
11811
13014
12341
11364
10286
8185
5481
3979
4187
4373
2997
827
-457
-887
-1999
-4227
-6054
-6200
-5363
-4804
-4186
-2369
133
1337
782
526
2242
4773
6119
6521
7633
9328
9697
8310
7020
6862
6384
4359
2180
1709
2163
1302
-1091
-3181
-4206
-5352
-7184
-8284
-7540
-6172
-6001
-6726
-6607
-5328
-4313
-4139
-3475
-1324
1262
2818
3569
4597
5693
5678
4529
3625
3699
3875
3183
1969
1048
258
-1121
-2921
-4094
-4253
-4175
-4504
-4754
-4273
-3424
-3079
-3194
-2889
-1794
-597
119
770
1818
2843
3132
2802
2558
2616
2547
2133
1631
1174
445
-822
-2387
-3828
-4965
-5762
-6066
-5801
-5157
-4371
-3669
-3722
-5417
-8475
-10971
-11314
-10096
-8769
-7248
-4579
-1451
190
106
245
1688
3245
3937
4963
7684
11020
12629
11981
10523
9144
7326
5006
3469
3514
3987
3277
1525
89
-680
-1811
-3776
-5472
-5675
-4673
-3560
-2534
-935
1063
2185
1932
1680
2880
4981
6426
7068
7995
9212
9356
8033
6589
5936
5147
3416
1706
1224
1341
407
-1672
-3508
-4523
-5576
-7033
-7790
-7056
-5841
-5533
-5902
-5744
-4928
-4329
-4004
-2932
-770
1410
2675
3386
4194
4758
4420
3539
3128
3351
3373
2722
1812
976
-151
-1798
-3376
-4174
-4271
-4241
-4296
-4160
-3748
-3421
-3383
-3256
-2564
-1421
-354
486
1359
2265
2810
2829
2656
2531
2356
2082
1929
1919
1634
669
-893
-2563
-3955
-5012
-5781
-6072
-5696
-4907
-4166
-3486
-2833
-3115
-5430
-8897
-10849
-10076
-8242
-6929
-5324
-2484
32
316
-535
-28
1826
3012
3378
5044
8597
11642
12074
10660
9109
7461
5080
2880
2492
3624
4119
2843
1008
66
-436
-1828
-3940
-5124
-4507
-3050
-1906
-843
804
2356
2432
1321
1103
2855
5120
6196
6540
7438
8379
7833
6028
4724
4333
3479
1734
575
794
978
-323
-2424
-3839
-4545
-5440
-6309
-6053
-4777
-4011
-4512
-5188
-4886
-4002
-3357
-2544
-852
1011
1747
1543
1614
2127
2213
1850
2011
2851
3384
3052
2401
1753
745
-693
-1880
-2158
-1838
-1671
-1901
-2208
-2465
-2897
-3462
-3552
-2780
-1598
-654
91
1012
1900
2230
2015
1802
1856
1906
1754
1542
1480
1403
961
36
-1128
-2235
-3316
-4401
-5250
-5494
-5166
-4810
-4758
-4746
-4280
-3778
-4461
-6746
-9167
-9764
-8571
-7167
-6166
-4538
-2041
-299
-292
-577
647
2694
3810
4270
5905
8823
10763
10321
8606
7172
5844
3902
2117
1849
2861
3296
2155
500
-293
-489
-1372
-2887
-3442
-2190
-302
845
1689
3145
4484
4218
2892
2731
4347
5933
6153
6062
6744
7168
5935
3785
2506
1991
795
-1055
-1893
-1254
-924
-2228
-4183
-5160
-5177
-5248
-5364
-4652
-3076
-1800
-1501
-1499
-944
-76
321
304
647
1561
2317
2397
2124
1884
1410
465
-409
-582
-307
-399
-1049
-1743
-2132
-2468
-2959
-3287
-3079
-2469
-1892
-1428
-909
-350
-20
124
406
970
1621
2172
2615
2813
2672
2204
1593
869
132
-351
-568
-677
-937
-1231
-1571
-2101
-2867
-3836
-4724
-5343
-5433
-5123
-4678
-4271
-3947
-3551
-3058
-2620
-3044
-4809
-6934
-7636
-6547
-5288
-4814
-4134
-2452
-1100
-1390
-1997
-912
1329
2685
3136
4649
7374
9032
8291
6654
5761
5004
3471
2166
2741
4413
4811
3226
1484
1135
1297
581
-492
-221
1463
2865
3126
3255
4123
4734
3894
2511
2575
4233
5556
5484
5119
5378
5218
3474
1207
196
229
-284
-1531
-2066
-1530
-1352
-2488
-3883
-4256
-3955
-3977
-4063
-3129
-1318
-61
-213
-852
-886
-584
-676
-856
-213
968
1401
645
-221
-413
-493
-1114
-1820
-1782
-1172
-830
-988
-1232
-1409
-1868
-2610
-2928
-2293
-995
86
512
540
535
608
673
869
1246
1671
1927
1966
2002
1933
1474
500
-515
-886
-651
-351
-442
-656
-697
-846
-1436
-2367
-3138
-3788
-4478
-5004
-4945
-4251
-3571
-3215
-2939
-2346
-1834
-2558
-4750
-7071
-7720
-6843
-6000
-5628
-4625
-2656
-1440
-1877
-2387
-1210
869
2019
2686
4564
7416
8882
7979
6377
5505
4682
2999
1665
2263
3968
4405
2952
1480
1264
1332
417
-650
-145
1795
3386
3796
4117
5075
5618
4735
3456
3659
5190
6156
5768
5253
5416
5017
2976
450
-700
-710
-1213
-2308
-2596
-1775
-1479
-2642
-4117
-4546
-4118
-3728
-3149
-1740
129
1194
972
309
3
-76
-426
-760
-472
252
527
-22
-810
-1366
-1939
-2776
-3396
-3168
-2293
-1556
-1360
-1472
-1606
-1847
-2186
-2211
-1511
-292
724
1183
1287
1375
1423
1308
1159
1186
1428
1671
1805
1766
1533
981
47
-958
-1510
-1365
-970
-745
-713
-722
-1017
-1862
-2965
-3855
-4322
-4516
-4357
-3771
-2938
-2334
-2080
-1737
-1132
-1039
-2581
-5278
-7168
-7079
-6174
-5938
-5822
-4565
-2807
-2420
-3272
-3206
-1405
440
1146
2117
4743
7661
8531
7388
6230
5696
4690
3022
2370
3567
4870
4338
2520
1499
1631
1455
359
-251
792
2492
3356
3543
4285
5388
5465
4336
3671
4549
5827
6016
5426
5248
5255
4107
1744
-125
-618
-795
-1694
-2599
-2414
-1716
-1929
-3087
-3846
-3624
-3168
-2924
-2150
-434
1193
1520
779
93
-274
-833
-1555
-1645
-1002
-541
-926
-1688
-2167
-2536
-3163
-3789
-3746
-2994
-2100
-1429
-998
-737
-829
-1118
-1116
-565
382
1194
1694
1872
1725
1252
704
507
645
821
919
1193
1603
1694
1107
158
-657
-1213
-1540
-1545
-1071
-440
-158
-453
-1011
-1362
-1525
-1851
-2493
-3077
-3191
-3124
-3144
-3062
-2623
-2172
-2189
-2082
-1519
-1399
-3183
-6128
-7660
-7138
-6349
-6623
-6453
-4680
-2858
-2736
-3254
-2142
153
1530
1935
3397
6330
8468
8325
7121
6370
5666
4113
2726
2974
4294
4621
3332
2033
1809
1837
950
-196
2
1599
3108
3633
4039
5024
5612
4802
3432
3400
4678
5445
4898
4300
4476
4193
2385
242
-522
-403
-927
-1935
-1846
-746
-460
-1777
-3187
-3332
-2754
-2397
-1924
-612
891
1291
522
-248
-622
-1314
-2617
-3512
-3252
-2513
-2290
-2653
-2837
-2818
-3187
-3810
-3697
-2455
-918
97
652
1184
1479
1197
625
384
592
759
709
710
889
909
392
-386
-874
-817
-375
190
819
1302
1342
824
146
-248
-365
-377
-356
-182
-89
-247
-530
-718
-901
-1392
-1995
-2444
-2549
-2604
-2813
-3120
-3401
-3454
-3453
-3207
-2538
-1741
-2048
-4253
-6910
-8024
-7400
-6897
-7029
-6264
-4092
-2233
-2166
-2381
-1113
883
1902
2394
4351
7443
9243
8574
6953
5912
4905
3352
2214
2763
4152
4349
3026
1678
1345
1166
251
-568
46
1933
3518
4167
4719
5623
5972
4957
3789
4074
5457
6126
5501
4878
4778
4104
2140
119
-559
-559
-1140
-2032
-2002
-1311
-1497
-2774
-3747
-3522
-2959
-2805
-2398
-1145
173
309
-506
-1238
-1626
-2183
-2913
-3002
-2368
-1774
-1855
-2226
-2383
-2570
-3026
-3331
-2762
-1501
-348
250
506
630
432
-165
-709
-745
-379
-51
86
184
160
-126
-613
-876
-660
-146
454
1045
1614
1909
1740
1190
620
290
129
35
-26
28
102
-48
-524
-1168
-1706
-2045
-2258
-2419
-2550
-2675
-2848
-3141
-3425
-3489
-3257
-2845
-2249
-1322
-516
-842
-2825
-5288
-6531
-6388
-6044
-5936
-5023
-3082
-1597
-1634
-2040
-1186
508
1679
2509
4349
6987
8413
7653
6041
5088
4588
3748
3092
3539
4559
4553
3139
1725
1298
1273
696
141
861
2721
4235
4532
4425
4677
4832
4280
3736
4278
5450
5861
5198
4442
3997
3076
1315
-354
-1030
-1159
-1560
-2052
-2085
-1950
-2407
-3380
-3975
-3756
-3195
-2650
-1940
-995
-282
-308
-878
-1497
-2009
-2416
-2516
-2135
-1535
-1155
-1172
-1492
-1974
-2459
-2725
-2557
-1887
-1021
-289
186
415
248
-378
-1077
-1346
-1104
-700
-297
148
478
378
-69
-394
-258
158
603
1031
1488
1940
2088
1840
1240
609
116
-283
-535
-597
-510
-655
-1165
-1726
-1999
-2014
-2110
-2396
-2610
-2655
-2626
-2728
-2951
-3070
-2995
-2706
-2431
-2022
-1257
-325
-201
-1843
-4459
-6206
-6226
-5675
-5646
-5360
-3873
-2131
-1773
-2313
-1817
-79
1275
1790
3027
5635
7753
7773
6512
5716
5411
4561
3516
3636
4900
5482
4463
3104
2718
2721
1911
833
1007
2475
3741
3999
4125
4841
5326
4580
3339
3175
4093
4634
4114
3573
3652
3394
1901
47
-783
-825
-1281
-2253
-2589
-2062
-1854
-2668
-3539
-3496
-2969
-2814
-2799
-2073
-899
-341
-746
-1402
-1710
-1927
-2299
-2455
-2060
-1546
-1635
-2177
-2538
-2615
-2810
-3100
-2905
-2054
-1047
-376
24
270
203
-220
-619
-557
-97
391
671
798
815
730
587
571
771
1075
1356
1620
1820
1820
1502
958
431
-7
-357
-648
-779
-792
-878
-1106
-1391
-1556
-1670
-1815
-1936
-1918
-1802
-1789
-1996
-2344
-2721
-2977
-2943
-2612
-2174
-1803
-1296
-734
-951
-2638
-4994
-6289
-6159
-5893
-6074
-5613
-3858
-2272
-2296
-2872
-2191
-412
825
1526
3173
5733
7346
7006
6122
5992
5994
5190
4283
4606
5760
6067
5025
3779
3234
2813
1840
1046
1539
2974
3822
3608
3365
3777
4013
3333
2550
2863
3941
4405
4049
3821
3991
3494
1864
259
-189
8
-281
-965
-1266
-1289
-1887
-3022
-3707
-3577
-3318
-3427
-3403
-2733
-1833
-1495
-1861
-2359
-2548
-2472
-2286
-2001
-1628
-1442
-1685
-2225
-2692
-2901
-2954
-2867
-2474
-1758
-988
-488
-328
-416
-642
-846
-843
-534
-27
527
973
1149
1015
740
596
632
753
954
1286
1638
1723
1474
1087
731
398
46
-165
-140
-24
-43
-248
-517
-830
-1219
-1580
-1689
-1473
-1142
-909
-828
-896
-1181
-1706
-2274
-2668
-2810
-2758
-2581
-2294
-1982
-1689
-1495
-1583
-2201
-3340
-4375
-4675
-4353
-4081
-4005
-3480
-2426
-1718
-1832
-1903
-1000
294
1044
1589
2838
4487
5351
5343
5382
5668
5501
4785
4462
4981
5554
5408
4721
4168
3874
3558
3143
2854
2924
3139
3203
3087
3112
3354
3371
2859
2251
2212
2671
3008
2961
2885
2881
2605
1885
1157
763
390
-248
-919
-1189
-1182
-1386
-1891
-2402
-2805
-3240
-3653
-3711
-3423
-3177
-3145
-3188
-3175
-3315
-3609
-3782
-3735
-3618
-3544
-3334
-2976
-2734
-2694
-2640
-2355
-2028
-1877
-1765
-1448
-934
-568
-458
-409
-256
-102
-56
53
331
589
549
345
350
640
930
1001
1043
1241
1501
1603
1588
1657
1759
1702
1510
1526
1858
2165
2111
1802
1580
1459
1210
780
395
193
66
-82
-179
-180
-231
-553
-1066
-1538
-1852
-2051
-2313
-2614
-2765
-2712
-2634
-2634
-2613
-2537
-2615
-2928
-3215
-3235
-3146
-3199
-3321
-3292
-3143
-3043
-2918
-2610
-2260
-2135
-2128
-1852
-1231
-558
-3
545
1123
1589
1953
2460
3189
3863
4242
4468
4808
5299
5764
6102
6342
6480
6480
6387
6312
6292
6197
5865
5307
4736
4375
4214
4016
3619
3119
2678
2319
1995
1741
1569
1333
919
485
255
166
-48
-440
-820
-1096
-1406
-1844
-2318
-2749
-3229
-3822
-4385
-4697
-4768
-4844
-5065
-5335
-5503
-5603
-5743
-5865
-5795
-5504
-5153
-4835
-4463
-4007
-3610
-3368
-3172
-2795
-2221
-1626
-1164
-799
-413
-24
271
440
635
908
1156
1303
1474
1802
2138
2253
2134
2058
2185
2404
2562
2702
2917
3131
3197
3120
3043
2987
2852
2627
2439
2363
2297
2086
1764
1462
1220
920
476
-40
-513
-962
-1482
-1976
-2281
-2412
-2576
-2813
-2933
-2896
-2900
-3111
-3368
-3521
-3647
-3837
-3955
-3843
-3654
-3594
-3678
-3695
-3563
-3319
-3014
-2659
-2252
-1798
-1245
-620
32
648
1181
1611
2002
2531
3211
3852
4309
4663
5019
5315
5493
5633
5740
5713
5502
5295
5223
5226
5163
4969
4753
4554
4378
4193
4067
3990
3873
3650
3331
2988
2609
2192
1740
1301
888
532
155
-323
-879
-1446
-1984
-2532
-3061
-3454
-3668
-3855
-4143
-4468
-4729
-4967
-5264
-5576
-5708
-5634
-5519
-5481
-5479
-5418
-5308
-5186
-5003
-4670
-4230
-3849
-3542
-3188
-2737
-2260
-1862
-1546
-1220
-768
-230
285
731
1091
1410
1627
1783
2021
2392
2802
3051
3151
3245
3387
3515
3557
3524
3494
3516
3572
3632
3656
3568
3365
3078
2772
2497
2271
2074
1863
1596
1271
937
559
111
-368
-779
-1057
-1332
-1683
-2019
-2229
-2376
-2597
-2877
-3106
-3223
-3286
-3324
-3377
-3551
-3877
-4223
-4405
-4387
-4257
-4142
-4076
-3980
-3756
-3359
-2919
-2562
-2243
-1833
-1299
-689
-26
644
1197
1479
1628
1943
2480
3061
3521
3919
4263
4492
4665
4915
5270
5500
5516
5499
5641
5900
6103
6162
6072
5836
5479
5127
4856
4631
4365
3969
3449
2882
2355
1870
1329
690
56
-459
-880
-1245
-1552
-1819
-2129
-2548
-2963
-3265
-3482
-3707
-3956
-4194
-4440
-4712
-4973
-5132
-5216
-5320
-5456
-5551
-5564
-5533
-5461
-5306
-5051
-4757
-4459
-4094
-3628
-3103
-2603
-2144
-1705
-1284
-863
-409
107
624
1072
1425
1692
1920
2118
2296
2444
2581
2734
2927
3141
3323
3437
3469
3438
3381
3342
3323
3322
3331
3302
3195
3005
2787
2536
2219
1905
1668
1515
1323
1025
668
316
-27
-374
-677
-946
-1241
-1609
-2001
-2315
-2536
-2750
-3020
-3299
-3482
-3531
-3500
-3478
-3521
-3644
-3823
-3973
-3993
-3855
-3643
-3512
-3513
-3515
-3328
-2929
-2495
-2131
-1769
-1313
-783
-216
430
1127
1712
2082
2386
2837
3413
3946
4343
4656
4915
5126
5348
5585
5743
5715
5540
5344
5199
5096
4979
4801
4522
4171
3838
3581
3374
3177
2960
2680
2350
1981
1602
1224
838
429
21
-362
-713
-1068
-1468
-1915
-2404
-2917
-3417
-3825
-4079
-4230
-4372
-4562
-4756
-4938
-5104
-5213
-5230
-5177
-5156
-5153
-5053
-4828
-4558
-4325
-4090
-3802
-3486
-3097
-2598
-2057
-1616
-1320
-1049
-726
-383
-2
431
865
1198
1465
1798
2176
2458
2605
2726
2896
3079
3265
3494
3723
3844
3846
3828
3849
3852
3785
3660
3503
3336
3167
2986
2728
2367
2000
1681
1370
1011
639
294
-46
-446
-858
-1160
-1400
-1707
-2075
-2354
-2515
-2663
-2866
-3061
-3169
-3231
-3299
-3354
-3360
-3340
-3356
-3398
-3405
-3393
-3432
-3556
-3682
-3695
-3586
-3414
-3220
-2975
-2633
-2217
-1785
-1350
-904
-448
9
505
1078
1698
2247
2635
2908
3173
3476
3780
4041
4273
4514
4751
4950
5115
5238
5256
5157
5021
4938
4918
4881
4784
4634
4417
4130
3808
3485
3155
2799
2435
2108
1827
1535
1146
646
100
-407
-857
-1266
-1645
-1961
-2241
-2528
-2835
-3159
-3471
-3802
-4147
-4439
-4599
-4651
-4703
-4818
-4951
-5027
-5030
-5000
-4950
-4836
-4654
-4437
-4170
-3818
-3429
-3099
-2832
-2513
-2051
-1502
-972
-494
-73
290
613
921
1233
1529
1792
2022
2257
2533
2814
3019
3090
3076
3072
3133
3246
3357
3435
3465
3445
3399
3351
3302
3211
3048
2840
2631
2427
2200
1918
1578
1199
809
454
140
-157
-489
-875
-1274
-1633
-1934
-2210
-2507
-2815
-3087
-3313
-3498
-3630
-3695
-3730
-3758
-3736
-3616
-3396
-3184
-3031
-2900
-2766
-2649
-2562
-2484
-2411
-2369
-2343
-2256
-2084
-1875
-1664
-1440
-1174
-859
-488
-71
363
771
1154
1558
1993
2428
2830
3189
3519
3849
4188
4515
4790
4967
5061
5117
5159
5205
5238
5204
5062
4828
4548
4267
3964
3619
3262
2929
2625
2334
2045
1764
1476
1134
738
351
18
-294
-640
-1012
-1351
-1652
-1966
-2286
-2568
-2807
-3037
-3301
-3566
-3779
-3920
-4013
-4091
-4173
-4249
-4298
-4294
-4233
-4092
-3884
-3681
-3511
-3330
-3065
-2735
-2429
-2177
-1929
-1639
-1312
-968
-624
-293
-29
153
311
523
797
1079
1316
1511
1710
1921
2109
2260
2377
2472
2549
2596
2643
2712
2762
2729
2622
2503
2424
2350
2240
2096
1931
