-1
2
-2
1
0
-1
1
-2
2
-2
0
1
-2
1
-1
1
0
-1
1
-1
1
0
-1
0
0
0
0
1
0
1
1
0
1
-1
1
0
1
1
0
1
-1
1
-1
1
0
0
0
-2
2
-1
1
-1
-1
1
-3
3
-4
1
0
-2
3
-2
1
-1
1
2
-3
1
-2
0
2
-2
2
-2
0
2
-4
3
-2
0
1
-2
2
-1
0
0
0
1
0
-1
2
-1
0
1
-2
1
0
-1
0
-1
0
0
0
0
1
-1
1
-1
0
0
-1
1
0
-1
2
-3
2
-1
-1
1
-3
3
-3
1
1
-4
3
-2
0
2
-1
1
-1
1
0
-1
3
-1
0
1
-3
2
-1
-2
0
-2
0
0
-1
1
1
-1
2
-1
1
2
-2
2
0
-1
1
-1
0
1
-1
2
0
-2
4
-3
1
0
-2
3
-3
1
1
-1
1
-2
2
-2
1
1
1
-1
1
-1
0
0
-1
2
-1
1
-1
2
-1
-1
2
-3
3
-2
1
0
-1
2
-3
4
-2
0
3
-3
2
-1
-1
2
-2
2
0
-1
2
-2
1
-2
1
-1
2
0
-1
1
0
0
1
-1
0
0
-1
2
-2
2
-1
0
2
-1
1
1
0
0
-1
1
-1
-1
2
-2
3
-2
1
2
-3
2
0
-2
4
-4
3
-2
-1
3
-4
2
0
0
0
0
0
-1
1
0
-1
1
-1
1
0
-1
2
-4
3
-2
-1
3
-4
3
-1
0
1
-1
1
-1
-1
1
0
0
1
-1
1
-2
3
-3
1
1
-3
4
-5
2
1
-4
5
-4
4
-2
1
0
0
0
-1
1
-2
3
-2
-1
2
-4
3
0
-1
1
0
1
-1
1
1
0
1
1
-4
5
-4
1
-1
0
0
-2
1
0
-2
6
-7
5
1
-5
9
-8
3
3
-6
6
-2
-1
3
-5
5
-1
-2
3
-2
0
-1
-2
0
1
0
-4
6
-4
0
3
-4
6
-4
1
4
-5
6
-4
3
0
-1
-2
4
-4
3
-3
3
1
-4
5
-6
6
-4
0
4
-2
0
3
-5
8
-9
6
-2
-2
8
-10
7
-3
1
-2
0
0
-2
3
-6
8
-7
3
0
-2
5
-5
1
1
0
-5
6
-5
2
0
-3
4
-5
3
-3
2
2
-3
1
1
-1
0
0
-2
1
2
-2
2
-2
3
-4
-3
11
-17
14
-4
-9
17
-19
13
0
-10
14
-8
2
9
-16
21
-14
0
20
-37
39
-26
-2
29
-44
43
-20
-9
29
-28
17
2
-11
14
-8
-2
11
-20
20
-19
0
27
-51
56
-33
6
19
-29
39
-40
29
-16
-3
26
-46
43
-11
-27
32
-8
-23
28
-4
-42
78
-83
51
-5
-34
51
-59
67
-62
28
15
-47
59
-49
18
35
-68
68
-37
13
20
-39
44
-12
-11
17
-4
-2
20
-41
69
-66
34
29
-93
115
-97
43
-4
-33
37
-23
0
-8
30
-17
-27
45
-5
-55
67
-43
-9
77
-143
146
-49
-53
104
-104
93
-54
-12
49
-50
32
-30
-11
74
-122
106
-54
-15
88
-114
64
17
-50
30
-9
5
1
-8
-16
27
-17
-3
-11
38
-31
11
3
11
2
-36
63
-77
69
-34
-24
70
-63
25
42
-68
58
-4
-45
73
-65
30
10
-54
57
-29
-10
15
-24
41
-31
-6
47
-41
25
-4
-15
54
-67
48
-32
32
-12
-38
69
-68
55
-65
36
29
-85
73
-1
-41
39
-8
-13
22
-12
16
-36
48
-15
-23
38
-13
-6
30
-35
31
-10
-12
27
-42
36
-38
26
-5
-51
96
-123
112
-74
-5
79
-117
81
-39
21
-3
-46
75
-64
29
-37
17
27
-100
138
-129
83
-23
-48
84
-92
84
-93
65
-2
-74
97
-69
28
-2
-18
11
-3
13
-49
73
-54
29
-8
-12
38
-39
32
-35
55
-16
-24
31
34
-51
29
1
9
27
-60
53
1
11
-29
10
58
-42
5
-2
43
-14
-25
-4
59
-45
-2
5
24
14
-78
90
-33
5
1
-21
38
-4
-25
-3
44
-15
-44
59
-50
38
-27
-19
45
-54
55
-83
57
7
-96
98
-56
-5
22
-33
-1
16
9
-65
73
7
-80
76
-10
-36
54
-59
29
10
5
-51
59
13
-67
56
-1
-34
18
7
-16
-23
46
-40
-36
82
-86
38
16
-72
87
-46
-30
43
-18
-13
-11
24
-6
-34
35
-29
11
-16
1
13
-31
36
-29
5
16
-35
16
23
-48
28
0
17
-28
0
48
-48
14
4
-1
30
-54
34
39
-48
15
14
15
-28
24
13
-15
30
-5
-9
49
-31
2
34
-20
0
25
-12
6
7
0
5
10
20
-19
20
6
7
6
-13
18
4
0
-5
11
11
-27
-6
40
-31
-13
11
10
-2
-52
43
-6
-30
8
2
4
-18
0
5
-14
4
-14
-16
20
-29
12
-7
-7
7
-18
13
-18
4
-1
-5
7
-9
2
-7
4
-15
-9
5
2
-18
8
-9
-18
29
-41
6
7
-14
-3
0
2
-4
-17
5
2
-19
25
-21
-3
26
-38
31
-10
-3
12
-22
28
-2
-10
19
2
-15
13
6
-11
5
6
0
-5
8
5
-19
16
-2
-20
11
1
-4
0
-1
19
-9
12
5
5
13
-2
20
9
25
4
13
45
-3
16
37
9
23
17
15
38
3
11
35
7
18
16
18
19
4
10
-4
20
10
-25
19
0
-9
3
-13
6
-3
-27
-9
-17
-9
-31
-40
-11
-13
-34
-32
-9
-13
-43
-31
-7
-24
-16
-25
-18
-1
-28
-23
-23
-17
-20
-37
-22
-26
-25
-41
-30
-17
-41
-20
-21
-9
-7
-15
10
2
4
20
6
12
29
9
20
18
7
3
2
-1
-17
-11
-14
-26
-29
-33
-36
-39
-44
-42
-40
-36
-32
-28
-27
-11
-18
-24
0
-12
2
-5
-5
-1
-1
6
2
2
-9
-8
-8
2
9
16
52
39
68
93
85
138
119
158
197
189
223
245
265
269
283
303
313
310
315
286
274
249
211
190
184
178
104
119
113
48
45
8
-16
-20
-32
-14
-16
-22
-9
-53
-73
-68
-62
-56
-78
-61
-78
-144
-192
-226
-280
-392
-484
-499
-519
-635
-852
-1107
-1297
-1474
-1653
-1714
-1712
-1669
-1625
-1573
-1508
-1400
-1259
-1104
-844
-518
-85
352
716
1007
1218
1440
1624
1773
1996
2228
2330
2350
2310
2208
2046
1750
1456
1122
873
706
415
228
-23
-377
-652
-986
-1127
-1193
-1319
-1263
-1130
-994
-853
-699
-536
-378
-218
-12
299
671
919
1165
1442
1604
1698
1804
1884
1909
1839
1761
1683
1553
1289
952
536
126
-207
-533
-809
-1123
-1439
-1663
-1834
-1906
-1854
-1732
-1511
-1246
-900
-451
-10
399
727
956
1226
1556
1969
2305
2351
2194
1742
1139
553
-75
-608
-1095
-1667
-2224
-2769
-3368
-4252
-5549
-6941
-7867
-8124
-7800
-7192
-6518
-5783
-5177
-4677
-4053
-3187
-1952
-467
1161
3003
4897
6551
7636
7986
7961
7960
8073
8332
8603
8650
8324
7395
5987
4508
3044
1643
229
-1061
-1960
-2575
-3137
-3882
-4786
-5611
-6232
-6482
-6152
-5264
-4016
-2770
-1752
-788
227
1192
2122
2995
3928
5022
6027
6776
7143
7032
6469
5528
4486
3648
2909
1960
835
-352
-1614
-3011
-4515
-5806
-6794
-7534
-7928
-7817
-7284
-6756
-6397
-6027
-5370
-4442
-3288
-1848
-282
1231
2493
3600
4539
5109
5356
5383
5345
5275
5160
4894
4303
3334
2080
784
-344
-1200
-1824
-2344
-2725
-2821
-2721
-2543
-2340
-2102
-1777
-1355
-651
337
1294
2048
2596
3049
3399
3488
3264
2874
2329
1682
1014
238
-573
-1516
-2602
-3669
-4636
-5399
-6279
-7595
-9097
-10102
-10142
-9627
-9172
-8654
-7591
-6226
-5128
-4210
-2809
-817
1116
2710
4552
6918
9150
10427
10654
10589
10688
10680
10481
10204
9995
9439
7904
5748
3744
2156
512
-1518
-3368
-4385
-4810
-5292
-5992
-6621
-6927
-7053
-6895
-6027
-4282
-2061
-132
1213
2326
3657
5068
6045
6574
7128
7984
8663
8610
8032
7252
6080
4180
1985
451
-371
-1324
-2817
-4372
-5484
-6490
-7759
-8874
-9214
-8858
-8394
-7880
-6833
-5380
-4289
-3731
-2980
-1572
61
1418
2661
4096
5319
5838
5875
5769
5438
4638
3598
2798
2186
1346
217
-1079
-2281
-3269
-3996
-4228
-4010
-3508
-2836
-2075
-1201
-221
620
1316
1957
2632
3406
4088
4598
4923
4925
4629
4148
3489
2674
1750
840
17
-1017
-2265
-3308
-4188
-5102
-6176
-7005
-7253
-7944
-9758
-11592
-11882
-10591
-9425
-8994
-7847
-5473
-3289
-2267
-1391
764
3482
5125
6123
7964
10537
12204
11821
10469
9605
8937
7895
6627
5818
5499
4341
1877
-693
-2282
-3147
-4441
-6129
-6836
-6110
-5018
-4419
-4135
-3469
-2435
-1585
-590
1225
3780
6214
7527
7876
8247
8854
9164
8569
7554
7159
7093
6348
4725
3015
1613
-253
-2859
-5006
-5723
-5737
-6241
-7139
-7366
-6898
-6755
-7053
-6880
-5774
-4290
-3082
-1731
170
1807
2465
2445
2591
2984
3021
2694
2625
2923
2869
2131
901
-458
-1812
-3238
-4416
-4871
-4695
-4449
-4538
-4735
-4629
-4250
-3704
-2805
-1443
201
1845
3323
4642
5597
6001
5946
5824
5811
5799
5589
4924
3752
2367
883
-563
-1716
-2626
-3417
-4159
-4640
-4543
-4524
-5238
-5990
-6214
-6252
-6543
-6628
-5416
-3957
-4736
-7294
-8735
-7552
-5595
-5281
-5289
-3305
-442
858
516
906
3042
4516
4214
4309
6385
9229
9934
7967
6028
5340
4902
3911
2903
3182
4007
3238
1078
-623
-906
-800
-1822
-2957
-2369
-477
1083
1394
998
1182
1687
1884
2315
3466
5380
6862
6653
5682
5300
5435
4966
3240
1834
1971
2340
1612
76
-1116
-1981
-3628
-5564
-6071
-5023
-4089
-4329
-4754
-4087
-3085
-3058
-3557
-3277
-1808
-204
681
1579
2732
2836
958
-1724
-2749
-1891
-1168
-1231
-1019
-352
-562
-2088
-3316
-3316
-3173
-3421
-3040
-1355
500
916
125
-582
-854
-702
108
1693
3493
4547
4685
4489
4502
4543
4208
3637
3354
3476
3420
2812
1796
488
-1093
-2470
-2899
-2699
-2789
-3328
-3585
-3245
-3128
-3746
-4368
-4323
-4187
-4703
-5176
-4310
-2669
-2833
-5668
-8631
-9081
-7505
-6573
-6640
-5473
-2891
-1133
-1199
-1330
314
2419
2965
3049
4843
8144
10362
9647
7506
6215
5712
5105
4234
4079
4948
4922
2869
281
-910
-839
-1426
-3043
-3572
-2024
-61
618
166
-66
295
488
696
1843
4133
6350
6994
6294
5828
6073
5992
4874
3544
3400
3934
3491
1957
374
-680
-2061
-4358
-5942
-5621
-4431
-4084
-4890
-5131
-4187
-3489
-3592
-3497
-2329
-491
726
1373
1872
1611
518
-612
-823
-99
398
231
6
-349
-923
-1551
-2114
-2438
-2772
-2956
-2605
-2076
-1694
-1635
-1972
-2291
-2189
-1551
-342
1068
2333
3258
3597
3839
4431
4857
4693
4132
3691
3603
3119
2097
1229
260
-981
-1992
-2500
-2407
-2818
-4053
-4567
-4313
-4198
-4342
-4486
-3954
-3372
-3784
-3898
-2991
-2752
-4486
-7553
-9131
-7747
-6167
-5897
-5460
-3933
-1889
-1369
-2083
-1017
1509
3195
3695
4486
7198
9935
9661
7463
5765
5211
5009
4187
3916
4888
5006
3133
420
-1265
-1173
-1257
-2418
-2838
-1786
-39
881
390
68
328
521
913
1947
4070
6287
6907
6148
5316
5129
5196
4499
3341
3036
3389
3234
2066
503
-576
-1775
-3736
-5241
-5089
-3757
-2760
-3075
-3536
-3181
-2742
-2688
-2528
-1566
4
1118
1569
1904
1812
638
-1215
-2218
-1791
-1130
-1106
-1163
-983
-1267
-2172
-2898
-2932
-2626
-2575
-2501
-1829
-939
-503
-797
-1337
-1306
-719
241
1499
2833
3813
3897
3397
3344
3611
3573
3125
2491
2177
1836
1017
180
-674
-1614
-2443
-3292
-3419
-2513
-1897
-2056
-2660
-3470
-3769
-3868
-4006
-3687
-3581
-3257
-2500
-3336
-6147
-9104
-9905
-8199
-7168
-7323
-5775
-2726
-675
-1010
-1924
-363
2300
3426
4103
6106
9402
11491
10138
7524
6223
5714
4934
3699
3598
5243
5384
2536
-730
-2170
-1943
-2700
-4584
-4190
-1641
232
362
-305
4
798
580
651
2334
5008
7290
7612
6566
6019
5801
5061
3788
2908
3362
3925
3017
1400
126
-794
-2255
-4593
-5925
-5175
-3737
-3088
-3324
-3151
-2242
-2147
-2847
-2696
-1244
492
956
444
577
948
540
-503
-1231
-810
-301
-701
-1160
-1232
-1309
-1902
-3102
-3640
-3174
-2860
-2855
-2720
-2175
-1604
-1767
-2010
-1261
9
1156
1967
2796
4003
4664
4421
4046
3833
3718
3268
2405
1867
1385
546
-465
-1568
-2196
-2595
-3225
-3536
-3743
-4038
-4128
-4235
-4179
-4108
-4269
-4032
-3667
-3235
-2333
-2461
-4615
-7594
-9182
-7939
-6132
-5892
-5364
-3299
-952
-282
-1227
-782
1691
3582
4324
5428
7898
10615
10581
8004
5840
5073
4870
4003
3095
4049
5118
3455
38
-2286
-2107
-1669
-3215
-4138
-2261
342
1296
497
43
913
1307
1032
1818
4094
6770
7780
6659
5467
5171
4902
3881
2510
2284
3065
2977
1602
3
-1012
-1981
-3885
-5616
-5410
-3772
-2563
-2718
-3007
-2323
-1795
-2182
-2490
-1483
692
2182
2098
1630
1473
1079
-376
-2430
-3148
-2330
-1778
-2227
-2779
-2442
-2041
-3005
-4089
-3532
-1948
-909
-734
-133
1136
1326
272
-381
156
1410
2223
2565
3279
4013
3969
3007
1966
1880
2114
1524
642
401
524
10
-1210
-2107
-2629
-3369
-4022
-4186
-3913
-3619
-3608
-3635
-3790
-4224
-4550
-4500
-3732
-2984
-4197
-7179
-9549
-9419
-7591
-6703
-6576
-4967
-2329
-732
-863
-859
1295
3758
4432
4759
6624
9748
11355
9732
7260
6011
5339
4316
3000
2963
4267
3965
1190
-1634
-2345
-1458
-1884
-3753
-3819
-1465
920
1521
1028
1572
2694
2582
2101
3050
5667
8005
7916
6546
6005
6010
5300
3441
1793
1825
2280
1543
57
-1089
-1575
-2757
-5223
-6850
-6226
-4485
-3441
-3500
-3138
-1905
-1420
-1937
-1913
-477
1401
2105
2007
2411
2646
1596
-259
-1440
-1283
-947
-1283
-1635
-1688
-1791
-2341
-3363
-3946
-3673
-3065
-2458
-1829
-956
-173
-402
-1225
-1352
-527
694
1707
2563
3558
4110
3923
3522
3246
3061
2531
1749
1356
1336
1150
388
-765
-1706
-2392
-3010
-3638
-4188
-4384
-4296
-4192
-4107
-4132
-4233
-4361
-4361
-3835
-3736
-5452
-8267
-9835
-8815
-6933
-6452
-6124
-3996
-1326
-436
-1178
-734
1937
4232
4817
5446
7636
10366
10859
8635
6393
5638
5299
4104
2767
3284
4769
3938
689
-1800
-1680
-820
-1864
-3460
-2637
-32
1569
1293
948
1959
2824
2242
1759
3205
6057
7816
7234
5982
5618
5505
4466
2612
1537
1855
2060
1142
-178
-909
-1402
-2995
-5383
-6493
-5600
-4076
-3322
-3114
-2392
-1492
-1590
-2360
-2409
-1213
188
676
715
1122
1510
993
-251
-1111
-1057
-770
-892
-1180
-1035
-678
-1115
-2260
-3081
-3057
-2715
-2563
-2178
-1203
-388
-407
-827
-708
124
973
1514
2248
3370
4330
4518
3996
3476
3052
2211
1130
655
926
1041
184
-1158
-2026
-2607
-3560
-4620
-5148
-5048
-4743
-4562
-4381
-4268
-4509
-4626
-4205
-4196
-5770
-8454
-9938
-8761
-6776
-6147
-5830
-3989
-1287
-59
-785
-645
1893
4511
5304
5403
7102
10117
11051
8735
6077
5293
5429
4373
2530
2632
4315
4142
1242
-1547
-1647
-537
-1365
-3221
-2910
-479
1336
1150
819
2231
3740
3354
2233
2765
5318
7384
7116
5992
5774
6031
5201
3074
1537
1539
1636
655
-634
-908
-508
-1337
-3656
-5425
-5410
-4416
-3840
-3653
-2726
-1363
-964
-1745
-2420
-1868
-831
-632
-750
-143
899
1213
377
-497
-682
-912
-1505
-1866
-1415
-452
-202
-969
-1786
-2027
-2031
-2333
-2585
-1977
-863
-355
-511
-402
427
1244
1360
1337
1984
3134
3948
4029
3772
3443
2761
1708
731
369
492
254
-589
-1570
-2374
-3215
-4445
-5614
-5996
-5611
-4786
-3986
-3539
-3454
-3530
-3498
-4079
-6251
-9052
-10225
-8880
-6842
-6026
-5406
-3432
-1186
-742
-1855
-1778
794
3676
4881
5423
7249
10004
10864
8715
6172
5564
5866
4900
3145
3327
5286
5420
2469
-624
-1014
-60
-1004
-3205
-3336
-1088
638
148
-622
652
2494
2347
983
1247
3941
6514
6691
5780
6022
6951
6563
4523
2898
3049
3376
2274
758
517
1139
491
-1954
-4146
-4680
-4417
-4566
-4856
-4169
-2800
-2406
-3310
-4040
-3510
-2568
-2761
-3630
-3330
-1603
-73
164
-5
534
1124
804
205
581
1928
2719
2142
1293
1048
847
-136
-1593
-2278
-1934
-1644
-1826
-1825
-1188
-413
-367
-827
-579
550
1595
2041
2300
2907
3302
2714
1741
1395
1501
1194
141
-864
-1274
-1636
-2451
-3421
-4032
-4223
-4397
-4767
-5105
-5359
-5494
-5554
-6068
-7491
-9374
-10450
-9927
-8701
-7831
-6826
-4786
-2119
-391
-140
187
1901
4150
5558
6231
7568
9927
11342
10444
8543
7592
7501
6492
4417
3402
4178
4619
3003
513
-458
-109
-804
-2845
-4078
-3243
-1708
-1404
-1753
-819
1181
2223
1611
1026
2196
4286
5326
5277
5594
6773
7557
6788
5236
4434
4312
3656
2234
1196
1281
1493
492
-1472
-3079
-3902
-4570
-5339
-5671
-5212
-4596
-4696
-5364
-5763
-5699
-5643
-5793
-5557
-4273
-2326
-594
716
1892
2959
3487
3262
3040
3432
4049
4225
3801
3193
2627
1709
322
-1079
-2065
-2641
-3090
-3337
-3053
-2275
-1628
-1525
-1716
-1588
-1050
-452
86
691
1417
1985
2109
1916
1768
1632
1256
598
-79
-505
-910
-1621
-2516
-3260
-3728
-4201
-4825
-5151
-5056
-5364
-6870
-9156
-10707
-10708
-10032
-9515
-8675
-6802
-4386
-2777
-2206
-1381
423
2369
3516
4326
6101
8855
10884
11070
10266
9830
9763
8976
7321
6151
6147
6186
5124
3504
2687
2587
1675
-508
-2573
-3353
-3284
-3431
-3727
-3222
-1995
-1187
-1320
-1608
-1030
203
1130
1573
2257
3644
5179
6000
6067
5995
6075
5941
5303
4527
4193
4209
3971
3096
1918
898
-85
-1318
-2717
-3839
-4503
-5020
-5661
-6217
-6453
-6484
-6637
-6930
-6911
-6247
-5096
-3841
-2665
-1456
-121
1071
1911
2540
3167
3780
4094
4000
3860
3883
3766
3281
2559
1834
1091
176
-767
-1425
-1717
-1863
-2123
-2433
-2563
-2476
-2366
-2303
-2197
-2014
-1766
-1398
-923
-504
-241
-199
-338
-616
-1085
-1657
-2073
-2263
-2338
-2448
-2512
-2296
-1917
-1938
-2880
-4719
-6672
-7879
-8342
-8531
-8454
-7695
-6282
-4949
-4269
-3912
-3232
-2218
-1319
-608
461
2318
4546
6259
7172
7769
8435
8861
8559
7890
7696
8041
8172
7718
7236
7291
7383
6590
5030
3564
2609
1761
683
-162
-228
107
80
-471
-1037
-1165
-1162
-1521
-2072
-2277
-1876
-1135
-525
-50
533
1131
1431
1339
1186
1399
1853
2143
2217
2270
2439
2563
2386
1947
1407
800
108
-676
-1400
-1930
-2364
-2840
-3352
-3744
-3932
-3987
-4062
-4098
-3947
-3703
-3449
-3128
-2528
-1764
-1152
-768
-450
-43
344
577
772
1048
1275
1305
1168
1068
1047
921
637
348
174
55
-138
-340
-384
-315
-361
-571
-731
-677
-541
-512
-578
-626
-689
-927
-1350
-1774
-1998
-2000
-1958
-1961
-1878
-1624
-1370
-1465
-2118
-3214
-4456
-5526
-6212
-6540
-6639
-6488
-6004
-5323
-4768
-4487
-4217
-3646
-2872
-2183
-1559
-670
604
1886
2810
3528
4375
5274
5864
6108
6378
6855
7229
7246
7157
7310
7611
7670
7291
6713
6158
5535
4747
3984
3524
3318
3010
2440
1867
1506
1196
653
-143
-907
-1414
-1724
-1995
-2188
-2197
-2015
-1806
-1761
-1772
-1587
-1219
-924
-854
-843
-574
-35
488
816
1000
1149
1191
954
535
236
84
-99
-355
-546
-582
-561
-666
-964
-1372
-1734
-1953
-2078
-2140
-2076
-1875
-1645
-1510
-1481
-1413
-1218
-1034
-1008
-1066
-1006
-790
-584
-476
-342
-89
123
110
-82
-209
-184
-116
-128
-142
-27
172
338
350
270
194
69
-254
-726
-1164
-1496
-1748
-1924
-1947
-1773
-1539
-1404
-1352
-1390
-1681
-2439
-3556
-4563
-5200
-5630
-6011
-6207
-5962
-5363
-4892
-4767
-4689
-4299
-3648
-3085
-2668
-2035
-977
237
1200
1935
2807
3856
4684
5068
5302
5728
6212
6443
6499
6748
7278
7712
7698
7338
6925
6509
5959
5319
4860
4695
4582
4277
3816
3378
2998
2454
1649
800
121
-410
-907
-1367
-1652
-1727
-1758
-1871
-2017
-2063
-1992
-1976
-2111
-2212
-2075
-1691
-1253
-923
-662
-382
-146
-93
-212
-356
-435
-502
-606
-685
-630
-446
-306
-380
-640
-870
-1001
-1168
-1413
-1596
-1569
-1408
-1273
-1200
-1142
-1122
-1199
-1355
-1462
-1452
-1376
-1274
-1109
-850
-587
-451
-452
-441
-339
-257
-289
-319
-194
52
269
401
539
707
812
776
601
317
-97
-638
-1136
-1376
-1367
-1259
-1142
-1033
-959
-997
-1293
-1971
-3027
-4234
-5284
-6042
-6534
-6733
-6542
-6031
-5512
-5235
-5063
-4673
-4024
-3367
-2874
-2354
-1471
-213
1078
2141
3063
3964
4727
5150
5348
5627
6042
6358
6449
6588
7042
7558
7653
7274
6747
6280
5728
5019
4376
4065
3964
3721
3263
2815
2525
2203
1632
895
242
-266
-719
-1119
-1329
-1295
-1130
-1066
-1134
-1216
-1234
-1227
-1256
-1229
-1085
-829
-571
-353
-133
70
135
-17
-336
-634
-853
-985
-1018
-1011
-947
-846
-742
-709
-789
-924
-1090
-1290
-1527
-1693
-1642
-1402
-1179
-1110
-1149
-1242
-1343
-1468
-1583
-1623
-1585
-1522
-1440
-1287
-1057
-801
-602
-474
-412
-453
-526
-519
-372
-164
-3
148
382
618
726
694
570
339
-83
-615
-1034
-1203
-1207
-1177
-1133
-1042
-955
-966
-1081
-1302
-1819
-2850
-4254
-5517
-6275
-6658
-6918
-6951
-6505
-5724
-5090
-4776
-4428
-3763
-3016
-2541
-2127
-1193
377
1988
3129
3970
4901
5806
6254
6266
6363
6789
7197
7252
7196
7425
7803
7781
7161
6319
5624
4980
4189
3426
3011
2918
2716
2190
1593
1206
894
347
-418
-1083
-1446
-1612
-1704
-1647
-1330
-852
-470
-335
-344
-303
-169
-59
-15
113
448
898
1247
1403
1388
1176
705
42
-571
-934
-1043
-1045
-1024
-980
-943
-1026
-1298
-1675
-2017
-2288
-2513
-2640
-2539
-2200
-1815
-1594
-1567
-1609
-1642
-1689
-1747
-1721
-1547
-1321
-1174
-1065
-864
-558
-324
-274
-351
-439
-503
-543
-514
-384
-213
-92
-22
77
220
297
187
-84
-409
-724
-1029
-1289
-1383
-1272
-1080
-943
-863
-762
-759
-1243
-2500
-4261
-5840
-6803
-7314
-7632
-7580
-6901
-5897
-5228
-5026
-4718
-3920
-2997
-2420
-1895
-691
1280
3252
4610
5615
6737
7708
7900
7445
7212
7595
8010
7905
7632
7846
8316
8118
6953
5524
4448
3471
2177
922
401
545
537
-49
-728
-968
-1032
-1511
-2337
-2851
-2748
-2353
-1959
-1358
-292
932
1691
1809
1732
1854
2050
2043
1954
2162
2748
3334
3556
3401
3003
2240
985
-457
-1572
-2106
-2275
-2378
-2458
-2418
-2332
-2459
-2885
-3358
-3597
-3589
-3458
-3179
-2603
-1782
-1078
-775
-759
-714
-520
-348
-245
-29
320
574
557
368
243
170
-46
-409
-712
-810
-802
-886
-1050
-1150
-1179
-1211
-1235
-1134
-911
-825
-1067
-1513
-1911
-2207
-2471
-2590
-2374
-1894
-1464
-1226
-1090
-1242
-2277
-4362
-6702
-8239
-8743
-8775
-8549
-7649
-6087
-4737
-4299
-4303
-3737
-2530
-1464
-678
686
3157
5933
7780
8629
9287
9950
9993
9197
8449
8561
9014
8787
7945
7394
7321
6725
4908
2598
882
-242
-1451
-2645
-2976
-2338
-1842
-2310
-3136
-3291
-2830
-2586
-2666
-2264
-953
634
1759
2588
3639
4736
5181
4829
4426
4585
4969
4907
4416
4047
3913
3450
2329
965
-212
-1432
-3036
-4669
-5624
-5810
-5835
-6064
-6206
-5955
-5538
-5286
-5025
-4312
-3148
-2001
-1091
-141
1071
2217
2806
2859
2841
2996
3098
2893
2555
2360
2176
1567
534
-439
-1031
-1603
-2403
-3118
-3413
-3271
-3167
-3222
-3142
-2776
-2379
-2106
-1684
-896
-68
289
120
-256
-618
-1003
-1353
-1399
-1126
-819
-667
-583
-683
-1710
-4248
-7520
-9895
-10641
-10533
-10344
-9548
-7675
-5744
-5080
-5304
-4750
-2971
-1240
-166
1484
4795
8692
11054
11496
11490
11813
11579
10182
8873
9079
9974
9572
7706
6109
5533
4430
1568
-1742
-3528
-3938
-4553
-5529
-5393
-3927
-3070
-4005
-5236
-4685
-2726
-1252
-497
1039
3769
6121
6910
7051
7807
8669
8341
7031
6278
6593
6658
5361
3387
1958
963
-623
-2744
-4182
-4583
-5091
-6520
-8009
-8307
-7745
-7558
-7806
-7382
-5838
-4078
-2913
-1796
-29
1796
2702
2839
3315
4483
5330
5180
4657
4451
4204
3140
1467
240
-406
-1277
-2624
-3674
-3802
-3636
-4068
-4774
-4828
-4178
-3532
-3234
-2623
-1334
-77
553
763
1212
1831
1848
1223
586
204
-203
-919
-1560
-1686
-1675
-1869
-2212
-2973
-4760
-7776
-10834
-12275
-12216
-11783
-11123
-9508
-7044
-5240
-4857
-4456
-2734
-388
1435
3076
5977
9938
12743
13252
12660
12436
12293
11079
9345
8806
9312
8777
6204
3274
1853
969
-1418
-4757
-6583
-6256
-5789
-6417
-6559
-4941
-3202
-3296
-4242
-3336
-246
2628
4053
5396
7864
10173
10538
9512
9046
9397
9018
7435
6131
5986
5697
3670
406
-2254
-3818
-5279
-6955
-7790
-7284
-6646
-7127
-8132
-8278
-7476
-6832
-6552
-5446
-2924
-101
1700
2745
3936
5018
5117
4382
4035
4571
4976
4420
3351
2486
1494
-265
-2472
-4091
-4674
-4928
-5378
-5603
-5143
-4536
-4424
-4521
-4045
-2837
-1502
-374
902
2481
3845
4331
4110
3940
3890
3525
2772
2007
1392
459
-1012
-2545
-3632
-4281
-4785
-5204
-5272
-5468
-6966
-9842
-12487
-13325
-12772
-12177
-11210
-8656
-5174
-2769
-1970
-1008
1279
3597
4843
6137
8862
12267
14080
13596
12385
11542
10456
8440
6372
5665
5721
4506
1684
-845
-1832
-2648
-5010
-7726
-8320
-6857
-5603
-5332
-4369
-1964
-90
-227
-589
1186
4513
6883
7714
8737
10543
11475
10369
8470
7473
7066
5911
4051
2906
2764
1971
-643
-4000
-6274
-7219
-7965
-8747
-8489
-7071
-5904
-5810
-5805
-4699
-3183
-2571
-2308
-904
1570
3631
4482
4923
5541
5598
4638
3500
3117
3186
2615
1115
-452
-1500
-2537
-4062
-5545
-6083
-5654
-5111
-4760
-4145
-3177
-2464
-2320
-2139
-1150
568
2235
3429
4353
5081
5230
4657
3855
3444
3184
2405
1290
323
-573
-1839
-3600
-5113
-5862
-6234
-6424
-6311
-5777
-5471
-6746
-9574
-12101
-12630
-11452
-10194
-9034
-6592
-3304
-1200
-863
-485
1530
3948
5146
6155
8585
11832
13509
12457
10378
8928
7690
5882
4085
3705
4381
3691
879
-1981
-3152
-3583
-5263
-7388
-7300
-4910
-2673
-1794
-984
903
2353
1831
1072
2569
5864
8291
8848
9241
10330
10468
8613
6172
4908
4462
3392
1883
1217
1286
477
-2049
-5051
-6841
-7317
-7406
-7197
-6126
-4424
-3285
-3317
-3565
-3031
-2028
-1318
-641
901
3127
4559
4628
4105
3655
3018
1912
1095
1155
1445
998
-156
-1381
-2414
-3541
-4736
-5361
-5073
-4167
-3118
-2274
-1631
-1149
-992
-1020
-803
52
1408
2765
3698
4188
4386
4114
3310
2346
1744
1598
1260
411
-521
-1595
-3165
-5031
-6481
-6848
-6566
-6295
-5631
-4537
-3772
-4638
-7674
-10767
-11768
-10773
-9239
-8033
-5838
-2363
-189
-443
-1258
-318
2048
3440
4303
6924
10706
12968
12062
9568
7942
6647
4657
2886
2765
4143
4341
1918
-930
-2243
-2761
-4374
-6646
-6603
-3913
-1470
-788
-419
1170
2540
1749
546
1841
5364
8204
8819
8970
9859
9850
7701
4942
3838
4097
3599
2232
1668
2097
1531
-1329
-4702
-6362
-6564
-6575
-6463
-5221
-3197
-2275
-2902
-3643
-3316
-2396
-1986
-1543
72
2247
3508
3287
2618
2405
1958
938
274
658
1575
1692
641
-574
-1532
-2476
-3488
-4178
-3809
-2616
-1606
-1094
-865
-693
-684
-1054
-1205
-521
726
1974
2824
3261
3410
3142
2454
1611
922
683
814
771
138
-1027
-2409
-3746
-5078
-6262
-6662
-6139
-5309
-4735
-4386
-3835
-3810
-5748
-8955
-10960
-10415
-8569
-7276
-5935
-3392
-1016
-521
-1248
-864
1393
3470
4467
6026
8848
11328
11354
9232
7347
6336
5174
3848
3379
4231
4646
2729
-278
-2145
-2654
-3302
-4701
-5041
-3192
-975
-180
-272
378
1595
1614
843
1688
4607
7365
8172
7951
8258
8312
6839
4751
3854
4110
3865
2704
1936
2030
1553
-587
-3353
-5120
-5697
-5951
-5927
-4992
-3513
-2717
-3032
-3688
-3719
-3222
-2743
-2010
-548
1436
2918
3196
2742
2197
1600
906
422
714
1543
1910
1467
652
-202
-1259
-2520
-3182
-2735
-1801
-1023
-522
-180
-152
-756
-1482
-1531
-840
223
1079
1680
2203
2350
2168
1736
1031
522
257
141
167
-146
-717
-1545
-2782
-3962
-5030
-5737
-5607
-5115
-4575
-4100
-3678
-3426
-4842
-8026
-10547
-10769
-9261
-7890
-6890
-4606
-1797
-740
-1271
-1257
718
3034
3963
5169
8050
11077
11852
9883
7660
6691
5738
4318
3447
4040
4828
3316
87
-2094
-2472
-2723
-4230
-5349
-3930
-1452
-508
-890
-548
1031
1685
923
1443
4419
7644
8536
7755
7791
8372
7538
5445
4125
4362
4442
3133
1759
1455
1108
-862
-3970
-5964
-6206
-6134
-6387
-5984
-4425
-3051
-3196
-3978
-3858
-2923
-2182
-1639
-291
1965
3638
3815
3289
2942
2596
1818
1220
1539
2238
2247
1347
128
-1020
-2234
-3453
-4098
-3765
-2780
-1898
-1448
-1258
-1174
-1278
-1531
-1381
-460
878
2084
2811
3184
3362
2988
2105
1218
754
821
827
628
445
-107
-1159
-2510
-3814
-4666
-5485
-6215
-6135
-5512
-4815
-4194
-3524
-3109
-4606
-7979
-10310
-10013
-8320
-7161
-6324
-3990
-1194
-412
-1093
-946
910
2752
3266
4525
7778
10829
11295
9206
7095
6237
5212
3695
2993
3676
4369
2911
54
-1495
-1533
-2001
-3694
-4682
-3103
-799
-185
-376
485
1951
2030
1143
2123
5167
7312
7140
6415
6944
7563
6345
4298
3528
3841
3513
2128
1266
1450
861
-1492
-4159
-5273
-5036
-5091
-5685
-5491
-4340
-3546
-3782
-4120
-3500
-2507
-1998
-1197
737
2905
3786
3271
2706
2612
2291
1707
1595
2099
2354
1780
911
219
-615
-1905
-3116
-3484
-2909
-2074
-1604
-1460
-1463
-1636
-1868
-1771
-1008
166
1046
1552
1974
2339
2506
2270
1782
1386
1061
888
907
813
411
-533
-1751
-2656
-3198
-3419
-3663
-4307
-4734
-4555
-4121
-3962
-4218
-3919
-3276
-4364
-7281
-9562
-9262
-7508
-7048
-7213
-5481
-2542
-954
-1352
-1304
807
2740
3039
3716
6266
9257
9823
7871
6312
6009
5358
3613
2077
2428
3366
2434
206
-1034
-624
-450
-1872
-2815
-1268
1142
2094
1856
2525
4272
4795
3818
3658
5196
6648
6379
5489
5663
5922
4713
2659
1350
1102
629
-536
-1306
-1350
-1580
-2615
-3919
-4458
-4241
-3956
-3713
-3182
-2223
-1282
-798
-571
-339
-156
86
670
1638
2408
2362
1716
1094
622
147
-334
-614
-727
-1053
-1553
-1819
-1827
-2066
-2556
-2694
-2185
-1386
-731
-154
371
661
657
614
951
1571
1974
2007
1825
1745
1783
1512
950
423
52
-177
-469
-814
-1036
-1329
-1850
-2307
-2459
-2341
-2332
-2628
-2838
-2833
-2878
-3011
-3072
-2871
-2589
-2365
-1828
-1585
-3139
-6253
-8612
-8569
-7401
-7157
-6989
-5213
-2996
-2469
-3262
-2923
-758
1076
1867
3521
6723
9361
9173
7018
5583
5156
4227
2850
2551
3856
4705
3150
670
-359
-229
-765
-2104
-1971
441
2768
3305
3153
3739
4472
3971
3147
4071
6198
7351
6883
6200
6162
5529
3566
1680
1037
1006
363
-728
-1072
-1033
-1939
-3759
-5128
-5067
-4305
-3824
-3273
-2216
-1275
-1237
-1711
-1584
-770
-189
-58
356
1226
1692
1136
92
-611
-984
-1309
-1376
-1038
-662
-753
-1255
-1627
-1765
-1932
-2074
-1902
-1380
-793
-319
84
378
507
551
723
1132
1624
2066
2324
2317
2114
1776
1441
1215
1001
725
366
23
-230
-565
-1094
-1689
-2131
-2333
-2358
-2391
-2577
-2951
-3447
-3861
-4053
-4063
-3935
-3650
-3134
-2294
-1640
-2274
-4532
-7074
-8058
-7445
-6785
-6446
-5218
-3001
-1613
-1942
-2272
-989
894
1714
2364
4612
7583
8692
7276
5451
4633
3814
2287
1477
2611
4141
3654
1431
32
305
479
-363
-625
1174
3647
4630
4446
4801
5708
5526
4299
4078
5608
7107
6974
6025
5536
4937
3167
861
-411
-534
-853
-1910
-2739
-2745
-2765
-3613
-4651
-4634
-3675
-2813
-2240
-1201
295
996
399
-374
-238
384
579
588
1013
1357
784
-504
-1594
-2120
-2509
-2927
-2961
-2525
-2021
-1895
-2126
-2278
-2206
-2077
-1808
-1120
24
1110
1577
1567
1481
1455
1485
1602
1871
2208
2472
2542
2291
1812
1313
781
120
-424
-570
-449
-510
-888
-1308
-1739
-2316
-2755
-2776
-2586
-2583
-2880
-3117
-3144
-3240
-3433
-3510
-3264
-2673
-1947
-1079
-227
-403
-2414
-5442
-7328
-7081
-6209
-6079
-5819
-4300
-2695
-2812
-3916
-3667
-1874
-441
367
2320
5669
7952
7462
5625
4611
4282
3505
2834
3649
5468
6009
4326
2326
1797
1939
1196
210
922
3130
4511
4278
4022
4580
4647
3421
2568
3617
5400
5840
5045
4503
4225
2926
639
-866
-808
-396
-662
-981
-667
-528
-1477
-2846
-3238
-2542
-1751
-1254
-509
680
1351
629
-821
-1644
-1665
-1653
-1759
-1287
-277
-16
-1016
-2283
-2891
-3139
-3514
-3468
-2394
-998
-443
-720
-1081
-1235
-1455
-1607
-1057
169
1263
1632
1484
1227
874
344
-59
135
821
1398
1521
1419
1252
732
-185
-882
-881
-474
-95
128
222
124
-330
-1095
-1840
-2218
-2118
-1825
-1707
-1572
-1347
-1438
-1995
-2667
-2920
-2759
-2487
-2078
-1399
-531
-99
-1047
-3518
-6171
-7271
-6973
-6889
-7159
-6299
-4190
-2963
-3659
-4273
-3070
-1250
-339
703
3512
6962
8436
7449
6026
5514
5184
4351
3861
4806
6409
6546
4663
2582
1772
1413
344
-359
950
3284
4224
3564
3163
3511
3216
2079
1854
3377
5074
5377
4819
4547
4329
3217
1505
571
950
1483
1105
303
-122
-444
-1441
-2789
-3308
-2828
-2315
-2293
-2292
-1882
-1549
-1924
-2711
-3107
-2817
-2264
-1833
-1388
-727
-211
-371
-1020
-1483
-1603
-1718
-1860
-1653
-1084
-650
-614
-801
-1038
-1254
-1353
-1281
-1075
-717
-209
141
69
-226
-328
-181
-28
228
802
1445
1741
1632
1437
1371
1235
918
608
490
539
470
102
-422
-883
-1261
-1694
-2146
-2365
-2272
-2107
-2067
-1984
-1742
-1603
-1782
-2169
-2459
-2594
-2620
-2392
-1869
-1282
-987
-1296
-2278
-3624
-4641
-4947
-4949
-4967
-4594
-3428
-2095
-1691
-2062
-2053
-1270
-420
94
943
2503
3977
4593
4610
4671
4714
4380
3925
3948
4601
5303
5440
4952
4312
3944
3720
3336
2886
2770
3013
3224
3251
3296
3364
3136
2567
2075
2040
2388
2819
3112
3153
2938
2563
2204
1904
1592
1231
833
522
347
229
-20
-549
-1254
-1960
-2480
-2709
-2662
-2503
-2503
-2739
-3068
-3302
-3377
-3370
-3308
-3121
-2795
-2455
-2240
-2166
-2164
-2250
-2414
-2491
-2322
-1951
-1634
-1485
-1413
-1394
-1509
-1771
-1926
-1753
-1293
-754
-341
-91
32
75
68
124
407
918
1429
1753
1952
2114
2130
1863
1451
1200
1222
1381
1540
1654
1645
1408
973
514
185
14
-57
-82
-81
-85
-152
-306
-537
-868
-1293
-1659
-1809
-1798
-1788
-1833
-1914
-2066
-2285
-2449
-2530
-2720
-3170
-3681
-3928
-3863
-3747
-3784
-3953
-4109
-4092
-3803
-3272
-2721
-2344
-2124
-1859
-1359
-621
146
741
1191
1671
2227
2779
3291
3807
4292
4581
4760
5134
5788
6339
6381
6104
5909
5892
5903
5911
5982
6010
5830
5432
5046
4806
4597
4289
3874
3501
3247
3014
2672
2244
1794
1316
805
337
-12
-245
-508
-880
-1276
-1612
-1875
-2126
-2389
-2621
-2838
-3171
-3648
-4108
-4403
-4588
-4845
-5125
-5274
-5317
-5318
-5313
-5239
-5096
-4972
-4852
-4630
-4197
-3603
-3009
-2511
-2108
-1753
-1399
-1044
-712
-350
34
368
595
744
867
947
948
917
985
1200
1427
1557
1604
1688
1848
1959
2000
2082
2306
2537
2661
2740
2834
2858
2696
2443
2233
2070
1873
1612
1293
916
514
106
-339
-832
-1268
-1573
-1834
-2164
-2511
-2751
-2909
-3089
-3271
-3357
-3411
-3619
-3987
-4284
-4352
-4273
-4199
-4141
-4013
-3767
-3409
-3000
-2621
-2271
-1906
-1514
-1060
-440
341
1037
1468
1823
2349
2939
3336
3583
3896
4284
4633
4978
5435
5903
6102
5979
5748
5619
5616
5639
5623
5577
5509
5343
5010
4570
4149
3772
3386
3035
2845
2806
2693
2326
1780
1222
726
288
-52
-225
-326
-531
-920
-1436
-1991
-2576
-3163
-3685
-4056
-4282
-4454
-4648
-4926
-5244
-5523
-5741
-5847
-5798
-5608
-5367
-5167
-4970
-4702
-4370
-4054
-3750
-3386
-2970
-2553
-2192
-1887
-1594
-1324
-1057
-747
-387
10
356
599
791
1020
1318
1616
1850
2049
2282
2548
2785
2990
3159
3268
3266
3183
3173
3268
3347
3324
3212
3062
2854
2558
2234
1924
1580
1174
791
480
203
-88
-420
-797
-1215
-1613
-1870
-1995
-2101
-2239
-2389
-2509
-2619
-2708
-2752
-2826
-3010
-3300
-3586
-3775
-3824
-3777
-3743
-3751
-3753
-3663
-3454
-3175
-2873
-2559
-2212
-1786
-1203
-462
287
856
1233
1590
2032
2562
3149
3765
4311
4665
4854
5008
5229
5440
5512
5465
5433
5499
5581
5604
5549
5423
5205
4893
4632
4520
4489
4340
4036
3681
3341
2971
2515
2046
1559
1034
498
4
-405
-771
-1178
-1679
-2231
-2719
-3114
-3460
-3802
-4117
-4379
-4607
-4826
-5047
-5239
-5415
-5587
-5721
-5772
-5724
-5594
-5390
-5159
-4940
-4727
-4512
-4260
-3914
-3442
-2901
-2383
-1919
-1487
-1048
-634
-264
79
392
658
937
1301
1701
2009
2168
2229
2261
2321
2455
2715
3054
3344
3479
3489
3473
3460
3409
3302
3216
3217
3244
3162
2944
2641
2266
1826
1412
1139
1011
905
680
343
-55
-426
-801
-1208
-1536
-1738
-1829
-1931
-2124
-2372
-2651
-2980
-3294
-3464
-3468
-3469
-3613
-3871
-4076
-4158
-4196
-4238
-4219
-4080
-3809
-3400
-2871
-2314
-1849
-1512
-1189
-725
-75
657
1296
1761
2115
2445
2766
3066
3372
3676
3938
4186
4515
4931
5298
5478
5473
5375
5283
5270
5350
5452
5461
5310
5004
4613
4206
3803
3376
2951
2602
2353
2136
1865
1521
1089
550
-32
-526
-854
-1076
-1290
-1532
-1810
-2184
-2693
-3278
-3789
-4139
-4345
-4487
-4633
-4776
-4943
-5150
-5344
-5449
-5451
-5414
-5345
-5163
-4819
-4382
-3993
-3722
-3524
-3313
-3021
-2613
-2108
-1575
-1126
-809
-548
-232
150
504
756
962
1225
1569
1929
2246
2483
2598
2602
2622
2792
3081
3327
3446
3504
3579
3644
3650
3605
3537
3437
3290
3137
3022
2883
2603
2165
1712
1372
1097
765
364
-30
-410
-838
-1290
-1678
-1984
-2284
-2583
-2785
-2849
-2890
-3026
-3207
-3298
-3245
-3122
-3008
-2929
-2925
-3046
-3253
-3421
-3474
-3449
-3461
-3504
-3456
-3252
-2961
-2695
-2466
-2209
-1876
-1435
-847
-134
587
1164
1576
1959
2452
3035
3593
4074
4465
4766
4996
5207
5413
5550
5533
5396
5257
5195
5177
5125
4996
4801
4545
4246
3965
3723
3511
3280
3006
2694
2387
2050
1629
1146
661
210
-213
-613
-975
-1307
-1669
-2090
-2561
-3039
-3492
-3890
-4217
-4455
-4633
-4801
-4986
-5159
-5255
-5241
-5167
-5095
-4970
-4755
-4474
-4175
-3872
-3572
-3297
-3034
-2768
-2452
-2074
-1704
-1383
-1112
-824
-477
-116
209
469
698
940
1200
1500
1842
2157
2367
2503
2644
2831
3006
3139
3243
3323
3370
3396
3400
3388
3343
3231
3072
2916
2775
2604
2357
2055
1761
1485
1194
887
577
262
-65
-395
-686
-927
-1179
-1466
-1734
-1950
-2136
-2352
-2612
-2871
-3080
-3224
-3284
-3271
-3247
-3245
-3260
-3255
-3220
-3182
-3165
-3161
-3152
-3107
-2998
-2839
-2662
-2492
-2311
-2056
-1702
-1278
-839
-418
12
466
928
1386
1820
2219
2572
2882
3192
3528
3863
4140
4345
4530
4715
4870
4962
4996
4990
4928
4798
4636
4472
4296
4093
3849
3571
3281
2977
2668
2372
2105
1850
1538
1170
794
422
48
-325
-695
-1057
-1410
-1759
-2081
-2355
-2613
-2901
-3225
-3523
-3726
-3840
-3903
-3946
-3977
-4003
-4049
-4061
-3991
-3884
-3776
-3668
-3544
-3372
-3142
-2888
-2654
-2458
-2267
-2050
-1784
-1458
-1101
-775
-514
-287
-43
230
503
761
994
1197
1367
1550
1774
1996
2160
2264
2374
2510
2660
2789
2890
2954
2956
2892
2789
2676
2564
2407
2195
1983
1796
1591
1318
992
667
362
64
-254
-547
-768
-946
-1133
-1330
-1496
-1640
-1808
-1982
-2096
-2122
-2121
-2169
-2244
-2279
-2260
-2235
-2218
-2162
-2055
-1950
-1873
-1770
-1620
-1493
-1482
-1593
-1730
-1815
-1835
-1803
-1709
-1578
-1467
-1370
-1196
-891
-515
-177
104
416
825
1283
1700
2049
2327
2519
2642
2787
3024
3314
3543
3663
3738
3848
3985
4053
4019
3924
3802
3656
3503
3373
3260
3102
2859
2563
2300
2098
1891
1637
1368
1132
908
648
345
28
-291
-608
-922
-1183
-1383
-1577
-1799
-2037
-2256
-2447
-2632
-2823
-2971
-3047
-3093
-3154
-3228
-3276
-3283
-3268
-3213
-3078
-2882
-2693
-2531
-2350
-2115
-1862
-1656
-1484
-1276
-1005
-717
-463
-250
-65
72
159
257
415
594
722
785
829
894
964
1012
1058
1117
1184
1250
1303
1350
1384
1395
1358
1309
1288
1269
1224
1141
1050
961
852
720
577
435
295
145
-6
-148
-292
-445
-595
-730
-831
-908
-999
-1102
-1213
-1328
-1434
-1515
-1548
-1537
-1502
-1465
-1408
-1316
-1203
-1094
-999
-897
-782
-654
-506
-354
-234
-186
-262
-424
-593
-708
-756
-747
-704
-665
-635
-580
-463
-294
-124
39
238
523
888
1244
1551
1792
1952
2057
2179
2372
2617
2820
2920
2942
2960
2988
2986
2909
2782
2639
2498
2371
2291
2207
2051
1806
1516
1299
1178
1089
972
831
699
587
479
375
271
140
-32
-196
-316
-391
-492
-667
-884
-1089
-1284
-1486
-1681
-1859
-2026
-2201
-2363
-2493
-2582
-2646
-2694
-2706
-2653
-2548
-2431
-2296
-2138
-1953
-1758
-1551
-1331
-1093
-863
-675
-518
-380
-256
-157
-85
-35
-9
-4
-33
-76
-93
-93
-106
-135
-130
-67
10
73
124
178
234
280
345
444
556
641
667
669
668
663
622
564
526
495
444
361
267
186
94
-34
-174
-282
-328
-378
-438
-508
-580
-654
-716
-701
-625
-513
-419
-344
-251
-125
10
126
218
295
361
414
444
438
353
168
-71
-289
-429
-531
-623
-707
-756
-770
-762
-694
-563
-392
-218
-26
216
503
771
972
1129
1271
1409
1521
1635
1782
1924
2023
2064
2069
2079
2074
2052
2013
1979
1942
1881
1807
1730
1648
1540
1420
1313
1245
1204
1175
1119
1042
939
814
693
581
460
319
175
23
-129
-298
-487
-687
-894
-1093
-1274
-1437
-1587
-1743
-1905
-2048
-2151
-2221
-2275
-2297
-2288
-2232
-2147
-2071
-2001
-1919
-1815
-1699
-1576
-1445
-1309
-1196
-1123
-1069
-1011
-970
-951
-964
-958
-905
-842
-791
-753
-721
-694
-671
-625
-543
-431
-317
-209
-100
15
124
216
301
400
505
616
736
856
963
1034
1061
1049
1032
1020
1008
986
941
882
810
723
616
505
414
338
273
218
205
222
240
234
222
227
256
290
318
360
413
466
492
505
515
506
456
384
310
251
184
85
-39
-159
-277
-415
-556
-666
-737
-774
-782
-757
-700
-642
-596
-559
-491
-382
-262
-156
-46
69
177
261
324
376
440
502
573
647
736
821
869
890
907
936
978
1033
1099
1172
1245
1298
1325
1341
1349
1352
1356
1372
1385
1382
1361
1329
1276
1184
1059
921
792
676
542
393
226
41
-154
-348
-524
-679
-830
-967
-1065
-1130
-1184
-1245
-1325
-1392
-1437
-1467
-1497
-1520
-1531
-1539
-1535
-1530
-1516
-1507
-1512
-1527
-1529
-1507
-1482
-1469
-1471
-1453
-1420
-1382
-1340
-1297
-1242
-1187
-1128
-1045
-935
-828
-739
-663
-566
-458
-347
-238
-149
-70
-11
58
147
236
311
360
404
456
507
544
591
633
675
719
777
862
951
1011
1037
1056
1095
1151
1195
1236
1277
1306
1295
1250
1203
1140
1050
942
840
763
682
542
367
185
18
-132
-268
-364
-412
-427
-442
-453
-442
-414
-400
-385
-340
-247
-135
-46
6
44
63
49
35
43
98
161
211
260
309
350
361
364
378
412
470
534
620
708
762
766
736
713
715
725
750
779
790
773
727
668
604
526
429
345
305
277
234
170
82
-26
-153
-270
-348
-391
-434
-486
-538
-581
-636
-704
-770
-802
-811
-818
-803
-777
-742
-727
-743
-772
-792
-801
-816
-833
-836
-829
-833
-861
-894
-923
-942
-951
-952
-928
-868
-808
-742
-667
-587
-517
-461
-414
-357
-284
-202
-127
-73
-34
-18
-16
-10
8
29
46
67
87
113
134
145
158
177
195
223
258
294
331
346
351
370
403
453
498
547
592
644
682
706
731
745
754
751
747
729
680
599
488
361
242
135
29
-78
-175
-280
-377
-461
-523
-563
-584
-591
-576
-537
-493
-446
-401
-364
-319
-259
-177
-85
1
81
140
183
228
297
378
460
534
609
695
777
841
884
917
954
1001
1055
1116
1175
1206
1206
1191
1168
1150
1125
1092
1057
1029
999
948
878
799
708
606
497
396
301
200
87
-30
-154
-281
-428
-570
-683
-777
-862
-941
-1012
-1069
-1118
-1159
-1189
-1205
-1218
-1230
-1236
-1231
-1222
-1223
-1233
-1260
-1297
-1320
-1330
-1330
-1318
-1303
-1292
-1275
-1251
-1214
-1157
-1086
-1002
-904
-801
-683
-560
-437
-326
-230
-141
-62
23
112
209
300
361
402
438
480
519
555
588
606
614
621
630
646
652
648
633
620
629
643
656
662
661
653
640
627
601
577
545
504
451
384
314
236
154
70
-18
-112
-191
-263
-332
-386
-428
-459
-492
-512
-514
-500
-468
-429
-384
-338
-285
-234
-172
-108
-45
14
59
111
172
240
315
374
430
485
532
584
634
686
736
781
832
881
927
967
993
1015
1036
1061
1087
1102
1120
1135
1136
1133
1116
1087
1044
985
922
857
785
703
613
512
389
269
150
26
-101
-224
-338
-447
-545
-628
-710
-793
-877
-960
-1028
-1083
-1127
-1166
-1199
-1228
-1254
-1284
-1303
-1318
-1333
-1343
-1349
-1337
-1315
-1288
-1268
-1261
-1254
-1254
-1239
-1214
-1163
-1097
-1026
-950
-877
-808
-726
-637
-547
-445
-344
-235
-123
-18
78
154
214
272
331
394
450
499
540
571
589
602
621
633
641
648
657
670
674
674
670
657
639
617
602
591
576
557
535
518
487
458
430
395
354
296
236
178
117
53
-13
-83
-152
-218
-274
-313
-335
-356
-372
-372
-364
-342
-311
-284
-251
-215
-182
-139
-91
-34
18
59
101
148
200
247
287
