58
-371
374
-211
18
107
-157
13
191
-259
36
248
-425
399
-229
17
120
-92
-42
155
-125
5
76
-120
159
-174
84
98
-242
306
-272
87
249
-492
394
-66
-195
213
-44
-187
336
-208
-213
626
-664
343
81
-356
449
-384
278
-236
239
-188
27
257
-454
530
-328
-24
359
-383
229
-53
-18
138
-212
204
-82
31
-42
67
-34
13
44
-118
243
-307
204
44
-315
456
-443
225
126
-490
564
-404
216
-156
-12
173
-326
325
-371
333
-195
-95
223
-234
168
-126
74
-49
61
-37
2
63
-61
47
-46
64
-33
-11
8
-25
73
-220
278
-174
-98
322
-419
310
-63
-181
297
-238
122
42
-82
-36
233
-242
22
276
-402
294
-85
-62
148
-244
271
-287
154
66
-282
344
-192
-46
227
-128
-67
234
-195
0
425
-571
382
129
-459
449
-250
78
103
-220
123
42
1
-202
256
-187
75
133
-290
216
58
-242
70
81
-119
57
-96
37
3
78
-225
90
183
-299
178
-41
-54
127
-87
-89
228
-43
-222
326
-178
148
-91
-71
335
-389
206
1
-84
38
-43
12
-115
245
-314
130
141
-210
94
70
13
-80
138
-169
233
-90
-225
386
-388
184
-27
-103
126
77
-213
46
315
-482
359
-55
-281
468
-378
125
46
-118
23
65
-222
283
-171
-30
152
-213
219
-203
131
28
-167
157
-35
-116
272
-341
243
8
-134
135
31
-128
160
-76
-232
588
-583
176
363
-591
426
37
-436
428
-78
-337
313
22
-384
387
-74
-355
445
-156
-259
395
-202
-115
349
-265
39
246
-271
121
15
-64
58
-59
82
-230
410
-307
-138
551
-527
68
348
-408
64
419
-664
371
217
-671
631
-234
-182
424
-350
46
169
-159
-82
200
-107
-157
320
-382
273
-19
-240
290
-161
42
45
-5
15
134
-244
205
25
-185
149
-125
84
-49
-39
94
-30
-53
108
-73
-27
198
-234
118
-13
-90
148
-223
195
-53
-114
135
79
-176
305
-232
82
239
-466
459
-227
-98
303
-207
-131
465
-457
188
83
-177
233
-199
128
-58
29
-65
40
-7
-73
85
-87
-26
165
-192
48
192
-253
194
-56
-74
150
-182
164
-199
213
-166
10
139
-309
255
-131
-97
139
-19
-171
154
-57
-78
183
-178
83
-42
112
-105
-57
247
-300
235
-71
-63
203
-87
-214
293
-180
-35
296
-479
526
-326
-1
214
-348
362
-360
207
5
-126
186
-114
-32
228
-292
215
120
-359
407
-140
-113
279
-200
-27
307
-419
306
-88
-67
68
-108
117
-123
151
-81
2
33
20
-165
150
-69
-223
436
-457
201
196
-484
453
-189
16
43
-46
144
-218
164
-167
119
-45
-181
156
54
-100
-95
159
-160
-37
133
-209
230
-7
-226
287
-159
28
-144
160
-154
35
171
-327
393
-332
1
329
-394
298
52
-167
176
41
-169
117
63
-126
134
-97
157
-28
-76
17
-1
156
-154
-27
206
57
-91
-169
383
-214
-56
161
-182
289
-175
-99
247
-147
-112
212
-126
-50
200
-200
130
-40
-61
-29
-14
83
-188
236
-125
111
23
-152
180
-45
-86
59
-39
-35
124
-230
28
71
-142
37
-120
239
-91
-45
166
-225
150
21
-246
109
111
-169
21
116
-173
6
71
-252
216
-32
-173
197
-101
4
34
47
-159
146
63
-92
96
15
8
-37
66
-116
84
45
-94
102
-30
21
-44
-5
-37
37
-62
35
45
-34
26
57
-143
46
183
-229
127
54
22
-127
85
106
-280
207
-98
-123
194
-96
-102
198
-180
98
77
-211
238
68
-196
171
29
-60
131
-149
58
185
-226
139
-23
-80
139
-206
-119
369
-295
-44
166
-125
135
-176
27
89
-114
32
29
7
126
-120
21
107
-111
103
-101
35
101
-174
120
-26
-156
184
-245
75
123
-242
227
-189
121
-27
-192
123
-59
-28
35
-56
144
-21
-236
253
-81
-43
47
-44
152
-46
-103
88
-35
-27
-11
14
119
-62
99
20
-88
135
-110
-27
103
-35
100
-46
-25
96
-191
29
28
-78
64
49
-38
-59
122
-162
-72
143
-21
-32
107
73
-205
115
-94
-70
143
-78
84
7
47
-15
-78
67
-70
-25
140
-79
26
70
-19
18
14
69
61
56
-25
78
-19
-14
59
-58
99
64
-38
12
-13
-79
40
-106
30
73
-104
39
-57
16
19
-86
8
31
-41
51
-84
-69
130
-223
86
101
-134
142
-111
-26
83
-195
72
28
-97
56
-28
1
-3
-98
-22
87
-15
37
60
11
38
-43
-24
32
-7
-7
-45
8
-29
-69
-55
30
-15
-64
25
-77
23
-63
-103
-6
-5
-66
-5
28
-53
-33
-100
18
8
-37
-20
4
-9
-40
-33
-13
27
-10
-41
-6
-8
-32
5
-37
6
23
41
-6
42
27
19
42
22
47
55
74
45
91
123
101
108
139
91
127
80
46
100
128
71
100
151
33
126
35
30
122
53
96
151
139
83
80
19
0
83
-5
23
55
31
44
-39
-63
-17
-65
-46
-14
4
-44
-130
-174
-206
-144
-233
-191
-86
-123
-73
-224
-177
-129
-304
-175
-162
-126
-94
-170
-175
-129
-149
-247
-136
-95
-61
-79
-135
-46
-93
-154
-98
-47
14
2
-24
31
14
1
-53
-2
96
63
77
91
114
87
14
8
83
81
80
87
90
113
84
39
81
81
42
105
139
96
120
110
60
85
131
120
117
128
113
109
65
43
50
57
62
59
43
89
83
27
43
72
76
52
70
172
133
109
142
130
139
125
120
163
124
170
141
126
171
97
162
137
166
184
121
185
174
206
265
203
211
180
108
92
108
123
126
139
159
153
96
2
-31
-57
-95
-122
-130
-127
-165
-227
-292
-276
-309
-352
-377
-420
-481
-600
-710
-752
-711
-707
-643
-642
-725
-956
-1354
-1638
-1829
-1930
-1924
-1869
-1729
-1591
-1578
-1566
-1513
-1416
-1258
-1048
-591
-51
396
828
1180
1407
1563
1685
1885
2139
2318
2484
2555
2554
2441
2195
1912
1644
1352
1006
762
543
232
-79
-417
-718
-892
-1036
-1119
-1014
-833
-706
-479
-223
87
456
821
1269
1743
2114
2463
2808
2994
3117
3126
3085
3004
2840
2563
2208
1749
1190
604
75
-418
-858
-1184
-1520
-1747
-1998
-2221
-2365
-2458
-2443
-2276
-2044
-1785
-1552
-1382
-1275
-1229
-1162
-1039
-909
-746
-566
-515
-521
-676
-964
-1209
-1462
-1682
-1866
-2032
-2179
-2350
-2605
-2854
-2902
-2898
-2903
-2790
-2703
-2846
-3264
-3675
-3666
-3327
-3091
-2683
-1989
-1313
-826
-601
-249
383
867
1360
2125
3071
3902
4413
4705
4840
4744
4459
4302
4252
4125
3980
3798
3493
3017
2382
1811
1286
700
196
-76
-157
-144
-196
-195
-98
-97
-92
30
328
761
1164
1563
1987
2297
2494
2602
2676
2696
2651
2518
2288
1980
1593
1163
590
-54
-663
-1220
-1740
-2308
-2814
-3292
-3765
-4243
-4546
-4595
-4414
-4060
-3643
-3063
-2389
-1670
-884
-61
768
1537
2206
2767
3239
3500
3504
3322
2916
2366
1711
992
381
-211
-868
-1424
-1964
-2374
-2625
-2876
-3000
-2944
-2768
-2414
-1948
-1364
-688
-201
131
488
953
1363
1666
2050
2391
2491
2210
1610
1061
518
-213
-856
-1312
-1736
-2199
-2864
-3367
-3468
-3526
-3638
-3623
-3487
-3422
-4081
-5594
-6862
-7254
-6939
-6297
-5582
-4476
-3085
-2258
-1846
-1185
-164
1135
2370
3717
5495
7105
8079
8551
8485
7991
7388
6856
6561
6316
5920
5449
4746
3553
2117
845
-253
-1325
-2295
-2749
-2588
-2324
-2268
-2251
-2109
-1893
-1604
-1012
98
1497
2751
3663
4354
4862
5056
4980
4727
4506
4303
3984
3503
2847
2004
936
-298
-1559
-2590
-3306
-3899
-4508
-4962
-5249
-5491
-5773
-5991
-5791
-5222
-4439
-3461
-2235
-888
208
985
1654
2234
2607
2817
2990
3260
3315
2941
2274
1437
466
-533
-1348
-1965
-2354
-2573
-2625
-2559
-2621
-2793
-2775
-2500
-2074
-1448
-692
89
690
1050
1237
1417
1724
2045
2231
2233
2214
2228
1964
1034
-117
-1133
-2175
-3075
-3579
-3545
-3257
-3389
-3714
-3544
-3256
-3089
-2972
-3590
-5164
-7084
-8181
-7589
-6350
-5568
-4688
-3484
-2555
-2058
-1554
-262
1445
2577
3706
5633
7680
8985
9291
8797
7815
6374
5221
5000
5125
4825
4143
3388
2477
1190
-147
-946
-1423
-2004
-2319
-1785
-684
92
129
39
352
835
1541
2743
4206
5407
5864
5814
5746
5487
4959
4355
3739
3138
2506
1897
1288
333
-1090
-2660
-3887
-4566
-4781
-4661
-4440
-4354
-4504
-4807
-4940
-4796
-4420
-3763
-2803
-1505
-179
743
1213
1368
1324
1269
1338
1573
1841
1856
1549
991
272
-630
-1644
-2566
-3263
-3599
-3530
-3187
-2824
-2744
-2807
-2594
-2050
-1318
-473
393
1206
1825
2223
2606
2896
2783
2264
1661
1378
1392
1265
913
473
-222
-1411
-2649
-3344
-3607
-3940
-4446
-4552
-4093
-3911
-4211
-4131
-3437
-2633
-1994
-1058
488
1218
-357
-3243
-5456
-6129
-5752
-5296
-4659
-3411
-2368
-2001
-1859
-1561
-830
162
1370
3172
5307
7095
8307
8567
7721
6476
5612
5580
5992
6078
5876
5621
4844
3335
1649
419
-191
-738
-1294
-1057
-108
588
556
-11
-435
-403
-76
700
2007
3329
4225
4608
4559
4297
3846
3249
2701
2296
2077
1997
1780
1071
-176
-1742
-3247
-4202
-4453
-4301
-4085
-4074
-4171
-4324
-4671
-4907
-4815
-4462
-3911
-2983
-1555
-66
835
1083
1057
995
1018
1253
1833
2437
2620
2309
1727
1007
-5
-1165
-2136
-2691
-2814
-2624
-2183
-1732
-1698
-2049
-2194
-1857
-1073
-97
802
1607
2194
2461
2482
2216
1703
1203
809
627
757
837
600
89
-594
-1385
-2374
-3357
-3891
-4064
-4126
-4096
-3899
-3541
-3194
-2837
-2219
-1214
-103
490
-379
-3100
-6269
-7852
-7319
-6050
-5381
-4768
-3410
-2144
-1885
-2024
-1395
88
1586
3072
5269
7788
9389
9566
8609
7054
5476
4583
4798
5290
5055
4279
3434
2414
820
-1008
-2073
-2299
-2345
-2177
-1280
208
1184
1016
576
850
1749
2767
3864
5178
6252
6473
5939
5279
4669
3918
3089
2382
1739
1024
284
-503
-1617
-3151
-4590
-5389
-5477
-5097
-4462
-3807
-3441
-3309
-3243
-3227
-3179
-2965
-2197
-854
437
1421
2035
2110
1674
964
593
757
933
929
958
897
418
-655
-2025
-3090
-3722
-4011
-3764
-2962
-1992
-1442
-1442
-1507
-1235
-760
-134
812
1830
2539
2889
3033
2957
2433
1439
566
218
203
277
341
177
-545
-1635
-2463
-2704
-2751
-3119
-3462
-3430
-3254
-3125
-3213
-3246
-2783
-2101
-1265
67
1525
1988
199
-3731
-7302
-8355
-7566
-6564
-5899
-4894
-3373
-2586
-2855
-2818
-1826
-381
1266
3351
6095
8708
9950
9834
8792
7014
5418
4985
5584
6140
5631
4446
3354
1995
38
-1829
-2838
-3044
-2944
-2449
-1111
464
1040
497
-94
215
1401
2903
4505
5967
6764
6728
6209
5525
4722
3775
2830
2098
1552
1054
466
-579
-2297
-4214
-5570
-6017
-5735
-5048
-4203
-3479
-3134
-3047
-2894
-2638
-2411
-2066
-1323
-250
787
1472
1643
1246
447
-294
-629
-562
-242
79
222
9
-632
-1530
-2413
-3086
-3455
-3411
-2832
-1902
-1077
-721
-833
-1039
-1013
-532
432
1577
2454
2881
2906
2694
2275
1593
889
348
-3
-112
-46
71
-25
-651
-1496
-2055
-2407
-2834
-3459
-3934
-3840
-3449
-3174
-2923
-2494
-1881
-1226
-529
519
1655
1502
-1040
-5036
-7960
-8316
-7176
-6256
-5561
-4325
-3005
-2545
-2593
-1996
-586
871
2368
4706
7632
9776
10372
9690
8231
6432
5071
5015
5801
5910
4812
3349
2086
586
-1422
-3123
-3685
-3499
-3127
-2351
-899
568
972
465
308
1118
2550
4116
5562
6715
7174
6804
6088
5357
4587
3789
2988
2219
1522
834
-6
-1237
-2979
-4754
-5819
-5953
-5420
-4585
-3788
-3258
-3035
-2899
-2598
-2277
-2073
-1700
-949
77
1089
1721
1839
1481
777
107
-254
-238
71
195
-113
-604
-1145
-1876
-2807
-3612
-3877
-3571
-2947
-2127
-1274
-761
-753
-916
-747
6
1019
1799
2332
2617
2584
2324
1763
1037
312
-480
-882
-752
-631
-700
-1148
-1835
-2222
-2682
-3389
-3889
-4327
-4543
-4415
-4157
-3370
-2284
-1605
-944
84
1357
2184
831
-2809
-6305
-7838
-7519
-6764
-6411
-5281
-3208
-2177
-2559
-2700
-1584
205
1506
3005
6045
9190
10416
9966
8821
7326
5420
3869
4032
5120
5167
4183
3151
2083
288
-2028
-3307
-3108
-2747
-2460
-1316
557
1782
1423
619
1076
2529
3896
5176
6600
7643
7525
6300
5022
4216
3449
2598
1878
1298
745
108
-796
-2146
-3866
-5376
-5947
-5483
-4480
-3391
-2450
-1885
-1809
-2101
-2383
-2356
-2005
-1442
-650
373
1276
1620
1391
861
268
-298
-651
-482
18
160
-333
-1040
-1701
-2468
-3340
-3800
-3490
-2849
-2270
-1617
-927
-582
-685
-839
-549
129
773
1349
1869
2149
2018
1463
735
44
-667
-1203
-1138
-626
-335
-701
-1416
-1868
-2258
-3087
-4048
-4591
-4715
-4747
-4621
-3898
-2669
-1609
-824
187
1487
2034
423
-3214
-6672
-7939
-7227
-6152
-5421
-4335
-2912
-2439
-3089
-3416
-2425
-606
1183
3299
6316
9255
10679
10409
9077
7270
5537
4670
5244
6394
6648
5717
4169
2298
137
-1958
-3071
-2839
-2132
-1599
-915
117
814
533
-63
321
1769
3457
5046
6519
7464
7279
6103
4834
4034
3564
3154
2657
1984
1104
43
-1178
-2642
-4245
-5441
-5837
-5646
-5161
-4461
-3574
-2794
-2634
-2846
-2635
-1922
-1199
-616
31
745
895
84
-808
-984
-881
-963
-999
-579
6
-46
-600
-734
-664
-1063
-1574
-1664
-1262
-1010
-1320
-1583
-1523
-1617
-1828
-1772
-1213
-274
399
691
1186
1798
2048
1923
1577
1286
1030
568
388
575
344
-141
-443
-914
-1796
-3212
-4643
-5100
-5088
-5250
-4962
-4243
-3370
-2295
-1366
-320
1001
1295
-373
-3722
-7132
-8179
-7054
-6065
-5580
-4576
-3083
-2268
-2823
-3371
-2336
-512
1120
3267
6342
9356
10852
10407
8988
7316
5564
4566
5012
6105
6396
5386
3797
2196
215
-2063
-3460
-3432
-2724
-2068
-1267
-139
452
-106
-799
-203
1599
3595
5367
6950
7905
7639
6436
5230
4495
4054
3749
3492
2981
2035
759
-724
-2406
-4191
-5595
-6123
-5981
-5585
-4946
-4140
-3513
-3279
-3286
-3071
-2409
-1604
-828
30
850
1454
1779
1911
2069
2131
1827
1397
1061
749
410
-44
-593
-1219
-2043
-2842
-3267
-3420
-3415
-3325
-3264
-3098
-2826
-2478
-1791
-859
-33
679
1260
1913
2706
2909
2428
1832
1282
898
675
651
1018
943
-239
-1542
-2354
-3005
-3820
-5051
-6020
-6154
-6151
-6007
-5269
-4168
-2804
-1541
-434
1040
1663
-265
-3949
-7067
-7752
-6601
-5710
-4931
-3131
-1382
-1281
-2612
-3466
-2536
-866
623
2912
6282
9226
10388
9769
8280
6531
4797
4009
4826
6253
6860
6238
4837
3088
1014
-961
-1978
-1847
-1248
-710
-68
707
956
335
-439
-455
567
2192
4041
5852
6915
6825
6001
5074
4366
3843
3496
3376
3195
2715
2038
1080
-445
-2480
-4406
-5460
-5520
-5144
-4503
-3487
-2678
-2815
-3704
-4302
-3996
-3660
-4181
-4522
-3617
-2165
-1075
-229
981
2124
1999
1297
1674
2675
2945
2396
1892
1935
1617
262
-1063
-1642
-2131
-3004
-3944
-4116
-3469
-3113
-3239
-2992
-2272
-1468
-656
411
1630
2261
1968
1401
1282
1494
1592
1576
1510
1250
576
-692
-2057
-2945
-3628
-4357
-4986
-5183
-4669
-4031
-3719
-3111
-1878
-537
-330
-2566
-6295
-9012
-9547
-8478
-7117
-5611
-3127
-729
-205
-1075
-1646
-994
387
1751
3921
7334
10334
11564
10983
9234
7172
5114
3546
3250
3859
4415
4484
3768
2268
279
-1722
-2968
-3357
-3318
-2668
-1182
447
1291
1253
1146
1467
1898
2367
3382
5124
6945
7948
7897
7122
5887
4407
3063
2284
2097
2033
1787
1228
61
-1714
-3667
-5281
-6267
-6605
-6123
-4801
-3432
-2959
-3559
-4658
-5423
-5414
-4566
-2800
-406
1854
3381
4027
4069
3789
3254
2720
2492
2572
2736
2559
1692
169
-1774
-3696
-5053
-5545
-5147
-4263
-3502
-3204
-3370
-3651
-3627
-3113
-2164
-908
425
1644
2630
3133
2977
2309
1588
1321
1472
1695
1779
1604
872
-671
-2586
-4150
-5268
-6182
-6802
-6834
-6171
-5395
-4805
-3951
-2809
-1816
-1719
-3235
-5705
-7642
-8133
-7182
-5824
-4466
-2413
-215
843
641
135
607
1988
3215
4588
6680
8840
10120
9851
8346
6676
5091
3634
2755
2504
2780
3192
3093
2480
1606
674
-3
-643
-1395
-1681
-1027
410
1855
2692
3205
3554
3320
2559
2098
2670
3994
5214
5971
6301
6090
5151
3608
2041
956
445
350
377
225
-219
-1047
-2289
-3663
-4692
-4957
-4508
-3933
-3610
-3634
-4031
-4581
-5002
-4872
-3974
-2590
-1054
493
1834
2803
3272
3224
2953
2630
2391
2339
2300
2102
1550
499
-783
-2077
-3163
-3739
-3740
-3287
-2766
-2630
-2829
-3024
-3110
-2991
-2656
-2097
-1186
-120
779
1433
1784
1871
1748
1341
863
739
849
748
166
-884
-2100
-3303
-4534
-5429
-5579
-5142
-4307
-3385
-2497
-1883
-2588
-5027
-8103
-10259
-10644
-9592
-7913
-5546
-2625
-410
326
35
-165
428
1467
2771
4907
7743
10320
11748
11655
10488
8809
6884
5184
4092
3544
3502
3751
3795
3265
2108
657
-823
-2504
-4086
-4679
-3897
-2295
-696
612
1712
2448
2479
2023
1925
2656
3826
5006
6149
7226
7837
7423
6113
4537
3068
1891
1170
793
535
198
-367
-1133
-2209
-3684
-5235
-6504
-7322
-7525
-7157
-6436
-5590
-4878
-4201
-3367
-2491
-1640
-544
728
2022
3188
4012
4619
4868
4586
3939
3203
2454
1732
1005
225
-610
-1562
-2456
-3116
-3617
-4028
-4335
-4429
-4281
-3941
-3517
-3053
-2578
-2149
-1658
-1000
-211
567
1257
1840
2302
2516
2424
2169
1663
708
-579
-1817
-2727
-3366
-3871
-4037
-3639
-2922
-2344
-2528
-3984
-6494
-9161
-10954
-11436
-10900
-9494
-7114
-4297
-2136
-1134
-795
-288
565
1454
2709
4882
7678
10203
11760
12237
11949
10892
9047
6944
5216
4154
3773
3755
3808
3686
3124
1946
94
-2142
-4153
-5207
-5151
-4226
-2797
-1190
385
1453
1622
1235
1036
1433
2317
3449
4783
6220
7317
7617
7226
6534
5646
4527
3203
1872
919
460
270
76
-421
-1335
-2579
-4109
-5675
-6895
-7555
-7545
-6967
-5997
-4765
-3554
-2600
-2002
-1787
-1651
-1238
-421
741
1983
3073
3884
4148
3792
3043
2113
1222
491
-28
-206
-163
-237
-594
-1272
-2192
-3090
-3792
-4177
-4169
-3834
-3291
-2656
-2097
-1618
-1188
-880
-651
-363
-23
308
565
650
564
259
-267
-895
-1544
-2121
-2463
-2446
-2092
-1590
-1227
-1363
-2395
-4460
-6987
-9083
-10199
-10347
-9652
-8033
-5752
-3656
-2445
-1995
-1637
-1064
-382
532
2066
4305
6762
8826
10245
10999
11036
10326
8986
7389
6036
5285
5211
5548
5853
5874
5424
4273
2322
-178
-2506
-3961
-4435
-4085
-3078
-1704
-462
73
-177
-702
-1032
-1002
-572
292
1600
3083
4365
5303
5879
6035
5691
4854
3718
2658
2002
1851
1981
2019
1717
1036
-36
-1584
-3477
-5275
-6469
-6799
-6319
-5184
-3652
-2232
-1446
-1426
-1840
-2218
-2356
-2184
-1569
-523
657
1591
2082
2136
1819
1209
492
-63
-285
-178
164
502
612
474
144
-393
-1147
-2036
-2781
-3127
-3170
-3003
-2565
-1918
-1277
-941
-929
-1018
-1299
-1855
-2331
-2444
-2255
-2006
-1863
-1666
-1400
-1321
-1262
-966
-533
-231
-508
-1639
-3412
-5486
-7329
-8468
-8915
-8678
-7689
-6237
-4812
-3815
-3277
-2763
-2106
-1495
-797
401
2254
4436
6369
7837
8980
9699
9714
9076
8179
7383
6856
6624
6688
7034
7439
7520
6955
5556
3492
1331
-435
-1654
-2264
-2234
-1607
-722
-193
-242
-596
-1014
-1457
-1912
-2120
-1663
-583
713
1964
3060
3918
4326
4055
3271
2350
1524
986
769
819
1080
1285
1170
601
-452
-1766
-2976
-3835
-4150
-3853
-3099
-2158
-1336
-867
-803
-1059
-1517
-2004
-2363
-2447
-2188
-1681
-1168
-778
-524
-441
-514
-698
-898
-1007
-1066
-1108
-1051
-782
-363
-19
84
-56
-304
-606
-954
-1227
-1232
-904
-439
-94
97
181
36
-445
-1127
-1666
-1885
-1959
-2076
-2135
-1979
-1607
-1163
-733
-273
60
-221
-1456
-3432
-5556
-7246
-8295
-8705
-8346
-7179
-5606
-4254
-3494
-3170
-2876
-2474
-2025
-1403
-308
1366
3357
5240
6782
7964
8716
8874
8390
7509
6623
6038
5861
6072
6593
7211
7582
7341
6316
4669
2794
1085
-231
-1054
-1305
-1038
-537
-180
-138
-320
-597
-1009
-1568
-2052
-2159
-1790
-1049
-22
1234
2547
3536
3885
3628
3050
2402
1793
1296
1039
1107
1366
1514
1270
554
-541
-1856
-3144
-4073
-4360
-3949
-3071
-2092
-1267
-718
-499
-562
-794
-1091
-1304
-1310
-1059
-600
-120
241
448
450
175
-341
-924
-1397
-1705
-1865
-1829
-1547
-1109
-746
-600
-643
-849
-1202
-1596
-1788
-1575
-1047
-454
46
363
395
41
-644
-1413
-2036
-2436
-2655
-2720
-2530
-2034
-1349
-660
-160
45
-242
-1380
-3328
-5518
-7286
-8330
-8740
-8493
-7428
-5836
-4415
-3600
-3264
-2982
-2585
-2156
-1545
-399
1342
3377
5298
6895
8132
8897
9016
8500
7629
6826
6360
6222
6325
6640
7069
7357
7157
6245
4731
2962
1276
-142
-1154
-1555
-1323
-767
-300
-135
-243
-535
-1034
-1713
-2274
-2329
-1787
-835
332
1582
2769
3660
4020
3827
3269
2581
1954
1486
1213
1194
1368
1474
1218
485
-571
-1676
-2618
-3253
-3454
-3172
-2544
-1825
-1238
-845
-683
-774
-1092
-1428
-1638
-1631
-1392
-1064
-653
-282
-47
1
-182
-565
-1003
-1389
-1672
-1809
-1763
-1525
-1195
-943
-852
-884
-998
-1183
-1363
-1370
-1111
-725
-375
-7
390
572
285
-399
-1167
-1832
-2436
-2942
-3130
-2876
-2301
-1612
-875
-149
312
71
-1116
-3043
-5189
-6996
-8178
-8687
-8460
-7464
-5954
-4486
-3538
-3095
-2810
-2520
-2234
-1764
-714
1072
3256
5308
6982
8287
9115
9241
8641
7628
6671
6056
5827
5968
6440
7046
7426
7168
6116
4466
2638
933
-496
-1438
-1733
-1401
-807
-370
-243
-355
-638
-1139
-1843
-2452
-2581
-2133
-1236
-37
1367
2807
3937
4421
4238
3624
2824
2018
1363
1050
1209
1711
2147
2086
1337
11
-1611
-3202
-4426
-4961
-4650
-3669
-2453
-1416
-771
-556
-724
-1184
-1708
-1989
-1841
-1303
-528
299
1007
1414
1377
923
240
-467
-1057
-1453
-1614
-1524
-1204
-805
-543
-553
-825
-1232
-1644
-1944
-1989
-1691
-1171
-641
-207
90
164
-79
-570
-1081
-1526
-1983
-2431
-2675
-2530
-2054
-1381
-565
293
770
274
-1404
-3803
-6192
-8078
-9267
-9636
-8991
-7456
-5658
-4297
-3574
-3213
-2929
-2667
-2351
-1639
-204
1873
4168
6322
8162
9547
10208
9949
8926
7604
6454
5720
5435
5565
6043
6601
6769
6135
4669
2710
655
-1230
-2677
-3373
-3179
-2364
-1446
-785
-432
-323
-496
-974
-1536
-1790
-1464
-574
714
2271
3944
5394
6200
6151
5407
4330
3216
2231
1534
1252
1338
1463
1253
540
-584
-1990
-3481
-4703
-5299
-5070
-4173
-2934
-1678
-654
-55
39
-247
-687
-1061
-1196
-964
-352
458
1215
1728
1876
1585
895
-3
-860
-1539
-2023
-2253
-2189
-1905
-1629
-1580
-1762
-2067
-2432
-2747
-2868
-2659
-2101
-1353
-611
-53
171
89
-171
-542
-988
-1504
-2014
-2319
-2304
-1976
-1399
-686
24
357
-296
-2194
-4851
-7378
-9160
-10137
-10301
-9413
-7566
-5509
-4048
-3321
-2842
-2291
-1795
-1319
-396
1366
3768
6198
8246
9862
10950
11235
10581
9266
7806
6583
5715
5212
5099
5305
5528
5295
4235
2384
183
-1866
-3494
-4519
-4709
-3991
-2710
-1493
-704
-241
39
56
-208
-439
-181
693
1921
3290
4745
6115
7022
7117
6435
5316
4052
2822
1764
991
529
223
-182
-878
-1966
-3406
-4998
-6388
-7154
-7043
-6119
-4679
-3094
-1668
-562
139
492
624
678
819
1140
1648
2238
2737
2976
2854
2329
1490
526
-371
-1071
-1568
-1903
-2100
-2219
-2301
-2403
-2586
-2850
-3124
-3270
-3146
-2732
-2053
-1188
-349
225
374
179
-147
-490
-857
-1263
-1593
-1693
-1601
-1478
-1272
-722
96
428
-621
-3063
-5961
-8409
-10182
-11313
-11393
-10022
-7709
-5637
-4417
-3614
-2686
-1788
-1215
-557
953
3405
6081
8336
10100
11432
12054
11665
10446
8957
7621
6497
5540
4805
4394
4209
3845
2834
1042
-1184
-3331
-5070
-6207
-6471
-5666
-4085
-2446
-1265
-469
219
802
1161
1493
2231
3500
4957
6250
7317
8154
8513
8103
7008
5632
4289
2985
1664
483
-440
-1244
-2198
-3359
-4560
-5702
-6813
-7775
-8201
-7746
-6484
-4803
-3037
-1340
96
1046
1507
1779
2185
2737
3259
3672
4011
4187
3942
3135
1942
696
-389
-1228
-1759
-1981
-2059
-2277
-2766
-3368
-3852
-4124
-4224
-4109
-3643
-2804
-1776
-786
90
861
1472
1762
1649
1229
715
183
-501
-1368
-2114
-2391
-2317
-2326
-2409
-2023
-1081
-650
-1962
-4833
-7813
-9883
-11245
-12130
-11837
-9754
-6772
-4564
-3612
-2935
-1812
-632
114
1073
3227
6318
9209
11198
12436
13060
12707
11177
9024
7114
5813
4875
4025
3268
2712
2169
1180
-584
-2920
-5179
-6785
-7553
-7425
-6220
-3990
-1463
383
1268
1762
2403
3129
3772
4652
6128
7883
9159
9632
9523
8946
7699
5833
3892
2369
1280
443
-208
-856
-1979
-3862
-6131
-8098
-9426
-10125
-10093
-9091
-7194
-4899
-2683
-725
923
2116
2814
3302
3950
4834
5707
6295
6473
6136
5139
3511
1543
-384
-2061
-3376
-4212
-4458
-4307
-4020
-3906
-4151
-4550
-4872
-4883
-4485
-3657
-2505
-1213
60
1213
2144
2767
3111
3249
3117
2552
1615
624
-246
-1130
-2048
-2712
-3002
-3217
-3501
-3461
-2977
-3044
-4825
-7954
-10719
-12063
-12444
-12352
-11159
-8379
-5115
-2986
-2088
-1147
384
1770
2662
3926
6360
9354
11675
12905
13340
12989
11505
9069
6562
4729
3568
2644
1695
760
-52
-843
-1919
-3505
-5377
-6867
-7438
-7070
-5920
-3923
-1169
1582
3379
4137
4651
5466
6351
7040
7848
9024
10109
10399
9821
8765
7165
4726
1784
-720
-2264
-3160
-3807
-4183
-4322
-4725
-5779
-7080
-7894
-8030
-7823
-7321
-6109
-4013
-1527
693
2432
3748
4585
4832
4714
4694
4953
5173
4923
4165
3144
1985
586
-1064
-2727
-4153
-5254
-5944
-6046
-5532
-4710
-4000
-3532
-3120
-2582
-1878
-1040
-112
811
1634
2364
3050
3664
4108
4333
4306
3905
3013
1663
55
-1625
-3211
-4461
-5155
-5360
-5348
-5181
-4654
-3963
-4076
-5879
-8889
-11477
-12511
-12264
-11317
-9453
-6351
-2883
-601
169
580
1575
2831
3868
5227
7667
10711
12929
13505
12760
11219
8933
6023
3219
1366
563
198
-313
-1060
-1873
-2727
-3823
-5246
-6606
-7194
-6555
-4875
-2635
-50
2700
4980
6053
6039
5950
6496
7415
8234
9033
9929
10372
9673
7902
5650
3164
419
-2161
-3829
-4406
-4448
-4476
-4559
-4708
-5140
-5839
-6309
-6170
-5539
-4705
-3602
-1978
47
1999
3495
4446
4879
4862
4568
4266
4077
3888
3480
2714
1584
198
-1287
-2718
-4054
-5224
-5998
-6186
-5810
-5067
-4111
-3051
-2080
-1351
-771
-75
849
1817
2593
3122
3489
3740
3795
3573
3083
2464
1848
1198
397
-564
-1574
-2650
-3983
-5502
-6693
-7138
-7033
-6728
-5969
-4443
-3037
-3484
-6180
-9322
-10977
-11175
-10890
-9840
-6982
-2868
316
1487
1798
2501
3197
3218
3439
5243
8332
10979
12124
12039
11051
8939
5849
2825
857
-13
-346
-538
-671
-795
-1052
-1663
-2799
-4229
-5175
-4925
-3518
-1508
797
3296
5446
6386
6055
5424
5305
5621
6054
6760
7828
8611
8269
6728
4560
2163
-334
-2513
-3711
-3763
-3236
-2874
-2978
-3393
-3948
-4606
-5245
-5540
-5165
-4196
-3049
-1869
-417
1285
2682
3291
3369
3543
3850
3877
3572
3297
3079
2398
997
-551
-1618
-2367
-3279
-4268
-4732
-4503
-4086
-3766
-3211
-2224
-1227
-633
-183
665
1770
2479
2580
2434
2342
2209
1939
1777
1856
1858
1452
764
115
-496
-1422
-2801
-4295
-5488
-6200
-6444
-6368
-6015
-5257
-3848
-2222
-1762
-3433
-6560
-9285
-10581
-10826
-10343
-8457
-4961
-1430
360
583
764
1465
1966
2196
3362
6059
9139
11092
11597
11106
9678
7218
4382
2250
1259
997
907
733
395
-162
-947
-1976
-3225
-4293
-4478
-3450
-1621
418
2458
4323
5432
5324
4533
4154
4606
5434
6255
7129
7880
7821
6562
4508
2276
99
-1826
-2995
-3082
-2488
-1966
-1922
-2357
-3175
-4220
-5045
-5112
-4268
-2897
-1520
-424
372
852
944
725
561
783
1372
1928
2173
2124
1702
788
-534
-1784
-2474
-2587
-2506
-2482
-2453
-2335
-2252
-2266
-2122
-1503
-486
528
1326
2051
2772
3210
3078
2490
1811
1223
708
329
205
275
290
91
-304
-887
-1692
-2657
-3614
-4439
-5086
-5428
-5303
-4785
-4181
-3575
-2570
-945
402
-127
-3025
-6732
-9192
-9970
-9914
-9179
-7007
-3708
-1194
-699
-1170
-983
-164
404
1081
3130
6484
9438
10650
10299
9042
6996
4308
1825
436
169
400
618
691
616
344
-184
-1020
-1906
-2144
-1108
999
3316
5233
6660
7412
7060
5788
4644
4494
5084
5600
5733
5606
5060
3684
1533
-787
-2720
-4005
-4426
-3852
-2638
-1517
-971
-970
-1289
-1762
-2108
-1944
-1172
-172
560
869
899
742
288
-504
-1345
-1804
-1752
-1443
-1173
-1042
-1091
-1435
-2038
-2570
-2664
-2299
-1752
-1246
-780
-302
114
402
672
1119
1718
2210
2417
2407
2274
1927
1298
584
84
-172
-409
-716
-880
-769
-634
-790
-1086
-1101
-808
-685
-1004
-1443
-1718
-2020
-2588
-3153
-3306
-3130
-2872
-2227
-676
1190
1477
-1126
-5539
-9282
-11055
-11399
-10898
-9008
-5640
-2514
-1358
-1674
-1626
-702
69
591
2298
5697
9167
10851
10565
9166
6924
3867
925
-742
-1001
-667
-421
-298
-240
-435
-915
-1450
-1713
-1253
267
2710
5403
7577
8923
9317
8578
7043
5698
5310
5615
5766
5455
4868
3767
1712
-1014
-3448
-4888
-5379
-5112
-4047
-2423
-970
-277
-314
-612
-745
-561
60
1135
2346
2959
2239
323
-1902
-3752
-5126
-5892
-5632
-4328
-2814
-1922
-1602
-1409
-1322
-1487
-1533
-808
727
2258
3027
2995
2497
1672
536
-449
-639
-13
743
1094
1094
895
419
-310
-830
-744
-186
492
1062
1532
1795
1649
1111
419
-121
-398
-452
-428
-490
-862
-1648
-2730
-3902
-4766
-4972
-4506
-3679
-2595
-861
1280
2024
-463
-5353
-9497
-10931
-10653
-10131
-8724
-5618
-2349
-1233
-2004
-2290
-1296
-314
304
2084
5654
9150
10511
9686
7774
5259
2349
-100
-1233
-1120
-572
-108
107
-42
-402
-571
-403
-30
806
2668
5402
7792
8868
8946
8663
8028
6895
5822
5530
5686
5336
4163
2593
843
-1242
-3427
-4982
-5421
-4902
-3707
-2119
-705
-63
-186
-462
-495
-323
77
896
1939
2518
2145
912
-856
-2889
-4761
-5818
-5687
-4658
-3407
-2429
-1866
-1692
-1786
-1881
-1606
-732
591
1935
2918
3344
3162
2404
1270
161
-464
-387
155
649
701
286
-418
-1178
-1725
-1692
-919
215
1188
1836
2223
2268
1864
1235
705
311
-16
-166
-100
-109
-514
-1309
-2315
-3461
-4608
-5376
-5412
-4725
-3617
-2333
-846
849
2038
1274
-2161
-6766
-9867
-10388
-9557
-8518
-6780
-4000
-1711
-1583
-2830
-3199
-2039
-501
982
3372
6788
9469
9815
8203
5985
3742
1441
-473
-1202
-613
554
1422
1587
1249
883
773
860
1240
2462
4765
7312
8876
9205
8927
8260
6819
4786
3215
2733
2754
2423
1661
731
-494
-2187
-3824
-4520
-4037
-2882
-1652
-621
122
548
737
807
865
1042
1429
1903
2184
2002
1051
-1004
-3968
-6744
-8101
-7825
-6681
-5304
-3877
-2607
-1826
-1428
-780
438
1912
3210
4280
5153
5475
4849
3326
1433
-311
-1646
-2379
-2434
-2066
-1858
-2155
-2663
-2842
-2390
-1357
111
1781
3214
4057
4232
3870
3066
1965
914
175
-266
-564
-674
-589
-716
-1483
-2762
-3918
-4592
-4939
-4974
-4424
-3235
-1986
-1177
-542
293
738
-583
-4019
-7855
-9849
-9601
-8562
-7665
-6351
-4317
-2809
-2975
-3807
-3413
-1566
463
2233
4583
7540
9592
9436
7507
5193
3260
1703
453
-148
172
1006
1478
1064
274
-4
408
1082
1938
3511
5871
7999
8807
8402
7670
6949
5867
4475
3589
3588
3760
3271
2154
910
-397
-1915
-3268
-3774
-3232
-2127
-1073
-334
100
260
170
-104
-351
-313
67
610
1026
1025
346
-1121
-3028
-4646
-5491
-5617
-5265
-4550
-3570
-2631
-1948
-1392
-734
-8
740
1623
2603
3411
3707
3422
2598
1331
-105
-1311
-2069
-2462
-2591
-2432
-2081
-1752
-1431
-856
32
924
1599
2264
3087
3756
3913
3583
3019
2266
1266
318
-257
-604
-1163
-2011
-2704
-3008
-3126
-3263
-3403
-3542
-3822
-4099
-4065
-3680
-3141
-2580
-1886
-1013
-43
553
-283
-3104
-6693
-8770
-8658
-7875
-7415
-6417
-4291
-2530
-2523
-3083
-2205
19
2004
3512
5621
8155
9409
8443
6236
4106
2310
793
-38
174
1008
1599
1509
878
276
276
939
1885
2992
4711
6949
8541
8574
7649
6985
6535
5503
4163
3636
4022
3989
2763
1026
-427
-1728
-3179
-4227
-4225
-3388
-2430
-1679
-992
-356
26
77
-28
23
471
1289
2107
2422
1959
728
-1058
-2903
-4198
-4724
-4894
-5108
-5188
-4806
-4060
-3321
-2629
-1723
-567
667
1833
2896
3678
3825
3205
2065
927
107
-436
-851
-1212
-1499
-1781
-2041
-2124
-1910
-1360
-489
684
1923
2980
3789
4209
3994
3115
2053
1189
406
-413
-1049
-1367
-1802
-2648
-3462
-3749
-3677
-3756
-3929
-3888
-3695
-3606
-3617
-3427
-2946
-2250
-1412
-501
511
1441
1524
-313
-3877
-7062
-8050
-7435
-6972
-6701
-5375
-3373
-2629
-3501
-3946
-2589
-534
1045
2823
5605
8232
8844
7393
5367
3854
2871
2222
2044
2377
2952
3253
2795
1667
646
512
1101
1832
2862
4717
6873
7869
7312
6399
6029
5683
4805
4104
4279
4555
3699
1792
-40
-1337
-2444
-3370
-3517
-2653
-1462
-722
-541
-570
-569
-514
-312
245
1203
2194
2679
2407
1429
-24
-1700
-3283
-4376
-4686
-4251
-3586
-3274
-3414
-3644
-3655
-3470
-3044
-2160
-789
688
1785
2328
2405
2125
1517
715
77
-154
-133
-223
-510
-823
-1140
-1553
-1939
-1977
-1525
-757
67
775
1278
1515
1465
1166
805
633
661
603
230
-331
-869
-1435
-2153
-2821
-3046
-2808
-2534
-2494
-2456
-2213
-2062
-2294
-2586
-2473
-2061
-1660
-1105
-177
728
1107
957
124
-1980
-5026
-7194
-7324
-6582
-6444
-6304
-4976
-3274
-2866
-3282
-2503
-113
2381
4098
5700
7476
8437
7851
6379
5179
4606
4262
3729
2994
2385
2043
1622
720
-287
-464
401
1536
2388
3404
4908
6081
6058
5346
5168
5564
5445
4496
3677
3617
3567
2688
1364
395
-312
-1330
-2374
-2589
-1924
-1257
-1150
-1259
-1139
-862
-712
-671
-494
-80
367
521
275
-231
-936
-1988
-3266
-4193
-4352
-3995
-3663
-3476
-3268
-3015
-2831
-2646
-2231
-1444
-422
592
1414
1950
2191
1994
1240
243
-420
-630
-719
-876
-861
-683
-790
-1261
-1567
-1280
-650
-5
779
1768
2569
2753
2490
2188
1866
1338
661
149
-104
-311
-626
-1015
-1408
-1854
-2335
-2660
-2661
-2369
-1945
-1586
-1510
-1834
-2357
-2712
-2826
-2909
-2916
-2506
-1719
-1036
-634
-386
-757
-2561
-5285
-6933
-6464
-5175
-4515
-3893
-2246
-546
-527
-1655
-1739
-254
1275
2160
3395
5274
6458
6080
4983
4145
3491
2818
2495
2741
3232
3666
3831
3315
2172
1391
1685
2406
2784
3329
4660
5849
5664
4688
4371
4618
4199
3213
3033
3903
4479
3964
3078
2460
1664
326
-855
-1120
-791
-683
-992
-1360
-1661
-2068
-2592
-3003
-3120
-2910
-2398
-1741
-1215
-976
-1023
-1404
-2115
-2760
-2817
-2378
-2121
-2354
-2701
-2936
-3414
-4225
-4661
-4159
-3140
-2313
-1698
-981
-341
-156
-257
-161
212
634
1120
1767
2280
2222
1600
804
149
-188
-55
465
939
1028
869
728
547
225
-53
-79
55
193
424
798
1007
726
108
-385
-611
-807
-1084
-1249
-1223
-1225
-1429
-1685
-1846
-2101
-2649
-3214
-3251
-2676
-1959
-1474
-1132
-731
-385
-470
-1202
-2369
-3454
-4031
-4115
-4025
-3763
-3038
-2030
-1560
-1995
-2444
-1855
-571
260
522
1206
2647
3939
4367
4356
4481
4461
3894
3208
3193
3936
4743
5002
4715
4264
3919
3670
3393
3189
3318
3792
4284
4535
4617
4634
4370
3636
2758
2341
2576
3062
3277
3077
2594
1905
1071
221
-422
-759
-927
-1101
-1236
-1241
-1256
-1526
-2027
-2449
-2564
-2494
-2480
-2561
-2700
-2955
-3421
-3973
-4307
-4293
-4109
-3944
-3829
-3764
-3741
-3700
-3602
-3430
-3178
-2851
-2502
-2190
-1898
-1603
-1397
-1349
-1311
-1097
-736
-429
-291
-288
-306
-241
-64
233
604
948
1197
1372
1550
1797
2062
2252
2362
2476
2639
2795
2874
2854
2710
2404
1976
1552
1247
1080
968
835
702
611
516
349
96
-130
-253
-309
-468
-841
-1320
-1828
-2304
-2705
-2911
-2844
-2640
-2485
-2393
-2342
-2486
-2940
-3536
-3969
-4073
-3827
-3271
-2665
-2425
-2639
-2923
-2902
-2658
-2379
-1976
-1319
-569
72
665
1281
1730
1851
1870
2157
2772
3505
4202
4785
5169
5326
5364
5415
5503
5570
5533
5344
5080
4878
4769
4628
4346
3991
3692
3500
3420
3465
3623
3760
3711
3426
3018
2625
2288
1953
1556
1081
555
-11
-613
-1228
-1838
-2450
-3083
-3655
-4037
-4193
-4228
-4245
-4276
-4350
-4492
-4694
-4871
-4973
-5047
-5133
-5180
-5148
-5056
-4931
-4742
-4500
-4258
-4040
-3785
-3421
-2990
-2557
-2142
-1731
-1317
-871
-351
231
753
1096
1257
1342
1435
1555
1693
1874
2098
2288
2382
2417
2460
2479
2437
2433
2632
3032
3422
3646
3721
3695
3504
3100
2590
2152
1845
1595
1352
1080
688
107
-568
-1165
-1621
-1943
-2135
-2211
-2226
-2185
-2058
-1896
-1838
-1928
-2056
-2089
-2012
-1944
-2040
-2378
-2890
-3429
-3864
-4110
-4166
-4155
-4169
-4086
-3699
-3043
-2387
-1901
-1517
-1114
-633
-3
802
1623
2228
2588
2866
3162
3458
3733
3997
4215
4348
4456
4623
4829
4994
5087
5132
5170
5257
5422
5610
5697
5638
5507
5318
5017
4603
4185
3782
3268
2607
1926
1349
824
298
-143
-454
-720
-1058
-1436
-1742
-1951
-2118
-2319
-2572
-2896
-3275
-3644
-3942
-4219
-4617
-5134
-5589
-5813
-5816
-5733
-5643
-5603
-5632
-5658
-5543
-5234
-4847
-4508
-4208
-3840
-3327
-2768
-2258
-1831
-1531
-1293
-1018
-631
-185
219
527
762
947
1126
1386
1749
2114
2372
2581
2892
3348
3818
4161
4364
4489
4541
4481
4351
4240
4137
3973
3736
3502
3311
3103
2797
2409
2048
1769
1485
1120
744
464
269
82
-131
-398
-806
-1422
-2156
-2798
-3231
-3490
-3648
-3738
-3797
-3842
-3850
-3849
-3931
-4123
-4325
-4411
-4343
-4138
-3830
-3552
-3469
-3532
-3481
-3145
-2637
-2186
-1838
-1492
-1102
-667
-166
403
946
1415
1850
2342
2927
3524
4070
4469
4699
4865
5062
5268
5429
5558
5660
5665
5530
5340
5154
4919
4593
4286
4100
3978
3843
3754
3747
3658
3331
2843
2381
1994
1623
1245
874
466
-48
-619
-1170
-1687
-2225
-2780
-3283
-3710
-4041
-4260
-4389
-4531
-4739
-4954
-5102
-5158
-5157
-5128
-5114
-5116
-5109
-5052
-4925
-4784
-4686
-4615
-4442
-4113
-3669
-3196
-2741
-2335
-1968
-1558
-1058
-479
96
598
1007
1357
1684
1990
2246
2410
2497
2616
2820
3091
3371
3578
3730
3840
3893
3925
3971
4018
4012
3950
3895
3842
3717
3447
3094
2745
2412
2073
1731
1399
1026
595
145
-280
-678
-1045
-1361
-1645
-1877
-2039
-2159
-2325
-2554
-2742
-2819
-2842
-2883
-2914
-2938
-3018
-3153
-3268
-3369
-3559
-3846
-4083
-4168
-4098
-3906
-3642
-3396
-3187
-2903
-2465
-1978
-1568
-1176
-698
-162
369
909
1453
1902
2188
2400
2673
3012
3358
3703
4046
4354
4596
4780
4921
4996
4999
4975
4957
4953
4940
4872
4694
4418
4105
3789
3448
3091
2780
2528
2262
1948
1608
1217
721
166
-313
-640
-897
-1173
-1473
-1768
-2055
-2344
-2629
-2897
-3156
-3443
-3747
-4004
-4155
-4238
-4372
-4557
-4655
-4581
-4416
-4277
-4172
-4074
-4015
-3970
-3806
-3451
-3028
-2687
-2412
-2117
-1810
-1515
-1193
-828
-480
-177
141
500
839
1106
1325
1541
1766
2017
2285
2527
2712
2863
3011
3143
3258
3376
3492
3567
3599
3606
3597
3548
3457
3330
3164
2979
2792
2586
2327
2022
1720
1447
1170
847
460
34
-392
-798
-1173
-1517
-1841
-2161
-2479
-2754
-2958
-3128
-3312
-3499
-3613
-3609
-3512
-3372
-3211
-3054
-2932
-2830
-2729
-2643
-2632
-2716
-2862
-3005
-3065
-3010
-2867
-2702
-2542
-2323
-2020
-1644
-1219
-779
-345
67
508
1040
1624
2132
2454
2619
2744
2936
3228
3560
3888
4159
4307
4344
4334
4373
4449
4469
4434
4399
4380
4319
4181
3986
3721
3392
3040
2752
2546
2355
2137
1885
1569
1163
728
312
-89
-477
-811
-1052
-1230
-1410
-1615
-1852
-2134
-2454
-2783
-3072
-3304
-3497
-3654
-3783
-3899
-4006
-4086
-4122
-4108
-4043
-3931
-3778
-3610
-3413
-3166
-2881
-2566
-2244
-1927
-1608
-1285
-969
-674
-401
-139
131
407
696
982
1225
1405
1546
1705
1911
2130
2329
2494
2609
2662
2670
2676
2709
2751
2775
2786
2759
2652
2469
2259
2050
1833
1618
1437
1284
1117
932
744
548
311
30
-263
-513
-741
-964
-1175
-1390
-1592
-1786
-1978
-2172
-2332
-2448
-2540
-2620
-2660
-2642
-2605
-2583
-2542
-2445
-2322
-2199
-2067
-1925
-1809
-1763
-1791
-1869
-1987
-2087
-2109
-2037
-1902
-1719
-1499
-1269
-1047
-801
-493
-136
225
564
927
1311
1685
2025
2326
2588
2794
2973
3180
3402
3585
3706
3759
3742
3693
3672
3678
3664
3589
3455
3299
3156
3046
2950
2817
2635
2425
2204
2010
1846
1675
1451
1171
883
629
424
228
1
-278
-613
-969
-1269
-1496
-1704
-1938
-2195
-2434
-2641
-2787
-2875
-2951
-3041
-3130
-3156
-3107
-2998
-2862
-2741
-2654
-2600
-2512
-2339
-2113
-1899
-1736
-1595
-1442
-1272
-1061
-821
-592
-409
-282
-163
-41
80
198
304
407
523
670
845
1004
1098
1128
1116
1117
1159
1252
1379
1497
1555
1536
1460
1366
1270
1165
1060
972
911
872
829
745
596
396
181
-24
-204
-352
-478
-606
-739
-866
-993
-1116
-1218
-1308
-1390
-1453
-1459
-1420
-1371
-1324
-1300
-1312
-1384
-1482
-1534
-1500
-1389
-1196
-934
-655
-409
-216
-75
-23
-117
-311
-511
-617
-605
-502
-378
-318
-339
-350
-262
-91
131
384
661
941
1231
1538
1810
1967
2007
1986
1968
1982
2040
2113
2157
2165
2169
2187
2203
2236
2289
2345
2363
2343
2295
2204
2067
1919
1788
1674
1560
1441
1327
1210
1064
888
686
437
168
-52
-184
-280
-409
-578
-773
-986
-1175
-1316
-1411
-1500
-1611
-1724
-1810
-1864
-1899
-1954
-2034
-2112
-2153
-2105
-1993
-1884
-1811
-1773
-1756
-1726
-1655
-1543
-1433
-1348
-1276
-1207
-1132
-1048
-984
-946
-905
-831
-730
-615
-487
-346
-210
-96
-9
65
112
136
172
253
364
465
539
595
633
653
692
756
820
875
923
970
982
947
853
704
518
349
243
185
140
68
-18
-87
-135
-177
-195
-202
-227
-272
-294
-275
-273
-345
-479
-594
-650
-637
-579
-516
-470
-454
-421
-370
-360
-414
-506
-623
-740
-816
-833
-828
-866
-913
-897
-754
-512
-217
87
365
607
820
1034
1241
1420
1543
1638
1737
1870
2031
2158
2205
2180
2125
2077
2062
2090
2139
2165
2137
2056
1952
1846
1744
1640
1527
1428
1354
1302
1258
1189
1074
922
748
567
407
285
175
31
-154
-364
-591
-824
-1040
-1232
-1400
-1529
-1626
-1708
-1793
-1879
-1966
-2049
-2121
-2173
-2203
-2212
-2197
-2157
-2101
-2058
-2039
-2039
-2021
-1960
-1875
-1763
-1631
-1505
-1392
-1287
-1177
-1064
-957
-864
-767
-669
-561
-452
-354
-283
-237
-194
-133
-49
59
205
365
499
609
700
786
882
973
1049
1109
1156
1205
1263
1315
1345
1329
1262
1163
1064
995
951
903
816
695
556
436
362
311
265
215
172
