32
-21
-36
-6
61
138
184
171
91
-39
-193
-345
-449
-470
-388
-209
33
281
492
629
661
577
392
141
-117
-334
-477
-525
-486
-370
-209
-49
66
116
101
43
-23
-75
-89
-47
41
153
261
328
327
262
151
19
-109
-216
-285
-307
-282
-235
-180
-134
-112
-104
-99
-89
-69
-35
32
134
252
365
457
502
488
408
261
57
-178
-397
-553
-613
-572
-456
-288
-100
67
184
226
200
137
83
63
89
152
245
349
437
478
452
350
186
-11
-220
-414
-569
-663
-677
-606
-467
-283
-86
106
267
395
462
465
414
329
230
122
18
-72
-149
-206
-231
-246
-247
-238
-217
-188
-162
-143
-136
-132
-117
-81
-22
58
153
254
335
385
388
344
274
191
111
41
-19
-63
-100
-150
-214
-286
-355
-397
-391
-327
-203
-31
166
362
522
611
612
522
359
148
-75
-267
-403
-462
-435
-327
-178
-20
102
160
147
69
-48
-167
-262
-294
-244
-118
48
214
349
427
426
345
201
18
-165
-309
-395
-412
-371
-283
-170
-49
54
122
161
167
159
146
134
132
141
161
178
176
145
85
-1
-96
-192
-268
-315
-317
-276
-207
-116
-13
95
198
282
341
371
368
340
284
199
93
-31
-155
-264
-358
-428
-460
-445
-384
-292
-187
-82
16
111
188
246
284
306
325
335
333
295
226
138
32
-87
-210
-323
-408
-436
-409
-335
-237
-130
-19
91
177
219
225
214
208
218
239
262
284
304
314
286
200
47
-154
-366
-553
-683
-741
-706
-576
-364
-104
148
339
448
474
431
343
227
120
48
32
71
127
164
156
95
-19
-177
-355
-519
-626
-645
-562
-382
-137
135
388
580
679
672
559
385
195
33
-68
-93
-58
10
73
95
57
-52
-203
-361
-484
-538
-502
-378
-183
42
253
413
502
509
440
309
154
7
-108
-172
-190
-176
-142
-107
-85
-88
-136
-213
-293
-347
-347
-274
-140
31
221
386
490
506
430
282
109
-46
-149
-191
-172
-105
-14
68
105
78
-3
-109
-213
-282
-303
-269
-181
-53
98
239
334
373
358
294
206
105
11
-64
-108
-125
-124
-115
-123
-141
-160
-164
-149
-117
-70
-14
43
90
110
89
46
-2
-39
-59
-60
-47
-26
6
29
37
31
10
-8
-12
-6
6
29
50
69
82
81
58
17
-32
-75
-104
-105
-69
-3
84
179
249
273
245
164
42
-94
-209
-277
-272
-193
-58
98
239
325
323
233
76
-119
-306
-436
-488
-450
-335
-171
5
152
247
273
236
150
41
-60
-133
-164
-147
-92
-12
66
125
141
108
33
-65
-161
-232
-253
-215
-114
34
196
333
414
420
353
230
84
-51
-145
-175
-131
-38
77
169
211
191
110
-9
-142
-261
-332
-336
-266
-139
7
142
241
297
298
237
121
-21
-152
-250
-291
-278
-226
-138
-35
64
125
128
69
-31
-139
-230
-275
-264
-196
-80
65
206
303
334
300
217
112
14
-54
-82
-74
-31
28
75
88
53
-23
-108
-176
-207
-189
-122
-16
111
221
282
277
201
82
-43
-144
-198
-191
-130
-24
93
188
228
189
81
-59
-199
-306
-350
-321
-213
-46
141
303
393
393
305
159
-6
-159
-263
-293
-235
-112
31
149
205
188
103
-24
-165
-280
-329
-292
-170
1
171
302
364
352
265
120
-50
-199
-294
-312
-254
-150
-24
91
174
199
155
54
-76
-197
-274
-286
-225
-104
53
216
347
412
393
291
134
-36
-180
-267
-288
-240
-151
-51
29
65
49
-8
-85
-148
-171
-140
-55
59
167
240
263
230
146
45
-42
-94
-88
-33
49
133
190
206
166
75
-53
-186
-285
-330
-307
-220
-77
93
257
373
410
354
226
55
-110
-230
-278
-243
-133
15
153
234
230
130
-43
-243
-420
-530
-533
-419
-218
21
234
374
410
348
210
40
-113
-210
-231
-175
-57
74
178
227
208
124
-7
-153
-288
-375
-384
-307
-157
33
228
387
472
471
382
223
40
-117
-205
-201
-117
15
144
232
251
186
50
-127
-295
-406
-423
-345
-197
-17
151
274
336
327
251
137
23
-59
-95
-92
-64
-28
1
12
-1
-41
-104
-167
-214
-229
-213
-166
-92
-2
91
174
222
231
196
134
68
12
-27
-47
-48
-37
-24
-32
-66
-123
-191
-247
-260
-227
-154
-44
82
208
300
340
320
251
150
48
-31
-73
-81
-58
-13
36
61
48
1
-67
-139
-192
-207
-177
-108
-7
102
195
246
242
197
124
48
-19
-56
-66
-45
-8
27
36
6
-57
-138
-220
-277
-294
-270
-194
-76
66
203
306
357
346
275
154
7
-139
-237
-264
-219
-110
32
169
266
295
244
117
-55
-221
-334
-356
-287
-145
42
228
361
408
359
220
36
-143
-278
-338
-320
-238
-111
21
123
165
141
64
-35
-131
-199
-227
-205
-134
-30
79
157
189
167
94
-2
-102
-177
-204
-175
-87
33
154
244
278
253
175
63
-55
-146
-186
-169
-92
20
136
214
237
200
111
-6
-123
-212
-245
-212
-121
2
118
201
231
209
145
51
-38
-102
-122
-92
-33
32
73
74
33
-51
-155
-252
-313
-317
-253
-141
0
140
242
292
287
226
129
23
-67
-123
-139
-119
-80
-36
2
27
30
16
-14
-42
-59
-56
-38
-6
35
83
126
157
169
165
143
105
60
15
-29
-64
-89
-112
-132
-153
-172
-180
-175
-153
-109
-41
44
134
217
275
302
290
237
153
50
-58
-160
-237
-283
-298
-277
-222
-142
-55
28
87
110
101
66
18
-29
-54
-39
14
103
203
288
337
332
264
142
-14
-182
-320
-407
-428
-391
-311
-197
-75
39
129
193
231
255
277
295
309
303
267
200
112
9
-105
-215
-291
-319
-305
-257
-191
-124
-78
-53
-58
-85
-122
-149
-145
-98
-14
95
218
325
398
416
372
268
112
-71
-251
-398
-493
-525
-486
-387
-254
-102
43
164
247
289
308
303
285
265
247
226
203
173
130
76
17
-49
-110
-160
-196
-212
-213
-198
-176
-147
-105
-56
-1
54
106
159
210
253
277
278
260
215
146
48
-69
-197
-320
-416
-471
-477
-426
-326
-194
-46
94
202
266
284
257
202
134
70
21
-6
-5
14
41
66
76
68
38
-13
-85
-165
-241
-296
-311
-278
-200
-84
55
193
298
357
362
318
242
160
85
29
-1
-7
-3
-2
-14
-46
-84
-113
-126
-118
-91
-48
-8
23
37
28
-2
-40
-77
-106
-112
-100
-68
-23
27
82
120
137
123
77
3
-87
-177
-244
-271
-251
-183
-81
28
118
172
176
134
61
-20
-79
-103
-79
-17
72
162
228
258
241
189
120
47
-8
-40
-49
-37
-19
-10
-12
-30
-62
-95
-119
-128
-114
-84
-41
8
55
93
112
108
92
63
26
-6
-32
-46
-51
-48
-36
-33
-41
-66
-97
-128
-151
-166
-164
-142
-102
-50
6
58
103
144
174
192
198
197
185
165
137
94
39
-20
-81
-131
-163
-183
-191
-184
-165
-137
-100
-59
-18
29
82
139
193
238
266
273
258
216
154
78
-1
-73
-129
-174
-203
-224
-233
-227
-211
-192
-170
-145
-109
-64
-10
46
101
151
195
230
253
250
219
161
85
-5
-99
-180
-238
-264
-249
-205
-147
-81
-23
25
58
76
84
90
103
126
156
182
196
187
154
109
52
-9
-66
-112
-146
-166
-169
-159
-135
-98
-50
5
55
96
120
132
129
113
85
55
25
-2
-27
-53
-85
-126
-167
-204
-231
-236
-222
-183
-125
-61
0
50
85
102
109
117
118
120
128
139
150
150
137
105
60
-1
-70
-143
-207
-250
-256
-224
-149
-36
94
221
327
385
392
348
258
146
39
-46
-92
-93
-62
-16
23
38
22
-25
-97
-183
-258
-303
-312
-285
-227
-143
-54
32
102
141
150
135
100
58
17
-23
-54
-77
-92
-107
-126
-140
-147
-141
-114
-68
-7
66
139
197
231
233
206
160
108
67
40
30
39
61
89
115
123
111
77
31
-22
-73
-116
-142
-150
-142
-113
-75
-36
8
47
78
103
111
108
96
74
44
9
-34
-88
-141
-187
-223
-243
-241
-217
-175
-119
-61
-9
27
48
54
51
50
45
49
59
68
72
74
74
63
49
37
30
22
15
13
12
11
11
13
20
34
61
95
138
177
204
214
197
161
100
22
-60
-142
-206
-241
-245
-215
-156
-79
-1
75
132
161
156
121
67
4
-59
-111
-145
-161
-159
-148
-132
-124
-130
-142
-157
-167
-168
-155
-129
-86
-35
14
54
81
90
90
85
82
85
95
111
130
144
142
124
89
46
2
-34
-57
-60
-40
5
63
122
169
198
201
178
133
71
3
-58
-99
-120
-115
-84
-34
25
77
110
121
109
75
31
-17
-63
-96
-117
-124
-118
-107
-96
-86
-81
-80
-79
-70
-58
-43
-33
-27
-28
-37
-50
-66
-77
-83
-80
-72
-53
-23
11
51
88
116
124
117
91
50
10
-26
-51
-51
-24
26
89
149
191
209
203
172
128
77
28
-9
-36
-50
-55
-62
-64
-65
-70
-70
-64
-58
-48
-37
-26
-16
-12
-13
-19
-28
-38
-46
-52
-51
-45
-35
-21
-12
-14
-25
-52
-87
-129
-169
-199
-215
-207
-174
-118
-47
33
113
184
245
283
294
280
244
199
149
101
62
34
17
13
15
16
15
4
-14
-36
-62
-79
-84
-70
-38
4
49
88
120
137
138
120
85
37
-13
-59
-98
-131
-151
-157
-153
-143
-122
-99
-78
-59
-44
-31
-25
-24
-32
-49
-71
-94
-118
-140
-154
-158
-149
-129
-103
-69
-27
17
58
95
122
135
139
138
137
140
145
157
179
207
235
250
251
233
194
141
74
4
-73
-133
-168
-178
-157
-114
-60
1
56
104
132
142
135
113
84
49
6
-34
-74
-108
-140
-172
-201
-227
-242
-245
-237
-216
-193
-168
-136
-100
-64
-32
-8
9
13
11
13
12
11
16
24
37
48
49
41
30
16
9
13
31
67
114
173
226
263
278
271
244
203
154
104
60
23
1
-12
-17
-21
-32
-47
-69
-92
-111
-124
-123
-110
-84
-46
-13
5
6
-7
-31
-63
-91
-110
-116
-107
-86
-63
-49
-54
-75
-110
-149
-189
-213
-214
-185
-129
-50
36
109
157
178
170
142
98
52
16
-2
7
38
78
119
152
165
159
133
94
53
29
32
56
101
150
195
222
222
191
128
41
-54
-135
-193
-224
-227
-203
-164
-120
-85
-65
-60
-65
-72
-73
-69
-55
-32
-2
35
65
81
82
65
33
-15
-63
-114
-166
-204
-218
-206
-176
-127
-69
-14
37
73
96
106
104
98
96
100
109
121
136
150
155
145
116
70
15
-37
-78
-97
-95
-71
-32
16
61
93
109
100
66
18
-32
-74
-100
-102
-86
-56
-23
0
4
-16
-50
-92
-130
-152
-145
-107
-44
37
114
173
207
203
166
102
32
-27
-66
-82
-75
-53
-27
-10
-9
-26
-57
-87
-106
-98
-70
-21
47
118
180
222
230
206
151
79
4
-57
-95
-106
-92
-58
-10
32
54
49
20
-29
-85
-139
-174
-179
-156
-109
-49
8
52
73
72
53
21
-17
-49
-67
-77
-68
-54
-37
-15
-1
10
15
21
26
34
48
66
85
97
100
88
58
13
-40
-91
-133
-161
-163
-143
-103
-53
-4
37
61
67
60
48
38
34
44
68
98
130
155
170
172
157
125
85
35
-19
-67
-98
-112
-110
-94
-72
-46
-24
-11
-10
-15
-22
-22
-12
5
27
50
69
76
67
42
7
-38
-78
-105
-109
-97
-63
-16
35
77
96
92
59
13
-35
-78
-99
-99
-77
-37
8
45
62
54
22
-27
-82
-127
-154
-151
-120
-71
-16
33
63
67
57
32
5
-14
-20
-9
20
60
102
133
139
115
70
10
-54
-114
-155
-166
-147
-108
-51
4
44
62
58
40
17
1
-4
11
41
76
109
131
137
120
90
55
20
-10
-24
-28
-22
-5
13
25
28
23
16
6
-4
-5
-2
9
19
26
26
17
-8
-45
-85
-124
-156
-169
-158
-124
-72
-15
38
79
102
105
95
76
49
19
-4
-20
-31
-42
-55
-69
-85
-97
-103
-104
-98
-89
-72
-45
-12
22
51
72
85
86
78
65
53
48
58
78
105
131
149
153
143
112
62
2
-53
-94
-111
-103
-75
-33
13
55
81
85
70
40
1
-40
-78
-109
-125
-131
-124
-108
-89
-68
-50
-27
-4
19
37
52
56
50
42
25
1
-26
-54
-74
-81
-75
-52
-21
11
35
38
22
-14
-58
-103
-138
-156
-150
-110
-49
26
103
163
204
219
211
184
146
102
66
41
32
37
50
62
66
58
37
10
-24
-58
-82
-91
-78
-49
-13
23
47
57
49
25
-5
-40
-68
-81
-83
-77
-67
-58
-55
-63
-75
-94
-122
-146
-156
-146
-118
-71
-10
53
109
145
159
145
109
58
2
-42
-72
-86
-82
-66
-41
-14
9
26
36
40
42
43
48
58
72
92
116
140
157
169
170
159
137
105
69
32
-1
-31
-55
-71
-82
-87
-92
-91
-82
-69
-51
-27
-2
21
35
35
25
2
-33
-71
-105
-135
-155
-165
-165
-160
-150
-137
-123
-102
-76
-44
-5
44
95
141
175
196
198
180
148
106
61
19
-13
-35
-46
-44
-33
-24
-20
-21
-30
-40
-49
-47
-33
-4
35
84
130
170
192
184
152
97
34
-30
-84
-120
-131
-121
-103
-77
-52
-34
-27
-27
-34
-42
-50
-49
-43
-32
-16
-6
-3
-7
-17
-32
-53
-70
-81
-79
-68
-49
-24
2
27
44
54
62
67
69
72
73
73
65
53
33
9
-20
-49
-70
-82
-84
-64
-37
-2
36
71
103
128
143
148
147
139
127
110
91
71
49
29
11
-8
-31
-54
-76
-93
-104
-108
-105
-100
-92
-85
-80
-74
-70
-68
-64
-51
-36
-16
9
29
43
43
31
11
-12
-37
-60
-72
-74
-66
-49
-29
-3
20
38
48
48
41
33
23
15
10
10
15
20
25
24
14
-2
-22
-40
-48
-43
-28
-7
17
37
51
60
59
47
35
26
28
40
57
79
101
112
109
87
50
0
-52
-98
-129
-142
-137
-114
-82
-46
-13
12
22
20
12
4
1
7
23
46
72
91
98
89
65
30
-8
-41
-60
-63
-50
-24
1
25
35
31
16
-9
-37
-63
-77
-79
-66
-40
-8
20
44
54
50
31
0
-36
-67
-87
-90
-74
-46
-8
29
54
64
55
34
3
-28
-51
-62
-61
-49
-32
-14
-2
2
0
-13
-23
-29
-27
-16
4
25
48
63
70
72
62
47
36
29
31
39
53
69
82
84
78
56
26
-10
-45
-70
-85
-82
-66
-43
-18
4
20
27
21
8
-8
-20
-28
-27
-25
-19
-11
-7
-8
-13
-23
-34
-39
-41
-36
-28
-9
10
19
20
9
-12
-39
-64
-84
-89
-80
-59
-28
4
34
51
54
42
20
-7
-28
-36
-25
5
49
98
144
178
190
183
155
113
67
32
8
5
11
23
30
23
6
-27
-63
-97
-121
-131
-124
-104
-76
-47
-24
-9
-8
-20
-37
-54
-63
-59
-43
-15
20
57
85
101
99
79
42
-4
-46
-79
-95
-92
-76
-47
-17
6
21
20
7
-13
-33
-48
-53
-45
-25
1
26
44
55
55
51
40
32
27
30
37
53
70
82
87
82
64
38
8
-22
-45
-60
-60
-54
-41
-26
-17
-15
-24
-41
-63
-81
-94
-91
-79
-48
-8
30
63
82
88
78
58
30
4
-17
-33
-41
-44
-42
-39
-37
-36
-37
-36
-34
-25
-13
3
21
33
45
53
56
59
60
61
63
67
68
71
68
61
45
24
8
-9
-23
-29
-32
-28
-24
-16
-11
-4
4
9
14
14
14
14
12
6
-3
-15
-26
-38
-49
-58
-61
-62
-60
-55
-48
-42
-34
-30
-27
-24
-25
-23
-25
-19
-14
-9
1
10
15
18
14
5
-6
-19
-30
-38
-40
-34
-19
5
30
55
71
82
82
74
63
47
33
22
16
15
18
19
20
19
13
5
0
-1
0
5
14
27
37
45
52
52
45
35
25
13
2
-8
-20
-29
-42
-55
-69
-84
-99
-110
-116
-114
-101
-79
-47
-12
19
43
59
65
62
55
46
36
27
20
11
2
-10
-21
-33
-43
-53
-61
-60
-52
-41
-27
-14
-2
8
16
19
22
23
21
24
28
33
41
49
56
56
53
42
31
19
9
3
6
12
24
38
50
61
65
62
49
30
10
-11
-28
-40
-47
-44
-37
-29
-24
-22
-28
-39
-50
-59
-64
-58
-47
-29
-7
15
33
42
45
37
24
9
-8
-21
-30
-34
-37
-39
-41
-42
-45
-47
-47
-42
-31
-19
-6
8
20
30
36
38
36
30
23
17
9
3
-1
-4
-6
-11
-15
-19
-24
-29
-33
-36
-34
-28
-16
4
24
45
65
79
91
98
98
95
85
76
63
47
31
18
2
-13
-25
-39
-47
-50
-50
-44
-36
-26
-16
-7
2
10
13
14
12
10
7
2
-1
-4
-7
-9
-12
-14
-22
-31
-41
-52
-62
-69
-73
-71
-64
-49
-28
-8
11
26
32
31
25
12
-2
-12
-15
-11
-7
0
6
13
18
18
19
19
21
27
35
42
50
54
53
49
38
28
19
8
2
-4
-9
-11
-11
-12
-12
-12
-15
-17
-20
-24
-23
-21
-18
-11
-2
9
18
23
23
17
9
-4
-16
-27
-35
-40
-42
-43
-41
-36
-33
-25
-18
-14
-9
-2
6
15
25
35
41
46
52
56
57
58
55
49
40
31
19
10
3
-4
-12
-16
-18
-20
-20
-21
-20
-20
-18
-17
-12
-6
0
6
5
1
-4
-12
-21
-34
-45
-53
-59
-65
-69
-71
-71
-67
-60
-50
-38
-23
-7
10
24
34
45
51
60
63
65
67
64
56
45
31
16
2
-9
-15
-16
-9
1
15
31
45
55
60
64
65
64
64
62
61
59
54
42
24
2
-22
-45
-64
-76
-83
-83
-77
-70
-62
-52
-47
-46
-40
-35
-30
-21
-9
5
16
25
28
23
11
-7
-28
-48
-64
-72
-73
-66
-55
-44
-31
-17
-7
-1
6
12
23
35
48
61
72
80
80
74
63
46
32
18
7
0
-1
-1
0
3
6
6
8
7
9
12
18
26
31
36
39
38
31
23
12
0
-10
-22
-32
-41
-51
-58
-59
-59
-58
-52
-44
-38
-32
-27
-23
-20
-18
-17
-13
-12
-7
0
3
5
6
6
3
0
-2
-5
1
10
22
35
48
59
67
69
61
53
40
24
9
-5
-16
-26
-30
-33
-32
-27
-21
-13
-5
6
16
27
38
48
55
62
64
60
52
35
14
-8
-30
-48
-63
-71
-74
-73
-71
-68
-68
-66
-67
-64
-63
-59
-51
-40
-27
-11
2
10
13
12
8
1
-5
-6
-1
6
15
26
37
44
47
46
45
41
36
31
26
24
27
29
30
32
30
29
25
19
14
9
7
8
13
18
28
35
38
46
48
48
45
38
28
20
8
-3
-19
-33
-49
-66
-80
-93
-100
-104
-99
-86
-70
-48
-30
-16
-4
2
1
-1
-10
-20
-29
-34
-38
-41
-43
-50
-58
-65
-67
-62
-53
-36
-1
42
88
137
180
212
234
239
227
206
177
143
105
67
31
-5
-38
-70
-96
-118
-127
-123
-114
-95
-74
-52
-31
-11
2
14
18
16
14
5
-9
-28
-55
-84
-120
-151
-179
-223
-248
-248
-234
-197
-142
-80
-7
62
126
184
229
264
285
299
302
281
242
186
128
62
1
-47
-89
-118
-140
-161
-171
-170
-167
-163
-147
-119
-95
-55
-18
2
23
47
61
82
106
121
134
143
174
200
221
251
271
281
283
258
188
116
40
-55
-121
-163
-201
-235
-261
-278
-292
-316
-330
-379
-418
-423
-468
-474
-453
-437
-377
-281
-161
-19
98
208
310
381
468
519
523
555
568
548
545
528
501
444
376
312
232
162
72
-29
-88
-145
-221
-275
-310
-355
-397
-427
-415
-403
-392
-351
-324
-287
-225
-202
-194
-141
-105
-99
-62
-12
31
56
111
161
182
238
262
262
283
282
214
155
111
38
-28
-89
-124
-145
-163
-183
-184
-180
-173
-154
-136
-94
-38
-12
9
59
96
106
125
150
157
179
178
148
136
106
59
33
31
31
22
27
58
88
108
136
160
181
201
210
206
205
202
163
130
101
43
-22
-93
-141
-175
-212
-232
-236
-254
-261
-271
-302
-307
-297
-323
-333
-296
-282
-274
-219
-153
-112
-60
-10
12
41
69
75
80
108
135
145
156
186
199
176
197
247
268
301
344
343
312
305
279
210
205
204
128
84
49
-54
-199
-320
-427
-529
-570
-544
-514
-471
-357
-295
-286
-164
-6
47
150
299
347
353
378
368
328
284
241
173
126
149
106
-11
-35
-15
-67
-83
-18
-25
-87
-106
-125
-189
-228
-235
-316
-368
-318
-308
-324
-277
-210
-178
-116
-17
42
101
170
231
279
347
440
434
404
370
296
264
235
225
252
268
237
193
150
93
43
-69
-143
-143
-207
-261
-312
-378
-407
-419
-404
-289
-148
-66
-28
13
62
73
74
87
151
192
153
150
167
91
-5
-53
-117
-108
-64
-109
-140
-106
-117
-246
-266
-138
-213
-284
-135
-143
-141
-34
-76
-62
17
58
63
88
203
227
106
89
201
154
82
133
205
220
188
242
199
154
184
47
-20
56
33
-83
-113
-93
-159
-231
-225
-128
-73
-30
53
83
114
133
102
52
106
234
219
195
264
231
82
-16
-48
-64
-29
6
-2
24
39
-60
-190
-227
-205
-207
-165
-120
-102
-111
-211
-326
-317
-209
-177
-129
-19
14
7
-26
-42
25
113
189
239
301
309
201
127
91
84
165
226
206
148
76
-3
-103
-193
-181
-111
-89
-131
-198
-178
-200
-315
-299
-160
-49
-16
25
71
87
72
76
124
176
204
211
178
132
165
117
14
5
3
-34
-83
-104
-120
-141
-153
-166
-167
-90
-41
-71
-22
41
-13
-82
-94
-119
-179
-214
-167
-130
-138
-152
-152
-118
-93
-48
4
103
244
285
275
315
349
304
252
258
232
163
113
30
-28
-47
-95
-145
-151
-97
-84
-87
-51
-52
-42
-28
-28
-7
42
75
90
147
216
260
288
306
271
214
190
175
109
36
23
23
-28
-67
-68
-106
-166
-209
-193
-112
-36
31
82
93
122
161
159
86
37
99
149
94
83
153
132
-26
-135
-69
-48
-172
-269
-231
-171
-210
-253
-258
-282
-305
-324
-307
-211
-124
-75
-101
-191
-212
-193
-303
-466
-399
-229
-224
-286
-231
-151
-230
-338
-239
-25
80
121
195
207
111
-10
-55
-58
-75
-37
50
17
-146
-292
-380
-542
-738
-733
-603
-646
-784
-800
-818
-960
-1085
-982
-735
-535
-319
-19
240
397
546
792
1079
1329
1615
1964
2187
2205
2244
2358
2344
2257
2306
2398
2353
2170
1981
1809
1563
1277
1086
987
861
671
500
330
72
-170
-272
-314
-367
-372
-356
-450
-622
-732
-738
-769
-864
-875
-762
-733
-889
-989
-953
-1004
-1165
-1236
-1176
-1201
-1434
-1697
-1820
-1902
-2030
-2093
-2043
-2019
-2113
-2226
-2304
-2342
-2336
-2225
-1994
-1768
-1570
-1416
-1367
-1402
-1434
-1361
-1092
-703
-314
26
223
83
-447
-1173
-1759
-1991
-1976
-1910
-1853
-1739
-1693
-1882
-2157
-2152
-1759
-1128
-399
448
1351
2065
2460
2641
2859
3231
3750
4418
5120
5663
5974
6058
5950
5735
5552
5480
5432
5302
5076
4742
4255
3559
2762
2027
1384
840
396
6
-377
-798
-1265
-1715
-2074
-2345
-2527
-2646
-2748
-2804
-2817
-2801
-2755
-2659
-2473
-2254
-2034
-1737
-1376
-1027
-706
-426
-221
-66
58
150
166
97
-2
-64
-164
-385
-662
-907
-1126
-1359
-1601
-1745
-1785
-1781
-1802
-1929
-2078
-2145
-2132
-2090
-2080
-2039
-1924
-1799
-1663
-1594
-1600
-1570
-1531
-1411
-1174
-960
-809
-603
-319
-110
-27
-21
10
87
188
315
376
355
289
275
332
257
92
5
44
170
248
251
190
113
126
197
279
319
292
230
147
-38
-361
-732
-1035
-1168
-1138
-1031
-982
-1000
-970
-896
-791
-628
-418
-159
172
575
1013
1413
1735
2039
2384
2743
3113
3473
3784
3979
4052
4059
4031
3966
3840
3651
3420
3171
2923
2713
2521
2297
1995
1672
1401
1167
940
729
531
322
128
-37
-199
-393
-616
-826
-995
-1139
-1268
-1371
-1394
-1340
-1307
-1319
-1344
-1374
-1425
-1508
-1585
-1649
-1693
-1737
-1785
-1858
-1976
-2127
-2258
-2315
-2320
-2325
-2328
-2289
-2238
-2196
-2160
-2126
-2081
-2020
-1922
-1764
-1573
-1389
-1216
-1047
-904
-785
-644
-451
-229
-34
147
339
503
636
740
831
916
996
1058
1116
1153
1145
1084
980
859
729
642
591
530
439
325
222
120
39
20
40
49
48
52
54
56
47
35
33
36
33
27
9
-29
-104
-207
-313
-445
-579
-713
-872
-1033
-1184
-1316
-1421
-1497
-1547
-1559
-1530
-1498
-1445
-1350
-1210
-1056
-902
-719
-515
-300
-97
124
357
587
829
1060
1290
1529
1759
1977
2180
2369
2556
2744
2915
3052
3144
3208
3257
3261
3245
3216
3157
3096
3024
2943
2853
2730
2574
2391
2181
1962
1755
1548
1331
1095
821
533
267
-11
-290
-552
-797
-1025
-1261
-1491
-1709
-1921
-2111
-2262
-2398
-2517
-2605
-2665
-2716
-2775
-2843
-2896
-2902
-2886
-2843
-2766
-2658
-2533
-2422
-2309
-2189
-2057
-1913
-1773
-1626
-1471
-1334
-1197
-1046
-889
-755
-640
-497
-350
-180
20
208
352
446
525
595
647
695
741
774
788
765
736
707
671
629
594
601
612
633
664
690
719
736
744
742
721
687
614
504
378
253
138
18
-121
-263
-419
-582
-736
-896
-1045
-1191
-1334
-1435
-1502
-1528
-1520
-1493
-1420
-1303
-1143
-951
-745
-532
-325
-130
59
282
522
761
1015
1276
1536
1761
1951
2117
2231
2303
2371
2466
2581
2680
2739
2741
2689
2594
2496
2424
2378
2342
2311
2273
2191
2060
1906
1727
1536
1356
1187
1030
866
685
503
327
152
-5
-142
-256
-377
-536
-724
-947
-1187
-1430
-1669
-1886
-2073
-2240
-2399
-2551
-2692
-2822
-2938
-3033
-3095
-3108
-3082
-3016
-2932
-2843
-2741
-2632
-2507
-2355
-2172
-1959
-1732
-1498
-1260
-1033
-833
-635
-432
-240
-44
135
309
489
633
770
903
1035
1178
1320
1468
1598
1682
1725
1729
1711
1697
1691
1689
1688
1676
1649
1604
1542
1468
1374
1276
1171
1050
922
788
646
493
344
197
46
-95
-232
-374
-537
-695
-843
-975
-1070
-1129
-1166
-1192
-1222
-1270
-1327
-1387
-1437
-1454
-1450
-1418
-1366
-1314
-1266
-1221
-1162
-1095
-1013
-904
-774
-632
-488
-330
-185
-61
62
188
307
435
569
714
873
1023
1173
1324
1471
1606
1713
1816
1913
1997
2058
2111
2168
2213
2251
2276
2284
2267
2230
2162
2080
1992
1894
1800
1704
1605
1489
1356
1211
1040
846
635
405
167
-74
-309
-539
-749
-932
-1100
-1247
-1385
-1524
-1672
-1813
-1948
-2086
-2198
-2257
-2283
-2294
-2295
-2280
-2264
-2235
-2185
-2121
-2030
-1928
-1828
-1716
-1611
-1506
-1390
-1269
-1153
-1035
-899
-760
-625
-500
-358
-214
-79
68
219
363
487
596
696
781
856
944
1031
1107
1164
1190
1196
1189
1165
1138
1090
1029
971
904
841
772
708
643
565
483
390
299
198
81
-33
-144
-248
-343
-424
-483
-531
-588
-653
-711
-754
-769
-767
-769
-789
-815
-846
-894
-942
-964
-965
-964
-963
-935
-886
-841
-808
-767
-690
-577
-430
-268
-116
2
43
-12
-52
71
375
728
999
1185
1359
1559
1760
1935
2112
2323
2537
2688
2734
2678
2569
2453
2353
2297
2301
2371
2435
2387
2204
1944
1701
1534
1404
1254
1040
741
393
36
-319
-672
-1039
-1413
-1759
-2066
-2326
-2552
-2768
-2975
-3169
-3328
-3410
-3401
-3333
-3236
-3126
-2988
-2783
-2503
-2144
-1771
-1408
-1038
-646
-230
198
628
1011
1334
1600
1824
2036
2218
2332
2374
2354
2300
2237
2141
1993
1777
1509
1251
1021
820
624
398
178
-21
-217
-415
-588
-686
-727
-771
-835
-896
-923
-924
-927
-957
-1003
-1051
-1092
-1143
-1266
-1453
-1660
-1853
-2007
-2152
-2276
-2414
-2669
-3052
-3440
-3636
-3598
-3491
-3426
-3367
-3220
-3005
-2804
-2576
-2178
-1590
-970
-444
38
602
1225
1760
2180
2631
3232
3895
4448
4845
5141
5357
5448
5464
5543
5710
5812
5693
5398
5061
4718
4320
3882
3502
3160
2718
2105
1451
926
452
-141
-829
-1388
-1722
-2039
-2485
-2959
-3275
-3445
-3607
-3724
-3637
-3361
-3120
-3049
-3000
-2792
-2441
-2066
-1706
-1337
-1022
-850
-775
-646
-404
-159
-1
98
156
105
-69
-231
-285
-324
-396
-409
-324
-299
-474
-746
-929
-963
-903
-811
-711
-658
-695
-759
-759
-650
-469
-234
46
322
550
738
911
1099
1304
1501
1721
1937
2083
2118
2072
2022
2011
2018
1982
1872
1683
1444
1197
953
702
458
231
-13
-371
-870
-1416
-1904
-2355
-2855
-3387
-3795
-4023
-4327
-5027
-6033
-6810
-6927
-6618
-6458
-6561
-6509
-6094
-5675
-5499
-5094
-3929
-2353
-1193
-570
222
1561
2912
3737
4368
5411
6741
7700
8101
8440
8984
9353
9236
8961
8964
9066
8718
7828
6850
6047
5218
4212
3217
2431
1647
555
-736
-1840
-2635
-3338
-4083
-4679
-5004
-5265
-5663
-6053
-6089
-5773
-5413
-5127
-4683
-3990
-3303
-2834
-2440
-1842
-1048
-296
353
1040
1739
2236
2399
2342
2259
2253
2355
2492
2429
1999
1309
589
-91
-772
-1381
-1765
-1992
-2336
-2885
-3424
-3760
-3960
-4128
-4122
-3794
-3301
-2914
-2646
-2350
-1965
-1506
-898
-99
752
1471
2010
2424
2788
3179
3625
4049
4376
4597
4732
4708
4477
4115
3776
3506
3206
2769
2234
1701
1164
488
-327
-1029
-1360
-1451
-1723
-2371
-3125
-3647
-4004
-4471
-4972
-5196
-5070
-5098
-5832
-7080
-7918
-7745
-7093
-6902
-7147
-6977
-6213
-5724
-5836
-5520
-3932
-1934
-875
-567
319
2080
3560
4112
4641
6059
7747
8514
8449
8713
9605
10130
9710
9143
9282
9640
9127
7786
6664
6139
5477
4216
2974
2349
1797
505
-1228
-2404
-2814
-3230
-4088
-4857
-5071
-5144
-5613
-6185
-6118
-5374
-4723
-4524
-4279
-3537
-2649
-2165
-1900
-1262
-266
538
982
1439
2110
2630
2650
2384
2250
2378
2563
2549
2231
1656
932
64
-843
-1541
-1861
-2053
-2532
-3324
-4057
-4451
-4635
-4810
-4882
-4706
-4376
-4038
-3690
-3223
-2624
-2010
-1403
-736
39
886
1686
2315
2783
3207
3674
4106
4406
4612
4733
4680
4418
4110
3913
3740
3405
2886
2327
1819
1307
773
285
-148
-569
-1017
-1462
-1890
-2325
-2775
-3206
-3623
-4070
-4526
-4805
-4841
-5060
-5908
-7037
-7472
-6955
-6432
-6673
-7075
-6725
-5944
-5703
-5797
-4993
-3141
-1660
-1382
-1212
122
2074
3188
3483
4298
5957
7268
7473
7481
8316
9431
9635
9084
8998
9548
9564
8494
7352
7063
6991
6106
4675
3745
3319
2444
897
-391
-872
-1239
-2259
-3565
-4297
-4465
-4818
-5551
-6009
-5798
-5417
-5410
-5518
-5146
-4386
-3814
-3532
-3074
-2269
-1527
-1107
-727
-79
684
1259
1587
1726
1684
1613
1776
2155
2350
2134
1691
1263
861
474
223
64
-277
-916
-1595
-2021
-2207
-2390
-2688
-3021
-3221
-3258
-3209
-3125
-2913
-2543
-2163
-1889
-1512
-828
-54
461
745
1150
1761
2298
2606
2834
3091
3251
3230
3158
3161
3167
3024
2753
2450
2102
1643
1125
703
443
233
-82
-532
-1040
-1521
-1913
-2241
-2619
-3117
-3557
-3710
-3813
-4499
-5810
-6767
-6601
-6046
-6362
-7373
-7699
-7011
-6538
-6849
-6739
-5320
-3693
-3256
-3368
-2388
-350
1120
1473
2015
3643
5353
5908
5865
6648
8193
9076
8862
8772
9558
10203
9653
8647
8494
8910
8551
7253
6193
5841
5287
3954
2597
1979
1546
415
-1142
-2149
-2490
-2992
-4037
-5015
-5395
-5509
-5884
-6344
-6381
-6025
-5768
-5728
-5504
-4890
-4204
-3753
-3372
-2756
-1942
-1192
-601
-103
288
536
761
1117
1571
1926
2051
1959
1732
1488
1350
1308
1197
903
502
119
-212
-527
-831
-1128
-1409
-1652
-1822
-1916
-1932
-1872
-1806
-1808
-1788
-1548
-1074
-608
-340
-179
40
354
699
1056
1404
1671
1807
1865
1933
2068
2230
2313
2212
1976
1724
1549
1438
1356
1221
954
527
64
-324
-656
-999
-1437
-2010
-2594
-2996
-3267
-3863
-5009
-6102
-6319
-5915
-6037
-7023
-7793
-7521
-6900
-6880
-6991
-6217
-4884
-4263
-4388
-3871
-2104
-290
444
732
1799
3480
4576
4896
5524
6943
8170
8399
8331
8944
9810
9864
9248
9088
9558
9602
8688
7646
7233
6974
6136
4952
4094
3504
2540
1142
-33
-641
-1163
-2139
-3365
-4248
-4684
-5096
-5674
-6106
-6175
-6158
-6316
-6415
-6144
-5666
-5332
-5114
-4721
-4132
-3560
-3032
-2474
-1971
-1619
-1237
-660
-142
60
160
505
949
1094
973
977
1186
1296
1205
1133
1210
1197
932
619
519
578
516
253
-26
-151
-168
-242
-358
-350
-198
-106
-178
-212
-48
155
186
168
309
549
629
541
520
685
854
855
797
841
864
673
396
391
596
557
124
-299
-449
-577
-936
-1372
-1718
-2026
-2314
-2558
-3046
-4036
-5028
-5198
-4764
-4872
-5891
-6773
-6682
-6224
-6280
-6465
-5873
-4774
-4300
-4495
-4093
-2521
-901
-282
-69
930
2484
3411
3623
4267
5699
6835
6965
6946
7715
8715
8875
8440
8504
9150
9338
8652
7919
7774
7691
6998
6027
5440
5069
4241
2987
2042
1633
1107
-27
-1326
-2149
-2628
-3318
-4234
-4890
-5162
-5496
-6088
-6527
-6486
-6211
-6101
-6119
-5949
-5553
-5155
-4802
-4352
-3776
-3291
-3012
-2703
-2155
-1548
-1160
-944
-584
-55
297
388
509
830
1151
1265
1318
1506
1682
1611
1404
1339
1491
1576
1386
1095
959
925
768
534
433
505
457
205
10
71
212
166
47
100
272
401
442
475
560
643
685
716
770
874
936
830
639
518
446
266
-61
-358
-564
-867
-1389
-2005
-2438
-2573
-2743
-3441
-4593
-5371
-5231
-4875
-5340
-6375
-6766
-6287
-6021
-6414
-6460
-5500
-4502
-4478
-4706
-3830
-2064
-848
-601
-177
1166
2624
3258
3569
4598
6084
6854
6794
7049
8078
8863
8672
8289
8631
9190
8960
8119
7655
7701
7473
6626
5763
5320
4870
3961
2857
2131
1750
1143
84
-975
-1617
-2077
-2783
-3637
-4226
-4562
-5007
-5588
-5936
-5955
-5934
-6028
-6088
-6013
-5854
-5575
-5161
-4784
-4537
-4192
-3609
-3069
-2811
-2548
-1973
-1327
-997
-837
-482
27
356
481
671
1026
1348
1465
1440
1471
1621
1752
1726
1626
1602
1609
1474
1249
1134
1140
1072
882
738
704
668
568
471
425
380
324
328
400
467
471
452
451
482
545
645
718
704
613
579
601
460
178
-65
-199
-387
-811
-1393
-1920
-2278
-2511
-2829
-3548
-4660
-5522
-5560
-5249
-5589
-6514
-6943
-6568
-6314
-6602
-6503
-5466
-4450
-4405
-4592
-3707
-1966
-768
-529
-143
1161
2584
3164
3433
4477
5988
6675
6507
6802
7974
8813
8577
8218
8694
9323
9027
8186
7870
8017
7705
6764
5979
5676
5245
4223
3078
2433
2070
1341
174
-881
-1504
-2036
-2812
-3630
-4163
-4539
-5056
-5617
-5857
-5778
-5726
-5852
-5952
-5828
-5558
-5229
-4847
-4485
-4258
-4061
-3645
-3059
-2631
-2454
-2185
-1667
-1203
-1027
-899
-555
-148
31
89
342
751
951
820
716
932
1268
1330
1118
977
1038
1061
906
782
872
952
760
461
422
644
775
654
519
574
701
730
751
869
947
853
766
906
1158
1227
1072
891
823
809
747
572
307
38
-201
-485
-912
-1452
-1993
-2398
-2606
-2840
-3519
-4623
-5424
-5397
-5146
-5562
-6406
-6688
-6353
-6290
-6634
-6380
-5231
-4335
-4426
-4555
-3516
-1786
-713
-395
264
1622
2749
3146
3626
4905
6271
6686
6514
6960
8054
8634
8289
8028
8507
8893
8373
7565
7411
7573
7083
6031
5349
5155
4652
3570
2590
2178
1831
970
-151
-954
-1392
-1902
-2655
-3331
-3746
-4125
-4656
-5160
-5324
-5233
-5247
-5438
-5555
-5448
-5190
-4873
-4477
-4084
-3865
-3725
-3365
-2751
-2212
-1984
-1828
-1474
-1080
-862
-690
-340
33
124
58
216
559
740
671
641
806
998
1006
918
968
1072
1078
946
874
991
1108
998
751
699
841
855
679
564
605
636
565
541
638
681
555
408
464
723
869
674
392
399
574
469
84
-127
-122
-368
-949
-1435
-1673
-2075
-2689
-2968
-2969
-3567
-4880
-5708
-5356
-4862
-5432
-6465
-6604
-5989
-5925
-6431
-6113
-4706
-3791
-4191
-4465
-3143
-1136
-284
-342
393
2056
3114
3149
3603
5208
6610
6629
6282
7043
8329
8608
8040
8074
8872
9069
8189
7458
7654
7822
7002
5829
5362
5288
4583
3247
2290
2042
1661
565
-657
-1292
-1607
-2241
-3108
-3672
-3913
-4312
-4967
-5396
-5371
-5288
-5442
-5614
-5545
-5365
-5223
-5029
-4618
-4205
-4002
-3823
-3396
-2812
-2412
-2195
-1863
-1406
-1039
-830
-598
-241
73
202
258
455
730
882
887
925
1074
1168
1131
1096
1172
1247
1138
974
971
1060
1034
866
720
729
760
682
590
621
670
636
592
664
746
725
676
709
785
814
828
836
794
598
391
337
355
227
-95
-489
-888
-1374
-1902
-2226
-2304
-2581
-3583
-4967
-5655
-5351
-5036
-5678
-6722
-7040
-6714
-6665
-6857
-6330
-5169
-4583
-4890
-4797
-3396
-1614
-754
-538
276
1750
2829
3261
3973
5410
6629
6830
6729
7441
8585
8918
8472
8425
9027
9227
8510
7749
7659
7617
6860
5815
5310
5053
4221
2899
1988
1741
1356
289
-924
-1615
-2029
-2724
-3548
-3996
-4148
-4567
-5320
-5772
-5594
-5257
-5291
-5517
-5460
-5101
-4709
-4369
-3916
-3377
-3000
-2809
-2523
-1987
-1455
-1205
-1107
-880
-516
-280
-199
-66
142
255
208
223
390
488
393
308
404
503
443
319
284
354
350
222
164
291
420
367
272
330
517
601
555
611
819
957
940
945
1069
1201
1246
1279
1347
1308
1127
985
1014
980
690
353
241
182
-165
-758
-1258
-1631
-2030
-2372
-2572
-3097
-4270
-5389
-5571
-5170
-5311
-6213
-6883
-6788
-6607
-6787
-6636
-5621
-4628
-4584
-4836
-4026
-2210
-820
-409
63
1333
2647
3294
3833
5063
6444
6926
6819
7339
8476
9024
8673
8440
8854
9109
8553
7827
7670
7603
6855
5769
5167
4937
4274
3025
1940
1435
972
41
-1008
-1683
-2143
-2893
-3779
-4224
-4283
-4539
-5236
-5785
-5757
-5457
-5313
-5295
-5105
-4785
-4526
-4243
-3707
-3003
-2513
-2324
-2114
-1692
-1193
-840
-663
-541
-361
-182
-160
-146
3
148
87
-42
-19
131
178
71
-5
21
69
36
17
33
48
51
105
234
415
546
541
500
598
847
1011
1019
1120
1346
1430
1323
1340
1533
1590
1491
1547
1744
1662
1272
1027
1053
1031
807
563
308
-127
-737
-1248
-1586
-1973
-2427
-2751
-3139
-4092
-5356
-5925
-5511
-5187
-5888
-6952
-7151
-6671
-6597
-6806
-6228
-4991
-4399
-4763
-4691
-3191
-1354
-569
-368
543
2029
2949
3289
4161
5755
6814
6708
6652
7659
8776
8758
8225
8455
9124
8934
7950
7492
7769
7555
6365
5311
5116
4923
3835
2411
1686
1477
806
-418
-1339
-1731
-2269
-3227
-3954
-4026
-3965
-4459
-5237
-5496
-5222
-5045
-5165
-5173
-4881
-4596
-4510
-4280
-3630
-2880
-2482
-2326
-2010
-1429
-845
-517
-377
-131
182
310
302
399
560
598
450
299
276
258
108
-81
-180
-246
-324
-391
-440
-482
-554
-610
-583
-409
-205
-136
-146
-77
92
266
419
614
868
991
1017
1162
1431
1558
1566
1647
1822
1886
1700
1513
1479
1380
1026
672
622
634
275
-439
-1092
-1446
-1743
-2113
-2352
-2724
-3801
-5262
-5911
-5479
-5156
-5872
-6928
-7221
-6952
-6981
-6987
-6135
-4894
-4453
-4783
-4484
-2849
-1002
-220
32
1002
2442
3248
3579
4555
6130
6993
6790
6862
7938
8907
8732
8264
8588
9097
8686
7741
7477
7759
7330
6029
5097
4988
4661
3432
2061
1411
1095
255
-974
-1783
-2167
-2807
-3769
-4352
-4345
-4391
-4978
-5613
-5637
-5242
-5030
-5031
-4857
-4472
-4159
-3943
-3519
-2803
-2231
-2046
-1836
-1355
-866
-654
-522
-194
186
284
198
273
506
628
542
446
486
544
411
142
16
30
-48
-248
-371
-374
-449
-663
-791
-651
-446
-418
-483
-436
-276
-128
-77
48
356
637
668
632
781
1045
1154
1144
1308
1582
1549
1204
1046
1243
1335
1072
756
664
600
224
-343
-743
-1045
-1480
-1919
-2238
-2859
-4030
-5122
-5358
-5028
-5219
-6139
-6827
-6811
-6723
-6847
-6509
-5516
-4728
-4780
-4853
-3822
-2102
-965
-499
268
1563
2568
3015
3737
5189
6471
6700
6570
7265
8402
8774
8405
8365
8870
8957
8207
7552
7619
7514
6516
5394
4975
4774
3915
2574
1672
1339
787
-269
-1169
-1605
-2167
-3098
-3850
-4010
-3996
-4446
-5186
-5505
-5289
-5115
-5159
-5062
-4665
-4319
-4238
-4046
-3354
-2506
-2097
-2021
-1764
-1226
-769
-536
-283
94
330
234
153
419
768
778
557
433
500
522
406
315
308
211
-34
-187
-136
-4
-73
-349
-494
-363
-243
-327
-436
-384
-291
-357
-427
-185
248
430
316
328
636
967
1130
1242
1397
1464
1314
1162
1249
1310
1065
702
488
320
29
-384
-809
-1257
-1759
-2092
-2116
-2430
-3574
-4862
-5236
-4822
-4755
-5545
-6346
-6389
-6267
-6589
-6558
-5499
-4333
-4239
-4748
-4329
-2625
-1073
-575
-195
918
2053
2521
2960
4218
5763
6360
6108
6443
7652
8411
8163
7931
8407
8797
8289
7499
7420
7623
6963
5753
5149
5100
4548
3271
2181
1791
1444
508
-533
-1066
-1478
-2312
-3230
-3603
-3568
-3823
-4519
-5018
-4969
-4803
-4875
-4855
-4537
-4277
-4335
-4350
-3821
-2992
-2533
-2479
-2275
-1745
-1305
-1086
-738
-166
216
134
-1
272
738
867
700
652
810
808
578
465
600
653
356
6
-42
57
-50
-363
-557
-484
-435
-576
-654
-520
-413
-507
-563
-372
-28
141
95
102
290
468
541
634
838
1009
938
791
827
960
857
623
579
572
283
-212
-567
-783
-1200
-1803
-2058
-2073
-2713
-4076
-5010
-4846
-4475
-4981
-5982
-6319
-6023
-6059
-6333
-5812
-4580
-3914
-4187
-4155
-2871
-1231
-512
-247
729
2080
2722
2893
3768
5346
6278
6099
6119
7180
8174
8061
7637
7962
8549
8293
7433
7133
7409
7105
5967
5126
5043
4771
3684
2480
1930
1680
929
-190
-884
-1190
-1874
-2881
-3436
-3428
-3575
-4249
-4888
-4903
-4626
-4683
-4882
-4720
-4392
-4304
-4331
-4038
-3374
-2863
-2816
-2784
-2356
-1812
-1494
-1235
-805
-360
-206
-245
-19
533
898
861
760
840
961
949
887
915
930
705
395
326
432
403
187
-54
-184
-220
-276
-359
-363
-341
-421
-524
-448
-202
31
103
103
237
475
638
721
787
876
949
981
953
838
615
396
242
125
44
-130
-572
-1225
-1805
-2082
-2101
-2201
-2850
-3983
-4905
-5060
-4778
-4839
-5404
-5881
-5968
-6074
-6172
-5610
-4523
-3911
-4086
-4085
-3131
-1721
-812
-327
463
1477
2096
2496
3374
4692
5576
5688
5824
6667
7645
7867
7645
7850
8331
8327
7826
7585
7726
7450
6455
5591
5467
5355
4450
3226
2503
2213
1603
603
-113
-496
-1219
-2299
-2959
-3020
-3158
-3804
-4542
-4750
-4606
-4685
-4865
-4729
-4373
-4262
-4330
-4145
-3551
-2993
-2882
-2838
-2430
-1945
-1760
-1601
-1188
-725
-535
-589
-450
-5
295
263
249
412
513
468
477
599
706
635
379
256
302
279
150
39
-40
-138
-264
-340
-268
-230
-330
-409
-308
-187
-143
-105
-14
114
220
278
406
553
558
512
580
648
561
469
402
260
59
-36
-46
-233
-748
-1262
-1490
-1592
-1797
-2137
-2736
-3618
-4317
-4396
-4197
-4390
-4979
-5408
-5507
-5562
-5470
-4821
-3939
-3641
-3837
-3540
-2383
-1120
-397
103
898
1844
2483
2997
3895
5006
5643
5695
5898
6686
7412
7447
7259
7552
7966
7817
7338
7220
7317
6862
5919
5346
5291
4897
3816
2765
2263
1858
1050
165
-364
-813
-1640
-2532
-2926
-2968
-3286
-3957
-4446
-4499
-4492
-4659
-4738
-4541
-4389
-4509
-4501
-4069
-3482
-3198
-3145
-2964
-2541
-2104
-1787
-1452
-1014
-688
-610
-495
-83
441
716
688
674
849
1004
1020
1077
1177
1112
859
656
644
684
584
347
119
24
-20
-75
-114
-112
-153
-296
-393
-329
-147
-40
-75
-156
-135
-41
56
104
171
277
229
71
-20
80
138
-61
-287
-346
-347
-493
-751
-1005
-1267
-1615
-1917
-1968
-1990
-2519
-3525
-4273
-4249
-3934
-4109
-4743
-5138
-5123
-5173
-5241
-4710
-3705
-3203
-3466
-3471
-2443
-1024
-190
228
1003
1994
2583
2988
3880
5124
5857
5878
5980
6693
7444
7547
7376
7585
7891
7680
7165
7010
7120
6777
5885
5198
5025
4719
3830
2861
2303
1862
1115
265
-286
-653
-1326
-2226
-2767
-2865
-3095
-3671
-4164
-4290
-4288
-4426
-4532
-4382
-4196
-4265
-4353
-4063
-3549
-3268
-3293
-3269
-2983
-2582
-2271
-1947
-1532
-1225
-1191
-1133
-712
-98
264
266
246
449
705
835
952
1117
1144
952
764
803
945
925
685
421
306
282
226
153
134
102
-45
-238
-271
-113
12
-22
-123
-164
-164
-177
-137
-29
68
88
25
-69
-116
-125
-197
-305
-303
-198
-238
-565
-979
-1171
-1152
-1243
-1481
-1644
-1842
-2499
-3408
-3721
-3279
-3049
-3706
-4591
-4795
-4531
-4549
-4639
-4140
-3374
-3284
-3635
-3251
-1910
-700
-311
-44
863
1962
2542
2972
3942
5090
5569
5527
5923
6869
7437
7263
7151
7580
7857
7451
6957
6962
6964
6344
5468
5046
4902
4297
3264
2494
2131
1613
773
57
-358
-852
-1650
-2360
-2626
-2792
-3285
-3888
-4158
-4177
-4278
-4442
-4442
-4330
-4357
-4458
-4289
-3793
-3409
-3406
-3496
-3300
-2841
-2422
-2141
-1872
-1561
-1343
-1193
-829
-192
331
469
473
663
991
1226
1338
1460
1480
1277
1014
954
1050
1007
699
349
179
113
-12
-165
-232
-270
-421
-612
-635
-507
-450
-523
-555
-482
-426
-442
-439
-365
-285
-247
-241
-285
-403
-534
-614
-640
-662
-699
-773
-899
-1048
-1145
-1174
-1167
-1184
-1259
-1355
-1452
-1664
-2070
-2457
-2546
-2481
-2657
-3061
-3314
-3341
-3424
-3533
-3311
-2785
-2442
-2413
-2245
-1641
-883
-289
246
916
1603
2124
2609
3310
4163
4807
5139
5433
5911
6395
6683
6862
7054
7153
6997
6725
6561
6438
6136
5657
5159
4666
4090
3447
2868
2365
1821
1175
509
-76
-584
-1080
-1589
-2070
-2469
-2819
-3177
-3488
-3659
-3761
-3956
-4189
-4225
-4046
-3896
-3898
-3910
-3796
-3648
-3537
-3331
-2958
-2579
-2383
-2303
-2088
-1656
-1206
-912
-699
-428
-167
-7
187
516
841
963
926
940
1030
1061
1018
967
884
703
484
349
266
159
21
-109
-225
-357
-460
-471
-442
-461
-528
-579
-600
-600
-560
-488
-417
-410
-475
-527
-488
-439
-451
-473
-445
-424
-529
-695
-745
-645
-560
-595
-650
-646
-675
-793
-887
-817
-690
-817
-1305
-1845
-2077
-2058
-2143
-2448
-2757
-2969
-3234
-3512
-3438
-2934
-2479
-2429
-2445
-2056
-1328
-603
79
838
1548
2055
2538
3286
4194
4893
5276
5580
5986
6413
6734
6947
7080
7066
6885
6659
6499
6327
5981
5462
4913
4390
3825
3202
2600
2034
1431
777
155
-373
-882
-1409
-1885
-2245
-2548
-2880
-3197
-3426
-3599
-3770
-3882
-3865
-3784
-3756
-3773
-3726
-3584
-3398
-3227
-3069
-2936
-2824
-2668
-2424
-2133
-1875
-1699
-1541
-1345
-1126
-924
-743
-548
-366
-293
-309
-276
-144
-7
31
25
43
49
9
-7
70
183
210
155
118
141
157
151
185
248
235
124
44
111
240
276
218
162
158
145
80
44
76
76
-37
-216
-305
-278
-252
-299
-411
-535
-640
-750
-834
-865
-855
-862
-904
-906
-820
-717
-677
-663
-550
-314
-149
-219
-428
-573
-606
-656
-739
-785
-892
-1202
-1528
-1547
-1256
-978
-858
-749
-525
-215
168
657
1206
1659
1954
2196
2535
2988
3412
3704
3887
4044
4175
4246
4282
4296
4228
4048
3833
3657
3484
3227
2892
2544
2230
1959
1702
1414
1094
796
580
449
359
232
20
-240
-449
-569
-663
-788
-958
-1177
-1427
-1627
-1738
-1826
-1983
-2184
-2352
-2489
-2626
-2740
-2814
-2892
-3018
-3117
-3094
-3015
-2995
-3024
-2970
-2782
-2531
-2280
-2024
-1764
-1528
-1283
-954
-565
-234
-27
105
254
431
604
753
854
892
876
852
863
891
900
855
760
653
551
482
423
344
255
161
100
70
47
24
-10
-31
-13
2
4
-20
-83
-178
-280
-344
-390
-481
-582
-647
-706
-793
-867
-857
-795
-755
-704
-597
-494
-440
-402
-313
-152
25
148
169
102
37
-26
-126
-241
-369
-564
-872
-1193
-1360
-1383
-1368
-1336
-1260
-1120
-941
-677
-268
210
652
1015
1348
1720
2088
2413
2702
2971
3204
3354
3455
3572
3694
3761
3768
3758
3738
3638
3440
3202
2981
2768
2541
2288
2023
1744
1469
1246
1078
941
782
580
343
84
-132
-301
-452
-619
-826
-1067
-1328
-1565
-1714
-1818
-1950
-2126
-2316
-2503
-2673
-2783
-2816
-2816
-2850
-2912
-2954
-2935
-2840
-2669
-2455
-2250
-2077
-1930
-1764
-1541
-1277
-1028
-837
-727
-678
-629
-526
-413
-356
-365
-416
-470
-499
-463
-390
-355
-371
-393
-365
-254
-118
-18
56
120
202
298
418
564
686
745
797
904
1029
1100
1105
1099
1086
1029
941
869
778
629
440
282
171
50
-99
-222
-316
-361
-363
-355
-353
-364
-364
-311
-224
-109
-9
17
-28
-78
-72
-22
11
-26
-153
-314
-453
-533
-548
-548
-537
-531
-536
-479
-332
-124
83
254
439
629
791
959
1144
1334
1468
1529
1592
1673
1750
1812
1854
1901
1912
1875
1841
1830
1843
1830
1759
1669
1571
1481
1397
1318
1259
1182
1063
937
828
729
616
494
384
258
105
-63
-198
-297
-395
-502
-616
-743
-890
-1043
-1160
-1241
-1326
-1458
-1621
-1764
-1852
-1892
-1897
-1881
-1885
-1926
-1933
-1851
-1713
-1581
-1491
-1425
-1374
-1316
-1219
-1101
-994
-928
-900
-885
-842
-752
-656
-600
-582
-554
-505
-449
-403
-373
-350
-326
-292
-239
-174
-120
-76
-21
65
180
292
388
467
535
604
674
749
795
785
741
694
642
565
496
441
374
276
144
31
-44
-73
-72
-78
-98
-125
-146
-124
-50
58
149
154
126
151
222
266
251
217
185
138
76
23
-1
-38
-105
-143
-125
-55
-1
18
58
120
188
247
301
371
402
385
383
403
448
484
501
546
598
642
680
742
860
973
1041
1103
1175
1262
1322
1369
1430
1448
1400
1334
1287
1255
1194
1098
985
848
699
557
443
360
275
165
32
-89
-164
-220
-286
-350
-403
-471
-576
-691
-772
-827
-900
-1006
-1123
-1220
-1301
-1367
-1400
-1401
-1392
-1396
-1399
-1353
-1259
-1163
-1093
-1036
-964
-887
-824
-757
-678
-614
-581
-555
-496
-417
-370
-350
-334
-301
-252
-196
-134
-77
-49
-35
2
75
177
246
263
254
259
289
316
323
310
262
188
101
48
15
-49
-116
-165
-175
-187
-224
-222
-195
-160
-131
-112
-59
-20
-26
-29
-21
2
2
-44
-68
-78
-99
-121
-141
-123
-90
-75
-64
-57
-46
-31
-17
25
74
95
89
88
121
178
222
242
240
211
171
136
127
141
138
90
34
2
20
66
135
233
336
429
514
610
724
852
972
1068
1113
1105
1067
1032
1026
1033
1007
941
861
782
725
696
714
736
705
643
588
566
560
543
528
500
436
350
272
221
173
96
1
-91
-166
-229
-311
-389
-462
-523
-573
-627
-656
-663
-670
-675
-686
-663
-628
-614
-608
-608
-588
-571
-576
-575
-568
-549
-536
-535
-514
-489
-473
-472
-469
-436
-421
-446
-487
-524
-532
-544
-565
-577
-596
-613
-625
-618
-567
-507
-475
-473
-472
-441
-406
-384
-367
-351
-338
-330
-317
-281
-224
-166
-123
-90
-49
-4
28
50
75
105
125
122
109
114
145
179
210
239
254
256
270
298
329
344
330
300
269
249
233
212
196
170
130
97
76
80
91
97
100
89
103
133
158
191
223
250
264
258
264
272
271
256
237
234
242
242
234
224
222
229
236
253
273
293
306
303
327
386
440
483
500
520
531
523
539
567
583
581
551
537
541
558
575
569
568
563
547
530
524
523
499
450
407
365
309
246
180
115
38
-30
-70
-98
-136
-180
-218
-239
-245
-246
-250
-267
-315
-364
-400
-418
-442
-491
-545
-595
-632
-657
-672
-680
-680
-682
-672
-658
-638
-627
-622
-613
-606
-604
-604
-605
-608
-615
-625
-626
-626
-630
-627
-620
-598
-575
-553
-530
-495
-459
-429
-408
-384
-364
-355
-346
-337
-323
-309
-296
-288
-279
-251
-198
-136
-79
-25
15
50
80
112
146
178
201
202
203
218
247
288
325
364
405
429
445
453
470
489
469
435
403
378
353
315
296
290
266
235
211
212
234
233
220
207
199
193
186
185
183
163
127
105
122
154
176
186
204
247
287
316
349
382
414
432
452
490
511
512
505
513
532
534
522
505
491
476
458
450
439
409
361
305
263
232
190
140
94
60
32
0
-11
-6
-10
-29
-46
-41
-28
-34
-54
-66
-75
-96
-121
-127
-120
-128
-157
-180
-177
-162
-155
-157
-164
-170
-189
-214
-230
-236
-250
-289
-332
-354
-373
-394
-421
-446
-470
-498
-528
-557
-571
-582
-601
-624
-642
-647
-640
-630
-615
-591
-571
-553
-548
-534
-506
-478
-460
-443
-427
-411
-388
-366
-329
-287
-254
-235
-217
-187
-146
-109
-79
-46
-26
-2
25
56
93
128
147
163
180
200
217
221
223
223
228
240
252
260
260
259
257
265
282
304
324
337
348
360
378
398
422
440
452
447
437
427
427
424
410
391
365
351
343
334
324
322
311
299
289
281
271
251
226
206
182
152
116
76
45
19
-10
-35
-45
-52
-57
-59
-46
-23
-3
7
14
24
31
42
53
66
79
82
75
74
80
89
96
95
93
87
74
60
51
42
30
9
-20
-47
-77
-99
-117
-125
-133
-154
-181
-202
-215
-227
-247
-277
-307
-334
-358
-375
-384
-374
-360
-350
-332
-301
-263
-226
-189
-154
-116
-83
-55
-31
-9
25
45
44
40
31
25
14
7
9
7
3
-5
-12
-13
-14
-28
-50
-71
-85
-96
-114
-131
-150
-168
-193
-209
-211
-214
-222
-234
-235
-222
-205
-189
-168
-144
-123
-100
-76
-34
14
53
79
104
134
161
181
200
223
241
245
239
239
242
240
225
216
205
184
153
123
105
90
74
50
26
5
-20
-40
-49
-51
-66
-93
-127
-149
-165
-175
-175
-178
-176
-170
-153
-123
-81
-33
14
58
109
157
197
234
272
301
310
312
310
305
295
275
253
233
208
184
165
151
140
125
105
86
76
57
33
15
2
-11
-32
-55
-74
-87
-103
-113
-117
-118
-114
-116
-112
-98
-75
-56
-40
-19
3
16
27
43
74
103
121
140
152
162
163
158
153
140
116
88
56
27
-1
-32
-59
-80
-101
-129
-160
-175
-174
-178
-181
-183
-186
-196
-199
-195
-185
-175
-171
-174
-176
-168
-153
-137
-118
-101
-82
-60
-31
2
34
63
86
109
131
156
173
179
176
170
162
147
128
100
75
45
10
-15
-34
-65
-96
-126
-150
-168
-182
-199
-213
-220
-227
-234
-234
-225
-220
-218
-213
-206
-199
-182
-162
-143
-126
-109
-89
-69
-40
-8
24
53
83
111
140
163
188
208
223
232
233
227
222
212
198
187
173
149
120
95
73
62
47
33
20
7
-6
-14
-13
-7
-9
-12
-15
-20
-22
-24
-25
-26
-29
-33
-29
-18
-6
5
17
30
46
63
83
106
122
128
130
135
143
149
146
141
131
113
92
75
61
43
18
-13
-33
-46
-60
-75
-85
-88
-92
-94
-86
-74
-65
-58
-58
-57
-49
-49
-52
-54
-55
-55
-53
-46
-34
-20
-11
1
18
37
56
75
94
113
129
142
150
153
151
140
126
113
96
77
53
30
4
-19
-42
-64
-88
-112
-133
-150
-162
-168
-173
-179
-182
-181
-173
-162
-151
-142
-136
-138
-142
-139
-129
-122
-117
-116
-115
-109
-101
-88
-72
-57
-41
-26
-8
16
38
55
70
81
84
86
84
75
60
50
39
33
26
20
17
18
23
30
37
43
48
50
58
70
82
94
101
102
104
105
105
101
97
86
76
68
63
66
63
59
54
46
43
43
39
36
36
31
27
21
14
2
-14
-30
-42
-52
-65
-75
-88
-100
-112
-118
-122
-127
-134
-138
-135
-127
-113
-92
-72
-52
-29
-7
13
32
48
58
61
63
62
65
67
71
70
66
73
79
84
89
94
101
109
118
126
136
141
140
133
123
114
99
79
55
30
8
-12
-32
-50
-66
-86
-107
-127
-139
-146
-150
-154
-157
-153
-149
-147
-144
-147
-152
-158
-160
-155
-146
-141
-138
-135
-133
-128
-124
-114
-98
-81
-67
-43
-15
10
28
45
64
79
92
104
117
125
133
131
132
134
133
129
124
120
115
111
107
105
103
107
112
113
121
128
129
124
118
110
97
82
70
54
38
22
3
-15
-32
-55
-72
-83
-86
-87
-84
-78
-69
-60
-59
-59
-57
-52
-53
-59
-66
-70
-79
-90
-98
-103
-105
-111
-114
-114
-102
-89
-80
-67
-50
-31
-13
8
35
57
70
76
86
97
104
107
112
115
113
108
100
101
96
88
79
76
82
86
88
90
95
96
90
84
73
61
39
15
-10
-36
-55
-72
-88
-102
-117
-129
-140
-145
-150
-149
-145
-140
-132
-127
-120
-112
-103
-99
-100
-102
-100
-105
-107
-105
-100
-95
-94
-96
-98
-97
-92
-82
-65
-41
-17
6
24
40
51
56
64
71
77
83
87
90
92
96
99
95
97
103
103
108
117
125
133
141
152
159
163
164
164
161
157
150
141
129
122
111
97
77
58
37
17
-2
-13
-23
-29
-37
-37
-38
-45
-50
-59
-66
-76
-87
-96
-103
-111
-118
-131
-139
-146
-155
-161
-163
-158
-155
-149
-137
-123
-107
-91
-79
-66
-48
-35
-27
-19
-8
1
10
20
28
37
47
53
57
64
72
78
84
93
101
108
115
119
121
119
111
104
100
89
78
68
57
47
31
16
3
-11
-30
-44
-54
-63
-69
-71
-68
-61
-57
-53
-52
-56
-55
-57
-58
-61
-66
-69
-71
-71
-67
-63
-65
-67
-65
-66
-65
-62
-56
-45
-34
-22
-6
9
21
31
39
47
55
59
63
71
77
76
71
66
68
66
66
70
71
70
65
63
64
65
63
61
62
57
50
41
34
26
17
10
5
1
-8
-15
-22
-32
-38
-45
-46
-42
-41
-39
-39
-41
-47
-50
-53
-60
-60
-59
-60
-62
-63
-64
-60
-54
-48
-40
-33
-24
-22
-15
-7
0
8
15
25
30
36
38
39
40
42
42
41
41
41
38
35
36
34
33
32
29
24
21
15
8
5
2
3
3
3
4
3
1
-2
-4
-6
-8
-17
-20
-22
-21
-21
-23
-23
-21
-20
-17
-14
-11
-7
-7
-7
-5
-4
-5
-4
-2
-2
2
3
6
10
11
10
7
8
7
7
7
9
12
11
8
6
3
-1
-5
-12
-14
-19
-23
-19
-20
-17
-14
-8
-8
-10
-8
-5
-3
-2
-3
0
-2
-3
-3
0
4
8
12
18
24
27
25
23
18
9
3
-4
-10
-13
-21
-27
-27
-26
-24
-24
-20
-14
-11
-7
-5
1
6
6
9
16
17
17
17
15
14
10
6
4
1
-1
-2
0
3
6
11
10
10
12
11
10
11
11
13
13
14
14
17
17
14
11
12
12
7
3
-1
-7
-11
-16
-19
-21
-24
-25
-29
-33
-39
-40
-44
-40
-36
-34
-31
-24
-20
-18
-10
-5
-1
2
6
8
8
9
12
14
20
25
26
27
24
25
24
29
28
26
26
24
22
20
16
16
17
18
16
14
15
14
14
16
17
19
20
27
30
32
32
29
20
13
2
-10
-19
-25
-30
-32
-31
-31
-28
-26
-22
-21
-19
-20
-18
-20
-21
-23
-27
-27
-27
-25
-23
-20
-19
-17
-14
-16
-18
-22
-28
-37
-45
-46
-47
-44
-40
-36
-25
-16
-6
3
11
21
29
35
40
48
54
58
59
59
62
64
61
55
53
51
45
39
34
27
18
12
9
8
9
8
5
3
-1
-6
-12
-14
-16
-18
-22
-24
-21
-22
-25
-29
-33
-37
-41
-43
-44
-46
-52
-55
-58
-62
-64
-60
-56
-48
-39
-33
-26
-20
-13
-6
-1
3
9
13
15
19
25
28
30
34
37
37
37
37
38
37
37
35
40
40
40
40
41
41
40
36
36
37
36
33
35
40
37
32
26
21
13
6
-1
-6
-11
-16
-21
-24
-27
-30
-33
-38
-40
-41
-41
-39
-37
-36
-33
-34
-35
-33
-31
-27
-21
-17
-14
-13
-12
-12
-14
-14
-15
-16
-13
-11
-11
-9
-7
-5
-3
-1
-2
0
2
2
5
10
18
21
28
35
38
41
44
47
46
45
40
37
37
34
31
25
21
18
13
10
5
0
-5
-9
-14
-19
-23
-24
-27
-27
-27
-27
-23
-23
-20
-22
-23
-25
-26
-28
-31
-31
-35
-35
-37
-36
-31
-27
-22
-18
-15
-12
-8
-7
-5
-4
-3
-1
3
7
14
17
20
25
30
31
35
39
39
37
35
33
30
28
28
30
28
27
27
26
23
20
18
15
10
5
2
2
0
-2
-4
-6
-10
-11
-14
-15
-15
-14
-10
-11
-12
-15
-18
-17
-19
-20
-17
-13
-12
-12
-14
-14
-15
-18
-18
-21
-19
-20
-22
-20
-18
-18
-17
-14
-10
-6
2
9
15
20
29
30
31
31
30
26
21
19
14
12
9
6
6
10
9
8
9
10
11
12
13
13
15
14
11
10
5
3
4
5
3
4
2
0
-1
-7
-8
-10
-16
-20
-25
-33
-37
-43
-46
-48
-47
-42
-37
-32
-26
-20
-16
-8
-4
-2
3
8
10
13
13
15
16
16
12
12
8
5
5
3
5
6
5
8
9
3
3
5
5
7
10
14
17
19
20
21
21
22
22
23
21
17
12
8
4
-3
-8
-7
-9
-9
-11
-12
-13
-13
-12
-7
-4
-1
0
2
-1
-3
-5
-7
-9
-12
-10
-9
-4
-2
1
3
4
4
3
5
2
2
-1
-1
-1
-2
-1
-1
-1
-2
-1
0
-1
2
4
9
13
18
20
22
22
21
19
15
13
10
9
7
2
-2
-1
-4
-8
-10
-12
-16
-17
-18
-19
-19
-21
-21
-22
-20
-16
-17
-16
-15
-14
-14
-12
-11
-10
-7
-5
-7
-9
-8
-7
-4
-5
-3
-2
0
1
1
3
6
6
6
6
7
4
2
2
1
3
5
9
11
16
20
22
25
26
27
28
26
25
19
17
17
15
15
12
8
7
3
-1
-4
-8
-12
-16
-20
-21
-19
-14
-12
-7
-4
-1
1
1
2
0
-4
-6
-10
-16
-18
-22
-26
-27
-29
-28
-28
-29
-27
-25
-22
-16
-10
-1
2
6
11
14
17
20
22
22
22
22
21
21
20
17
17
16
9
8
8
4
3
1
2
2
1
3
5
7
6
6
8
9
10
11
11
10
6
3
2
0
-1
-4
-3
-5
-5
-5
-7
-5
-6
-7
-12
-14
-16
-17
-17
-14
-14
-12
-7
-7
-7
-6
-7
-7
-6
-2
0
4
7
9
11
13
11
8
5
3
-3
-5
-3
-4
-2
0
2
3
6
7
7
6
6
5
6
6
6
6
8
7
6
5
4
5
7
9
10
12
10
9
6
1
-3
-7
-11
-15
-17
-20
-20
-25
-28
-26
-23
-23
-20
-16
-13
-10
-8
-4
-4
0
3
4
4
2
3
2
0
1
1
2
3
2
3
4
4
5
6
8
11
13
16
19
21
22
20
17
15
11
6
6
8
7
5
4
4
3
1
0
-1
-3
-3
-4
-3
-5
-5
-5
-8
-9
-13
-14
-14
-18
-19
-20
-19
-21
-19
-17
-17
-14
-14
-11
-8
-6
-4
-1
1
1
3
6
7
6
5
3
3
1
0
1
1
2
3
3
3
5
7
8
10
9
8
13
14
17
20
21
22
20
18
17
15
14
10
8
8
7
6
6
5
1
-4
-4
-2
1
2
5
6
6
8
8
11
10
8
5
4
-2
-6
-10
-15
-19
-23
-25
-25
-27
-26
-22
-20
-17
-15
-13
-13
-10
-9
-8
-5
-4
-2
-1
-1
1
-1
1
3
3
0
-2
-2
-5
-5
-6
-4
-3
-4
-4
-3
-2
-2
-2
1
1
1
2
7
8
10
12
12
13
11
13
8
8
3
3
2
2
4
3
1
0
-2
-3
-5
-5
-3
-4
-4
-5
-5
-5
-6
-7
-5
0
2
4
6
9
11
11
11
13
13
12
11
9
8
5
4
7
7
7
6
3
2
-1
-4
-4
-4
-3
-1
2
6
9
11
12
13
14
13
12
9
6
2
-3
-6
-9
-11
-15
-16
-19
-20
-21
-21
-21
-20
-16
-14
-13
-11
-10
-6
-5
-2
0
2
4
4
2
3
2
1
0
1
0
-1
0
-3
-3
-4
-5
-7
-6
-7
-7
-7
-6
-4
-2
2
3
3
5
5
6
8
8
10
12
13
12
12
11
13
13
12
13
12
12
11
8
3
1
0
-3
-6
-8
-11
-13
-12
-13
-11
-10
-7
-5
-1
2
4
3
1
0
-4
-4
-8
-9
-9
-9
-8
-7
-5
-6
-8
-7
-9
-11
-14
-12
-7
-5
-1
4
7
11
16
17
18
18
18
16
14
14
11
9
7
3
1
-1
-2
-2
-4
-4
-8
-8
-8
-7
-6
-3
-1
1
4
6
10
12
15
14
12
14
13
13
12
10
8
5
5
2
0
-2
-3
-5
-4
-5
-5
-7
-7
-7
-7
-5
-5
-2
-1
-1
-1
-2
-3
-3
-4
-1
-2
-1
0
-2
-4
-5
-7
-10
-11
-12
-15
-17
-19
-19
-19
-18
-16
-13
-13
-10
-7
-5
0
3
6
9
12
