0
-1
0
1
0
0
0
1
-1
-1
-1
0
-1
0
0
1
0
0
0
0
0
-1
0
0
0
0
0
1
1
0
1
0
-1
0
0
0
1
0
-1
0
0
0
0
0
0
0
-1
0
0
1
0
1
1
0
0
0
0
0
0
0
-1
0
-1
0
0
0
0
0
-1
0
0
-1
1
0
0
0
0
0
-1
0
-1
0
-1
1
1
-1
0
0
0
0
0
1
0
0
0
0
0
0
1
0
-1
0
1
0
0
0
-1
0
0
0
0
1
0
0
0
0
0
0
0
1
0
-1
-1
0
-1
-1
0
0
0
-1
0
-1
0
0
-1
0
0
0
0
0
1
1
0
1
0
1
1
0
-1
0
-1
0
-1
0
0
1
0
0
0
-1
-1
0
0
-1
-1
-1
-1
0
-1
0
1
0
0
0
-1
-1
1
1
0
0
1
0
0
0
1
0
0
1
1
0
0
-1
-1
0
0
0
1
0
1
-1
-1
0
0
0
0
1
0
0
-1
0
0
0
0
0
1
0
0
0
0
-1
-1
0
1
0
0
0
0
0
-1
1
0
0
0
0
0
1
-1
-1
-1
0
1
0
0
0
0
0
0
1
0
-1
0
1
1
0
0
1
0
0
1
1
1
0
0
0
0
-1
0
0
0
-1
0
0
0
-1
0
0
0
0
0
0
0
1
0
0
0
0
0
-1
1
0
0
0
0
-1
0
-1
-1
0
0
0
0
0
0
0
0
0
0
0
1
1
0
0
0
0
0
0
0
0
-1
-1
0
-1
0
0
0
0
1
0
0
0
0
0
0
0
0
1
-1
0
-1
1
0
0
0
-1
0
0
0
1
0
0
0
0
0
-1
-1
0
1
0
0
0
-1
0
0
0
1
0
0
0
0
0
1
1
1
0
2
0
-1
0
1
0
0
-1
-1
0
0
-1
0
0
-1
1
1
0
0
0
1
0
0
0
0
0
-1
0
0
0
0
0
1
0
0
-1
1
0
-1
0
-1
0
1
0
0
1
0
1
-1
1
0
1
0
0
0
0
0
-1
0
-1
0
0
0
0
0
0
0
0
0
0
0
-1
0
-1
0
0
0
1
0
0
-1
0
-1
0
0
0
-1
0
0
1
0
0
1
0
0
0
0
0
0
0
0
0
-1
0
1
0
1
1
0
0
0
-1
-1
0
-1
1
0
0
1
0
0
0
0
-1
1
-1
0
0
0
-1
-1
0
-1
-1
1
1
0
0
0
-1
0
0
0
0
-1
0
-1
-1
-1
0
0
0
0
0
0
0
0
0
0
0
1
1
0
1
1
1
1
1
0
0
0
0
0
-1
0
1
0
0
0
-1
0
0
0
0
0
0
0
0
0
0
1
0
1
1
0
1
0
0
-1
-1
-1
0
-1
0
0
0
0
0
0
1
0
1
0
0
0
0
-1
-1
0
-1
0
0
0
0
-1
-1
0
1
0
0
-1
0
-1
0
-1
-1
-1
0
0
1
1
1
1
1
1
0
1
0
0
-1
-1
1
0
0
0
1
0
1
0
0
-1
1
0
1
0
-1
0
0
0
0
0
0
0
0
0
-1
0
1
0
-1
1
1
1
1
0
0
0
1
-1
-1
-1
0
0
-1
0
0
-1
-1
-1
0
0
-1
0
0
1
0
0
0
0
0
-1
-1
0
0
0
-1
0
0
0
0
1
0
-1
0
1
-1
0
1
0
-1
1
1
0
1
0
0
1
0
0
1
0
-1
1
1
1
0
-1
-1
-1
1
0
0
-1
0
0
0
1
0
0
1
0
1
0
0
0
0
1
0
0
0
-1
0
1
0
1
-1
0
0
0
0
-1
0
-1
-1
0
0
0
0
0
0
1
1
0
0
-1
0
0
0
1
0
-1
0
0
1
0
1
0
0
0
0
0
0
-1
0
0
0
-1
0
-1
0
1
-1
1
0
0
0
0
0
-1
0
0
0
0
-1
-1
-1
1
0
0
0
0
0
0
-1
0
0
0
0
0
0
0
0
0
0
0
0
-1
0
0
0
0
0
1
0
0
-1
0
0
0
0
0
0
0
1
0
1
0
0
0
0
0
1
0
1
0
0
0
-1
0
-1
0
0
0
1
0
1
0
0
-1
0
0
0
0
0
0
0
0
0
0
0
0
0
1
0
1
-1
0
-1
0
-1
-1
0
0
0
0
0
0
1
0
0
1
0
0
1
0
0
0
0
0
0
0
0
-1
0
0
-1
1
1
0
-1
1
0
0
0
0
1
0
-1
0
0
1
0
0
-1
0
0
0
0
1
1
0
1
-1
0
0
0
0
-1
0
-1
0
0
0
0
0
1
-1
-1
0
0
0
0
0
-1
0
0
-1
0
0
0
0
0
-1
1
0
0
0
1
0
0
0
0
0
0
0
1
1
1
0
0
0
0
0
0
0
0
0
0
-1
0
0
0
0
0
0
-1
0
0
0
0
1
1
1
1
1
1
0
-1
0
0
0
0
0
1
0
0
0
-1
0
0
0
-1
-1
-1
0
0
1
0
0
0
0
0
1
0
1
0
0
0
1
1
1
0
-1
1
1
0
0
0
0
0
0
0
0
0
1
0
0
0
0
1
-1
1
0
-1
-1
0
0
0
-1
1
-1
0
0
0
0
0
-1
0
0
-1
0
0
1
0
0
1
1
0
0
1
0
0
0
1
0
-1
0
0
0
1
-1
-1
-1
-1
0
0
1
0
0
0
0
-1
0
0
1
-1
-1
1
0
0
0
0
0
-1
0
-1
0
1
-1
0
0
0
0
-1
0
0
0
0
0
0
0
-1
0
-1
0
0
0
1
1
0
1
0
0
0
1
0
1
-1
1
0
-1
-1
-1
-1
0
0
0
0
-1
0
0
1
0
1
0
0
0
0
0
0
1
0
-1
0
0
0
0
-1
-1
0
0
0
0
0
1
-1
0
0
-1
-1
1
0
0
0
0
1
0
0
1
0
-1
-1
0
0
1
0
0
0
0
-1
0
1
0
0
1
1
0
0
1
0
-1
-1
0
0
1
0
0
-1
0
0
1
0
0
-1
-1
0
0
0
0
0
0
1
0
-1
0
-1
-1
0
-1
0
0
0
0
0
0
0
0
0
0
1
0
0
1
1
-1
-1
0
0
0
0
0
0
0
1
0
0
1
0
1
1
0
0
1
0
2
0
-1
1
0
0
0
1
0
1
0
0
-1
-1
0
0
-1
-2
0
0
1
1
0
1
0
-1
-1
0
1
0
-2
0
1
0
0
-1
0
0
0
0
-1
-1
-1
0
0
0
0
0
0
1
0
0
-1
1
0
0
1
1
0
0
0
1
1
0
0
0
-1
0
-1
0
0
0
0
0
-1
-1
0
0
1
0
0
0
0
-1
0
0
0
0
0
1
-1
0
-1
0
1
1
1
-1
0
-1
-1
-1
0
0
0
0
0
-1
0
-1
-1
1
-1
0
0
-1
0
-1
0
0
0
0
0
0
0
0
-1
0
1
0
-1
0
0
0
0
1
0
0
0
-1
0
0
0
-1
-1
-1
0
0
-1
0
0
1
1
0
0
0
0
0
0
-1
0
0
0
0
0
1
-1
-1
0
0
1
0
-1
0
0
0
1
1
0
0
0
1
0
1
1
0
1
0
0
0
1
0
-1
0
0
0
1
0
0
0
-1
0
0
0
1
0
0
0
0
-1
0
0
0
-1
0
-1
1
0
0
1
1
1
0
1
-1
0
-1
0
0
-1
1
1
1
0
0
1
1
1
1
1
0
0
-1
0
0
0
-1
0
0
1
1
0
0
-1
0
-1
0
1
0
0
0
0
-1
0
0
0
0
0
0
0
0
0
0
0
0
-1
-1
0
0
0
0
-1
1
0
0
0
0
0
0
0
0
0
0
-1
0
0
0
0
-1
0
-1
0
1
0
1
1
1
1
1
-1
0
-1
-1
-1
-1
0
0
0
1
0
0
0
0
-1
1
0
1
1
0
0
0
1
0
1
0
0
0
-1
0
0
0
0
0
0
-1
0
0
0
-1
-1
0
-1
1
1
0
0
0
0
1
0
0
0
0
0
0
-1
0
0
0
0
0
-1
1
0
0
-1
0
0
0
-1
0
0
-1
0
0
1
0
2
-2
0
0
0
0
1
0
1
0
0
1
0
0
0
0
1
0
1
0
0
-1
0
-1
0
0
0
0
1
0
-1
-1
0
0
1
1
0
-1
0
0
0
1
1
1
0
0
0
0
-1
-1
0
-1
0
0
2
0
0
0
0
0
0
1
0
0
0
-1
0
0
-1
-1
0
0
-1
0
0
-1
-1
0
0
-1
-1
0
0
0
0
0
1
1
0
0
0
0
0
0
0
0
-1
-1
0
0
0
0
0
-1
1
0
-1
0
0
-1
1
0
1
1
0
0
1
1
0
-1
0
0
0
0
0
-1
0
0
0
0
1
0
0
1
-1
0
-1
-1
-1
-1
-1
0
0
1
0
0
1
0
0
1
1
-1
0
0
0
0
0
0
0
0
0
0
-1
0
1
0
1
1
1
1
0
0
0
0
0
-1
0
0
0
0
0
-1
0
0
-1
0
-1
0
0
0
-1
0
0
0
-1
0
1
0
0
0
0
1
1
0
1
1
1
1
1
1
0
0
0
1
0
-1
-1
-1
-1
-2
-2
-2
-2
-1
-2
-2
-3
-2
-2
-2
-2
-1
-1
-1
-2
-1
-1
0
0
1
1
-1
0
-1
0
1
1
1
1
1
1
2
1
1
1
1
1
1
1
2
2
2
1
2
2
2
3
1
2
3
1
2
3
1
2
3
2
2
2
1
1
1
1
0
1
0
0
0
-1
0
1
-1
-2
-2
-1
-2
-3
-2
-3
-2
-3
-2
-3
-3
-3
-2
-3
-3
-2
-3
-3
-2
-2
-1
-2
-1
-2
-2
-1
-1
0
-1
0
0
0
0
1
0
1
1
1
2
2
1
1
1
1
2
2
2
1
1
1
1
1
1
1
1
1
2
1
1
0
0
0
0
0
1
0
-1
0
-2
0
-1
-1
-1
-1
-2
-1
-2
-2
-1
-1
-1
-2
0
0
-1
-1
0
-1
-1
0
0
1
1
0
0
0
1
1
1
1
3
3
2
3
3
3
3
4
2
4
4
3
4
4
3
3
4
3
4
3
2
2
2
1
2
2
1
2
0
0
-1
-1
-2
-2
-2
-3
-2
-3
-3
-4
-4
-5
-5
-5
-4
-5
-4
-6
-6
-7
-5
-6
-6
-5
-6
-6
-5
-6
-5
-5
-5
-5
-4
-3
-3
-2
-2
-1
-2
-1
-1
0
-1
0
0
0
1
1
2
3
3
4
5
4
4
4
6
4
5
5
6
6
5
6
5
6
5
5
5
5
5
4
4
4
4
3
2
2
3
2
1
1
0
0
1
-1
-2
-1
-1
-1
-2
-1
-1
0
-1
-1
-1
-1
-1
0
0
0
0
-1
0
0
-1
-1
-1
-1
-2
-1
-2
-1
-2
-1
-1
0
-1
1
0
0
1
2
3
4
4
4
3
4
4
4
4
5
5
5
4
4
4
4
3
1
1
1
0
-1
-4
-5
-6
-8
-8
-9
-11
-13
-14
-15
-15
-16
-16
-18
-17
-18
-19
-19
-20
-19
-19
-17
-16
-14
-11
-9
-9
-7
-8
-9
-10
-9
-6
-1
3
7
10
10
7
4
4
7
12
17
18
19
20
22
22
18
16
20
34
52
64
72
74
77
76
72
65
56
56
59
65
64
60
55
50
45
36
22
10
7
5
1
-12
-27
-40
-50
-58
-70
-85
-100
-113
-123
-136
-149
-160
-160
-152
-147
-149
-158
-163
-162
-155
-146
-134
-112
-79
-43
-15
3
18
32
45
50
51
57
79
108
128
128
120
110
95
70
34
-1
-14
0
22
37
44
61
93
115
108
80
65
88
140
197
245
296
359
420
455
453
426
391
363
341
331
339
357
368
352
297
208
107
12
-71
-146
-203
-225
-216
-202
-215
-264
-345
-439
-526
-588
-616
-595
-541
-486
-451
-453
-502
-594
-712
-808
-843
-814
-781
-805
-903
-1041
-1186
-1330
-1479
-1612
-1674
-1624
-1475
-1269
-1043
-795
-533
-293
-88
103
325
601
912
1210
1484
1753
2029
2276
2442
2516
2518
2494
2453
2388
2302
2203
2099
1965
1778
1539
1271
1015
775
521
247
-21
-242
-394
-499
-573
-622
-644
-627
-586
-537
-478
-420
-353
-258
-143
-1
166
346
514
633
679
647
558
451
349
258
183
130
115
130
131
51
-150
-433
-727
-977
-1165
-1285
-1316
-1269
-1193
-1164
-1236
-1389
-1562
-1724
-1856
-1936
-1951
-1890
-1768
-1709
-1855
-2234
-2741
-3235
-3647
-3992
-4264
-4363
-4218
-3891
-3522
-3178
-2824
-2442
-2078
-1782
-1504
-1083
-439
360
1216
2065
2936
3835
4644
5252
5637
5883
6069
6207
6287
6354
6451
6552
6508
6199
5646
4930
4098
3135
2064
982
7
-802
-1465
-2002
-2418
-2783
-3182
-3659
-4166
-4608
-4912
-5076
-5103
-4927
-4492
-3843
-3075
-2297
-1525
-770
-36
656
1321
2017
2746
3492
4135
4621
4943
5136
5201
5065
4693
4148
3540
2922
2299
1683
1086
525
-20
-590
-1179
-1772
-2334
-2856
-3326
-3686
-3869
-3831
-3594
-3247
-2875
-2512
-2148
-1807
-1540
-1333
-1126
-872
-621
-456
-364
-312
-410
-890
-1850
-3069
-4178
-5051
-5847
-6667
-7320
-7553
-7407
-7165
-6958
-6612
-5961
-5144
-4448
-3882
-3154
-2035
-670
636
1801
3021
4438
5880
7037
7818
8380
8866
9194
9236
9072
8932
8887
8741
8287
7571
6798
6021
5073
3829
2423
1106
-16
-1011
-1908
-2624
-3111
-3479
-3889
-4336
-4677
-4802
-4766
-4664
-4488
-4138
-3566
-2837
-2061
-1282
-482
307
984
1516
1996
2527
3072
3486
3707
3853
4046
4260
4342
4188
3850
3408
2854
2124
1263
423
-285
-924
-1586
-2233
-2750
-3092
-3359
-3667
-4013
-4311
-4493
-4535
-4435
-4167
-3712
-3089
-2390
-1704
-1054
-432
125
531
759
900
1062
1244
1363
1361
1198
743
-185
-1598
-3203
-4659
-5907
-7131
-8335
-9201
-9484
-9299
-8937
-8460
-7714
-6734
-5833
-5192
-4563
-3569
-2189
-747
585
2002
3737
5669
7407
8701
9608
10253
10601
10548
10196
9849
9666
9495
9094
8453
7785
7192
6456
5334
3893
2408
1029
-304
-1618
-2687
-3327
-3700
-4136
-4684
-5082
-5165
-5143
-5298
-5542
-5542
-5165
-4583
-3947
-3181
-2170
-1048
-83
673
1394
2181
2913
3384
3585
3736
3986
4267
4432
4451
4391
4263
3948
3386
2691
1999
1283
461
-466
-1303
-1959
-2431
-2850
-3306
-3648
-3848
-3927
-3928
-3776
-3424
-2941
-2448
-1999
-1536
-974
-342
191
555
839
1177
1543
1757
1712
1467
1026
203
-1132
-2794
-4387
-5714
-6932
-8175
-9218
-9719
-9666
-9365
-8994
-8408
-7493
-6496
-5718
-5070
-4158
-2851
-1461
-244
966
2489
4287
5985
7324
8381
9277
9901
10064
9863
9619
9503
9335
8885
8227
7645
7214
6678
5790
4635
3481
2393
1213
-89
-1247
-2042
-2627
-3301
-4043
-4522
-4581
-4504
-4592
-4794
-4836
-4682
-4508
-4322
-3928
-3208
-2350
-1588
-872
-11
982
1856
2426
2780
3070
3317
3489
3627
3826
4070
4222
4199
4044
3834
3558
3085
2339
1412
474
-358
-1124
-1847
-2468
-2944
-3322
-3665
-3909
-3906
-3670
-3352
-3078
-2813
-2465
-2043
-1570
-1052
-516
-6
463
970
1518
1934
2046
1829
1322
430
-965
-2660
-4237
-5520
-6735
-8051
-9137
-9564
-9401
-9075
-8733
-8103
-7128
-6227
-5671
-5162
-4254
-3030
-1936
-1006
187
1879
3749
5386
6777
8117
9279
9914
10009
9906
9855
9729
9302
8616
7981
7563
7184
6600
5794
4949
4099
3067
1783
491
-522
-1316
-2196
-3195
-3966
-4232
-4181
-4214
-4370
-4371
-4144
-3979
-4073
-4116
-3756
-3151
-2727
-2480
-1949
-928
190
986
1555
2180
2801
3147
3226
3345
3577
3650
3401
3067
2952
3010
2954
2658
2242
1765
1110
223
-716
-1521
-2224
-2966
-3690
-4132
-4166
-3963
-3736
-3471
-3050
-2504
-2006
-1607
-1170
-631
-135
203
528
1033
1654
2066
2130
1967
1572
719
-716
-2425
-3981
-5358
-6825
-8326
-9359
-9621
-9414
-9144
-8721
-7848
-6697
-5789
-5234
-4574
-3524
-2404
-1568
-784
426
2068
3695
5098
6491
7963
9183
9829
10026
10098
10070
9705
8961
8133
7500
7018
6492
5860
5249
4694
4037
3117
2004
923
-65
-1114
-2308
-3420
-4155
-4505
-4697
-4831
-4731
-4322
-3836
-3522
-3315
-2984
-2572
-2310
-2203
-1939
-1335
-609
-1
563
1273
2004
2467
2643
2797
3019
3089
2876
2609
2532
2553
2433
2135
1851
1606
1218
586
-130
-756
-1345
-2017
-2714
-3215
-3414
-3416
-3319
-3066
-2558
-1869
-1219
-698
-206
308
725
926
1019
1229
1537
1690
1535
1197
806
156
-1007
-2533
-3983
-5216
-6537
-8053
-9294
-9836
-9877
-9858
-9675
-8863
-7516
-6296
-5477
-4614
-3350
-2078
-1260
-618
427
1888
3256
4390
5672
7220
8577
9344
9690
9983
10139
9824
9040
8139
7380
6657
5824
4993
4356
3895
3397
2705
1912
1151
404
-487
-1592
-2705
-3569
-4138
-4534
-4794
-4753
-4323
-3732
-3216
-2746
-2151
-1491
-1076
-961
-861
-545
-131
162
461
1000
1684
2206
2485
2785
3203
3456
3351
3076
2917
2815
2488
1963
1493
1143
690
6
-680
-1155
-1544
-2046
-2610
-2979
-3084
-3118
-3162
-3095
-2752
-2202
-1656
-1137
-525
221
928
1395
1689
2005
2307
2354
2020
1484
877
-9
-1352
-2921
-4290
-5445
-6749
-8205
-9278
-9636
-9604
-9594
-9383
-8559
-7366
-6405
-5729
-4787
-3418
-2164
-1376
-664
496
1923
3133
4170
5453
6939
8115
8740
9143
9600
9843
9535
8800
8050
7405
6664
5782
4955
4299
3694
2972
2188
1482
835
135
-720
-1680
-2587
-3319
-3817
-4117
-4260
-4182
-3880
-3446
-2984
-2493
-1897
-1329
-959
-731
-430
35
454
707
961
1326
1703
1939
2135
2491
2845
2969
2906
2880
2974
2918
2603
2219
1867
1470
890
224
-327
-821
-1370
-1967
-2455
-2690
-2785
-2833
-2817
-2670
-2364
-2031
-1724
-1350
-860
-301
166
526
916
1306
1520
1439
1173
817
122
-1102
-2589
-3912
-5046
-6365
-7840
-8915
-9304
-9358
-9423
-9205
-8288
-7033
-6081
-5393
-4396
-2998
-1834
-1170
-468
700
2022
3019
3926
5213
6685
7764
8327
8824
9435
9723
9397
8722
8080
7436
6520
5442
4530
3847
3181
2396
1686
1224
849
323
-413
-1216
-1952
-2639
-3265
-3766
-4032
-3992
-3749
-3413
-3013
-2470
-1769
-1136
-755
-502
-185
178
356
366
466
723
933
1054
1263
1727
2266
2558
2711
2941
3189
3178
2922
2648
2377
1919
1227
528
-18
-537
-1162
-1758
-2143
-2334
-2489
-2619
-2600
-2440
-2273
-2164
-2000
-1657
-1197
-768
-429
-74
346
673
747
579
316
-119
-1028
-2356
-3675
-4720
-5748
-7052
-8266
-8846
-8879
-8830
-8732
-8060
-6782
-5589
-4799
-3950
-2610
-1229
-451
27
895
2152
3195
3861
4729
6032
7220
7857
8216
8748
9257
9216
8641
7978
7391
6614
5515
4400
3538
2804
1977
1133
506
124
-232
-733
-1306
-1826
-2279
-2733
-3213
-3623
-3849
-3848
-3665
-3377
-2950
-2318
-1589
-935
-426
41
524
840
905
911
1005
1110
1097
1091
1351
1775
2114
2369
2696
3112
3344
3267
3067
2863
2525
1956
1280
677
133
-487
-1108
-1555
-1808
-1963
-2097
-2140
-1996
-1779
-1601
-1466
-1308
-1074
-873
-758
-597
-357
-129
-131
-359
-616
-1002
-1756
-2870
-4032
-4988
-5978
-7170
-8206
-8707
-8723
-8643
-8463
-7760
-6577
-5390
-4445
-3427
-2079
-794
69
751
1646
2719
3589
4268
5131
6183
7057
7595
8033
8552
8887
8756
8300
7782
7213
6391
5369
4400
3491
2539
1537
639
1
-518
-1011
-1453
-1826
-2141
-2465
-2751
-2972
-3195
-3375
-3443
-3387
-3197
-2884
-2374
-1742
-1168
-662
-102
499
964
1198
1332
1474
1538
1479
1439
1601
1872
2101
2323
2644
3021
3288
3385
3356
3219
2896
2366
1769
1202
631
18
-565
-1041
-1384
-1638
-1829
-1901
-1893
-1888
-1845
-1705
-1480
-1301
-1264
-1218
-1105
-1056
-1224
-1540
-1765
-2066
-2777
-3807
-4774
-5477
-6234
-7304
-8226
-8555
-8514
-8511
-8433
-7749
-6527
-5449
-4653
-3657
-2204
-779
122
886
1931
3075
3937
4554
5419
6500
7331
7830
8265
8821
9180
9057
8704
8309
7777
6944
5907
4974
4097
3085
1996
1012
233
-497
-1253
-1871
-2349
-2781
-3209
-3522
-3626
-3681
-3774
-3758
-3566
-3276
-2993
-2651
-2137
-1571
-1085
-633
-77
548
1048
1389
1719
2031
2268
2393
2495
2685
2790
2795
2855
3020
3180
3194
3123
3047
2863
2502
2040
1584
1122
546
-81
-588
-981
-1326
-1641
-1829
-1869
-1928
-1981
-1903
-1673
-1459
-1418
-1403
-1354
-1443
-1770
-2246
-2683
-3264
-4236
-5336
-6213
-6839
-7615
-8562
-9102
-9062
-8813
-8625
-8179
-7078
-5751
-4769
-3920
-2697
-1122
95
788
1625
2843
3983
4672
5310
6399
7556
8200
8503
8983
9632
9844
9459
8967
8543
7883
6802
5610
4674
3799
2722
1591
696
69
-605
-1359
-1962
-2457
-2993
-3579
-4056
-4302
-4471
-4623
-4616
-4416
-4056
-3641
-3145
-2480
-1803
-1200
-660
-112
484
970
1370
1751
2107
2465
2738
2978
3259
3479
3656
3767
3815
3844
3740
3542
3276
2905
2451
1888
1297
694
79
-473
-978
-1420
-1799
-2105
-2282
-2394
-2471
-2463
-2350
-2182
-2077
-1978
-1843
-1763
-1888
-2245
-2628
-3120
-3950
-5005
-6012
-6801
-7595
-8578
-9300
-9440
-9214
-8931
-8515
-7523
-6109
-4867
-3828
-2588
-1031
287
1106
1902
2968
4062
4822
5456
6409
7505
8235
8689
9264
9947
10263
10025
9621
9251
8609
7506
6247
5197
4166
2893
1587
602
-58
-751
-1535
-2123
-2498
-2919
-3513
-4037
-4298
-4510
-4843
-5107
-5088
-4834
-4527
-4127
-3503
-2729
-1990
-1321
-605
179
860
1361
1787
2179
2552
2852
3124
3423
3689
3889
4034
4113
4142
4079
3911
3620
3161
2626
2094
1554
942
268
-358
-878
-1336
-1763
-2058
-2189
-2274
-2340
-2350
-2199
-1988
-1859
-1777
-1694
-1665
-1873
-2298
-2736
-3270
-4134
-5239
-6298
-7125
-7969
-8945
-9623
-9751
-9548
-9314
-8888
-7855
-6426
-5166
-4086
-2777
-1176
213
1126
2011
3170
4258
4973
5577
6499
7553
8287
8767
9364
10060
10391
10234
9931
9592
8964
7908
6694
5606
4503
3207
1896
841
23
-782
-1587
-2192
-2599
-3018
-3528
-3970
-4236
-4463
-4754
-4967
-4922
-4708
-4495
-4205
-3705
-3035
-2356
-1736
-1054
-285
417
1006
1549
2090
2588
2988
3318
3650
3963
4247
4456
4574
4649
4615
4443
4121
3672
3161
2568
1872
1133
402
-280
-921
-1513
-1984
-2310
-2516
-2669
-2703
-2565
-2347
-2139
-1956
-1744
-1554
-1533
-1747
-2051
-2402
-3038
-4034
-5145
-6152
-7056
-8112
-9229
-9883
-10045
-10019
-9872
-9342
-8185
-6814
-5643
-4453
-2950
-1310
-49
832
1822
2968
3924
4566
5265
6303
7319
8032
8644
9444
10259
10655
10624
10477
10216
9596
8541
7351
6251
5010
3539
2128
995
46
-905
-1819
-2452
-2869
-3327
-3840
-4175
-4316
-4526
-4859
-5119
-5094
-4982
-4926
-4736
-4282
-3658
-3059
-2443
-1613
-666
197
917
1625
2373
3001
3463
3865
4250
4551
4707
4787
4887
4923
4852
4674
4411
4080
3617
3032
2365
1643
898
149
-606
-1326
-1955
-2469
-2913
-3267
-3426
-3365
-3201
-3045
-2770
-2370
-2052
-1955
-2056
-2198
-2532
-3337
-4421
-5442
-6354
-7357
-8584
-9581
-10007
-10081
-10004
-9684
-8820
-7491
-6220
-5097
-3770
-2187
-732
258
1071
2105
3162
3971
4603
5486
6586
7433
8064
8783
9690
10417
10656
10656
10627
10352
9628
8609
7581
6521
5195
3714
2427
1412
437
-601
-1491
-2136
-2695
-3298
-3821
-4121
-4359
-4729
-5119
-5316
-5334
-5314
-5284
-5072
-4622
-4097
-3527
-2808
-1896
-897
14
817
1635
2452
3140
3683
4113
4457
4703
4833
4882
4907
4880
4751
4513
4181
3823
3429
2907
2274
1602
883
143
-662
-1426
-2036
-2595
-3098
-3494
-3687
-3642
-3560
-3435
-3112
-2728
-2445
-2357
-2417
-2452
-2774
-3592
-4573
-5513
-6397
-7448
-8675
-9562
-9883
-9971
-9940
-9546
-8533
-7137
-5898
-4700
-3183
-1528
-182
702
1552
2603
3483
4052
4651
5559
6572
7299
7914
8763
9688
10292
10463
10528
10525
10175
9424
8471
7534
6460
5113
3764
2644
1662
688
-261
-1004
-1579
-2148
-2707
-3134
-3416
-3740
-4161
-4503
-4666
-4753
-4886
-4965
-4811
-4532
-4216
-3815
-3227
-2418
-1616
-883
-71
792
1627
2357
2952
3511
3988
4311
4500
4617
4685
4653
4450
4206
3970
3680
3322
2848
2329
1742
1083
362
-400
-1118
-1814
-2501
-3120
-3608
-3874
-3942
-3933
-3801
-3513
-3166
-2866
-2719
-2676
-2707
-3069
-3868
-4795
-5654
-6529
-7604
-8791
-9567
-9840
-9946
-9881
-9382
-8270
-6872
-5634
-4349
-2719
-1019
293
1167
2063
3082
3860
4319
4809
5613
6431
7001
7580
8415
9357
9966
10183
10354
10429
10141
9445
8552
7641
6527
5148
3800
2670
1661
649
-269
-939
-1442
-1921
-2354
-2614
-2819
-3165
-3601
-3906
-4059
-4228
-4442
-4602
-4525
-4338
-4102
-3711
-3135
-2404
-1656
-914
-81
785
1551
2201
2746
3210
3569
3777
3914
4017
4063
4018
3890
3750
3629
3465
3191
2816
2383
1885
1341
755
94
-587
-1288
-1988
-2576
-3036
-3338
-3487
-3552
-3489
-3227
-2837
-2496
-2315
-2282
-2303
-2553
-3287
-4274
-5192
-6084
-7153
-8462
-9517
-9943
-10077
-10118
-9785
-8857
-7485
-6160
-4908
-3306
-1531
-95
880
1728
2723
3593
4106
4549
5214
5963
6511
7023
7736
8624
9326
9637
9857
10043
9931
9428
8686
7847
6869
5597
4242
3090
2098
1116
173
-539
-977
-1333
-1687
-1899
-1965
-2103
-2429
-2767
-2988
-3210
-3583
-4008
-4221
-4253
-4258
-4145
-3769
-3143
-2447
-1808
-1051
-120
748
1463
2077
2644
3109
3325
3409
3505
3542
3460
3324
3233
3191
3114
2990
2872
2699
2373
1916
1425
872
192
-592
-1372
-2085
-2739
-3298
-3626
-3712
-3678
-3557
-3251
-2776
-2341
-2098
-2021
-2035
-2321
-3068
-4060
-4988
-5925
-7067
-8360
-9366
-9807
-10010
-10075
-9693
-8689
-7318
-6040
-4754
-3103
-1323
56
995
1893
2904
3665
4032
4421
5101
5789
6219
6669
7444
8378
9063
9430
9807
10138
10044
9545
8843
8048
7010
5584
4115
2909
1801
711
-250
-911
-1272
-1590
-1830
-1841
-1727
-1729
-1914
-2100
-2245
-2498
-2934
-3394
-3683
-3877
-4061
-4049
-3748
-3226
-2607
-1943
-1116
-191
637
1363
2012
2582
3011
3208
3292
3339
3291
3148
2963
2850
2779
2692
2575
2505
2438
2203
1837
1426
945
299
-462
-1224
-1921
-2588
-3199
-3615
-3744
-3671
-3500
-3159
-2658
-2170
-1840
-1713
-1712
-1923
-2583
-3575
-4601
-5632
-6778
-8050
-9130
-9699
-9976
-10071
-9708
-8780
-7452
-6121
-4806
-3189
-1458
-59
958
1831
2737
3445
3825
4179
4735
5361
5828
6308
7060
7971
8739
9244
9681
10048
10048
9647
9010
8221
7179
5778
4306
3055
1922
810
-155
-788
-1119
-1423
-1686
-1692
-1507
-1455
-1687
-1966
-2135
-2386
-2869
-3457
-3848
-4057
-4299
-4438
-4250
-3719
-3097
-2465
-1644
-633
319
1082
1745
2391
2897
3127
3199
3270
3302
3167
2961
2856
2842
2761
2630
2557
2513
2349
2009
1625
1186
600
-126
-891
-1616
-2349
-3115
-3701
-4014
-4087
-4042
-3854
-3385
-2789
-2273
-1877
-1593
-1427
-1615
-2270
-3108
-3993
-4991
-6195
-7501
-8491
-9065
-9451
-9554
-9167
-8248
-7007
-5756
-4363
-2724
-1146
94
1028
1877
2665
3213
3566
3998
4571
5106
5579
6185
7026
7906
8610
9178
9695
10005
9913
9480
8811
7924
6692
5210
3822
2586
1372
247
-605
-1122
-1466
-1753
-1809
-1634
-1485
-1498
-1588
-1666
-1834
-2220
-2709
-3173
-3634
-4070
-4352
-4386
-4226
-3910
-3414
-2694
-1834
-937
29
1004
1843
2498
3000
3399
3640
3628
3490
3367
3211
2990
2779
2669
2631
2517
2288
2066
1827
1432
861
201
-462
-1173
-1985
-2770
-3364
-3794
-4130
-4274
-4133
-3760
-3264
-2735
-2166
-1574
-1201
-1124
-1296
-1785
-2561
-3552
-4689
-5803
-6939
-8043
-8758
-9080
-9075
-8730
-8035
-6865
-5461
-4152
-2792
-1337
-4
1008
1685
2285
2895
3333
3631
4026
4606
5212
5805
6497
7337
8195
8822
9242
9570
9626
9315
8719
7880
6857
5598
4198
2932
1811
796
-52
-663
-1030
-1253
-1398
-1402
-1327
-1319
-1427
-1606
-1852
-2201
-2631
-3102
-3553
-3956
-4260
-4336
-4181
-3884
-3402
-2752
-1973
-1127
-311
517
1305
1925
2393
2779
3066
3216
3198
3134
3082
2994
2864
2763
2716
2667
2524
2275
1987
1643
1136
448
-246
-952
-1711
-2454
-3095
-3558
-3889
-4122
-4105
-3807
-3373
-2855
-2272
-1658
-1106
-816
-756
-852
-1276
-2058
-3054
-4131
-5158
-6266
-7414
-8212
-8607
-8741
-8616
-8142
-7191
-5993
-4884
-3716
-2331
-969
76
838
1605
2417
3037
3461
4014
4770
5451
5992
6611
7408
8192
8701
8993
9240
9278
8934
8286
7487
6584
5437
4104
2893
1886
990
208
-382
-725
-925
-1091
-1173
-1143
-1168
-1335
-1586
-1857
-2202
-2623
-3078
-3486
-3810
-4127
-4238
-4078
-3757
-3270
-2676
-1968
-1127
-328
450
1231
1869
2330
2682
2991
3267
3392
3360
3305
3243
3109
2928
2779
2646
2413
2039
1607
1211
738
91
-583
-1211
-1803
-2372
-2863
-3151
-3330
-3506
-3540
-3308
-2915
-2529
-2124
-1598
-1077
-771
-683
-645
-710
-1214
-2138
-3085
-3911
-4791
-5932
-7036
-7655
-7994
-8299
-8365
-7892
-6940
-5981
-5156
-4045
-2614
-1310
-370
404
1345
2241
2818
3291
4021
4875
5522
6001
6636
7475
8161
8501
8710
8961
8990
8611
8001
7354
6564
5467
4219
3140
2229
1335
496
-146
-559
-901
-1226
-1421
-1501
-1610
-1838
-2123
-2368
-2622
-2931
-3269
-3543
-3695
-3782
-3768
-3608
-3268
-2728
-2166
-1595
-956
-309
334
873
1311
1768
2144
2402
2606
2771
2922
2983
2953
2937
2912
2790
2561
2275
1935
1512
986
386
-216
-835
-1486
-2078
-2543
-2858
-3033
-3125
-3128
-2994
-2731
-2367
-1957
-1572
-1132
-650
-271
-36
82
102
-59
-596
-1404
-2207
-3055
-4039
-5165
-6242
-7002
-7570
-8048
-8210
-7940
-7306
-6544
-5734
-4657
-3337
-2087
-1037
-89
892
1811
2501
3104
3815
4542
5093
5567
6163
6868
7496
7932
8278
8606
8738
8566
8214
7724
7021
6041
4912
3884
2923
1910
951
190
-367
-866
-1304
-1545
-1643
-1800
-2080
-2317
-2438
-2591
-2843
-3103
-3253
-3329
-3422
-3388
-3124
-2753
-2415
-2060
-1584
-1051
-595
-186
229
613
898
1125
1436
1800
2062
2240
2454
2684
2854
2905
2917
2865
2594
2177
1711
1180
566
-152
-837
-1405
-1954
-2453
-2757
-2860
-2838
-2773
-2615
-2271
-1839
-1434
-1045
-662
-266
90
324
443
460
342
53
-500
-1275
-2099
-2980
-3966
-5044
-6104
-6922
-7528
-8013
-8204
-8015
-7482
-6746
-5921
-4873
-3605
-2357
-1239
-222
773
1694
2431
3056
3695
4343
4870
5317
5841
6423
6994
7440
7796
8139
8301
8225
7968
7508
6853
5967
4909
3871
2826
1772
807
3
-602
-1089
-1465
-1654
-1719
-1791
-1896
-1944
-1937
-1986
-2116
-2241
-2276
-2300
-2372
-2350
-2189
-1978
-1790
-1589
-1262
-893
-623
-382
-82
206
430
638
928
1276
1524
1708
1989
2295
2466
2513
2558
2578
2378
1956
1508
1080
518
-201
-843
-1287
-1673
-2075
-2354
-2380
-2309
-2278
-2167
-1858
-1472
-1188
-935
-530
-89
219
442
697
959
978
715
422
47
-651
-1631
-2657
-3571
-4543
-5729
-6789
-7409
-7802
-8157
-8264
-7844
-7038
-6234
-5444
-4323
-2930
-1736
-846
37
1049
1923
2476
2958
3689
4422
4857
5229
5807
6512
7022
7239
7489
7768
7733
7399
6974
6543
5931
5022
4103
3332
2573
1767
1041
551
187
-192
-494
-642
-714
-871
-1103
-1265
-1432
-1703
-2018
-2295
-2506
-2727
-2921
-2920
-2766
-2577
-2363
-2035
-1599
-1205
-897
-589
-243
16
148
301
533
761
970
1205
1544
1891
2124
2324
2509
2579
2461
2189
1858
1409
798
141
-445
-985
-1507
-1956
-2239
-2328
-2325
-2217
-1939
-1529
-1142
-812
-428
13
360
542
685
880
950
803
534
272
-44
-670
-1538
-2340
-3082
-3968
-5049
-6005
-6592
-7062
-7539
-7756
-7488
-6906
-6364
-5760
-4774
-3565
-2493
-1613
-668
442
1350
1946
2535
3266
3932
4311
4627
5136
5706
6097
6342
6701
7088
7203
7093
6955
6816
6476
5824
5119
4500
3816
3042
2305
1750
1294
786
340
44
-209
-545
-942
-1259
-1546
-1951
-2374
-2682
-2894
-3105
-3315
-3372
-3262
-3115
-2958
-2724
-2408
-2105
-1865
-1610
-1307
-1019
-764
-504
-162
236
609
1004
1433
1865
2252
2546
2755
2852
2785
2583
2268
1828
1291
722
157
-384
-875
-1285
-1542
-1661
-1687
-1579
-1350
-1056
-755
-494
-227
35
205
279
294
310
354
338
241
138
47
-109
-454
-981
-1553
-2166
-2934
-3885
-4869
-5728
-6496
-7215
-7712
-7840
-7655
-7290
-6741
-5851
-4685
-3508
-2419
-1347
-285
643
1334
1927
2516
3043
3451
3815
4274
4804
5323
5844
6409
6953
7371
7668
7867
7891
7669
7233
6663
5987
5182
4316
3497
2721
1955
1240
668
235
-163
-553
-885
-1150
-1442
-1812
-2196
-2557
-2942
-3363
-3750
-4003
-4128
-4190
-4156
-3983
-3682
-3302
-2883
-2384
-1816
-1267
-767
-310
131
566
940
1260
1558
1827
2080
2297
2467
2608
2689
2692
2608
2429
2172
1851
1463
1012
541
103
-286
-644
-964
-1189
-1294
-1331
-1338
-1284
-1168
-1021
-930
-819
-620
-421
-272
-159
8
193
282
252
174
34
-332
-964
-1677
-2394
-3236
-4272
-5356
-6228
-6928
-7583
-8049
-8130
-7849
-7416
-6880
-6041
-4896
-3743
-2738
-1739
-652
344
1099
1750
2483
3212
3749
4202
4806
5522
6145
6646
7168
7726
8130
8302
8351
8307
8050
7503
6807
6105
5341
4450
3530
2698
1969
1302
699
219
-171
-583
-1024
-1440
-1846
-2294
-2797
-3310
-3778
-4207
-4559
-4772
-4833
-4769
-4590
-4295
-3853
-3307
-2717
-2133
-1550
-976
-467
-7
412
832
1208
1513
1823
2175
2524
2823
3067
3280
3461
3534
3475
3325
3084
2712
2202
1616
1036
454
-136
-682
-1138
-1491
-1761
-1959
-2061
-2078
-2062
-2029
-1985
-1933
-1857
-1763
-1681
-1607
-1496
-1318
-1117
-945
-798
-663
-602
-752
-1101
-1504
-1980
-2667
-3559
-4464
-5242
-5963
-6668
-7166
-7278
-7109
-6818
-6316
-5444
-4323
-3227
-2201
-1101
48
1042
1833
2578
3324
3929
4334
4714
5224
5725
6105
6444
6868
7297
7559
7695
7780
7776
7522
7057
6526
5937
5217
4356
3467
2644
1859
1099
415
-161
-652
-1133
-1571
-1920
-2229
-2555
-2900
-3225
-3502
-3764
-3990
-4130
-4184
-4184
-4135
-3960
-3626
-3210
-2772
-2276
-1685
-1043
-422
196
838
1448
1955
2371
2771
3128
3367
3468
3484
3460
3352
3145
2893
2620
2304
1902
1460
1046
626
149
-378
-901
-1383
-1859
-2335
-2739
-3054
-3292
-3484
-3604
-3585
-3445
-3253
-3039
-2777
-2436
-2079
-1792
-1543
-1280
-1059
-953
-946
-936
-940
-1102
-1420
-1732
-1982
-2295
-2737
-3146
-3387
-3572
-3804
-3936
-3800
-3510
-3231
-2880
-2277
-1508
-809
-175
549
1323
1946
2406
2879
3386
3750
3923
4101
4365
4568
4650
4771
5006
5212
5299
5375
5502
5547
5380
5094
4808
4434
3870
3205
2590
2005
1344
686
185
-181
-542
-896
-1118
-1214
-1330
-1538
-1737
-1870
-2043
-2322
-2600
-2776
-2905
-3065
-3172
-3091
-2848
-2542
-2179
-1692
-1089
-490
50
580
1106
1520
1761
1917
2041
2080
1988
1833
1699
1553
1351
1145
1007
904
740
522
322
138
-142
-519
-895
-1269
-1701
-2183
-2602
-2919
-3195
-3456
-3605
-3588
-3503
-3404
-3232
-2968
-2701
-2488
-2259
-1980
-1732
-1568
-1402
-1164
-913
-691
-428
-76
277
553
808
1080
1269
1273
1149
983
717
303
-175
-596
-978
-1356
-1634
-1720
-1650
-1497
-1236
-836
-374
60
485
928
1310
1574
1779
1958
2080
2133
2190
2293
2404
2531
2723
2980
3230
3432
3611
3755
3809
3736
3575
3318
2954
2494
1980
1454
915
387
-83
-459
-750
-979
-1139
-1237
-1281
-1285
-1269
-1240
-1201
-1139
-1064
-985
-882
-735
-545
-329
-86
201
520
845
1148
1422
1651
1802
1860
1840
1750
1574
1315
997
670
340
-10
-339
-639
-912
-1180
-1450
-1699
-1939
-2222
-2553
-2874
-3169
-3476
-3774
-4009
-4156
-4233
-4228
-4105
-3838
-3491
-3123
-2693
-2198
-1707
-1262
-846
-435
-91
164
376
573
735
847
955
1082
1208
1298
1369
1420
1432
1370
1241
1076
864
586
273
-38
-326
-575
-771
-893
-930
-869
-737
-559
-333
-62
204
430
627
813
966
1062
1127
1187
1246
1291
1328
1402
1511
1630
1749
1882
2021
2138
2214
2264
2284
2244
2141
1996
1825
1619
1382
1132
894
682
484
315
188
101
38
-3
-21
-20
-16
-16
-9
13
45
78
122
194
291
392
504
636
767
872
955
1011
1005
928
785
599
369
88
-225
-542
-853
-1158
-1444
-1691
-1887
-2072
-2247
-2393
-2522
-2654
-2788
-2912
-3020
-3104
-3158
-3154
-3078
-2936
-2725
-2452
-2126
-1758
-1374
-1006
-673
-393
-154
41
172
247
301
336
357
392
465
566
672
785
911
1015
1068
1079
1062
1001
870
693
519
360
195
40
-56
-100
-120
-118
-67
4
35
22
-10
-53
-138
-262
-387
-475
-538
-585
-568
-456
-279
-74
174
473
795
1091
1343
1567
1756
1870
1918
1949
1974
1967
1924
1877
1854
1818
1760
1724
1713
1679
1600
1490
1380
1244
1053
832
645
488
334
198
121
96
92
107
160
239
305
352
374
367
306
196
48
-124
-306
-488
-644
-775
-884
-979
-1052
-1116
-1178
-1234
-1295
-1375
-1481
-1601
-1725
-1850
-1960
-2035
-2069
-2056
-1981
-1855
-1688
-1494
-1296
-1102
-938
-803
-696
-626
-598
-600
-608
-604
-591
-562
-492
-393
-296
-195
-91
7
78
124
158
164
143
115
100
101
104
125
182
263
337
398
472
527
542
514
485
453
389
303
215
151
104
58
39
53
87
118
150
205
254
280
285
297
319
341
354
376
425
483
541
613
705
805
878
944
1007
1050
1067
1077
1087
1094
1092
1094
1097
1104
1110
1118
1120
1110
1094
1064
1017
931
822
709
586
440
279
144
17
-126
-270
-396
-504
-617
-728
-805
-848
-889
-925
-937
-911
-865
-812
-743
-651
-558
-481
-419
-385
-374
-393
-431
-477
-530
-586
-643
-692
-730
-758
-776
-779
-777
-763
-751
-742
-733
-720
-687
-644
-588
-513
-428
-330
-224
-121
-25
58
139
206
250
275
279
266
228
173
115
58
8
-36
-72
-90
-115
-147
-174
-187
-196
-215
-230
-233
-244
-269
-289
-297
-296
-300
-305
-298
-279
-255
-241
-212
-182
-172
-166
-152
-124
-107
-97
-68
-16
50
131
235
363
494
618
739
861
960
1031
1083
1124
1151
1162
1169
1186
1209
1227
1247
1277
1301
1301
1260
1179
1064
896
692
477
258
51
-132
-281
-383
-434
-444
-411
-347
-273
-199
-134
-89
-71
-84
-111
-133
-162
-194
-202
-192
-171
-143
-116
-95
-85
-98
-133
-187
-259
-351
-450
-539
-613
-673
-715
-736
-735
-731
-725
-710
-702
-700
-697
-708
-725
-738
-748
-750
-734
-700
-645
-575
-489
-391
-286
-174
-70
33
144
258
352
431
499
549
569
566
550
517
460
387
313
238
157
69
-10
-73
-133
-196
-242
-266
-287
-311
-333
-344
-348
-355
-369
-376
-362
-335
-298
-246
-163
-64
40
148
260
371
471
539
586
625
640
626
604
588
558
516
485
465
438
397
354
308
248
167
73
-26
-116
-205
-287
-342
-363
-357
-322
-259
-177
-78
27
129
225
309
370
414
447
467
479
488
499
506
515
539
561
569
571
564
543
499
435
354
260
148
27
-87
-179
-260
-324
-370
-383
-389
-394
-389
-381
-374
-388
-406
-420
-425
-438
-444
-423
-394
-355
-307
-244
-178
-121
-87
-52
-20
-15
-30
-55
-85
-115
-154
-187
-215
-238
-263
-290
-318
-346
-374
-414
-442
-465
-481
-490
-486
-469
-438
-401
-364
-315
-270
-226
-197
-164
-118
-82
-46
-12
33
82
133
183
235
285
324
345
356
353
331
294
260
215
164
121
81
44
13
-8
-18
-26
-30
-27
-32
-35
-49
-71
-94
-115
-138
-153
-152
-144
-124
-98
-53
2
57
116
177
241
303
352
385
420
440
444
445
444
439
436
438
444
455
463
474
489
506
516
523
529
524
504
471
437
399
356
308
264
228
195
161
136
114
88
63
34
7
-22
-53
-79
-97
-115
-129
-128
-116
-105
-91
-71
-51
-34
-29
-32
-47
-80
-122
-170
-229
-300
-377
-451
-523
-590
-653
-697
-724
-737
-741
-728
-698
-667
-636
-601
-562
-523
-493
-467
-432
-398
-368
-336
-297
-263
-234
-206
-179
-153
-136
-132
-133
-127
-122
-120
-116
-97
-77
-64
-46
-28
-19
-20
-31
-43
-56
-69
-81
-88
-78
-63
-49
-25
10
36
59
84
111
133
151
171
193
218
248
283
322
377
427
470
509
535
550
554
553
550
550
544
535
538
541
546
559
574
591
600
598
593
592
575
540
496
445
385
314
242
167
99
45
-3
-32
-45
-50
-46
-30
-13
-4
15
25
26
21
10
-7
-22
-37
-45
-49
-48
-44
-40
-32
-28
-27
-31
-36
-51
-77
-98
-116
-137
-156
-171
-191
-211
-234
-258
-286
-318
-349
-384
-415
-450
-488
-522
-553
-584
-607
-622
-632
-638
-637
-636
-632
-626
-608
-593
-578
-553
-530
-513
-494
-471
-455
-442
-434
-425
-416
-398
-378
-353
-320
-290
-245
-199
-153
-109
-70
-38
-12
7
22
40
52
67
82
104
126
163
206
252
304
354
407
457
511
559
595
628
659
686
711
724
728
726
722
711
684
670
641
605
570
528
485
440
398
359
322
285
246
211
180
150
128
118
120
119
127
139
151
173
200
233
264
296
326
348
369
388
407
425
434
441
438
424
410
379
337
293
237
174
108
40
-29
-104
-177
-245
-314
-385
-456
-525
-592
-654
-715
-768
-810
-843
-872
-885
-889
-890
-879
-861
-831
-802
-771
-738
-703
-675
-647
-620
-592
-568
-540
-510
-479
-448
-417
-382
-341
-304
-272
-239
-214
-193
-176
-160
-148
-137
-125
-114
-98
-77
-47
-19
18
53
87
124
158
190
218
245
268
291
314
336
357
376
390
411
427
439
447
444
430
410
382
349
310
271
231
186
148
116
93
83
84
90
104
125
145
168
194
219
247
275
302
341
385
424
467
518
569
616
662
710
746
768
779
777
769
748
713
667
611
546
472
399
325
252
176
101
33
-37
-104
-171
-235
-299
-362
-423
-479
-524
-561
-585
-603
-617
-617
-610
-601
-581
-556
-526
-492
-459
-427
-393
-360
-325
-289
-263
-237
-211
-192
-179
-169
-165
-163
-159
-163
-171
-183
-190
-202
-224
-242
-263
-291
-316
-342
-361
-383
-398
-408
-410
-405
-396
-379
-350
-322
-299
-277
-252
-233
-219
-212
-202
-194
-193
-187
-177
-163
-147
-131
-107
-79
-54
-30
-4
26
60
98
139
176
212
249
274
301
328
350
368
384
395
406
412
423
441
456
479
499
512
528
534
536
536
530
517
501
481
459
435
409
389
366
348
333
314
295
281
262
240
222
203
180
154
127
98
64
25
-12
-46
-77
-106
-132
-156
-173
-186
-196
-197
-191
-181
-173
-159
-149
-135
-124
-116
-108
-98
-85
-76
-65
-51
-41
-34
-22
-24
-29
-38
-46
-62
-80
-98
-117
-129
-147
-163
-183
-202
-222
-240
-261
-278
-293
-310
-328
-347
-365
-375
-375
-375
-372
-369
-364
-356
-341
-331
-311
-286
-263
-239
-214
-193
-173
-152
-130
-108
-82
-59
-30
-3
28
54
72
92
106
114
119
123
120
116
107
93
82
73
67
63
58
60
71
86
102
123
149
169
186
201
213
218
220
220
223
232
240
248
255
254
251
255
250
243
238
236
229
216
202
189
173
151
129
105
85
65
46
30
20
8
2
11
14
19
23
31
37
40
44
51
58
63
64
74
79
83
83
85
88
80
71
67
58
43
30
17
4
-12
-25
-45
-69
-91
-116
-140
-163
-182
-198
-217
-230
-241
-248
-246
-242
-235
-233
-232
-229
-222
-215
-206
-189
-170
-151
-135
-110
-89
-68
-44
-17
5
21
32
38
34
26
16
2
-18
-38
-54
-73
-96
-119
-136
-155
-166
-175
-183
-185
-191
-196
-191
-181
-174
-161
-147
-127
-106
-80
-56
-27
3
36
68
99
125
152
173
190
207
219
235
243
243
238
235
226
219
215
205
201
192
182
170
155
143
134
132
123
116
109
105
99
92
90
92
96
99
96
96
94
93
95
99
101
95
96
88
83
75
61
57
53
44
39
35
22
9
-9
-36
-61
-87
-105
-120
-137
-149
-161
-168
-171
-172
-173
-168
-161
-159
-151
-141
-129
-116
-101
-87
-75
-62
-53
-43
-32
-29
-19
-10
-3
-7
-17
-30
-42
-56
-67
-72
-86
-100
-109
-117
-126
-131
-135
-132
-131
-127
-113
-98
-80
-64
-53
-41
-39
-36
-35
-31
-23
-12
4
21
37
50
65
74
85
91
97
95
92
84
72
66
58
52
50
51
53
58
57
58
56
51
50
50
55
60
67
69
69
68
68
73
74
77
85
90
91
96
94
92
93
90
91
85
80
70
58
48
36
26
17
16
8
1
-2
-10
-20
-26
-32
-31
-33
-33
-36
-39
-46
-51
-52
-56
-56
-55
-57
-45
-28
-9
6
15
17
13
12
13
11
12
12
9
12
9
7
1
2
-5
-18
-19
-25
-29
-35
-35
-37
-45
-54
-65
-70
-73
-77
-81
-87
-89
-87
-82
-68
-61
-58
-57
-55
-57
-60
-65
-68
-68
-70
-67
-65
-62
-62
-67
-66
-61
-54
-45
-32
-20
-15
-14
-12
-17
-18
-13
-9
-4
1
1
11
21
27
34
34
37
39
45
45
48
49
56
65
72
78
77
72
70
73
78
85
96
100
110
120
120
117
116
113
111
105
101
94
87
80
76
73
74
77
78
82
87
87
87
87
87
85
81
76
63
45
37
25
11
2
-4
-15
-23
-26
-33
-40
-48
-56
-64
-72
-77
-85
-93
-96
-105
-116
-124
-132
-139
-146
-142
-142
-138
-133
-131
-126
-123
-118
-114
-109
-103
-104
-105
-106
-110
-110
-104
-96
-85
-76
-66
-62
-61
-58
-52
-47
-47
-43
-42
-35
-29
-23
-14
-3
6
7
16
23
26
35
46
57
68
78
81
82
78
75
72
75
81
82
83
85
90
92
99
104
106
105
101
97
91
85
78
76
72
72
65
56
50
46
43
41
45
42
43
47
52
48
43
33
25
18
10
10
7
2
-2
0
6
9
12
11
8
-1
-6
-10
-13
-16
-22
-28
-31
-32
-34
-33
-27
-27
-27
-22
-21
-21
-25
-32
-34
-37
-42
-47
-56
-61
-62
-64
-63
-56
-47
-42
-39
-35
-29
-23
-23
-18
-13
-12
-13
-13
-12
-14
-21
-26
-31
-37
-43
-48
-48
-45
-40
-32
-25
-15
-12
-11
-12
-11
-16
-23
-21
-23
-27
-27
-25
-21
-19
-16
-12
-12
-13
-12
-6
2
7
11
13
8
2
-7
-4
-2
-1
3
9
17
25
37
42
45
50
56
61
61
59
52
46
42
40
34
37
45
49
60
67
70
77
78
77
74
65
56
47
34
26
22
20
15
13
12
18
19
21
22
21
20
16
17
13
8
2
-1
-5
-6
-13
-15
-20
-23
-29
-35
-35
-37
-36
-36
-31
-27
-22
-20
-17
-11
-11
-14
-18
-20
-22
-25
-28
-28
-30
-30
-30
-27
-25
-28
-29
-34
-40
-47
-50
-52
-55
-61
-64
-64
-62
-56
-54
-52
-52
-54
-50
-46
-41
-36
-34
-26
-20
-17
-13
-13
-10
-7
-2
2
4
7
9
13
15
16
19
21
21
21
22
23
24
27
28
31
31
29
28
29
31
29
29
28
25
25
30
32
36
43
48
53
57
57
53
48
43
41
40
38
37
35
33
29
26
19
18
17
15
16
12
9
6
8
10
14
14
16
19
16
14
10
6
0
-7
-12
-14
-16
-19
-16
-13
-6
-2
2
5
5
4
-1
0
-5
-12
-19
-23
-24
-32
-35
-34
-35
-38
-41
-43
-46
-48
-48
-48
-48
-47
-46
-45
-44
-44
-44
-45
-44
-47
-52
-48
-42
-34
-23
-17
-10
-5
-3
-3
-1
4
9
15
24
28
30
27
29
32
29
31
32
31
33
31
29
31
29
23
18
16
10
10
12
13
20
24
30
32
28
28
26
15
9
7
7
6
3
3
1
-1
-2
2
7
13
15
16
13
10
4
2
2
-1
-3
-5
-9
-16
-20
-23
-24
-21
-15
-5
-1
2
4
5
7
7
3
5
5
-1
-1
-3
-8
-12
-12
-10
-7
-5
-4
-6
-4
-3
0
0
2
-2
-13
-13
-19
-25
-25
-25
-27
-26
-26
-27
-22
-20
-12
-7
-1
5
6
6
6
5
0
-4
-12
-18
-17
-15
-13
-5
4
12
19
26
30
33
32
27
26
22
19
15
7
6
4
2
3
5
5
6
7
4
2
0
-2
-3
-5
-5
-11
-15
-18
-19
-25
-23
-17
-17
-11
-5
0
7
11
16
17
18
15
13
15
15
16
20
24
26
23
24
27
25
25
25
21
19
13
6
-2
-7
-10
-14
-17
-16
-13
-12
-9
-4
-1
5
12
14
17
19
13
6
0
-9
-14
-16
-17
-17
-19
-19
-21
-20
-15
-16
-17
-12
-9
-10
-9
-11
-15
-15
-18
-24
-25
-23
-24
-19
-10
-4
2
9
13
16
16
17
16
14
11
9
7
7
9
11
10
11
10
10
9
9
12
11
10
8
1
1
-4
-6
-9
-12
-16
-19
-22
-24
-27
-28
-31
-31
-31
-31
-30
-29
-30
-28
-29
-26
-22
-21
-20
-18
-12
-6
5
13
22
28
29
33
38
38
39
42
42
39
35
34
31
28
24
20
16
15
13
10
7
4
4
4
7
9
6
6
8
7
3
1
-1
-3
2
6
5
2
-1
-4
-10
-12
-14
-22
-23
-23
-23
-21
-22
-23
-21
-16
-16
-12
-9
-9
-4
1
1
2
1
1
4
5
4
4
1
-1
-2
2
5
9
16
20
25
27
26
23
17
15
9
5
2
-1
-1
1
3
1
3
4
-1
2
3
0
-1
-3
-5
-9
-13
-15
-16
-15
-18
-18
-18
-21
-22
-22
-19
-16
-16
-11
-8
-9
-8
-9
-8
-8
-6
-6
-3
2
5
9
13
19
24
27
22
18
8
7
8
6
6
9
8
7
5
6
10
10
11
9
8
6
5
3
0
-3
-9
-10
-13
-18
-17
-18
-19
-19
-13
-9
-5
0
1
3
5
6
8
9
11
12
12
15
16
16
15
14
12
9
8
7
5
3
1
-1
-1
1
1
0
-1
-8
-12
-16
-18
-18
-16
-12
-13
-13
-14
-14
-11
-12
-13
-13
-16
-17
-17
-19
-16
-16
-17
-12
-7
-3
3
5
5
8
7
9
8
8
11
13
11
10
13
12
14
14
16
17
17
14
16
17
12
11
10
7
5
7
9
7
5
4
-1
-4
-9
-10
-14
-13
-10
-10
-10
-13
-13
-12
-12
-11
-11
-11
-12
-14
-13
-11
-8
-6
-4
-4
-6
-4
-2
-3
-3
-2
0
1
4
6
11
14
18
22
25
27
29
29
28
23
15
15
13
10
8
8
8
9
9
6
4
0
-5
-5
-3
-3
-5
-7
-9
-9
-13
-17
-17
-20
-16
-12
-9
-6
-6
-7
-14
-16
-19
-22
-23
-22
-25
-20
-16
-12
-9
-5
-1
0
4
5
7
8
10
11
10
13
19
20
19
19
17
17
14
11
9
7
5
4
-3
-7
-8
-10
-9
-10
-10
-10
-8
-6
-3
-1
2
2
3
3
0
1
4
3
9
11
10
9
10
9
10
10
10
9
8
7
4
1
1
-2
-4
-3
0
0
-1
-2
-6
-7
-8
-8
-8
-8
-6
-4
-1
-1
0
2
1
2
0
-2
-3
-5
-8
-5
-3
-2
1
2
1
1
2
0
1
-2
-5
-4
-5
-3
-6
-6
-4
-3
-5
-5
-6
-7
-6
-7
-4
-4
-1
2
3
4
4
1
0
1
-4
-2
0
-3
-5
-3
-2
-2
2
5
7
6
7
5
3
3
2
3
4
3
1
-1
2
1
0
1
3
2
1
0
-3
-3
-3
-6
-7
-9
-9
-8
-7
-5
-9
-6
-6
-6
-2
0
6
9
14
18
20
22
23
20
15
12
9
7
7
4
-2
-2
-1
1
1
2
5
1
4
-1
-3
-5
-5
-6
-5
-2
-2
0
2
3
-4
-2
-1
-2
-4
-3
-2
-2
-1
1
3
4
3
-1
-4
-8
-10
-11
-12
-11
-12
-8
-6
-3
-1
-2
-1
-3
-5
-7
-8
-8
-8
-2
2
4
4
5
12
12
9
6
5
-1
-5
-3
-4
-2
1
2
4
4
2
1
1
0
-2
-2
-2
-6
-9
-8
-6
-7
-4
-4
-4
-5
-5
-6
-5
-4
-4
-6
-5
-6
-4
-3
0
1
-1
2
4
3
3
3
5
9
12
15
16
14
11
11
9
8
9
9
11
11
7
6
6
2
0
-1
-3
-8
-11
-9
-10
-9
-5
1
5
8
8
10
11
8
1
1
1
0
-1
-3
-4
-5
-7
-5
-2
-2
0
0
0
1
-2
-3
-5
-7
