0
0
0
0
-1
0
-1
0
1
0
0
-1
0
0
0
0
0
0
0
-1
0
-1
0
0
0
0
0
0
0
0
1
0
0
0
-1
0
0
0
0
1
0
0
0
1
0
0
1
0
0
0
0
0
1
0
0
-1
0
0
0
0
0
0
1
0
0
-1
1
0
-1
-1
0
0
0
1
1
1
0
1
0
0
1
1
0
-1
0
-1
1
-1
-1
0
0
-1
-1
0
0
0
0
0
-1
0
0
0
-1
1
-1
0
0
-1
-1
1
0
0
0
1
0
0
0
0
1
0
0
0
0
0
0
0
-1
-1
0
0
1
1
0
1
0
0
1
0
0
0
0
0
0
-1
0
0
1
0
0
0
2
1
0
1
1
0
0
0
0
0
0
0
0
-1
-1
-1
0
-1
-1
-1
0
0
0
0
1
0
0
-1
1
0
1
0
-1
0
0
1
0
0
-1
0
1
-1
0
0
0
0
0
0
0
0
0
0
0
-1
0
1
0
1
0
-1
0
0
0
0
-1
0
-1
1
0
0
-1
0
-1
0
1
0
1
0
1
0
0
0
0
0
-1
0
-1
-1
0
0
0
0
0
1
0
0
0
-1
-1
-1
0
0
0
-1
-1
0
0
-1
0
0
1
0
0
1
0
0
0
1
0
0
0
-1
0
0
0
0
0
0
1
1
1
0
1
1
0
0
1
-1
0
-1
0
0
0
0
1
1
1
0
0
1
2
1
0
-1
0
0
-1
-1
-1
-1
0
0
0
0
-1
0
1
1
1
1
-1
-1
0
1
0
0
0
-1
0
0
0
0
1
0
0
0
0
0
-1
0
0
-2
0
0
-1
-1
0
0
-1
0
0
1
0
0
0
-1
0
-1
0
0
0
0
0
-1
0
0
1
1
1
0
0
0
0
0
1
0
-2
-1
0
-1
0
-1
0
0
-1
0
1
1
1
0
-1
-1
0
0
1
0
-1
0
0
-1
0
0
0
1
0
1
0
0
0
0
-1
-1
0
0
-1
1
-1
-1
0
0
0
-1
0
0
0
0
0
0
0
0
0
1
0
0
0
0
0
0
0
-1
1
0
0
1
-1
0
0
0
-1
1
0
0
0
0
0
0
0
0
0
0
1
1
0
0
1
-1
-1
0
0
0
-1
1
0
0
1
-1
0
1
1
0
0
-1
-2
0
1
0
0
0
1
1
0
0
0
1
0
-1
1
0
-1
0
0
0
-1
-1
0
0
-1
1
-1
1
0
0
0
0
0
0
0
0
1
0
0
0
0
-1
-1
0
-1
-1
-1
0
0
0
-1
-1
0
1
1
-1
0
0
-1
0
-1
0
0
0
0
-1
0
0
-1
1
-1
0
-1
-1
1
0
0
1
-1
0
0
1
0
1
-1
0
0
0
-1
0
0
0
0
1
0
0
1
0
1
0
0
0
1
0
1
0
-1
0
0
1
1
0
0
0
1
1
1
0
0
-1
-1
0
0
1
-1
-2
0
0
0
0
-1
0
0
0
0
1
-1
0
0
0
0
1
0
0
0
0
0
0
1
-1
0
0
0
0
0
0
0
0
-1
0
0
-1
1
0
1
0
0
-1
-1
0
0
-1
0
-1
0
-1
0
1
1
0
0
0
-1
1
0
0
0
0
1
1
1
0
0
1
1
0
0
1
0
0
-1
0
0
0
-1
-1
-1
0
0
0
-1
0
1
0
0
0
0
-1
0
-1
0
0
-1
0
-1
-1
0
0
0
0
0
0
0
-1
-1
0
1
0
0
-1
1
-1
0
0
1
-1
0
0
0
0
0
-1
0
0
-1
0
0
1
0
0
1
-1
0
1
1
1
1
-1
0
-1
-1
0
-1
0
0
0
1
1
0
-1
0
-1
0
-1
1
1
0
0
0
0
0
1
-1
0
0
-1
0
0
0
0
0
0
-1
0
0
0
0
0
0
0
0
0
0
0
0
0
0
0
0
0
1
0
0
0
0
0
0
0
0
-1
1
0
1
0
1
0
-1
-1
1
0
-1
0
0
1
0
2
-1
-1
0
-1
0
1
-1
0
0
1
0
0
0
0
0
0
-1
1
0
0
-1
0
-1
0
0
0
0
1
0
0
0
0
0
0
1
-1
-1
0
0
0
0
1
1
0
0
0
0
0
0
-1
-1
1
0
1
-1
-1
0
-1
-1
-1
0
0
0
0
0
1
0
-1
-1
0
-1
0
1
0
1
-1
0
0
-1
0
0
0
0
1
-1
1
0
0
0
0
0
0
0
0
0
-1
0
0
0
0
1
0
0
1
0
0
0
0
0
0
0
0
1
0
-1
1
0
0
-1
-1
1
0
0
0
-1
0
-1
0
0
1
0
-1
1
-1
0
-1
0
-1
0
-1
-1
1
1
0
0
1
0
0
1
1
0
-1
0
0
0
0
0
0
0
-1
0
-1
-1
1
0
-1
0
0
1
0
-1
0
0
0
-1
0
1
0
0
0
-1
1
0
0
0
0
0
0
-1
-1
0
-1
0
-1
-1
0
0
0
0
-1
0
-1
-2
0
0
0
0
0
1
0
0
-1
1
0
0
-1
0
0
0
1
0
0
1
0
1
0
-1
0
-1
0
1
0
1
0
0
0
1
0
1
0
-1
0
-1
0
0
0
0
0
0
0
1
1
0
0
0
0
0
0
0
1
0
0
0
0
0
1
0
1
1
0
0
1
-1
0
1
-1
1
1
0
0
0
0
0
1
0
-1
0
0
0
1
0
0
-1
0
0
-1
0
-1
0
0
1
0
0
0
0
-1
-1
0
0
-1
0
0
1
0
0
-1
-1
0
0
0
-1
0
1
-1
0
0
-1
0
0
0
1
1
0
0
-1
0
2
0
0
0
0
0
0
0
0
0
0
1
1
0
0
0
-1
0
1
0
1
1
-1
0
-1
0
0
1
0
1
-1
0
0
0
0
0
0
-1
1
0
0
0
0
0
0
0
1
0
0
-1
-1
0
0
0
0
-1
0
0
-1
0
0
0
0
0
-1
1
0
-1
1
0
0
0
0
0
1
0
-1
0
-1
-1
0
0
0
1
0
-1
0
0
0
1
0
-1
0
-1
1
1
0
0
-1
0
0
0
1
-1
-1
-1
1
0
0
0
0
0
1
0
1
-1
0
-1
0
1
0
0
0
1
0
0
0
0
0
-1
-1
0
-1
0
1
1
0
0
1
-1
-1
0
1
-1
0
-1
0
0
0
0
0
0
0
1
0
0
1
0
0
0
0
-1
0
-1
0
0
-2
-1
0
-1
0
0
0
0
0
1
0
0
1
0
1
0
0
0
-1
1
0
1
1
-1
1
1
-1
0
1
0
-1
0
0
1
-1
0
0
0
-1
0
0
0
-1
0
0
1
0
0
0
0
0
0
0
0
0
0
0
0
0
0
1
-1
-1
0
0
1
0
0
0
-1
0
1
-1
-1
0
0
1
0
0
0
0
0
-1
0
0
1
0
0
-1
0
1
0
-1
0
0
1
1
-1
0
0
1
-1
0
0
-1
1
0
0
0
0
1
0
0
0
0
0
0
0
1
1
0
0
-1
0
0
-1
0
1
1
1
0
0
1
0
0
0
0
0
0
0
-1
1
-1
0
1
0
-1
0
0
1
0
0
-1
0
0
1
0
0
0
-1
0
-1
0
0
-1
0
1
1
-1
-1
0
1
0
0
0
0
1
0
1
0
0
1
1
0
0
0
0
0
0
1
0
-1
1
-1
-1
0
1
2
0
0
0
1
1
0
0
1
1
-1
1
-1
1
0
0
1
-1
0
0
1
0
0
1
0
1
0
-1
-1
0
1
-1
0
1
-1
0
0
1
0
0
-1
1
0
0
0
1
0
-1
0
0
0
-1
0
0
1
0
-1
0
0
-1
0
0
0
0
1
0
0
0
1
1
-1
1
0
1
0
1
0
0
0
0
0
-1
0
0
0
0
0
-1
0
0
0
1
-1
0
2
-1
-1
0
-1
0
-1
0
1
-1
0
0
1
0
-1
-1
-1
0
0
0
0
-1
-1
0
-1
0
-1
0
0
0
0
0
0
0
0
0
0
0
0
0
0
0
0
0
-1
1
0
-1
0
-1
0
0
1
-1
0
0
1
0
0
0
0
1
1
0
0
0
0
-1
1
0
0
0
0
0
0
0
0
-1
0
0
0
0
0
1
0
0
-1
0
-1
0
1
0
0
0
0
0
0
0
0
0
0
0
0
0
0
0
0
1
1
0
0
0
0
0
0
0
0
1
0
1
0
0
0
1
0
0
0
-1
1
1
-1
0
0
0
0
0
-1
0
0
0
0
0
-1
0
1
1
0
0
-1
0
1
0
0
0
0
0
-1
0
1
-1
0
0
-1
1
0
0
0
-1
0
0
0
0
0
0
0
0
0
-1
0
-1
-1
-1
0
0
0
0
0
0
0
-1
0
0
0
-1
1
0
-1
0
-1
0
-1
-1
0
0
1
-1
0
0
-1
1
0
0
1
0
0
1
1
0
0
0
0
1
1
-1
0
0
0
0
0
0
1
0
0
0
0
1
0
-1
0
1
-1
1
0
-1
1
0
1
0
1
-1
-1
-1
0
0
0
0
0
0
0
0
0
-1
1
0
0
0
0
0
-1
0
-1
0
0
0
0
1
-1
0
0
0
-1
0
-1
0
0
-1
0
0
1
-1
0
1
0
0
0
-1
0
1
0
0
0
0
0
0
0
-1
1
0
-1
0
1
0
0
0
1
0
0
0
0
0
0
0
1
0
0
0
1
1
1
0
0
0
1
1
1
-1
1
1
0
1
0
0
0
0
0
0
0
-1
0
0
1
0
0
0
0
0
0
0
-1
0
0
0
1
-1
0
-1
1
-1
0
-1
0
0
0
0
0
1
-1
0
0
0
-1
0
0
0
0
0
0
-1
-1
0
0
0
0
0
0
0
0
-1
0
0
0
0
0
0
1
0
0
0
0
-1
0
1
1
0
-1
0
0
0
1
0
1
1
0
0
-1
0
0
-1
0
0
0
0
0
1
0
1
0
0
-1
0
0
0
0
0
0
0
0
-1
0
0
0
0
1
0
2
-1
1
0
0
1
1
1
0
1
1
1
1
0
0
1
0
1
1
0
1
0
1
0
0
0
1
0
0
0
0
-1
0
-2
-1
-1
-1
0
-2
-1
-1
-2
-2
-1
-3
-1
-1
-2
-2
-1
-2
-1
-2
-1
-1
-2
-1
-2
-1
-1
0
-1
0
-1
0
0
0
0
1
1
1
1
1
1
2
1
2
3
2
2
3
2
2
2
2
1
2
3
3
3
2
2
1
2
2
2
1
1
1
0
0
-1
0
-1
0
-1
0
-1
-1
0
-2
-1
-1
-2
-1
-2
-2
-3
-2
-1
-3
-2
-3
-2
-1
-2
-3
-2
-2
-2
-2
-2
-2
-2
-1
-2
-2
-1
0
0
0
0
0
-1
1
0
0
2
0
1
0
2
2
3
1
2
2
2
2
2
3
2
3
2
2
2
2
2
2
2
2
2
1
1
0
1
0
1
1
0
0
-1
-1
0
0
-1
-1
-3
-1
-1
-2
-2
-2
-1
-2
-2
-2
-2
-2
-2
-2
-2
-2
-1
-2
-1
-1
-1
-1
-1
0
-1
0
1
1
2
0
1
1
2
3
2
3
4
3
3
4
3
4
4
4
3
4
4
4
3
3
3
3
2
2
2
1
1
1
0
0
-1
-2
-2
-2
-3
-2
-3
-4
-5
-5
-5
-5
-6
-6
-7
-6
-8
-7
-7
-7
-7
-7
-7
-7
-8
-8
-7
-6
-6
-5
-5
-5
-3
-4
-2
-1
-2
-1
0
1
0
1
2
3
4
4
5
5
7
7
8
8
9
9
9
11
12
11
12
12
13
13
13
14
13
12
13
12
12
12
11
11
10
11
10
11
11
11
11
12
11
11
12
12
11
10
10
9
7
5
4
2
1
-2
-4
-7
-8
-11
-14
-17
-20
-24
-28
-30
-35
-40
-44
-48
-52
-56
-60
-62
-66
-69
-71
-74
-74
-76
-75
-74
-71
-67
-61
-56
-51
-46
-39
-32
-22
-14
-4
5
15
25
35
45
54
64
72
82
90
101
108
116
123
126
129
132
134
133
131
128
123
118
112
105
94
83
72
61
48
35
23
10
-5
-19
-32
-45
-55
-64
-70
-76
-81
-87
-89
-89
-87
-85
-80
-74
-70
-65
-58
-49
-41
-32
-23
-16
-7
-1
5
9
14
20
25
30
34
38
43
46
50
54
56
58
61
60
59
58
55
51
47
41
35
28
19
12
4
-5
-15
-27
-37
-47
-58
-69
-81
-91
-101
-112
-120
-128
-134
-142
-148
-155
-159
-162
-168
-173
-179
-183
-188
-193
-194
-198
-200
-203
-208
-211
-215
-217
-221
-223
-224
-224
-222
-217
-211
-204
-190
-174
-154
-130
-101
-67
-29
9
50
96
142
190
239
290
339
389
437
480
519
558
593
624
651
675
695
704
711
708
700
690
673
649
621
584
546
504
457
407
352
295
233
172
109
45
-16
-75
-131
-188
-244
-296
-342
-389
-431
-470
-507
-540
-571
-597
-620
-639
-653
-662
-666
-667
-665
-656
-645
-637
-621
-603
-581
-557
-531
-503
-471
-436
-397
-361
-324
-284
-241
-200
-159
-118
-80
-43
-6
30
64
99
134
166
198
226
254
283
308
331
352
368
384
395
407
416
423
429
434
436
437
440
439
436
429
419
407
391
372
351
327
303
278
250
224
199
170
142
115
86
58
34
7
-20
-47
-72
-96
-119
-139
-161
-177
-194
-206
-216
-221
-223
-228
-229
-229
-232
-234
-237
-237
-236
-233
-231
-230
-226
-225
-222
-215
-209
-199
-190
-183
-173
-166
-157
-149
-142
-137
-129
-120
-114
-106
-94
-84
-73
-62
-50
-37
-25
-13
-1
9
17
24
32
38
36
39
42
40
40
36
33
27
21
14
10
6
5
0
-4
-9
-11
-13
-18
-17
-14
-9
3
20
40
64
90
116
141
166
191
214
235
257
275
293
306
319
328
331
331
332
331
325
320
312
303
295
285
275
267
264
264
263
256
253
247
240
234
233
232
236
248
262
276
291
301
305
302
293
274
244
206
159
103
37
-35
-111
-188
-272
-355
-434
-512
-583
-647
-709
-761
-806
-844
-873
-893
-902
-901
-894
-881
-861
-833
-800
-763
-721
-680
-633
-579
-522
-464
-402
-343
-282
-224
-167
-110
-61
-12
32
68
101
130
154
177
196
208
215
221
222
220
213
202
182
160
135
104
74
40
9
-19
-41
-57
-60
-50
-28
0
42
93
153
221
293
367
438
516
594
671
749
830
907
977
1040
1093
1142
1179
1200
1208
1200
1176
1134
1072
997
907
803
691
572
446
317
187
62
-64
-186
-305
-419
-523
-614
-693
-760
-814
-855
-886
-899
-901
-893
-878
-858
-831
-802
-773
-741
-708
-675
-641
-608
-574
-541
-509
-482
-454
-434
-419
-406
-400
-395
-392
-389
-380
-368
-352
-329
-301
-267
-231
-191
-146
-100
-53
-6
41
87
134
181
227
273
319
365
411
460
507
550
593
632
665
693
718
739
753
761
771
773
768
756
736
711
682
642
596
539
480
415
341
264
185
103
17
-68
-156
-244
-326
-403
-478
-548
-611
-670
-723
-771
-811
-845
-868
-888
-900
-903
-899
-887
-867
-841
-811
-775
-735
-694
-649
-602
-551
-504
-461
-423
-392
-369
-355
-349
-347
-351
-356
-366
-378
-379
-379
-367
-334
-287
-224
-144
-47
67
190
326
467
612
757
904
1053
1199
1337
1470
1595
1710
1806
1883
1941
1976
1984
1962
1908
1825
1717
1580
1424
1253
1071
882
689
496
311
133
-42
-206
-367
-508
-631
-738
-826
-898
-947
-975
-982
-969
-942
-903
-853
-798
-747
-695
-647
-603
-564
-540
-528
-524
-523
-532
-550
-575
-616
-668
-724
-782
-839
-891
-928
-958
-966
-955
-925
-876
-808
-727
-638
-542
-442
-346
-250
-161
-78
-2
70
143
214
289
366
438
510
577
634
683
723
752
769
780
785
785
787
778
768
754
740
723
700
666
621
572
519
459
394
320
242
158
66
-35
-144
-252
-365
-475
-579
-680
-772
-850
-914
-960
-991
-1002
-994
-974
-942
-904
-855
-805
-754
-703
-647
-589
-528
-470
-412
-354
-299
-257
-235
-237
-258
-296
-349
-415
-488
-554
-610
-649
-665
-647
-589
-496
-374
-221
-36
162
371
582
792
1000
1205
1404
1598
1787
1966
2134
2285
2410
2501
2560
2589
2579
2524
2425
2281
2100
1884
1641
1379
1104
819
536
266
8
-236
-462
-669
-856
-1023
-1162
-1269
-1345
-1392
-1405
-1387
-1341
-1264
-1166
-1051
-932
-816
-707
-609
-517
-440
-376
-327
-295
-280
-282
-290
-313
-341
-381
-434
-503
-590
-691
-799
-919
-1041
-1163
-1277
-1376
-1454
-1503
-1519
-1494
-1434
-1344
-1225
-1080
-911
-729
-545
-362
-181
-9
158
316
466
611
745
872
990
1100
1199
1281
1341
1380
1401
1393
1361
1308
1234
1150
1059
966
882
810
745
690
643
605
569
529
477
412
328
229
121
8
-115
-241
-361
-478
-585
-685
-778
-856
-921
-974
-1019
-1056
-1085
-1109
-1125
-1138
-1143
-1135
-1112
-1076
-1020
-947
-858
-765
-663
-546
-421
-294
-166
-41
71
165
230
244
206
121
-7
-170
-351
-539
-720
-877
-997
-1063
-1054
-966
-805
-587
-324
-22
304
638
961
1268
1556
1821
2062
2279
2481
2665
2823
2946
3032
3079
3085
3035
2919
2738
2490
2183
1828
1433
1022
608
206
-172
-521
-825
-1072
-1274
-1443
-1575
-1671
-1729
-1752
-1742
-1696
-1621
-1512
-1374
-1208
-1015
-810
-602
-410
-241
-105
-10
50
70
51
3
-74
-167
-265
-372
-482
-594
-714
-842
-983
-1136
-1296
-1454
-1602
-1732
-1824
-1863
-1844
-1759
-1614
-1412
-1166
-892
-604
-326
-70
156
344
491
604
700
790
870
951
1042
1137
1235
1329
1411
1475
1502
1490
1441
1359
1254
1139
1028
921
828
752
711
701
716
743
768
779
760
711
623
497
328
126
-102
-342
-572
-794
-1008
-1202
-1370
-1514
-1627
-1704
-1751
-1773
-1770
-1755
-1720
-1658
-1576
-1488
-1399
-1298
-1182
-1047
-898
-729
-536
-324
-109
97
294
472
607
643
554
353
78
-259
-657
-1081
-1463
-1746
-1925
-1985
-1874
-1578
-1141
-629
-83
498
1107
1689
2176
2572
2911
3195
3416
3582
3725
3865
3970
3989
3911
3762
3540
3223
2778
2232
1642
1035
427
-152
-660
-1061
-1357
-1570
-1694
-1719
-1646
-1514
-1370
-1228
-1068
-877
-675
-469
-253
-16
228
444
613
732
790
759
607
338
-2
-385
-793
-1206
-1588
-1912
-2160
-2330
-2426
-2447
-2410
-2336
-2253
-2175
-2090
-1986
-1852
-1689
-1492
-1239
-920
-549
-147
262
655
995
1242
1372
1387
1295
1109
827
480
122
-211
-496
-718
-862
-919
-890
-792
-633
-430
-184
84
357
638
932
1239
1543
1827
2083
2302
2467
2566
2600
2573
2480
2316
2081
1803
1496
1146
750
305
-174
-676
-1191
-1700
-2188
-2629
-3000
-3276
-3419
-3413
-3261
-2973
-2568
-2094
-1595
-1103
-637
-233
71
265
365
398
387
344
294
277
314
373
400
391
374
314
107
-308
-851
-1394
-1931
-2506
-3052
-3384
-3417
-3223
-2870
-2296
-1429
-370
665
1571
2434
3301
4041
4509
4765
4961
5108
5082
4856
4566
4295
3935
3332
2535
1739
1021
279
-537
-1298
-1816
-2076
-2193
-2209
-2020
-1580
-1035
-560
-153
350
956
1509
1882
2153
2452
2731
2812
2643
2355
2016
1521
786
-88
-921
-1671
-2413
-3154
-3764
-4113
-4226
-4229
-4142
-3891
-3474
-3004
-2560
-2084
-1508
-886
-322
158
607
1048
1430
1656
1706
1660
1561
1359
1013
572
129
-298
-761
-1251
-1703
-2054
-2318
-2553
-2731
-2762
-2603
-2311
-1953
-1507
-911
-210
472
1082
1662
2228
2717
3047
3223
3332
3406
3376
3185
2899
2633
2378
2042
1614
1179
795
424
-3
-448
-803
-1062
-1337
-1671
-1950
-2061
-2039
-2005
-1986
-1876
-1609
-1275
-992
-747
-466
-184
-44
-78
-178
-251
-347
-599
-999
-1359
-1566
-1723
-1925
-2050
-1936
-1638
-1364
-1154
-831
-330
88
94
-276
-646
-882
-1256
-1878
-2392
-2443
-2141
-1804
-1393
-582
638
1807
2559
3082
3724
4379
4628
4419
4180
4144
4068
3686
3180
2890
2748
2357
1620
884
417
56
-447
-979
-1217
-1092
-820
-551
-197
347
944
1332
1457
1531
1725
1926
1918
1752
1669
1728
1728
1511
1143
761
314
-352
-1208
-1993
-2538
-2959
-3399
-3731
-3720
-3402
-3042
-2756
-2439
-2025
-1656
-1486
-1374
-1080
-632
-265
-24
258
632
889
830
543
182
-242
-784
-1357
-1742
-1829
-1734
-1621
-1454
-1161
-826
-653
-691
-801
-878
-939
-976
-852
-494
23
552
1042
1482
1827
2008
1976
1787
1536
1314
1175
1161
1267
1451
1669
1867
1992
1985
1893
1743
1472
1091
745
581
540
461
290
111
-71
-355
-770
-1218
-1545
-1762
-2021
-2274
-2236
-1848
-1384
-1074
-875
-665
-492
-502
-716
-957
-1146
-1438
-1925
-2353
-2444
-2280
-2090
-1855
-1467
-974
-468
57
568
826
576
-102
-832
-1448
-2097
-2771
-3116
-2944
-2489
-1922
-1028
336
1805
2871
3458
3933
4511
4938
4949
4765
4739
4745
4440
3884
3455
3181
2651
1620
434
-422
-898
-1274
-1595
-1630
-1310
-858
-456
-28
495
959
1155
1118
1123
1378
1804
2208
2511
2748
2907
2846
2485
1885
1115
176
-915
-2026
-2934
-3486
-3745
-3889
-3978
-3926
-3700
-3422
-3191
-2937
-2574
-2146
-1735
-1300
-698
52
720
1118
1299
1376
1262
815
132
-540
-1156
-1777
-2277
-2445
-2301
-2048
-1802
-1551
-1278
-1032
-896
-875
-836
-680
-455
-208
161
681
1181
1472
1535
1483
1412
1316
1125
888
816
1009
1345
1708
2091
2463
2697
2691
2467
2166
1909
1668
1332
948
691
600
517
333
57
-246
-610
-1107
-1577
-1800
-1725
-1553
-1474
-1438
-1259
-922
-626
-543
-639
-778
-917
-1103
-1258
-1248
-1175
-1341
-1796
-2280
-2587
-2748
-2830
-2756
-2451
-1959
-1370
-644
287
1114
1218
469
-532
-1336
-2139
-3061
-3657
-3516
-2828
-2005
-1029
380
2077
3375
3829
3838
4064
4481
4628
4548
4672
4985
5009
4575
4015
3548
2868
1613
34
-1183
-1738
-1905
-1893
-1565
-889
-187
318
739
1166
1489
1595
1530
1480
1687
2222
2897
3411
3610
3479
3004
2210
1176
39
-1102
-2191
-3133
-3733
-3843
-3588
-3298
-3134
-3027
-2935
-2898
-2879
-2756
-2436
-1949
-1400
-803
-79
742
1385
1564
1313
885
351
-386
-1242
-1938
-2370
-2655
-2836
-2799
-2514
-2174
-1966
-1878
-1760
-1531
-1218
-870
-428
175
858
1427
1818
2096
2231
2069
1610
1070
650
415
325
339
495
821
1191
1446
1612
1761
1851
1837
1778
1778
1877
2005
2037
1916
1667
1322
862
274
-363
-851
-1180
-1456
-1645
-1599
-1246
-772
-427
-403
-634
-808
-871
-1059
-1349
-1478
-1501
-1580
-1563
-1346
-1117
-1055
-1233
-1722
-2311
-2648
-2764
-2758
-2450
-1790
-1109
-514
248
1110
1530
1043
-179
-1508
-2545
-3419
-4131
-4231
-3525
-2508
-1592
-546
886
2341
3186
3343
3362
3738
4352
4818
5180
5684
6090
5870
5061
4157
3310
2195
704
-734
-1592
-1741
-1503
-1109
-565
30
400
485
516
672
949
1240
1527
1930
2585
3373
3998
4182
3766
2870
1710
426
-812
-1811
-2480
-2910
-3180
-3286
-3202
-3032
-2958
-3109
-3355
-3456
-3288
-2855
-2132
-1164
-208
492
882
1045
1031
776
206
-506
-1100
-1546
-1949
-2280
-2431
-2508
-2720
-3035
-3246
-3246
-3054
-2735
-2285
-1654
-851
-4
741
1363
1860
2149
2168
2027
1868
1671
1390
1080
812
601
436
305
224
244
360
509
727
1137
1688
2153
2441
2622
2713
2658
2469
2169
1776
1365
951
486
55
-177
-282
-460
-802
-1124
-1231
-1226
-1215
-1224
-1249
-1267
-1154
-974
-945
-1011
-1050
-1253
-1732
-2169
-2335
-2377
-2436
-2498
-2534
-2574
-2587
-2499
-2226
-1708
-1061
-457
242
1216
1935
1650
519
-684
-1736
-2936
-4050
-4359
-3671
-2620
-1726
-810
500
1918
2688
2725
2763
3253
3838
4273
4833
5635
6214
6099
5389
4500
3582
2417
1013
-183
-765
-846
-719
-402
114
502
491
269
133
151
302
645
1175
1825
2507
3162
3661
3796
3373
2448
1310
224
-734
-1494
-1888
-2002
-2072
-2180
-2248
-2334
-2641
-3146
-3582
-3746
-3617
-3175
-2419
-1434
-494
94
269
205
72
-220
-673
-1023
-1094
-1086
-1234
-1462
-1633
-1816
-2217
-2813
-3210
-3158
-2887
-2548
-1943
-1073
-299
184
528
868
1156
1341
1397
1405
1490
1536
1336
971
670
369
-73
-481
-555
-247
271
860
1474
2100
2628
2912
2969
2965
2881
2606
2227
1941
1776
1592
1279
833
286
-314
-896
-1429
-1868
-2038
-1903
-1737
-1696
-1609
-1406
-1263
-1103
-921
-983
-1156
-1030
-798
-865
-1024
-1105
-1439
-2037
-2453
-2550
-2506
-2319
-2049
-1861
-1534
-896
-257
297
972
1225
368
-994
-1877
-2494
-3309
-3850
-3644
-3004
-2320
-1581
-616
612
1741
2273
2474
3162
4302
5113
5567
6189
6734
6529
5635
4667
3868
2988
1772
473
-303
-441
-517
-764
-732
-407
-442
-904
-1046
-557
45
463
999
1843
2707
3215
3349
3414
3470
3106
2184
1279
804
363
-376
-1143
-1728
-2283
-2932
-3541
-3946
-4114
-4143
-4162
-4008
-3444
-2652
-1982
-1386
-751
-296
-113
4
167
260
285
343
359
178
-258
-909
-1572
-2058
-2497
-3028
-3310
-3061
-2633
-2353
-1955
-1351
-905
-696
-416
30
559
1117
1534
1761
1981
2129
1860
1285
879
625
243
-64
69
543
1027
1373
1610
1821
1980
2000
1961
2047
2197
2190
2045
1922
1805
1524
1048
447
-165
-642
-985
-1258
-1401
-1341
-1211
-1101
-1060
-1180
-1375
-1452
-1451
-1508
-1429
-1163
-946
-841
-787
-921
-1237
-1493
-1757
-2084
-2207
-2099
-2079
-2096
-1940
-1725
-1403
-841
-271
289
1054
1269
155
-1301
-1994
-2553
-3476
-3797
-2992
-1865
-1006
-268
584
1533
2244
2372
2425
3250
4487
5165
5466
6058
6466
5871
4501
3160
2141
1196
144
-647
-602
13
226
-58
-27
283
82
-451
-393
343
1105
1675
2335
3149
3723
3592
2879
2190
1670
924
0
-558
-717
-1016
-1641
-2236
-2613
-2927
-3294
-3583
-3571
-3252
-2836
-2388
-1765
-998
-407
-166
-81
2
-63
-375
-700
-872
-1032
-1247
-1429
-1527
-1669
-2069
-2717
-3193
-3159
-2834
-2525
-2096
-1392
-697
-257
120
562
854
973
1109
1265
1385
1487
1424
1088
670
249
-304
-795
-877
-692
-468
-78
548
1249
1880
2357
2666
2926
3169
3229
3110
2996
2795
2266
1503
787
128
-575
-1172
-1552
-1788
-1869
-1760
-1622
-1509
-1252
-785
-288
126
426
582
549
385
210
-47
-483
-976
-1384
-1775
-2190
-2567
-2880
-3187
-3497
-3721
-3691
-3286
-2653
-2061
-1459
-659
187
784
1298
2014
2487
1977
701
-360
-1040
-1937
-2957
-3284
-2782
-2170
-1848
-1441
-535
525
1090
1317
2054
3438
4609
5166
5613
6149
6139
5214
3984
3168
2635
1821
862
503
774
829
359
11
111
140
-147
-149
582
1604
2273
2631
3100
3572
3480
2749
1976
1519
1034
264
-430
-710
-898
-1449
-2273
-2891
-3223
-3536
-3838
-3787
-3257
-2628
-2177
-1739
-1161
-684
-562
-635
-636
-589
-722
-1036
-1266
-1335
-1489
-1833
-2106
-2249
-2549
-3022
-3250
-2984
-2461
-2031
-1685
-1211
-606
-165
100
459
879
1071
1032
1038
1161
1236
1078
743
432
218
-36
-283
-285
-28
254
473
830
1365
1903
2295
2606
2908
3122
3143
2973
2714
2354
1845
1218
631
200
-163
-581
-980
-1206
-1300
-1421
-1516
-1341
-912
-497
-298
-224
-88
73
154
105
-25
-232
-649
-1295
-1998
-2469
-2664
-2720
-2742
-2704
-2702
-2934
-3116
-2981
-2647
-2339
-1958
-1384
-714
63
741
1276
1898
2364
1875
621
-224
-636
-1425
-2341
-2443
-1865
-1412
-1237
-915
-189
609
970
1135
1941
3351
4368
4727
5144
5689
5546
4533
3507
3018
2639
1881
1144
1047
1282
1006
260
-56
226
332
101
368
1385
2263
2409
2314
2547
2785
2422
1630
1186
1190
950
280
-199
-327
-726
-1667
-2633
-3158
-3418
-3690
-3782
-3388
-2687
-2201
-2013
-1773
-1423
-1293
-1404
-1330
-911
-531
-504
-628
-637
-735
-1226
-1910
-2348
-2511
-2731
-2982
-2782
-2125
-1619
-1575
-1580
-1237
-857
-726
-509
120
841
1227
1421
1650
1799
1662
1238
818
664
658
481
252
292
448
412
262
379
758
1117
1414
1802
2304
2656
2723
2619
2442
2191
1780
1268
868
629
344
-80
-349
-429
-666
-1088
-1384
-1399
-1265
-1073
-844
-581
-273
-251
-639
-1047
-1232
-1382
-1597
-1564
-1353
-1310
-1524
-1949
-2396
-2672
-2794
-2906
-2843
-2335
-1784
-1520
-1270
-842
-469
-289
84
832
1448
1366
772
257
-155
-958
-1880
-2101
-1650
-1215
-1044
-586
284
1010
1243
1294
1855
2812
3499
3831
4339
5069
5194
4470
3700
3368
2956
2055
1296
1253
1427
1120
601
628
963
877
515
686
1389
1797
1737
1791
2203
2365
1884
1306
1173
1167
762
217
29
-62
-632
-1591
-2349
-2712
-3055
-3423
-3396
-2934
-2514
-2470
-2481
-2264
-2031
-2042
-2147
-1901
-1391
-1068
-1013
-922
-786
-915
-1292
-1556
-1522
-1497
-1699
-1935
-1958
-1863
-1836
-1815
-1630
-1214
-830
-645
-451
-3
422
554
708
1082
1397
1440
1399
1394
1341
1187
921
662
601
608
476
318
381
518
537
618
904
1295
1640
1894
2102
2264
2268
2141
1985
1856
1674
1447
1155
761
389
-2
-443
-881
-1147
-1289
-1405
-1470
-1525
-1468
-1300
-1175
-1143
-1096
-1032
-1181
-1441
-1538
-1504
-1459
-1457
-1405
-1410
-1547
-1864
-2284
-2445
-2291
-2062
-1921
-1684
-1219
-845
-673
-454
53
781
1180
1057
681
355
-84
-897
-1548
-1504
-996
-629
-465
-3
676
1031
948
973
1579
2347
2829
3287
4027
4712
4682
4085
3576
3213
2664
1944
1584
1724
1847
1612
1261
1168
1133
751
253
199
569
878
961
1185
1635
1870
1673
1336
1229
1167
805
336
112
42
-264
-822
-1275
-1584
-1969
-2469
-2804
-2787
-2652
-2682
-2783
-2686
-2484
-2468
-2535
-2360
-1966
-1659
-1529
-1368
-1081
-871
-908
-1017
-947
-820
-922
-1135
-1178
-1086
-1120
-1227
-1165
-965
-875
-971
-977
-772
-541
-415
-235
105
433
642
731
819
970
1080
1034
954
1097
1342
1410
1339
1343
1398
1308
1136
1075
1097
1065
920
819
838
854
747
585
534
566
561
524
574
627
546
363
238
181
81
-88
-264
-358
-448
-608
-795
-845
-803
-859
-976
-999
-913
-918
-1017
-1052
-972
-901
-918
-987
-1032
-1091
-1251
-1466
-1551
-1424
-1274
-1172
-1039
-843
-683
-561
-445
-350
-278
-266
-313
-368
-329
-238
-178
-162
-209
-267
-260
-189
-145
-105
46
244
395
537
730
894
979
1085
1194
1330
1549
1817
2056
2239
2440
2646
2817
2907
2926
2945
2943
2882
2826
2783
2700
2565
2424
2262
2041
1813
1596
1411
1221
1005
787
605
425
214
22
-109
-210
-354
-567
-797
-995
-1212
-1465
-1685
-1826
-1909
-1994
-2079
-2133
-2171
-2226
-2312
-2418
-2479
-2479
-2445
-2416
-2383
-2286
-2188
-2200
-2281
-2305
-2262
-2277
-2290
-2172
-1922
-1677
-1520
-1368
-1172
-963
-834
-796
-681
-420
-158
18
207
486
697
721
670
732
900
1045
1163
1357
1636
1844
1886
1887
1929
1949
1923
1942
2051
2172
2193
2107
2024
1986
1922
1774
1616
1534
1453
1303
1118
942
758
532
290
79
-62
-206
-415
-620
-800
-986
-1228
-1480
-1651
-1799
-1936
-2035
-2072
-2089
-2150
-2240
-2306
-2262
-2176
-2139
-2063
-1921
-1801
-1736
-1608
-1386
-1198
-1056
-934
-826
-786
-786
-798
-765
-684
-644
-601
-534
-439
-343
-195
-10
140
298
450
611
870
1219
1542
1800
2068
2322
2480
2601
2757
2909
3039
3173
3303
3382
3430
3457
3418
3340
3263
3180
3056
2897
2724
2523
2317
2133
1949
1717
1437
1133
836
570
295
41
-136
-278
-437
-610
-746
-911
-1163
-1446
-1718
-1957
-2186
-2362
-2474
-2538
-2585
-2695
-2839
-2981
-3098
-3202
-3229
-3138
-2990
-2825
-2642
-2473
-2324
-2185
-2067
-1978
-1906
-1806
-1680
-1551
-1408
-1226
-1028
-869
-791
-749
-678
-588
-480
-306
-60
192
408
607
786
952
1063
1119
1191
1341
1536
1706
1879
2049
2150
2130
2062
2051
2061
2051
2011
1995
2001
1963
1867
1759
1667
1545
1382
1205
1078
988
856
680
497
335
158
-45
-253
-414
-572
-779
-998
-1160
-1247
-1349
-1490
-1609
-1666
-1699
-1756
-1801
-1803
-1802
-1820
-1817
-1780
-1738
-1719
-1722
-1728
-1688
-1570
-1430
-1283
-1108
-934
-790
-651
-459
-271
-126
0
77
91
84
89
83
57
64
76
67
83
141
223
320
451
618
807
1038
1273
1478
1689
1903
2081
2216
2359
2507
2591
2629
2660
2689
2697
2666
2615
2546
2461
2352
2212
2088
1984
1862
1715
1585
1456
1287
1086
901
734
561
382
197
15
-181
-380
-560
-723
-895
-1106
-1322
-1503
-1659
-1824
-1962
-2042
-2096
-2159
-2202
-2184
-2137
-2095
-2106
-2150
-2167
-2132
-2067
-1997
-1887
-1778
-1712
-1714
-1745
-1760
-1785
-1804
-1794
-1722
-1582
-1447
-1315
-1182
-1039
-923
-846
-731
-551
-340
-132
86
318
499
607
692
778
849
889
948
1065
1199
1358
1513
1626
1710
1755
1788
1820
1879
1933
1947
1938
1906
1838
1725
1600
1459
1286
1096
929
786
639
498
356
197
41
-98
-215
-306
-380
-464
-543
-614
-683
-758
-823
-882
-948
-1020
-1087
-1172
-1277
-1402
-1531
-1619
-1661
-1660
-1640
-1591
-1544
-1500
-1434
-1334
-1194
-1010
-796
-605
-453
-285
-122
-44
5
45
32
-34
-72
-51
-46
-40
-8
11
47
121
231
342
464
614
749
897
1111
1330
1491
1593
1664
1705
1740
1803
1877
1949
2015
2058
2101
2156
2195
2215
2194
2137
2050
1975
1913
1817
1697
1563
1402
1201
992
794
586
356
129
-72
-246
-393
-532
-641
-726
-827
-960
-1109
-1228
-1341
-1474
-1586
-1649
-1678
-1693
-1707
-1694
-1667
-1665
-1715
-1786
-1820
-1812
-1798
-1770
-1711
-1633
-1578
-1569
-1578
-1578
-1573
-1585
-1587
-1519
-1386
-1248
-1125
-1001
-866
-746
-659
-570
-457
-318
-174
-17
178
375
534
658
763
846
915
989
1085
1195
1305
1406
1485
1547
1583
1578
1562
1543
1517
1467
1419
1396
1365
1322
1255
1172
1073
967
841
712
599
494
365
232
119
25
-74
-168
-261
-367
-478
-580
-697
-822
-921
-1021
-1126
-1192
-1218
-1238
-1270
-1303
-1333
-1365
-1368
-1349
-1319
-1257
-1170
-1104
-1023
-893
-795
-760
-716
-644
-563
-460
-328
-195
-92
-10
77
161
251
303
275
226
227
261
291
337
381
402
404
413
449
504
539
563
630
762
942
1135
1309
1456
1561
1636
1688
1718
1758
1787
1805
1829
1861
1873
1831
1728
1582
1417
1256
1110
995
907
834
761
696
625
526
391
241
98
-26
-126
-196
-240
-284
-335
-406
-498
-618
-774
-934
-1064
-1165
-1242
-1301
-1329
-1326
-1333
-1351
-1380
-1418
-1471
-1528
-1540
-1484
-1381
-1290
-1226
-1164
-1128
-1167
-1259
-1348
-1418
-1468
-1496
-1485
-1427
-1341
-1259
-1206
-1136
-1049
-957
-840
-658
-413
-152
106
345
543
676
758
797
820
839
845
845
862
910
946
959
961
975
983
984
1007
1062
1145
1221
1281
1327
1354
1339
1266
1161
1053
945
825
717
617
515
395
261
133
15
-103
-229
-339
-400
-417
-444
-475
-513
-575
-652
-728
-782
-824
-860
-912
-988
-1048
-1071
-1104
-1151
-1183
-1180
-1160
-1115
-1035
-940
-850
-781
-696
-572
-413
-265
-146
-39
69
158
214
254
259
208
117
62
63
100
125
135
137
143
172
219
289
365
449
534
660
844
1041
1180
1249
1295
1330
1363
1404
1461
1512
1562
1607
1642
1678
1691
1643
1532
1422
1352
1296
1251
1212
1157
1066
950
827
712
592
447
280
131
46
-2
-45
-106
-193
-322
-481
-636
-767
-867
-960
-1058
-1134
-1161
-1171
-1209
-1274
-1352
-1444
-1541
-1613
-1647
-1650
-1649
-1649
-1650
-1644
-1632
-1641
-1655
-1657
-1647
-1609
-1535
-1416
-1286
-1181
-1093
-992
-887
-785
-686
-578
-471
-367
-254
-112
53
189
298
383
470
566
646
719
807
902
988
1069
1166
1260
1304
1302
1294
1304
1312
1294
1280
1271
1263
1244
1197
1131
1055
955
831
722
651
608
558
483
405
325
219
102
-2
-91
-184
-275
-350
-404
-468
-551
-648
-745
-824
-891
-956
-1009
-1043
-1080
-1122
-1169
-1203
-1228
-1252
-1270
-1264
-1233
-1180
-1111
-1023
-914
-800
-687
-566
-416
-265
-115
41
199
346
483
607
703
766
785
758
705
659
616
563
511
478
442
403
382
382
387
396
422
474
564
671
779
886
991
1084
1146
1188
1236
1267
1272
1276
1293
1310
1316
1293
1247
1188
1114
1019
927
848
768
675
595
545
495
419
316
205
100
-3
-106
-200
-273
-335
-403
-469
-527
-598
-706
-830
-942
-1030
-1098
-1143
-1171
-1182
-1181
-1189
-1214
-1238
-1267
-1312
-1347
-1342
-1302
-1265
-1244
-1236
-1221
-1221
-1251
-1294
-1324
-1335
-1325
-1268
-1158
-1018
-883
-771
-666
-542
-399
-266
-126
34
196
350
498
647
758
808
822
839
866
912
969
1024
1081
1136
1176
1203
1221
1215
1175
1137
1109
1087
1064
1016
963
886
791
687
572
461
353
240
141
60
-17
-111
-211
-306
-404
-501
-594
-669
-735
-802
-862
-926
-989
-1047
-1102
-1146
-1169
-1182
-1182
-1174
-1161
-1146
-1128
-1085
-1031
-955
-870
-766
-643
-504
-370
-247
-119
11
139
273
411
537
644
742
821
882
930
936
902
853
804
755
723
704
672
629
592
579
568
560
560
560
568
588
629
679
734
768
781
779
777
772
755
751
762
760
759
773
774
756
712
661
602
550
511
476
443
405
364
306
242
168
89
15
-51
-104
-142
-151
-163
-180
-204
-247
-302
-359
-414
-462
-499
-528
-542
-557
-579
-603
-634
-684
-735
-793
-854
-888
-907
-906
-890
-877
-888
-917
-947
-976
-1005
-1037
-1050
-1044
-1026
-990
-942
-890
-850
-827
-802
-760
-702
-622
-535
-441
-341
-243
-144
-54
34
101
156
216
287
366
445
521
590
643
682
717
731
735
735
723
724
734
737
727
707
672
624
569
513
453
396
339
278
217
163
112
51
-13
-77
-142
-194
-230
-256
-286
-319
-350
-385
-405
-416
-418
-422
-426
-422
-420
-410
-380
-358
-346
-326
-301
-274
-240
-208
-176
-146
-107
-62
-8
66
139
209
278
343
394
440
478
509
541
566
588
608
623
612
566
502
427
333
245
170
107
42
-13
-62
-109
-142
-174
-188
-200
-198
-160
-108
-38
37
108
168
209
256
299
340
391
448
504
567
625
670
708
732
743
751
753
758
766
767
765
753
734
691
637
570
506
448
394
352
306
255
202
148
91
32
-41
-120
-202
-286
-359
-430
-502
-584
-688
-787
-886
-990
-1097
-1207
-1307
-1388
-1442
-1478
-1502
-1506
-1510
-1507
-1486
-1443
-1383
-1307
-1212
-1107
-987
-863
-741
-633
-540
-462
-415
-369
-308
-251
-197
-138
-68
3
65
117
166
218
266
328
402
484
571
658
738
808
852
878
897
895
894
899
906
913
913
903
881
846
799
733
649
560
476
403
344
288
221
145
68
-9
-93
-173
-256
-333
-375
-394
-399
-403
-406
-423
-451
-483
-509
-533
-553
-566
-569
-539
-485
-427
-372
-327
-293
-267
-228
-183
-131
-74
-26
21
61
86
77
22
-61
-143
-215
-257
-256
-232
-196
-145
-82
-19
41
101
156
218
302
404
520
641
750
839
898
935
952
956
975
1010
1067
1144
1225
1298
1347
1357
1334
1277
1199
1116
1033
965
905
842
773
692
585
456
314
182
55
-53
-133
-203
-268
-338
-428
-537
-656
-778
-899
-1004
-1083
-1141
-1174
-1181
-1181
-1175
-1174
-1178
-1182
-1178
-1167
-1139
-1099
-1051
-996
-944
-896
-866
-847
-837
-826
-805
-768
-718
-663
-605
-543
-479
-422
-366
-313
-266
-213
-144
-58
32
119
197
271
344
407
458
501
532
544
550
568
571
566
543
505
468
439
406
366
326
283
249
222
214
217
218
216
213
210
206
202
184
165
145
124
103
84
72
54
27
-5
-28
-49
-65
-82
-104
-120
-135
-148
-155
-156
-155
-154
-140
-118
-87
-45
-2
46
92
139
194
252
298
332
353
366
371
359
336
317
288
250
208
170
123
70
10
-62
-139
-213
-281
-352
-429
-505
-587
-668
-731
-784
-824
-838
-836
-810
-755
-680
-599
-517
-439
-363
-278
-189
-92
-5
84
172
262
360
461
551
632
713
804
907
1017
1129
1236
1336
1424
1495
1547
1576
1583
1564
1538
1503
1456
1401
1325
1229
1120
1011
895
763
630
493
357
226
102
-20
-144
-267
-393
-510
-623
-724
-817
-899
-975
-1051
-1119
-1176
-1234
-1292
-1350
-1395
-1428
-1453
-1471
-1482
-1489
-1486
-1468
-1444
-1407
-1361
-1313
-1264
-1201
-1134
-1059
-974
-884
-800
-717
-628
-537
-442
-353
-262
-167
-75
16
102
183
259
330
402
470
528
576
626
666
707
742
766
785
792
795
789
782
768
752
742
724
704
672
626
577
522
471
428
384
343
308
272
232
182
126
65
9
-38
-78
-115
-150
-176
-200
-220
-237
-255
-273
-270
-255
-230
-195
-154
-113
-74
-44
-16
6
24
45
67
92
113
136
154
156
149
137
125
108
93
80
61
41
24
9
1
-8
-16
-26
-33
-37
-36
-34
-40
-55
-78
-101
-112
-123
-133
-136
-133
-126
-119
-103
-78
-50
-17
16
62
123
179
229
268
289
295
298
297
294
290
288
288
286
283
278
269
252
233
224
213
207
200
193
185
171
144
125
110
88
72
57
54
51
56
64
70
72
78
81
79
79
78
73
61
47
27
6
-6
-23
-38
-57
-80
-97
-117
-133
-146
-156
-168
-178
-191
-204
-222
-250
-279
-312
-341
-371
-393
-414
-438
-461
-490
-521
-560
-588
-612
-629
-647
-661
-665
-665
-658
-648
-642
-642
-644
-634
-612
-586
-556
-518
-479
-443
-401
-361
-326
-285
-237
-183
-121
-55
4
64
123
184
238
291
346
393
441
489
544
592
635
671
696
717
734
748
753
758
762
771
778
782
777
764
744
713
676
634
589
537
483
437
381
321
254
174
99
24
-47
-112
-162
-211
-257
-298
-333
-370
-404
-437
-465
-484
-499
-504
-505
-493
-478
-466
-453
-436
-417
-387
-357
-317
-279
-238
-192
-145
-99
-54
-9
32
78
124
166
212
250
285
320
349
378
399
410
423
429
432
435
425
412
397
379
356
331
311
291
270
245
222
198
172
146
119
95
64
27
-5
-30
-58
-87
-116
-139
-153
-173
-190
-194
-196
-196
-189
-180
-161
-141
-128
-111
-99
-96
-101
-104
-109
-107
-108
-117
-117
-118
-122
-127
-134
-144
-161
-177
-191
-207
-227
-243
-262
-282
-301
-311
-321
-333
-342
-352
-358
-365
-366
-369
-369
-363
-353
-340
-329
-316
-302
-290
-267
-250
-225
-186
-154
-117
-78
-44
-8
27
61
97
130
160
193
225
259
287
313
336
351
364
371
382
392
396
396
394
385
366
348
332
312
289
269
251
234
215
197
177
156
125
99
82
60
46
34
15
-8
-31
-56
-85
-108
-126
-140
-150
-163
-174
-189
-208
-222
-233
-241
-241
-241
-235
-226
-213
-198
-183
-165
-148
-132
-111
-90
-66
-40
-16
15
44
74
95
113
142
164
189
218
235
248
264
273
280
286
288
291
291
290
289
285
278
270
250
233
220
203
187
176
165
151
137
120
105
82
61
38
17
5
0
-10
-18
-25
-42
-60
-76
-93
-109
-124
-134
-144
-148
-151
-156
-162
-170
-181
-191
-197
-198
-198
-197
-194
-190
-188
-191
-194
-203
-210
-212
-217
-220
-222
-225
-221
-218
-219
-221
-217
-214
-208
-198
-191
-185
-176
-164
-160
-151
-142
-131
-126
-119
-106
-96
-86
-71
-59
-45
-28
-11
6
26
49
71
94
120
142
162
180
203
224
244
265
278
289
300
308
315
322
333
336
338
339
333
318
296
273
246
224
193
160
133
103
69
31
-1
-38
-77
-112
-154
-189
-229
-263
-298
-329
-348
-366
-382
-396
-405
-407
-401
-392
-378
-361
-340
-317
-289
-260
-233
-202
-168
-130
-88
-47
-1
42
84
124
164
207
248
289
322
350
369
386
396
405
408
404
401
401
396
386
384
376
362
341
321
296
272
247
222
201
176
149
122
94
69
49
27
4
-16
-41
-54
-76
-101
-120
-142
-155
-172
-190
-210
-224
-235
-246
-254
-257
-257
-253
-246
-240
-238
-238
-232
-227
-222
-210
-198
-188
-180
-169
-156
-142
-130
-115
-99
-88
-75
-64
-52
-40
-37
-40
-34
-31
-25
-20
-16
-14
-3
3
5
6
8
12
9
8
5
7
8
14
15
17
27
31
37
42
49
57
63
73
76
87
99
107
117
120
119
120
119
123
122
122
126
131
133
138
141
136
138
136
129
123
115
103
92
75
63
55
44
32
15
-1
-13
-26
-44
-60
-77
-102
-118
-136
-160
-176
-193
-210
-222
-230
-239
-245
-248
-253
-258
-258
-253
-248
-238
-226
-208
-187
-168
-143
-120
-100
-74
-54
-31
-5
16
41
66
92
115
135
161
181
198
215
230
246
259
270
284
296
307
314
319
326
325
320
315
304
281
262
246
220
198
174
146
117
87
58
31
5
-21
-47
-73
-98
-124
-142
-161
-171
-182
-196
-206
-212
-219
-219
-222
-226
-226
-222
-218
-209
-204
-196
-188
-183
-171
-161
-149
-137
-126
-114
-97
-82
-65
-50
-34
-18
-5
7
15
25
35
42
45
48
53
57
61
62
62
60
66
72
71
65
63
60
62
64
62
64
67
72
75
79
83
88
92
92
87
86
88
90
91
96
102
103
104
102
98
93
89
81
72
66
54
40
31
22
9
2
-6
-16
-29
-40
-50
-64
-74
-82
-95
-105
-117
-129
-140
-150
-159
-167
-169
-173
-178
-188
-189
-191
-194
-193
-194
-193
-190
-183
-175
-172
-167
-163
-155
-139
-124
-107
-95
-84
-78
-64
-45
-26
-10
6
26
45
64
80
100
122
143
156
174
191
203
214
223
235
239
245
250
256
261
265
266
259
258
252
247
237
229
222
209
197
186
171
149
132
113
90
74
56
37
14
-9
-31
-49
-67
-85
-99
-113
-123
-137
-146
-159
-168
-173
-181
-185
-191
-186
-182
-181
-183
-183
-182
-180
-176
-171
-162
-154
-144
-137
-127
-117
-113
-104
-92
-83
-72
-55
-38
-31
-20
-11
-6
4
10
16
21
28
34
41
49
56
65
72
79
82
85
95
101
98
98
100
99
99
99
100
99
99
101
97
91
87
85
80
78
70
63
61
56
52
52
47
37
28
23
17
16
9
0
-11
-17
-24
-31
-35
-39
-47
-57
-62
-72
-86
-97
-108
-118
-122
-128
-138
-141
-145
-147
-151
-155
-152
-153
-153
-148
-146
-145
-138
-134
-126
-115
-105
-93
-81
-66
-51
-37
-20
-7
2
15
25
37
48
61
68
76
89
100
109
120
130
138
149
157
158
159
158
155
157
159
157
153
148
143
132
124
126
121
114
107
98
91
84
78
72
67
58
46
39
29
20
12
2
-6
-16
-27
-29
-30
-34
-38
-46
-50
-51
-55
-56
-62
-64
-65
-67
-71
-74
-73
-67
-67
-67
-71
-70
-70
-72
-70
-70
-71
-69
-70
-70
-69
-66
-61
-59
-55
-51
-51
-47
-42
-41
-37
-25
-16
-10
-6
-9
-8
-5
-3
-3
-2
4
5
6
8
13
17
18
16
18
17
24
32
34
40
41
45
50
52
57
64
70
72
73
75
74
71
67
66
58
49
48
44
39
30
22
14
7
4
-1
-10
-14
-19
-25
-33
-42
-47
-58
-69
-77
-84
-83
-84
-88
-88
-91
-92
-95
-98
-99
-102
-98
-99
-96
-91
-88
-85
-87
-85
-81
-76
-68
-61
-55
-40
-26
-14
-3
8
17
27
38
49
58
63
70
77
87
95
102
104
112
117
121
129
134
136
137
141
141
139
136
135
132
125
123
116
112
109
103
98
94
86
77
64
51
42
31
23
13
-3
-12
-21
-28
-36
-44
-51
-60
-68
-75
-84
-89
-94
-103
-107
-115
-119
-124
-130
-136
-141
-143
-147
-147
-145
-148
-143
-138
-131
-128
-121
-110
-99
-86
-71
-59
-50
-42
-33
-23
-16
-8
2
11
22
30
38
47
59
73
82
93
97
104
111
115
118
126
131
133
134
130
128
122
122
118
117
113
109
99
89
83
78
69
55
45
34
25
16
7
5
1
-7
-20
-31
-38
-48
-60
-67
-82
-88
-90
-96
-98
-105
-105
-107
-109
-112
-115
-116
-117
-119
-119
-118
-117
-114
-115
-106
-105
-101
-90
-85
-76
-69
-59
-50
-42
-35
-29
-22
-12
-3
4
13
18
28
37
44
51
55
59
65
70
80
86
90
95
100
105
108
114
117
117
117
117
115
114
113
111
110
112
108
99
91
83
79
72
64
53
46
38
32
23
16
10
6
1
-6
-14
-19
-22
-26
-28
-34
-38
-44
-51
-58
-65
-73
-80
-82
-87
-87
-89
-90
-85
-85
-84
-84
-82
-79
-77
-75
-74
-72
-70
-66
-63
-57
-52
-49
-43
-40
-33
-26
-20
-13
-6
-1
5
11
16
22
27
35
37
37
36
37
40
41
46
51
60
71
73
73
74
70
71
72
75
73
70
65
57
53
45
37
34
32
32
32
26
18
11
7
-5
-13
-14
-16
-21
-25
-32
-37
-37
-35
-33
-36
-37
-45
-54
-61
-64
-61
-60
-61
-61
-64
-64
-67
-70
-73
-76
-77
-77
-77
-72
-68
-63
-58
-53
-48
-39
-33
-28
-22
-20
-18
-13
-5
1
12
21
27
33
34
38
45
51
56
58
57
58
57
59
60
57
59
68
71
73
75
77
79
83
86
88
85
82
78
74
67
61
60
56
50
40
29
27
21
13
10
1
-5
-11
-16
-19
-27
-32
-36
-38
-39
-40
-39
-39
-40
-40
-38
-33
-31
-31
-31
-31
-35
-37
-38
-41
-43
-45
-48
-46
-45
-40
-37
-33
-32
-40
-39
-37
-40
-41
-40
-35
-31
-23
-18
-17
-18
-17
-15
-12
-4
2
6
10
12
8
8
13
12
11
10
6
6
8
10
12
16
17
16
17
20
20
20
22
28
34
39
44
43
43
43
45
46
48
48
46
38
31
29
25
22
15
7
5
1
-7
-10
-7
-9
-9
-6
-5
-8
-14
-21
-28
-31
-29
-29
-30
-34
-41
-42
-41
-37
-36
-33
-29
-29
-31
-32
-33
-34
-30
-27
-27
-23
-24
-25
-24
-23
-17
-14
-11
-8
-13
-13
-8
-7
2
7
9
13
15
16
17
19
21
23
24
24
24
25
28
31
32
32
33
38
40
40
37
36
34
34
32
37
38
37
40
35
33
31
32
31
30
24
17
15
12
13
15
14
9
5
0
-3
-7
-12
-15
-17
-20
-25
-26
-24
-24
-26
-24
-21
-21
-26
-27
-30
-35
-37
-41
-44
-42
-41
-43
-42
-42
-42
-39
-38
-40
-40
-34
-32
-32
-31
-27
-24
-22
-18
-14
-10
-9
-6
-6
-3
1
-1
0
2
-3
-3
3
8
16
19
22
27
30
37
44
48
51
51
51
50
48
44
48
51
49
45
45
41
34
35
32
30
28
28
28
25
20
14
10
6
5
4
1
-3
-10
-18
-19
-19
-20
-18
-17
-15
-18
-17
-23
-30
-32
-35
-33
-33
-31
-32
-33
-34
-40
-43
-41
-39
-37
-35
-36
-34
-36
-35
-37
-38
-32
-28
-22
-18
-11
-6
-4
0
1
3
6
7
4
2
1
1
2
2
4
3
10
17
27
33
39
42
45
48
43
44
46
46
45
44
43
41
38
36
37
36
38
37
35
29
25
17
11
8
-1
-1
-7
-12
-18
-19
-19
-20
-21
-17
-13
-9
-7
-3
-5
-5
-4
-4
-6
-11
-14
-18
-19
-23
-26
-27
-29
-27
-29
-30
-28
-28
-28
-31
-35
-37
-34
-35
-32
-26
-25
-23
-19
-19
-17
-13
-6
1
9
14
18
21
21
22
20
20
20
21
22
21
18
15
14
11
10
13
15
17
19
21
24
24
24
24
24
21
19
18
15
12
7
3
1
2
2
-1
-2
-3
-4
-5
-9
-13
-15
-19
-20
-17
-11
-7
-6
-4
-6
-7
-4
-5
-2
-3
-3
-6
-8
-9
-15
-17
-17
-19
-20
-22
-24
-26
-26
-27
-29
-26
-21
-22
-16
-12
-12
-13
-11
-6
-2
2
6
10
10
7
6
7
14
17
17
17
22
22
22
25
27
27
28
29
30
31
27
21
19
18
15
17
18
17
20
20
22
24
25
31
32
31
31
26
23
23
21
18
16
12
9
5
1
-1
-4
-8
-10
-13
-14
-15
-18
-22
-23
-20
-21
-23
-23
-24
-25
-29
-31
-35
-40
-49
-56
-58
-56
-57
-57
-58
-56
-59
-59
-54
-48
-41
-35
-28
-21
-17
-11
-11
-7
-5
-5
-1
3
8
13
16
19
21
25
26
27
29
29
32
31
35
36
37
38
38
36
39
46
48
51
53
52
50
47
46
45
42
38
36
31
28
25
22
18
15
6
-1
0
-1
-5
-9
-13
-17
-18
-20
-18
-17
-14
-16
-16
-18
-18
-19
-22
-22
-23
-23
-24
-23
-25
-22
-20
-21
-22
-23
-24
-25
-27
-29
-28
-30
-29
-26
-22
-21
-21
-15
-13
-10
-3
2
2
4
5
6
6
7
7
10
12
14
16
18
18
14
10
6
7
8
5
4
4
5
4
3
2
2
5
9
13
16
19
19
21
22
21
21
23
22
17
13
7
4
0
-4
-8
-10
-10
-11
-11
-8
-8
-7
-7
-7
-8
-6
-1
2
2
2
4
3
5
6
4
1
-1
-2
-3
-6
-6
-8
-11
-15
-20
-21
-19
-18
-18
-16
-15
-15
-15
-12
-10
-9
-7
-4
-3
-3
0
3
7
11
11
9
11
11
11
14
15
16
14
17
15
14
13
10
6
1
1
2
1
1
-2
-5
-6
-7
-6
-6
-4
-2
1
0
0
-1
-1
-2
-1
-2
-2
0
-1
-1
-3
-6
-5
-3
-1
2
10
16
17
21
20
18
18
17
17
15
14
10
7
6
5
0
-4
-7
-11
-11
-13
-17
-22
-23
-20
-18
-16
-17
-14
-12
-13
-9
-8
-5
-4
-4
-2
-1
-3
-2
-2
-1
-4
-3
-3
-4
-5
-4
-3
-1
-1
2
5
4
4
2
4
4
3
-2
-6
-6
-8
-7
-2
-1
0
5
5
8
9
7
8
8
3
1
2
3
3
2
3
4
4
4
2
3
4
3
1
1
0
0
3
6
2
2
4
5
9
5
5
5
6
4
3
2
2
1
0
-1
-5
-8
-8
-9
-12
-13
-11
-10
-8
-2
-1
2
4
4
3
3
2
-1
-1
1
2
1
2
4
2
2
7
7
6
7
5
2
3
-1
-4
-2
-5
-5
-5
-4
-4
-6
-4
-3
-4
-6
-7
-9
-10
-8
-8
-5
-1
0
1
2
6
7
9
10
11
9
9
11
7
1
0
-1
0
0
1
2
3
2
-1
-2
-2
-3
-5
-4
-5
-5
-3
-1
-3
-2
0
-1
-4
-8
-10
-10
-10
-11
-12
-12
-7
-9
-9
-4
-4
-4
-4
-1
-2
-3
0
3
6
8
9
10
14
15
14
14
14
13
13
11
12
8
9
7
6
2
4
6
7
4
1
-1
-2
-3
-3
0
-1
-1
-3
-2
-3
-4
-4
-2
1
1
2
2
4
1
-1
-1
-2
-4
-8
-9
-11
-14
-15
-15
-13
-13
-13
-8
-5
-3
1
3
2
4
5
4
3
1
-1
0
2
1
5
7
8
8
9
11
7
6
5
5
2
-1
0
-2
-3
-3
-2
-2
-6
-4
-2
-2
-1
-3
-2
-1
-1
-2
0
-2
-1
-3
-3
-3
-3
0
3
4
4
4
3
0
0
-1
-4
-5
-5
-4
-3
-2
-1
0
2
4
4
5
6
6
5
5
4
4
4
2
0
2
0
0
0
-3
-4
-3
-3
1
0
-1
2
3
2
1
3
4
5
6
6
3
-1
-6
-6
-9
-9
-8
-9
-9
-10
-9
-7
-4
-1
3
5
7
6
5
5
5
2
0
1
-1
0
-1
-4
-4
-2
-1
0
0
-1
0
4
5
3
5
4
3
0
-2
-4
-2
-4
-1
3
2
2
3
4
4
2
3
-1
-2
-4
-5
-6
-6
-5
-7
-5
-6
-3
-3
-4
-2
-3
-4
-2
-6
-5
-5
-3
1
5
7
6
6
5
4
8
8
9
8
8
6
2
1
0
0
2
4
5
5
5
4
5
3
1
2
4
2
5
4
3
1
-3
-3
-3
0
3
3
5
7
5
6
5
3
-2
-6
-7
-7
-8
-9
-11
-8
-7
-6
-5
-5
-5
-2
1
1
-3
-4
-5
-7
-11
-12
-11
-12
-9
-5
-1
3
3
3
5
5
6
5
3
4
3
1
1
1
2
0
4
6
7
5
3
1
1
-1
-5
-5
-9
-14
-15
-12
-11
-6
-3
0
0
1
3
5
6
7
9
9
11
9
5
0
0
0
2
4
7
9
10
8
5
3
2
0
-1
2
2
1
1
1
-1
-3
-4
-2
-2
-3
-4
-3
-1
0
0
-1
3
5
2
3
1
-1
0
0
0
0
0
-1
-2
-1
-2
-4
-2
-3
-3
-2
-2
-1
-1
0
1
-1
-2
-2
-2
-1
-1
0
3
3
4
5
4
3
2
1
4
3
3
2
2
2
0
3
3
2
3
0
0
-2
-2
-1
0
1
-2
-3
-1
-3
-2
1
3
3
4
2
2
1
2
-1
-4
-5
-8
-9
-10
-10
-11
-12
-13
-12
-11
-9
-8
-4
-3
-2
-1
-1
-2
-3
-2
-3
-2
-2
0
3
3
2
6
5
4
6
8
8
10
9
7
5
3
1
-1
-2
-4
-3
-1
0
-1
1
3
3
4
4
4
6
5
3
2
1
0
0
-1
-3
-2
-1
-1
-1
-2
-2
-1
-1
0
5
6
8
7
8
8
7
8
9
9
7
1
-2
-6
-8
-11
-15
-15
-15
-13
-13
-12
-12
-10
-8
-3
0
5
5
6
7
9
7
7
7
5
5
5
5
4
6
6
7
8
9
9
8
8
5
3
2
2
-1
-4
-4
-5
-6
-4
-4
-6
-4
-1
-1
0
1
1
0
-2
-3
-4
-4
-4
-3
-2
-5
-6
-8
-8
-7
-7
-4
-2
-2
1
2
1
3
6
6
7
8
9
12
11
11
10
7
9
9
6
6
4
1
0
-3
-5
-7
-6
-3
-6
-6
-6
-7
-7
-8
-11
-12
-7
-6
-4
-4
-5
-4
-3
0
-2
-5
-4
-4
-6
-6
-6
-8
-6
-7
-8
-9
-6
-5
-6
-5
-5
-6
-5
-5
-1
-1
3
4
5
7
7
10
10
11
7
7
8
6
5
4
3
4
3
6
8
7
6
6
6
5
7
9
8
9
8
7
8
5
3
6
6
7
5
2
-1
-2
1
-1
-1
-1
-2
-1
0
-1
-3
-2
-1
-2
-3
-3
-5
-7
-9
-9
-8
-8
-8
-7
-8
-7
-6
-5
-5
-4
-4
-2
2
2
2
2
2
0
0
1
0
0
2
0
-2
-1
-3
-2
0
2
2
2
2
3
3
7
7
5
7
8
5
2
0
-1
-3
-2
-1
-2
-3
-3
-1
-1
1
1
3
3
-1
0
1
1
1
1
0
-1
-4
-4
-4
-3
-4
-4
-6
-6
-5
-5
-5
-5
-4
0
2
2
1
-1
-2
-5
-6
-6
-7
-7
-5
-5
-6
-8
-6
-2
-1
2
6
7
10
8
6
5
6
6
7
7
8
8
10
10
5
2
2
4
3
3
3
3
1
1
1
1
1
0
0
0
-1
-3
-3
-4
-3
-5
-4
-3
-2
1
4
3
0
-1
-2
-3
-4
-3
-4
-5
-3
-2
1
0
-1
0
2
2
3
5
5
5
4
5
5
7
8
5
2
-2
-3
-5
-6
-6
-8
-8
-7
-7
-6
-5
-7
-6
-4
-4
-3
0
1
1
0
1
2
4
7
10
9
9
8
6
3
1
1
-1
-3
-3
-3
-5
-5
-5
-6
-6
-4
-4
-6
-4
-5
-6
-4
-4
-1
-1
-1
-2
0
2
2
4
5
6
4
6
6
7
8
7
7
6
7
3
1
-1
-3
-5
-5
-3
-4
-3
-3
-5
-3
-2
-1
0
-1
-2
-3
-3
-1
0
1
0
0
-1
-1
1
1
2
3
4
4
3
3
2
3
4
3
2
4
3
3
1
0
-1
-1
-2
-1
-2
-1
-2
-5
-3
-2
-2
-3
-2
-2
-2
-1
-2
-3
-1
0
1
2
2
2
4
3
3
5
5
3
3
1
2
2
3
5
6
5
4
3
0
1
0
-1
-2
-3
-3
-3
-3
-2
-3
-2
-2
-2
-2
1
3
2
2
1
0
-2
-4
-5
-6
-5
-4
-4
-4
-2
-1
-1
-1
-1
-3
-3
-3
-3
-3
-1
-1
-1
-1
-1
-3
-2
-2
0
2
4
5
3
1
0
-2
-4
-4
-2
-2
-3
-5
-6
-4
-5
-2
0
0
4
6
8
8
10
9
8
7
7
5
4
4
2
0
-1
-1
-5
-5
-5
-3
-3
-4
-2
-2
-1
-1
-2
-4
-3
-3
-2
-1
-1
-3
-2
-4
-4
0
-1
0
4
5
4
3
2
1
-1
-2
-2
-1
-2
-3
-3
-5
-5
-6
-8
-7
-8
-6
-4
-1
1
3
3
3
2
1
5
7
9
12
10
9
9
11
8
8
8
7
6
5
4
2
1
1
-2
-1
2
4
5
5
2
2
2
1
-1
-1
1
0
0
1
1
0
0
0
1
-1
0
-2
-2
-4
-4
-4
-4
-3
-3
-2
-3
-3
-4
-6
-6
-6
-5
-6
-6
-5
-5
-5
-6
-6
-5
-5
-5
-4
-4
-3
-3
-2
-4
-4
-3
-3
-1
-2
-2
-2
0
1
2
5
6
6
7
6
7
4
5
5
3
5
4
5
7
7
5
3
5
5
1
2
1
-1
0
0
0
0
-1
-3
-1
-2
-1
-1
1
2
3
3
3
1
-1
-2
-4
-3
-3
-2
-2
-3
-3
-4
-6
-4
-5
-4
-1
-2
1
0
-1
0
1
1
2
3
3
3
2
1
0
-1
-1
0
-1
-3
-4
-3
-4
-5
-5
-4
-5
-4
-1
-1
0
2
3
5
6
7
7
6
4
4
3
3
2
-3
-2
-3
-3
-3
-3
-3
-1
-2
-2
-2
2
-1
2
1
2
3
2
3
1
0
1
2
1
2
2
4
5
5
4
3
2
1
1
-2
0
1
-2
-3
-4
-4
-3
-3
-2
-1
0
0
1
2
4
6
5
4
6
5
3
4
4
2
-1
-5
-6
-7
-7
-6
-7
-7
-6
-5
-6
-5
-5
-4
-4
-3
-2
0
1
2
3
4
3
4
3
3
2
1
0
-1
0
-1
-1
0
2
1
2
2
3
1
-1
-2
-1
-3
-4
-5
-4
-5
-5
-6
-6
-5
-4
-3
-2
-1
1
1
3
4
3
1
2
2
1
2
2
2
1
1
0
-3
-2
-3
-3
-1
1
2
2
2
-1
-2
-1
0
-1
1
1
1
1
0
2
4
2
3
5
5
4
4
3
4
1
-1
1
1
1
3
2
2
1
1
-1
0
0
-1
1
1
-2
-3
-3
-2
-2
-2
0
0
0
1
3
4
6
6
5
6
6
6
2
0
-2
-3
-3
-3
-3
-1
-1
-1
1
3
3
2
5
4
4
5
4
3
0
1
-1
-2
-2
-2
-3
-5
-4
-3
-2
-2
-2
-1
-2
-3
-4
-5
-4
-3
-2
-3
-1
-2
-1
0
-1
1
1
1
-1
-1
-3
-3
-4
-4
-5
-3
-4
-3
-2
-3
-2
-3
-2
-3
-5
-3
-2
-3
-3
-4
-3
-2
-3
-2
-1
-1
0
1
0
0
1
1
1
2
-1
0
1
1
1
1
1
1
3
3
4
5
7
6
6
6
4
6
7
8
8
5
4
1
1
3
2
0
0
0
-1
-1
1
1
2
2
1
1
0
0
1
0
0
0
0
0
0
2
1
0
1
2
0
-3
-4
-4
-3
-3
-4
-4
-4
-5
-3
-3
-3
-3
-3
-1
-2
-1
-1
-2
-3
-2
-1
0
0
2
3
4
3
1
2
1
1
1
2
3
2
2
3
2
3
2
4
1
2
0
2
2
1
2
3
3
3
4
3
2
0
-1
-2
-2
-5
-7
-7
-7
-7
-8
-8
-6
-7
-6
-5
-5
-4
-5
-5
-6
-3
-1
0
1
1
0
2
3
2
2
1
1
1
1
2
2
1
1
1
-1
-1
-1
-1
-1
0
0
1
2
2
3
2
3
3
3
4
5
5
5
2
4
3
3
4
4
4
3
3
3
2
2
1
-1
-2
-2
-1
-1
1
1
1
2
1
1
-1
-3
-2
-2
-2
-3
-1
0
-2
-1
-2
-3
-2
-4
-3
-3
-3
-3
-2
-1
-2
0
2
3
4
4
4
3
2
2
1
1
3
2
3
1
-1
-1
-1
-1
-2
-3
-2
-2
-3
-4
-5
-5
-5
-4
-3
-3
-2
-1
1
1
1
1
2
1
2
1
0
1
1
1
0
0
1
2
1
0
1
1
2
3
1
1
1
-1
-2
-3
-3
-3
-1
-1
-1
-1
0
0
0
0
2
3
2
2
3
3
4
4
3
3
2
2
1
1
0
-1
-2
-5
-6
-7
-6
-6
-6
-4
-4
-3
-1
-1
0
0
0
0
1
-1
-1
-1
-1
0
-1
-2
0
1
1
1
0
1
0
0
0
-1
-1
-2
1
2
2
3
3
1
2
0
2
2
3
5
5
3
4
5
4
4
3
4
4
6
6
5
3
1
-1
0
-1
-1
0
-1
-1
-1
-2
-4
-3
-1
-1
1
2
1
0
0
1
0
1
0
1
2
0
-3
-1
-3
-4
-4
-4
-3
-2
-5
-4
-3
-3
-2
-2
-2
0
-1
-3
-2
-2
-2
-2
-2
-1
-2
0
0
0
1
-2
-2
-2
-2
-1
-1
-1
0
1
1
2
2
4
3
5
4
2
3
1
-1
-3
-3
-2
0
0
0
-1
-3
-3
-3
-3
-4
-4
-5
-3
-4
-4
-4
-3
-2
0
1
4
4
5
4
4
4
3
3
1
2
3
4
2
3
2
2
1
2
0
-1
1
0
0
0
-2
-3
-2
0
2
3
5
5
5
4
4
5
4
3
1
1
-1
-2
-3
-4
-5
-6
-5
-6
-5
-4
-3
-2
-1
1
1
2
4
5
4
4
4
4
3
3
3
2
3
1
1
2
1
1
1
1
1
1
0
0
-3
-3
-4
-2
-2
-1
0
0
1
1
1
0
1
0
0
1
0
1
2
3
4
4
3
4
4
4
2
1
0
-2
-4
-5
-6
-8
-7
-6
-7
-7
-8
-9
-8
-7
-4
-3
-2
-3
-3
-4
-5
-5
-2
0
1
1
2
2
1
2
2
3
2
0
0
1
-2
-2
-3
-4
-2
-1
-1
0
1
3
4
3
3
6
7
8
9
8
8
6
7
4
3
3
3
2
1
2
0
0
0
-2
-1
-2
-2
-4
-2
-1
0
0
1
3
2
2
4
