0
0
0
0
-1
0
1
0
1
0
0
0
-1
0
0
-1
-1
0
-1
-1
0
0
0
0
0
0
1
0
-1
0
1
0
0
0
2
0
0
0
-1
1
0
0
0
-1
0
0
0
0
1
0
1
1
1
-1
1
0
0
0
0
1
1
0
0
0
0
-1
-1
0
0
0
0
0
0
0
-1
0
0
-2
-1
-1
-2
1
-1
-1
-1
0
-1
-1
-1
-1
0
-1
0
0
-1
-1
-1
0
0
1
1
0
0
1
-1
0
1
0
0
0
1
0
0
0
0
1
1
0
1
2
0
1
0
1
1
1
1
1
0
0
0
0
0
0
0
0
-1
0
1
-1
0
0
0
-1
0
0
0
0
-1
-1
0
-1
0
0
0
-1
1
0
1
-1
0
0
0
0
1
0
0
0
0
0
-1
1
0
0
1
0
0
1
1
0
0
0
0
1
0
0
0
0
1
-1
0
0
1
1
-1
0
0
0
0
0
0
-1
-1
0
-1
1
0
-1
0
-1
-1
-1
0
0
-1
1
-1
-1
0
-2
0
-1
-1
-1
0
0
0
0
-1
-1
0
0
1
0
0
0
-1
1
0
1
1
0
1
1
-1
1
1
1
2
0
2
0
0
0
1
0
0
1
1
2
0
0
0
-1
-1
0
0
0
-1
0
0
1
-1
1
0
-1
0
0
-1
1
0
-1
-1
0
0
0
-1
-1
0
-1
0
-1
0
0
0
0
-1
0
0
0
0
0
0
-1
0
-1
0
1
1
0
1
0
0
0
0
1
1
0
0
0
0
0
0
1
1
0
1
2
0
0
0
0
0
-1
0
0
-1
0
0
0
0
0
0
-1
0
0
-1
0
0
-1
-1
-1
0
0
0
-1
-1
0
-1
-1
-1
0
0
-1
-1
0
0
-1
0
1
0
1
0
1
0
0
1
-1
1
1
0
0
0
0
1
0
0
0
1
1
1
0
0
-1
0
0
1
1
2
1
1
1
0
-1
0
0
0
-1
-1
0
0
-1
0
0
-1
0
0
-1
0
0
0
0
-1
0
-1
0
0
0
0
0
1
0
1
0
-1
0
0
0
0
0
0
2
0
1
1
1
2
1
2
1
1
0
0
1
0
1
0
0
0
-1
-2
-1
-1
-2
-1
-1
-1
-1
-2
-2
-2
-2
-1
-1
-1
-2
-2
-1
-1
-2
-2
-2
-1
-1
-2
-1
-1
-1
-1
0
0
0
0
0
1
1
1
1
2
2
1
2
2
2
2
2
3
3
2
3
2
1
2
2
3
3
2
3
4
3
3
2
2
1
2
1
1
1
2
1
1
2
1
1
1
1
0
1
0
-1
0
0
-1
-1
-1
-2
-2
-3
-3
-2
-3
-3
-4
-5
-5
-5
-5
-6
-5
-5
-6
-6
-5
-4
-4
-4
-3
-2
-3
-2
-3
-2
-2
-1
-1
-1
0
-1
0
0
-1
-2
-1
-2
-1
2
2
3
4
5
6
6
7
8
8
8
8
6
7
7
6
7
7
5
4
2
1
0
-2
-2
-2
-4
-5
-4
-4
-5
-8
-8
-9
-10
-11
-9
-9
-10
-11
-5
2
5
7
11
13
14
15
18
18
17
17
18
15
14
17
16
10
7
9
3
-12
-23
-27
-31
-40
-43
-39
-40
-50
-56
-54
-49
-48
-43
-35
-26
-18
-7
10
27
46
62
79
89
95
99
103
100
96
94
90
76
50
22
-9
-48
-89
-119
-138
-160
-184
-200
-207
-215
-221
-205
-176
-142
-108
-70
-23
21
72
131
180
216
251
285
307
315
332
359
375
363
340
323
298
257
219
195
177
151
107
52
2
-43
-94
-143
-172
-173
-187
-238
-281
-269
-233
-225
-236
-200
-127
-93
-110
-102
-30
28
17
-3
11
-14
-176
-415
-566
-606
-675
-843
-1018
-1115
-1194
-1324
-1429
-1373
-1187
-1019
-919
-782
-519
-219
4
225
579
1015
1342
1494
1627
1835
2010
2049
2038
2086
2103
1935
1625
1360
1198
1006
703
384
139
-86
-377
-699
-924
-1037
-1129
-1255
-1362
-1391
-1373
-1375
-1390
-1300
-1089
-897
-844
-854
-708
-368
-10
265
513
750
893
929
1023
1280
1544
1633
1583
1495
1347
1093
789
552
383
188
-82
-437
-816
-1134
-1327
-1372
-1290
-1119
-966
-911
-863
-567
-28
491
864
1183
1517
1760
1873
2006
2239
2409
2347
2143
1958
1733
1356
876
444
180
-68
-574
-1328
-2039
-2452
-2703
-3084
-3461
-3573
-3768
-4578
-5693
-6140
-5610
-4997
-5012
-5132
-4719
-4134
-3997
-3970
-3150
-1503
-27
717
1252
2162
3194
3781
4123
5005
6392
7220
6858
6089
5938
6160
5838
5035
4628
4585
3826
2089
538
28
-124
-889
-1933
-2370
-2397
-2917
-3908
-4343
-3724
-2858
-2594
-2598
-2108
-1212
-633
-456
84
1268
2298
2533
2473
2879
3526
3667
3334
3226
3427
3293
2600
1895
1606
1382
790
60
-404
-700
-1217
-1981
-2524
-2613
-2611
-2860
-3232
-3388
-3268
-3147
-3092
-2801
-2231
-1719
-1449
-1163
-569
136
632
974
1438
1997
2326
2324
2260
2331
2401
2254
1982
1824
1657
1161
463
53
33
-85
-617
-1232
-1533
-1659
-2012
-2567
-2917
-2949
-2968
-3223
-3538
-3642
-3918
-4853
-6031
-6383
-5627
-4890
-5110
-5559
-5195
-4475
-4332
-4375
-3310
-1265
254
695
1147
2400
3767
4401
4738
5800
7394
8180
7618
6793
6878
7478
7332
6416
5831
5776
5011
3062
1313
942
1078
193
-1445
-2251
-2088
-2506
-3898
-4803
-4198
-3110
-3005
-3404
-2934
-1772
-1110
-1100
-733
560
1899
2319
2296
2773
3610
3877
3264
2692
2983
3470
3246
2578
2264
2231
1700
673
121
286
240
-543
-1498
-1876
-1968
-2443
-3163
-3415
-3177
-3067
-3318
-3509
-3260
-2783
-2354
-1850
-1138
-397
179
555
1022
1651
2190
2381
2238
2109
2130
1993
1615
1201
873
616
153
-348
-560
-779
-1238
-1775
-2201
-2200
-2040
-2051
-1958
-1880
-2089
-2492
-3183
-4265
-5799
-7322
-7560
-6720
-6358
-6988
-7777
-7783
-7388
-7316
-6729
-4871
-2531
-944
-292
515
2029
3684
4983
6136
7614
9159
9718
9058
8340
8658
9579
9688
8814
8001
7438
6168
3946
2241
1982
2006
858
-1055
-2280
-2749
-3573
-4869
-5460
-4783
-3898
-3964
-4483
-4261
-3246
-2300
-1737
-886
685
2200
2665
2383
2548
3590
4724
5030
4724
4512
4408
3978
3278
2981
3244
3294
2553
1447
661
47
-821
-1588
-1660
-1481
-1999
-3149
-4097
-4442
-4425
-4252
-3871
-3416
-3178
-3111
-2886
-2344
-1509
-525
354
933
1214
1361
1458
1446
1390
1479
1524
1186
556
-109
-642
-945
-1071
-1110
-1392
-2216
-2985
-3092
-2836
-2574
-2300
-1842
-1186
-913
-1299
-1877
-2884
-4744
-6756
-7743
-7212
-6288
-6592
-7708
-8251
-8209
-8128
-7865
-6571
-4042
-1706
-792
-444
608
2432
4240
5571
7046
8936
10124
9744
8715
8671
9854
10754
10350
9413
8756
7761
5828
3894
3199
3352
2726
895
-815
-1650
-2428
-3823
-5002
-4865
-3986
-3901
-4774
-5229
-4539
-3543
-3047
-2507
-1043
622
1153
889
1268
2627
3732
3637
3200
3495
4135
4295
4018
4060
4575
4740
4052
3032
2361
1950
1225
266
-365
-634
-1262
-2622
-3978
-4508
-4468
-4613
-4932
-4924
-4485
-4045
-3713
-3096
-2118
-1136
-408
120
441
510
346
397
753
1063
1054
732
377
-37
-598
-1177
-1694
-2259
-2668
-2748
-2682
-2507
-2265
-1950
-1422
-1150
-1410
-2141
-3758
-5860
-7251
-7407
-6768
-6638
-7584
-8445
-8737
-9045
-9129
-8214
-5888
-3090
-1553
-1059
-167
1466
3438
5277
7073
9056
10424
10397
9567
9197
9928
10981
11213
10595
9825
8963
7332
5199
3846
3659
3551
2284
170
-1432
-2483
-3773
-5031
-5388
-4731
-4323
-5077
-5910
-5785
-5110
-4524
-3832
-2269
-149
1134
1316
1365
1888
2777
3522
4205
5208
6108
6213
5530
4865
4917
5384
5434
4847
3971
2954
1495
-222
-1290
-1338
-1288
-2238
-3910
-5095
-5567
-5863
-5979
-5498
-4356
-3449
-3330
-3281
-2696
-1780
-926
-189
636
1246
1171
670
515
872
1292
1480
1101
22
-1430
-2715
-3265
-3367
-3533
-3410
-2936
-2619
-2540
-2144
-1096
-612
-2461
-6056
-8596
-8470
-6993
-6485
-7266
-7810
-7881
-8743
-10234
-10168
-7148
-3095
-1111
-1372
-1425
208
2434
3928
5519
8300
10984
11256
9231
8028
9448
11537
11881
10917
10525
10425
8652
5515
3760
4427
5172
3736
1129
-307
-727
-2145
-4605
-5786
-4634
-3308
-4149
-6128
-6643
-5652
-5070
-5194
-4122
-1174
1218
1101
144
754
2645
3867
4007
4730
6318
6847
5610
4301
4546
5861
6352
5425
4127
3014
1601
-206
-1479
-1435
-949
-1794
-4015
-5881
-6360
-6162
-6056
-5640
-4481
-3333
-3218
-3624
-3206
-1896
-645
153
845
1494
1349
509
387
1465
2700
2841
1664
238
-1005
-2375
-3449
-4039
-4053
-3536
-3196
-3247
-3288
-2838
-1554
-1038
-3246
-6902
-9162
-8582
-6804
-6580
-7405
-7525
-7629
-8846
-10365
-9648
-5760
-1754
-494
-1147
-1195
603
2977
4564
6245
8917
11212
10922
8578
7585
9539
12001
12124
10686
10179
10117
8194
4980
3498
4662
5463
3326
203
-1052
-1270
-2919
-5736
-6806
-5130
-3793
-5082
-7011
-6972
-5376
-4563
-4715
-3562
-902
812
503
-120
915
3129
4513
4918
5573
6542
6852
6095
5470
6160
7229
7101
5559
3799
2608
1365
-366
-1700
-1908
-1978
-3205
-5213
-6412
-6376
-6135
-6155
-5698
-4530
-3780
-3890
-3797
-2828
-1498
-612
-81
682
1319
1345
1224
1592
2323
2686
2198
1048
-360
-1762
-2934
-3591
-3553
-2975
-2371
-2290
-2585
-2308
-1461
-1918
-4943
-8810
-10279
-8752
-7268
-7794
-8679
-8409
-8282
-9780
-11203
-9283
-4466
-827
-365
-1053
-252
2036
4015
5423
7683
10715
12249
10864
8543
8632
11241
13147
12497
11017
10511
9713
7017
4154
3926
5473
5136
2036
-716
-1229
-1554
-3705
-6036
-6038
-4618
-4768
-6817
-8090
-7153
-5705
-5440
-5420
-4005
-1644
-211
-35
519
2282
3982
4455
4356
5079
6589
7290
6734
6316
6748
7039
6042
4374
3537
3077
1527
-701
-1887
-1855
-2445
-4440
-6186
-6401
-5927
-5993
-6198
-5503
-4446
-4203
-4466
-4031
-2478
-760
62
382
812
1142
1260
1389
1882
2671
2839
1826
26
-1697
-2615
-3035
-3399
-3238
-2415
-1680
-1874
-2407
-1789
-1287
-3610
-7994
-10602
-9300
-6906
-7163
-8692
-8746
-8431
-9863
-11965
-10878
-5789
-1174
-289
-1353
-1067
1238
3534
4960
7099
10370
12382
11100
8243
7791
10640
13250
12845
11136
10659
10375
7828
4296
3576
5814
6670
3645
-111
-1107
-833
-2401
-4993
-5353
-3524
-3314
-5929
-8011
-7109
-4886
-4172
-4741
-4107
-2016
-627
-706
-604
1176
3516
4359
4055
4528
6035
6823
6130
5527
6297
7217
6420
4441
3167
2655
1246
-1141
-2512
-2032
-1693
-3372
-5887
-6943
-6416
-5867
-5676
-4928
-3576
-3004
-3650
-4175
-3320
-1480
-4
710
1107
1418
1494
1351
1431
2083
2718
2197
403
-1532
-2760
-3303
-3425
-3189
-2497
-1915
-2129
-2350
-1868
-2247
-5153
-9334
-11217
-9360
-7143
-7483
-8651
-8694
-8808
-10582
-12189
-9817
-4001
110
-27
-1726
-1407
1114
3564
5379
8003
11229
12352
10023
7134
7592
11080
13529
12712
10890
10230
9152
6134
3419
3988
6547
6518
2829
-539
-1177
-1312
-3080
-4840
-4054
-2205
-2964
-5985
-7359
-5729
-3733
-3531
-3826
-2421
-154
479
-71
607
2883
4851
4965
4372
5178
6643
6704
5590
5141
6027
6548
5133
3190
2438
1737
-322
-2754
-3537
-2755
-2739
-4553
-6573
-7232
-6872
-6402
-5738
-4507
-3047
-2384
-3023
-3614
-2777
-963
647
1547
1970
2267
1961
1418
1842
2889
3276
2086
-277
-2263
-3367
-3946
-4004
-3538
-2768
-2435
-2643
-2434
-2385
-4402
-8390
-11484
-10976
-8275
-7360
-8400
-8895
-8764
-9805
-11921
-11486
-6511
-919
917
-263
-890
803
3217
5033
7557
11135
13324
11861
8243
6944
9637
12941
13408
11756
10670
9824
6884
2990
2105
4860
6853
4517
367
-1515
-1828
-3349
-5479
-5161
-2565
-2028
-5040
-7665
-6895
-4519
-3695
-3963
-2476
314
1307
233
26
2303
4934
5543
5045
5537
6829
7072
5878
5076
5805
6660
5768
3521
2036
1673
465
-2125
-3865
-3350
-2624
-4069
-6595
-7529
-6805
-6492
-6787
-5913
-3795
-2427
-2811
-3476
-2518
-488
889
1612
2472
3380
3613
3004
2719
3467
4205
3854
2182
-210
-2153
-3342
-3781
-3504
-2936
-2463
-2397
-2502
-2655
-4094
-7641
-11325
-12019
-9565
-7751
-8746
-9969
-9583
-9685
-11726
-12780
-9067
-2787
233
-783
-1734
-173
2505
4328
6204
9756
13110
12983
9611
7069
8638
12330
13799
12550
11279
10757
8580
4267
1898
3812
6383
4964
505
-2039
-1873
-2698
-5429
-6567
-4305
-2285
-4357
-7843
-7716
-4724
-3057
-3782
-3605
-866
1422
873
-14
1812
5213
6741
5783
5475
6947
7988
7235
6006
6275
7502
7060
4633
2433
1978
1771
-267
-2958
-3587
-2801
-3612
-6360
-8139
-7361
-6198
-6595
-7114
-5749
-3674
-3407
-4299
-3638
-1234
587
893
1280
2689
3703
3261
2708
3564
4956
4906
3225
1232
-288
-1477
-2495
-2911
-2378
-1564
-1466
-2057
-2334
-2513
-4391
-8308
-11565
-11356
-8971
-8299
-9716
-10277
-9772
-10635
-12950
-12913
-7994
-2109
-440
-2074
-2587
-320
2647
4629
7029
10797
13326
12025
8625
7561
10333
13539
13820
12239
11513
10953
8004
3888
2780
5227
6668
3856
-322
-1846
-1858
-3517
-5980
-6000
-3819
-3602
-6659
-8687
-6921
-4171
-3767
-4621
-3353
-311
755
-434
-185
2896
6072
6550
5509
6083
7924
8171
6702
6042
7261
8217
6444
3316
1894
2014
1123
-1370
-3194
-3048
-2927
-4960
-7702
-8351
-7068
-6328
-6806
-6605
-4967
-3730
-4137
-4491
-2889
-381
815
779
1230
2466
3103
2703
2633
3750
4940
4595
2759
760
-572
-1577
-2432
-2456
-1344
-260
-482
-1267
-1470
-2378
-5832
-10369
-11917
-9495
-7318
-8342
-10078
-10098
-10085
-12049
-13615
-10709
-4533
-725
-1428
-3141
-2363
548
3294
5559
8621
11779
12282
9382
6486
7551
11760
14311
13225
11437
10945
9403
5457
2625
4156
7112
6141
1517
-1605
-1580
-1952
-4287
-5540
-3825
-2399
-4750
-8377
-8407
-5313
-3457
-4154
-4346
-2059
159
-293
-1314
468
4294
6543
6009
5280
6402
7744
7196
5987
6516
8213
8237
5705
3169
2545
2227
264
-2134
-2623
-1880
-2747
-5803
-8164
-7896
-6850
-6989
-7237
-5866
-3923
-3736
-4757
-4395
-2079
122
920
1150
1892
2660
2444
1957
2619
4196
4931
3657
1315
-434
-1441
-2225
-2522
-1893
-726
-215
-844
-1591
-2297
-4542
-8451
-11414
-10973
-8449
-7708
-9251
-10182
-10019
-10939
-12922
-12421
-7453
-1848
-283
-1839
-2426
-477
2430
4981
7839
11184
12834
10997
7585
6691
9595
13144
13900
12307
10895
9558
6503
3109
2870
5575
6732
3647
-597
-2137
-2136
-3443
-5187
-4847
-3218
-3738
-6772
-8363
-6524
-4031
-3525
-3826
-2582
-516
-56
-857
-2
3088
5799
6183
5407
5638
6752
7132
6506
6249
7027
7445
5873
3150
1584
1431
635
-1529
-3145
-2946
-2733
-4547
-6996
-7512
-6484
-6079
-6453
-5816
-3994
-3000
-3512
-3738
-2292
-89
1260
1917
2789
3499
3473
3092
3291
4267
4706
3664
1848
73
-1244
-1873
-1920
-1431
-736
-633
-1062
-1568
-2951
-6009
-9666
-11418
-10151
-8316
-8546
-9589
-9649
-10003
-11934
-13416
-11127
-5637
-1659
-1372
-2172
-1578
270
2398
4969
8690
12304
13088
10557
7754
8015
10932
13112
12846
11903
11454
9472
5171
1971
2873
5544
5228
1612
-1176
-1671
-2670
-5182
-6328
-4462
-2581
-4045
-7160
-7666
-5307
-3595
-3753
-3321
-924
1275
1196
373
1505
4167
5750
5656
5706
6868
7850
7205
5669
5247
6133
6350
4771
2546
1456
1060
-608
-3042
-3781
-2830
-2872
-5086
-7273
-7429
-6839
-6929
-6593
-4936
-3223
-2876
-3355
-3109
-1846
-304
1261
2709
3593
3823
3550
3168
3218
3855
4482
3995
2179
53
-1585
-2533
-2651
-1851
-716
-306
-682
-1212
-2543
-5793
-9790
-11607
-10129
-7997
-8012
-9083
-9292
-9741
-11819
-13467
-11095
-5291
-1002
-582
-1456
-1020
522
2130
4496
8543
12454
13229
10532
7479
7402
10034
12257
12501
11961
11494
9471
5045
1566
2398
5339
5368
1845
-1065
-1492
-2360
-5074
-6484
-4488
-2347
-3787
-6894
-7189
-4528
-2732
-3163
-3108
-793
1589
1668
747
1592
4111
5662
5407
5264
6502
7729
7149
5408
4750
5577
5896
4538
2725
1902
1297
-678
-3198
-3957
-3032
-2921
-4777
-6785
-7182
-6824
-7001
-6887
-5339
-3385
-2905
-3539
-3310
-1785
-202
880
1965
3139
3599
3141
2783
3201
3963
4187
3340
1734
77
-1314
-2218
-2440
-1920
-910
-346
-519
-1007
-2521
-5951
-9950
-11663
-10180
-8178
-8249
-9204
-9315
-9801
-11835
-13245
-10776
-5228
-1114
-508
-1064
-470
950
2326
4510
8449
12416
13320
10747
7882
7784
10014
11762
11866
11551
11207
9063
4756
1494
2032
4346
4235
1375
-838
-1262
-2359
-4901
-5979
-4181
-2508
-3905
-6429
-6360
-4001
-2650
-3221
-3080
-883
1207
1349
1064
2545
4906
5709
5053
5116
6469
7442
6809
5427
4801
4988
4795
3636
2322
1753
1181
-705
-3194
-4003
-2997
-2873
-4801
-6518
-6363
-5813
-6275
-6368
-4601
-2642
-2664
-3598
-3170
-1397
173
1104
2140
3301
3748
3458
3132
3147
3428
3410
2530
930
-734
-1720
-1844
-1522
-997
-431
-63
-212
-1776
-5409
-9631
-11680
-10635
-8747
-8359
-8946
-9243
-10102
-12238
-13461
-11059
-5973
-2160
-1210
-1176
-338
956
2307
4488
8004
11587
13038
11679
9283
8521
9992
11627
11816
11430
11351
10066
6297
2359
1520
2959
3024
890
-796
-1055
-2159
-4876
-6546
-5425
-3662
-3951
-5459
-5704
-4508
-3608
-3595
-3020
-1032
1032
1743
1724
2672
4664
6030
5928
5562
6217
7358
7474
6433
5563
5463
5118
3634
1850
1136
994
-307
-2682
-4221
-4174
-4184
-5434
-6667
-6619
-6093
-6192
-6222
-5054
-3401
-2714
-2828
-2575
-1602
-394
738
1890
2857
3349
3458
3363
3295
3406
3467
2926
1559
14
-890
-1065
-920
-638
-183
339
3
-2371
-6476
-10196
-11258
-9815
-8417
-8522
-8999
-9243
-10432
-12671
-13278
-9951
-4835
-1881
-1477
-1214
-102
1174
2694
5494
9255
11821
11828
10293
9253
9882
11451
12248
11833
11279
10818
8964
5547
3047
3021
3542
2032
-547
-1498
-1317
-2544
-4969
-5927
-4769
-4060
-5260
-6325
-5428
-3886
-3545
-3862
-3055
-1009
679
1308
1830
3093
4700
5647
5722
5808
6626
7554
7500
6369
5445
5361
5022
3706
2208
1357
523
-1157
-2946
-3531
-3331
-3831
-5231
-6392
-6694
-6641
-6588
-6013
-4723
-3599
-3360
-3473
-3114
-2176
-945
366
1700
2538
2653
2663
2878
3075
3206
3111
2517
1275
-207
-949
-760
-431
-255
3
358
88
-2149
-6212
-9807
-10765
-9494
-8364
-8558
-9002
-9079
-10126
-12273
-12917
-10034
-5426
-2529
-1963
-1650
-473
893
2395
5090
8915
11760
11805
9823
8469
9295
11258
12427
12293
11721
10887
8761
5531
3581
4100
4807
3246
334
-1370
-1730
-2706
-4453
-5080
-4230
-3877
-5033
-6024
-5264
-3782
-3306
-3553
-3009
-1427
19
686
1249
2450
3923
4805
4975
5267
6244
7274
7275
6261
5402
5321
5235
4348
3072
2073
1043
-635
-2353
-2980
-2768
-3011
-4180
-5486
-6170
-6335
-6165
-5425
-4272
-3447
-3371
-3608
-3482
-2856
-1838
-417
974
1684
1766
1835
2131
2386
2382
2277
2010
1180
51
-506
-160
488
699
524
323
-618
-3404
-7400
-10079
-9721
-7883
-7426
-8570
-9410
-9634
-10633
-12170
-11649
-8077
-4206
-2763
-2851
-2191
-551
1044
2726
5545
8963
10846
10271
8671
8139
9389
11238
12223
12171
11623
10431
8054
5199
3848
4486
4923
3335
869
-611
-1487
-3054
-4568
-4416
-3306
-3498
-5111
-5964
-5165
-4167
-4003
-3803
-2769
-1537
-863
-274
915
2425
3589
4267
4710
5183
5819
6407
6558
6139
5575
5174
4662
3800
2912
2122
979
-590
-1821
-2183
-2331
-3036
-4000
-4587
-5011
-5577
-5697
-4826
-3748
-3375
-3523
-3481
-3114
-2697
-2021
-751
601
1286
1344
1461
1970
2435
2470
2177
1670
970
319
80
288
628
933
1149
630
-1613
-5377
-8628
-9362
-7917
-6629
-6944
-8099
-9164
-10473
-12015
-12040
-9276
-5402
-3248
-3189
-3221
-2161
-551
1265
3897
7206
9547
9658
8332
7539
8293
9920
11233
11776
11772
11120
9344
6835
5033
4780
5032
4289
2631
1259
219
-1457
-3527
-4433
-3743
-3101
-3795
-4910
-5053
-4595
-4721
-5166
-4565
-2834
-1349
-789
-412
421
1286
1825
2482
3637
4918
5766
6070
5918
5439
4963
4777
4704
4388
3730
2722
1291
-237
-1097
-1094
-1113
-1955
-3230
-4254
-4972
-5406
-5235
-4393
-3549
-3320
-3504
-3643
-3570
-3116
-2088
-815
-48
68
148
517
945
1295
1674
1942
1674
942
501
711
1136
1329
1341
1298
706
-1258
-4395
-7128
-7970
-7114
-6195
-6390
-7401
-8604
-9955
-11175
-11092
-8923
-5785
-3675
-3144
-3032
-2319
-1156
227
2290
5098
7532
8357
7794
7306
7851
9027
10085
10824
11268
11064
9739
7739
6224
5648
5386
4773
3876
3013
1932
232
-1627
-2725
-2853
-2705
-2927
-3337
-3478
-3508
-3883
-4489
-4603
-3840
-2647
-1628
-890
-394
-296
-502
-336
780
2507
3935
4591
4609
4207
3674
3462
3835
4411
4427
3608
2344
1108
183
-245
-218
-241
-954
-2370
-3761
-4443
-4373
-3924
-3427
-3104
-3134
-3482
-3787
-3619
-2893
-2015
-1455
-1272
-1134
-736
-151
358
702
886
773
304
-234
-384
-53
287
270
99
144
458
613
16
-1539
-3669
-5505
-6173
-5581
-4507
-3939
-4455
-5897
-7572
-8531
-7870
-5628
-3167
-1967
-2169
-2652
-2401
-1319
293
2213
3939
4789
4705
4428
4735
5687
6754
7497
7845
7848
7510
6899
6271
5843
5517
4985
4211
3551
3153
2790
2236
1540
899
324
-187
-444
-348
-178
-296
-682
-966
-950
-825
-870
-1077
-1272
-1344
-1258
-1081
-875
-701
-633
-653
-631
-339
290
900
1024
632
112
-300
-558
-541
-106
446
384
-514
-1585
-2080
-1869
-1279
-641
-223
-346
-1010
-1719
-1894
-1413
-693
-205
-139
-339
-538
-602
-501
-217
209
541
500
157
-117
-109
-2
-55
-201
-229
-199
-355
-692
-889
-785
-631
-654
-688
-484
-144
24
-166
-715
-1448
-2077
-2312
-2128
-1855
-1827
-2074
-2450
-2793
-2920
-2702
-2195
-1737
-1693
-1986
-2169
-1958
-1459
-899
-376
42
148
-144
-505
-507
-69
536
1001
1229
1311
1315
1302
1390
1687
2106
2367
2314
2200
2377
2844
3318
3632
3866
4055
4035
3793
3687
4013
4505
4613
4247
3804
3525
3248
2883
2630
2571
2361
1649
630
-163
-515
-670
-833
-974
-1121
-1498
-2164
-2785
-3002
-2823
-2533
-2346
-2310
-2407
-2583
-2704
-2649
-2414
-2081
-1735
-1495
-1430
-1414
-1266
-948
-522
-25
436
693
677
561
551
632
679
711
750
651
301
-144
-418
-510
-607
-753
-891
-1099
-1428
-1728
-1835
-1770
-1684
-1579
-1385
-1149
-1049
-1128
-1198
-1111
-907
-702
-538
-399
-326
-388
-565
-740
-757
-578
-366
-275
-306
-428
-639
-934
-1213
-1294
-1132
-912
-820
-834
-817
-733
-673
-671
-596
-370
-115
38
172
430
763
1037
1246
1480
1714
1847
1936
2173
2581
2968
3181
3249
3308
3430
3537
3589
3656
3721
3637
3306
2832
2452
2258
2104
1883
1580
1117
455
-247
-719
-809
-658
-580
-746
-1101
-1465
-1680
-1744
-1714
-1574
-1339
-1163
-1134
-1128
-976
-692
-426
-206
37
246
286
152
18
-13
8
26
73
150
155
-45
-449
-875
-1134
-1164
-1079
-1067
-1200
-1426
-1698
-1948
-2025
-1841
-1541
-1407
-1544
-1783
-1889
-1784
-1512
-1169
-851
-638
-554
-518
-420
-208
90
398
620
729
794
849
830
677
419
147
-75
-218
-334
-493
-732
-1018
-1280
-1469
-1576
-1592
-1525
-1470
-1537
-1653
-1592
-1246
-791
-469
-313
-204
-67
134
450
879
1286
1513
1553
1564
1687
1908
2153
2340
2417
2404
2368
2345
2305
2241
2172
2091
1959
1785
1627
1493
1324
1106
904
762
672
627
630
609
449
146
-107
-114
89
373
645
826
848
693
503
453
595
831
1023
1070
919
592
209
-72
-190
-215
-244
-363
-629
-1008
-1372
-1624
-1738
-1739
-1666
-1590
-1625
-1787
-1976
-2108
-2134
-2042
-1830
-1569
-1404
-1381
-1421
-1416
-1349
-1194
-910
-598
-400
-348
-299
-138
80
295
493
630
630
472
276
186
225
277
259
188
63
-137
-413
-657
-727
-651
-611
-760
-1039
-1239
-1280
-1238
-1154
-977
-728
-537
-529
-614
-603
-416
-126
166
433
639
672
521
352
364
560
785
921
944
843
617
395
321
426
582
670
670
600
486
419
491
695
914
1053
1095
1088
1076
1145
1364
1676
1952
2066
2028
1930
1847
1820
1865
1965
2036
1970
1717
1383
1141
1044
1013
916
718
491
243
-54
-359
-573
-675
-775
-967
-1213
-1406
-1551
-1699
-1854
-1925
-1848
-1700
-1580
-1515
-1471
-1454
-1483
-1489
-1322
-949
-551
-344
-370
-510
-599
-564
-429
-248
-115
-124
-278
-491
-620
-578
-415
-290
-351
-579
-857
-1073
-1148
-1050
-813
-609
-602
-795
-1047
-1157
-1066
-836
-565
-357
-279
-322
-384
-337
-125
175
413
488
426
323
249
236
314
458
560
574
502
405
323
267
241
241
246
218
145
63
37
102
207
253
245
274
400
563
698
868
1079
1258
1340
1390
1525
1717
1871
1957
2037
2150
2235
2211
2104
2000
1908
1780
1612
1469
1390
1282
1015
611
244
42
-72
-212
-399
-590
-799
-1061
-1314
-1425
-1389
-1360
-1442
-1554
-1563
-1500
-1477
-1459
-1355
-1181
-1044
-985
-903
-771
-668
-652
-665
-630
-559
-504
-441
-367
-350
-449
-601
-684
-678
-677
-746
-840
-877
-845
-804
-776
-757
-767
-854
-970
-978
-825
-601
-455
-428
-440
-413
-343
-217
-21
195
286
197
55
28
176
392
547
583
511
371
209
112
133
248
337
327
254
165
114
122
180
269
318
289
228
216
295
445
635
809
925
964
962
989
1070
1198
1359
1508
1625
1684
1670
1606
1524
1446
1375
1322
1292
1254
1167
993
769
559
431
398
369
269
89
-162
-430
-617
-664
-605
-562
-609
-753
-936
-1094
-1120
-973
-747
-599
-599
-672
-701
-663
-575
-476
-441
-516
-663
-777
-780
-681
-568
-541
-639
-788
-895
-923
-906
-867
-812
-743
-712
-761
-815
-797
-725
-679
-655
-602
-510
-440
-422
-421
-379
-296
-213
-125
-12
101
136
62
-45
-67
46
234
375
409
338
177
-12
-110
-25
180
332
306
142
0
-34
17
104
220
358
446
455
442
510
661
788
821
800
817
862
874
873
921
1011
1054
1017
971
964
938
820
649
542
527
538
491
400
289
145
-28
-177
-237
-218
-214
-280
-352
-343
-256
-199
-212
-241
-238
-214
-190
-141
-28
99
143
91
51
74
117
127
101
69
11
-93
-204
-255
-225
-183
-211
-317
-451
-589
-714
-798
-830
-793
-717
-676
-719
-809
-872
-869
-814
-736
-634
-521
-433
-387
-367
-311
-203
-69
72
204
286
278
204
116
73
88
131
159
130
35
-91
-196
-255
-266
-245
-213
-205
-256
-324
-322
-245
-157
-115
-85
-27
49
118
192
298
406
473
518
601
716
802
830
841
860
884
880
847
803
763
733
685
598
491
391
298
199
107
36
-12
-61
-130
-184
-204
-227
-250
-270
-272
-288
-338
-382
-380
-313
-216
-116
-47
-10
4
9
19
59
139
262
412
501
504
420
278
126
-10
-78
-93
-114
-189
-325
-480
-610
-683
-691
-660
-629
-634
-669
-669
-618
-505
-345
-199
-117
-123
-152
-148
-82
28
145
250
319
347
331
321
336
330
300
252
213
168
102
39
-14
-49
-106
-200
-288
-342
-352
-349
-354
-363
-382
-410
-444
-451
-398
-287
-188
-122
-60
37
156
255
329
398
483
569
652
748
845
894
851
739
609
506
447
428
414
380
310
180
29
-82
-117
-98
-94
-144
-249
-359
-416
-419
-379
-331
-297
-302
-345
-391
-391
-322
-195
-81
-20
13
39
65
86
120
202
279
284
211
107
47
36
45
60
83
65
-19
-161
-286
-325
-302
-265
-249
-272
-325
-390
-437
-432
-363
-269
-221
-222
-223
-186
-84
32
151
246
293
288
257
256
300
349
370
364
328
276
222
175
136
79
-1
-80
-123
-131
-137
-160
-216
-284
-320
-323
-288
-251
-250
-288
-343
-350
-264
-102
57
143
132
71
32
55
157
312
452
512
459
349
283
294
368
435
443
397
308
200
126
108
129
137
77
-37
-156
-225
-257
-276
-258
-207
-148
-121
-127
-129
-96
-35
37
116
206
273
277
237
210
201
192
171
143
121
88
31
-42
-92
-111
-122
-142
-173
-198
-222
-260
-310
-366
-412
-437
-451
-448
-426
-390
-362
-355
-359
-356
-318
-236
-121
-9
65
87
81
95
144
223
295
325
306
255
222
241
290
332
318
251
164
80
28
23
37
27
-29
-118
-172
-170
-127
-78
-74
-117
-173
-201
-165
-75
17
62
33
-23
-55
-26
60
172
258
269
221
169
166
229
292
293
243
155
65
3
-19
3
23
-9
-79
-151
-182
-177
-166
-148
-111
-82
-76
-81
-69
-37
-5
14
38
79
119
128
112
111
134
163
187
208
209
165
73
-5
-25
10
34
6
-49
-113
-174
-214
-208
-164
-145
-206
-305
-356
-314
-221
-140
-98
-102
-148
-215
-238
-173
-40
64
84
63
63
103
155
219
279
299
245
156
98
118
177
204
168
92
28
-30
-67
-69
-60
-73
-122
-171
-176
-131
-83
-80
-119
-158
-176
-161
-124
-71
-29
-24
-38
-35
16
101
165
178
147
104
81
99
156
221
250
216
131
40
-7
1
28
35
-10
-106
-192
-236
-224
-193
-169
-150
-146
-160
-168
-143
-82
-16
32
73
110
147
162
149
154
188
224
248
261
276
279
246
202
175
176
178
134
66
8
-32
-67
-96
-108
-109
-116
-169
-225
-239
-223
-203
-201
-202
-183
-161
-144
-120
-78
-32
-18
-28
-28
7
51
76
95
111
120
107
82
77
90
98
83
45
11
-9
-31
-55
-79
-92
-118
-154
-188
-198
-187
-183
-202
-210
-183
-144
-108
-80
-57
-38
-35
-26
16
81
137
152
136
122
118
119
140
166
179
168
116
60
40
61
98
114
102
73
44
23
8
4
7
5
-22
-69
-93
-108
-116
-120
-126
-108
-68
-13
38
74
89
100
118
147
181
204
206
182
129
83
78
89
88
66
35
8
-9
-17
-8
-5
-23
-59
-91
-104
-96
-76
-68
-81
-123
-163
-173
-160
-125
-91
-69
-60
-59
-40
-10
35
75
99
108
106
106
103
109
118
109
88
61
29
-12
-63
-113
-148
-158
-152
-148
-150
-163
-187
-201
-196
-159
-109
-78
-75
-93
-100
-78
-44
-1
33
44
24
-9
-18
1
42
71
81
85
94
108
123
140
152
139
103
69
52
37
14
-27
-69
-91
-103
-95
-74
-35
-11
-24
-46
-36
14
70
111
135
150
145
113
91
108
146
162
142
92
48
27
18
26
48
76
75
50
26
29
43
30
0
-31
-46
-65
-94
-118
-120
-129
-164
-203
-201
-166
-115
-71
-38
2
31
49
50
56
88
122
140
139
131
111
84
54
28
17
3
-27
-61
-88
-94
-83
-67
-44
-25
-17
-16
-41
-66
-74
-76
-72
-77
-89
-107
-117
-115
-87
-47
-16
6
16
28
47
63
82
112
140
164
165
138
95
57
29
5
-10
-26
-45
-73
-109
-133
-122
-101
-81
-73
-67
-58
-49
-41
-26
0
26
40
35
19
6
0
-5
-2
15
48
59
50
31
35
62
97
127
141
132
102
65
45
50
64
59
16
-55
-120
-164
-175
-159
-137
-122
-117
-121
-118
-103
-72
-29
3
16
21
32
43
49
43
45
53
65
78
85
88
82
64
46
52
80
116
135
128
104
78
47
17
-10
-29
-53
-73
-77
-71
-63
-71
-87
-97
-98
-95
-83
-65
-45
-48
-57
-46
-9
38
74
104
129
137
125
102
83
73
61
38
15
15
17
7
-10
-36
-55
-62
-63
-60
-60
-65
-82
-108
-123
-111
-82
-56
-47
-61
-88
-106
-109
-92
-58
-17
13
23
34
55
88
125
158
180
184
176
161
141
114
86
57
29
-4
-34
-57
-67
-72
-80
-88
-86
-70
-65
-68
-67
-61
-47
-37
-36
-25
-20
-21
-21
-28
-14
2
7
5
10
16
32
49
77
114
138
144
129
115
111
108
89
72
57
22
-27
-72
-101
-117
-124
-126
-124
-121
-115
-103
-86
-65
-57
-56
-57
-55
-50
-41
-19
6
23
34
39
40
46
48
47
50
58
67
67
59
48
40
35
28
27
32
41
31
1
-35
-63
-86
-97
-100
-101
-100
-110
-107
-82
-37
18
56
81
83
61
33
22
38
61
71
62
46
44
55
74
91
101
90
52
7
-23
-28
-25
-22
-31
-52
-66
-87
-109
-119
-108
-97
-86
-81
-67
-46
-20
14
47
83
113
131
136
128
111
83
59
44
33
25
10
-6
-20
-22
-15
-4
18
35
41
38
19
4
-12
-18
-31
-41
-50
-77
-107
-129
-137
-129
-113
-101
-84
-68
-45
-19
16
53
73
79
75
74
63
53
52
49
38
16
0
-7
-10
-6
-4
-10
-11
-17
-27
-31
-30
-21
-8
11
25
37
40
22
4
-10
-14
-15
-17
-24
-35
-47
-47
-32
1
41
58
47
25
4
-12
-9
9
19
14
-6
-40
-57
-53
-36
-23
-22
-31
-41
-52
-56
-38
-4
29
44
48
39
42
55
68
91
112
115
96
52
8
-22
-33
-33
-29
-27
-25
-26
-34
-29
-19
-8
6
11
0
-8
-14
-28
-35
-24
2
27
38
35
22
16
9
-3
-10
3
16
27
43
59
82
101
102
85
65
45
25
7
-11
-19
-25
-30
-34
-34
-32
-33
-44
-59
-58
-54
-59
-62
-56
-41
-24
-14
-11
-13
-20
-32
-42
-39
-20
-4
3
4
-3
-7
2
22
48
75
92
92
74
50
30
15
-2
-27
-55
-85
-108
-122
-123
-113
-94
-71
-55
-51
-57
-54
-36
-5
27
53
67
72
63
46
32
20
8
-3
-11
-8
3
20
40
54
67
79
91
101
102
97
77
51
29
12
3
-5
-29
-67
-105
-137
-156
-149
-114
-81
-52
-33
-17
4
35
76
100
102
83
47
16
3
1
6
10
-2
-25
-40
-35
-14
18
43
55
52
50
55
64
71
62
32
-6
-41
-69
-79
-79
-78
-91
-112
-122
-119
-91
-50
-9
22
45
59
67
68
75
88
92
84
61
38
20
2
-15
-24
-15
-8
-8
-3
8
25
35
39
45
42
37
20
5
-8
-17
-27
-42
-53
-64
-69
-69
-72
-69
-57
-45
-36
-23
4
38
66
85
92
98
100
91
76
66
59
47
25
10
3
-3
-15
-29
-44
-55
-56
-51
-41
-25
-18
-13
-9
2
10
7
-8
-34
-64
-89
-105
-110
-95
-73
-66
-64
-58
-42
-19
9
41
66
72
61
43
34
39
46
45
41
26
-1
-24
-38
-40
-34
-26
-23
-23
-20
-12
4
19
33
37
28
15
1
-12
-11
-13
-20
-25
-27
-26
-18
-5
5
9
12
19
30
43
52
61
64
67
58
43
30
18
3
-10
-15
-12
-3
6
14
15
4
-2
-7
-4
4
7
10
4
-5
-13
-8
-5
-5
-8
-14
-18
-22
-17
-10
2
5
4
4
-3
-8
-11
-9
-3
2
13
27
35
32
27
17
9
0
-6
-11
-21
-28
-32
-25
-14
0
14
14
5
-12
-23
-16
-3
12
22
25
21
11
-3
-12
-19
-27
-37
-55
-64
-70
-59
-41
-22
-9
-1
4
2
4
14
26
35
38
31
21
9
-3
-7
-4
3
3
8
16
29
37
42
44
37
20
4
-9
-15
-7
3
7
4
-8
-17
-26
-29
-30
-32
-35
-41
-50
-54
-42
-28
-13
-1
4
2
1
0
8
20
27
32
35
34
30
26
22
19
15
13
17
26
37
41
32
14
-2
-12
-14
-7
-2
0
-1
-2
-2
-1
-4
-3
-8
-16
-20
-22
-15
-2
14
17
20
17
8
4
3
7
15
15
8
0
-8
-10
-10
-12
-4
4
4
4
6
12
19
15
9
-2
-15
-27
-35
-36
-30
-27
-23
-14
-8
-8
-1
4
2
5
0
-6
-14
-22
-27
-34
-34
-31
-28
-21
-15
-8
0
5
2
-4
-1
5
10
12
14
16
16
14
12
10
7
3
-4
-14
-19
-21
-18
-6
1
6
16
20
23
27
34
36
38
38
38
34
24
16
7
1
-5
-13
-20
-17
-7
0
7
7
11
17
22
22
16
5
-11
-25
-34
-30
-16
-7
-10
-23
-41
-47
-47
-36
-11
9
24
30
27
29
38
49
52
44
24
-8
-33
-44
-38
-23
-13
-12
-23
-42
-49
-50
-36
-12
10
18
18
18
24
33
40
44
41
16
-31
-70
-86
-72
-50
-32
-8
16
32
32
19
14
35
71
102
119
122
108
81
46
-3
-45
-65
-72
-70
-64
-53
-45
-41
-45
-51
-55
-53
-43
-26
-3
18
23
21
25
19
17
14
20
29
42
48
38
24
8
1
-3
-2
7
19
27
26
17
1
-13
-26
-31
-36
-38
-40
-38
-24
-14
-7
-6
-9
-20
-31
-33
-13
14
44
60
57
43
23
10
9
20
32
36
41
38
23
12
8
5
-1
-14
-33
-46
-52
-49
-41
-23
-12
-16
-25
-36
-45
-46
-28
-7
8
18
21
21
22
27
26
19
10
-3
-12
-15
-7
8
24
37
36
15
-4
-27
-42
-53
-54
-46
-34
-19
-3
8
12
11
4
-3
-12
-15
-18
-14
-6
5
23
28
22
12
-2
-11
-10
2
21
36
50
55
49
39
29
22
17
10
8
4
1
-3
-7
-3
-5
-12
-18
-26
-29
-25
-17
-8
4
15
23
22
15
6
-7
-17
-13
3
15
25
31
32
31
25
21
20
14
2
-14
-33
-45
-46
-45
-34
-24
-16
-3
2
5
7
8
1
-15
-31
-45
-51
-47
-35
-23
-10
-7
-10
-13
-15
-11
-3
6
20
31
44
50
53
50
31
10
-14
-27
-34
-32
-27
-21
