-2
4
-3
1
1
-2
2
-3
1
3
0
-2
3
2
-2
1
-1
2
3
-5
5
1
-3
1
0
1
-1
3
0
-1
5
-4
-1
3
1
-3
3
4
-2
-1
2
-4
0
0
0
1
-3
2
-4
-2
0
0
-1
-3
5
0
-4
-1
3
0
-5
1
3
-3
-2
-3
-1
1
-7
2
-1
-1
1
-4
-2
2
-2
-6
2
2
-4
0
1
-3
-1
-1
0
1
4
-3
0
5
-5
-2
3
0
-4
1
4
1
0
0
1
3
-1
1
5
1
1
1
-4
4
2
-3
3
3
2
-2
1
6
-2
0
4
0
2
0
0
1
1
-3
-1
5
-3
-3
1
3
-2
-2
4
2
-1
-3
2
3
-2
-2
1
2
-3
-1
1
1
1
-2
-1
5
0
-4
1
4
-1
-4
2
2
-1
-2
0
2
1
-3
1
1
0
-1
0
3
-1
-3
1
1
-2
0
-2
1
0
-3
0
1
0
-4
2
2
-1
-2
-1
2
-1
-3
0
2
-1
-3
-3
3
1
-6
0
3
-3
-4
-1
2
-1
-4
-2
1
0
-6
-3
2
2
-5
-1
2
-1
-3
-3
4
2
-2
-1
4
3
-3
0
7
2
-1
2
5
0
0
1
2
3
0
1
3
3
-1
1
4
4
-1
3
6
1
-1
1
3
2
-1
0
3
3
-1
0
2
3
-2
1
3
1
-1
-3
2
1
-2
-1
0
-2
-4
-3
-2
-1
-1
-3
-2
-1
-3
-4
-1
0
-3
-4
0
-2
-5
-3
-2
-4
-4
-3
-2
-1
-4
-4
-1
-2
-4
-3
-1
-2
-1
-1
0
0
-1
-1
1
2
1
0
1
0
-2
-1
-1
-1
-3
-1
0
-2
-1
-1
-1
1
0
1
3
3
2
3
5
5
4
4
5
5
6
8
8
7
9
7
8
9
8
8
10
9
9
9
9
9
8
9
9
8
10
9
8
8
7
6
6
5
3
4
5
2
2
2
1
0
0
0
0
-2
-4
-3
-4
-6
-8
-7
-6
-10
-9
-10
-11
-13
-13
-14
-16
-16
-19
-20
-19
-22
-24
-24
-25
-28
-28
-28
-28
-29
-29
-27
-27
-28
-26
-27
-26
-25
-25
-22
-21
-20
-17
-16
-13
-11
-10
-6
-2
-1
3
5
6
9
11
13
15
18
20
21
23
26
26
29
31
31
33
34
35
36
36
36
38
39
40
42
41
43
45
46
48
50
51
51
52
55
55
53
57
60
59
58
57
59
59
52
49
51
49
41
36
34
27
17
7
1
-1
-15
-27
-32
-41
-52
-54
-59
-61
-72
-85
-87
-102
-116
-116
-117
-115
-115
-111
-96
-95
-94
-81
-61
-54
-60
-60
-76
-112
-172
-228
-263
-314
-369
-413
-447
-488
-535
-554
-546
-521
-482
-421
-332
-238
-156
-63
56
185
308
453
616
760
874
974
1070
1136
1199
1256
1296
1313
1304
1256
1183
1095
984
873
763
648
535
430
313
190
70
-27
-120
-213
-243
-269
-316
-353
-409
-480
-577
-688
-765
-784
-806
-861
-963
-1101
-1299
-1645
-2019
-2268
-2405
-2513
-2631
-2674
-2670
-2725
-2847
-2853
-2612
-2267
-1909
-1487
-946
-383
0
303
723
1226
1693
2159
2711
3246
3579
3676
3737
3824
3815
3738
3697
3711
3604
3247
2805
2363
1785
1113
523
105
-226
-650
-1139
-1642
-2135
-2629
-3080
-3308
-3294
-3167
-3028
-2864
-2650
-2411
-2208
-2006
-1653
-1110
-488
68
620
1195
1645
1924
2259
2757
3253
3598
3869
4181
4356
4214
3914
3670
3377
2827
2198
1757
1310
559
-321
-994
-1509
-2119
-2740
-3074
-3173
-3332
-3525
-3441
-3062
-2687
-2384
-1919
-1207
-465
147
708
1281
1748
1956
1970
1959
1933
1853
1656
1246
578
-333
-1532
-3014
-4548
-5739
-6505
-7136
-7804
-8345
-8680
-9027
-9419
-9446
-8754
-7642
-6507
-5212
-3551
-1861
-577
520
1925
3585
5112
6474
7911
9257
10035
10239
10352
10561
10560
10200
9777
9402
8716
7504
6110
4808
3455
1959
554
-503
-1434
-2583
-3836
-4925
-5777
-6464
-6905
-6930
-6588
-6095
-5551
-4878
-4072
-3133
-2110
-1074
26
1157
2226
3085
3713
4338
4940
5308
5465
5634
5759
5555
5045
4555
4194
3625
2836
2163
1630
889
-115
-963
-1514
-2079
-2750
-3166
-3183
-3157
-3331
-3347
-3077
-2810
-2700
-2458
-1819
-1085
-664
-455
-158
79
28
-247
-343
-168
-138
-399
-746
-1087
-1777
-3175
-4943
-6405
-7349
-8045
-8649
-9038
-9209
-9591
-10340
-10854
-10513
-9444
-8172
-6736
-4839
-2761
-1094
96
1314
2894
4589
6223
8011
9900
11314
11856
11813
11760
11746
11526
11189
10855
10279
9164
7554
5854
4241
2535
767
-717
-1786
-2767
-4008
-5351
-6497
-7417
-8042
-8159
-7649
-6711
-5787
-5039
-4245
-3180
-1879
-510
948
2481
3876
4828
5471
6016
6423
6652
6793
7028
7180
6854
6043
5122
4247
3254
2198
1401
769
-198
-1589
-2897
-3761
-4417
-5058
-5344
-5020
-4517
-4339
-4234
-3742
-2977
-2359
-1789
-871
210
946
1254
1438
1717
1947
1982
1911
1807
1641
1359
954
587
377
238
-142
-1161
-2855
-4935
-7046
-8821
-10058
-10649
-10800
-10984
-11412
-11954
-12188
-11826
-10812
-9160
-7057
-4729
-2487
-495
1241
2769
4312
5976
7843
9796
11499
12678
13111
12977
12585
12134
11784
11372
10748
9753
8303
6574
4670
2754
937
-739
-2243
-3583
-4741
-5813
-6873
-7864
-8577
-8755
-8356
-7447
-6287
-5122
-4004
-2900
-1618
-34
1816
3620
4963
5802
6446
7050
7472
7633
7720
7802
7568
6803
5776
4830
3860
2603
1298
388
-268
-1253
-2657
-3990
-4954
-5718
-6299
-6347
-5836
-5296
-5058
-4773
-4082
-3113
-2129
-1104
18
1048
1804
2292
2592
2747
2749
2635
2427
2121
1746
1253
714
240
-96
-288
-530
-954
-1889
-3646
-6027
-8353
-9911
-10721
-11116
-11242
-11277
-11528
-12205
-12636
-12016
-10401
-8359
-6232
-3797
-1308
657
2068
3467
5281
7177
8944
10718
12372
13408
13351
12722
12216
11955
11657
11093
10373
9256
7490
5291
3181
1461
-42
-1512
-2852
-3968
-5091
-6298
-7383
-8145
-8436
-8219
-7384
-6066
-4684
-3472
-2412
-1324
30
1726
3684
5487
6645
7159
7368
7539
7697
7752
7707
7447
6708
5551
4234
2973
1768
564
-509
-1401
-2301
-3361
-4573
-5787
-6682
-7028
-6793
-6224
-5547
-4946
-4352
-3681
-2867
-1741
-247
1236
2281
2928
3344
3587
3504
3276
3115
2917
2463
1758
1035
288
-417
-900
-1025
-910
-997
-1513
-2629
-4484
-6872
-9232
-10756
-11318
-11395
-11334
-11366
-11652
-12208
-12533
-11859
-10013
-7563
-5006
-2539
-292
1528
2923
4382
6238
8302
10204
11770
12922
13424
13127
12379
11733
11356
11034
10462
9507
8064
6071
3828
1818
307
-828
-1904
-3062
-4336
-5676
-6909
-7798
-8157
-7948
-7214
-6097
-4801
-3517
-2326
-1134
147
1704
3589
5507
6998
7781
7995
7953
7879
7868
7976
7963
7406
6165
4528
2887
1411
110
-911
-1700
-2577
-3711
-5035
-6260
-7194
-7729
-7655
-6982
-6080
-5347
-4830
-4246
-3387
-2285
-921
719
2339
3444
3784
3683
3513
3317
3175
3143
3071
2515
1415
244
-673
-1318
-1739
-1578
-1012
-887
-1637
-3107
-4851
-7032
-9462
-11029
-11249
-10780
-10875
-11521
-11925
-12127
-12239
-11738
-9637
-6403
-3612
-1732
-89
1902
3612
4875
6577
8990
11302
12413
12677
12858
12786
12227
11496
11353
11499
10921
9411
7425
5459
3440
1489
73
-772
-1565
-2910
-4617
-6202
-7373
-8050
-8161
-7570
-6572
-5510
-4545
-3705
-2768
-1556
70
2074
4151
5958
7127
7503
7323
7127
7304
7769
8187
8096
7196
5581
3696
2097
937
145
-412
-1005
-1942
-3388
-4962
-6145
-6759
-6882
-6550
-5795
-5043
-4787
-4825
-4496
-3467
-1991
-431
1178
2522
3094
2853
2402
2387
2705
2921
2812
2309
1388
62
-1277
-2103
-2175
-1718
-1356
-1232
-1289
-1566
-2288
-3632
-5233
-6821
-8258
-9454
-10197
-10365
-10509
-11015
-11685
-11903
-11277
-9882
-7817
-5462
-3351
-1742
-383
1275
3248
5391
7548
9409
10753
11408
11676
11871
11985
11967
11830
11659
11234
10238
8701
6907
5154
3551
2269
1296
336
-981
-2782
-4602
-6007
-6758
-6851
-6560
-6060
-5640
-5345
-4908
-4091
-2678
-919
949
2787
4271
5247
5628
5765
6050
6522
7102
7566
7662
7061
5733
4164
2847
1991
1461
1028
473
-520
-1987
-3542
-4675
-5193
-5270
-5070
-4738
-4509
-4542
-4629
-4304
-3313
-1902
-520
604
1361
1639
1550
1441
1621
1969
2087
1807
1149
180
-896
-1696
-1987
-1909
-1689
-1503
-1458
-1602
-1881
-2083
-2426
-3395
-5189
-7308
-8939
-9841
-10208
-10321
-10372
-10654
-11335
-11804
-11239
-9427
-7100
-5048
-3280
-1668
-138
1369
3169
5461
7671
9263
10159
10784
11385
11748
11893
11953
12054
11958
11325
10230
8802
7163
5447
3923
2863
1975
815
-853
-2758
-4425
-5578
-6049
-6003
-5759
-5654
-5793
-5852
-5500
-4479
-2912
-1125
595
1954
2864
3375
3859
4589
5448
6229
6938
7498
7408
6542
5501
4831
4385
3806
3272
2881
2060
444
-1384
-2563
-3145
-3664
-4166
-4379
-4435
-4791
-5239
-5113
-4129
-2838
-1887
-1274
-823
-493
-418
-377
-2
645
1070
829
122
-550
-1034
-1356
-1408
-1141
-777
-744
-922
-975
-888
-875
-1150
-1932
-3631
-6140
-8420
-9603
-9840
-9943
-10142
-10275
-10715
-11585
-11937
-10669
-8234
-6203
-4887
-3301
-1229
577
1952
3830
6294
8128
8840
9414
10655
11819
12115
12067
12340
12508
11752
10433
9409
8514
7226
5703
4591
3765
2428
444
-1600
-3135
-4203
-4942
-5254
-5329
-5645
-6415
-7060
-6893
-5847
-4296
-2647
-1124
-88
263
419
1035
2244
3526
4609
5645
6446
6528
5940
5512
5757
6021
5669
5048
4548
3719
2072
323
-555
-897
-1613
-2748
-3562
-3972
-4523
-5032
-4806
-3817
-2951
-2747
-2734
-2515
-2247
-2054
-1632
-837
-208
-97
-298
-444
-628
-930
-1013
-645
-141
47
45
126
260
206
14
-176
-760
-2215
-4368
-6371
-7623
-8342
-8862
-9284
-9715
-10421
-11391
-11825
-11028
-9287
-7485
-6111
-4917
-3638
-2236
-576
1522
3857
5763
6853
7483
8248
9314
10417
11349
12052
12376
12092
11277
10352
9667
9154
8522
7620
6458
5012
3256
1367
-276
-1390
-2068
-2663
-3444
-4427
-5471
-6339
-6701
-6331
-5399
-4378
-3609
-3174
-3056
-3060
-2723
-1729
-346
963
2100
3069
3585
3591
3775
4610
5765
6413
6424
6200
5690
4719
3729
3318
3175
2514
1240
-13
-934
-1731
-2389
-2534
-2234
-2130
-2557
-3129
-3397
-3422
-3421
-3291
-2961
-2704
-2816
-3092
-3174
-3120
-3079
-2882
-2292
-1584
-1187
-1030
-793
-488
-343
-169
176
3
-1414
-3607
-5341
-6286
-7024
-7599
-7709
-7873
-9014
-10609
-10955
-9702
-8186
-7245
-6322
-5153
-4436
-4013
-2598
104
2565
3654
4134
4983
5986
6787
7929
9728
11161
11289
10652
10321
10380
10275
10081
10086
9902
8890
7207
5706
4702
3844
2923
2111
1426
457
-924
-2221
-2971
-3287
-3525
-3677
-3603
-3522
-3727
-4133
-4292
-4092
-3810
-3551
-3161
-2506
-1829
-1291
-697
183
1238
2149
2897
3609
4179
4419
4408
4438
4504
4344
3864
3218
2547
1864
1239
793
487
150
-305
-771
-1175
-1609
-2142
-2669
-3059
-3352
-3633
-3890
-4091
-4333
-4654
-4879
-4823
-4460
-3858
-3110
-2449
-2072
-1822
-1379
-759
-202
252
520
64
-1432
-3259
-4423
-4950
-5513
-6148
-6537
-7046
-8195
-9304
-9185
-8041
-7129
-6787
-6243
-5325
-4651
-4085
-2719
-634
933
1500
1984
3068
4293
5264
6402
7878
8946
9067
8855
9117
9715
10078
10177
10246
10036
9167
7965
7157
6852
6502
5803
4956
4059
2930
1686
850
587
375
-263
-1129
-1798
-2288
-2843
-3349
-3554
-3695
-4240
-5025
-5367
-5090
-4708
-4487
-4059
-3289
-2622
-2240
-1660
-616
437
1110
1644
2284
2775
2895
2883
3006
3164
3189
3078
2857
2513
2123
1763
1378
931
510
104
-467
-1180
-1745
-2072
-2428
-2984
-3548
-3971
-4331
-4621
-4615
-4266
-3872
-3653
-3461
-3098
-2619
-2130
-1558
-875
-292
0
96
110
-197
-1060
-2175
-2993
-3438
-3853
-4318
-4678
-5143
-6073
-7109
-7403
-6825
-6164
-5888
-5641
-5162
-4714
-4288
-3316
-1689
-218
468
783
1437
2491
3631
4814
6039
6887
7000
6732
6817
7468
8231
8641
8624
8281
7690
7084
6842
7056
7295
7038
6250
5318
4538
3964
3606
3425
3141
2460
1486
617
63
-337
-773
-1279
-1903
-2693
-3473
-3947
-4062
-4078
-4207
-4404
-4537
-4528
-4309
-3823
-3176
-2590
-2178
-1858
-1464
-882
-139
588
1099
1356
1447
1486
1534
1658
1845
1910
1690
1221
723
296
-68
-379
-636
-868
-1181
-1562
-1902
-2102
-2156
-2170
-2174
-2160
-2081
-1973
-1877
-1722
-1515
-1302
-1139
-1032
-936
-850
-740
-615
-492
-366
-346
-622
-1269
-2028
-2573
-2900
-3187
-3507
-3876
-4400
-5113
-5718
-5847
-5513
-5094
-4840
-4655
-4356
-3901
-3258
-2337
-1232
-296
250
621
1133
1877
2744
3620
4373
4777
4808
4751
4878
5238
5667
6020
6134
5928
5538
5219
5200
5427
5702
5818
5674
5308
4863
4544
4464
4530
4530
4283
3777
3145
2531
2010
1597
1269
925
445
-170
-775
-1247
-1624
-1966
-2251
-2449
-2605
-2749
-2820
-2777
-2679
-2602
-2548
-2476
-2373
-2252
-2120
-1991
-1868
-1749
-1646
-1555
-1455
-1319
-1145
-942
-705
-447
-223
-69
50
184
319
395
388
315
179
-6
-209
-408
-625
-918
-1296
-1684
-1993
-2188
-2303
-2396
-2500
-2640
-2800
-2911
-2897
-2761
-2615
-2582
-2656
-2778
-2890
-2954
-2963
-2929
-2901
-2937
-3024
-3067
-2978
-2749
-2471
-2196
-1924
-1643
-1296
-836
-254
364
867
1201
1416
1630
1951
2394
2877
3266
3438
3405
3264
3133
3118
3219
3346
3407
3335
3153
2962
2883
2985
3213
3488
3736
3871
3872
3853
3940
4137
4340
4465
4495
4387
4137
3828
3571
3394
3185
2863
2427
1968
1496
1002
550
187
-136
-529
-998
-1446
-1799
-2074
-2312
-2503
-2662
-2842
-3036
-3167
-3166
-3061
-2915
-2755
-2599
-2457
-2311
-2136
-1900
-1605
-1293
-1024
-855
-778
-758
-747
-739
-783
-911
-1108
-1326
-1530
-1709
-1849
-1983
-2203
-2526
-2862
-3078
-3150
-3150
-3153
-3190
-3251
-3299
-3282
-3157
-2971
-2823
-2764
-2738
-2637
-2432
-2165
-1913
-1744
-1653
-1575
-1416
-1133
-774
-444
-218
-84
46
269
642
1118
1588
1958
2199
2354
2488
2686
2978
3315
3625
3832
3903
3873
3823
3829
3907
4048
4210
4313
4325
4276
4241
4266
4348
4439
4480
4433
4293
4092
3881
3690
3501
3264
2931
2500
2018
1538
1089
654
231
-180
-602
-1052
-1510
-1923
-2267
-2550
-2778
-2953
-3096
-3255
-3444
-3607
-3644
-3523
-3284
-2998
-2733
-2538
-2418
-2297
-2058
-1645
-1134
-681
-383
-235
-187
-180
-129
15
187
250
139
-94
-351
-572
-756
-921
-1123
-1410
-1772
-2125
-2382
-2534
-2619
-2715
-2856
-3030
-3181
-3225
-3142
-2955
-2705
-2454
-2237
-2038
-1812
-1532
-1205
-827
-406
-1
312
520
670
818
999
1239
1528
1798
1954
1973
1933
1910
1925
1973
2032
2072
2046
1935
1779
1647
1564
1521
1508
1527
1543
1502
1416
1361
1402
1521
1656
1770
1845
1865
1852
1867
1946
2066
2151
2151
2067
1943
1822
1721
1631
1525
1373
1143
839
529
274
77
-103
-291
-504
-762
-1064
-1350
-1538
-1618
-1644
-1657
-1657
-1658
-1672
-1664
-1578
-1395
-1159
-915
-684
-484
-332
-216
-91
69
242
388
480
521
503
425
308
197
94
-31
-194
-391
-624
-895
-1166
-1401
-1581
-1740
-1903
-2076
-2249
-2405
-2505
-2500
-2398
-2258
-2153
-2060
-1952
-1800
-1573
-1252
-875
-525
-269
-100
54
243
479
735
983
1165
1235
1199
1135
1103
1104
1122
1122
1071
958
801
643
540
501
494
482
449
394
327
291
323
425
536
596
598
588
608
674
790
926
1027
1035
983
934
937
982
1025
1040
981
837
633
444
324
264
213
119
-30
-246
-502
-721
-830
-833
-792
-771
-812
-893
-985
-1016
-953
-797
-610
-464
-370
-299
-200
-55
148
371
551
652
697
753
850
988
1114
1189
1178
1086
955
839
773
721
632
484
295
72
-146
-319
-454
-573
-696
-820
-932
-1021
-1078
-1112
-1133
-1137
-1101
-1018
-884
-731
-600
-503
-440
-384
-289
-123
63
210
282
283
246
210
214
260
304
287
206
96
8
-32
-32
-26
-54
-137
-228
-273
-262
-215
-162
-133
-149
-192
-213
-178
-88
5
51
37
-14
-64
-82
-44
43
128
160
135
72
7
-17
9
71
134
160
121
30
-75
-145
-160
-129
-82
-70
-112
-193
-277
-316
-285
-209
-136
-96
-94
-110
-111
-71
15
117
204
250
269
281
319
386
459
515
535
522
484
449
437
440
442
423
386
329
259
193
144
116
104
106
108
96
64
23
-11
-14
15
45
68
74
57
13
-32
-48
-46
-39
-34
-34
-49
-88
-143
-186
-212
-238
-262
-265
-251
-259
-278
-285
-282
-288
-302
-308
-291
-263
-227
-174
-115
-79
-85
-108
-122
-110
-73
-9
62
86
47
-20
-69
-83
-61
-28
-12
-39
-108
-186
-224
-208
-155
-105
-78
-91
-123
-136
-106
-37
45
118
162
180
183
196
236
300
357
383
378
355
341
348
374
406
409
369
302
226
168
137
116
96
63
-4
-102
-213
-305
-363
-395
-408
-406
-411
-439
-475
-498
-475
-409
-335
-246
-165
-105
-61
1
91
196
277
335
380
395
399
404
427
451
436
372
299
229
159
105
73
50
1
-78
-166
-235
-276
-290
-291
-285
-287
-310
-338
-348
-326
-277
-210
-139
-69
-13
21
44
74
130
198
260
304
326
323
302
282
278
281
263
216
148
73
8
-39
-53
-61
-90
-148
-220
-283
-330
-351
-341
-314
-300
-301
-308
-308
-293
-267
-224
-156
-86
-25
34
101
176
254
329
399
445
463
466
465
482
495
501
482
423
327
217
125
63
9
-55
-131
-218
-322
-420
-482
-507
-506
-504
-501
-485
-464
-435
-383
-309
-222
-153
-88
-19
47
112
170
234
288
319
328
328
325
313
298
279
255
206
126
44
-23
-84
-126
-150
-179
-223
-282
-347
-384
-390
-376
-345
-305
-268
-262
-263
-249
-208
-140
-56
36
111
159
181
189
213
259
323
392
443
444
404
352
322
