0
-1
0
0
0
-1
0
0
-1
0
0
0
0
0
0
-1
0
0
0
-1
1
1
0
0
0
0
0
-1
-1
1
0
0
1
0
0
-1
1
-1
0
0
1
0
0
0
0
1
-1
0
-1
0
0
0
0
0
0
0
0
0
0
0
0
0
0
0
0
0
1
0
0
0
0
0
0
0
0
-1
0
0
0
-1
0
0
1
0
0
0
0
0
1
1
1
1
0
0
-1
0
0
-1
0
0
0
0
0
1
0
1
0
1
0
1
0
0
0
0
0
1
1
0
0
0
0
0
0
-1
1
-2
0
-1
0
0
0
0
-1
0
0
1
0
0
0
0
0
0
1
0
0
-1
0
0
0
0
0
0
0
0
0
-1
0
-1
0
0
-1
0
0
0
0
-1
-1
0
-1
0
0
0
0
1
0
1
0
0
0
0
0
0
0
0
1
0
1
-1
0
0
0
0
0
0
1
-1
0
0
0
0
1
1
1
0
0
1
0
0
0
-1
1
1
1
0
0
0
-1
0
0
0
0
0
0
-1
0
-1
0
-1
0
0
1
-1
0
1
0
0
0
0
0
0
0
0
0
1
0
0
0
0
0
0
0
0
0
0
0
-1
0
-1
0
0
-1
-1
0
0
0
1
0
-1
0
0
-1
0
0
0
-1
0
0
1
0
0
0
0
0
0
1
0
0
0
0
1
0
0
0
1
1
1
0
0
0
0
0
1
0
0
0
-1
0
1
0
0
0
-2
0
1
0
-1
0
0
0
0
0
0
0
0
0
0
0
1
0
0
0
0
0
0
0
-1
1
1
0
0
-1
0
0
0
0
0
0
0
0
0
0
0
0
0
0
0
1
0
0
0
0
0
1
0
-1
0
0
0
1
1
1
0
0
1
1
0
0
0
0
0
0
-1
0
0
0
0
0
-1
0
0
0
0
0
1
0
-1
-1
-1
0
0
0
-1
0
1
0
0
0
0
0
0
1
-1
0
0
0
0
0
0
-1
1
0
0
0
0
1
0
1
1
0
0
0
0
0
0
0
0
-1
0
0
0
0
-1
0
0
1
0
0
0
-1
-1
0
-1
-1
0
0
-1
0
0
0
0
0
0
0
1
0
0
0
0
-1
0
0
0
-1
-1
1
1
0
0
0
0
0
1
1
0
0
0
0
1
0
0
0
1
0
1
1
0
0
0
0
0
-1
0
0
0
0
0
0
0
0
-1
0
-1
0
0
0
0
0
0
0
0
0
-1
0
-1
-1
1
0
-1
0
1
0
1
0
1
0
-1
0
0
0
0
0
0
0
0
0
0
0
1
0
0
1
0
0
0
1
0
0
0
-1
0
0
1
0
0
1
0
0
0
0
1
0
0
1
0
0
0
1
0
0
0
-1
0
0
0
0
-1
0
0
-1
0
0
0
0
0
1
-1
0
1
0
0
0
0
-1
0
0
-1
1
0
0
0
0
0
0
0
0
0
0
0
0
1
0
0
1
-1
0
0
-1
0
-1
0
0
-1
0
0
0
0
0
0
0
1
0
0
0
1
0
1
1
0
0
1
0
0
0
1
1
1
0
0
1
0
0
0
0
0
0
-1
0
0
0
0
0
1
0
0
-1
0
0
0
-1
1
0
0
1
-1
-1
0
0
0
0
0
0
0
0
-1
1
0
-1
0
0
0
0
0
0
0
1
1
0
-1
0
1
0
0
0
1
0
0
1
1
0
0
0
1
0
-1
0
0
0
0
0
-1
-1
-1
0
0
0
0
0
0
0
1
0
0
0
0
0
0
0
0
1
0
-1
-1
0
-1
-1
-1
0
0
-1
0
0
0
0
0
0
0
0
0
0
0
0
1
1
0
0
0
0
0
0
0
-1
-1
0
0
0
-1
-1
0
-1
-1
0
0
1
0
0
0
1
1
0
0
0
-1
1
1
0
0
0
0
0
0
0
1
0
0
0
0
0
-1
-1
0
0
0
0
0
1
-1
0
0
0
0
0
0
-1
-1
-1
-1
0
0
0
-1
0
0
0
0
0
0
0
0
0
1
0
1
0
0
1
0
0
0
1
-1
0
1
0
1
1
0
0
0
0
1
-1
0
0
0
-1
0
-1
0
0
0
0
-1
-1
0
0
1
0
1
0
0
0
0
0
0
0
0
0
0
-1
-1
0
0
-1
0
-1
0
0
0
0
0
-1
-1
-1
-1
0
0
-1
-1
0
0
0
1
0
1
0
-1
0
-1
1
0
0
0
-1
0
0
0
1
-1
0
0
0
0
0
-1
0
0
0
0
1
0
0
0
0
0
0
1
0
1
0
0
0
0
0
0
1
0
0
0
1
1
0
0
0
0
0
0
0
0
-1
0
0
-1
0
0
0
0
0
1
0
0
-1
0
0
0
-1
-1
0
0
1
0
-1
0
0
0
0
0
1
-1
-1
0
0
-1
1
0
0
0
0
0
0
0
0
1
0
0
0
0
0
1
0
0
0
1
0
0
0
0
1
1
0
0
1
1
1
0
0
0
0
0
0
-1
0
0
-1
0
0
-1
-1
0
0
0
0
0
-1
0
0
0
0
0
1
0
0
-1
-1
0
0
0
1
0
0
0
-1
-1
1
0
0
0
0
-1
0
0
0
0
0
0
0
1
0
0
0
-1
0
0
0
0
0
0
0
0
-1
0
0
-1
0
0
-1
1
0
-1
-1
0
0
0
0
1
0
0
0
0
0
0
-1
0
0
0
0
0
0
0
-1
0
0
0
-1
0
0
-1
0
0
0
0
-1
-1
0
1
-1
0
0
0
0
1
0
0
0
0
0
0
0
0
0
0
-1
0
0
0
1
0
0
0
1
0
1
1
0
0
0
0
0
-1
0
-1
0
0
1
0
0
1
1
0
1
0
0
0
1
-1
-1
1
-1
-1
0
-1
-1
0
1
0
0
0
0
0
1
-1
0
0
0
-1
0
0
1
1
0
0
0
0
0
0
0
-1
0
0
-1
1
0
0
1
1
0
0
0
1
-1
0
0
0
0
-1
1
0
0
0
0
0
0
0
0
-1
0
-1
1
0
0
0
-1
0
-1
0
0
-1
0
0
-1
0
0
-1
1
0
1
0
0
0
0
0
0
1
1
1
0
0
0
-1
-1
0
0
0
-1
0
1
1
0
1
0
0
1
1
0
1
0
0
0
0
0
0
0
0
1
0
0
0
1
0
0
0
0
0
0
0
0
0
1
-1
0
-1
0
0
0
0
0
-1
0
0
0
1
0
0
0
0
0
-1
0
0
0
-1
0
1
-1
-1
0
0
0
0
0
0
0
0
0
0
-1
0
-1
-1
0
0
0
0
0
0
-1
-1
-1
0
0
0
-1
0
-1
0
-1
0
0
0
-1
0
0
-1
0
0
0
0
0
0
0
0
0
0
1
0
0
0
0
0
1
0
0
0
1
1
0
0
0
0
0
0
0
0
1
0
0
0
0
-1
0
-1
-1
-1
-1
0
0
0
0
0
0
0
0
0
-1
0
0
0
0
0
0
0
0
0
0
0
1
0
0
0
-1
-1
0
0
0
0
0
1
-1
-1
0
0
0
0
0
1
0
-1
0
0
0
0
0
1
0
0
0
0
0
0
0
1
0
0
0
0
0
0
1
1
0
0
0
1
1
0
0
-1
0
0
-1
0
0
0
0
0
0
1
0
0
1
0
0
-1
1
0
-1
0
0
0
0
0
1
1
0
1
0
-1
-1
0
0
0
-1
0
0
0
0
0
0
0
0
0
-1
-1
0
0
0
1
0
0
0
0
0
1
1
0
0
1
0
0
1
-1
0
0
1
1
0
1
1
0
0
0
0
1
0
0
0
0
-1
0
0
0
1
0
0
1
-1
0
0
0
0
0
0
-1
0
-1
-1
-1
0
-1
0
0
-1
0
-1
0
1
-1
0
0
0
0
0
-1
0
1
0
0
0
0
0
0
0
0
-1
-1
0
-1
0
0
0
0
0
1
0
-1
0
1
0
0
-1
-1
-1
0
-1
-1
0
0
1
1
2
2
1
1
1
1
1
0
0
-1
0
0
0
0
-1
0
0
-1
0
1
0
-1
0
-1
0
0
0
-1
0
0
1
-1
0
0
0
0
0
0
0
1
0
1
0
0
0
0
0
1
1
0
1
0
0
-1
-1
-1
-2
-1
-1
-1
0
0
0
0
0
1
1
1
1
0
1
1
1
1
0
0
0
-1
0
0
0
1
1
0
-1
0
-1
-2
-3
-3
-3
-3
-2
-2
-3
-3
-4
-5
-5
-4
-4
0
1
4
6
6
6
7
5
5
4
4
4
4
4
3
2
3
2
1
1
1
0
1
1
-1
-3
-4
-3
-5
-4
-4
-3
-2
-2
-2
-1
0
1
1
4
4
3
5
6
5
6
7
5
2
2
-1
-3
-3
-3
-2
-1
4
5
5
10
9
9
9
9
6
3
1
-3
-7
-6
-9
-11
-10
-12
-15
-15
-15
-16
-14
-12
-11
-7
-6
-3
-3
0
1
3
6
7
9
10
8
8
6
3
1
0
0
1
2
0
1
-1
-4
-7
-8
-11
-12
-10
-12
-13
-12
-12
-15
-13
-13
-15
-13
-10
-10
-7
-3
0
1
4
8
5
6
9
11
11
16
19
16
17
17
13
9
11
9
6
8
9
3
0
-3
-10
-16
-15
-16
-17
-13
-8
-7
-8
-9
-11
-16
-18
-18
-18
-16
-10
3
8
17
29
28
29
34
33
25
26
25
20
22
26
22
21
21
16
12
12
8
3
0
-6
-11
-16
-22
-26
-31
-39
-40
-38
-34
-34
-29
-21
-21
-17
-12
-12
-8
-1
8
16
30
42
44
48
49
38
25
19
8
-4
-8
-8
-13
-12
-13
-18
-15
-9
-4
5
14
25
30
34
35
33
28
22
19
16
16
13
6
6
1
-9
-18
-13
-13
-13
-1
6
8
13
14
8
4
5
4
3
14
20
19
25
29
28
27
33
31
19
15
2
-12
-16
-21
-19
-21
-14
-15
-23
-23
-27
-28
-24
-14
0
1
0
-8
-37
-73
-105
-133
-144
-142
-120
-92
-66
-34
-21
-25
-22
-14
-15
-5
24
48
56
53
36
10
-25
-49
-51
-29
6
32
58
65
47
11
-25
-43
-43
-32
-13
5
17
7
-23
-36
-36
-47
-42
-19
-12
-17
-16
-11
-5
3
12
29
37
38
40
42
55
67
77
79
77
62
39
24
21
30
47
60
72
65
41
10
-4
9
18
42
74
84
60
12
-27
-52
-70
-47
11
52
68
76
48
-6
-44
-62
-58
-20
32
63
68
58
9
-59
-86
-103
-113
-77
-37
-22
-30
-42
-59
-86
-94
-81
-50
-2
35
71
100
103
94
83
82
85
97
112
109
79
41
-8
-82
-140
-169
-172
-152
-124
-89
-77
-95
-115
-140
-151
-127
-67
13
89
142
154
123
64
6
-28
-21
29
86
144
185
179
146
105
73
74
104
140
166
160
105
10
-96
-185
-241
-253
-216
-159
-117
-78
-64
-84
-85
-63
-38
1
58
107
109
81
52
13
-22
-31
-20
14
73
116
138
147
141
111
71
57
48
29
39
46
19
-15
-38
-81
-136
-159
-159
-148
-133
-122
-113
-99
-83
-105
-135
-116
-85
-89
-83
-45
-10
7
5
20
58
91
113
131
154
161
141
110
74
53
47
45
47
52
45
12
-37
-78
-97
-96
-69
-17
20
13
-27
-80
-138
-171
-166
-126
-52
18
53
42
7
-15
-32
-21
42
111
167
213
192
121
57
1
-41
-68
-55
-5
35
65
77
71
77
80
78
76
77
101
121
122
123
118
94
47
-15
-71
-118
-144
-114
-64
-34
-6
13
13
-34
-98
-121
-123
-95
-55
-32
-24
-30
-34
-62
-94
-70
-20
26
58
72
81
69
45
3
-42
-45
-51
-81
-117
-153
-171
-191
-221
-220
-199
-166
-141
-134
-108
-101
-108
-112
-126
-131
-134
-126
-98
-78
-51
-22
12
39
38
46
76
107
133
167
184
174
156
103
26
-32
-56
-55
-36
2
46
74
82
69
50
46
61
90
133
173
188
185
153
104
70
40
34
58
84
105
122
137
139
140
145
148
161
181
194
187
171
144
101
67
36
20
24
48
87
117
130
138
135
118
95
79
68
53
38
16
-12
-43
-66
-70
-60
-46
-16
31
72
98
111
116
114
94
62
22
-11
-39
-67
-94
-121
-147
-182
-211
-236
-256
-256
-248
-238
-233
-229
-234
-253
-278
-304
-322
-329
-320
-310
-306
-290
-273
-259
-232
-200
-172
-153
-139
-132
-147
-157
-162
-161
-156
-154
-152
-153
-163
-178
-198
-209
-208
-202
-187
-172
-160
-148
-148
-159
-160
-152
-150
-136
-107
-75
-37
6
44
76
117
152
168
178
200
219
243
266
292
320
345
362
365
363
370
384
408
439
478
511
528
545
539
512
499
488
479
476
482
485
476
474
463
448
452
460
466
469
465
450
428
401
372
350
335
323
307
293
273
240
198
157
119
80
42
9
-18
-47
-81
-129
-184
-236
-289
-346
-386
-415
-441
-459
-475
-493
-520
-553
-587
-628
-666
-681
-688
-697
-695
-699
-709
-728
-755
-771
-771
-752
-721
-684
-640
-602
-583
-569
-547
-520
-487
-446
-403
-367
-346
-343
-338
-327
-312
-297
-264
-225
-202
-188
-183
-184
-190
-190
-175
-153
-123
-100
-90
-82
-77
-68
-55
-27
13
53
102
150
196
235
271
311
351
396
443
491
534
570
607
645
681
720
761
797
828
849
865
874
881
887
891
898
906
907
905
899
891
875
855
837
822
803
778
747
717
676
626
570
509
455
402
346
288
232
176
105
32
-35
-105
-168
-231
-288
-342
-392
-443
-505
-562
-610
-657
-700
-737
-769
-802
-829
-862
-895
-919
-936
-940
-939
-927
-910
-888
-861
-840
-823
-788
-745
-704
-655
-606
-555
-502
-453
-404
-357
-307
-257
-209
-161
-118
-80
-39
4
39
71
115
159
193
222
245
264
287
313
336
358
377
391
393
387
372
354
339
333
323
310
303
295
276
254
226
194
168
136
97
55
12
-33
-80
-127
-165
-190
-203
-209
-217
-222
-224
-227
-233
-242
-248
-244
-240
-243
-251
-260
-268
-282
-298
-305
-290
-268
-254
-249
-248
-234
-207
-170
-132
-89
-45
4
63
125
187
252
317
384
445
483
504
534
586
645
697
743
798
839
809
709
628
649
752
855
909
950
996
1003
925
786
682
668
704
727
688
596
484
362
227
101
30
42
84
73
-15
-137
-215
-244
-269
-301
-313
-269
-200
-167
-192
-231
-224
-193
-184
-217
-287
-357
-414
-463
-499
-526
-561
-596
-634
-728
-894
-1041
-1076
-986
-854
-791
-784
-752
-703
-727
-824
-856
-738
-540
-395
-347
-344
-351
-388
-486
-596
-630
-574
-502
-500
-590
-717
-837
-945
-1065
-1186
-1264
-1286
-1279
-1286
-1333
-1388
-1398
-1354
-1283
-1199
-1073
-886
-658
-448
-272
-89
137
399
653
881
1113
1379
1662
1906
2093
2248
2397
2527
2607
2648
2691
2757
2798
2772
2681
2566
2450
2316
2146
1974
1830
1700
1551
1358
1130
895
660
429
214
16
-170
-351
-532
-725
-924
-1108
-1247
-1340
-1403
-1451
-1482
-1487
-1483
-1472
-1440
-1370
-1265
-1143
-1018
-876
-718
-544
-367
-198
-38
121
274
406
505
585
668
744
794
808
784
737
656
536
412
304
202
80
-71
-249
-427
-581
-732
-883
-1009
-1082
-1126
-1158
-1208
-1253
-1244
-1182
-1091
-985
-849
-674
-518
-421
-356
-259
-100
76
195
220
152
0
-216
-448
-635
-799
-985
-1178
-1372
-1670
-2183
-2831
-3335
-3513
-3492
-3526
-3658
-3702
-3620
-3585
-3640
-3539
-3066
-2374
-1772
-1303
-750
-9
709
1221
1682
2348
3191
3940
4459
4863
5268
5618
5809
5922
6105
6310
6339
6116
5777
5447
5099
4673
4213
3777
3319
2734
2039
1362
747
126
-524
-1103
-1562
-1990
-2469
-2952
-3338
-3605
-3822
-3972
-3950
-3763
-3553
-3421
-3292
-3053
-2700
-2311
-1910
-1466
-1009
-614
-310
-51
215
461
669
846
986
1056
1023
898
703
465
237
59
-98
-297
-568
-868
-1143
-1377
-1556
-1665
-1699
-1692
-1685
-1681
-1649
-1564
-1428
-1253
-1033
-766
-466
-163
125
399
675
959
1257
1572
1873
2107
2246
2316
2367
2413
2430
2390
2293
2141
1945
1713
1449
1154
832
501
182
-121
-412
-711
-1023
-1341
-1667
-2019
-2388
-2723
-2967
-3165
-3424
-3728
-3922
-3969
-4096
-4530
-5080
-5290
-5040
-4721
-4661
-4649
-4342
-3869
-3616
-3492
-2961
-1898
-875
-325
110
971
2099
2901
3315
3873
4799
5628
5979
6167
6633
7172
7250
6949
6837
7043
7048
6523
5820
5362
5010
4403
3632
3055
2628
1931
897
-29
-562
-993
-1641
-2338
-2777
-3026
-3397
-3855
-4072
-3959
-3823
-3833
-3733
-3325
-2798
-2448
-2206
-1827
-1306
-844
-514
-166
274
640
785
808
897
1033
1038
846
588
381
194
-49
-331
-596
-817
-1033
-1270
-1474
-1621
-1721
-1795
-1834
-1845
-1834
-1777
-1671
-1550
-1437
-1304
-1112
-876
-637
-400
-146
153
462
737
975
1183
1380
1573
1776
1975
2138
2227
2220
2158
2086
2007
1889
1733
1560
1360
1093
757
393
20
-354
-718
-1076
-1476
-1916
-2361
-2817
-3328
-3790
-4027
-4157
-4611
-5516
-6318
-6452
-6152
-6106
-6388
-6418
-6003
-5677
-5685
-5394
-4285
-2926
-2178
-1848
-1023
430
1679
2328
3006
4219
5483
6137
6462
7158
8098
8517
8308
8234
8636
8887
8434
7686
7283
7052
6404
5405
4659
4250
3598
2450
1327
691
213
-638
-1701
-2416
-2767
-3250
-3981
-4481
-4504
-4484
-4782
-5047
-4806
-4255
-3906
-3767
-3398
-2724
-2158
-1849
-1444
-744
-69
281
532
994
1483
1599
1433
1437
1669
1711
1341
851
539
262
-200
-705
-1000
-1189
-1559
-2068
-2406
-2478
-2531
-2709
-2852
-2825
-2739
-2697
-2575
-2261
-1883
-1653
-1508
-1224
-714
-145
292
643
1015
1398
1716
2004
2345
2672
2832
2809
2775
2857
2961
2910
2678
2388
2096
1786
1495
1281
1057
622
-14
-535
-753
-920
-1362
-2006
-2534
-2905
-3326
-3743
-3889
-3939
-4508
-5667
-6538
-6417
-5873
-5924
-6491
-6644
-6216
-5978
-6058
-5543
-4121
-2889
-2679
-2636
-1549
240
1481
2011
2791
4127
5201
5603
6081
7204
8292
8486
8177
8377
9054
9234
8611
7999
7892
7715
6912
5930
5397
4996
4024
2657
1715
1333
749
-426
-1615
-2273
-2716
-3448
-4239
-4575
-4605
-4898
-5438
-5618
-5240
-4814
-4695
-4583
-4155
-3621
-3237
-2811
-2121
-1419
-1015
-720
-204
390
725
905
1232
1552
1519
1303
1357
1549
1322
684
251
226
116
-358
-839
-1058
-1279
-1690
-1995
-1949
-1838
-1998
-2260
-2263
-2032
-1848
-1768
-1631
-1398
-1172
-960
-643
-230
122
334
518
801
1170
1520
1786
1973
2109
2224
2333
2447
2558
2598
2504
2302
2121
1987
1804
1495
1203
989
701
247
-251
-610
-925
-1386
-1927
-2354
-2720
-3165
-3544
-3714
-4030
-4889
-5863
-6105
-5694
-5635
-6267
-6734
-6462
-6104
-6211
-6107
-5095
-3902
-3574
-3644
-2812
-1082
261
768
1373
2641
3847
4386
4890
6054
7312
7720
7546
7836
8695
9155
8818
8420
8493
8501
7872
7046
6679
6483
5728
4536
3693
3344
2775
1633
493
-126
-572
-1385
-2365
-2971
-3284
-3829
-4605
-5026
-4893
-4754
-5018
-5353
-5285
-4943
-4703
-4510
-4089
-3563
-3285
-3188
-2865
-2249
-1714
-1439
-1189
-855
-648
-619
-456
-12
371
369
169
149
335
480
516
561
582
450
237
178
313
403
278
56
-92
-144
-159
-173
-204
-261
-329
-343
-261
-129
-37
-11
-10
55
228
448
634
762
845
914
1007
1150
1327
1453
1440
1312
1195
1149
1154
1119
960
694
375
23
-360
-726
-1035
-1344
-1764
-2241
-2603
-2934
-3563
-4463
-5082
-5106
-5037
-5490
-6198
-6428
-6209
-6177
-6339
-5978
-5042
-4450
-4546
-4397
-3238
-1727
-862
-421
445
1695
2577
3046
3887
5263
6304
6518
6598
7274
8163
8491
8366
8470
8793
8691
8101
7698
7714
7527
6716
5777
5268
4906
4130
3088
2349
1900
1207
164
-738
-1262
-1798
-2635
-3433
-3813
-4018
-4468
-5047
-5319
-5273
-5309
-5496
-5467
-5134
-4886
-4903
-4812
-4328
-3790
-3575
-3441
-3034
-2593
-2505
-2520
-2090
-1377
-1056
-1179
-1121
-648
-220
-86
118
578
868
762
701
1100
1594
1713
1553
1466
1505
1470
1399
1460
1577
1457
1094
820
814
888
844
709
593
466
297
226
324
421
338
157
93
168
240
294
408
508
446
271
237
427
597
516
247
-3
-166
-325
-522
-757
-1052
-1398
-1740
-2139
-2760
-3519
-4023
-4133
-4293
-4894
-5601
-5858
-5788
-5908
-6138
-5922
-5306
-4983
-5079
-4803
-3702
-2465
-1826
-1439
-588
567
1382
1931
2860
4151
5015
5225
5527
6407
7293
7547
7511
7828
8301
8264
7828
7695
7901
7760
7067
6438
6230
5946
5154
4240
3738
3427
2755
1771
995
507
-105
-961
-1670
-2059
-2480
-3189
-3883
-4207
-4329
-4627
-5028
-5187
-5119
-5192
-5444
-5483
-5148
-4825
-4782
-4740
-4428
-4119
-4105
-4074
-3633
-3041
-2802
-2805
-2546
-2014
-1612
-1370
-951
-394
-103
-49
240
869
1379
1506
1543
1751
1975
2046
2133
2380
2576
2458
2167
2044
2158
2253
2158
1964
1771
1531
1239
1059
1081
1085
832
408
139
79
65
27
-13
-74
-228
-407
-451
-341
-236
-246
-342
-479
-648
-798
-884
-995
-1235
-1517
-1675
-1838
-2336
-3134
-3696
-3719
-3636
-4021
-4720
-5113
-5088
-5128
-5371
-5315
-4768
-4351
-4496
-4593
-3872
-2669
-1911
-1653
-1122
-110
722
1116
1717
2895
3988
4358
4475
5118
6093
6633
6715
7007
7616
7885
7584
7361
7630
7848
7450
6789
6490
6364
5812
4935
4380
4196
3742
2778
1847
1336
900
152
-636
-1113
-1510
-2238
-3099
-3593
-3727
-3955
-4429
-4830
-4997
-5168
-5460
-5586
-5368
-5114
-5153
-5324
-5288
-5097
-4965
-4798
-4372
-3855
-3611
-3583
-3355
-2791
-2173
-1690
-1247
-792
-434
-146
299
954
1564
1886
2001
2140
2380
2654
2917
3157
3263
3127
2862
2738
2813
2849
2650
2298
1968
1669
1365
1118
993
859
541
66
-331
-486
-490
-516
-605
-678
-764
-970
-1199
-1143
-717
-322
-390
-816
-1124
-1107
-983
-977
-1062
-1160
-1372
-1857
-2543
-3097
-3239
-3157
-3385
-4125
-4889
-5149
-5069
-5121
-5233
-5010
-4601
-4550
-4765
-4480
-3445
-2381
-1863
-1515
-791
107
727
1250
2174
3328
4051
4259
4599
5411
6221
6579
6765
7182
7575
7501
7210
7310
7705
7709
7173
6685
6523
6245
5597
5014
4800
4504
3680
2678
2055
1670
1030
177
-474
-943
-1627
-2526
-3164
-3399
-3637
-4176
-4739
-5009
-5159
-5457
-5735
-5676
-5428
-5427
-5687
-5783
-5544
-5263
-5122
-4898
-4460
-4086
-3968
-3796
-3217
-2402
-1833
-1539
-1175
-645
-136
303
892
1594
2032
2063
2087
2448
2929
3159
3175
3226
3274
3148
2960
2959
3066
2959
2551
2109
1863
1731
1519
1230
973
717
336
-96
-329
-314
-323
-539
-779
-841
-834
-964
-1113
-1033
-748
-589
-767
-1117
-1326
-1309
-1247
-1305
-1417
-1527
-1852
-2583
-3349
-3519
-3169
-3159
-3940
-4869
-5183
-5079
-5145
-5269
-4983
-4545
-4635
-5054
-4806
-3629
-2460
-2021
-1836
-1182
-225
477
1062
2049
3260
3971
4110
4447
5374
6290
6635
6746
7160
7632
7612
7305
7371
7748
7724
7146
6642
6507
6249
5568
4908
4639
4370
3628
2657
1985
1581
1020
257
-383
-836
-1424
-2246
-2929
-3180
-3274
-3654
-4273
-4718
-4863
-4989
-5209
-5262
-5067
-4980
-5263
-5594
-5507
-5079
-4740
-4606
-4446
-4190
-3997
-3787
-3256
-2443
-1809
-1567
-1372
-868
-190
388
884
1381
1738
1853
1960
2329
2824
3093
3047
2912
2863
2863
2850
2841
2827
2674
2312
1903
1671
1609
1489
1207
866
535
167
-207
-432
-485
-533
-702
-925
-1118
-1301
-1433
-1351
-1046
-827
-980
-1379
-1641
-1624
-1516
-1458
-1440
-1533
-1987
-2823
-3530
-3568
-3170
-3164
-3907
-4795
-5146
-5071
-5045
-5004
-4659
-4310
-4462
-4787
-4412
-3255
-2203
-1764
-1440
-741
73
688
1374
2418
3473
4031
4261
4740
5558
6271
6647
6945
7328
7552
7442
7319
7520
7781
7622
7099
6648
6360
5934
5317
4837
4550
4070
3229
2381
1803
1309
647
-27
-540
-1072
-1823
-2578
-2968
-3094
-3366
-3889
-4357
-4587
-4777
-5054
-5192
-5047
-4907
-5091
-5443
-5537
-5286
-5001
-4845
-4648
-4370
-4205
-4144
-3809
-3034
-2217
-1798
-1629
-1284
-697
-71
530
1154
1660
1866
1919
2163
2654
3081
3202
3107
2995
2922
2869
2881
2949
2910
2623
2197
1873
1743
1679
1522
1254
911
526
147
-110
-206
-261
-426
-687
-925
-1079
-1150
-1104
-990
-991
-1194
-1431
-1516
-1511
-1570
-1688
-1785
-1881
-2087
-2498
-3113
-3665
-3808
-3676
-3845
-4513
-5143
-5293
-5236
-5311
-5265
-4867
-4526
-4626
-4699
-4071
-2936
-2057
-1618
-1145
-412
308
933
1781
2919
3846
4212
4409
5008
5892
6513
6767
7046
7450
7608
7413
7337
7654
7879
7513
6866
6505
6339
5905
5252
4824
4559
3960
2997
2190
1733
1254
537
-166
-678
-1215
-1947
-2630
-2980
-3131
-3401
-3856
-4293
-4577
-4777
-4950
-4994
-4873
-4809
-5002
-5312
-5401
-5158
-4793
-4520
-4345
-4209
-4089
-3841
-3327
-2586
-1917
-1542
-1317
-977
-427
224
867
1387
1670
1741
1822
2094
2491
2771
2793
2637
2461
2367
2381
2430
2384
2160
1795
1442
1253
1225
1190
1008
673
306
23
-143
-213
-227
-252
-351
-561
-830
-943
-804
-585
-527
-671
-896
-1098
-1278
-1406
-1461
-1510
-1636
-1939
-2528
-3322
-3901
-3936
-3740
-3946
-4662
-5325
-5556
-5582
-5574
-5298
-4781
-4556
-4803
-4863
-4114
-2902
-2012
-1529
-988
-246
461
1133
2079
3259
4153
4476
4694
5345
6205
6757
6997
7328
7722
7748
7445
7405
7733
7786
7250
6668
6461
6234
5587
4880
4567
4323
3612
2629
1931
1519
966
194
-448
-864
-1396
-2208
-2916
-3182
-3282
-3649
-4163
-4426
-4451
-4580
-4830
-4832
-4537
-4393
-4639
-4882
-4734
-4380
-4172
-4051
-3778
-3467
-3360
-3276
-2809
-2043
-1469
-1202
-936
-519
-69
371
888
1376
1604
1589
1628
1867
2149
2287
2251
2091
1889
1712
1605
1566
1507
1312
986
661
445
386
389
281
2
-331
-544
-600
-559
-469
-371
-401
-659
-945
-935
-614
-295
-233
-455
-798
-1097
-1217
-1164
-1059
-1114
-1503
-2294
-3228
-3720
-3544
-3343
-3828
-4768
-5377
-5493
-5540
-5552
-5182
-4668
-4630
-4913
-4678
-3666
-2531
-1817
-1304
-643
103
771
1515
2515
3571
4260
4536
4877
5604
6375
6747
6914
7293
7714
7689
7364
7332
7602
7600
7182
6788
6541
6056
5279
4718
4556
4260
3440
2463
1758
1210
592
-7
-476
-989
-1742
-2541
-3041
-3223
-3360
-3661
-4074
-4401
-4579
-4713
-4787
-4647
-4408
-4419
-4701
-4829
-4565
-4184
-3949
-3714
-3391
-3187
-3113
-2814
-2119
-1349
-877
-649
-375
25
451
873
1296
1608
1671
1539
1446
1538
1660
1629
1480
1281
1035
783
642
646
633
450
179
-19
-121
-157
-133
-115
-200
-424
-641
-657
-467
-249
-171
-298
-513
-588
-419
-149
39
20
-201
-493
-695
-787
-831
-853
-934
-1372
-2330
-3267
-3457
-3142
-3245
-4038
-4825
-5101
-5210
-5413
-5317
-4763
-4387
-4555
-4683
-4109
-3013
-2119
-1610
-1078
-321
430
1059
1788
2751
3678
4183
4455
5004
5826
6385
6555
6774
7242
7560
7457
7333
7510
7619
7292
6841
6650
6463
5886
5102
4568
4237
3701
2896
2116
1437
697
-64
-637
-1063
-1623
-2393
-3076
-3441
-3644
-3911
-4180
-4338
-4487
-4765
-4977
-4824
-4441
-4299
-4502
-4658
-4492
-4145
-3793
-3420
-3021
-2752
-2618
-2321
-1678
-922
-376
-52
202
541
939
1297
1636
1903
1971
1826
1663
1662
1750
1701
1445
1143
917
724
522
346
200
17
-235
-492
-654
-714
-756
-826
-954
-1080
-1131
-1105
-1034
-862
-622
-505
-603
-668
-455
-88
94
58
-7
-142
-417
-633
-637
-590
-747
-1255
-2090
-2918
-3268
-3144
-3212
-3871
-4668
-5036
-5156
-5348
-5293
-4799
-4412
-4596
-4804
-4255
-3148
-2271
-1782
-1237
-480
242
884
1694
2709
3590
4051
4341
4917
5744
6374
6616
6818
7216
7520
7464
7350
7513
7637
7351
6898
6687
6530
5973
5195
4695
4429
3898
3037
2243
1625
950
189
-433
-873
-1416
-2178
-2874
-3294
-3578
-3857
-4103
-4285
-4470
-4742
-4957
-4862
-4535
-4321
-4362
-4463
-4374
-4085
-3764
-3429
-3043
-2710
-2502
-2255
-1803
-1175
-592
-196
89
380
722
1101
1497
1813
1923
1859
1772
1746
1745
1685
1521
1274
966
637
371
203
68
-103
-334
-584
-799
-935
-931
-846
-868
-970
-1029
-1010
-967
-857
-626
-414
-359
-416
-432
-373
-229
34
219
62
-336
-640
-742
-765
-766
-786
-1179
-2200
-3275
-3506
-3100
-3104
-3891
-4678
-4950
-5105
-5360
-5145
-4398
-4013
-4362
-4557
-3844
-2667
-1855
-1407
-831
-99
514
1086
1928
2955
3722
4052
4364
5056
5857
6251
6337
6590
7067
7335
7244
7188
7326
7248
6823
6509
6502
6335
5667
4874
4424
4151
3660
2988
2356
1683
855
88
-400
-732
-1246
-2011
-2753
-3198
-3410
-3610
-3843
-4021
-4189
-4473
-4731
-4614
-4188
-3924
-4046
-4224
-4147
-3878
-3539
-3109
-2699
-2523
-2492
-2265
-1676
-990
-519
-261
-4
290
586
894
1238
1533
1627
1516
1393
1378
1381
1332
1204
985
697
395
184
104
23
-181
-442
-646
-781
-845
-871
-878
-914
-995
-1102
-1150
-1071
-905
-724
-580
-543
-573
-594
-509
-263
29
148
15
-223
-418
-528
-592
-618
-596
-762
-1510
-2584
-3199
-3042
-2759
-3097
-3911
-4467
-4683
-4909
-4973
-4501
-3878
-3793
-4161
-4124
-3247
-2142
-1455
-982
-351
303
789
1370
2350
3465
4129
4339
4714
5449
6077
6329
6532
6962
7315
7253
7015
7020
7122
6925
6519
6266
6089
5620
4874
4256
3920
3555
2924
2207
1555
868
98
-546
-936
-1291
-1885
-2614
-3134
-3378
-3585
-3811
-3901
-3901
-4048
-4359
-4446
-4137
-3766
-3680
-3746
-3761
-3712
-3581
-3263
-2798
-2439
-2333
-2288
-2022
-1532
-993
-522
-148
114
320
582
976
1383
1644
1712
1647
1594
1601
1596
1524
1385
1171
887
616
452
316
86
-224
-464
-611
-764
-907
-973
-1007
-1102
-1231
-1255
-1179
-1116
-1029
-883
-772
-770
-791
-711
-555
-449
-343
-183
-136
-323
-547
-618
-640
-751
-882
-949
-1192
-1944
-2842
-3178
-2969
-2955
-3521
-4236
-4596
-4744
-4908
-4754
-4101
-3586
-3687
-3902
-3465
-2426
-1448
-806
-200
485
1034
1476
2194
3268
4265
4737
4835
5139
5802
6416
6747
6991
7236
7289
7056
6869
6977
7049
6740
6242
5867
5523
5007
4411
3934
3540
3009
2283
1537
907
344
-224
-796
-1301
-1761
-2273
-2858
-3346
-3559
-3584
-3717
-3998
-4244
-4328
-4337
-4317
-4172
-3925
-3844
-4002
-4077
-3809
-3372
-3014
-2766
-2552
-2348
-2113
-1714
-1113
-529
-188
5
233
554
937
1277
1494
1579
1546
1452
1395
1401
1383
1253
1011
739
514
340
167
-31
-235
-424
-607
-808
-966
-1005
-974
-990
-1063
-1107
-1093
-1064
-953
-761
-586
-502
-509
-514
-454
-301
-124
-15
-4
-106
-284
-411
-423
-404
-478
-650
-859
-1243
-1933
-2569
-2643
-2432
-2699
-3492
-4102
-4205
-4268
-4471
-4329
-3784
-3559
-3873
-3900
-3104
-2035
-1391
-1013
-419
311
860
1433
2383
3451
4075
4255
4565
5304
6064
6456
6688
7035
7266
7148
6976
7119
7331
7100
6497
6042
5808
5398
4734
4166
3774
3211
2362
1571
1058
564
-154
-879
-1372
-1812
-2442
-3079
-3398
-3464
-3618
-3932
-4153
-4182
-4194
-4247
-4142
-3821
-3553
-3560
-3693
-3665
-3447
-3170
-2883
-2575
-2369
-2324
-2248
-1919
-1347
-766
-403
-241
-84
194
562
938
1213
1364
1371
1260
1151
1142
1186
1152
955
660
413
268
180
117
17
-174
-409
-602
-696
-705
-694
-708
-772
-897
-1009
-1006
-894
-735
-613
-566
-624
-689
-595
-351
-174
-208
-326
-348
-257
-212
-304
-418
-473
-585
-811
-986
-993
-1126
-1740
-2500
-2754
-2586
-2721
-3346
-3854
-3948
-4079
-4399
-4322
-3707
-3300
-3494
-3587
-2920
-1909
-1222
-774
-112
682
1252
1749
2576
3611
4347
4658
4972
5578
6232
6599
6823
7147
7381
7270
7086
7140
7223
6953
6420
5992
5714
5286
4657
4060
3509
2831
2083
1455
929
294
-494
-1213
-1724
-2173
-2672
-3135
-3498
-3838
-4153
-4328
-4340
-4331
-4393
-4442
-4366
-4191
-3991
-3804
-3674
-3619
-3517
-3261
-2896
-2568
-2339
-2143
-1899
-1598
-1215
-762
-347
-72
94
304
606
921
1130
1213
1237
1215
1169
1145
1151
1080
876
646
498
395
260
92
-69
-225
-403
-543
-577
-572
-656
-808
-898
-850
-771
-760
-758
-678
-594
-578
-555
-463
-378
-355
-341
-280
-224
-248
-285
-251
-231
-307
-401
-458
-576
-804
-964
-954
-1052
-1561
-2209
-2500
-2498
-2663
-3046
-3324
-3469
-3741
-4036
-3918
-3403
-3041
-3041
-2969
-2496
-1825
-1205
-563
191
862
1307
1770
2551
3486
4175
4580
4988
5496
5951
6295
6673
7041
7134
6965
6862
6933
6903
6620
6262
5929
5475
4870
4333
3939
3446
2713
1944
1341
807
177
-493
-1087
-1646
-2237
-2755
-3116
-3411
-3750
-4085
-4299
-4402
-4474
-4488
-4426
-4340
-4268
-4172
-4015
-3823
-3616
-3373
-3078
-2787
-2543
-2301
-2001
-1642
-1269
-934
-635
-371
-164
28
268
525
691
735
756
813
850
824
790
768
685
522
373
286
226
113
-49
-209
-345
-449
-539
-620
-685
-739
-787
-813
-802
-749
-674
-604
-553
-482
-382
-303
-258
-200
-111
-60
-111
-170
-139
-86
-112
-178
-202
-230
-318
-399
-379
-321
-334
-422
-526
-671
-884
-1123
-1318
-1464
-1649
-1944
-2287
-2543
-2664
-2750
-2872
-2934
-2844
-2681
-2518
-2254
-1795
-1250
-746
-219
429
1124
1775
2434
3142
3821
4397
4931
5467
5934
6269
6498
6645
6700
6646
6508
6299
6001
5607
5158
4714
4272
3762
3158
2538
1988
1481
971
462
-27
-542
-1062
-1487
-1782
-2053
-2368
-2653
-2847
-2993
-3108
-3134
-3069
-3031
-3063
-3071
-2977
-2847
-2756
-2706
-2670
-2664
-2680
-2656
-2572
-2484
-2438
-2415
-2379
-2325
-2244
-2118
-1943
-1758
-1612
-1491
-1338
-1141
-925
-688
-435
-199
-30
83
231
433
629
776
871
910
904
886
899
946
957
885
764
642
562
535
526
485
392
264
141
54
6
-14
-50
-159
-320
-428
-444
-438
-473
-539
-605
-689
-767
-776
-717
-691
-736
-799
-803
-745
-675
-601
-522
-432
-361
-302
-192
-20
97
81
-7
-76
-131
-239
-374
-478
-591
-767
-924
-975
-942
-883
-783
-603
-364
-107
170
496
850
1205
1557
1899
2203
2453
2665
2882
3110
3290
3374
3405
3440
3480
3471
3421
3355
3245
3052
2825
2632
2471
2278
2022
1737
1461
1211
987
800
627
433
212
-2
-154
-271
-406
-567
-726
-873
-1009
-1139
-1259
-1373
-1495
-1635
-1798
-1970
-2121
-2253
-2387
-2523
-2649
-2760
-2874
-2981
-3033
-3002
-2919
-2826
-2719
-2583
-2402
-2174
-1898
-1573
-1244
-979
-764
-545
-295
-65
122
280
419
488
496
510
569
613
589
538
506
474
417
360
332
304
245
183
136
88
39
21
30
32
17
5
-11
-28
-27
-5
10
-8
-44
-53
-46
-61
-95
-124
-135
-143
-166
-206
-226
-204
-168
-157
-141
-77
10
65
120
231
344
369
327
304
291
241
136
-3
-139
-289
-452
-567
-596
-589
-611
-634
-579
-443
-275
-100
98
315
516
696
896
1142
1384
1579
1729
1882
2047
2192
2303
2411
2508
2566
2564
2538
2515
2480
2397
2264
2105
1935
1762
1597
1440
1286
1132
974
804
642
504
371
214
30
-167
-364
-562
-761
-949
-1126
-1307
-1498
-1679
-1821
-1915
-1992
-2072
-2148
-2213
-2279
-2328
-2318
-2252
-2201
-2198
-2186
-2110
-1979
-1820
-1624
-1404
-1222
-1080
-919
-693
-448
-259
-143
-83
-57
-43
-19
14
23
-13
-100
-189
-228
-200
-144
-95
-71
-77
-86
-70
-4
83
129
131
118
108
113
166
255
329
355
367
406
456
491
525
542
506
417
321
246
159
52
-58
-152
-238
-312
-356
-372
-368
-341
-295
-210
-128
-61
2
87
171
235
263
270
263
218
148
96
84
74
24
-64
-132
-145
-125
-94
-52
-4
11
3
38
155
289
379
441
508
593
683
803
960
1101
1181
1222
1278
1352
1433
1495
1515
1492
1437
1384
1346
1311
1255
1177
1093
1015
953
898
832
765
692
626
561
483
399
299
189
78
-24
-111
-221
-363
-499
-588
-648
-713
-779
-832
-886
-944
-990
-998
-993
-1011
-1050
-1082
-1092
-1083
-1061
-1030
-999
-974
-946
-889
-817
-753
-716
-698
-682
-666
-647
-637
-657
-705
-752
-773
-780
-784
-784
-796
-824
-826
-771
-687
-636
-612
-586
-539
-472
-393
-311
-254
-224
-193
-140
-57
42
128
179
215
268
342
400
434
464
484
468
431
417
406
369
320
294
280
241
191
173
181
184
183
195
212
208
192
199
227
243
222
184
159
137
96
41
17
18
-9
-76
-132
-144
-126
-111
-83
-36
-1
10
40
123
235
311
351
381
416
442
476
540
597
610
592
589
623
665
694
726
744
749
744
749
767
781
779
756
719
686
655
633
614
597
578
546
520
506
495
485
470
458
436
397
354
313
270
219
165
90
5
-73
-134
-192
-256
-323
-380
-442
-512
-571
-614
-654
-699
-739
-777
-807
-832
-852
-867
-883
-897
-902
-907
-903
-884
-869
-856
-845
-827
-804
-774
-740
-707
-684
-670
-643
-603
-561
-520
-489
-461
-433
-397
-345
-289
-240
-209
-197
-182
-149
-99
-63
-63
-76
-94
-102
-104
-103
-104
-122
-148
-153
-128
-91
-53
-18
19
63
113
175
239
288
324
349
368
384
401
414
407
391
382
380
375
366
364
359
333
298
272
248
208
153
98
44
-11
-63
-105
-132
-159
-174
-174
-148
-110
-85
-51
0
64
118
158
194
223
239
261
295
334
357
356
370
410
462
515
567
614
646
673
724
794
847
868
873
866
855
841
831
810
769
710
655
611
567
518
471
421
361
295
227
174
118
47
-28
-95
-153
-207
-251
-282
-302
-315
-322
-315
-305
-293
-286
-278
-265
-245
-243
-261
-287
-311
-340
-379
-414
-454
-504
-562
-608
-637
-660
-691
-738
-777
-795
-799
-795
-795
-797
-801
-800
-791
-762
-718
-682
-674
-672
-645
-605
-559
-514
-474
-449
-438
-417
-373
-315
-263
-232
-211
-188
-160
-117
-61
-9
31
45
55
71
105
149
171
167
161
165
167
176
198
214
197
158
130
126
126
124
124
125
116
111
138
190
237
262
278
305
338
373
411
443
449
434
408
390
382
371
349
318
283
259
253
266
281
282
281
277
268
261
262
260
242
211
185
170
161
154
152
154
158
167
183
207
233
245
247
256
265
266
257
240
228
214
202
202
213
220
227
245
278
315
350
375
382
374
367
373
368
339
290
232
182
150
133
116
91
62
38
22
25
29
16
-17
-58
-97
-134
-173
-215
-272
-341
-407
-453
-483
-503
-523
-530
-528
-523
-513
-494
-476
-478
-494
-512
-536
-569
-600
-629
-657
-683
-702
-708
-702
-681
-649
-611
-565
-511
-452
-405
-362
-322
-298
-285
-283
-290
-301
-317
-331
-330
-319
-309
-301
-284
-257
-219
-174
-128
-82
-44
-21
2
31
64
73
69
73
78
87
111
149
185
206
224
258
306
351
391
426
448
459
468
482
490
482
457
435
417
407
398
389
383
382
375
375
387
395
392
379
372
367
362
352
338
321
305
301
298
300
304
297
281
271
277
284
281
270
259
246
232
228
229
226
206
181
173
176
175
165
155
140
110
78
60
51
24
-17
-60
-85
-100
-117
-131
-145
-164
-190
-211
-207
-198
-196
-204
-215
-217
-210
-200
-188
-183
-191
-207
-220
-218
-211
-209
-214
-224
-241
-258
-249
-230
-218
-218
-230
-242
-247
-237
-222
-213
-222
-250
-281
-304
-307
-310
-319
-335
-356
-373
-369
-344
-309
-283
-272
-264
-245
-216
-179
-146
-121
-113
-115
-114
-99
-74
-46
-25
-17
-10
2
28
64
96
111
117
121
131
142
154
165
161
144
124
108
95
88
82
73
55
39
26
16
10
11
9
0
-8
-8
1
12
30
50
69
78
88
106
127
138
150
169
182
187
194
205
219
232
241
251
259
263
260
257
257
256
250
233
216
201
189
184
183
184
182
173
163
151
144
137
130
114
89
64
44
29
19
15
14
5
-3
-7
0
14
33
48
48
36
25
17
13
0
-22
-53
-87
-120
-144
-156
-165
-181
-199
-207
-211
-207
-201
-198
-204
-215
-231
-247
-256
-260
-263
-270
-273
-267
-253
-228
-198
-170
-142
-115
-90
-68
-39
-10
9
22
29
36
52
66
73
75
76
73
71
76
84
89
91
92
94
93
82
71
59
43
25
3
-22
-45
-65
-82
-92
-98
-104
-111
-117
-118
-109
-90
-75
-60
-52
-46
-40
-21
6
25
42
47
57
69
93
122
143
151
154
151
157
178
199
210
203
184
167
154
148
137
116
81
35
-3
-29
-44
-61
-84
-110
-133
-146
-145
-138
-136
-139
-150
-159
-165
-165
-162
-160
-161
-159
-152
-140
-124
-104
-87
-72
-57
-38
-17
1
22
38
49
60
67
77
86
88
89
89
90
85
82
85
87
85
78
69
61
54
51
52
57
56
54
53
56
61
69
72
74
77
76
80
88
104
117
122
129
132
134
138
142
141
135
127
115
107
102
96
87
73
56
41
25
8
-10
-29
-43
-55
-67
-81
-94
-106
-113
-117
-120
-127
-140
-153
-161
-157
-149
-139
-129
-120
-112
-100
-79
-59
-44
-35
-32
-32
-26
-15
-5
6
9
9
11
15
22
29
29
21
7
-4
-9
-14
-23
-33
-52
-71
-89
-103
-109
-119
-134
-149
-158
-160
-153
-144
-138
-134
-129
-118
-100
-81
-65
-57
-50
-41
-31
-17
-3
9
12
17
21
33
46
60
76
88
97
107
124
136
136
134
125
109
96
86
79
71
67
65
61
62
66
71
75
80
80
76
76
75
74
72
70
62
52
42
37
36
37
38
38
34
29
32
40
53
63
64
67
60
53
46
34
20
3
-16
-34
-49
-58
-65
-75
-86
-97
-105
-108
-105
-100
-97
-94
-93
-93
-91
-85
-83
-82
-81
-81
-77
-69
-58
-45
-31
-19
-4
13
31
45
57
71
83
93
106
119
124
126
129
134
134
131
127
124
121
117
113
109
100
86
70
59
47
36
21
8
-8
-24
-39
-49
-58
-74
-93
-117
-140
-165
-181
-199
-210
-219
-225
-227
-224
-215
-205
-194
-187
-175
-159
-141
-122
-106
-94
-78
-67
-54
-41
-28
-19
-16
-10
-1
9
24
36
50
68
86
99
108
115
119
122
125
126
129
129
129
132
130
131
143
148
149
149
152
154
154
155
155
150
144
138
130
124
109
91
74
61
48
35
24
12
-1
-14
-29
-43
-54
-64
-78
-93
-107
-120
-133
-142
-155
-170
-180
-183
-184
-178
-166
-158
-147
-136
-122
-107
-90
-73
-59
-45
-34
-24
-14
-1
17
33
47
61
75
89
105
121
129
138
141
140
140
138
134
129
124
114
101
89
73
56
41
21
-3
-23
-39
-52
-60
-66
-72
-77
-83
-91
-99
-105
-111
-115
-119
-119
-120
-114
-108
-98
-90
-85
-75
-68
-62
-58
-52
-45
-42
-36
-34
-32
-30
-25
-17
-10
-3
1
5
9
14
21
28
35
40
48
56
61
67
72
74
79
84
93
102
112
122
131
138
144
147
149
152
151
146
138
130
116
101
87
72
56
41
28
16
6
-4
-15
-24
-36
-51
-63
-75
-88
-99
-113
-125
-137
-144
-148
-155
-158
-161
-161
-159
-154
-147
-139
-133
-125
-116
-106
-90
-78
-65
-54
-44
-34
-25
-12
-2
10
20
29
42
53
65
75
83
89
95
98
104
108
110
108
106
105
106
107
108
111
111
108
104
95
87
81
74
66
56
45
38
28
17
6
-7
-21
-37
-51
-64
-75
-85
-91
-98
-101
-100
-100
-98
-96
-97
-99
-99
-96
-94
-92
-90
-91
-91
-88
-82
-76
-69
-64
-54
-42
-31
-18
-7
7
19
34
49
63
72
79
83
84
87
85
80
75
71
71
71
75
81
87
94
101
106
112
115
111
104
90
77
61
44
30
17
4
-7
-11
-14
-16
-21
-30
-38
-46
-53
-60
-67
-76
-85
-91
-94
-94
-93
-92
-91
-92
-91
-87
-83
-78
-76
-72
-68
-62
-58
-55
-49
-46
-39
-31
-24
-18
-10
-1
8
20
32
44
56
65
74
78
81
85
85
81
80
76
71
68
66
65
67
70
73
75
74
66
56
46
36
28
20
14
0
-11
-18
-25
-30
-34
-37
-41
-46
-53
-53
-54
-54
-52
-54
-52
-49
-51
-55
-58
-62
-65
-62
-58
-51
-44
-36
-26
-17
-6
5
14
21
25
28
25
23
22
20
23
26
29
36
40
43
44
47
46
48
51
49
51
51
50
48
44
38
33
30
23
16
10
10
9
8
4
1
-3
-7
-10
-15
-19
-23
-26
-31
-36
-41
-44
-49
-54
-59
-67
-69
-71
-75
-76
-75
-72
-68
-63
-54
-45
-35
-30
-25
-19
-15
-12
-9
-9
-8
-10
-9
-6
-5
-1
4
12
22
31
39
46
51
53
54
53
54
55
55
59
59
57
56
49
41
34
28
21
18
13
10
8
7
6
3
0
-5
-10
-19
-27
-36
-46
-49
-51
-49
-44
-38
-29
-19
-12
-4
1
8
11
14
13
14
13
13
9
5
0
-4
-3
-2
5
11
15
22
27
33
39
43
46
45
45
41
34
27
21
11
3
0
-5
-4
-3
-2
1
6
11
14
16
18
18
18
15
11
5
-4
-13
-23
-30
-34
-37
-36
-35
-32
-29
-26
-24
-24
-21
-24
-27
-32
-38
-41
-46
-50
-51
-53
-53
-50
-44
-41
-35
-30
-22
-16
-9
-4
2
10
14
18
23
24
25
26
29
30
26
29
25
22
20
18
16
15
14
14
12
14
18
17
18
21
24
26
24
23
20
19
17
14
11
8
6
2
0
-2
-4
-4
-7
-9
-10
-10
-11
-14
-14
-17
-18
-18
-18
-19
-17
-15
-15
-13
-11
-10
-6
-2
0
4
5
3
2
0
-1
-2
-6
-1
1
4
8
9
13
16
19
23
24
27
26
27
28
27
27
28
27
24
23
21
17
14
12
14
12
8
7
5
2
-1
-3
-7
-11
-17
-21
-26
-29
-29
-31
-27
-26
-22
-19
-16
-16
-13
-10
-10
-10
-9
-13
-15
-18
-24
-25
-26
-28
-31
-29
-24
-21
-19
-20
-23
-24
-28
-30
-30
-28
-24
-16
-10
-2
6
14
21
26
26
28
33
32
34
33
32
32
30
29
26
25
23
21
18
17
17
16
17
20
21
22
25
25
26
27
25
22
16
12
7
-3
-9
-13
-16
-18
-20
-22
-24
-28
-33
-36
-37
-38
-42
-42
-41
-42
-39
-35
-30
-24
-18
-14
-11
-9
-9
-7
-5
0
2
3
9
13
15
18
21
21
22
22
25
26
28
28
28
27
25
26
27
29
28
28
30
29
25
21
16
11
7
5
3
1
1
-3
-7
-11
-12
-14
-16
-17
-21
-24
-26
-25
-25
-26
-28
-27
-25
-21
-16
-12
-9
-9
-7
-6
-5
-7
-6
-6
-8
-10
-8
-9
-8
-6
-3
0
3
8
10
11
13
14
16
19
21
22
23
24
26
28
28
29
30
30
30
26
24
19
16
13
8
5
1
2
-1
-1
-2
-5
-8
-11
-11
-12
-15
-17
-19
-22
-24
-28
-31
-32
-34
-35
-35
-36
-37
-38
-37
-35
-35
-36
-32
-28
-25
-19
-11
-7
-2
1
2
1
3
5
4
6
7
11
14
18
17
17
19
19
20
20
21
22
22
24
26
27
27
28
28
28
29
29
28
28
23
17
14
8
2
1
-1
0
1
3
3
2
3
3
2
5
3
2
0
-3
-9
-14
-14
-17
-19
-20
-19
-21
-20
-20
-19
-19
-18
-18
-18
-18
-18
-18
-17
-13
-13
-10
-8
-7
-4
-2
1
3
5
9
13
14
18
20
20
20
18
17
16
16
14
11
12
14
14
14
16
15
13
13
12
11
11
10
8
8
7
5
3
0
-3
-7
-10
-12
-16
-15
-15
-16
-17
-17
-17
-15
-14
-14
-13
-12
-12
-14
-19
-22
-23
-25
-20
-16
-13
-9
-6
-3
-2
-2
-4
-7
-6
-5
-5
-2
-1
0
2
4
4
3
5
6
6
6
7
5
3
1
0
-3
-5
-6
-6
-3
0
2
5
8
10
12
15
16
16
15
13
10
8
3
1
-2
-4
-6
-7
-8
-8
-5
-3
2
5
9
12
14
18
20
21
21
19
19
16
15
13
10
7
5
4
4
4
5
5
2
5
5
5
6
3
1
-3
-5
-9
-12
-14
-14
-14
-11
-7
-4
-2
0
-2
-3
-5
-8
-12
-15
-16
-15
-14
-14
-11
-8
-4
-2
0
0
-1
-2
-5
-6
-7
-8
-9
-8
-6
-4
-3
-2
0
4
6
8
10
12
11
11
10
8
5
2
-2
-4
-4
-4
-5
-2
1
3
7
9
12
12
13
11
8
7
6
6
7
8
6
8
8
7
6
5
1
-2
-4
-5
-7
-6
-7
-7
-8
-8
-10
-9
-10
-10
-8
-8
-5
-4
-5
-4
-4
-6
-8
-10
-12
-12
-13
-13
-14
-14
-13
-13
-12
-11
-10
-12
-7
-5
-3
1
2
3
6
7
8
10
13
13
13
13
14
9
10
10
5
4
3
2
-1
0
2
6
8
11
13
15
16
18
18
18
19
16
15
12
9
4
2
-1
-4
-4
-3
-1
1
3
5
6
5
2
0
-3
-5
-8
-10
-12
-14
-15
-15
-15
-14
-10
-8
-5
-4
-1
0
1
2
2
2
0
-1
-3
-7
-7
-11
-13
-12
-11
-9
-7
-7
-6
-3
0
0
2
3
4
4
3
1
1
0
1
-1
-1
-1
0
1
0
3
6
7
8
8
6
6
3
0
-3
-4
-5
-6
-6
-7
-8
-6
-6
-4
-3
-3
-2
-2
-1
-2
-1
-2
-2
-1
2
2
3
4
5
4
2
6
7
9
10
9
9
8
7
7
7
7
7
8
9
11
12
11
8
6
2
1
0
-1
-2
-3
-4
-6
-6
-6
-5
-6
-6
-7
-7
-6
-6
-4
-3
-4
-7
-8
-10
-9
-9
-10
-10
-9
-8
-5
-6
-6
-5
-7
-6
-6
-5
-4
-4
-4
-5
-2
0
0
2
3
8
10
11
10
10
12
13
14
15
14
15
14
13
11
6
2
-2
-5
-5
-5
-5
-2
-1
0
1
4
5
6
7
7
7
4
4
4
1
4
4
4
7
8
10
8
6
4
2
-4
-8
-12
-14
-16
-19
-19
-17
-16
-16
-12
-9
-6
-4
-2
-1
0
0
0
0
0
-1
0
0
-1
-1
-1
-1
-1
-2
-1
-2
1
2
2
1
1
2
2
1
0
-3
-1
-3
-2
1
4
6
6
5
6
2
1
0
-4
-6
-6
-6
-4
-4
-3
-3
-3
-3
-3
-2
-1
-3
-2
-1
2
4
5
7
8
9
10
9
6
6
1
-2
-4
-3
-1
2
4
6
6
7
5
2
1
-1
-3
-3
-4
-6
-8
-8
-8
-7
-7
-6
-5
-5
-5
-2
-1
-2
1
2
5
6
7
8
8
9
9
11
12
14
14
16
14
11
9
5
3
0
-4
-6
-8
-7
-8
-5
-5
-5
-4
-4
-4
-5
-4
-6
-5
-4
-3
-2
0
-1
0
0
1
-1
-1
-2
-3
-4
-5
-4
-5
-5
-5
-6
-8
-9
-9
-10
-10
-11
-11
-10
-7
-7
-5
-3
0
1
3
4
5
6
4
2
3
1
0
-1
-1
-1
2
4
5
7
10
11
10
10
9
6
3
2
1
2
3
4
6
5
4
3
3
3
0
1
0
-1
-1
0
2
2
1
-2
-2
-3
-3
-4
-5
-4
-3
-3
1
1
1
2
1
2
2
3
4
4
5
6
5
5
4
2
1
0
-1
-2
1
2
3
2
1
0
-1
-2
-4
-5
-6
-7
-9
-7
-7
-6
-6
-4
-3
-2
0
2
1
1
2
3
2
2
0
-2
-3
-4
-2
-2
-3
-2
-2
-1
-2
-4
-1
-2
-2
-1
-2
0
1
2
4
5
6
5
5
4
4
3
0
0
0
-1
2
4
5
5
5
5
5
5
6
6
5
6
4
2
4
3
2
0
-2
-4
-5
-6
-8
-9
-10
-10
-10
-11
-13
-13
-13
-12
-9
-7
-4
-2
-1
-1
-3
-6
-7
-8
-9
-8
-7
-4
0
2
3
4
6
5
4
5
6
6
6
9
9
8
6
4
3
4
5
5
7
7
7
7
8
7
8
7
9
8
10
10
8
7
8
7
6
5
4
2
0
-3
-5
-6
-7
-8
-6
-5
-2
-1
0
2
1
0
0
0
-2
-3
-4
-3
-2
0
0
0
1
-1
-3
-4
-7
-9
-11
-14
-14
-16
-15
-13
-12
-10
-6
-4
-1
2
2
4
1
1
1
2
3
2
3
4
3
0
1
2
0
0
-1
0
1
2
3
4
4
5
6
7
7
7
8
8
7
4
5
3
1
0
-1
-1
-1
-3
-4
-4
-4
-6
-9
-9
-10
-9
-9
-8
-8
-6
-6
-5
-3
1
5
7
10
11
13
12
12
10
8
7
3
2
0
-2
-4
-7
-6
-4
-5
-3
-3
-1
-1
1
3
2
4
4
5
4
2
1
0
0
-2
1
0
2
4
4
3
3
1
-2
-3
-4
-6
-6
-6
-8
-8
-7
-7
-5
-6
-6
-5
-4
-5
-4
-3
-3
-2
-2
-2
-2
-2
0
-1
-1
1
1
2
4
3
4
8
11
13
16
15
15
16
13
13
11
11
8
4
2
0
-1
-2
-2
-2
-4
-2
-1
-1
0
-1
-2
-2
-2
-3
-2
-2
-4
-2
0
0
-1
-3
-3
-3
-5
-4
-5
-6
-6
-7
-7
-9
-12
-12
-12
-13
-13
-12
-9
-9
-7
-5
-4
-3
-2
0
1
3
3
3
5
5
7
8
9
9
10
10
9
8
8
6
5
5
4
3
5
4
5
8
7
8
7
6
4
6
4
5
4
5
5
4
4
1
-1
-1
-2
-4
-6
-8
-9
-10
-10
-9
-9
-6
-4
-2
0
0
-2
-3
-3
-5
-6
-5
-6
-5
-4
0
0
0
2
1
0
0
-2
-3
-5
-4
-4
-3
0
-1
0
1
1
-1
-3
-5
-6
-7
-6
-6
-4
-2
1
3
3
3
4
5
6
6
5
7
6
6
7
6
7
6
6
6
5
4
3
2
1
-1
-1
-2
-2
-3
-3
-3
-3
-3
-3
-3
-3
-1
1
1
1
3
3
3
1
2
1
-1
-2
-4
-6
-7
-7
-5
-4
-2
-1
1
2
2
3
5
5
6
5
6
5
4
1
-1
-2
-1
-3
-1
-2
-2
-1
-1
0
-2
-3
-3
-3
-5
-5
-6
-5
-6
-5
-5
-6
-5
-3
-3
-3
-2
0
2
3
6
6
6
6
5
4
3
1
0
0
-2
-4
-3
-4
-3
-2
-3
-2
-2
0
0
1
0
1
2
2
2
3
4
3
4
3
4
4
3
2
2
1
2
2
1
0
-2
-2
-4
-5
-4
-4
-2
-3
-2
-2
1
1
1
1
1
0
1
1
3
3
5
6
6
5
4
4
3
1
-2
-5
-7
-7
-7
-4
-3
-1
0
1
4
4
4
3
3
2
-1
-2
-3
-5
-6
-5
-2
-1
2
5
7
8
9
10
10
10
8
9
7
6
6
4
3
2
-1
-1
-3
-4
-3
-4
-5
-5
-6
-6
-6
-4
-4
-3
-3
-3
-3
-3
-3
-4
-5
-6
-4
-4
-5
-4
-3
-3
-5
-3
-3
-5
-5
-7
-8
-9
-7
-6
-6
-4
-2
-2
0
2
2
2
3
3
3
2
1
1
1
1
-1
-3
-3
-4
-3
0
0
1
1
2
2
2
1
0
1
2
2
4
4
5
7
8
7
7
7
6
4
1
1
1
1
2
3
2
3
3
4
4
3
0
0
0
1
1
3
3
4
4
4
3
3
2
2
3
2
3
1
0
-1
-2
-4
-4
-3
-3
-2
0
-1
-2
-2
-1
1
1
0
-1
-1
-2
-1
-1
-1
0
-1
-1
-1
-2
-3
-3
-5
-6
-5
-6
-6
-7
-8
-8
-8
-7
-6
-5
-3
-1
1
2
3
4
5
5
5
4
6
6
7
9
9
11
10
10
8
6
3
2
-2
-1
-4
-5
-6
-4
-3
-2
1
2
3
2
2
0
-1
-2
-5
-4
-6
-4
-3
-2
-1
0
1
2
2
2
2
0
-2
-3
-4
-6
-8
-8
-8
-7
-6
-5
-4
-4
-3
-2
-2
-1
1
1
1
0
1
0
-3
-6
-7
-10
-10
-8
-8
-5
-1
2
5
7
9
9
8
8
8
7
5
5
4
5
5
6
6
7
7
5
5
5
