-2
-17
-29
-36
-36
-31
-19
-5
8
17
21
20
16
12
3
-3
-5
-4
6
13
14
9
-3
-20
-40
-54
-58
-49
-27
3
33
58
70
67
47
16
-17
-46
-53
-45
-25
1
30
53
65
60
43
19
-4
-23
-35
-37
-30
-14
2
17
21
17
11
-2
-15
-21
-23
-23
-17
-7
1
6
7
4
-4
-11
-16
-15
-7
6
18
28
34
31
17
-1
-20
-39
-46
-42
-30
-8
18
41
56
58
45
18
-13
-42
-59
-62
-46
-11
26
64
85
88
67
33
-9
-47
-71
-75
-56
-22
20
53
72
74
52
20
-15
-44
-58
-53
-36
-12
16
35
42
36
18
-7
-28
-40
-43
-34
-21
-5
4
4
-1
-14
-30
-44
-52
-46
-29
-7
15
31
38
36
20
-1
-21
-32
-34
-25
-9
8
29
41
43
34
19
4
-8
-15
-20
-22
-19
-12
-8
0
9
20
31
40
40
31
19
4
-12
-22
-24
-19
-5
14
31
38
35
25
9
-7
-17
-19
-15
-9
-5
-5
-5
-16
-29
-41
-44
-33
-13
14
41
58
61
46
16
-18
-50
-70
-71
-51
-20
16
55
77
79
61
33
-1
-36
-57
-62
-52
-33
-8
15
35
43
41
30
14
-3
-18
-25
-28
-23
-20
-11
-2
8
15
21
26
29
32
31
29
21
10
-2
-15
-29
-42
-45
-42
-35
-26
-11
8
24
33
35
27
11
-9
-29
-43
-47
-38
-22
2
20
31
38
33
17
-4
-22
-36
-40
-36
-22
-7
9
24
32
35
32
24
16
7
-1
-10
-16
-21
-26
-24
-19
-11
2
18
32
44
50
49
38
21
0
-19
-33
-38
-40
-31
-15
1
15
25
27
23
17
9
3
-4
-8
-8
-9
-11
-11
-10
-8
0
6
15
23
29
27
23
8
-11
-30
-45
-50
-46
-31
-9
12
24
29
27
15
-3
-21
-36
-38
-33
-22
-7
7
20
28
30
28
24
20
15
11
8
4
-2
-12
-21
-24
-30
-25
-15
-5
4
10
13
10
4
-5
-13
-18
-17
-10
-1
8
15
18
18
12
5
5
5
1
-3
-10
-19
-28
-37
-42
-40
-29
-12
12
33
45
47
34
15
-8
-33
-45
-45
-33
-14
7
28
42
47
42
29
13
-3
-10
-10
-5
3
12
16
15
9
3
-7
-14
-15
-12
-6
1
6
12
11
8
3
-1
-2
-1
4
12
22
29
34
31
25
12
-1
-18
-33
-41
-42
-34
-19
-1
17
30
40
40
30
14
-4
-22
-35
-36
-28
-14
1
12
18
15
6
-4
-11
-15
-13
-6
3
12
13
10
1
-12
-24
-29
-29
-20
-9
1
9
8
1
-8
-16
-20
-17
-6
6
19
26
26
17
1
-19
-31
-40
-39
-31
-16
0
15
28
37
45
48
43
36
22
8
-10
-28
-42
-49
-50
-39
-19
0
19
31
33
27
18
3
-8
-15
-18
-12
-3
10
18
22
17
8
-7
-16
-22
-27
-23
-18
-10
0
9
15
21
27
31
34
36
35
32
24
13
-3
-22
-31
-38
-42
-40
-30
-17
-1
17
31
35
32
22
9
-6
-19
-29
-33
-31
-21
-7
13
30
40
41
33
19
5
-6
-16
-22
-22
-12
-3
8
12
9
5
-1
-11
-20
-27
-28
-28
-24
-14
-3
5
12
15
18
20
20
18
15
13
7
0
-8
-18
-27
-31
-33
-28
-19
-1
16
33
42
42
34
17
-4
-25
-43
-53
-51
-41
-23
-6
10
26
34
36
34
29
20
15
10
9
6
6
7
9
8
5
-1
-10
-19
-33
-43
-46
-43
-37
-22
-2
22
40
53
58
54
42
26
8
-4
-13
-21
-28
-28
-28
-29
-25
-18
-7
5
20
32
41
41
31
12
-9
-31
-49
-61
-60
-48
-31
-11
7
19
26
25
21
16
13
13
15
20
28
31
28
21
8
-7
-21
-31
-39
-43
-43
-39
-29
-18
-2
17
34
47
55
55
48
32
17
2
-15
-28
-35
-37
-34
-28
-23
-17
-7
3
12
24
34
39
39
32
16
-3
-24
-42
-56
-61
-57
-43
-25
-5
9
17
23
24
20
15
15
16
26
35
42
45
39
24
1
-24
-47
-62
-70
-65
-51
-31
-8
16
35
45
51
50
46
37
26
18
10
4
-4
-10
-16
-23
-29
-35
-36
-33
-26
-14
1
19
33
44
45
41
29
10
-5
-18
-30
-35
-32
-25
-16
-8
-5
-6
-3
1
4
10
18
26
30
32
26
13
-3
-21
-38
-48
-48
-43
-33
-18
-4
9
17
23
22
18
12
6
2
1
2
4
9
12
12
7
-2
-16
-30
-40
-40
-31
-8
18
43
62
68
61
39
10
-22
-50
-66
-71
-62
-44
-20
1
18
29
34
34
34
34
36
38
38
33
23
6
-12
-26
-33
-35
-31
-22
-12
-3
1
1
-1
-6
-6
-3
-1
5
12
17
22
24
22
15
8
-1
-10
-19
-24
-26
-22
-13
-4
9
21
32
37
31
22
6
-14
-30
-41
-44
-40
-28
-13
2
13
21
23
22
16
10
11
12
13
9
4
-4
-18
-31
-40
-46
-44
-36
-26
-14
0
11
17
20
17
13
10
9
9
8
7
7
9
8
5
2
-4
-10
-13
-16
-15
-6
3
17
27
31
34
32
23
10
-4
-15
-26
-31
-30
-22
-14
-6
1
6
10
12
11
14
15
19
21
20
15
7
-2
-15
-27
-33
-34
-31
-23
-14
-7
-2
2
5
7
9
9
10
16
16
14
9
4
-1
-6
-6
-8
-8
-9
-8
-7
-8
-5
-1
7
17
27
33
36
35
26
14
0
-16
-26
-30
-28
-22
-14
-6
2
3
2
-1
-3
0
3
6
13
16
13
6
-3
-14
-21
-24
-21
-15
-8
-3
2
5
1
-3
-8
-8
-7
-4
4
12
17
19
20
18
11
5
-1
-6
-9
-13
-18
-21
-16
-11
-4
6
17
24
29
30
23
15
5
-6
-15
-21
-22
-20
-14
-4
5
9
12
11
8
4
-2
-8
-7
-11
-14
-13
-11
-11
-9
-4
2
5
9
10
8
4
-1
-6
-11
-11
-10
-5
4
13
17
20
21
18
14
8
-2
-13
-24
-29
-31
-26
-16
-3
13
26
32
32
28
19
8
-4
-10
-13
-11
-3
7
15
17
16
10
3
-4
-10
-12
-10
-10
-10
-10
-12
-11
-9
-3
4
11
18
19
18
11
3
-8
-18
-25
-27
-26
-20
-12
-2
10
17
21
23
17
7
-4
-14
-24
-32
-34
-28
-18
-3
11
22
26
26
20
12
6
2
2
2
5
8
9
7
1
-6
-11
-13
-11
-5
0
7
10
9
5
1
1
6
13
23
31
31
26
16
0
-16
-29
-39
-43
-38
-28
-13
3
18
27
29
29
24
17
11
2
-6
-16
-22
-28
-32
-33
-31
-25
-16
-8
0
7
11
10
6
5
2
-1
-3
-1
2
8
15
21
21
17
7
-4
-14
-22
-25
-24
-16
-7
1
14
22
27
28
23
14
3
-9
-18
-22
-23
-18
-12
-5
0
6
9
12
13
13
16
16
13
6
-2
-13
-22
-27
-25
-19
-12
-5
3
7
9
7
2
-4
-7
-8
-5
-1
4
9
13
13
13
10
6
1
-6
-8
-10
-10
-8
-3
4
10
19
27
33
36
33
28
17
5
-8
-20
-28
-28
-25
-19
-11
-3
2
4
4
4
1
3
8
13
15
16
14
8
-3
-13
-19
-23
-23
-18
-10
-6
-3
-2
-5
-7
-12
-15
-12
-4
4
16
22
24
19
8
-4
-17
-24
-26
-24
-16
-6
5
13
19
20
18
15
8
0
-9
-12
-14
-13
-12
-9
-4
-1
3
6
10
11
8
8
7
2
0
-4
-7
-8
-6
-5
-2
3
6
10
11
11
7
3
0
-3
-2
-1
3
7
10
13
10
6
-2
-9
-16
-17
-18
-16
-11
-7
-1
4
6
9
10
10
11
10
6
3
-1
-6
-11
-13
-12
-10
-5
0
7
12
15
15
15
12
8
3
-2
-7
-10
-8
-4
-1
0
-1
-3
-5
-7
-9
-10
-8
-6
-3
1
5
7
8
7
4
1
-1
-1
-1
-1
-1
-3
-5
-4
-2
1
1
5
8
9
8
4
1
-3
-7
-10
-9
-6
-5
-3
-2
0
1
1
2
3
5
6
7
7
5
1
-2
-5
-9
-14
-15
-13
-9
-3
1
1
2
-1
-2
-2
2
7
12
16
18
14
8
2
-6
-13
-13
-14
-12
-8
-5
-3
-1
3
4
7
12
15
19
21
20
17
11
4
-4
-11
-14
-17
-18
-16
-11
-8
-6
-1
2
6
8
8
6
9
7
7
6
6
3
-3
-3
-4
-5
-8
-8
-7
-6
-6
-6
-6
-5
-4
-2
0
-1
1
-1
1
1
0
-1
0
1
-2
-1
-2
-1
0
1
1
3
7
6
5
1
-3
-8
-9
-11
-10
-5
1
7
11
10
9
8
7
5
4
3
2
3
2
-1
-5
-7
-8
-8
-9
-9
-7
-3
1
3
2
3
1
0
-1
-1
-1
2
5
8
10
9
5
2
-3
-2
-2
-2
2
3
4
7
4
2
0
-2
-4
-5
-4
-2
0
3
4
5
2
4
2
1
-2
-2
-2
-3
-2
-1
3
7
9
11
12
12
10
5
2
-4
-9
-9
-9
-8
-5
-2
0
1
3
4
3
-1
-5
-8
-12
-15
-17
-15
-10
-7
-3
0
2
4
4
5
4
3
1
-3
-5
-8
-9
-9
-10
-8
-5
-3
1
3
2
2
0
-3
-5
-4
-3
0
2
6
8
7
7
5
3
1
-1
-2
0
1
4
5
9
10
11
10
10
8
5
4
3
1
1
-2
-4
-5
-7
-7
-6
-5
-3
1
3
6
5
6
4
2
2
-1
-2
-4
-5
-5
-4
-1
0
3
3
3
1
-1
-3
-4
-7
-7
-9
-9
-8
-7
-4
0
3
7
9
10
11
10
7
5
2
2
4
5
6
5
6
6
5
5
4
2
0
-1
1
1
1
1
1
-2
-3
-2
-2
-2
-2
-3
-4
-5
-7
-10
-10
-10
-8
-5
-2
3
5
5
5
1
-5
-9
-11
-15
-15
-15
-10
-6
-1
1
3
3
0
-1
-4
-5
-4
-1
2
6
8
11
11
7
3
0
-5
-6
-7
-5
-2
-1
2
5
7
7
7
9
7
5
3
3
3
3
3
3
4
1
-1
-4
-6
-7
-5
-3
0
3
4
5
4
1
-1
-3
-4
-2
0
5
9
12
13
13
12
9
4
0
-2
-6
-7
-6
-5
-4
-5
-2
0
1
-1
1
2
0
-1
-3
-2
-4
-5
-7
-6
-4
-1
3
6
6
6
6
5
1
-3
-6
-10
-13
-13
-11
-7
-1
3
8
9
8
4
-1
-7
-14
-15
-15
-10
-4
1
5
7
11
9
7
3
0
-5
-7
-6
-3
1
5
9
11
11
11
11
8
3
-1
-4
-6
-8
-8
-7
-6
-4
-3
-3
-2
-3
-1
1
2
2
3
3
2
5
5
5
3
3
2
3
3
1
2
0
-3
-5
-6
-8
-10
-11
-11
-10
-9
-4
0
4
7
8
10
10
9
8
7
7
6
7
7
8
6
2
0
-2
-6
-6
-6
-3
-1
1
3
5
4
1
0
-3
-3
-4
-4
-1
2
2
4
3
1
-3
-5
-8
-9
-7
-4
-2
2
5
4
3
0
-4
-7
-8
-9
-7
-5
-1
4
4
4
1
-2
-4
-7
-5
-5
-2
2
6
6
6
5
5
2
-1
-3
-5
-5
-5
-3
-3
0
1
3
6
7
7
6
3
1
1
2
2
2
0
0
0
-3
-5
-6
-5
-2
1
5
8
11
10
7
3
0
-5
-8
-9
-8
-7
-4
-2
0
0
0
-3
-4
-4
-3
0
3
6
10
10
9
8
6
4
0
-3
-1
1
1
1
3
4
3
4
4
3
2
1
0
-3
-3
-4
-3
-2
-1
-2
-2
-3
-5
-5
-4
-3
-2
0
3
4
5
4
2
-3
-9
-10
-11
-9
-7
-3
1
4
3
2
0
-2
-2
-3
-3
-1
3
6
5
7
7
5
2
-1
-5
-7
-5
-4
-2
2
5
4
4
2
0
-3
-3
-3
-3
-3
-1
0
1
3
4
4
4
5
5
4
3
1
-1
-1
-2
-3
-3
-5
-5
-3
-2
0
1
3
4
2
1
0
-4
-7
-9
-11
-9
-6
-2
4
6
8
7
3
0
-5
-7
-8
-7
-4
1
6
10
11
10
6
2
0
-1
-1
1
0
4
6
7
9
9
7
7
4
2
3
1
0
0
-2
-3
-2
-4
-4
-5
-7
-8
-7
-6
-2
0
3
3
2
3
1
-1
-4
-5
-6
-5
-1
1
3
4
3
2
-2
-5
-7
-7
-5
-5
-5
-1
-3
-5
-3
-3
-4
-2
-1
1
2
3
2
1
-1
-1
-1
0
-1
0
0
2
2
3
2
1
1
0
2
2
5
6
7
6
5
3
0
1
-1
-2
-2
0
-1
-1
1
3
3
2
2
0
-2
-4
-3
-1
1
0
1
1
1
2
1
2
4
4
3
1
2
1
-2
-2
-1
-1
-1
0
2
2
4
4
3
-1
-1
0
-3
-2
-2
-1
0
0
0
0
-1
-3
-1
-2
-3
-1
-4
-3
-4
-5
-6
-3
-2
-1
1
2
1
1
-2
-2
-4
-5
-3
1
2
5
6
3
3
0
-6
-6
-4
-4
-1
0
2
2
1
-1
0
0
-1
-1
2
2
2
3
3
3
-1
0
-1
-1
1
1
2
2
-1
-1
-4
-4
-2
-1
1
3
5
5
7
6
5
6
5
5
6
6
5
3
3
1
0
-1
-1
-4
-6
-7
-7
-5
-5
-3
-2
0
-1
-2
0
0
0
-1
-1
0
2
3
2
3
3
3
3
1
0
-3
-3
-4
-3
-2
-1
-1
0
-1
1
0
-3
-4
-5
-6
-6
-6
-9
-7
-7
-5
-4
-2
-1
0
0
0
0
0
-1
1
3
2
6
7
6
8
7
5
5
2
0
0
1
1
1
4
2
3
2
1
5
4
3
3
1
-2
2
-4
-6
-4
-5
-2
1
-1
-1
-1
-3
-1
-3
-3
-1
0
-2
3
2
1
5
2
2
6
5
7
10
7
7
1
2
1
-2
0
-2
-3
0
-2
-2
-3
-7
-4
-8
-3
-4
-3
1
2
2
2
2
0
0
0
2
-1
1
-2
-2
-1
-3
-3
-1
-2
0
4
1
6
2
4
2
2
4
0
1
0
-2
-2
-4
-6
-8
-9
-5
-7
-1
-1
2
0
3
-2
0
1
-2
0
0
-1
0
-2
-1
-2
-6
-1
-6
-4
-2
-4
-2
1
-3
3
-2
-2
-4
-2
-1
-1
5
1
7
6
9
6
8
7
3
10
3
4
1
-3
-2
-2
-4
-1
0
1
0
3
1
4
4
6
7
3
8
4
10
8
5
10
2
1
1
-6
-2
-9
-7
-10
-7
-4
-9
-3
-4
-10
-6
-8
-5
-1
-3
0
0
2
-2
5
-2
1
-1
-4
4
-4
4
-3
1
1
-1
1
0
0
-1
0
4
-2
4
5
-2
4
0
-5
2
-4
-3
2
-3
4
0
-2
0
1
-2
4
-1
2
3
1
2
2
2
-2
4
-6
2
-3
-4
2
-6
3
1
-1
5
2
1
5
-2
1
-3
-4
-2
-7
-2
1
0
5
1
1
1
-3
0
-1
-2
0
-2
-1
2
0
1
1
-1
-2
-1
-1
1
2
5
4
4
6
9
6
11
7
5
5
-3
-3
-4
-8
-6
-7
-3
-4
0
0
-1
3
2
1
4
1
0
0
-6
-4
-9
-9
-8
-8
-3
1
-2
8
4
2
8
1
4
4
4
5
5
5
3
4
2
3
1
2
2
0
3
0
2
-2
-2
-2
-5
0
1
2
8
3
7
7
1
0
-5
-8
-8
-9
-8
-7
-5
-5
-3
-3
-3
-2
-3
0
-2
-1
-3
-2
-8
-4
0
-4
4
3
1
2
1
-5
-1
-3
-10
-5
-4
-13
-3
-6
-7
-2
-1
-5
0
5
-5
4
2
0
5
4
3
0
3
-1
0
4
4
5
9
8
5
8
5
1
7
5
4
8
4
5
4
4
1
1
4
-1
1
1
-7
0
-6
-6
-1
-8
1
0
-1
-1
0
-1
1
4
-3
4
6
1
6
7
-3
8
2
-1
2
0
-1
1
-4
-3
-4
-7
-7
-4
-10
-6
0
-1
2
2
-2
-3
1
0
-8
6
-5
-2
1
-7
0
-1
-4
5
-7
5
1
-2
11
-3
5
4
2
0
6
-1
5
1
0
3
-2
-2
2
-4
-3
1
-4
4
0
3
0
-2
-1
-3
0
5
-5
14
-1
1
10
-6
3
2
-3
-3
3
-7
2
-2
-3
5
-5
4
1
-3
6
1
3
7
-2
8
-5
5
1
-6
7
-1
-6
6
-6
-9
4
-15
-7
-3
-18
-4
-10
-7
-4
-5
-1
-1
0
7
0
1
6
-9
7
0
-1
6
0
4
8
2
6
2
2
4
1
4
2
2
2
3
5
1
3
2
0
4
0
0
-6
-2
-12
-2
-8
-7
3
-11
5
2
-4
7
0
-2
6
-2
3
4
3
2
8
6
-5
7
-9
-9
-1
-15
-9
-3
-17
4
-10
2
3
-7
14
0
-2
18
-13
7
5
-12
19
-15
9
4
-12
13
-4
-10
13
-13
1
-1
-1
-6
2
2
-3
6
4
5
7
1
6
7
0
19
1
14
12
2
10
5
-10
7
-18
-8
-3
-27
9
-15
2
5
-7
10
-2
-6
3
-1
-10
13
-7
2
6
-7
10
0
-3
11
-5
3
4
1
-6
17
-14
8
12
-11
18
2
-2
10
-1
-8
10
-17
8
-14
-2
-4
-5
-6
-5
-7
-8
3
2
3
4
16
-8
4
6
-30
11
-17
-16
7
-15
2
6
1
1
16
-8
6
-3
3
-11
2
-12
-6
-4
-4
8
-9
26
-13
15
14
-14
15
-1
-6
7
0
4
8
-7
17
-11
2
7
-22
6
-14
-8
1
-16
8
1
-9
12
2
-18
31
-22
6
20
-23
19
-6
-8
-6
2
-2
-13
19
-4
-1
22
-8
9
-12
2
-12
0
4
-16
23
-9
-1
17
-12
9
0
6
1
10
3
2
0
2
2
-2
6
8
-4
5
13
-17
12
-4
-17
15
-5
-12
29
-15
3
27
-30
27
-3
-17
16
-9
-11
7
-16
3
-21
5
-7
-12
22
-23
12
5
-14
15
-16
1
2
-16
12
-12
9
2
-7
11
-9
-11
10
-21
5
-3
-9
10
-3
9
-2
12
-4
1
2
-2
2
4
-3
14
-4
-3
18
-27
13
-3
-18
19
-14
11
7
-9
32
-22
22
4
-12
21
-19
17
-11
-4
-7
1
-22
11
1
-7
18
-7
12
7
-15
20
-12
-15
19
-26
3
-2
-11
7
-16
7
-15
8
-12
5
15
-5
12
16
-1
-5
15
-12
18
-10
10
11
-7
19
2
-7
7
-17
10
-20
-2
16
-35
39
-29
6
22
-36
30
-9
-27
24
-19
-12
12
-14
6
-8
8
4
-14
23
-17
17
0
-7
11
-11
-8
5
-13
9
-5
-7
19
-12
7
9
0
8
-4
10
-7
4
9
-13
15
-12
6
-2
2
0
0
-3
-5
3
-7
1
3
-5
5
3
4
-5
11
-7
-3
3
5
-13
8
-3
-11
9
-2
-6
-4
-1
-4
-4
6
3
3
-2
10
-9
-7
7
-29
0
-3
-22
8
-4
-11
9
1
-2
9
-6
3
-9
2
2
-15
14
-1
-4
24
0
12
14
-3
23
-4
13
-3
2
2
-12
-2
1
-6
-4
-3
-2
-13
6
-24
4
-8
-10
21
-13
17
7
-12
21
-9
0
7
-1
-1
8
-2
0
5
3
-3
0
4
-11
2
-7
-9
5
-5
-9
18
-12
10
6
-10
7
-7
-3
-4
3
10
-14
17
11
0
0
1
12
-15
19
-1
-3
18
-10
14
2
-3
8
-2
-6
0
3
-14
7
4
-13
11
-2
-9
12
-20
10
4
-6
0
8
5
-23
18
-14
-13
14
-20
-1
14
-10
9
5
-7
1
-7
-10
-2
-5
-4
6
7
-4
5
-1
2
-1
-5
18
-10
3
11
-3
3
6
-2
0
3
-3
2
-4
-5
-10
2
-8
-10
-1
-1
-11
6
9
-6
10
1
-4
3
-4
0
-3
-3
7
4
6
8
2
1
-1
-11
9
-14
-9
12
-24
2
1
-18
4
-5
3
3
8
3
4
7
-4
6
-7
2
3
-6
16
6
14
18
0
13
2
-5
1
-11
2
-4
-2
7
1
1
7
-3
2
5
-6
0
12
-13
11
-3
-3
-4
2
1
-5
8
-15
-3
-7
-9
-4
5
-2
2
1
-1
-8
-10
-8
-16
0
-3
6
0
-1
1
-10
5
-10
6
-3
-4
16
3
-6
1
2
-2
1
5
4
3
6
8
2
4
-12
-8
0
-7
7
2
6
-5
11
-5
0
11
-6
7
1
-3
19
-10
12
5
-13
8
0
6
-2
8
-3
-1
2
-13
-5
-18
-1
-8
-3
8
-8
3
-2
-2
-4
0
2
2
5
-1
6
-4
5
7
6
9
1
10
-2
-3
3
-13
1
-3
-9
7
-4
3
-1
7
9
3
5
-2
-2
-12
-11
-11
-12
-3
-2
12
12
9
6
4
2
1
2
-3
4
-2
-6
-4
-5
-6
-4
-3
-3
3
-1
1
4
-1
-4
2
-9
-3
3
-13
1
-1
-8
6
-2
1
1
-3
1
1
7
-2
7
1
-6
6
-7
2
1
1
6
5
3
-1
1
-4
-4
0
-1
3
10
4
8
3
3
3
-2
4
3
4
2
2
7
-2
-3
-5
-7
0
-8
0
-4
-2
-3
-9
-2
-7
-3
-1
1
6
3
4
8
6
3
6
8
0
2
4
2
1
1
-2
-5
6
0
4
2
2
1
-5
2
0
-4
-1
-1
-4
0
2
-1
3
8
2
4
3
0
-4
-1
-4
-6
-3
-3
-3
-1
1
-3
-1
-5
-8
-2
-8
-4
-5
-7
3
-2
-6
0
-2
1
4
2
4
-1
-1
-1
-1
-2
-2
0
-2
-1
2
2
6
6
5
4
-2
-3
-4
-5
-6
-2
-2
-6
3
3
2
9
6
7
2
2
3
2
-2
-2
-1
-6
5
6
7
14
8
8
5
-4
-5
-9
-3
-3
-4
-1
-2
-2
-5
-5
-5
-6
-4
0
1
1
0
3
3
1
8
6
3
12
10
5
6
1
-4
-4
0
0
-1
1
0
-2
-2
1
1
3
3
1
4
3
-1
-6
-6
-7
-6
-4
0
5
3
7
1
4
1
-6
-7
-11
-6
-7
-8
-6
-6
-8
2
0
0
3
-3
-3
-8
-8
-9
-9
-5
-5
-1
0
0
3
5
8
7
7
6
1
3
2
0
1
4
1
4
5
5
4
4
5
3
3
2
4
-1
-5
-2
-2
0
0
5
6
4
4
4
4
1
3
5
7
6
6
5
0
-3
-7
-7
-8
-9
-6
-4
-3
-5
-5
-4
-5
-4
-2
1
3
2
2
0
0
-2
-2
1
3
3
7
6
4
0
-4
-4
-5
-3
-2
1
1
-3
-5
-5
-7
-10
-8
-4
2
4
3
1
0
-3
-3
-2
-3
-1
1
0
3
0
0
-2
-1
-2
-3
-3
-6
-5
-7
-6
-7
-6
-3
-1
-1
-2
-4
-4
-4
-7
-5
-6
-4
-4
-2
-2
-4
-3
-3
0
0
2
2
2
-1
1
0
-2
-4
-2
1
-1
4
5
1
6
7
6
6
6
8
9
13
16
16
22
26
32
36
32
32
29
28
27
21
20
23
22
24
27
23
25
27
28
31
29
31
32
32
33
35
38
40
40
43
48
46
44
43
39
35
29
15
9
-6
-18
-32
-44
-54
-67
-74
-86
-95
-107
-121
-127
-132
-148
-171
-188
-213
-236
-263
-289
-315
-345
-370
-387
-393
-393
-379
-352
-311
-266
-208
-135
-65
3
70
133
195
246
293
332
360
383
401
422
450
477
508
534
552
559
552
533
503
453
396
323
237
149
52
-43
-132
-208
-266
-307
-322
-317
-301
-271
-242
-204
-158
-96
-29
44
118
192
265
348
432
510
588
655
710
750
773
779
772
740
693
630
554
482
398
318
234
148
65
-8
-75
-132
-192
-252
-311
-372
-437
-504
-573
-650
-728
-815
-901
-976
-1061
-1152
-1237
-1333
-1434
-1542
-1655
-1767
-1899
-2035
-2172
-2288
-2382
-2447
-2477
-2460
-2377
-2241
-2039
-1779
-1460
-1092
-680
-245
199
645
1074
1479
1834
2134
2380
2573
2718
2818
2880
2908
2910
2873
2796
2701
2577
2417
2224
1995
1741
1462
1160
846
529
226
-56
-304
-518
-681
-788
-828
-803
-720
-580
-384
-140
130
418
694
944
1163
1335
1443
1487
1466
1395
1284
1140
971
791
602
416
216
-18
-264
-520
-806
-1127
-1481
-1837
-2185
-2520
-2794
-2965
-3004
-2905
-2670
-2293
-1768
-1141
-466
219
873
1449
1916
2248
2428
2464
2368
2169
1913
1637
1385
1194
1079
1023
1017
1054
1115
1154
1140
1050
873
598
210
-254
-772
-1323
-1894
-2460
-2998
-3505
-3964
-4368
-4707
-5014
-5306
-5575
-5802
-5960
-6062
-6098
-6045
-5861
-5530
-5039
-4391
-3572
-2589
-1489
-307
906
2120
3297
4374
5302
6046
6606
6992
7205
7252
7149
6934
6642
6291
5880
5437
4975
4482
3941
3340
2684
1971
1193
368
-493
-1351
-2178
-2928
-3556
-4016
-4271
-4299
-4086
-3642
-2990
-2180
-1257
-277
687
1572
2324
2927
3344
3564
3594
3457
3199
2851
2449
2030
1615
1211
820
438
35
-415
-926
-1485
-2098
-2742
-3381
-3970
-4460
-4812
-4960
-4853
-4493
-3904
-3107
-2147
-1079
4
1030
1938
2663
3166
3420
3448
3284
2978
2569
2118
1680
1316
1050
876
799
787
816
833
807
721
552
285
-87
-543
-1068
-1628
-2209
-2785
-3355
-3915
-4444
-4925
-5342
-5729
-6092
-6422
-6680
-6845
-6910
-6871
-6702
-6355
-5830
-5117
-4233
-3162
-1933
-589
806
2184
3540
4832
6001
6972
7719
8239
8545
8619
8474
8155
7712
7183
6559
5873
5167
4476
3778
3055
2297
1507
683
-186
-1072
-1982
-2868
-3713
-4466
-5079
-5528
-5751
-5722
-5415
-4866
-4097
-3120
-1954
-660
672
1958
3148
4204
5054
5664
6010
6136
6037
5720
5209
4554
3805
2982
2113
1197
254
-726
-1721
-2723
-3696
-4589
-5397
-6070
-6576
-6838
-6789
-6411
-5721
-4757
-3551
-2145
-622
879
2269
3472
4400
4979
5203
5086
4702
4107
3358
2540
1746
1083
592
310
214
265
420
614
806
935
938
777
473
11
-579
-1271
-2012
-2753
-3498
-4247
-4998
-5696
-6302
-6832
-7349
-7834
-8237
-8482
-8579
-8535
-8301
-7820
-7080
-6128
-4968
-3603
-2025
-323
1400
3043
4603
6058
7342
8366
9082
9532
9725
9662
9347
8846
8215
7499
6694
5829
4961
4127
3335
2559
1778
983
183
-609
-1382
-2155
-2924
-3652
-4297
-4827
-5206
-5384
-5314
-4994
-4441
-3674
-2718
-1587
-330
956
2186
3293
4266
5074
5653
5983
6088
5992
5697
5206
4556
3827
3039
2188
1267
287
-726
-1769
-2826
-3861
-4825
-5684
-6385
-6902
-7170
-7118
-6723
-6016
-5047
-3854
-2467
-952
551
1950
3150
4097
4710
4950
4873
4533
3970
3228
2403
1608
945
443
143
45
87
244
461
715
936
1031
977
777
430
-72
-693
-1368
-2082
-2866
-3718
-4591
-5404
-6115
-6797
-7462
-8079
-8571
-8851
-8948
-8859
-8547
-7959
-7084
-5964
-4662
-3122
-1364
491
2318
4012
5616
7098
8362
9292
9857
10131
10138
9871
9364
8687
7908
7082
6174
5224
4298
3435
2636
1822
975
122
-710
-1514
-2303
-3117
-3900
-4612
-5211
-5662
-5952
-5972
-5718
-5211
-4484
-3567
-2437
-1110
317
1724
3040
4233
5300
6166
6759
7072
7123
6940
6504
5825
4956
3992
2963
1819
557
-788
-2069
-3268
-4404
-5473
-6402
-7049
-7433
-7570
-7410
-6847
-5931
-4797
-3545
-2155
-656
827
2159
3205
3978
4456
4612
4489
4112
3536
2863
2161
1467
861
428
224
181
209
280
423
638
801
833
735
549
262
-133
-632
-1185
-1766
-2427
-3183
-4017
-4860
-5660
-6443
-7238
-8026
-8730
-9212
-9446
-9471
-9251
-8729
-7855
-6686
-5284
-3650
-1774
223
2199
4031
5728
7301
8639
9652
10276
10559
10554
10282
9760
9052
8216
7317
6382
5401
4454
3575
2791
2028
1208
353
-481
-1283
-2093
-2941
-3793
-4562
-5226
-5744
-6051
-6093
-5821
-5273
-4489
-3494
-2287
-887
628
2136
3506
4713
5756
6602
7155
7378
7327
7025
6473
5646
4630
3540
2399
1141
-247
-1667
-2969
-4120
-5188
-6155
-6941
-7417
-7591
-7500
-7093
-6347
-5288
-4045
-2712
-1307
176
1614
2850
3766
4355
4676
4712
4453
3904
3167
2353
1510
667
-52
-546
-811
-930
-978
-884
-638
-295
16
227
352
389
319
117
-189
-577
-1025
-1601
-2357
-3226
-4143
-5008
-5890
-6870
-7862
-8759
-9372
-9729
-9852
-9683
-9146
-8207
-6963
-5474
-3721
-1690
427
2505
4391
6099
7670
8996
9979
10505
10677
10597
10293
9731
8957
8090
7235
6356
5394
4445
3596
2908
2209
1388
507
-336
-1116
-1941
-2861
-3793
-4585
-5250
-5795
-6156
-6203
-5863
-5244
-4425
-3403
-2127
-613
1007
2527
3885
5101
6134
6913
7350
7465
7306
6867
6167
5209
4092
2897
1666
375
-1006
-2407
-3712
-4817
-5756
-6562
-7205
-7531
-7481
-7147
-6543
-5601
-4322
-2863
-1394
69
1550
2953
4084
4831
5206
5305
5063
4516
3724
2758
1769
782
-140
-932
-1472
-1732
-1785
-1770
-1664
-1394
-1000
-635
-439
-298
-204
-200
-380
-705
-1045
-1427
-1992
-2770
-3619
-4464
-5243
-6177
-7177
-8131
-8897
-9388
-9717
-9767
-9489
-8790
-7763
-6436
-4847
-2952
-852
1269
3323
5172
6917
8434
9668
10468
10822
10869
10668
10236
9507
8641
7710
6826
5886
4903
3993
3202
2541
1810
990
140
-627
-1333
-2135
-3068
-3952
-4647
-5166
-5587
-5851
-5766
-5285
-4545
-3671
-2598
-1224
344
1865
3225
4438
5557
6498
7095
7304
7211
6873
6252
5325
4159
2914
1607
184
-1300
-2771
-4027
-5088
-5990
-6687
-7144
-7240
-7001
-6464
-5645
-4607
-3395
-2043
-688
652
1883
2943
3797
4280
4435
4309
4002
3507
2771
1885
1015
246
-426
-995
-1413
-1623
-1722
-1758
-1702
-1523
-1257
-1017
-851
-733
-627
-485
-424
-485
-623
-828
-1108
-1610
-2326
-3110
-3899
-4848
-6029
-7288
-8357
-9099
-9704
-10079
-10098
-9594
-8599
-7288
-5636
-3661
-1385
952
3171
5180
7055
8695
9953
10737
10994
10941
10619
10067
9260
8291
7311
6405
5561
4739
4006
3379
2871
2314
1640
871
94
-678
-1584
-2648
-3763
-4758
-5533
-6134
-6563
-6666
-6343
-5626
-4652
-3481
-2036
-355
1378
2981
4408
5705
6799
7557
7877
7768
7321
6585
5543
4195
2635
1033
-517
-2048
-3489
-4707
-5580
-6129
-6452
-6505
-6204
-5557
-4705
-3785
-2773
-1647
-498
550
1448
2190
2804
3215
3415
3401
3239
2979
2614
2116
1513
925
355
-167
-704
-1230
-1680
-2049
-2377
-2651
-2783
-2739
-2620
-2476
-2215
-1816
-1322
-901
-589
-316
-134
-189
-571
-1257
-2082
-3012
-4262
-5698
-7220
-8488
-9432
-10222
-10688
-10686
-10021
-8819
-7252
-5358
-3053
-484
2077
4435
6499
8398
9931
10970
11408
11326
10966
10365
9532
8463
7332
6299
5458
4704
4022
3488
3086
2800
2394
1856
1210
500
-298
-1339
-2568
-3803
-4848
-5664
-6300
-6725
-6745
-6257
-5374
-4206
-2808
-1130
755
2580
4173
5560
6803
7774
8219
8121
7659
6892
5785
4354
2708
1039
-651
-2375
-3902
-5180
-6082
-6704
-7083
-7081
-6784
-6159
-5243
-4110
-2851
-1588
-384
813
1908
2793
3492
3922
4148
4082
3793
3441
2976
2373
1648
888
176
-491
-1117
-1630
-2131
-2642
-3104
-3409
-3545
-3576
-3566
-3454
-3193
-2837
-2365
-1914
-1481
-1106
-865
-873
-1189
-1737
-2407
-3278
-4496
-5918
-7339
-8421
-9248
-9863
-10093
-9814
-8898
-7520
-5771
-3661
-1207
1380
3882
6087
8017
9728
11020
11770
11848
11461
10808
9925
8832
7581
6330
5240
4350
3587
2989
2552
2310
2144
1825
1346
781
183
-555
-1594
-2839
-4034
-5055
-5894
-6560
-6916
-6762
-6144
-5171
-3901
-2313
-407
1616
3503
5126
6483
7585
8305
8454
8019
7164
6012
4567
2811
924
-842
-2436
-3892
-5161
-6016
-6383
-6391
-6193
-5751
-4994
-4044
-3058
-2129
-1228
-394
324
886
1329
1695
1979
2206
2356
2472
2575
2701
2771
2721
2531
2226
1831
1252
489
-394
-1330
-2331
-3313
-4177
-4772
-5129
-5298
-5139
-4697
-3993
-3195
-2386
-1521
-763
-291
-253
-598
-1184
-2004
-3250
-4834
-6536
-8062
-9276
-10293
-10886
-10915
-10245
-8957
-7187
-4972
-2360
499
3363
5997
8205
10120
11601
12547
12767
12336
11601
10603
9406
8000
6614
5433
4477
3641
2982
2583
2381
2273
2044
1673
1182
535
-297
-1397
-2681
-4008
-5240
-6262
-7040
-7444
-7388
-6825
-5819
-4447
-2767
-831
1258
3275
5095
6567
7687
8357
8519
8178
7355
6194
4694
2977
1205
-514
-2106
-3485
-4606
-5392
-5857
-6025
-5901
-5563
-5030
-4328
-3605
-2923
-2277
-1601
-886
-305
176
677
1256
1863
2347
2802
3314
3763
4049
4075
3936
3656
3128
2347
1320
154
-1087
-2365
-3588
-4612
-5386
-5896
-6117
-6029
-5559
-4845
-4037
-3166
-2305
-1537
-1086
-1051
-1318
-1813
-2646
-3896
-5447
-6996
-8282
-9376
-10227
-10660
-10481
-9589
-8168
-6302
-3984
-1303
1548
4290
6721
8851
10655
11979
12695
12689
12182
11382
10323
9066
7646
6297
5187
4280
3517
2934
2593
2420
2221
1865
1388
813
118
-786
-1981
-3334
-4673
-5816
-6719
-7365
-7632
-7384
-6598
-5402
-3873
-2035
113
2302
4279
5956
7361
8473
9068
9074
8535
7619
6363
4773
2981
1186
-427
-1916
-3244
-4331
-5027
-5361
-5469
-5408
-5214
-4854
-4393
-3885
-3367
-2887
-2402
-1912
-1430
-936
-364
342
1086
1774
2414
3102
3767
4267
4506
4512
4292
3754
2936
1893
707
-646
-2108
-3511
-4674
-5573
-6194
-6459
-6379
-5949
-5301
-4502
-3625
-2751
-2044
-1706
-1763
-2124
-2715
-3672
-5004
-6571
-8045
-9246
-10223
-10856
-10974
-10398
-9192
-7498
-5363
-2805
55
2978
5716
8106
10166
11803
12888
13304
13090
12471
11592
10463
9120
7716
6453
5409
4502
3740
3178
2803
2531
2170
1678
1042
253
-664
-1779
-3080
-4449
-5671
-6613
-7277
-7678
-7669
-7119
-6073
-4684
-3039
-1079
1084
3187
5033
6591
7898
8830
9199
9031
8418
7441
6138
4550
2801
978
-888
-2640
-4161
-5409
-6320
-6897
-7119
-7078
-6780
-6131
-5229
-4256
-3311
-2376
-1338
-345
456
1109
1673
2160
2490
2690
2922
3172
3337
3386
3341
3245
3049
2736
2302
1671
768
-261
-1299
-2296
-3314
-4343
-5156
-5699
-5925
-5953
-5779
-5372
-4825
-4303
-4042
-3996
-4073
-4250
-4789
-5778
-7014
-8135
-9011
-9802
-10377
-10514
-9958
-8832
-7275
-5286
-2846
-74
2722
5354
7720
9862
11663
12963
13597
13589
13153
12400
11387
10095
8679
7326
6121
5013
4030
3236
2619
2114
1546
881
126
-667
-1523
-2566
-3797
-5081
-6201
-7052
-7669
-8006
-7882
-7231
-6144
-4755
-3053
-1007
1207
3318
5163
6769
8133
9121
9529
9344
8685
7679
6370
4747
2967
1201
-406
-1867
-3196
-4241
-4903
-5197
-5312
-5322
-5141
-4731
-4221
-3801
-3503
-3196
-2820
-2500
-2247
-1968
-1554
-1024
-463
153
853
1611
2369
3028
3498
3757
3783
3570
3082
2271
1269
174
-962
-2077
-3084
-3839
-4304
-4506
-4430
-4029
-3460
-2823
-2207
-1651
-1231
-1235
-1671
-2386
-3272
-4445
-5974
-7666
-9168
-10341
-11254
-11821
-11846
-11136
-9763
-7928
-5682
-3044
-124
2821
5533
7890
9896
11516
12649
13174
13070
12557
11841
10938
9842
8613
7554
6771
6118
5490
4931
4534
4175
3626
2798
1775
611
-700
-2255
-4006
-5765
-7296
-8460
-9309
-9773
-9675
-8866
-7520
-5841
-3891
-1662
749
2989
4861
6409
7695
8575
8859
8550
7894
7004
5814
4332
2804
1474
320
-804
-1824
-2531
-2965
-3255
-3515
-3702
-3757
-3731
-3692
-3682
-3661
-3598
-3445
-3192
-2883
-2497
-1919
-1157
-371
388
1122
1887
2612
3151
3464
3577
3486
3176
2634
1868
959
-74
-1131
-2092
-2884
-3445
-3778
-3883
-3737
-3389
-2956
-2463
-1943
-1501
-1338
-1600
-2176
-2943
-3954
-5290
-6887
-8515
-9884
-10925
-11627
-11904
-11639
-10712
-9200
-7258
-4922
-2235
648
3463
5965
8132
9974
11391
12289
12598
12442
12003
11378
10596
9674
8735
7917
7250
6662
6125
5637
5242
4755
4010
2972
1707
333
-1218
-2958
-4775
-6463
-7867
-8903
-9590
-9798
-9390
-8421
-6994
-5253
-3214
-942
1339
3364
5028
6373
7434
8115
8274
8034
7564
6896
5981
4854
3717
2711
1675
472
-709
-1784
-2692
-3614
-4630
-5480
-6124
-6485
-6582
-6453
-6006
-5290
-4318
-3119
-1830
-495
898
2220
3279
3947
4309
4539
4507
4088
3388
2620
1906
1136
349
-332
-896
-1399
-1877
-2208
-2369
-2470
-2575
-2620
-2576
-2493
-2415
-2386
-2341
-2305
-2376
-2626
-3168
-3872
-4610
-5483
-6579
-7888
-9091
-9931
-10518
-10945
-11039
-10553
-9452
-7965
-6209
-4075
-1577
1064
3571
5822
7863
9704
11204
12195
12602
12568
12291
11810
11050
10025
8959
8069
7292
6462
5611
4886
4332
3695
2765
1644
571
-482
-1746
-3296
-4860
-6136
-7144
-7980
-8575
-8673
-8184
-7282
-6135
-4710
-2928
-895
1113
2869
4414
5840
7063
7858
8123
8014
7701
7165
6294
5173
4016
2904
1709
377
-878
-1879
-2713
-3539
-4312
-4850
-5124
-5244
-5313
-5216
-4931
-4522
-3974
-3376
-2685
-1895
-1066
-280
384
968
1540
2059
2366
2421
2354
2250
2020
1581
1008
459
-40
-549
-1053
-1483
-1751
-1885
-1969
-1987
-1904
-1674
-1302
-985
-818
-735
-713
-829
-1333
-2227
-3219
-4260
-5490
-7002
-8615
-9910
-10836
-11544
-11966
-11893
-11085
-9637
-7844
-5714
-3232
-490
2289
4796
6979
8903
10519
11689
12256
12296
12079
11717
11200
10478
9651
8940
8384
7848
7240
6587
5985
5348
4479
3319
1983
614
-816
-2462
-4227
-5849
-7138
-8046
-8685
-8983
-8774
-7971
-6745
-5288
-3624
-1729
289
2155
3713
4984
6053
6840
7184
7142
6874
6496
5970
5266
4511
3821
3129
2325
1414
525
-325
-1270
-2374
-3556
-4663
-5642
-6480
-7117
-7481
-7536
-7276
-6648
-5630
-4345
-2909
-1415
60
1422
2551
3403
3939
4115
3925
3444
2782
2013
1188
363
-376
-973
-1404
-1629
-1672
-1569
-1357
-1086
-778
-509
-327
-190
-177
-368
-732
-1191
-1701
-2405
-3397
-4492
-5514
-6552
-7740
-9023
-10090
-10754
-11176
-11399
-11250
-10529
-9234
-7608
-5727
-3536
-1095
1457
3897
6088
8049
9758
11156
12087
12472
12503
12343
12035
11449
10553
9633
8852
8119
7259
6254
5332
4540
3657
2536
1247
1
-1164
-2458
-3945
-5369
-6448
-7131
-7627
-7982
-7918
-7257
-6173
-4947
-3595
-1929
6
1823
3296
4527
5700
6681
7169
7227
7110
6919
6551
5887
5061
4238
3328
2267
1105
-65
-1174
-2292
-3438
-4510
-5479
-6276
-6802
-7047
-7032
-6806
-6295
-5454
-4419
-3324
-2258
-1182
-95
861
1572
2110
2545
2830
2846
2598
2291
2023
1712
1254
689
215
-143
-513
-915
-1291
-1525
-1637
-1729
-1751
-1673
-1496
-1243
-1051
-948
-902
-933
-1100
-1519
-2259
-3157
-4137
-5257
-6537
-7942
-9200
-10118
-10723
-10994
-10877
-10248
-8992
-7276
-5272
-3055
-663
1887
4335
6420
8128
9543
10680
11332
11396
11133
10829
10471
9882
9088
8411
7984
7594
7028
6337
5748
5174
4290
3031
1563
113
-1368
-3051
-4812
-6317
-7356
-7999
-8349
-8313
-7711
-6572
-5098
-3532
-1874
-22
1820
3372
4528
5406
6112
6553
6638
6456
6211
5965
5674
5287
4841
4373
3829
3128
2199
1023
-299
-1717
-3235
-4848
-6496
-7882
-8816
-9322
-9445
-9122
-8180
-6669
-4884
-3054
-1197
709
2468
3774
4566
5022
5232
5054
4440
3593
2807
2139
1455
798
334
118
7
-159
-326
-450
-604
-878
-1247
-1600
-1932
-2283
-2614
-2824
-2904
-2944
-2918
-2805
-2687
-2742
-3096
-3612
-4199
-4983
-6074
-7409
-8612
-9468
-10094
-10504
-10534
-9911
-8579
-6842
-4826
-2478
177
2915
5316
7259
8915
10256
11117
11328
11006
10514
9954
9251
8389
7548
6974
6606
6233
5831
5443
5079
4558
3696
2526
1172
-263
-1771
-3369
-4917
-6193
-7046
-7442
-7449
-7030
-6083
-4696
-3079
-1428
232
1897
3382
4525
5309
5790
6064
6150
6020
5767
5465
5207
4985
4710
4370
3917
3308
2464
1259
-250
-1887
-3540
-5162
-6758
-8143
-9034
-9354
-9121
-8455
-7304
-5682
-3814
-1906
-160
1448
2824
3705
4019
3948
3718
3352
2760
2046
1450
1089
872
684
588
641
666
487
107
-339
-820
-1443
-2202
-2906
-3393
-3674
-3827
-3783
-3411
-2826
-2239
-1689
-1164
-702
-586
-1015
-1810
-2774
-3934
-5410
-7122
-8607
-9578
-10183
-10494
-10343
-9422
-7733
-5715
-3618
-1350
1122
3523
5401
6713
7751
8596
9077
9029
8669
8392
8263
8137
7965
7892
8071
8352
8426
8220
7740
7046
6082
4684
2956
1101
-679
-2341
-3883
-5170
-6030
-6312
-6068
-5481
-4644
-3530
-2190
-842
288
1166
1930
2595
3062
3243
3263
3368
3603
3860
4061
4274
4599
4923
4960
4597
3907
2969
1729
58
-1924
-3927
-5720
-7262
-8566
-9446
-9657
-9178
-8222
-6946
-5319
-3369
-1419
213
1459
2419
3098
3350
3178
2795
2406
2073
1758
1522
1475
1606
1776
1844
1797
1668
1367
773
-101
-1083
-2025
-2929
-3756
-4349
-4538
-4331
-3875
-3203
-2266
-1179
-208
446
840
1053
918
226
-960
-2304
-3598
-4968
-6493
-7920
-8867
-9231
-9240
-8986
-8327
-7149
-5609
-4030
-2512
-941
671
2135
3239
4051
4809
5602
6316
6848
7296
7852
8524
9110
9471
9650
9711
9588
9128
8266
7146
5881
4520
3009
1352
-231
-1529
-2506
-3256
-3883
-4264
-4268
-4019
-3737
-3469
-3035
-2417
-1786
-1314
-884
-244
551
1280
1854
2456
3228
4026
4603
4935
5167
5280
5091
4492
3605
2615
1510
148
-1389
-2852
-4067
-5061
-5892
-6464
-6625
-6378
-5832
-5138
-4278
-3224
-2141
-1184
-418
277
909
1418
1764
1962
2136
2306
2415
2448
2414
2303
2092
1723
1201
580
-115
-864
-1619
-2303
-2807
-3086
-3188
-3105
-2853
-2418
-1823
-1219
-660
-159
244
524
544
334
66
-243
-678
-1377
-2248
-3025
-3737
-4609
-5734
-6898
-7733
-8264
-8719
-9092
-9118
-8561
-7576
-6453
-5145
-3467
-1441
588
2312
3809
5324
6794
7929
8572
8938
9359
9781
9925
9745
9514
9440
9337
8882
8120
7311
6545
5569
4177
2573
1088
-186
-1439
-2740
-3863
-4559
-4882
-5068
-5168
-4971
-4373
-3567
-2831
-2208
-1474
-585
255
881
1381
1991
2677
3214
3547
3825
4186
4474
4428
4123
3763
3369
2759
1784
633
-459
-1487
-2505
-3485
-4275
-4754
-4981
-5031
-4887
-4497
-3862
-3115
-2439
-1863
-1322
-803
-404
-232
-200
-135
-23
52
58
93
228
377
427
399
379
395
347
143
-153
-417
-566
-652
-723
-717
-577
-312
-11
225
435
645
795
758
487
151
-166
-617
-1346
-2300
-3241
-4012
-4879
-6022
-7211
-8136
-8695
-9130
-9518
-9530
-8967
-7927
-6708
-5390
-3743
-1789
186
1905
3355
4788
6210
7394
8210
8757
9313
9908
10331
10491
10484
10487
10434
10048
9260
8252
7183
5977
4455
2689
985
-459
-1705
-2888
-3938
-4641
-4943
-5048
-5155
-5204
-4992
-4521
-4049
-3711
-3333
-2690
-1831
-1011
-268
612
1690
2760
3584
4223
4834
5336
5524
5324
4899
4374
3683
2773
1695
551
-592
-1758
-2860
-3783
-4540
-5126
-5522
-5654
-5529
-5195
-4682
-4024
-3286
-2582
-1977
-1441
-936
-495
-159
81
294
524
770
1000
1206
1416
1640
1815
1853
1759
1599
1367
1022
592
216
-45
-247
-384
-361
-156
114
328
508
713
871
854
633
293
-89
-610
-1361
-2284
-3207
-4045
-4971
-6149
-7434
-8515
-9232
-9742
-10182
-10337
-9949
-9025
-7841
-6546
-4951
-2980
-904
910
2410
3880
5431
6808
7782
8448
9130
9920
10578
10916
11048
11154
11210
10945
10189
9128
7996
6765
5192
3292
1421
-134
-1449
-2761
-4017
-4913
-5350
-5594
-5890
-6127
-6028
-5601
-5135
-4769
-4284
-3418
-2250
-1079
14
1219
2641
4033
5078
5764
6296
6720
6841
6551
6002
5415
4836
4112
3206
2207
1194
116
-1164
-2633
-4150
-5531
-6683
-7632
-8359
-8747
-8661
-8112
-7257
-6202
-4991
-3654
-2337
-1239
-395
271
827
1248
1489
1684
1993
2431
2897
3230
3473
3674
3727
3536
3091
2536
2006
1439
812
254
-115
-247
-242
-172
-11
171
257
142
-196
-640
-1173
-1840
-2508
-3109
-3633
-4140
-4688
-5127
-5504
-6079
-6937
-7927
-8692
-9152
-9522
-9745
-9577
-8798
-7467
-5886
-4073
-1942
373
2534
4232
5573
6796
7850
8539
8833
9031
9407
9871
10233
10447
10619
10726
10524
9852
8776
7468
5960
4180
2183
213
-1468
-2808
-3876
-4709
-5247
-5457
-5476
-5459
-5427
-5300
-5001
-4628
-4235
-3676
-2783
-1509
-65
1378
2846
4340
5708
6695
7208
7425
7435
7151
6511
5632
4793
4065
3278
2289
1216
200
-846
-2156
-3790
-5490
-7012
-8330
-9484
-10331
-10592
-10202
-9359
-8230
-6830
-5155
-3383
-1826
-577
437
1313
2056
2577
2963
3373
3859
4373
4828
5235
5606
5813
5710
5266
4602
3813
2878
1817
767
-78
-640
-993
-1201
-1280
-1199
-1035
-940
-1030
-1311
-1676
-2083
-2527
-2941
-3262
-3386
-3340
-3297
-3326
-3431
-3550
-3760
-4377
-5514
-6890
-8048
-8760
-9186
-9392
-9119
-8145
-6635
-4986
-3353
-1560
361
2005
3090
3768
4486
5380
6197
6778
7328
8168
9249
10139
10600
10749
10703
10282
9197
7552
5823
4295
2836
1263
-254
-1357
-1999
-2496
-3106
-3711
-4114
-4405
-4817
-5335
-5608
-5358
-4713
-3942
-3008
-1672
75
1881
3416
4685
5807
6665
7011
6833
6438
6112
5796
5317
4712
4213
3901
3505
2737
1627
371
-1010
-2685
-4675
-6630
-8195
-9288
-9974
-10221
-9883
-8962
-7684
-6262
-4812
-3385
-2071
-978
-117
594
1250
1932
2638
3353
4059
4734
5370
5846
6049
5937
5529
4873
4015
3035
2065
1170
331
-438
-1068
-1523
-1891
-2276
-2662
-2985
-3219
-3376
-3472
-3480
-3366
-3148
-2864
-2570
-2263
-1913
-1606
-1457
-1509
-1719
-2020
-2411
-2863
-3419
-4224
-5252
-6226
-6835
-7085
-7229
-7267
-6952
-6182
-5153
-4108
-2964
-1556
-37
1260
2237
3208
4450
5766
6763
7400
8044
8904
9699
10044
9968
9793
9565
8994
7914
6632
5558
4640
3499
2073
751
-103
-699
-1453
-2348
-3021
-3354
-3593
-3972
-4280
-4125
-3569
-2959
-2452
-1758
-695
495
1439
2060
2647
3343
3946
4230
4277
4323
4397
4306
3940
3403
2812
2149
1341
393
-614
-1614
-2589
-3529
-4443
-5341
-6162
-6814
-7249
-7486
-7496
-7163
-6461
-5503
-4434
-3269
-1941
-515
781
1786
2593
3340
3996
4447
4697
4866
5009
5030
4837
4482
4077
3607
2968
2126
1209
377
-361
-1094
-1822
-2408
-2781
-3000
-3152
-3239
-3184
-2982
-2748
-2541
-2283
-1892
-1420
-1006
-776
-694
-682
-715
-842
-1102
-1427
-1803
-2215
-2658
-3203
-3965
-4980
-6096
-7046
-7683
-8081
-8298
-8194
-7619
-6637
-5424
-4070
-2547
-907
603
1801
2781
3771
4805
5718
6447
7146
7993
8929
9691
10122
10287
10281
10023
9346
8278
7107
6005
4852
3514
2115
945
58
-765
-1687
-2593
-3271
-3726
-4135
-4510
-4637
-4371
-3823
-3221
-2585
-1736
-618
547
1470
2155
2807
3464
3948
4151
4187
4249
4323
4214
3826
3278
2743
2187
1427
407
-751
-1887
-2961
-4035
-5082
-5983
-6663
-7143
-7413
-7334
-6810
-5938
-4899
-3776
-2555
-1236
50
1152
2018
2678
3170
3508
3731
3886
3949
3872
3664
3387
3094
2754
2307
1742
1086
373
-372
-1084
-1703
-2246
-2757
-3201
-3474
-3515
-3373
-3113
-2722
-2195
-1618
-1106
-676
-297
-7
96
6
-147
-257
-354
-526
-770
-1027
-1294
-1595
-1908
-2242
-2782
-3764
-5142
-6511
-7483
-8068
-8486
-8707
-8427
-7511
-6226
-4902
-3567
-2075
-510
839
1861
2803
3934
5205
6329
7199
8088
9214
10371
11092
11179
10865
10400
9714
8613
7214
5886
4795
3727
2480
1201
197
-511
-1254
-2259
-3365
-4262
-4847
-5283
-5645
-5739
-5355
-4560
-3626
-2708
-1716
-594
477
1245
1688
2045
2457
2842
3086
3264
3562
4021
4459
4706
4729
4568
4204
3557
2642
1585
527
-484
-1468
-2377
-3105
-3584
-3854
-4019
-4138
-4205
-4230
-4225
-4173
-4020
-3734
-3332
-2841
-2286
-1695
-1110
-594
-183
115
298
389
418
405
362
286
214
206
274
365
403
355
215
-31
-354
-700
-1009
-1261
-1449
-1509
-1406
-1186
-931
-702
-513
-385
-387
-578
-930
-1350
-1725
-2027
-2276
-2440
-2428
-2203
-1862
-1514
-1184
-948
-1023
-1606
-2641
-3846
-4940
-5773
-6280
-6343
-5846
-4823
-3511
-2186
-995
45
927
1600
2052
2399
2813
3381
4082
4930
5994
7258
8518
9492
10001
10031
9646
8903
7884
6772
5763
4954
4301
3723
3186
2680
2154
1492
621
-393
-1430
-2453
-3497
-4459
-5121
-5323
-5086
-4583
-3945
-3222
-2480
-1843
-1393
-1074
-744
-304
245
885
1616
2437
3282
3999
4464
4679
4690
4481
4002
3273
2408
1524
642
-232
-1033
-1668
-2118
-2478
-2839
-3216
-3591
-3957
-4314
-4653
-4901
-4958
-4786
-4415
-3902
-3284
-2606
-1949
-1396
-965
-616
-304
-41
141
259
378
509
629
686
663
575
427
210
-53
-309
-536
-763
-1035
-1316
-1549
-1722
-1869
-2035
-2205
-2304
-2290
-2191
-2048
-1860
-1606
-1290
-956
-648
-400
-223
-111
-33
58
210
429
691
958
1136
1141
930
531
11
-559
-1089
-1472
-1636
-1563
-1302
-932
-503
-77
254
439
501
523
575
687
892
1216
1678
2248
2840
3363
3765
4010
4088
4025
3861
3650
3415
3180
2967
2806
2698
2619
2526
2380
2165
1906
1658
1442
1248
1066
919
825
786
790
812
828
822
824
865
935
1007
1059
1082
1066
964
768
537
324
105
-153
-436
-675
-849
-997
-1166
-1357
-1541
-1703
-1881
-2096
-2303
-2472
-2595
-2719
-2856
-2954
-2966
-2904
-2819
-2732
-2623
-2491
-2383
-2329
-2309
-2274
-2201
-2089
-1948
-1770
-1542
-1293
-1073
-905
-784
-692
-625
-580
-557
-520
-438
-333
-232
-125
19
190
349
462
531
572
578
543
482
432
426
449
490
558
636
702
740
734
698
646
572
452
288
122
2
-61
-85
-74
-15
63
105
73
-6
-78
-139
-197
-249
-257
-208
-135
-81
-62
-34
23
95
138
154
199
250
240
127
-55
-227
-358
-493
-634
-719
-707
-612
-497
-392
-275
-146
-27
76
210
436
767
1145
1505
1839
2144
2395
2576
2686
2768
2860
2941
2984
3003
3006
2983
2907
2790
2675
2570
2456
2296
2098
1902
1713
1509
1297
1111
961
834
700
541
378
222
79
-78
-253
-429
-605
-781
-978
-1198
-1423
-1619
-1787
-1955
-2123
-2274
-2397
-2499
-2600
-2707
-2791
-2836
-2862
-2892
-2919
-2898
-2819
-2702
-2567
-2411
-2214
-1997
-1818
-1691
-1577
-1420
-1246
-1099
-990
-885
-754
-628
-552
-533
-516
-477
-436
-414
-406
-372
-317
-274
-263
-257
-210
-114
-6
85
169
251
314
346
359
392
462
546
626
707
804
907
995
1053
1095
1145
1195
1216
1193
1140
1085
1025
950
887
848
820
769
674
559
449
347
248
156
90
57
37
8
-15
-17
-1
29
71
136
224
316
379
418
448
474
485
482
488
524
584
645
696
748
805
847
872
904
953
1000
1034
1034
996
923
823
731
694
759
913
1109
1289
1406
1411
1274
1016
681
343
86
-60
-86
-17
73
106
29
-160
-416
-687
-898
-1004
-985
-869
-725
-654
-736
-974
-1306
-1601
-1743
-1674
-1397
-957
-454
-39
161
68
-295
-841
-1457
-1993
-2310
-2325
-2054
-1621
-1164
-774
-563
-602
-887
-1326
-1741
-1971
-1920
-1568
-1007
-377
137
386
319
19
-371
-708
-866
-780
-439
80
591
923
1002
871
643
381
164
60
111
293
528
746
904
991
995
930
835
742
663
604
552
507
479
466
455
458
462
467
463
422
330
190
45
-91
-190
-235
-214
-118
26
167
239
234
184
135
94
72
105
223
417
611
748
815
811
731
584
414
286
236
269
362
488
616
706
720
640
472
253
31
-162
-279
-313
-281
-201
-111
-31
20
29
4
-24
-31
-16
16
92
201
308
389
412
390
342
288
234
194
176
171
155
118
55
-18
-57
-54
-22
28
55
49
-15
-150
-346
-577
-772
-883
-901
-837
-719
-569
-421
-318
-297
-363
-487
-602
-685
-717
-675
-592
-465
-331
-228
-189
-221
-321
-432
-539
-634
-705
-729
-693
-605
-501
-434
-399
-398
-420
-465
-531
-605
-657
-641
-540
-373
-198
-65
11
37
34
-25
-126
-211
-224
-151
-27
106
216
301
358
352
316
272
210
141
79
80
161
301
463
629
788
892
909
838
723
614
554
547
558
578
601
602
559
483
403
330
279
249
230
229
225
210
187
202
275
336
366
376
401
444
469
480
504
564
642
726
803
858
883
862
806
727
645
565
500
453
403
326
199
14
-194
-399
-570
-675
-708
-684
-640
-599
-578
-579
-601
-642
-671
-683
-666
-646
-619
-555
-453
-315
-177
-56
46
130
179
175
131
71
11
-55
-135
-197
-236
-247
-244
-261
-284
-326
-399
-511
-642
-768
-859
-892
-850
-751
-645
-556
-514
-490
-485
-501
-525
-537
-485
-403
-344
-295
-235
-161
-90
-54
-59
-96
-162
-264
-362
-424
-430
-417
-442
-492
-541
-552
-547
-530
-489
-422
-332
-267
-214
-145
-25
154
330
484
602
671
695
647
553
486
481
541
642
753
835
862
812
694
561
430
311
211
149
129
140
180
244
345
461
557
597
589
563
529
509
510
543
617
715
810
868
876
845
796
730
647
560
482
417
363
311
272
274
307
348
389
414
424
407
353
277
207
168
150
159
200
266
329
348
321
266
211
143
31
-109
-263
-407
-511
-567
-579
-581
-596
-634
-702
-804
-932
-1042
-1083
-1031
-941
-867
-812
-777
-742
-700
-642
-554
-451
-378
-363
-403
-467
-525
-538
-498
-405
-276
-162
-104
-122
-208
-335
-454
-567
-667
-733
-756
-748
-723
-676
-607
-518
-446
-410
-429
-489
-555
-583
-539
-435
-303
-166
-28
92
177
234
270
311
349
379
397
393
390
411
460
520
560
583
604
613
602
556
486
426
374
339
317
303
307
329
356
369
367
339
280
191
97
14
-25
-4
38
98
183
264
316
331
317
298
287
280
268
262
284
327
373
427
481
525
541
518
455
375
297
217
161
148
188
256
302
321
312
271
199
117
52
27
39
68
99
140
176
197
225
239
240
219
180
137
99
64
30
17
21
28
33
23
13
2
-44
-126
-233
-339
-409
-459
-481
-473
-442
-398
-377
-380
-414
-471
-524
-571
-607
-614
-598
-565
-509
-460
-432
-432
-438
-448
-450
-432
-405
-363
-319
-297
-304
-341
-376
-386
-363
-313
-258
-206
-179
-196
-241
-297
-331
-333
-317
-284
-265
-265
-295
-325
-323
-289
-230
-176
-133
-90
-48
-16
5
21
49
80
114
131
144
195
286
406
511
595
645
639
576
480
395
357
357
380
378
349
305
249
195
139
95
76
78
78
58
26
-6
-21
-9
22
60
93
114
122
130
140
155
183
229
278
328
379
423
459
483
492
493
503
507
507
501
494
491
481
464
430
386
350
334
324
315
289
246
201
161
122
76
32
-5
-44
-85
-115
-132
-127
-100
-68
-50
-55
-79
-127
-175
-203
-190
-138
-68
-8
17
3
-40
-92
-138
-156
-141
-101
-54
-15
-20
-61
-120
-204
-288
-366
-436
-495
-537
-553
-550
-542
-551
-586
-643
-731
-829
-915
-971
-976
-926
-830
-719
-625
-563
-528
-510
-501
-493
-472
-419
-323
-192
-68
16
63
92
112
133
144
142
138
139
128
98
56
11
0
9
21
31
8
-33
-86
-139
-162
-158
-123
-81
-36
26
89
159
213
252
298
329
348
344
341
366
422
512
605
679
715
707
661
597
545
510
503
530
569
593
576
515
438
361
300
244
204
184
179
179
182
196
224
251
249
215
160
101
57
19
1
10
48
109
168
222
256
261
236
179
116
75
61
79
131
198
259
293
289
253
207
163
102
40
-7
-47
-89
-124
-149
-145
-100
-37
2
-9
-82
-195
-334
-448
-514
-526
-472
-391
-312
-271
-288
-357
-452
-539
-586
-569
-523
-484
-468
-474
-484
-483
-462
-427
-391
-377
-381
-421
-497
-560
-583
-542
-451
-348
-271
-242
-276
-346
-418
-460
-455
-421
-375
-326
-304
-295
-278
-228
-137
-31
63
109
88
17
-59
-82
-23
107
273
412
482
460
363
253
172
167
242
352
443
487
471
404
317
244
222
261
322
362
357
317
270
235
216
232
269
305
309
267
196
133
105
107
136
175
206
226
222
200
189
199
235
274
309
345
363
362
349
338
353
371
381
376
348
309
260
215
183
170
171
160
124
59
-8
-51
-78
-90
-92
-86
-84
-104
-147
-195
-226
-212
-160
-100
-54
-15
2
3
-10
-25
-23
-3
34
62
78
72
43
2
-53
-101
-150
-191
-231
-256
-252
-239
-227
-238
-260
-297
-345
-379
-403
-407
-381
-346
-315
-312
-331
-358
-380
-388
-381
-347
-293
-242
-215
-222
-255
-312
-370
-399
-396
-354
-289
-227
-195
-203
-233
-273
-290
-267
-217
-145
-74
-35
-20
-29
-38
-33
-8
44
90
117
110
78
42
20
42
100
184
270
324
348
331
298
268
251
256
269
292
324
352
381
404
428
457
473
469
429
367
308
260
239
228
226
231
225
208
168
118
68
13
-41
-82
-108
-128
-146
-150
-131
-92
-47
-17
-5
-7
-24
-49
-74
-80
-69
-45
-9
17
31
31
19
12
10
21
29
20
6
-17
-35
-48
-57
-54
-41
-21
-11
-13
-14
-25
-37
-47
-48
-31
-10
9
20
27
30
22
1
-24
-33
-21
20
75
132
182
219
238
231
209
188
181
199
230
260
285
293
285
262
230
201
173
136
88
26
-38
-81
-114
-128
-127
-127
-136
-172
-243
-332
-424
-491
-525
-528
-498
-451
-400
-367
-355
-364
-382
-392
-400
-402
-393
-377
-349
-317
-272
-213
-152
-99
-70
-74
-115
-178
-236
-278
-270
-220
-143
-51
14
36
20
-27
-71
-100
-97
-67
-30
11
39
61
74
89
119
160
204
230
237
234
214
193
188
206
243
291
335
355
350
332
305
280
265
252
243
224
197
168
144
146
160
174
174
158
122
66
8
-43
-69
-60
-20
30
69
91
88
69
35
-6
-38
-51
-45
-27
-1
25
42
55
57
50
45
40
31
20
12
11
15
20
30
38
51
83
119
151
170
167
151
129
107
94
101
128
159
184
193
170
132
89
58
49
54
81
103
106
93
65
31
5
-11
-14
-4
7
15
7
-15
-48
-76
-97
-107
-114
-123
-129
-141
-158
-178
-190
-185
-168
-160
-167
-192
-234
-289
-344
-387
-403
-390
-362
-323
-288
-267
-263
-287
-335
-383
-417
-430
-419
-393
-354
-311
-268
-231
-209
-195
-190
-187
-187
-184
-178
-167
-137
-97
-53
-9
31
58
77
81
73
57
39
31
35
68
120
186
256
311
332
320
285
235
197
188
199
231
274
304
310
295
272
252
241
238
241
239
220
189
147
120
119
144
181
213
230
219
182
124
68
27
17
35
67
103
131
145
140
126
103
85
77
80
89
100
111
115
120
122
121
119
126
141
147
146
139
118
96
81
74
73
89
102
100
81
43
-10
-62
-107
-127
-123
-102
-81
-72
-85
-113
-145
-177
-203
-218
-221
-214
-210
-213
-215
-217
-214
-209
-210
-215
-231
-247
-261
-271
-264
-248
-227
-202
-189
-194
-207
-224
-235
-239
-235
-222
-208
-196
-182
-158
-130
-94
-64
-42
-36
-46
-71
-97
-106
-97
-64
-21
23
48
57
57
56
58
66
76
79
73
60
58
68
92
126
157
176
171
142
105
73
59
70
98
133
159
168
160
145
130
123
128
130
130
117
97
82
81
96
122
145
158
151
132
99
68
57
57
65
70
62
48
31
18
13
18
30
37
29
11
-18
-44
-56
-52
-27
6
35
43
27
-6
-42
-64
-69
-56
-28
3
24
29
22
11
0
-2
6
18
28
31
28
23
22
30
44
64
80
85
81
65
48
34
20
20
24
22
19
13
7
0
-4
-5
-15
-29
-44
-65
-89
-110
-121
-122
-115
-112
-116
-121
-136
-154
-168
-170
-160
-139
-121
-112
-112
-122
-132
-137
-131
-120
-109
-103
-104
-114
-125
-125
-113
-91
-67
-44
-35
-35
-41
-50
-52
-46
-33
-15
1
9
13
16
19
24
33
50
65
77
88
98
109
121
131
133
129
124
124
128
142
160
173
180
177
155
129
116
112
122
133
139
136
119
98
78
67
70
79
90
91
75
48
18
-9
-23
-23
-5
17
30
32
13
-15
-47
-79
-104
-116
-115
-109
-99
-91
-87
-85
-85
-88
-97
-113
-122
-130
-133
-129
-121
-108
-95
-90
-88
-89
-90
-91
-95
-91
-90
-93
-99
-107
-111
-107
-85
-55
-24
6
22
17
1
-25
-44
-50
-36
-10
19
48
64
67
62
58
54
53
60
71
75
78
85
92
107
121
137
154
157
146
125
104
84
71
76
92
113
129
138
132
115
96
74
56
47
38
29
19
9
4
2
6
12
24
36
44
38
22
6
-18
-35
-41
-36
-17
0
8
6
-5
-19
-30
-33
-26
-17
-17
-25
-37
-47
-58
-60
-56
-51
-45
-47
-57
-71
-87
-96
-102
-104
-99
-94
-92
-91
-89
-80
-63
-47
-34
-23
-27
-43
-63
-77
-76
-64
-38
-14
5
13
6
-2
-14
-18
-18
-17
-15
-20
-27
-24
-17
-7
4
12
13
6
-8
-18
-22
-18
-9
2
11
11
9
9
13
23
32
45
43
32
15
-3
-12
-8
3
21
36
38
29
14
-4
-18
-23
-14
3
17
24
30
26
17
4
-6
-13
-15
-19
-20
-15
-3
10
16
19
14
-1
-17
-26
-27
-14
10
32
40
40
29
13
6
9
21
39
51
57
53
46
38
33
38
51
63
71
74
73
66
65
67
73
85
98
103
104
98
84
68
56
48
42
39
45
53
61
74
80
75
61
46
28
14
12
19
34
50
58
55
39
21
4
-14
-27
-40
-50
-54
-59
-56
-49
-42
-39
-40
-50
-73
-100
-125
-146
-155
-151
-139
-132
-125
-121
-128
-139
-149
-159
-170
-176
-180
-176
-164
-149
-133
-122
-115
-114
-116
-118
-115
-110
-102
-92
-85
-78
-65
-55
-43
-25
-8
4
10
7
0
-5
-3
14
37
68
94
113
114
110
99
83
85
94
107
119
125
124
120
118
117
119
127
136
142
143
136
121
102
86
76
75
86
100
110
115
110
97
78
60
46
41
42
46
47
43
33
25
15
11
7
10
20
27
25
13
-4
-24
-37
-42
-37
-25
-9
0
3
-7
-25
-46
-62
-70
-73
-72
-62
-47
-38
-30
-27
-27
-31
-37
-36
-31
-24
-17
-18
-21
-28
-35
-39
-35
-32
-26
-14
-9
-17
-32
-49
-59
-62
-61
-50
-34
-21
-13
-14
-18
-29
-38
-45
-49
-47
-41
-29
-19
-19
-21
-27
-33
-35
-35
-30
-24
-23
-24
-25
-30
-34
-32
-32
-28
-27
-24
-13
-8
-7
-7
-11
-14
-14
-5
6
14
16
15
11
2
-8
-11
-10
-2
4
8
16
17
21
21
20
20
20
19
23
26
30
32
31
32
30
32
39
48
54
52
53
51
45
39
32
29
36
43
52
58
60
63
58
53
47
46
50
55
59
59
56
48
37
27
21
17
21
29
38
45
45
39
30
22
15
14
14
18
21
18
18
14
7
4
5
6
11
10
3
-9
-22
-28
-30
-27
-19
-13
-14
-21
-34
-49
-61
-68
-72
-74
-72
-72
-71
-73
-78
-83
-88
-91
-95
-99
-102
-104
-103
-101
-99
-91
-76
-65
-56
-50
-49
-54
-59
-64
-67
-65
-60
-52
-43
-34
-25
-15
-6
1
0
-4
-5
-7
-7
3
16
26
40
46
47
48
52
54
51
54
54
52
52
56
58
62
72
78
78
77
72
65
60
55
55
54
56
61
66
67
65
60
55
47
38
29
25
23
23
26
29
33
38
39
36
32
26
21
19
17
15
11
6
0
-11
-18
-19
-18
-21
-21
-20
-18
-18
-19
-24
-29
-34
-38
-39
-37
-40
-38
-40
-44
-47
-45
-39
-31
-21
-9
-1
0
-5
-13
-21
-24
-24
-24
-20
-16
-13
-11
-12
-12
-11
-12
-10
-9
-9
-8
-9
-9
-8
-3
1
8
15
21
22
20
14
3
-3
-7
-12
-12
-7
-3
-4
-8
-14
-20
-25
-26
-24
-14
-6
4
10
11
6
1
-2
-6
-9
-11
-5
-7
-13
-23
-27
-26
-21
-12
-6
2
8
13
14
17
17
17
17
15
17
16
21
25
25
23
20
14
5
-4
-11
-13
-11
-4
1
3
6
13
16
19
18
16
19
19
18
14
10
3
1
1
3
4
1
-1
-4
-12
-20
-26
-28
-23
-19
-14
-8
-2
-3
1
3
4
3
0
-2
-4
-6
-10
-13
-13
-10
-9
-5
-1
3
8
13
16
17
19
19
21
20
19
21
22
22
20
18
14
10
9
8
14
16
18
18
17
16
17
23
27
28
24
22
15
6
-5
-15
-18
-17
-17
-15
-13
-17
-21
-18
-16
-14
-13
-11
-13
-18
-24
-27
-30
-31
-31
-30
-25
-22
-24
-27
-27
-30
-33
-32
-28
-23
-17
-13
-7
0
5
11
20
25
28
27
22
14
9
6
6
4
3
9
10
11
9
13
16
24
31
34
38
40
35
31
28
25
23
24
24
20
13
6
-2
-7
-6
-1
3
8
14
16
15
11
4
0
0
1
1
3
1
-7
-18
-23
-29
-34
-37
-39
-37
-34
-31
-27
-26
-25
-21
-17
-9
-1
2
1
-6
-14
-23
-24
-22
-20
-19
-20
-25
-31
-34
-33
-32
-29
-26
-20
-14
-9
-6
-3
0
-2
-3
2
3
5
8
5
0
-9
-15
-19
-18
-15
-8
1
9
15
21
22
20
14
8
15
22
27
31
33
27
22
16
16
19
22
28
36
37
39
38
38
38
38
36
40
39
36
30
22
15
11
11
11
12
11
11
9
8
7
4
-3
-10
-14
-19
-22
-23
-24
-22
-22
-24
-26
-27
-24
-25
-27
-24
-23
-22
-23
-26
-30
-35
-38
-42
-39
-33
-33
-35
-39
-43
-42
-39
-33
-22
-15
-10
-12
-14
-16
-17
-18
-19
-19
-16
-10
-6
-4
-1
3
8
13
21
29
37
41
41
39
37
35
37
39
45
50
46
44
41
35
32
29
27
28
35
36
37
35
35
31
27
26
27
28
24
16
5
0
-10
-16
-17
-14
-7
-3
0
-5
-12
-18
-21
-24
-22
-25
-24
-27
-33
-40
-45
-46
-46
-43
-40
-34
-29
-24
-23
-24
-24
-28
-25
-19
-13
-7
-2
5
7
5
4
12
18
24
28
28
27
22
21
18
14
16
21
21
23
27
29
30
33
32
30
37
38
40
42
42
39
34
30
24
20
18
16
14
10
10
7
4
2
-1
-7
-9
-11
-15
-12
-10
-13
-19
-22
-29
-34
-36
-36
-37
-38
-39
-42
-43
-42
-41
-39
-31
-25
-23
-28
-30
-32
-37
-36
-35
-33
-33
-34
-30
-29
-23
-21
-19
-16
-14
-11
-12
-12
-15
-15
-14
-14
-12
-8
-3
0
4
7
7
10
13
14
14
16
18
23
31
35
37
33
32
29
26
27
28
25
26
23
23
22
23
26
31
38
38
36
38
40
39
37
35
33
28
22
18
14
10
8
7
5
4
6
6
8
6
2
1
0
-2
-2
0
-3
-6
-11
-20
-27
-30
-33
-33
-29
-27
-28
-28
-27
-31
-33
-30
-30
-29
-28
-23
-19
-18
-19
-22
-26
-29
-30
-31
-28
-28
-29
-31
-32
-32
-32
-25
-17
-15
-13
-11
-8
-7
-5
-3
-3
-1
2
5
10
14
16
17
15
13
12
15
19
21
22
22
20
19
19
21
23
26
29
34
38
39
37
34
31
24
22
24
21
17
13
8
6
4
3
7
6
7
5
2
-4
-11
-15
-21
-25
-29
-31
-31
-28
-29
-25
-24
-27
-26
-24
-21
-17
-13
-7
-2
-2
-4
-6
-7
-4
-2
-1
7
10
11
12
14
15
18
21
25
31
32
31
29
26
23
21
20
22
24
22
24
21
21
19
20
20
18
20
18
15
13
11
9
4
6
7
6
8
7
5
5
1
-2
-7
-8
-10
-13
-14
-13
-12
-11
-11
-12
-12
-13
-14
-15
-17
-23
-26
-29
-30
-30
-24
-18
-14
-12
-14
-15
-17
-18
-21
-21
-19
-18
-17
-17
-17
-19
-21
-17
-15
-12
-9
-6
-4
-6
-5
-3
-1
3
7
9
11
12
10
10
8
3
0
2
5
7
9
8
4
5
7
11
12
12
14
13
13
10
8
7
6
5
2
4
6
3
1
-2
-6
-6
-8
-6
-4
-3
-1
0
1
0
0
3
5
8
7
10
10
8
6
3
3
0
0
0
-3
-4
-6
-8
-10
-10
-8
-7
-5
-8
-10
-7
-9
-13
-12
-14
-14
-12
-9
-7
-2
-1
2
4
5
5
0
-1
0
0
1
4
9
11
12
14
13
13
12
11
13
14
16
16
16
15
13
10
7
5
3
6
6
6
4
3
2
1
3
1
2
1
4
3
1
2
2
2
2
3
4
8
11
11
14
14
10
7
4
-1
-6
-9
-9
-10
-6
-5
-5
-8
-12
-18
-21
-21
-24
-24
-27
-26
-25
-22
-20
-17
-15
-16
-18
-16
-14
-13
-9
-6
-3
-3
-3
-3
-2
1
3
5
8
10
11
8
6
5
6
5
5
5
8
10
8
5
4
6
8
10
11
12
8
6
4
1
0
-2
0
-1
-3
-5
-6
-7
-7
-9
-9
-8
-5
-3
-2
-1
0
0
-1
-1
-2
0
0
2
5
5
5
6
5
2
-1
2
5
6
7
9
8
5
1
-2
-4
-3
-1
3
5
9
9
8
8
4
1
0
-1
-3
-2
4
4
6
6
8
8
8
8
11
15
16
17
16
17
12
10
11
11
9
6
2
2
1
1
0
2
4
6
6
6
4
2
2
1
-1
-3
-1
2
4
6
9
8
6
6
5
5
6
8
8
6
1
-4
-6
-6
-9
-12
-10
-11
-13
-15
-15
-15
-17
-20
-21
-20
-19
-18
-20
-22
-23
-25
-24
-23
-23
-23
-15
-12
-10
-5
-2
1
1
-1
-6
-11
-15
-17
-18
-16
-13
-10
-7
-4
-2
1
5
6
8
10
13
12
14
17
16
17
16
15
14
11
10
6
4
4
4
4
4
3
2
2
5
4
7
6
6
5
4
4
0
0
-1
1
3
3
4
3
5
5
6
4
2
0
-2
-3
-4
-5
-4
-4
-4
-4
-7
-9
-9
-9
-7
-6
0
4
7
8
8
8
8
7
5
4
3
4
1
2
2
1
1
3
0
-2
3
6
9
10
11
6
3
2
-1
-1
-2
-4
-3
-5
-8
-10
-12
-13
-13
-14
-11
-8
-5
-2
-2
-1
0
0
-4
-5
-6
-6
-7
-7
-7
-7
-8
-7
-8
-7
-5
-3
2
3
4
5
5
4
2
2
2
2
4
5
6
7
3
2
0
-1
1
2
5
8
10
9
9
8
9
8
9
9
10
8
3
-1
-4
-5
-4
-6
-3
-3
-3
-4
-5
-6
-6
-4
-3
-5
-4
-3
-1
-1
-1
0
0
1
1
-2
-2
-3
-3
-2
1
2
4
3
1
2
4
6
8
7
7
7
6
4
3
1
5
6
7
6
6
5
5
2
0
1
1
3
3
6
6
7
7
9
7
4
6
2
1
-3
-7
-10
-12
-13
-14
-14
-14
-14
-12
-9
-7
-3
-1
0
-1
-3
-1
-1
0
0
-1
-4
-6
-5
-4
-3
-1
1
4
7
9
12
13
13
11
9
11
11
10
9
9
8
8
8
9
10
11
10
8
9
8
12
12
12
11
8
9
8
5
0
-5
-9
-13
-14
-12
-13
-11
-13
-10
-8
-4
-2
-1
-2
-5
-9
-11
-13
-15
-13
-12
-12
-11
-10
-9
-10
-10
-12
-13
-15
-14
-14
-12
-9
-8
-8
-6
-6
-6
-6
-3
-1
-1
3
2
3
1
-2
-5
-4
-4
0
4
6
6
3
1
2
2
6
8
9
9
8
6
4
1
-4
-4
-5
-3
-2
-3
-4
-7
-9
-7
-9
-6
-4
-2
2
4
5
4
2
1
-4
-7
-10
-13
-14
-15
-16
-17
-17
-12
-10
-6
0
4
9
12
12
11
7
8
6
5
5
5
9
12
12
13
11
12
12
13
16
16
14
10
8
6
5
3
1
-2
-1
1
4
5
7
7
6
12
12
13
13
16
18
16
14
14
11
9
9
7
6
6
5
5
8
5
4
4
2
-1
-1
-3
-3
-3
-1
0
0
-1
-3
-3
-4
-3
1
2
5
6
3
1
-3
-6
-7
-7
-7
-8
-6
-7
-8
-11
-11
-10
-9
-7
-6
-7
-10
-11
-13
-14
-16
-16
-17
-17
-17
-16
-14
-14
-14
-13
-10
-7
-2
0
1
-2
-5
-10
-14
-16
-17
-17
-15
-14
-14
-15
-13
-13
-10
-7
-3
3
8
12
14
15
12
10
9
9
10
13
16
17
16
17
17
16
17
16
19
17
16
14
12
10
8
3
0
1
0
1
1
3
2
3
1
-1
-2
-3
-4
1
6
12
17
20
21
19
16
15
14
12
11
10
9
8
4
1
-3
-7
-10
-12
-15
-14
-12
-12
-14
-16
-17
-17
-14
-11
-8
-4
0
-2
-4
-6
-8
-9
-12
-9
-7
-6
-4
-3
-2
-6
-7
-3
0
1
5
6
5
4
2
2
1
1
-1
-1
-2
-4
-6
-7
-9
-9
-8
-3
-1
1
1
0
-3
-6
-7
-8
-7
-8
-9
-8
-7
-7
-9
-10
-10
-13
-14
-9
-6
-5
-3
-1
1
3
5
8
8
9
11
12
15
14
15
13
13
11
10
12
12
11
10
7
6
3
2
1
2
4
5
6
8
8
8
7
5
1
-3
-1
0
2
7
11
15
16
14
13
10
9
9
9
11
10
10
8
5
0
-6
-8
-11
-10
-7
-6
-7
-9
-11
-13
-14
-14
-10
-7
-6
-6
-6
-7
-8
-12
-13
-9
-7
-5
-3
-2
-3
-4
-5
-5
-3
0
3
5
7
6
6
3
2
-2
-6
-8
-9
-11
-15
-14
-14
-13
-9
-5
-2
0
-1
0
0
-1
-2
-3
-1
-1
-2
0
-2
-4
-3
-4
-6
-5
-3
-2
-1
-1
-1
2
2
2
1
1
2
1
2
5
6
7
9
10
11
11
11
11
8
8
9
7
8
7
6
9
10
9
8
10
10
10
8
8
6
5
4
2
2
1
5
6
8
11
9
8
6
1
-2
-2
-1
-2
-2
0
-1
-4
-4
-5
-5
-2
-1
0
-2
-5
-7
-12
-14
-15
-14
-10
-8
-6
-8
-10
-10
-11
-10
-5
-3
-1
3
1
1
-1
-2
-1
3
6
8
12
12
7
4
0
-2
-4
-5
-2
0
1
2
0
0
1
3
2
2
1
2
1
-1
-1
-1
-2
2
3
3
3
0
-2
-5
-7
-10
-10
-9
-11
-11
-13
-15
-16
-17
-17
-15
-12
-8
-7
-5
-1
0
0
2
3
4
4
4
3
4
5
7
12
15
16
16
14
12
9
6
6
6
8
11
11
11
9
7
4
4
2
1
6
8
9
7
7
3
3
3
5
6
8
9
9
9
6
4
3
2
2
0
2
1
-1
-4
-8
-11
-12
-11
-9
-7
-9
-10
-12
-15
-18
-18
-17
-13
-13
-11
-9
-10
-10
-11
-10
-9
-8
-6
-3
-3
-4
-6
-5
-5
-3
0
2
4
3
-1
0
-3
-5
-5
-5
-3
-2
-2
0
-1
-3
-4
-4
-4
-2
4
5
8
4
2
3
2
2
5
8
9
10
11
10
10
7
5
6
7
8
10
10
11
9
7
7
8
7
9
9
9
8
7
5
5
5
6
6
7
6
2
1
0
0
-1
1
1
0
1
-1
0
3
5
6
10
10
10
6
2
0
-2
-3
-4
-3
-3
-2
-2
-2
-3
-4
-4
-5
-3
-4
-4
-5
-8
-8
-9
-7
-7
-6
-4
-5
-7
-9
-10
-12
-14
-10
-10
-8
-8
-9
-10
-11
-9
-9
-7
-4
-1
1
1
1
-1
1
2
2
5
6
7
6
5
4
1
0
0
2
2
3
2
-1
-5
-8
-10
-9
-7
-5
-4
-2
-1
-1
-3
-3
-1
1
4
6
6
3
1
-1
-2
-4
-5
-2
1
1
2
2
-1
-5
-6
-7
-5
-4
-1
2
3
3
1
-2
-3
-2
-2
2
5
7
7
8
7
8
9
9
9
10
8
5
3
1
1
1
5
3
5
8
7
5
3
2
3
5
7
9
8
9
7
6
6
6
6
8
8
7
4
3
1
-1
-2
-1
2
2
3
1
-1
-1
-3
-4
-5
-2
-2
-4
-6
-10
-13
-12
-10
-9
-10
-7
-5
-5
-7
-7
-9
-9
-8
-7
-6
-5
-6
-7
-7
-8
-8
-7
-5
-3
0
2
1
0
0
0
-1
1
2
1
0
-3
-3
-3
-4
-2
-1
1
7
6
6
3
-1
-3
-6
-7
-3
1
3
4
5
5
4
5
7
9
9
11
10
8
7
4
3
3
3
4
6
9
8
7
7
4
4
3
3
4
5
5
7
6
3
2
1
-1
-2
-2
-3
0
1
0
1
-1
0
-1
1
-1
-4
-2
-2
-5
-6
-6
-6
-6
-5
-4
-1
0
-1
0
-1
-1
-1
1
2
2
1
3
3
2
1
0
-2
-2
-4
-4
-4
-3
0
-1
-2
-1
-3
-4
-4
-4
-6
-6
-6
-6
-5
-5
-6
-4
-4
-3
-3
-4
-4
-5
-5
-6
-5
-2
0
2
2
5
5
4
4
3
5
4
3
3
0
1
1
1
2
2
2
0
-1
-1
-3
-3
-3
-4
-2
0
1
3
5
6
6
6
4
4
2
1
1
-1
-1
-2
-3
-1
0
1
1
1
2
1
-2
-4
-7
-6
-7
-7
-5
-3
-3
-2
-1
-1
-3
-2
-1
0
3
4
4
3
1
0
0
0
2
1
3
0
-2
-2
-3
-4
-3
-1
1
3
3
4
3
1
0
0
1
3
4
5
5
3
1
-1
-1
-2
1
5
9
9
7
6
2
0
-1
-1
-2
-4
-7
-8
-10
-12
-13
-12
-11
-9
-7
-3
-3
-4
-6
-7
-9
-7
-6
-5
-3
-1
1
2
2
3
3
3
6
7
8
9
9
8
8
8
7
7
9
10
10
9
7
5
3
