0
-1
0
0
0
0
0
0
0
0
-1
0
1
0
0
0
0
1
0
0
0
0
0
-1
0
0
-1
0
0
0
0
0
0
0
0
0
0
0
1
1
1
1
0
0
-1
1
0
0
0
0
0
0
0
0
0
0
0
0
1
0
0
1
0
1
0
0
1
0
0
0
0
1
0
0
-1
0
0
1
1
0
0
-1
0
-1
-1
0
0
0
1
1
0
-1
0
1
0
0
0
0
1
0
1
-1
0
1
0
0
0
-1
0
0
0
1
0
-1
0
-1
-1
0
0
1
0
0
0
1
1
0
0
1
1
-1
0
-1
0
0
0
1
0
0
0
0
-1
0
0
-1
0
0
-1
-1
1
0
0
0
0
-1
0
1
0
0
0
-1
1
0
1
0
1
-1
0
0
0
-1
0
0
0
0
0
0
0
0
0
0
0
0
0
0
0
0
0
1
0
0
0
0
1
0
0
0
0
0
0
0
0
0
0
0
0
0
0
0
0
0
0
0
0
1
0
0
0
0
-1
0
0
1
0
0
0
0
0
-1
0
0
0
0
0
0
-1
0
0
-1
0
0
0
-1
0
0
0
0
-1
0
0
0
0
0
0
0
0
0
0
0
0
0
0
0
-1
0
0
0
-1
0
0
0
-1
0
0
0
0
1
0
0
0
-1
-1
1
0
0
0
0
0
1
0
0
0
0
0
0
1
0
0
0
0
-1
0
-1
0
0
0
0
-1
0
0
0
0
0
0
0
0
0
0
0
0
1
0
1
1
0
1
0
0
0
0
0
1
0
1
0
0
0
1
0
0
0
0
0
1
0
0
0
0
0
0
-1
-1
1
0
0
1
0
0
1
0
0
0
-1
1
0
0
0
0
0
0
-1
0
0
0
0
0
0
0
0
0
0
0
0
0
0
0
0
0
0
0
0
-1
0
-1
0
-1
0
0
0
0
0
-1
0
-1
1
0
0
0
0
0
-1
0
-1
0
-1
0
0
0
0
-1
0
-1
0
1
0
0
0
0
0
0
1
0
0
0
0
0
0
-1
0
0
0
0
0
0
0
0
1
0
1
1
0
0
0
0
0
0
0
0
0
0
1
0
1
0
0
0
0
0
0
0
0
0
0
0
1
0
1
1
0
0
0
0
-1
0
0
1
0
0
0
0
0
0
0
0
0
0
0
1
0
0
0
0
0
0
0
0
0
0
0
-1
0
1
0
0
0
0
0
0
0
-1
1
0
0
0
1
0
1
0
0
0
0
0
0
0
-1
0
1
0
0
0
1
0
0
0
0
-1
1
1
0
0
1
0
0
0
0
0
0
0
0
-1
0
0
0
0
1
0
0
0
0
0
0
-1
-1
1
0
0
1
0
0
-1
0
-1
1
0
1
0
0
0
0
1
-1
0
0
0
0
0
0
0
0
0
0
0
0
0
0
-1
0
0
0
0
1
-1
0
0
0
0
0
-1
0
-1
-1
0
0
-1
-1
-1
0
-1
-1
0
0
0
1
1
1
1
1
1
0
1
1
0
1
1
1
1
1
2
2
2
1
2
1
2
1
1
1
1
1
2
1
0
0
0
1
1
0
-1
0
-2
0
-2
-1
-1
-1
-1
-2
-2
-2
-2
-3
-3
-3
-3
-4
-3
-3
-3
-3
-4
-3
-4
-3
-3
-3
-3
-3
-3
-2
-2
-2
-2
-1
-1
0
1
1
2
2
2
2
3
3
4
5
5
5
6
6
6
6
7
7
7
7
7
7
7
8
6
7
6
6
5
5
5
5
4
4
2
2
1
1
0
-1
-1
-2
-3
-4
-4
-6
-6
-7
-8
-7
-7
-8
-9
-9
-10
-11
-9
-10
-10
-9
-10
-10
-11
-10
-10
-9
-9
-8
-8
-5
-6
-6
-4
-4
-3
-1
-1
0
1
1
3
4
5
5
6
7
8
8
9
7
9
9
9
9
8
8
9
9
8
7
7
8
7
7
7
6
4
4
3
2
2
1
0
-2
-3
-4
-4
-7
-8
-9
-10
-11
-11
-11
-12
-12
-12
-11
-10
-11
-10
-8
-7
-6
-5
-4
-4
-3
-2
-2
1
1
1
2
3
5
6
7
9
10
11
15
18
19
21
23
26
28
29
30
30
29
28
26
23
20
17
13
10
7
4
2
2
0
-1
-2
-5
-8
-13
-18
-21
-25
-25
-25
-25
-22
-17
-12
-4
4
11
18
23
29
32
37
41
43
45
44
39
31
17
0
-17
-37
-60
-90
-121
-152
-182
-204
-218
-228
-234
-234
-226
-205
-172
-128
-77
-18
41
103
166
228
278
326
374
417
436
433
421
399
366
330
296
258
193
111
37
-21
-68
-121
-167
-201
-233
-268
-299
-304
-294
-289
-317
-363
-400
-429
-476
-541
-588
-608
-635
-689
-735
-732
-702
-679
-643
-558
-445
-342
-249
-113
73
255
426
609
803
973
1091
1201
1328
1446
1519
1540
1524
1470
1378
1260
1126
981
809
611
392
164
-64
-285
-499
-684
-836
-969
-1110
-1296
-1486
-1586
-1540
-1390
-1248
-1155
-1072
-988
-872
-672
-377
-66
157
283
393
516
653
814
955
1054
1106
1105
1047
946
873
865
864
804
707
590
443
274
155
137
145
79
-39
-141
-211
-274
-309
-281
-226
-219
-273
-322
-319
-297
-290
-291
-298
-309
-343
-413
-522
-635
-725
-787
-843
-920
-1030
-1267
-1618
-1888
-1933
-1844
-1848
-1971
-2042
-2025
-2035
-2016
-1799
-1385
-1010
-800
-573
-205
167
470
861
1410
1933
2220
2337
2481
2677
2872
3069
3254
3366
3302
3050
2709
2437
2312
2199
1912
1490
1046
530
-77
-581
-796
-897
-1197
-1652
-2015
-2245
-2456
-2551
-2335
-1945
-1746
-1783
-1739
-1418
-1005
-670
-256
296
688
817
964
1331
1645
1520
1310
1510
1872
1887
1525
1216
1086
753
396
494
810
705
45
-491
-543
-529
-687
-758
-706
-807
-1146
-1519
-1661
-1634
-1578
-1442
-1328
-1327
-1398
-1480
-1412
-1087
-529
-21
155
165
329
659
1000
1352
1784
2064
2035
1907
1938
2090
2027
1751
1588
1543
1317
862
417
123
-201
-661
-931
-934
-1144
-1752
-2305
-2364
-2218
-2412
-2768
-2832
-2813
-3002
-3208
-3222
-3245
-3552
-3822
-3601
-3194
-3104
-3232
-3215
-2983
-2632
-2134
-1501
-916
-501
-90
472
1094
1774
2526
3141
3528
3899
4427
4883
5036
5128
5381
5523
5332
5029
4830
4522
3952
3427
3175
2874
2189
1393
841
455
-12
-485
-785
-1088
-1588
-2042
-2217
-2250
-2345
-2473
-2474
-2333
-2140
-1942
-1885
-1882
-1677
-1252
-783
-377
-27
223
296
385
849
1509
1938
2026
2029
2125
2120
1941
1875
1945
1868
1544
1070
608
106
-501
-988
-1216
-1370
-1684
-2178
-2631
-2829
-2754
-2564
-2335
-2116
-2012
-1928
-1693
-1227
-619
-152
119
302
400
516
728
894
916
824
644
445
165
-83
-199
-465
-800
-960
-1082
-1372
-1782
-1971
-1836
-1876
-2208
-2435
-2825
-3743
-4674
-4698
-3901
-3747
-4651
-5200
-4841
-4506
-4684
-4478
-3159
-1895
-1710
-1592
-564
796
1554
2068
3286
4802
5468
5344
5395
6041
6780
7029
6959
6927
6795
6297
5494
4873
4745
4622
3915
2850
2090
1717
1087
84
-493
-400
-517
-1406
-2325
-2469
-2323
-2622
-2902
-2508
-2124
-2596
-3220
-2826
-1761
-1280
-1356
-936
-65
319
225
546
1515
2354
2665
2827
3027
3084
2985
2995
3125
3155
2956
2465
1738
973
432
32
-520
-1104
-1511
-1932
-2636
-3369
-3494
-3093
-2908
-3086
-3120
-2818
-2594
-2566
-2184
-1418
-985
-1054
-1026
-620
-301
-363
-314
89
189
-281
-674
-666
-586
-809
-1053
-1035
-1212
-1757
-2118
-2058
-1862
-1796
-2030
-2763
-4116
-5373
-5442
-4683
-4489
-5119
-5678
-5731
-5853
-6152
-5575
-3911
-2540
-2188
-1912
-932
225
925
1799
3505
5270
6083
6068
6219
6894
7575
8020
8427
8735
8556
7723
6633
5886
5677
5630
5134
4094
2979
2032
1059
10
-628
-642
-849
-1916
-3129
-3550
-3497
-3755
-4028
-3553
-2968
-3426
-4304
-4100
-2756
-1715
-1540
-1120
-185
209
50
470
1894
3297
3808
3937
4281
4509
4416
4326
4388
4426
4115
3409
2425
1342
512
-29
-655
-1421
-2072
-2640
-3442
-4288
-4436
-3886
-3506
-3705
-3913
-3594
-3164
-3064
-2926
-2289
-1543
-1322
-1413
-1172
-572
-235
-386
-468
-221
-223
-667
-1029
-856
-594
-811
-1076
-989
-810
-898
-1098
-1223
-1949
-3592
-5105
-5351
-4699
-4703
-5686
-6476
-6636
-6899
-7419
-7089
-5473
-3930
-3534
-3367
-2320
-878
238
1324
3017
4961
6029
6212
6396
7039
8033
8859
9268
9443
9382
8882
7895
6905
6618
6801
6371
5034
3679
2838
1966
740
-134
-229
-516
-1814
-3297
-3814
-3706
-4011
-4549
-4582
-4343
-4523
-4920
-4608
-3638
-2847
-2339
-1710
-934
-315
114
695
1453
2183
2963
3653
4058
4245
4497
4728
4585
4224
4082
4036
3521
2560
1667
981
187
-743
-1365
-1710
-2291
-3081
-3657
-3741
-3621
-3607
-3478
-3211
-3011
-2967
-2919
-2590
-2193
-1945
-1685
-1315
-1005
-921
-860
-555
-242
-343
-649
-875
-1050
-1187
-1255
-1081
-761
-689
-718
-673
-696
-1015
-2116
-3724
-4883
-5122
-4814
-4995
-5993
-6834
-7088
-7349
-7748
-7507
-6103
-4502
-4001
-4028
-3215
-1623
-127
1118
2741
4719
5880
5861
5851
6685
8013
8962
9267
9502
9644
9140
8084
7323
7358
7529
6909
5540
4270
3396
2540
1540
841
615
79
-1300
-2874
-3683
-3712
-3970
-4827
-5368
-5146
-4763
-4837
-5046
-4450
-3342
-2768
-2509
-1750
-536
212
343
955
2464
3789
4242
4568
5204
5603
5387
4967
4912
4943
4496
3787
3046
2177
1244
289
-545
-1138
-1624
-2167
-2877
-3614
-3876
-3725
-3777
-4003
-4074
-3893
-3689
-3796
-3648
-2874
-2176
-1837
-1611
-1259
-958
-1338
-1886
-1747
-1372
-1419
-1797
-1981
-1664
-1273
-1014
-495
-80
-264
-1169
-2909
-4614
-5215
-4655
-3902
-4441
-5931
-6716
-6879
-7341
-7659
-6692
-4556
-3312
-3797
-4016
-2821
-1157
160
1452
3419
5310
5678
5276
5735
7136
8647
9406
9578
9711
9469
8645
7728
7316
7516
7518
6542
4995
3775
3042
2247
1159
423
354
-89
-1659
-3429
-4031
-3672
-3994
-5131
-5455
-4713
-4313
-4993
-5331
-4042
-2528
-2385
-2725
-2046
-759
-75
156
1128
2768
3645
3666
3941
4575
5015
5007
4955
5064
4867
4262
3511
2640
1778
1118
504
-365
-1304
-1856
-2145
-2588
-3107
-3091
-2734
-2820
-3384
-3824
-3614
-3194
-3011
-2687
-2200
-1720
-1407
-1301
-1131
-1137
-1552
-2061
-2284
-2148
-1991
-2008
-1975
-1793
-1530
-1204
-822
-620
-1488
-3600
-5390
-5606
-4813
-4478
-5241
-6068
-6375
-7026
-7807
-7563
-5980
-4022
-3315
-3598
-3179
-2042
-782
635
2412
4540
5899
5827
5593
6251
7549
8872
9594
9849
9860
9313
8419
7736
7619
7926
7692
6369
4743
3628
2862
1752
459
-164
-257
-927
-2443
-3743
-4112
-4263
-4809
-5173
-4822
-4377
-4736
-5562
-5599
-4631
-3461
-2491
-1667
-956
-449
-6
774
1974
3360
4669
5388
5259
4831
4735
4886
4820
4668
4709
4441
3288
1741
796
404
-136
-884
-1484
-2091
-3056
-3971
-4144
-3854
-3712
-3793
-3844
-3716
-3645
-3539
-3104
-2562
-2082
-1520
-1078
-1089
-1508
-1967
-2107
-2106
-2166
-1883
-1341
-1163
-1348
-1432
-994
-388
-772
-2519
-4667
-5934
-5783
-5110
-5174
-5800
-6235
-6636
-7487
-8177
-7294
-4884
-3036
-2949
-3289
-2638
-1331
-159
1209
3455
5702
6345
5757
5707
6866
8445
9470
9985
10373
10218
9208
8017
7599
7951
8074
7260
5799
4536
3666
2682
1506
560
26
-615
-1933
-3404
-4159
-4384
-4770
-5317
-5402
-4988
-4820
-5356
-5835
-5402
-4291
-3098
-2230
-1578
-815
-152
314
1055
2331
3836
4834
5040
5048
5212
5151
4836
4766
4976
4922
4012
2516
1414
880
501
33
-630
-1367
-2217
-3003
-3277
-3138
-3172
-3540
-4070
-4419
-4288
-3920
-3528
-3135
-2785
-2320
-1801
-1573
-1647
-1950
-2300
-2438
-2417
-2092
-1486
-1158
-1201
-1224
-955
-725
-1721
-4028
-5915
-6187
-5455
-5210
-5987
-6686
-6934
-7694
-8706
-8509
-6533
-4193
-3459
-3872
-3468
-2042
-552
754
2418
4614
6103
5998
5496
6049
7667
9337
10159
10418
10619
10295
9220
8201
8150
8807
8741
7296
5553
4526
3892
2874
1673
1092
788
-330
-2317
-3888
-4290
-4288
-4702
-5165
-5180
-5192
-5670
-6301
-6219
-5110
-3746
-2712
-2025
-1596
-1116
-484
384
1782
3450
4675
5000
4486
4071
4334
4675
4846
4980
4976
4514
3119
1427
695
757
689
156
-654
-1483
-2484
-3454
-3577
-2913
-2573
-2999
-3691
-4035
-3924
-3731
-3334
-2618
-1996
-1799
-2072
-2358
-2493
-2676
-2736
-2826
-2792
-2315
-1858
-1425
-942
-788
-687
-1315
-3430
-5650
-6360
-5428
-4356
-5040
-6614
-7153
-7499
-8500
-8870
-7333
-4591
-3274
-4241
-4762
-3384
-1443
365
2250
4462
6110
5984
5274
5856
7660
9538
10436
10414
10139
9761
9127
8435
8313
8848
9125
8155
6241
4695
4087
3610
2647
1800
1324
364
-1541
-3496
-4103
-3674
-3790
-4438
-4788
-4882
-5187
-5786
-5627
-4323
-3241
-3094
-3138
-2752
-1961
-1111
-266
1053
2561
3452
3836
3975
4146
4574
4883
4914
4689
4211
3652
2914
1900
951
466
267
-69
-610
-1131
-1486
-1938
-2483
-2555
-2197
-2139
-2572
-2923
-2812
-2547
-2510
-2446
-1931
-1514
-1775
-2410
-2992
-3256
-3357
-3551
-3317
-2582
-2152
-2206
-2351
-2105
-1869
-3117
-5650
-7302
-7032
-5958
-5841
-6818
-7322
-7325
-8184
-9245
-8520
-5705
-3034
-2660
-3392
-2937
-1343
300
1967
4111
6378
7310
6590
5945
6764
8745
10446
10902
10556
10103
9415
8331
7455
7631
8390
8116
6360
4435
3544
3231
2350
1220
823
697
-397
-2408
-3705
-3558
-3425
-4255
-4913
-4476
-3860
-4403
-5450
-5214
-3815
-2692
-2081
-1282
-238
319
436
1087
2493
3897
4755
5175
5032
4455
3907
3779
3890
3739
3367
2773
1585
-67
-1248
-1394
-1120
-1350
-1989
-2362
-2577
-3106
-3593
-3357
-2575
-2255
-2624
-2749
-2323
-1875
-1754
-1557
-781
-222
-745
-1713
-2290
-2442
-2563
-2713
-2364
-1578
-1189
-1305
-1491
-2251
-4180
-6555
-7822
-7237
-6231
-6490
-7459
-8122
-8720
-9614
-10084
-8792
-5980
-3894
-3689
-4025
-3428
-1800
394
2779
5252
7149
7396
6530
6085
6928
8909
10775
11499
11246
10513
9527
8436
7716
7868
8477
8170
6396
4350
3090
2401
1733
1031
707
329
-1159
-3302
-4557
-4625
-4473
-4704
-4840
-4392
-4158
-4782
-5230
-4623
-3358
-2000
-864
62
719
978
1429
2475
3675
4877
5875
6012
5249
4346
4056
4210
4037
3582
3374
2827
1172
-855
-1997
-2034
-1938
-2449
-3035
-3328
-3819
-4526
-4841
-4312
-3341
-2804
-2844
-2865
-2569
-2124
-1566
-795
89
628
251
-657
-1220
-1298
-970
-417
-24
0
-446
-935
-1334
-2705
-5185
-7108
-7275
-6562
-6807
-8138
-8837
-8736
-9396
-10654
-10434
-7937
-5203
-4526
-5114
-4692
-3096
-1379
424
2886
5575
6915
6517
6004
6716
8473
10290
11399
11749
11536
10862
9827
8778
8398
8811
8935
7677
5480
3820
3083
2277
1090
369
198
-766
-3117
-5255
-5568
-4852
-4755
-5291
-5457
-5121
-5148
-5497
-5007
-3475
-1869
-1015
-766
-410
446
1701
3057
4187
4995
5634
5939
5675
5314
5569
6126
5961
4776
3504
2827
2038
580
-757
-1314
-1541
-2191
-3109
-3513
-3555
-3821
-4341
-4555
-4281
-3782
-3482
-3303
-2983
-2635
-2295
-1862
-1280
-727
-666
-1153
-1670
-1792
-1306
-443
331
680
525
106
-731
-2619
-5237
-7021
-6894
-5860
-5971
-7379
-8463
-8808
-9591
-10779
-10459
-7856
-5249
-4985
-5881
-5406
-3412
-1402
319
2665
5356
6541
5904
5424
6545
8695
10461
11282
11555
11416
10681
9581
8702
8507
8861
8816
7635
5817
4385
3622
2773
1478
542
219
-626
-2718
-4953
-5617
-5030
-4872
-5336
-5415
-4872
-4700
-5294
-5331
-4087
-2684
-1895
-1326
-308
1033
2013
2749
3688
4593
5258
5828
6188
6208
5951
5563
5188
4622
3880
3387
2736
1287
-515
-1668
-1918
-2156
-2848
-3282
-3263
-3741
-4919
-5473
-4565
-3305
-3065
-3392
-3139
-2544
-2251
-1991
-1226
-317
-386
-1279
-1762
-1456
-844
-281
295
832
909
215
-1318
-3508
-5673
-6630
-6048
-5388
-6045
-7493
-8450
-8998
-9987
-10705
-9418
-6536
-4769
-5194
-5722
-4594
-2557
-812
1058
3758
6004
6222
5374
5511
7081
8942
10161
10882
11230
10835
9734
8703
8285
8408
8583
8088
6700
5003
3759
3057
2237
1147
424
41
-886
-2680
-4398
-5115
-5103
-5061
-4953
-4469
-4116
-4440
-5079
-5277
-4386
-2576
-744
344
597
772
1536
2527
3457
4785
6335
6991
6204
4928
4603
4972
4822
4192
3769
3221
1679
-545
-1987
-2119
-1983
-2240
-2684
-3095
-3782
-4734
-5196
-4842
-4163
-3591
-3128
-2760
-2593
-2548
-2107
-1246
-569
-416
-613
-894
-1125
-1178
-724
250
1006
1057
679
-317
-2444
-5299
-7137
-6663
-5268
-5277
-6738
-7985
-8548
-9468
-10541
-9771
-6669
-3911
-3770
-4900
-4748
-3023
-1100
679
3127
5698
6571
5607
4839
5795
7924
9823
10837
11166
10865
9825
8509
7688
7754
8360
8403
7103
5047
3459
2689
1995
987
225
-54
-899
-3050
-5245
-5890
-5168
-4521
-4581
-4646
-4357
-4248
-4463
-4254
-3118
-1653
-709
-348
81
1049
2306
3412
4164
4724
5316
5705
5617
5283
5162
5167
4687
3609
2640
2218
1661
372
-1092
-1971
-2284
-2643
-3195
-3429
-3443
-3805
-4439
-4740
-4394
-3735
-3218
-2906
-2607
-2377
-2263
-1889
-1209
-645
-523
-876
-1147
-829
-140
502
950
1094
603
-1102
-3986
-6544
-7151
-6107
-5234
-5803
-7228
-8346
-9347
-10496
-10597
-8492
-5319
-3751
-4459
-5234
-4291
-2222
-222
1894
4472
6404
6505
5594
5679
7383
9456
10692
11074
11046
10623
9705
8569
7810
7840
8092
7614
6123
4336
3146
2286
1068
-168
-656
-647
-1329
-3093
-4735
-5222
-4976
-4783
-4619
-4297
-4028
-4208
-4577
-4245
-2925
-1061
631
1539
1817
2104
2863
3958
4988
6000
6982
7236
6259
4898
4382
4614
4479
3600
2747
2056
753
-1029
-2179
-2302
-2413
-3213
-4051
-4311
-4516
-5106
-5462
-5095
-4499
-4201
-3949
-3433
-2953
-2800
-2595
-1964
-1327
-1121
-1089
-868
-459
-56
421
1111
1747
1616
1
-3018
-6058
-7244
-6274
-5048
-5308
-6633
-7849
-9031
-10586
-11219
-9223
-5624
-3577
-4220
-5261
-4646
-2822
-908
1331
4254
6455
6565
5503
5357
6802
8909
10581
11394
11311
10473
9392
8549
8031
7848
7978
7783
6473
4426
2901
2253
1453
-39
-1213
-1418
-1728
-3182
-4886
-5351
-4844
-4613
-4779
-4468
-3656
-3339
-3649
-3679
-2854
-1420
97
1400
2316
2808
3216
3977
4915
5718
6516
7131
6973
5948
4750
4263
4181
3623
2727
1948
1004
-505
-2072
-2739
-2556
-2646
-3411
-4127
-4532
-4973
-5346
-5169
-4462
-3991
-3995
-3812
-3260
-2910
-2882
-2538
-1788
-1341
-1518
-1648
-1121
-453
-24
613
1476
1307
-1063
-4684
-7156
-7213
-5927
-5184
-5561
-6513
-7742
-9404
-10836
-10336
-7409
-4136
-3034
-3989
-4680
-3743
-1808
336
2919
5694
7092
6455
5330
5687
7630
9692
10909
11326
11040
10095
8896
8029
7674
7562
7380
6813
5560
3895
2568
1662
623
-704
-1582
-1667
-2054
-3674
-5536
-6027
-5192
-4425
-4321
-4037
-3385
-3363
-4145
-4367
-2910
-431
1513
2459
2880
3065
3225
3774
4988
6549
7607
7681
6906
5602
4312
3622
3750
4052
3590
2026
-36
-1817
-2850
-2995
-2647
-2438
-2917
-4152
-5385
-5898
-5593
-4728
-3832
-3265
-3135
-3445
-3793
-3783
-3357
-2520
-1667
-1343
-1606
-1930
-1671
-855
79
964
1354
94
-3174
-6739
-8074
-6696
-4846
-4585
-5694
-7067
-8579
-10251
-10740
-8560
-4827
-2562
-2986
-4238
-4105
-2428
-190
2280
4963
6900
7098
6114
5621
6584
8467
10172
11061
11041
10358
9447
8527
7658
7104
7037
6987
6212
4725
3383
2536
1508
-13
-1217
-1496
-1575
-2485
-4051
-5123
-5254
-4992
-4719
-4293
-3693
-3367
-3653
-4100
-3768
-2239
-5
1868
2662
2664
2617
2912
3587
4699
6180
7332
7195
5817
4363
3712
3686
3763
3735
3360
2100
-37
-1964
-2636
-2309
-2003
-2242
-2880
-3759
-4779
-5463
-5294
-4456
-3685
-3416
-3487
-3650
-3851
-3956
-3644
-2896
-2176
-1894
-1910
-1821
-1521
-1093
-482
130
-229
-2496
-5883
-8045
-7632
-5949
-5156
-5715
-6687
-7772
-9204
-10046
-8636
-5251
-2489
-2162
-3167
-3369
-2217
-367
1787
4282
6344
6966
6452
6155
6848
8166
9471
10377
10595
10054
9198
8546
8056
7441
6810
6394
5931
5026
3876
2906
1943
587
-809
-1458
-1429
-1692
-2665
-3685
-4194
-4411
-4525
-4229
-3453
-2870
-3045
-3538
-3494
-2627
-1166
487
1814
2374
2277
2231
2810
3886
5035
5970
6281
5634
4358
3324
3086
3305
3310
2876
1959
545
-906
-1698
-1704
-1555
-1828
-2398
-2970
-3667
-4406
-4597
-4081
-3499
-3409
-3513
-3334
-3196
-3589
-4047
-3804
-3021
-2443
-2250
-1957
-1421
-1046
-829
-452
-421
-1856
-4741
-7261
-7640
-6231
-4936
-4941
-5970
-7379
-8825
-9680
-8865
-6184
-3277
-2085
-2672
-3379
-2823
-1029
1279
3609
5496
6335
6141
5819
6263
7507
8923
9916
10278
10029
9383
8715
8155
7545
6868
6296
5837
5299
4585
3782
2868
1610
159
-843
-1089
-1054
-1407
-2287
-3269
-3989
-4376
-4340
-3809
-3083
-2731
-3032
-3600
-3661
-2803
-1335
132
1123
1496
1479
1527
2081
3225
4488
5258
5289
4728
3994
3474
3406
3719
3905
3398
2149
739
-227
-615
-726
-905
-1312
-2000
-2867
-3610
-3918
-3801
-3645
-3700
-3773
-3649
-3483
-3592
-3923
-4087
-3938
-3754
-3637
-3286
-2572
-1850
-1471
-1198
-693
-443
-1507
-3987
-6447
-7220
-6120
-4522
-3836
-4362
-5691
-7352
-8630
-8495
-6477
-3629
-1840
-1847
-2604
-2712
-1713
53
2137
4065
5208
5314
4991
5065
5750
6743
7736
8579
9111
9175
8849
8277
7476
6590
5994
5886
6025
6007
5604
4736
3349
1698
553
400
795
815
-15
-1369
-2582
-3210
-3136
-2534
-1939
-1937
-2623
-3495
-3883
-3474
-2538
-1603
-1051
-904
-800
-329
573
1613
2415
2789
2864
2903
3090
3440
3758
3790
3459
2850
2147
1531
1066
729
407
-72
-744
-1469
-2086
-2492
-2739
-2971
-3255
-3578
-3811
-3828
-3705
-3610
-3569
-3505
-3421
-3473
-3727
-3877
-3610
-3016
-2381
-1841
-1349
-895
-696
-1022
-1987
-3435
-4745
-5149
-4502
-3453
-2840
-3053
-3965
-5225
-6229
-6156
-4740
-2778
-1443
-1197
-1547
-1722
-1325
-298
1173
2603
3517
3864
4012
4319
4784
5209
5558
5952
6475
7028
7326
7119
6429
5595
5034
4968
5292
5689
5766
5239
4186
3067
2360
2124
2032
1782
1425
1136
884
473
-140
-750
-1133
-1276
-1265
-1170
-1165
-1528
-2282
-3009
-3151
-2531
-1499
-573
-133
-259
-658
-803
-358
523
1361
1796
1772
1426
981
637
398
112
-268
-658
-1032
-1453
-1865
-2048
-1960
-1847
-1833
-1737
-1474
-1308
-1483
-1834
-2032
-1996
-1870
-1705
-1515
-1511
-1919
-2602
-3056
-2935
-2420
-1932
-1701
-1656
-1592
-1309
-695
122
704
590
-287
-1427
-2156
-2144
-1595
-1053
-928
-1359
-2246
-3187
-3686
-3465
-2723
-2047
-1787
-1760
-1619
-1214
-637
-85
292
416
357
426
878
1576
2131
2258
2065
1966
2240
2858
3527
3924
3975
3805
3627
3646
3958
4435
4693
4430
3796
3294
3232
3454
3635
3656
3558
3333
3002
2798
2874
2976
2698
1948
1084
491
220
136
108
-65
-494
-1042
-1382
-1369
-1168
-1043
-1118
-1354
-1694
-1993
-2040
-1819
-1528
-1423
-1586
-1885
-2139
-2221
-2089
-1817
-1559
-1408
-1352
-1374
-1415
-1384
-1241
-1086
-1056
-1111
-1094
-980
-906
-932
-978
-927
-797
-716
-760
-935
-1179
-1395
-1455
-1269
-921
-585
-363
-258
-282
-440
-662
-858
-923
-863
-830
-989
-1393
-1906
-2369
-2675
-2768
-2612
-2288
-2051
-2075
-2308
-2479
-2385
-2057
-1591
-1090
-720
-656
-836
-934
-672
-58
631
1168
1455
1519
1525
1675
2093
2657
3145
3427
3541
3624
3806
4144
4478
4619
4554
4408
4283
4194
4181
4241
4239
4013
3610
3245
3036
2912
2729
2470
2198
1916
1639
1438
1315
1135
777
269
-206
-528
-699
-758
-780
-903
-1201
-1599
-1934
-2074
-2075
-2020
-1970
-2009
-2164
-2346
-2429
-2367
-2201
-2061
-2013
-2087
-2249
-2327
-2235
-2029
-1835
-1714
-1659
-1620
-1565
-1448
-1257
-1108
-1096
-1195
-1287
-1241
-1009
-667
-370
-258
-357
-589
-793
-896
-907
-910
-1002
-1228
-1557
-1869
-2034
-2039
-1953
-1845
-1796
-1841
-1981
-2114
-2106
-1904
-1572
-1253
-1039
-992
-1059
-1104
-993
-703
-299
142
560
915
1153
1354
1623
1979
2373
2706
2990
3238
3417
3531
3641
3818
4003
4071
3992
3869
3797
3798
3823
3800
3707
3537
3334
3129
2937
2730
2469
2188
1897
1622
1370
1131
880
567
249
-14
-232
-452
-683
-880
-1023
-1145
-1253
-1323
-1391
-1507
-1689
-1837
-1902
-1904
-1897
-1909
-1926
-1947
-1982
-1991
-1953
-1883
-1781
-1676
-1610
-1578
-1588
-1607
-1580
-1468
-1255
-1013
-834
-794
-883
-983
-975
-795
-497
-198
-38
-69
-227
-396
-440
-341
-213
-190
-326
-553
-793
-982
-1063
-1039
-1004
-1091
-1360
-1691
-1908
-1954
-1882
-1786
-1739
-1803
-1959
-2065
-1967
-1651
-1278
-1005
-875
-791
-635
-332
110
575
921
1100
1179
1278
1476
1780
2175
2553
2803
2931
3031
3203
3401
3519
3528
3477
3434
3422
3439
3458
3381
3141
2808
2553
2452
2425
2357
2158
1827
1424
1077
924
944
949
742
301
-207
-600
-791
-777
-682
-685
-885
-1222
-1545
-1710
-1681
-1555
-1473
-1517
-1685
-1872
-1986
-1998
-1941
-1877
-1837
-1852
-1880
-1850
-1706
-1492
-1272
-1078
-932
-839
-778
-717
-607
-438
-243
-66
53
74
-6
-119
-170
-108
36
153
162
50
-121
-238
-244
-141
-45
-96
-326
-640
-917
-1077
-1097
-1045
-1077
-1284
-1588
-1831
-1886
-1764
-1566
-1423
-1409
-1482
-1529
-1437
-1200
-932
-724
-583
-437
-256
-23
276
622
947
1181
1337
1505
1722
1938
2082
2154
2210
2273
2353
2461
2566
2609
2531
2375
2260
2277
2374
2411
2303
2081
1823
1615
1536
1591
1699
1668
1403
1002
692
627
722
797
724
475
110
-241
-427
-407
-312
-337
-574
-943
-1245
-1368
-1319
-1220
-1195
-1318
-1557
-1776
-1861
-1767
-1569
-1387
-1299
-1293
-1322
-1311
-1229
-1073
-882
-720
-598
-517
-452
-397
-335
-254
-148
-17
96
153
121
19
-78
-83
-8
74
73
-26
-169
-303
-360
-335
-300
-376
-603
-898
-1126
-1198
-1187
-1214
-1344
-1570
-1795
-1903
-1843
-1671
-1510
-1445
-1443
-1414
-1293
-1057
-755
-468
-279
-196
-129
48
349
681
940
1090
1176
1272
1420
1604
1776
1880
1905
1883
1871
1919
2011
2076
2053
1936
1793
1721
1737
1826
1921
1931
1809
1621
1479
1456
1521
1557
1485
1277
1005
780
695
744
816
767
536
227
-39
-159
-119
-24
2
-125
-362
-612
-776
-830
-795
-753
-795
-941
-1143
-1293
-1336
-1294
-1226
-1165
-1140
-1181
-1245
-1254
-1155
-967
-797
-710
-699
-706
-690
-619
-495
-342
-243
-257
-373
-511
-574
-528
-437
-384
-423
-559
-740
-892
-961
-944
-896
-910
-1017
-1180
-1319
-1384
-1392
-1386
-1392
-1408
-1428
-1426
-1393
-1312
-1180
-1031
-902
-776
-607
-397
-192
-18
145
338
551
741
875
972
1065
1154
1258
1406
1573
1673
1678
1622
1620
1734
1908
2041
2089
2050
1967
1893
1874
1924
1983
1988
1900
1750
1598
1497
1410
1331
1269
1229
1182
1091
942
767
600
474
411
373
319
202
21
-176
-345
-445
-471
-458
-486
-607
-797
-953
-989
-912
-812
-782
-855
-1018
-1180
-1261
-1217
-1085
-991
-1017
-1153
-1314
-1386
-1286
-1061
-828
-711
-756
-901
-1021
-985
-783
-507
-323
-338
-500
-683
-769
-717
-558
-400
-363
-475
-634
-740
-709
-583
-475
-460
-543
-658
-729
-702
-574
-419
-350
-403
-519
-582
-542
-426
-300
-211
-171
-188
-234
-232
-157
-42
71
160
235
285
301
295
328
417
561
735
906
1032
1079
1061
1062
1131
1272
1445
1592
1672
1669
1600
1525
1490
1515
1567
1582
1552
1468
1353
1248
1171
1140
1140
1125
1065
940
792
664
572
526
493
424
301
110
-77
-214
-294
-325
-359
-439
-565
-718
-845
-890
-871
-831
-817
-869
-974
-1073
-1115
-1074
-995
-919
-900
-929
-979
-1023
-1028
-977
-882
-810
-794
-823
-862
-879
-850
-789
-719
-667
-655
-691
-745
-759
-723
-672
-639
-617
-604
-608
-600
-558
-469
-351
-274
-253
-241
-205
-143
-64
24
95
123
102
79
100
158
211
248
280
310
336
346
358
384
408
430
465
528
603
657
672
649
626
631
687
779
857
876
829
753
707
731
828
930
969
928
843
778
775
819
870
881
837
748
655
596
586
592
560
460
322
205
146
120
95
56
-11
-93
-182
-257
-303
-335
-360
-393
-437
-488
-538
-585
-626
-658
-679
-681
-673
-689
-737
-796
-828
-791
-710
-623
-580
-599
-671
-750
-765
-687
-561
-469
-460
-528
-607
-637
-572
-441
-320
-255
-267
-295
-281
-203
-103
-27
14
22
13
-1
1
24
33
-16
-89
-126
-78
4
37
15
-35
-65
-49
15
97
169
189
155
115
135
222
313
356
345
305
269
280
336
419
490
519
511
501
541
606
661
677
658
626
612
620
636
650
631
579
504
447
431
432
426
390
328
265
204
150
106
73
48
9
-46
-105
-156
-211
-270
-314
-333
-315
-294
-277
-280
-319
-382
-435
-426
-374
-307
-277
-286
-310
-331
-327
-308
-266
-239
-245
-268
-278
-268
-251
-234
-222
-215
-214
-218
-221
-234
-252
-271
-292
-283
-235
-160
-95
-68
-79
-121
-119
-68
12
82
108
80
19
-24
-15
45
109
131
98
35
-22
-44
-17
31
68
58
37
12
-9
-6
7
22
25
19
9
0
-9
-20
-34
-32
-2
42
77
95
76
41
50
94
153
203
206
176
132
108
128
190
265
307
287
234
191
182
204
231
244
225
187
130
71
34
16
10
-6
-24
-49
-85
-125
-156
-163
-129
-62
-10
9
-8
-39
-68
-58
-14
42
87
84
23
-45
-77
-67
-36
-13
-17
-53
-90
-110
-102
-72
-35
-23
-34
-43
-46
-44
-42
-37
-34
-30
-19
3
25
48
60
57
57
62
75
85
94
91
71
53
34
14
-1
-14
-20
-21
-23
-34
-57
-82
-102
-115
-120
-122
-120
-122
-126
-147
-172
-175
-159
-125
-65
-20
-9
-25
-61
-74
-49
8
58
85
84
58
40
48
71
90
86
68
37
7
-3
-5
-2
0
4
3
-1
-10
-18
-29
-37
-33
-15
15
46
55
40
35
37
49
74
91
80
50
13
-6
10
45
71
59
19
-11
-17
-1
31
49
46
34
22
16
22
21
8
-26
-61
-73
-73
-65
-63
-82
-104
-111
-100
-56
-11
15
12
5
3
22
71
120
149
145
116
83
66
76
89
92
85
59
30
4
-13
-35
-71
-106
-136
-148
-141
-123
-114
-115
-122
-129
-143
-138
-115
-86
-65
-56
-49
-38
-21
-8
9
39
64
73
61
47
47
54
61
57
52
55
61
66
70
68
59
46
37
37
52
76
78
58
34
19
24
41
57
62
57
41
25
19
24
36
40
27
11
-4
-15
0
16
23
23
12
9
11
15
14
-2
-29
-48
-55
-51
-43
-43
-55
-72
-91
-101
-87
-68
-56
-51
-53
-49
-30
8
37
48
36
16
4
11
23
34
35
19
-1
-13
7
34
52
57
42
19
-4
-5
4
14
17
5
-16
-32
-45
-53
-55
-58
-63
-66
-59
-53
-50
-43
-47
-55
-49
-39
-39
-43
-56
-59
-49
-27
-2
11
6
-19
-49
-65
-50
-18
11
30
23
14
9
12
26
37
41
33
18
10
18
35
53
59
49
29
17
10
20
35
45
44
32
32
35
43
54
52
42
32
30
34
42
47
48
37
31
22
7
-15
-36
-55
-61
-59
-53
-43
-32
-15
-2
17
28
34
32
34
35
38
55
71
75
67
50
28
21
26
38
53
61
55
50
50
54
54
44
23
-5
-31
-36
-37
-44
-48
-59
-72
-93
-106
-109
-107
-102
-98
-101
-101
-99
-97
-93
-79
-68
-67
-69
-67
-57
-39
-14
3
6
-1
-13
-24
-22
-2
23
37
38
23
9
4
14
28
48
57
50
37
22
18
24
39
43
43
35
28
24
31
42
42
38
37
34
23
19
15
1
-4
1
7
8
-3
-20
-42
-59
-60
-45
-19
-3
-9
-29
-49
-56
-40
0
42
65
63
39
15
13
36
62
77
73
50
27
26
46
75
93
88
66
30
13
7
5
2
-7
-25
-39
-42
-38
-34
-30
-36
-46
-47
-45
-34
-25
-20
-26
-39
-42
-41
-42
-36
-33
-37
-40
-31
-20
-12
-11
-21
-29
-30
-25
-11
-7
-12
-24
-46
-41
-21
-4
17
20
9
-6
-13
-3
15
35
45
40
26
10
15
28
43
50
42
36
22
14
21
28
40
38
32
20
7
4
10
23
38
44
39
23
-3
-28
-47
-48
-39
-33
-29
-31
-35
-31
-14
9
14
11
-8
-26
-30
-18
3
22
35
32
27
22
24
25
28
30
20
15
7
-1
-5
-3
8
15
15
8
-7
-13
-14
-15
-13
-16
-24
-43
-58
-65
-71
-60
-43
-26
-17
-15
-20
-24
-31
-27
-22
-19
-16
-24
-32
-29
-19
-6
16
29
29
18
-1
-11
-8
5
20
26
15
-2
-12
-5
20
48
61
58
41
16
4
14
28
39
38
28
7
-2
3
13
31
37
22
0
-21
-34
-25
-5
14
13
-1
-24
-33
-28
-15
-2
0
-3
-12
-15
-8
2
16
17
7
-2
-11
-10
0
3
5
0
-4
1
14
27
35
34
30
26
34
49
54
48
32
14
0
13
31
36
28
4
-18
-28
-20
-5
1
-10
-26
-47
-51
-35
-11
2
2
-13
-38
-46
-40
-22
-8
-4
-11
-21
-30
-24
-14
-10
-17
-24
-32
-36
-36
-29
-20
-14
-9
0
3
1
-4
-10
-12
-14
-9
-3
4
0
-3
0
-1
8
12
11
6
-2
-11
-5
6
16
19
15
9
4
8
11
15
5
-10
-20
-24
-15
-5
-4
-13
-25
-37
-29
-4
17
32
38
24
11
11
16
33
43
38
27
20
22
34
44
53
50
32
24
26
32
43
44
34
20
12
12
15
20
16
4
-6
-12
-13
-7
3
0
-13
-22
-30
-38
-32
-26
-23
-24
-31
-36
-44
-37
-26
-19
-13
-19
-24
-25
-22
-11
-7
0
-4
-10
-6
-8
-2
5
9
11
4
1
-2
-9
-1
6
8
12
15
6
-6
-11
-16
-13
-11
-9
-13
-21
-26
-17
-1
21
35
27
11
-3
-4
4
15
19
3
-15
-27
-25
-12
11
22
19
1
-17
-24
-17
-3
3
0
-13
-27
-28
-17
3
14
21
14
5
3
11
26
28
27
23
20
21
23
24
22
20
17
13
15
16
15
15
11
7
9
9
10
8
2
-6
-15
-19
-14
-4
-1
-5
-14
-25
-23
-20
-15
-7
-7
-15
-24
-28
-26
-13
-1
2
1
-4
-9
-10
-2
8
14
18
14
7
0
3
13
15
11
10
3
2
5
12
14
11
0
-7
-13
-13
-16
-23
-30
-36
-34
-20
-5
5
8
8
9
11
14
14
8
-3
-13
-18
-18
-12
-7
-8
-5
-10
-15
-7
0
4
3
-5
-11
-15
-12
-5
-2
-1
1
4
6
12
19
21
25
26
22
19
14
10
6
11
17
28
35
27
19
7
-1
3
6
7
2
-12
-25
-25
-18
1
16
16
9
-2
-5
0
13
23
25
13
0
-12
-12
0
7
8
-5
-19
-31
-25
-14
-4
-1
-8
-17
-26
-22
-16
-9
-7
-6
-16
-18
-17
-10
2
10
10
-1
0
-4
-2
3
13
15
13
13
14
14
11
10
3
-2
-5
-5
-6
-7
-11
-15
-9
-1
5
5
1
0
-8
-12
-7
-1
5
7
5
-1
-7
-10
-10
-3
1
-1
-3
-7
-12
-14
-5
2
4
0
-7
-12
-10
-2
10
24
35
36
26
18
11
6
9
13
8
2
-4
-6
0
8
14
12
5
-4
-15
-19
-16
-11
-3
-2
-3
-10
-9
-9
-5
8
16
18
15
12
6
0
1
0
-4
-5
-9
-11
-10
-3
-1
-1
5
-2
-12
-20
-26
-25
-21
-16
-12
-10
-10
1
10
18
25
28
24
21
18
18
25
32
29
18
4
-7
-15
-15
-10
-9
-10
-18
-25
-31
-24
-14
-9
-6
-9
-16
-16
-9
-4
2
5
0
-2
-1
0
5
11
16
17
16
16
20
18
17
13
5
6
5
4
4
3
-3
-5
-4
-1
4
7
7
5
3
0
-1
-1
-2
-4
-12
-9
-4
0
6
8
7
3
1
-1
-4
-6
-6
-2
2
6
7
1
-3
-10
-15
-10
-6
-6
-11
-19
-25
-20
-6
6
14
11
1
-5
-4
1
12
18
3
-31
-69
-83
-53
-11
19
40
48
53
51
41
41
48
51
39
16
-2
-3
7
16
16
8
-9
-27
-39
-37
-30
-26
-23
-29
-35
-33
-32
-32
-30
-31
-28
-25
-27
-22
-14
-8
6
19
24
26
31
30
32
38
41
37
29
19
9
0
-4
-1
5
8
5
-2
-6
-6
-4
-5
0
4
3
3
6
5
-1
-5
-2
4
4
-2
-7
-6
0
1
6
4
-4
-13
-30
-38
-34
-27
-20
-22
-30
-38
-43
-40
-24
-25
-66
-139
-194
-190
-148
-71
32
127
189
182
168
203
264
325
357
371
366
307
215
132
66
1
-76
-137
-176
-208
-241
-265
-275
-293
-323
-346
-327
-286
-236
-174
-120
-80
-57
-25
38
92
122
144
177
219
234
229
231
226
192
132
98
96
78
21
-23
-25
-41
-86
-130
-122
-92
-122
-163
-154
-98
-72
-89
-90
-56
-36
-61
-66
-19
39
49
14
20
59
73
49
32
69
107
98
69
76
102
80
27
3
23
33
6
-23
-36
-56
-81
-102
-100
-81
-77
-95
-136
-166
-138
-79
-46
-30
-5
42
71
55
58
106
153
182
193
219
222
172
116
74
58
55
54
62
50
12
-41
-99
-136
-173
-177
-148
-125
-119
-124
-125
-136
-144
-130
-85
-28
15
47
75
83
71
56
75
111
132
146
146
130
99
69
61
79
90
81
55
22
-29
-89
-119
-116
-106
-99
-91
-83
-80
-100
-124
-137
-125
-100
-61
1
59
89
78
38
11
22
50
80
132
192
201
149
78
37
2
-49
-68
-48
-19
-40
-88
-123
-161
-212
-238
-188
-96
-24
11
42
69
62
28
23
66
123
157
166
183
189
136
53
-1
-7
-4
-25
-28
7
34
-3
-69
-104
-111
-133
-149
-110
-42
-14
-49
-84
-72
-38
-18
5
54
96
100
73
64
98
131
126
102
100
104
83
40
8
19
26
-8
-43
-58
-50
-71
-123
-159
-161
-146
-150
-158
-143
-102
-67
-63
-63
-35
0
4
-12
-1
34
56
58
55
69
81
62
32
35
76
104
86
41
16
9
-12
-39
-15
60
92
50
-7
-18
-32
-75
-74
-6
64
59
3
-49
-81
-117
-135
-103
-44
6
11
-9
-37
-64
-71
-47
-1
62
127
151
122
70
28
-3
-32
-24
38
98
100
47
-17
-70
-120
-137
-101
-7
74
84
51
1
-46
-90
-91
-40
39
100
110
84
41
-8
-46
-55
-12
54
105
128
111
61
14
-19
-18
19
63
102
111
78
13
-61
-109
-121
-97
-43
12
42
19
-21
-76
-116
-108
-64
-6
46
75
78
43
-9
-44
-33
-5
23
54
77
71
15
-48
-74
-62
-30
9
42
59
53
14
-36
-57
-40
-5
27
56
69
58
21
-22
-39
-31
-2
36
64
71
62
34
0
-27
-28
-2
19
25
26
21
-7
-51
-90
-100
-83
-72
-52
-29
-28
-42
-74
-86
-66
-32
4
31
43
32
1
-29
-39
-19
13
38
48
34
23
8
-16
-28
-22
-10
-6
2
7
10
5
-4
-7
-6
-3
1
8
7
-1
-17
-31
-49
-66
-71
-69
-57
-48
-44
-44
-45
-37
-26
-14
6
23
40
54
63
67
61
61
55
50
46
43
42
35
24
7
-6
-5
-3
-6
-2
11
20
15
15
23
32
29
23
30
43
47
41
36
31
21
6
-5
-4
-3
-10
-19
-29
-27
-21
-13
-4
1
-3
-16
-32
-41
-41
-34
-17
1
7
-7
-29
-53
-60
-45
-20
6
34
51
46
23
8
2
4
21
34
42
36
17
-3
-25
-40
-42
-25
-3
16
29
32
15
-7
-27
-35
-28
-4
22
31
30
19
-3
-25
-35
-28
-10
18
40
53
50
35
4
-23
-17
-5
4
11
13
-1
-29
-62
