0
0
0
0
0
0
0
0
-1
1
0
0
0
0
0
1
-1
0
0
0
0
0
0
0
1
-1
0
0
0
0
0
0
0
1
0
-1
-1
0
0
0
0
0
0
0
0
0
0
0
0
0
0
0
1
0
0
0
-1
1
0
-1
0
0
0
0
0
0
-1
1
0
1
-1
0
1
1
-1
0
0
0
0
1
0
-1
0
0
0
0
0
0
0
0
1
0
0
1
0
0
0
1
0
0
0
-1
0
0
0
-1
0
-1
0
0
0
0
0
-1
0
0
-1
0
-1
0
0
-1
0
1
0
-1
1
0
0
-1
0
0
0
0
0
-1
0
1
-1
0
0
0
0
-1
-1
1
0
0
1
1
0
1
0
0
0
1
1
0
0
1
0
0
0
0
0
0
1
0
0
0
0
0
1
0
0
0
-1
0
1
0
1
-1
0
1
0
0
-1
0
-1
-1
0
0
-1
0
0
0
0
0
0
0
-1
-1
0
0
0
0
-1
0
0
1
0
0
0
0
0
1
-1
0
0
0
0
0
0
0
0
0
1
0
1
0
0
-1
1
0
0
0
0
0
0
-1
-1
-1
1
0
-1
0
0
1
0
0
0
0
0
0
0
0
0
-1
0
0
0
0
-1
0
0
0
0
-1
1
0
0
1
0
0
1
0
1
0
0
0
0
1
0
0
0
0
0
0
0
1
1
0
0
-1
0
-1
0
-1
0
1
1
1
1
0
-1
0
0
0
0
0
0
0
0
0
0
0
0
0
0
0
1
0
0
0
-1
0
0
-1
0
0
0
0
0
0
-1
0
0
0
0
1
0
-1
-1
1
0
0
0
0
0
0
1
0
1
1
0
0
0
0
-1
0
0
0
1
0
0
-1
1
-1
-1
-1
0
0
0
0
1
1
0
1
-1
0
0
1
0
-1
0
-1
0
0
-1
0
0
0
0
0
0
0
0
0
0
0
0
0
-1
0
0
0
0
-1
0
0
0
0
-1
1
0
0
-1
0
1
0
0
0
1
1
0
0
-1
0
0
0
0
0
0
1
0
-1
0
0
0
1
0
0
1
-1
0
0
1
1
1
1
1
0
-1
-1
1
0
-1
0
-1
0
0
0
0
-1
0
0
1
-1
0
-1
0
0
1
0
1
0
0
-1
0
0
1
0
0
1
0
1
0
0
-1
0
1
-1
0
0
0
0
-1
0
0
0
1
0
0
-1
0
1
-1
0
0
0
0
0
0
0
-1
0
-1
0
0
0
-1
0
-1
0
0
0
1
0
1
0
0
0
0
0
-1
0
-1
0
0
0
0
0
1
1
0
0
0
-1
-1
-1
0
0
1
0
0
0
0
-1
0
0
1
0
0
1
0
0
-1
0
0
0
0
-1
0
0
0
0
0
0
0
0
0
0
0
0
0
0
0
0
0
0
0
0
0
1
1
1
0
0
0
0
0
1
1
-1
1
0
0
-1
0
0
0
1
0
0
-1
0
0
0
1
1
0
0
0
0
0
0
1
-1
0
0
-1
0
0
0
-1
0
1
0
0
-1
1
-1
0
0
-1
0
0
0
0
-1
0
1
0
0
0
0
0
-1
0
0
1
0
0
-1
-1
0
0
0
0
-1
1
0
-1
0
1
0
-1
-1
1
-1
0
0
0
0
-1
0
0
0
1
0
0
-1
0
0
0
0
0
0
0
0
0
0
0
0
-1
0
0
0
-1
0
0
0
0
0
0
1
0
0
1
0
0
0
0
0
-1
0
-1
0
0
0
0
1
0
0
1
0
-1
0
0
-1
1
0
0
0
-1
0
0
1
0
0
0
0
0
-1
0
0
-1
-1
0
0
0
0
0
0
0
-1
-1
0
0
0
-1
1
0
0
0
-1
0
1
1
0
0
-1
-1
0
0
0
0
1
1
0
0
0
-1
0
0
0
1
0
0
0
1
1
0
0
0
0
-1
0
0
0
0
0
0
0
0
0
0
0
1
0
1
0
0
-1
-1
0
-1
0
0
1
-1
0
0
-1
0
0
1
0
0
-1
0
0
0
0
-1
0
0
0
0
-1
-1
1
0
0
0
-1
-1
0
0
0
-1
0
0
0
-1
0
-1
1
0
0
-1
0
1
0
0
0
0
1
0
-1
0
0
1
0
1
0
0
0
-1
0
0
0
1
0
1
0
0
0
1
0
1
0
0
0
0
1
-1
0
0
0
0
0
-1
0
-1
0
0
0
-1
0
0
0
0
1
0
0
0
0
0
-1
1
0
0
0
1
-1
1
0
0
0
0
1
0
0
1
0
0
0
-1
-1
0
0
0
-1
0
-1
1
0
0
1
0
1
0
0
0
1
0
0
0
0
1
0
1
0
0
1
1
0
1
1
0
0
-1
0
-1
0
0
0
0
0
0
0
0
0
0
0
0
1
0
0
0
-1
-1
0
-1
-1
0
0
0
0
0
0
0
0
0
-1
-1
1
1
-1
0
-1
1
0
0
0
0
-1
0
0
0
0
0
0
0
-1
0
0
0
1
0
1
0
-1
1
0
1
0
0
-1
1
0
-1
0
0
0
0
0
1
0
0
-1
0
-1
0
0
0
0
0
0
-1
0
-1
1
0
1
0
-1
0
0
0
0
1
0
-1
0
0
0
-1
0
-1
-1
1
0
-1
1
1
0
0
1
1
0
1
1
0
0
0
1
0
1
1
-1
0
-1
0
0
0
0
0
-1
1
0
0
0
0
0
0
2
-1
0
0
-1
-1
0
0
0
0
1
1
0
1
1
0
0
-1
0
0
-1
0
0
-1
0
-1
0
0
1
-1
-1
0
0
0
0
1
0
-1
0
0
-1
0
0
1
1
0
0
0
-1
-1
-1
0
1
0
1
0
-1
0
0
0
0
0
0
0
0
0
0
0
0
0
0
-1
0
0
0
0
0
0
0
-1
0
0
0
0
0
-1
0
1
1
0
0
-1
0
0
-1
0
0
0
1
0
0
0
0
0
0
0
0
0
0
-1
-1
0
0
0
0
-1
1
0
-1
0
1
1
0
0
0
-1
0
-1
-1
1
1
0
0
1
-1
0
0
-1
0
-1
0
0
1
1
0
-1
0
0
0
1
1
-1
-1
0
0
0
0
0
1
0
-1
0
-1
-1
0
0
1
0
0
1
0
-1
-1
0
1
-1
-1
0
0
-1
0
-1
0
1
0
0
-1
0
0
0
-1
0
0
0
-2
0
0
-1
0
1
1
0
-1
-2
0
0
0
1
1
1
0
-1
0
1
0
0
-1
0
1
0
0
1
0
1
1
0
0
-1
1
0
0
0
0
1
0
0
0
2
0
0
1
-1
0
-1
0
0
0
0
0
0
-1
1
1
-1
-1
0
-1
0
0
1
1
0
-1
0
1
0
0
0
1
1
0
1
0
-1
0
2
0
0
1
0
0
-1
0
1
1
0
-1
0
0
0
1
0
1
0
0
-1
-2
0
-1
0
0
2
1
-1
0
1
-1
0
0
0
0
0
0
1
-1
0
0
0
-1
0
0
-1
0
1
0
0
-1
-1
0
0
0
-1
1
1
1
0
0
1
0
0
0
-1
-1
-1
-1
0
1
1
0
2
0
0
-1
0
0
0
-1
1
1
-1
0
-1
2
0
-1
0
1
0
0
-1
0
0
-1
-1
0
1
0
0
0
1
0
0
1
0
0
-1
-1
0
0
1
1
0
-1
-1
-1
-1
1
1
1
1
1
-1
0
-1
-1
1
0
0
0
0
0
0
0
-1
-1
-1
-1
-1
0
1
2
0
0
0
0
-1
0
1
0
0
-1
1
1
0
-1
0
0
0
0
2
0
0
-1
1
0
0
1
0
0
0
0
1
-1
0
0
0
0
-1
0
0
0
-1
0
0
0
1
-1
-1
0
0
0
-1
0
0
0
0
0
1
0
0
-1
0
-1
-2
-1
1
2
1
1
-1
-1
-1
1
2
0
1
0
0
-1
0
-1
0
0
0
0
0
1
1
0
-1
0
0
0
0
2
1
0
0
0
0
-1
-1
1
0
1
0
-1
1
1
-1
0
0
0
-1
0
0
0
-1
0
0
0
-1
0
0
-1
-1
1
1
1
0
0
0
0
0
0
-1
0
0
-1
0
0
0
1
0
-1
-1
0
0
0
1
1
0
-1
0
1
0
-1
-1
0
1
0
0
-1
1
0
-1
0
0
0
-1
0
-1
0
0
0
0
1
0
0
0
-1
-1
1
1
0
1
0
-1
0
0
0
0
1
1
1
0
-1
-1
0
0
1
1
1
0
0
-1
0
-1
0
0
0
0
0
0
0
0
0
1
0
0
-2
-2
0
0
1
2
1
1
-1
1
1
-1
0
1
1
0
1
1
1
-1
-1
1
-1
0
-1
0
1
0
0
-1
0
0
1
0
1
0
-2
-1
0
2
0
0
0
1
0
0
-1
-1
-1
-1
-1
1
2
1
-2
0
1
-1
-1
0
1
-1
0
0
2
2
0
1
1
0
-2
-1
0
1
1
2
4
2
-1
-2
-3
-6
-2
2
4
4
1
0
-1
-1
-2
0
1
0
-1
2
3
0
0
0
-3
-1
-1
0
-2
2
3
5
4
2
-2
-4
-5
-3
-1
1
2
1
1
1
-1
-3
-2
-1
0
-1
-1
-1
1
4
5
4
0
-1
-2
-4
-2
1
1
0
-1
0
1
2
1
3
1
-3
-3
-2
2
0
0
3
3
0
-2
-2
-2
-3
-2
-2
2
2
3
2
2
1
0
-1
-3
-3
-2
-1
0
0
2
4
1
0
-2
-2
-2
-4
-3
0
4
4
3
1
1
0
-3
-2
-1
0
0
0
0
2
1
0
1
-1
-1
-3
-3
-3
-1
1
4
4
4
1
-1
-2
-1
-1
-1
0
0
0
1
1
0
-1
-2
-1
0
-1
1
2
3
2
3
2
-2
-2
-2
-2
-3
-2
-1
1
5
6
4
1
-2
-1
0
0
1
1
2
3
3
1
-2
-7
-10
-12
-8
-4
2
5
4
5
8
12
10
7
1
0
3
0
-5
-9
-9
-12
-17
-11
-5
-9
-19
-18
-9
-5
-2
3
9
12
6
1
5
6
-4
-7
3
10
11
13
18
19
11
6
7
6
-2
-4
-2
3
2
0
2
5
8
7
7
7
2
-3
-4
-4
-4
-7
-10
-10
-5
1
0
-2
-5
-9
-10
-13
-12
-6
1
1
-1
0
4
2
1
-1
0
0
-2
-4
-3
0
1
7
10
12
8
6
4
-3
-7
-9
-4
0
4
10
15
14
10
10
15
19
18
14
10
7
1
-3
2
4
1
-2
-4
-7
-10
-14
-15
-16
-17
-16
-15
-14
-14
-12
-7
2
6
4
3
0
-3
-11
-15
-16
-12
-12
-13
-11
-5
-1
-3
-8
-7
-2
0
-1
4
7
6
-1
-8
-11
-14
-14
-15
-12
-8
0
8
15
18
16
14
8
-2
-10
-16
-16
-15
-14
-10
0
10
17
19
21
23
25
24
21
22
24
24
18
13
11
12
14
15
14
10
8
6
3
2
-1
1
-2
-3
-2
-1
-1
-5
-9
-14
-20
-24
-24
-19
-14
-10
-8
-4
-3
-3
-4
2
6
5
2
0
-1
-4
-6
-6
-4
-6
-6
2
8
8
7
10
10
8
7
11
17
19
17
15
12
6
-2
-8
-11
-8
-9
-6
-3
5
12
20
20
18
13
4
-5
-10
-11
-17
-22
-21
-13
-4
4
13
18
12
2
-11
-18
-23
-30
-35
-34
-26
-18
-12
-9
-9
-15
-20
-21
-19
-18
-19
-21
-17
-11
-5
0
1
-1
-5
-10
-12
-13
-8
-2
5
14
24
34
40
41
36
26
15
8
3
3
12
26
38
49
54
57
54
44
31
21
13
8
6
11
22
31
35
35
31
25
19
14
4
-6
-17
-27
-32
-38
-39
-41
-41
-42
-40
-35
-28
-21
-17
-16
-24
-32
-34
-33
-36
-41
-44
-43
-40
-42
-40
-36
-32
-38
-46
-52
-51
-49
-46
-38
-28
-18
-9
-2
4
8
4
1
3
7
10
17
23
28
28
28
30
33
29
27
32
43
47
47
51
56
50
35
28
26
23
11
8
14
19
20
24
34
43
39
31
21
11
-3
-12
-15
-14
-19
-24
-23
-19
-16
-17
-12
-8
-11
-19
-20
-17
-18
-22
-18
-7
1
6
9
13
16
22
24
26
29
31
35
43
53
64
70
75
80
83
87
88
86
81
72
56
44
38
35
28
17
9
11
18
25
32
42
51
51
49
54
66
80
91
109
127
139
155
169
175
172
160
136
108
78
44
11
-21
-54
-96
-132
-160
-169
-172
-182
-207
-249
-300
-365
-438
-517
-591
-659
-724
-782
-812
-814
-826
-888
-1022
-1209
-1451
-1733
-2015
-2227
-2323
-2289
-2118
-1798
-1322
-722
-59
592
1183
1671
2039
2282
2422
2516
2597
2663
2693
2703
2717
2710
2629
2453
2188
1818
1339
804
302
-109
-433
-639
-677
-560
-338
-41
325
710
1026
1238
1398
1535
1621
1667
1718
1777
1804
1767
1684
1555
1349
1048
675
259
-177
-605
-975
-1242
-1422
-1566
-1680
-1762
-1854
-1977
-2083
-2117
-2112
-2114
-2073
-1903
-1651
-1411
-1190
-964
-815
-896
-1192
-1535
-1860
-2239
-2646
-2958
-3159
-3342
-3484
-3435
-3260
-3305
-3752
-4458
-5239
-6072
-6855
-7239
-6988
-6268
-5272
-3881
-1964
258
2392
4237
5763
6841
7332
7411
7399
7410
7393
7333
7303
7292
7212
7047
6759
6157
5078
3600
1948
281
-1282
-2524
-3229
-3427
-3328
-2973
-2271
-1282
-251
631
1338
1878
2220
2463
2798
3273
3821
4380
4871
5154
5157
4916
4478
3778
2771
1557
370
-674
-1542
-2169
-2511
-2671
-2798
-2956
-3127
-3241
-3280
-3232
-3143
-3031
-2843
-2461
-1875
-1142
-404
194
573
712
604
329
12
-365
-834
-1365
-1881
-2355
-2718
-2921
-3027
-3210
-3506
-3806
-4071
-4346
-4485
-4319
-3940
-3561
-3225
-2719
-2053
-1442
-998
-679
-515
-621
-948
-1268
-1493
-1781
-2371
-3321
-4548
-5927
-7288
-8381
-8967
-8963
-8440
-7434
-5834
-3636
-1026
1726
4393
6671
8348
9453
10171
10631
10860
10876
10730
10429
9965
9423
8866
8177
7114
5572
3643
1477
-769
-2835
-4478
-5619
-6285
-6459
-6068
-5085
-3648
-2014
-423
970
2081
2953
3767
4654
5586
6473
7266
7890
8231
8274
8041
7397
6176
4434
2429
382
-1521
-3066
-4132
-4787
-5211
-5464
-5546
-5475
-5328
-5104
-4919
-4820
-4720
-4481
-3926
-3082
-2051
-955
78
890
1392
1617
1647
1505
1094
384
-445
-1182
-1788
-2310
-2712
-3017
-3388
-3885
-4383
-4777
-5063
-5208
-5154
-4958
-4716
-4359
-3768
-3068
-2524
-2181
-1917
-1778
-1910
-2190
-2318
-2259
-2140
-1942
-1643
-1549
-2026
-3016
-4244
-5681
-7309
-8655
-9167
-8849
-7960
-6367
-3785
-506
2780
5732
8367
10465
11615
11842
11630
11252
10633
9832
9150
8678
8219
7697
7163
6424
5124
3229
1030
-1272
-3583
-5585
-6785
-7050
-6576
-5402
-3476
-988
1583
3867
5672
6840
7278
7152
6805
6489
6309
6307
6472
6568
6385
5834
4908
3485
1525
-819
-3222
-5380
-7030
-7940
-8095
-7556
-6541
-5321
-4187
-3174
-2338
-1774
-1555
-1587
-1616
-1507
-1200
-614
225
1102
1799
2166
2122
1697
933
-118
-1276
-2338
-3148
-3617
-3780
-3647
-3348
-3254
-3398
-3629
-3876
-4113
-4202
-4033
-3536
-2916
-2364
-1733
-1084
-702
-785
-1146
-1586
-1951
-2354
-2693
-2732
-2523
-2229
-1993
-1619
-1142
-909
-1544
-3199
-5311
-7395
-9390
-11071
-11729
-10868
-8983
-6761
-3924
-130
3976
7379
9763
11371
12204
11993
11050
10172
9645
9170
8644
8173
7734
7194
6469
5442
3848
1482
-1281
-3814
-5921
-7450
-7910
-6995
-5094
-2865
-407
2412
5209
7304
8510
9035
8868
7972
6734
5726
5063
4542
4059
3686
3240
2432
1299
9
-1491
-3284
-5151
-6654
-7400
-7330
-6547
-5241
-3575
-1827
-342
689
1393
1902
2038
1744
1291
951
794
732
827
956
929
471
-376
-1298
-2265
-3255
-4080
-4460
-4389
-4108
-3631
-2773
-1736
-1001
-819
-1002
-1236
-1565
-2054
-2301
-1989
-1439
-1085
-822
-407
-231
-804
-1881
-2989
-4190
-5516
-6426
-6540
-6053
-5286
-4238
-2850
-1460
-425
383
953
584
-1317
-4214
-6951
-9120
-11035
-12160
-11375
-8985
-6445
-4001
-576
3732
7260
9134
10173
10899
10707
9642
8908
9069
9417
9346
9088
8819
8221
7129
5788
4041
1395
-1825
-4491
-6111
-6942
-6865
-5382
-2776
-256
1745
3944
6457
8230
8763
8698
8474
7857
6863
6108
5832
5462
4528
3191
1572
-257
-2039
-3621
-4994
-6260
-7361
-7880
-7533
-6376
-4600
-2655
-873
692
1724
2123
2271
2466
2538
2201
1568
1072
815
540
293
115
-389
-1432
-2715
-3762
-4320
-4568
-4497
-3975
-3166
-2335
-1495
-562
328
833
653
53
-631
-1313
-1780
-1806
-1535
-1130
-595
-28
269
244
0
-726
-2278
-4227
-5650
-6449
-6846
-6366
-4763
-2991
-1830
-836
475
1510
1806
1824
1629
-90
-3745
-7508
-9964
-11727
-13271
-13350
-11097
-8073
-5817
-3155
1201
5790
8526
9626
10479
11160
10838
10060
10199
10934
10947
10043
8821
7326
5338
3112
902
-1724
-4998
-7786
-8894
-8646
-7701
-5591
-2179
1221
3430
5200
7560
9634
10135
9602
9276
8918
7867
6761
6442
6383
5271
2856
72
-2549
-5255
-7836
-9450
-9859
-9621
-8931
-7293
-4482
-1120
1949
4367
6092
6934
6904
6359
5693
5151
4488
3372
1988
808
-288
-1509
-2717
-3988
-5420
-6963
-8021
-8024
-7165
-5910
-4289
-2385
-635
584
1343
2018
2562
2496
1787
1112
856
838
745
608
783
938
264
-1031
-2155
-2954
-3695
-4807
-6096
-6488
-6214
-6351
-6217
-5124
-3778
-2792
-2344
-1871
-930
-311
-214
370
1133
705
-1527
-4784
-7531
-9711
-12063
-13524
-12556
-9899
-7323
-4865
-1012
4212
8538
10908
12298
13143
12882
11714
10625
10056
9432
8348
7111
5661
3734
1753
125
-1763
-4383
-6901
-8239
-8335
-7618
-5899
-2672
1194
4132
6262
8599
10837
11767
11351
10651
9908
8370
6280
4787
4026
3014
1237
-958
-3206
-5501
-7777
-9707
-10896
-10976
-10040
-8533
-6187
-2540
1566
4803
6980
8756
9908
9593
8095
6617
5294
3473
1174
-877
-2405
-3902
-5505
-6902
-7944
-8809
-9355
-9195
-8158
-6532
-4662
-2403
201
2326
3571
4520
5439
5750
5081
4024
3201
2411
1286
75
-834
-1582
-2539
-3758
-4816
-5330
-5452
-5621
-5737
-5180
-4162
-3423
-3073
-2668
-1978
-1476
-1433
-1234
-475
149
450
810
1359
1889
2018
1598
69
-3246
-7520
-11178
-13796
-15463
-15406
-12833
-8555
-4307
-305
4505
9431
12516
13441
13287
12521
10917
8897
7731
7776
7769
6900
5610
3922
1468
-1368
-3974
-6310
-8610
-10372
-10375
-8443
-5454
-1604
3147
7645
10539
11812
12428
12756
12025
10190
8370
6941
5277
3410
2050
1284
264
-1636
-4091
-6614
-9166
-11351
-12424
-12100
-10518
-7880
-4428
-461
3647
7302
9969
11346
11367
10263
8330
5938
3636
1703
-46
-1727
-3234
-4723
-6267
-7737
-8918
-9685
-10187
-10208
-9198
-7132
-4490
-1684
1144
3927
6254
7507
7771
7558
6910
5650
3906
2108
643
-638
-1874
-2928
-3863
-4864
-5734
-6046
-5880
-5612
-5159
-4085
-2516
-1161
-337
309
929
972
262
-459
-473
-60
-1
-215
-90
266
290
72
155
42
-1902
-5900
-9977
-12784
-14874
-16259
-15410
-11589
-6651
-2725
926
5817
10701
13425
13988
13589
12654
10869
8661
7350
7094
6728
5660
3823
1130
-1884
-4355
-6185
-7791
-9293
-9692
-8227
-5614
-2477
1605
6478
10455
12180
12381
12606
12724
11717
9989
8724
7714
5890
3405
1454
172
-1656
-4449
-7414
-9863
-11555
-12427
-12223
-10508
-7584
-4296
-983
2327
5517
8255
9902
10327
10057
9282
7920
6153
4229
2363
408
-2080
-4878
-7302
-9100
-10378
-11111
-11048
-10185
-8811
-6795
-4118
-1622
342
2369
4352
5584
5946
6105
6454
6486
5584
4180
2964
1694
-124
-2397
-4598
-6124
-7044
-7770
-7833
-6599
-4806
-3399
-2048
-506
664
871
774
1021
1002
487
470
1284
2053
2327
2340
2101
1367
304
-664
-1529
-2643
-3944
-5797
-8974
-12590
-14808
-15408
-15249
-14041
-10691
-5636
-1068
2312
6050
10520
13709
14382
13766
13265
12566
10941
9124
8093
7176
5164
2098
-1236
-4256
-6673
-8290
-9053
-9082
-8228
-6092
-2908
531
4049
7774
10791
11955
11701
11514
11768
11514
10362
9069
7854
5811
2726
-310
-2672
-5031
-7922
-10701
-12303
-12422
-11474
-9772
-7417
-4569
-1499
1250
3298
5226
7644
9725
10163
9376
8807
8386
6756
3954
1423
-744
-3817
-7478
-9812
-10363
-10334
-10145
-9253
-7747
-6237
-4800
-3046
-1078
559
1793
3139
4571
5753
6678
7327
7444
6649
4691
2052
-298
-2285
-4258
-5704
-6052
-5634
-5068
-4474
-3599
-2359
-1291
-899
-730
-257
339
958
1891
2787
3119
2776
1901
1078
480
-493
-1814
-2491
-2540
-2794
-3429
-3829
-3323
-3443
-6533
-10991
-13704
-14729
-15390
-14890
-11267
-4945
366
3158
6400
10959
13804
13689
12451
11489
10438
8399
6656
6748
7160
6287
4172
828
-3231
-6609
-8671
-9580
-9725
-8839
-6069
-2298
890
3963
7766
11032
12000
10929
9971
10251
10523
9925
9512
9545
8279
4962
1021
-2206
-5048
-8209
-10978
-12221
-12124
-11233
-9188
-6028
-2714
-49
1677
2838
3874
5034
6539
8004
8775
9139
9118
8013
5804
3061
248
-2675
-5939
-8886
-10207
-10035
-9271
-8209
-7107
-6178
-5571
-5295
-4745
-3369
-1304
1360
4204
6579
8335
9513
9695
8554
6207
3086
-53
-2834
-4665
-5246
-4876
-3900
-2846
-2348
-2495
-2898
-3309
-3535
-3512
-3136
-1957
-172
1526
2766
3115
2707
1944
828
-350
-1003
-1341
-1773
-2169
-2448
-2630
-2800
-3114
-3718
-5550
-9302
-13233
-15129
-15236
-14572
-12210
-7070
-1060
2681
4350
7024
10750
12349
11341
10667
11326
11193
9796
9159
9943
9860
7218
3059
-1278
-5484
-8722
-9806
-9132
-7843
-6007
-3322
-672
1090
2721
5109
7328
8109
8169
9159
10988
12253
12591
12350
10974
7540
2717
-1622
-4702
-7020
-8722
-9403
-9124
-8586
-8081
-7101
-5528
-4087
-3263
-2454
-932
1457
4484
7633
10310
11917
11835
9806
6435
3000
322
-1792
-3660
-5100
-5799
-6073
-6413
-6840
-7296
-7759
-8116
-8106
-7324
-5422
-2244
1822
5673
8186
9261
9268
8288
6525
4322
2276
820
-164
-830
-1062
-975
-1069
-1656
-2751
-4380
-6151
-7089
-6788
-5574
-3872
-1996
-119
1191
1196
543
176
-141
-456
-310
-164
-403
-682
-926
-1292
-2117
-3203
-3611
-4391
-7613
-11860
-14117
-14287
-14044
-13075
-9650
-4083
127
1365
2675
5748
8440
9409
9863
11118
12612
12926
12413
12364
12019
10100
6673
2050
-2948
-6565
-7996
-7897
-7267
-6387
-4663
-2843
-2514
-2689
-1094
1773
3974
5299
7159
10166
12629
13388
13523
13312
11255
7233
3047
-66
-2169
-3720
-4647
-5065
-6040
-7927
-9469
-9981
-9907
-9180
-7455
-4834
-1631
1880
5451
8624
10594
11030
10148
8135
5677
4051
3626
3400
2531
992
-1024
-3610
-6642
-9380
-10937
-11247
-10671
-9449
-7648
-5137
-2166
765
2872
3763
4088
4522
4963
5288
5848
6698
7188
6509
4633
2340
229
-1803
-3763
-5302
-6183
-6295
-6027
-5782
-5366
-4920
-5078
-5813
-6493
-6536
-5488
-3424
-1037
1010
2142
2099
1445
511
-612
-1023
-633
-1153
-3714
-7187
-10034
-11994
-13302
-13197
-10737
-7251
-5082
-3996
-2028
1201
4187
6208
8200
10474
11751
11831
12239
13437
14103
13155
10902
7926
4306
516
-1958
-2697
-3112
-4079
-4923
-5374
-6136
-7042
-6660
-4347
-1478
613
2537
5282
8225
10291
11502
12326
12398
11042
8704
6633
5359
4355
3063
1186
-1519
-4909
-8268
-10812
-12188
-12309
-11234
-9171
-6592
-3967
-1373
1300
3609
4796
5059
5220
5657
6268
6916
7484
7641
6672
4096
706
-2247
-4519
-6298
-7437
-7744
-7585
-7496
-7395
-6716
-5367
-3836
-2412
-987
648
2511
4334
5877
7051
7554
7145
5956
4372
3045
2284
1771
1205
372
-1160
-3424
-5779
-7666
-9139
-10203
-10385
-9621
-8366
-6937
-5221
-3317
-1827
-1319
-1352
-1201
-769
98
1169
1295
-495
-3635
-6861
-9546
-11319
-11174
-8586
-5158
-3338
-3102
-2567
-1249
-132
858
2939
6078
8584
9612
10397
11777
12730
12308
10836
8910
6737
4585
3183
2936
3052
2501
1133
-1108
-4204
-7019
-8016
-6923
-4790
-2542
-300
1798
3175
3898
4890
6423
7804
8513
8809
9111
9369
9233
8497
6903
4055
208
-3653
-6612
-8279
-8828
-8492
-7371
-6214
-5915
-6013
-5381
-4145
-3060
-1953
-102
2459
4599
5629
6312
7069
6944
5493
3806
2798
2119
1059
-309
-1346
-2250
-3762
-5493
-6513
-6703
-6341
-5477
-4032
-2350
-1094
-267
566
1288
1728
2292
3166
3970
4288
4144
4079
4221
3607
1751
-451
-2449
-4501
-6797
-8624
-8957
-8155
-7626
-7574
-7070
-6352
-6106
-6163
-5638
-3850
-1691
-760
-1615
-3638
-6026
-8131
-9340
-9169
-6941
-3353
-715
-213
-783
-771
-10
712
1686
4056
7521
9937
10436
10347
10601
10472
8881
6648
5323
5078
5070
4792
4583
4389
3696
2114
-290
-2682
-4160
-4313
-3434
-2197
-775
864
2066
2037
1335
1309
2413
4111
5864
7547
8817
8941
7745
6028
4423
2854
1379
212
-686
-1806
-3380
-4697
-5024
-5240
-6169
-6720
-6097
-5058
-4454
-3813
-2055
257
1252
896
1059
2316
3442
3812
4330
5410
5741
4460
2565
1219
287
-714
-1626
-2144
-2505
-3180
-3992
-4332
-4200
-3963
-3601
-2986
-2245
-1649
-1136
-285
850
1634
2027
2512
2975
3152
2684
1273
-669
-2470
-4098
-5482
-6091
-5648
-4882
-4945
-5976
-6992
-7289
-7054
-6209
-4323
-2210
-2365
-5365
-8417
-9711
-10094
-9749
-7420
-3301
-288
-547
-1966
-1418
410
1366
2178
4823
8649
10830
10675
10611
11448
11056
8792
6557
5591
5464
5366
5093
4796
3997
2160
-62
-1993
-3408
-3703
-2702
-1429
-831
-716
-298
389
445
92
706
2421
3959
4869
5872
7100
7472
6353
4730
3710
2997
2193
2091
2756
2516
621
-1465
-2697
-3775
-4974
-5193
-4052
-3242
-3891
-4652
-4172
-3299
-3295
-3332
-2263
-705
9
135
1073
2535
3183
3004
3034
3636
4027
3633
3034
2717
2198
961
-621
-1751
-2208
-2485
-2801
-2867
-2812
-3245
-4101
-4786
-4891
-4213
-2953
-1712
-728
101
111
-881
-1755
-1930
-1887
-1798
-1480
-1057
-874
-1453
-2547
-3098
-3059
-3092
-3256
-3909
-5769
-8430
-10671
-11770
-11586
-10346
-8238
-5841
-4559
-4758
-4689
-3098
-907
1048
3399
6691
9789
11166
11312
11847
12650
12310
11003
10138
10087
9809
8657
7207
5686
3446
645
-1659
-3026
-3685
-3765
-3408
-3343
-4043
-4850
-4627
-3415
-2298
-1189
784
3091
4432
4807
5221
5957
6176
5474
4922
5155
5567
5534
5013
4063
2687
1131
-290
-1341
-1788
-1594
-1245
-1745
-3280
-4765
-5306
-5287
-5373
-5137
-4148
-3146
-2931
-3144
-2810
-1838
-974
-500
57
1108
2241
2978
3352
3635
3921
3878
3368
2611
2039
1773
1371
597
-522
-1659
-2454
-3138
-3920
-4363
-4059
-3672
-3868
-4568
-5164
-5322
-5537
-5805
-5237
-3764
-2457
-1878
-1614
-1336
-1175
-1296
-1244
-318
829
892
-755
-3617
-6413
-8278
-9148
-9132
-8032
-6501
-5899
-6542
-7249
-6454
-4469
-2592
-675
2139
5151
6817
7261
7900
9329
10534
10809
11117
12122
12906
12458
11057
9468
7749
5549
3079
1234
339
-121
-751
-1881
-3464
-5146
-6385
-6733
-6192
-5021
-3428
-1685
-339
264
591
1260
2208
2980
3701
4633
5514
6089
5973
5214
4275
3402
2659
2157
2078
2250
2311
1584
-56
-1732
-2781
-3265
-3531
-3596
-3425
-3292
-3728
-4544
-4905
-4603
-4029
-3510
-2869
-1917
-1017
-620
-460
-16
623
1126
1503
2039
2691
3102
3284
3217
2745
2012
1415
968
542
92
-510
-1091
-1932
-3272
-4544
-5301
-5976
-6618
-6762
-6643
-6504
-6655
-6994
-6734
-5817
-4902
-3790
-2233
-1242
-1608
-3272
-5117
-5747
-5275
-4473
-3129
-1308
-341
-1017
-2833
-4114
-3582
-1980
-228
1928
4432
6195
6578
6031
5707
6258
7093
7938
9170
10476
11062
10674
9596
8308
7076
5911
4958
4366
3795
2952
1762
129
-1806
-3703
-4966
-5181
-4525
-3659
-2903
-2268
-1895
-1902
-2045
-1624
-370
1193
2329
3121
4012
4622
4311
3392
2907
3251
3635
3405
3102
3114
2593
941
-949
-1920
-2019
-2193
-2595
-2648
-2518
-2819
-3619
-4188
-3932
-3289
-2739
-2183
-1547
-1093
-883
-777
-570
-158
204
528
832
821
408
19
-139
-217
-144
59
296
465
241
-165
-474
-957
-1549
-1992
-2430
-2872
-3248
-3567
-3658
-3871
-4383
-4759
-5213
-5836
-6055
-5500
-4572
-4367
-5627
-7595
-8916
-9364
-9091
-7736
-5298
-2851
-1869
-2413
-2730
-1552
325
1886
3732
6386
8706
9229
8407
8160
8971
9604
9568
9852
10727
10923
9661
7862
6877
6420
5533
4254
3280
2732
2082
1180
265
-501
-1416
-2448
-3166
-3401
-3301
-3064
-2850
-2857
-2990
-3068
-2782
-2089
-1256
-492
294
1216
2021
2525
2963
3592
4284
4842
5274
5545
5505
5037
4121
3081
2227
1440
489
-609
-1622
-2602
-3711
-4915
-5791
-6118
-6184
-6230
-6047
-5296
-4370
-3692
-3333
-2892
-2104
-1237
-358
643
1664
2274
2412
2216
1828
1586
1451
1174
777
519
318
-78
-871
-1899
-2694
-3213
-3797
-4347
-4348
-4069
-4081
-4426
-4698
-4688
-4597
-4498
-4070
-3253
-3196
-4784
-7243
-8978
-9428
-9073
-8124
-6505
-4730
-4098
-4804
-5237
-4009
-1704
445
2599
5322
7840
8834
8619
8840
10107
11343
11772
12097
12776
12694
11118
9094
7941
7452
6536
4977
3524
2476
1289
-211
-1590
-2480
-3134
-3863
-4467
-4616
-4285
-3792
-3336
-3092
-2909
-2538
-1840
-1088
-590
-266
153
879
1499
1910
2442
3174
3623
3639
3720
4083
4533
4598
4177
3692
3325
2750
1868
987
300
-297
-1183
-2207
-3031
-3819
-4705
-5594
-6200
-6378
-6267
-6120
-5886
-5336
-4608
-3962
-3388
-2629
-1717
-798
-10
517
914
1421
1984
2234
2449
2953
3198
2683
1635
371
-793
-1609
-2580
-3532
-3907
-4183
-4700
-5399
-6153
-6590
-6544
-6316
-5768
-4817
-4493
-5559
-7406
-8609
-8419
-7434
-6345
-4908
-3435
-3337
-4475
-4842
-3430
-1286
410
2072
4535
6832
7417
7142
7814
9511
10827
11348
12115
13145
12998
11377
9906
9610
9658
8881
7417
5914
4341
2355
327
-921
-1548
-2308
-3379
-4512
-5422
-5913
-6049
-5909
-5637
-5264
-4588
-3721
-3030
-2549
-1963
-1053
-4
876
1714
2796
3870
4307
4210
4376
4950
5360
5243
4904
4715
4368
3400
2129
1277
876
357
-517
-1334
-1961
-2855
-4033
-4986
-5344
-5196
-5039
-5032
-4963
-4723
-4521
-4448
-4325
-3916
-3197
-2472
-1917
-1471
-956
-370
124
454
844
1375
1694
1458
834
382
231
11
-357
-849
-1489
-2129
-2971
-3951
-4518
-4699
-4816
-4832
-5022
-5976
-7712
-9545
-10582
-10474
-9603
-8307
-6818
-5987
-6405
-7006
-6224
-4051
-1857
-187
1729
4028
5473
5653
6066
7708
9633
10775
11594
12865
13895
13374
11837
10985
11124
11117
10421
9469
8392
6724
4426
2392
1228
549
-269
-1406
-2750
-4273
-5701
-6622
-6940
-6894
-6682
-6131
-5442
-5167
-5318
-5173
-4295
-3037
-1892
-762
855
2479
3244
3591
4470
5772
6611
6661
6636
7025
7013
5989
4743
4207
3965
3044
1492
270
-536
-1786
-3505
-4801
-5273
-5492
-6002
-6666
-6907
-6877
-7019
-7120
-6657
-5555
-4365
-3575
-3114
-2589
-2010
-1528
-935
-143
791
1473
1435
1022
782
737
715
615
332
-102
-728
-1509
-2152
-2621
-3078
-3338
-3270
-3151
-3559
-5179
-7603
-9448
-10161
-10110
-9406
-8143
-7152
-7370
-8473
-8796
-7360
-5134
-3343
-1564
793
2825
3581
3812
5127
7452
9359
10573
12021
13605
14027
12963
11883
11966
12617
12624
11808
10752
9408
7397
5208
3683
2845
2029
676
-1093
-2846
-4301
-5427
-6265
-6720
-6746
-6512
-6402
-6656
-7004
-7008
-6465
-5538
-4308
-2692
-1011
81
590
1054
1867
3137
4481
5522
6226
6667
6767
6464
5967
5700
5715
5466
4661
3596
2559
1460
47
-1394
-2255
-2546
-3001
-3966
-5026
-5777
-6254
-6586
-6704
-6412
-5857
-5467
-5343
-5373
-5137
-4612
-3913
-3095
-2073
-932
-89
319
355
385
737
1032
922
773
652
309
-265
-993
-1646
-2008
-2235
-2439
-2789
-3915
-5938
-8024
-9303
-9567
-9171
-8559
-7940
-7793
-8535
-9246
-8580
-6721
-4792
-3104
-1305
572
1837
2347
3215
5168
7213
8531
9819
11486
12633
12498
11798
11842
12672
13187
12991
12571
11908
10484
8453
6708
5776
5190
4201
2712
1020
-773
-2574
-4123
-5268
-5903
-6070
-6185
-6631
-7366
-7987
-8129
-7914
-7387
-6230
-4570
-3097
-2331
-2105
-1490
-28
1592
3056
4594
5908
6545
6451
6043
6080
6487
6474
6019
5506
4958
4108
2826
1533
659
-12
-890
-1866
-2762
-3637
-4463
-5181
-5632
-5646
-5470
-5345
-5242
-5205
-5224
-5122
-4757
-4101
-3294
-2568
-1977
-1589
-1518
-1525
-1263
-825
-397
-122
-151
-212
-302
-819
-1464
-1649
-1438
-1224
-1344
-2082
-3490
-5365
-7116
-8065
-8024
-7541
-7089
-7013
-7606
-8478
-8804
-8142
-6702
-5107
-3538
-1772
-272
488
1237
2825
4839
6636
8133
9610
10920
11398
11124
11195
11985
12695
12837
12538
11991
10978
9361
7824
7041
6663
5937
4704
3249
1703
115
-1389
-2557
-3238
-3695
-4177
-4746
-5478
-6277
-6903
-7250
-7312
-6998
-6214
-5105
-4152
-3693
-3452
-2867
-1740
-397
906
2409
3891
4630
4730
4925
5557
6303
6535
6282
6132
5937
5131
3900
2967
2488
1863
699
-553
-1433
-2312
-3476
-4456
-4928
-5072
-5236
-5644
-6016
-6105
-6163
-6151
-5656
-4762
-3912
-3306
-2917
-2616
-2342
-1969
-1471
-894
-423
-331
-461
-487
-531
-726
-908
-990
-1043
-1185
-1454
-2014
-3112
-4665
-5911
-6383
-6405
-6385
-6334
-6431
-6999
-7785
-8020
-7134
-5694
-4522
-3458
-2148
-1075
-482
282
1741
3585
5159
6468
7925
9207
9730
9856
10371
11294
12044
12325
12375
12202
11398
10129
9117
8563
7993
7083
5857
4418
2803
1096
-379
-1433
-2266
-3091
-3843
-4517
-5257
-6084
-6746
-7011
-6967
-6747
-6284
-5545
-4892
-4547
-4286
-3702
-2677
-1568
-599
442
1636
2634
3146
3618
4442
5262
5633
5678
5828
5939
5521
4748
4264
4046
3543
2573
1607
951
141
-1103
-2199
-2739
-3131
-3760
-4429
-4825
-5117
-5634
-6162
-6194
-5718
-5264
-5060
-4755
-4245
-3812
-3473
-2960
-2169
-1526
-1372
-1391
-1216
-985
-899
-778
-529
-432
-654
-780
-558
-657
-1748
-3380
-4579
-5178
-5666
-5916
-5505
-5066
-5718
-7111
-7708
-6955
-5850
-5137
-4199
-2648
-1438
-1205
-883
603
2634
4087
5044
6366
7896
8646
8680
9124
10321
11386
11732
11699
11703
11390
10443
9425
8931
8742
8233
7198
5944
4666
3284
1869
613
-362
-1192
-2097
-3163
-4304
-5344
-6139
-6733
-7115
-7030
-6608
-6238
-6077
-5924
-5428
-4549
-3659
-2829
-1786
-587
493
1392
2206
3017
3812
4354
4681
5047
5424
5593
5473
5167
4790
4335
3750
3033
2281
1518
766
2
-811
-1611
-2362
-3116
-3850
-4488
-5005
-5347
-5538
-5698
-5834
-5834
-5571
-5160
-4858
-4567
-4030
-3385
-2931
-2643
-2343
-1985
-1673
-1371
-974
-571
-427
-631
-900
-903
-581
-173
-26
-560
-1824
-3166
-4059
-4476
-4530
-4324
-4273
-4916
-6096
-6728
-6239
-5329
-4573
-3709
-2641
-1926
-1640
-916
761
2592
3730
4616
5965
7238
7751
8120
9084
10194
10669
10689
10880
11030
10567
9772
9313
9091
8515
7494
6421
5461
4332
3033
1909
977
-69
-1252
-2337
-3300
-4194
-4932
-5450
-5848
-6152
-6281
-6145
-5789
-5388
-4905
-4235
-3539
-3050
-2555
-1686
-601
332
1177
2096
2978
3535
3731
3944
4324
4632
4680
4611
4550
4317
3711
2961
2404
1971
1382
610
-189
-987
-1862
-2766
-3503
-3983
-4351
-4698
-5005
-5256
-5467
-5639
-5637
-5402
-5011
-4513
-3985
-3584
-3284
-2904
-2411
-1950
-1599
-1264
-841
-439
-249
-203
-127
-12
25
-54
28
440
643
-42
-1442
-2744
-3587
-4224
-4624
-4435
-3967
-4179
-5378
-6494
-6548
-5945
-5382
-4596
-3288
-2181
-1903
-1766
-655
1197
2636
3633
4969
6437
7168
7353
8014
9300
10294
10521
10604
10891
10901
10301
9612
9323
9095
8364
7305
6447
5681
4507
3040
1806
842
-253
-1593
-2767
-3608
-4407
-5298
-5948
-6226
-6404
-6683
-6817
-6437
-5724
-5119
-4550
-3703
-2800
-2157
-1532
-551
643
1619
2316
3051
3819
4235
4310
4451
4752
4838
4565
4226
3956
3515
2751
1918
1213
545
-266
-1149
-1889
-2510
-3197
-3962
-4615
-5065
-5414
-5726
-5846
-5715
-5485
-5311
-5143
-4840
-4419
-3947
-3407
-2812
-2251
-1843
-1534
-1116
-609
-221
68
448
778
920
951
955
877
649
462
586
806
488
-497
-1690
-2754
-3651
-4261
-4288
-3880
-3843
-4517
-5212
-5290
-4959
-4563
-3929
-2880
-1807
-1250
-910
-88
1170
2299
3219
4301
5478
6272
6645
7066
7717
8288
8569
8723
8892
8905
8530
7978
7525
7076
6457
5729
5022
4292
3455
2552
1654
763
-117
-898
-1532
-2064
-2560
-2998
-3374
-3745
-4085
-4231
-4073
-3712
-3315
-2950
-2546
-2124
-1752
-1351
-793
-98
600
1164
1582
1968
2320
2556
2645
2763
2872
2756
2426
2063
1724
1286
725
202
-214
-640
-1198
-1815
-2378
-2957
-3567
-3993
-4087
-4010
-3993
-4072
-4130
-4151
-4195
-4142
-3847
-3394
-2988
-2638
-2238
-1852
-1582
-1442
-1278
-982
-630
-286
59
309
367
278
154
85
108
178
238
255
189
57
-177
-684
-1537
-2452
-3140
-3551
-3712
-3661
-3555
-3645
-3979
-4308
-4331
-3983
-3367
-2606
-1829
-1101
-376
448
1371
2352
3304
4158
4881
5499
6070
6647
7196
7574
7771
7872
7903
7837
7663
7388
6983
6455
5828
5110
4386
3719
3024
2223
1416
691
45
-595
-1192
-1617
-1881
-2147
-2461
-2689
-2764
-2825
-2915
-2828
-2468
-2027
-1711
-1461
-1197
-968
-797
-556
-163
287
632
825
969
1122
1177
1114
1081
1095
998
768
494
234
-98
-568
-1081
-1502
-1876
-2262
-2612
-2867
-3046
-3253
-3469
-3542
-3449
-3372
-3304
-3148
-2967
-2770
-2530
-2247
-1918
-1596
-1378
-1227
-1077
-902
-682
-437
-294
-293
-316
-294
-192
-41
118
261
285
136
-47
-137
-120
-21
99
180
209
130
-147
-646
-1231
-1711
-2022
-2184
-2199
-2113
-2069
-2213
-2500
-2639
-2456
-2072
-1592
-1010
-404
105
527
997
1599
2248
2832
3360
3888
4376
4760
5072
5364
5566
5629
5627
5616
5549
5363
5075
4726
4314
3832
3390
3061
2740
2333
1867
1426
1021
608
224
-37
-213
-412
-634
-802
-931
-1077
-1219
-1297
-1318
-1305
-1246
-1147
-1066
-1051
-1056
-1023
-948
-880
-801
-694
-642
-704
-790
-791
-743
-751
-845
-965
-1095
-1264
-1427
-1503
-1512
-1582
-1770
-1965
-2056
-2095
-2137
-2102
-1971
-1847
-1794
-1772
-1723
-1644
-1557
-1420
-1220
-1057
-991
-963
-917
-858
-800
-768
-759
-775
-845
-931
-955
-933
-918
-897
-835
-730
-575
-394
-250
-165
-123
-74
44
235
453
652
724
547
159
-269
-590
-782
-904
-987
-1024
-1127
-1381
-1622
-1640
-1486
-1304
-1098
-775
-375
-54
217
618
1145
1634
2046
2451
2873
3236
3495
3737
4039
4319
4477
4528
4540
4526
4444
4307
4172
4034
3835
3563
3234
2896
2554
2190
1827
1496
1160
779
371
-20
-384
-714
-976
-1146
-1270
-1409
-1581
-1721
-1806
-1885
-1957
-1971
-1901
-1842
-1842
-1854
-1788
-1683
-1601
-1476
-1249
-996
-834
-769
-707
-628
-580
-550
-467
-345
-302
-353
-417
-464
-551
-681
-769
-815
-877
-938
-956
-956
-1007
-1123
-1235
-1305
-1361
-1412
-1417
-1387
-1383
-1419
-1412
-1350
-1289
-1253
-1222
-1158
-1060
-933
-772
-608
-465
-348
-229
-88
98
304
472
555
601
684
823
962
1043
1056
993
850
677
523
367
144
-171
-537
-874
-1113
-1263
-1355
-1419
-1495
-1616
-1772
-1856
-1766
-1533
-1225
-901
-589
-260
87
420
758
1176
1635
2021
2324
2628
2971
3283
3498
3658
3838
4020
4102
4073
4018
3924
3723
3426
3132
2901
2654
2331
1955
1570
1172
752
361
47
-190
-425
-674
-870
-1027
-1195
-1342
-1453
-1535
-1595
-1631
-1620
-1575
-1495
-1371
-1227
-1097
-963
-775
-551
-348
-201
-99
-26
11
39
91
145
102
-64
-291
-499
-644
-728
-776
-868
-1051
-1305
-1539
-1696
-1766
-1782
-1815
-1874
-1947
-2008
-1998
-1929
-1822
-1703
-1620
-1565
-1491
-1380
-1254
-1133
-1000
-831
-650
-500
-356
-177
21
175
301
437
581
667
660
631
645
685
693
677
650
569
406
203
75
18
-69
-241
-462
-644
-788
-910
-978
-986
-991
-1025
-1039
-956
-758
-515
-294
-91
109
328
586
902
1238
1539
1788
1993
2171
2328
2476
2607
2713
2771
2804
2824
2792
2709
2577
2418
2251
2062
1868
1661
1429
1157
879
664
486
310
125
-40
-177
-309
-429
-496
-515
-532
-539
-500
-431
-384
-353
-290
-206
-138
-69
33
132
171
181
199
215
201
126
8
-101
-193
-286
-384
-490
-625
-817
-1029
-1212
-1333
-1416
-1482
-1578
-1717
-1829
-1859
-1835
-1796
-1728
-1655
-1624
-1642
-1633
-1531
-1364
-1204
-1066
-939
-809
-704
-627
-532
-395
-266
-168
-98
-55
-19
15
30
23
20
9
-20
-64
-103
-119
-127
-159
-217
-270
-305
-334
-352
-333
-296
-285
-309
-344
-370
-373
-329
-229
-93
27
101
163
224
273
337
448
601
727
796
844
894
904
878
900
987
1075
1116
1109
1073
1035
994
974
1009
1064
1076
1023
960
933
931
949
979
989
948
881
842
830
819
806
817
819
783
745
755
790
775
730
713
705
671
638
628
622
581
511
439
374
305
215
135
75
-1
-113
-244
-355
-447
-547
-626
-691
-779
-888
-988
-1051
-1106
-1138
-1150
-1162
-1177
-1178
-1138
-1075
-1017
-965
-895
-822
-760
-689
-610
-553
-532
-545
-547
-514
-454
-406
-386
-409
-512
-659
-796
-863
-863
-856
-873
-917
-973
-1046
-1096
-1102
-1072
-1008
-956
-948
-931
-882
-811
-724
-582
-402
-235
-103
12
144
254
352
444
543
647
745
840
924
998
1040
1048
1020
964
903
815
714
631
577
535
463
372
275
170
40
-66
-136
-203
-264
-287
-260
-210
-142
-59
29
86
131
208
336
489
628
759
899
1024
1103
1171
1270
1374
1421
1404
1376
1347
1281
1208
1183
1194
1189
1143
1052
913
753
576
410
282
204
156
88
3
-94
-185
-274
-330
-334
-313
-281
-265
-258
-253
-222
-164
-107
-61
-41
-65
-111
-127
-123
-119
-108
-111
-184
-314
-431
-510
-601
-713
-803
-874
-979
-1110
-1210
-1288
-1364
-1428
-1460
-1468
-1475
-1466
-1462
-1463
-1449
-1383
-1277
-1146
-998
-889
-830
-785
-714
-628
-518
-361
-219
-162
-141
-68
37
108
159
208
250
258
240
227
241
278
286
280
321
412
430
345
243
177
127
108
146
217
263
266
256
240
238
245
255
248
236
259
320
387
429
496
578
618
604
575
558
558
553
530
539
595
649
643
607
591
570
520
466
448
448
430
397
374
388
458
518
503
459
448
448
423
424
478
524
530
537
556
565
561
566
562
532
490
443
395
348
301
279
277
265
225
166
105
3
-124
-225
-280
-310
-344
-385
-434
-528
-657
-762
-792
-768
-757
-775
-809
-852
-907
-971
-985
-919
-832
-770
-740
-749
-780
-800
-792
-763
-706
-646
-635
-664
-667
-629
-578
-547
-540
-558
-576
-575
-561
-520
-459
-405
-398
-415
-375
-290
-225
-181
-107
-63
-82
-89
-40
28
64
97
165
217
237
255
276
292
310
338
371
425
464
464
464
491
523
528
527
524
487
446
466
497
466
429
423
387
307
302
377
396
322
273
283
260
208
218
275
313
341
367
383
382
367
318
302
399
505
520
486
457
396
336
363
444
495
498
449
339
214
155
154
165
166
138
94
55
-6
-98
-145
-120
-111
-185
-251
-237
-218
-265
-300
-249
-178
-165
-215
-262
-250
-220
-237
-247
-179
-100
-109
-173
-216
-260
-323
-354
-313
-275
-290
-349
-454
-581
-661
-646
-601
-597
-611
-611
-616
-631
-633
-632
-627
-584
-543
-554
-529
-438
-374
-336
-226
-67
24
30
16
0
-29
-4
83
192
295
351
328
249
185
151
147
176
178
99
20
8
7
0
38
129
155
90
51
43
-1
-58
-59
15
145
242
303
330
324
308
283
280
318
371
393
400
419
451
468
475
472
433
376
343
326
285
275
315
333
296
266
254
220
186
168
154
146
156
149
113
118
162
146
117
158
203
188
161
157
131
92
77
88
90
93
80
20
-30
-44
-59
-71
-36
-28
-83
-131
-161
-234
-319
-321
-295
-302
-301
-285
-323
-427
-513
-545
-551
-513
-489
-496
-498
-522
-597
-630
-553
-454
-417
-405
-360
-366
-438
-451
-379
-292
-248
-229
-189
-124
-82
-72
-68
-65
-59
-68
-78
-43
31
51
8
-3
65
118
85
21
4
6
-3
16
82
158
170
121
95
171
228
199
192
266
327
324
347
396
401
383
422
488
532
547
507
438
378
348
385
455
474
416
329
239
146
75
72
126
183
199
159
91
17
-68
-154
-173
-108
-52
-36
18
71
35
-31
-40
-31
-12
35
87
107
120
141
120
82
62
29
6
31
69
65
53
32
-36
-143
-203
-196
-193
-197
-171
-153
-205
-275
-305
-334
-377
-382
-332
-296
-286
-251
-208
-194
-194
-189
-168
-134
-125
-174
-198
-143
-81
-68
-84
-76
-74
-124
-154
-100
-92
-178
-220
-181
-134
-102
-70
-97
-182
-244
-249
-207
-154
-126
-124
-115
-96
-106
-107
-62
-37
-58
-35
45
94
61
16
37
77
100
140
201
230
219
187
173
182
182
182
193
208
214
234
273
276
225
193
173
150
168
241
280
262
236
222
205
188
194
197
181
154
155
169
180
184
174
179
173
148
144
167
131
61
29
32
36
36
59
59
28
-16
-29
-43
-101
-149
-146
-121
-107
-102
-82
-66
-67
-66
-76
-99
-126
-159
-180
-123
-19
10
-9
11
4
-61
-127
-155
-157
-136
-85
-54
-43
-47
-83
-159
-232
-256
-246
-244
-264
-274
-265
-250
-259
-284
-299
-253
-217
-253
-277
-215
-153
-161
-182
-130
-50
-13
-25
-31
9
29
28
46
99
146
149
130
130
153
135
101
104
124
136
155
145
71
5
-1
-3
-24
2
47
32
25
71
62
5
0
7
-13
19
113
173
168
180
205
174
138
146
166
210
289
334
329
312
261
184
154
172
193
183
170
187
172
110
100
117
50
-33
-45
-55
-98
-100
-72
-63
-42
-1
-12
-81
-104
-118
-201
-219
-92
21
19
25
67
44
-18
-28
-27
-41
-5
38
38
42
48
-38
-163
-175
-126
-138
-156
-122
-143
-245
-270
-239
-299
-374
-319
-246
-259
-241
-192
-218
-272
-274
-219
-160
-126
-101
-66
-39
-38
-39
-12
30
59
78
109
140
116
49
23
57
84
91
101
100
56
-9
-32
-28
-49
-76
-58
-35
-71
-86
-49
-34
-44
-34
-8
19
68
121
125
105
117
133
141
216
315
334
322
329
296
240
265
293
214
164
242
295
218
177
222
163
17
-8
69
72
-20
-100
-114
-75
-41
-18
-2
-11
-47
-77
-69
-10
38
29
12
36
85
124
130
64
-12
-22
42
142
201
183
128
61
1
-31
-38
-56
-105
-149
-147
-84
-57
-119
-232
-316
-365
-397
-358
-277
-224
-206
-198
-200
-190
-190
-238
-250
-212
-189
-171
-83
19
19
-35
-50
-19
-24
-39
-16
-1
-17
-46
-49
-23
18
3
-57
-74
-46
-51
-78
-70
-76
-110
-122
-89
-33
-2
-15
-64
-91
-84
-70
-53
-29
10
46
83
102
98
87
96
102
106
162
219
219
191
174
178
192
214
225
225
218
192
165
165
172
158
139
113
78
62
55
30
14
25
29
10
7
20
9
-5
8
25
42
93
144
157
153
179
186
135
101
124
143
144
158
164
158
153
138
101
98
94
40
-16
-30
-31
-51
-76
-106
-140
-166
-179
-186
-208
-231
-264
-296
-289
-252
-214
-193
-170
-166
-178
-169
-136
-140
-161
-121
-61
-22
-7
-22
-39
-44
-61
-74
-48
-4
0
-27
-67
-95
-128
-194
-243
-226
-185
-179
-176
-154
-156
-198
-231
-243
-249
-227
-167
-92
-47
-29
11
44
10
-37
-10
43
68
98
161
233
260
229
191
182
176
167
180
207
244
249
206
176
169
132
95
95
90
83
93
109
87
68
72
56
30
22
16
20
60
94
101
119
154
155
126
112
118
132
165
178
181
200
213
184
145
139
131
83
26
17
23
9
-13
-23
-39
-58
-80
-96
-105
-123
-133
-137
-146
-159
-175
-177
-152
-137
-121
-68
-14
-24
-71
-90
-89
-105
-107
-63
0
43
56
57
41
17
-21
-65
-87
-74
-54
-31
-9
-21
-52
-89
-129
-180
-226
-254
-254
-229
-205
-182
-163
-167
-211
-259
-264
-234
-193
-156
-120
-76
-32
6
34
47
48
54
79
106
135
173
198
202
181
157
140
119
90
58
61
86
93
68
48
35
2
-39
-79
-109
-117
-102
-82
-66
-35
-13
-24
-55
-51
-13
6
26
71
127
178
215
237
249
257
252
243
257
280
287
272
260
264
251
226
219
210
170
129
104
67
42
29
-3
-44
-60
-72
-89
-91
-103
-137
-161
-158
-139
-122
-107
-95
-88
-76
-72
-58
-29
-13
-19
-4
30
34
10
-11
-7
-11
-26
-32
-21
-11
-41
-78
-77
-74
-113
-158
-179
-188
-204
-227
-224
-215
-212
-219
-229
-228
-229
-230
-234
-217
-188
-164
-148
-111
-80
-89
-94
-75
-55
-41
-18
10
33
59
72
77
79
71
47
52
92
122
124
138
162
153
118
99
89
64
55
66
85
113
129
119
99
85
69
58
61
81
101
104
107
124
131
105
94
110
116
106
121
160
180
172
158
158
158
143
130
125
122
114
113
110
103
81
48
16
-5
-16
-36
-51
-62
-83
-106
-111
-110
-125
-129
-131
-145
-151
-140
-129
-128
-122
-111
-109
-109
-101
-77
-52
-36
-20
1
16
16
9
-1
-16
-26
-13
2
5
6
-11
-33
-51
-78
-116
-133
-127
-130
-146
-131
-105
-118
-146
-149
-149
-157
-141
-116
-104
-99
-86
-64
-50
-34
-8
2
10
34
56
75
102
113
99
87
94
103
103
108
118
113
106
106
91
56
27
18
16
16
20
35
37
8
-14
-18
-24
-43
-54
-39
-11
22
46
60
71
60
37
29
53
78
77
89
117
122
116
118
115
100
95
106
112
102
83
60
38
22
7
-5
-7
-17
-39
-46
-34
-41
-61
-67
-71
-81
-83
-74
-75
-84
-81
-77
-73
-56
-39
-43
-45
-34
-31
-35
-18
-2
-5
-5
10
17
15
10
14
13
8
13
26
30
21
8
6
9
2
-9
-5
-3
-16
-32
-38
-39
-43
-49
-51
-56
-67
-75
-83
-88
-90
-84
-78
-82
-91
-89
-79
-73
-69
-46
-20
-10
0
10
18
24
24
25
36
65
82
79
80
89
81
66
55
48
40
36
32
23
31
29
13
0
-1
-4
-20
-36
-46
-45
-45
-36
-33
-27
-20
-18
-9
0
5
6
18
31
41
61
82
95
100
107
118
126
124
110
97
104
109
98
93
97
93
76
60
44
27
10
-5
-15
-13
-10
-14
-21
-27
-32
-46
-57
-66
-72
-61
-47
-39
-43
-46
-46
-49
-54
-54
-46
-36
-30
-23
-10
0
-4
-18
-31
-30
-28
-24
-7
3
6
9
3
-17
-39
-49
-57
-70
-70
-57
-50
-58
-64
-67
-65
-67
-67
-63
-61
-60
-62
-56
-52
-51
-46
-40
-33
-29
-22
-13
-10
-15
-23
-35
-28
-16
-9
4
24
36
37
35
35
38
38
41
48
53
57
54
52
45
37
32
22
17
24
33
37
29
33
37
26
20
26
32
22
22
28
35
43
49
52
43
43
52
50
48
44
48
48
49
56
62
69
70
67
58
59
63
55
35
20
13
16
13
11
11
2
-8
-14
-25
-33
-39
-46
-55
-56
-49
-49
-57
-60
-55
-50
-53
-51
-42
-45
-45
-46
-41
-42
-43
-40
-36
-30
-16
-7
-10
-16
-19
-24
-33
-37
-40
-37
-33
-31
-27
-30
-31
-39
-47
-46
-41
-34
-33
-35
-31
-26
-30
-34
-35
-33
-35
-33
-22
-10
-6
-6
-9
-3
7
8
2
5
15
24
24
28
35
36
38
42
45
54
61
59
59
60
62
51
47
45
41
41
44
38
31
34
35
30
30
39
36
31
36
40
38
33
33
28
29
34
38
26
24
26
24
23
21
15
9
6
-7
-17
-18
-13
-16
-19
-18
-9
-3
-7
-14
-15
-13
-16
-25
-31
-21
-18
-23
-26
-28
-23
-24
-33
-41
-39
-35
-44
-51
-49
-40
-34
-34
-31
-27
-30
-43
-50
-47
-42
-46
-48
-37
-26
-13
-10
-12
-13
-12
-16
-18
-12
-4
-2
-4
-2
6
14
19
15
8
6
13
15
10
14
19
18
21
36
41
33
20
10
-3
-11
-13
-18
-21
-21
-18
-11
-9
-4
4
3
3
7
22
24
22
26
38
39
33
36
34
33
31
32
27
27
27
23
27
37
42
35
29
28
27
22
15
13
8
7
7
7
7
12
10
1
1
-3
-7
-9
-14
-15
-14
-9
-7
-10
-8
1
1
-7
-11
-9
-2
-9
-19
-14
-5
-7
-14
-16
-11
-4
-9
-10
-7
-1
-3
-12
-13
-12
-12
-12
-14
-16
-14
-8
-7
-11
-11
0
-2
-16
-25
-27
-28
-29
-25
-21
-19
-18
-27
-34
-27
-18
-26
-35
-34
-25
-20
-20
-24
-22
-17
-18
-19
-19
-14
-14
-18
-13
0
11
11
9
2
6
14
11
6
11
16
18
22
34
41
44
43
38
37
40
38
34
30
25
26
29
27
23
25
22
15
7
4
2
-1
-5
-8
-5
7
3
-1
9
25
25
18
21
24
20
14
15
16
20
23
23
22
25
25
19
10
5
5
-1
-3
-1
-3
-1
1
-6
-10
-17
-28
-38
-39
-40
-39
-33
-27
-25
-21
-20
-20
-24
-29
-33
-36
-29
-19
-13
-11
-10
-2
0
2
-4
-8
-9
-11
-11
-6
2
8
12
11
18
17
16
10
0
-3
-8
-12
-8
-5
-7
-7
-7
-5
-12
-22
-27
-31
-35
-35
-35
-40
-39
-26
-20
-15
-12
-8
-7
-4
0
-1
3
12
21
27
29
36
41
37
32
29
31
32
28
25
31
32
31
26
24
22
13
6
-5
-9
-9
-17
-25
-25
-25
-30
-32
-28
-21
-15
-14
-15
-9
-4
4
14
18
24
29
34
39
39
41
42
41
39
46
49
42
36
31
31
31
26
23
17
8
5
3
-2
-6
-9
-13
-14
-16
-20
-28
-31
-30
-28
-24
-23
-21
-19
-17
-14
-13
-7
0
3
6
7
10
9
4
-2
-2
-4
-10
-11
-13
-14
-13
-12
-12
-16
-20
-24
-31
-37
-40
-38
-37
-37
-35
-38
-35
-32
-32
-35
-38
-35
-34
-30
-25
-17
-10
-5
3
9
11
15
16
15
16
19
24
27
36
37
40
36
33
28
23
22
19
16
14
13
11
13
12
11
8
0
-7
-14
-18
-18
-15
-16
-13
-5
-3
1
5
7
8
5
6
7
8
11
9
6
12
18
27
31
32
33
27
24
20
19
20
20
23
27
29
27
21
14
8
-3
-8
-9
-9
-7
-7
0
0
-3
-6
-10
-14
-20
-25
-25
-31
-33
-32
-27
-27
-30
-23
-22
-19
-14
-16
-15
-11
-8
-3
3
8
8
9
7
8
9
8
10
12
9
9
8
4
-2
-4
-4
-8
-11
-13
-12
-14
-15
-16
-12
-13
-16
-15
-10
-9
-11
-10
-15
-12
-12
-6
-6
-5
-1
0
5
6
11
9
8
13
13
16
17
14
10
12
14
15
14
12
15
18
16
12
7
6
5
3
4
3
5
7
4
1
-2
-1
-2
-2
-3
-1
-4
-5
-9
-10
-8
-11
-14
-15
-13
-11
-13
-12
-9
-6
-6
-5
0
3
4
6
7
12
21
23
22
24
22
22
17
14
13
13
16
13
8
7
7
8
7
7
5
1
-1
-2
-4
-7
-9
-11
-14
-13
-13
-19
-21
-24
-28
-28
-24
-22
-20
-17
-17
-14
-12
-10
-10
-11
-12
-6
-1
0
4
9
13
10
5
5
3
3
3
2
-1
1
1
1
1
3
3
1
-3
-4
-6
-9
-11
-13
-12
-6
-3
1
4
6
7
5
7
8
8
12
15
21
25
26
25
24
18
15
11
7
7
3
4
4
-1
-3
-8
-10
-12
-11
-8
-7
-6
-4
-2
-4
-3
-4
-9
-9
-4
-3
1
5
9
12
14
15
16
18
16
16
17
15
17
18
17
13
7
7
3
1
1
0
2
3
-1
-2
-5
-6
-6
-9
-11
-11
-13
-19
-21
-20
-20
-21
-21
-21
-17
-13
-10
-10
-8
-7
-7
-7
-8
-9
-10
-9
-10
-7
-5
-2
0
1
3
4
6
7
4
3
-3
-8
-9
-12
-9
-12
-8
-5
1
1
2
2
-1
0
-1
-2
-2
-3
-3
-3
-2
0
2
6
10
11
13
18
21
22
22
23
19
18
15
12
10
6
6
9
13
14
15
15
15
14
11
6
5
1
-2
-5
-10
-10
-10
-11
-16
-17
-17
-17
-16
-15
-13
-12
-14
-14
-15
-13
-13
-13
-16
-15
-14
-11
-9
-9
-4
1
1
2
6
6
7
10
12
10
10
11
13
11
9
7
3
4
2
1
-3
-7
-7
-9
-9
-12
-13
-14
-15
-17
-17
-14
-10
-11
-9
-5
-2
5
7
9
8
8
7
10
14
16
17
15
14
16
15
13
11
12
14
15
13
11
8
6
4
5
2
1
1
0
-1
-5
-5
-9
-11
-10
-10
-9
-5
-4
-3
-2
-1
-1
1
0
-1
0
-1
2
2
1
2
5
7
11
13
13
13
10
7
7
9
9
9
11
12
14
17
17
15
13
12
7
6
5
3
1
1
-2
-5
-8
-10
-13
-12
-13
-12
-12
-11
-10
-9
-8
-6
-4
-6
-5
-3
-4
-1
-1
-3
-1
-1
-2
-4
-7
-9
-8
-9
-10
-11
-13
-13
-14
-14
-13
-11
-9
-11
-11
-16
-17
-17
-19
-18
-18
-21
-19
-21
-22
-20
-19
-18
-16
-15
-13
-11
-9
-7
-6
-11
-8
-9
-6
-4
-5
2
5
9
12
12
15
18
19
20
22
21
22
23
22
18
19
20
18
18
18
16
16
17
16
15
15
13
16
15
12
12
11
10
11
10
15
14
15
17
13
14
13
15
13
11
10
10
10
7
6
4
3
3
2
0
3
1
1
0
-1
-2
-7
-10
-12
-15
-13
-14
-15
-15
-14
-14
-15
-15
-16
-17
-16
-13
-13
-12
-11
-11
-12
-12
-13
-12
-12
-8
-7
-5
-1
0
-1
-3
-6
-9
-8
-9
-7
-8
-8
-8
-9
-11
-12
-14
-14
-15
-16
-14
-11
-5
-3
0
1
0
2
2
6
8
11
14
15
14
13
13
13
9
7
4
4
4
6
8
7
5
8
8
7
7
8
7
6
8
7
5
3
5
1
1
0
-2
-4
-7
-7
-10
-3
-1
0
5
7
7
6
5
4
3
1
0
2
1
2
3
3
4
4
2
3
1
-1
-1
-5
-5
-5
-4
-1
1
1
0
1
-1
-4
-4
-2
2
4
3
7
9
9
6
3
0
-4
-5
-6
-4
-4
-2
1
0
2
1
1
-1
-4
-6
-6
-6
-9
-6
-6
-5
-1
-1
2
6
5
4
4
6
6
6
5
7
5
3
6
7
4
3
2
1
1
1
-1
-3
-5
-7
-8
-8
-9
-8
-8
-7
-7
-9
-6
-7
-4
-5
-1
-1
0
3
3
5
5
7
7
8
6
4
1
1
0
-2
0
2
3
5
7
6
5
2
1
1
0
-1
-2
-2
-1
-4
-2
-3
-5
-4
-3
-4
-4
-5
-5
-4
-8
-8
-6
-7
-7
-6
-7
-5
-3
-1
-1
1
-1
-3
0
1
3
2
3
2
2
1
0
-1
-1
-3
-1
0
1
2
4
5
4
2
2
1
1
2
4
4
6
4
4
5
4
3
3
3
3
3
3
2
1
0
2
2
1
0
0
0
0
1
0
-3
-3
-5
-7
-9
-10
-10
-9
-8
-10
-8
-5
-2
0
1
2
1
1
0
-2
-4
-5
-4
-3
-4
-4
-4
-5
-4
-7
-11
-9
-8
-6
-6
-3
-2
2
3
4
6
6
8
9
12
14
14
13
14
12
10
15
14
15
14
13
13
10
11
8
7
8
7
9
9
8
9
11
11
8
7
7
7
5
2
0
0
-3
-2
-1
-1
-1
-2
-5
-7
-10
-11
-13
-12
-14
-16
-15
-16
-14
-9
-6
-5
-3
0
1
-1
-2
-1
-4
-4
-4
-5
-6
-8
-11
-11
-10
-10
-11
-10
-10
-7
-5
-6
-6
-7
-8
-9
-9
-9
-4
-3
-2
0
2
2
4
3
0
1
1
2
3
3
3
3
3
7
5
5
7
5
6
6
5
4
4
4
4
6
6
5
5
5
7
9
9
9
7
7
6
6
5
6
4
1
4
3
3
4
3
2
3
3
4
2
1
1
1
-2
-3
-6
-7
-5
-7
-6
-5
-3
-2
-2
1
0
1
2
5
3
4
4
0
-1
-3
-8
-11
-10
-15
-14
-7
-8
-6
-6
-5
-5
-7
-5
-4
-4
-1
2
2
3
5
7
8
8
8
7
8
7
6
6
5
5
3
4
2
1
-1
-2
2
1
0
0
0
0
-4
-6
-6
-7
-6
-2
-2
0
1
1
1
1
1
2
2
0
-1
-2
-2
-2
-6
-5
-3
-2
-1
-2
-2
-1
-2
-1
1
-2
-2
-1
-2
-4
-5
-5
-4
-3
-2
-4
-2
0
2
3
3
2
2
3
2
3
5
8
7
7
5
4
3
2
-1
-3
0
0
-2
0
-1
-1
-2
0
1
-1
0
-1
-1
1
2
1
3
2
0
-1
-1
-2
-2
0
-1
1
2
3
4
4
2
1
1
1
1
2
2
4
1
1
1
-1
-2
-4
-4
-3
-2
-3
-2
-3
-2
0
2
2
4
5
2
2
2
-1
0
2
-1
-1
-2
-4
-7
-9
-8
-7
-5
-4
-1
1
1
1
0
2
1
0
2
1
2
2
3
3
3
4
3
1
-1
-1
-2
0
1
1
0
1
1
0
0
-3
-5
-5
-4
-4
-3
-2
-1
3
4
6
4
5
4
3
2
0
-2
-2
0
0
3
4
3
4
6
5
7
7
4
5
4
5
3
2
0
2
-1
-1
2
2
3
3
1
-2
-2
-3
-4
-4
-4
-4
-2
-2
-3
-2
-2
0
-4
-5
-6
-6
-6
-4
-4
-2
-1
0
1
2
-1
-3
-5
-6
-5
-6
-5
-5
-6
-6
-6
-6
-4
-2
0
2
3
3
2
2
3
3
1
-1
-1
-3
-4
-2
-2
-2
2
4
5
5
2
-1
-1
-1
1
4
6
7
8
9
9
