0
1
0
0
-1
0
1
0
1
0
0
0
0
0
0
0
-1
1
0
-1
-1
0
0
0
0
0
-1
0
1
0
1
0
0
1
0
0
0
1
-1
0
0
0
-1
0
0
0
1
0
-1
0
1
0
0
0
0
0
0
0
-1
1
1
0
-1
0
0
1
1
0
0
0
0
0
0
0
0
0
0
0
0
-1
0
-1
0
0
-1
0
1
0
-1
1
0
-1
0
1
2
0
1
0
0
1
0
0
-1
0
0
0
0
0
-1
0
-1
0
-1
0
-1
0
1
0
0
-1
0
0
0
1
-1
0
0
0
0
0
0
0
-1
0
0
-1
0
0
0
0
0
0
0
0
0
0
0
1
1
0
0
-1
0
0
1
0
0
0
-1
0
1
0
0
0
0
-1
0
1
-1
0
0
-1
-1
0
0
1
0
0
-1
-1
1
0
-1
0
1
0
0
0
0
0
0
0
0
1
1
1
0
0
0
0
0
-1
0
1
0
1
1
0
0
0
0
0
0
0
0
0
0
-1
0
0
0
0
-1
0
1
-1
0
1
0
0
2
0
0
1
-1
0
1
0
0
0
0
0
-1
0
0
0
0
0
0
0
0
-1
0
-1
1
0
0
0
0
0
-1
0
-1
-1
1
-1
0
0
0
0
0
-1
0
-1
1
0
0
-1
0
0
1
-1
-1
0
-1
0
-1
0
0
0
0
-1
1
0
0
1
-1
0
0
0
-1
0
2
1
0
0
0
-1
0
-1
0
0
0
0
-1
0
0
0
0
0
0
0
-1
0
1
0
0
0
0
0
1
-1
1
0
0
0
-1
0
1
0
0
0
0
0
0
0
1
0
1
1
1
0
1
0
-1
0
0
1
1
0
0
0
1
1
0
0
-1
0
0
0
-1
-1
0
1
0
0
0
0
0
0
-1
-1
0
1
0
-1
0
0
-1
-1
0
0
1
0
0
0
0
0
0
0
1
0
0
0
0
0
-1
1
1
0
0
0
1
-1
0
0
0
-1
0
0
0
0
1
1
0
1
0
0
0
0
0
0
0
0
0
-1
0
0
0
1
0
0
0
-1
-1
1
0
0
0
0
0
-1
0
-1
0
0
1
0
0
0
-1
1
-1
0
0
0
0
0
0
-1
0
0
0
0
0
1
0
-1
1
0
0
0
0
-1
0
0
1
0
0
0
0
-1
0
1
0
0
-1
-1
0
-1
0
0
0
0
1
1
0
1
0
0
-1
1
0
-1
0
-1
0
0
0
1
0
1
0
0
0
1
-1
-1
0
0
1
1
0
0
-1
0
0
0
0
-1
1
-1
0
-1
0
-1
0
0
-1
-1
1
1
-1
0
0
0
0
0
1
0
0
-1
1
0
0
1
0
0
1
0
0
-1
0
0
1
0
0
1
0
0
0
0
0
0
-1
0
1
0
0
1
-1
0
0
1
0
0
1
0
0
0
1
-1
0
0
0
-1
-1
-1
0
0
1
-1
1
0
0
0
0
0
0
0
0
-1
0
0
0
-1
0
0
0
0
0
0
-1
0
0
0
0
0
0
-2
0
-1
0
0
0
-1
1
-1
-1
1
0
1
1
-1
0
0
0
0
0
0
-1
0
0
0
1
1
0
1
1
0
0
0
0
0
0
0
-1
0
0
0
0
1
0
-1
0
0
-1
1
0
-1
-1
0
1
1
0
0
0
-1
-1
1
1
-1
0
0
1
1
0
0
0
1
0
1
0
0
0
0
0
1
1
1
-1
0
0
1
0
0
0
-1
1
1
0
-1
0
-1
0
0
0
0
0
0
0
0
0
0
0
0
0
0
1
0
-1
0
1
1
0
0
-1
-1
0
0
0
-1
0
1
0
0
0
-1
0
0
0
0
0
-1
1
0
0
0
0
0
-1
1
-1
1
0
0
0
0
0
0
0
0
0
0
0
-1
0
0
0
0
0
0
0
-1
0
0
0
0
-1
0
0
0
0
0
0
0
0
0
0
0
-1
0
0
0
0
0
1
-1
0
0
0
0
0
0
0
1
0
0
0
0
0
-1
0
0
0
0
0
0
0
0
0
0
-1
0
0
-1
0
-1
0
0
0
0
0
0
-1
-1
0
-1
0
0
0
-1
0
0
0
0
0
0
0
0
0
0
0
0
0
0
0
0
-1
0
1
0
0
0
0
-1
0
1
0
1
0
1
0
1
0
0
-1
0
0
1
1
0
0
1
-1
1
-1
0
0
-1
0
0
0
1
1
-1
0
0
0
0
1
1
0
0
1
0
0
0
0
-1
0
0
0
-1
0
0
0
1
0
0
0
0
0
0
0
0
-1
0
0
0
0
-1
0
0
-1
0
0
0
-1
0
1
0
0
0
-1
-1
1
1
0
0
0
0
0
1
0
0
1
0
0
-1
-2
-1
0
0
0
0
0
0
1
0
0
0
0
1
0
0
1
-1
0
0
0
-1
0
2
0
-1
1
0
0
0
-1
-1
0
0
0
1
1
0
0
0
0
0
0
1
0
1
1
0
0
-1
0
0
0
1
0
0
1
0
0
-1
0
0
1
0
-1
0
0
0
0
0
0
0
0
0
0
1
-1
0
-1
1
0
1
1
0
0
0
0
0
0
0
1
0
0
-1
0
0
1
1
0
0
-1
0
1
0
-1
1
-1
1
1
-1
-1
0
0
0
0
0
0
1
0
0
0
0
0
0
-1
0
0
0
0
0
0
1
0
-1
-1
0
0
0
-1
0
0
0
0
0
-1
0
0
0
0
-1
0
0
0
0
0
0
0
0
0
0
0
0
0
0
-1
0
0
0
0
0
0
0
0
0
1
0
0
0
0
0
0
0
0
0
0
1
0
0
0
0
0
0
0
0
0
0
0
0
0
0
0
0
0
0
0
0
0
0
0
0
0
0
-1
0
-1
-1
0
0
1
0
0
0
0
1
0
0
0
-1
1
1
0
-1
0
1
0
0
1
1
-1
0
0
0
-1
0
0
0
1
0
0
0
0
0
1
1
0
0
1
0
0
0
0
-1
0
-1
-1
0
-1
0
1
0
0
0
0
0
0
1
0
0
-1
0
0
0
0
-1
0
-1
0
1
-1
0
0
0
0
0
1
0
-1
0
0
0
-1
0
-1
0
0
1
0
0
-1
0
0
1
0
0
1
-2
0
0
0
0
0
-1
0
1
-2
-1
1
1
0
0
0
0
0
0
0
0
-1
-1
0
0
0
0
0
0
0
0
0
0
0
1
0
-1
1
-1
1
0
-1
0
0
-1
0
0
0
-1
-1
0
0
1
0
0
1
0
0
0
0
1
1
0
0
0
0
1
0
1
0
-1
0
0
0
0
1
0
0
0
1
1
0
0
0
0
0
0
0
0
-1
0
1
0
0
0
0
1
0
1
-1
0
0
0
0
0
0
-1
-1
1
0
0
0
0
0
0
0
-1
0
-1
0
0
0
-1
0
1
1
0
1
0
1
0
0
1
-1
0
0
-1
0
1
0
0
0
1
-1
-1
0
0
0
1
-1
0
0
0
1
0
0
0
0
-1
0
-1
0
-1
-1
0
0
-1
-1
-1
0
0
1
0
0
0
1
0
0
0
1
0
-1
0
-1
0
-1
0
1
-1
0
-1
0
-1
0
0
0
0
0
0
1
1
0
0
0
1
0
1
0
0
1
-1
0
0
1
0
0
0
1
1
0
1
0
0
1
0
-1
1
-1
-1
0
-1
1
-1
0
0
0
0
0
0
-1
-1
-1
1
0
0
0
0
0
-1
0
-1
0
0
0
0
1
-1
-1
0
-1
1
0
-1
0
1
0
1
-1
0
0
0
1
0
0
0
0
1
0
0
0
1
-1
1
0
0
1
0
0
0
0
0
0
1
0
0
0
0
0
-1
0
-1
0
0
0
0
0
0
0
0
0
0
0
0
0
-1
-1
1
0
0
0
-1
0
0
0
0
0
0
0
0
0
-1
1
0
0
-1
0
0
1
1
0
0
0
0
0
0
0
0
0
0
-1
1
0
0
1
0
0
0
0
1
0
1
0
0
0
-1
1
0
0
-1
0
0
0
0
0
-1
0
-1
1
0
0
0
-1
0
0
0
0
0
0
0
-1
1
0
0
1
0
1
0
0
0
0
-1
0
1
1
1
0
1
0
-1
0
0
0
-1
0
0
0
1
0
1
0
-1
1
1
0
0
0
0
0
0
0
0
0
0
0
0
0
-1
0
0
-1
0
-1
0
1
0
0
-1
0
-1
0
-1
0
0
0
0
1
-1
0
-1
-1
1
0
0
0
0
-1
-1
0
0
0
-1
1
1
-1
-1
0
0
0
0
0
0
0
1
0
0
-1
0
0
-1
1
0
0
-1
0
-1
0
0
0
0
-1
-1
-1
1
0
0
-1
0
0
0
0
0
1
0
-1
0
0
1
0
0
-1
0
0
0
1
0
0
0
-1
0
1
0
1
0
1
1
0
0
0
0
0
0
0
0
0
1
1
1
0
-1
0
0
0
0
0
-1
0
0
0
0
-1
0
0
0
-1
0
1
0
0
0
-1
-1
0
1
1
0
0
0
1
1
-1
0
0
0
0
1
0
1
0
0
0
0
0
0
0
1
0
-1
0
0
0
0
0
0
0
0
-1
0
0
0
0
1
0
0
-1
-1
0
-1
1
0
0
-1
0
0
1
0
0
-1
0
1
0
0
-1
0
0
0
0
1
0
-1
1
1
0
0
1
1
0
1
1
0
0
0
1
1
0
1
1
0
0
1
1
0
0
1
0
0
0
0
0
0
0
-1
-1
-1
0
-1
-1
1
-1
-1
0
-1
-1
-1
-1
-1
0
0
-1
0
-1
-1
-1
-1
0
0
0
0
0
0
-1
-1
0
0
0
0
0
0
0
0
0
0
1
0
0
1
0
0
0
1
0
1
0
0
1
0
0
0
1
0
1
1
0
0
1
1
1
0
1
0
0
1
1
0
0
1
0
0
0
0
0
0
0
0
-1
0
0
-1
0
0
0
0
-1
0
0
-1
0
0
0
-1
-1
0
0
0
-1
-1
-1
-1
0
0
0
0
0
0
0
0
0
0
0
-1
0
0
0
0
0
0
0
0
0
1
0
0
0
0
0
1
0
0
1
0
1
-1
0
0
0
0
0
0
0
0
-1
0
-1
-1
0
-1
0
0
0
0
0
-1
0
-1
-1
0
-1
0
0
0
0
0
0
-1
0
0
0
0
1
0
0
1
1
0
1
1
1
1
1
0
1
1
1
1
0
1
0
1
0
1
1
1
1
1
1
1
1
0
1
0
0
1
0
0
0
0
0
1
0
0
0
0
0
0
0
-1
-1
0
0
0
0
-1
-2
-2
-1
-1
-2
-2
-1
-2
-2
-3
-2
-2
-2
-2
-2
-2
-2
-2
-1
-1
-1
0
1
1
1
2
3
2
3
3
4
4
4
4
4
5
5
4
5
4
3
4
3
4
3
2
3
1
2
1
-1
0
-2
-2
-2
-1
-2
-2
-3
-4
-4
-4
-3
-5
-4
-5
-5
-6
-5
-5
-6
-7
-7
-7
-7
-8
-8
-10
-8
-9
-10
-8
-10
-8
-9
-9
-9
-8
-7
-7
-7
-6
-5
-5
-2
-3
-1
1
2
4
6
7
9
10
11
13
14
15
16
18
19
19
21
21
20
21
21
22
21
20
20
18
18
16
16
14
12
11
10
7
5
4
3
1
-1
-3
-5
-5
-7
-8
-10
-11
-12
-14
-15
-16
-17
-19
-19
-20
-20
-21
-21
-21
-23
-23
-24
-26
-25
-26
-25
-24
-24
-23
-22
-19
-19
-16
-15
-12
-9
-7
-3
0
3
8
11
16
22
25
29
31
30
29
29
33
37
42
45
44
40
35
30
26
27
35
45
50
46
37
29
18
10
9
7
10
15
18
20
15
8
-5
-20
-36
-49
-62
-69
-71
-69
-64
-64
-70
-84
-102
-121
-137
-148
-151
-150
-143
-132
-122
-115
-112
-116
-117
-120
-122
-116
-101
-71
-31
17
59
96
124
133
127
110
93
88
105
150
210
269
309
324
307
255
185
123
88
93
133
193
256
297
303
273
222
164
101
45
2
-8
13
49
85
125
159
177
157
101
33
-23
-40
-20
36
106
169
204
194
145
65
-31
-118
-175
-200
-211
-217
-216
-212
-213
-245
-325
-453
-607
-763
-908
-1038
-1142
-1197
-1206
-1200
-1218
-1277
-1362
-1449
-1516
-1557
-1545
-1452
-1280
-1044
-779
-515
-268
-56
114
262
419
619
868
1150
1439
1709
1949
2136
2264
2334
2357
2362
2356
2333
2294
2237
2160
2063
1936
1773
1576
1362
1145
944
782
662
595
548
490
406
291
161
31
-65
-105
-83
-16
70
147
206
247
245
174
30
-177
-417
-661
-898
-1113
-1274
-1367
-1442
-1616
-1964
-2484
-3072
-3634
-4149
-4598
-4913
-5026
-4974
-4843
-4695
-4512
-4260
-3996
-3755
-3525
-3217
-2721
-2073
-1328
-496
427
1377
2227
2874
3348
3732
4068
4357
4628
4939
5275
5604
5828
5894
5798
5538
5104
4523
3889
3308
2804
2301
1778
1270
811
368
-161
-796
-1464
-2055
-2576
-3088
-3545
-3827
-3878
-3755
-3542
-3284
-2958
-2574
-2201
-1878
-1536
-1076
-492
167
865
1571
2267
2875
3312
3582
3743
3811
3765
3594
3379
3223
3154
3071
2896
2663
2401
2059
1598
1027
445
-122
-736
-1348
-1847
-2182
-2422
-2650
-2843
-2978
-3270
-3958
-4983
-6044
-6864
-7479
-8049
-8451
-8442
-8046
-7510
-7015
-6455
-5647
-4739
-4010
-3418
-2681
-1620
-377
791
1937
3271
4729
6005
6889
7464
7954
8356
8491
8368
8201
8162
8189
8040
7640
7131
6621
5969
5017
3804
2562
1464
423
-664
-1683
-2405
-2825
-3252
-3907
-4668
-5258
-5632
-5966
-6307
-6398
-6054
-5383
-4621
-3830
-2886
-1769
-699
133
830
1590
2464
3353
4146
4887
5643
6310
6743
6899
6839
6582
6115
5429
4631
3873
3226
2669
2178
1743
1314
800
166
-572
-1405
-2320
-3218
-3964
-4462
-4730
-4848
-4834
-4652
-4526
-4866
-5770
-6937
-7920
-8638
-9330
-9987
-10182
-9712
-8905
-8115
-7393
-6449
-5268
-4361
-3939
-3579
-2834
-1656
-428
734
2160
3943
5731
7073
7948
8651
9301
9631
9479
9178
9117
9240
9225
8923
8509
8183
7762
6939
5734
4396
3175
1951
519
-963
-2093
-2741
-3145
-3673
-4320
-4832
-5224
-5720
-6300
-6646
-6525
-6071
-5590
-5063
-4240
-3097
-1937
-921
19
1057
2203
3212
4064
4898
5727
6466
6967
7219
7390
7500
7384
6958
6282
5481
4667
3817
2919
2088
1370
692
-12
-738
-1405
-1976
-2600
-3365
-4217
-4966
-5386
-5513
-5454
-5176
-4678
-4113
-3820
-4297
-5387
-6534
-7532
-8390
-9289
-10068
-10234
-9761
-9057
-8316
-7403
-6154
-4823
-3930
-3508
-3035
-2177
-1129
-145
866
2202
3911
5616
7049
8256
9281
9975
10146
9788
9296
8985
8798
8586
8248
7906
7693
7437
6878
5962
4840
3663
2348
801
-785
-2020
-2791
-3385
-4031
-4726
-5242
-5448
-5645
-5974
-6221
-6209
-5983
-5646
-5204
-4474
-3416
-2217
-1063
47
1271
2602
3868
4899
5626
6163
6586
6853
6963
6953
6941
6864
6541
5875
5053
4210
3414
2515
1429
431
-376
-1034
-1710
-2347
-2823
-3162
-3588
-4155
-4582
-4682
-4613
-4629
-4731
-4699
-4479
-4480
-5099
-6142
-7078
-7755
-8423
-9273
-9992
-10103
-9709
-9217
-8695
-7865
-6611
-5311
-4388
-3709
-2881
-1845
-816
111
1108
2399
3916
5410
6810
8169
9371
10231
10622
10611
10458
10233
9894
9441
8875
8290
7779
7245
6575
5728
4698
3579
2351
988
-337
-1480
-2450
-3342
-4275
-5092
-5599
-5848
-5972
-6045
-6031
-5902
-5742
-5586
-5329
-4745
-3904
-2937
-1824
-679
590
1955
3275
4413
5263
5868
6336
6691
6907
6969
6874
6642
6214
5615
5016
4477
3869
3093
2134
1114
123
-824
-1668
-2359
-2962
-3532
-4063
-4516
-4834
-4970
-4923
-4777
-4626
-4454
-4173
-3825
-3748
-4283
-5293
-6320
-7125
-7879
-8739
-9426
-9543
-9169
-8685
-8133
-7202
-5827
-4467
-3591
-3077
-2483
-1703
-953
-274
593
1822
3242
4613
5941
7307
8568
9464
9898
10012
9988
9843
9491
8964
8400
7894
7433
6914
6306
5642
4911
3986
2743
1292
-112
-1321
-2452
-3598
-4618
-5342
-5768
-6004
-6100
-6009
-5806
-5662
-5549
-5304
-4865
-4295
-3641
-2863
-1903
-806
368
1695
3102
4356
5358
6105
6661
7038
7143
7052
6855
6444
5810
5120
4500
3974
3376
2599
1793
1043
242
-648
-1461
-2081
-2611
-3196
-3811
-4241
-4421
-4494
-4473
-4275
-4013
-3726
-3420
-3127
-2997
-3415
-4427
-5552
-6482
-7348
-8291
-9165
-9552
-9413
-9120
-8702
-7798
-6424
-5092
-4223
-3675
-2948
-2096
-1386
-771
66
1305
2687
4001
5337
6871
8309
9240
9692
9872
9900
9750
9323
8769
8279
7795
7310
6842
6344
5823
5170
4282
3194
1939
605
-678
-1913
-3112
-4217
-5149
-5790
-6089
-6097
-5884
-5543
-5182
-4804
-4354
-3950
-3564
-3095
-2556
-1908
-1151
-267
918
2361
3689
4788
5639
6341
6955
7250
7174
6909
6476
5804
4969
4133
3472
2903
2195
1378
625
-48
-736
-1438
-2087
-2650
-3207
-3827
-4312
-4526
-4578
-4538
-4394
-4116
-3714
-3335
-2912
-2497
-2466
-3065
-4157
-5246
-6148
-7099
-8152
-9007
-9328
-9203
-8961
-8481
-7424
-5980
-4764
-4098
-3645
-2960
-2163
-1607
-1154
-335
926
2284
3567
4997
6723
8323
9315
9746
9998
10177
10085
9619
9057
8649
8236
7653
6985
6436
6014
5446
4555
3407
2124
776
-609
-2013
-3374
-4584
-5564
-6274
-6657
-6658
-6346
-5805
-5202
-4695
-4215
-3685
-3166
-2721
-2337
-1920
-1372
-631
326
1526
2850
4071
5115
6020
6712
7147
7265
7104
6670
5946
5011
4081
3341
2626
1867
1099
448
-96
-700
-1303
-1783
-2298
-3005
-3788
-4414
-4741
-4846
-4884
-4721
-4249
-3639
-3044
-2465
-1968
-1715
-2048
-3063
-4307
-5428
-6439
-7476
-8474
-9157
-9318
-9184
-8836
-8041
-6814
-5527
-4627
-4101
-3496
-2670
-1926
-1360
-689
299
1502
2703
4010
5595
7243
8545
9382
9935
10305
10434
10244
9807
9253
8552
7735
6969
6351
5857
5347
4672
3835
2888
1831
698
-511
-1845
-3239
-4542
-5606
-6305
-6639
-6531
-6100
-5533
-4914
-4342
-3712
-3087
-2617
-2339
-2118
-1761
-1237
-555
402
1606
2835
3940
4914
5804
6594
7057
7097
6789
6149
5249
4244
3279
2420
1612
835
189
-280
-682
-1073
-1424
-1784
-2294
-2969
-3573
-3917
-4109
-4259
-4303
-4100
-3570
-2958
-2385
-1717
-1125
-954
-1355
-2320
-3497
-4602
-5846
-7195
-8384
-9283
-9677
-9633
-9254
-8341
-7078
-5898
-4937
-4182
-3423
-2569
-1917
-1471
-908
-118
843
2012
3417
5074
6775
8140
9111
9909
10468
10732
10666
10162
9451
8648
7770
6984
6361
5766
5195
4571
3806
2979
2059
1024
-64
-1324
-2778
-4181
-5349
-6143
-6549
-6646
-6426
-5840
-5126
-4441
-3714
-2982
-2287
-1771
-1597
-1454
-1078
-549
152
965
1891
2948
3942
4742
5468
6028
6279
6205
5801
5128
4320
3440
2566
1779
1016
297
-283
-728
-1092
-1388
-1716
-2066
-2442
-2833
-3097
-3282
-3434
-3434
-3274
-2962
-2486
-1999
-1498
-1016
-793
-842
-1222
-2077
-3189
-4426
-5749
-7009
-8202
-9191
-9615
-9574
-9234
-8504
-7541
-6427
-5339
-4489
-3660
-2740
-2008
-1454
-871
-141
851
1996
3231
4711
6323
7721
8904
9877
10541
10905
10813
10289
9625
8785
7783
6860
6020
5250
4597
3900
3228
2600
1841
985
9
-1156
-2450
-3746
-4926
-5809
-6369
-6660
-6611
-6162
-5453
-4573
-3632
-2797
-2052
-1475
-1108
-805
-514
-144
350
841
1429
2169
3016
3906
4671
5240
5583
5654
5425
4969
4360
3589
2704
1773
866
165
-344
-656
-863
-952
-912
-923
-1003
-1149
-1383
-1746
-2183
-2598
-2821
-2858
-2733
-2369
-1828
-1197
-715
-588
-661
-1106
-2073
-3323
-4735
-6160
-7491
-8857
-9845
-10168
-10072
-9601
-8722
-7525
-6126
-4859
-3889
-2948
-2058
-1460
-1037
-510
278
1362
2574
3871
5452
7028
8339
9450
10280
10804
10944
10563
9882
9105
8141
7120
6182
5292
4512
3803
3106
2524
1949
1183
302
-671
-1727
-2821
-3955
-4956
-5616
-5989
-6183
-6081
-5585
-4797
-3858
-3033
-2321
-1592
-1024
-722
-501
-247
88
420
663
1117
1768
2506
3258
3921
4468
4835
4922
4716
4312
3712
2970
2204
1476
809
333
1
-203
-253
-297
-380
-482
-654
-883
-1186
-1604
-2034
-2367
-2512
-2515
-2394
-2063
-1555
-1054
-710
-697
-882
-1341
-2329
-3605
-4938
-6269
-7463
-8678
-9612
-9875
-9808
-9497
-8852
-7891
-6599
-5384
-4438
-3413
-2330
-1423
-725
-32
853
1931
2978
4006
5273
6679
7867
8874
9727
10359
10720
10565
10033
9394
8491
7425
6364
5344
4464
3642
2819
2160
1562
931
275
-459
-1267
-2146
-3032
-3811
-4401
-4865
-5177
-5245
-5005
-4549
-3884
-3134
-2400
-1720
-1167
-762
-432
-225
-97
46
196
406
784
1327
1965
2579
3069
3479
3787
3938
3864
3670
3334
2800
2169
1545
1008
609
206
-137
-295
-391
-499
-627
-804
-968
-1207
-1624
-2019
-2220
-2224
-2178
-2111
-1898
-1474
-1060
-921
-1028
-1177
-1516
-2327
-3541
-4833
-5981
-7080
-8340
-9372
-9785
-9756
-9503
-8966
-7998
-6575
-5188
-4076
-2913
-1652
-597
161
781
1542
2450
3245
4064
5188
6442
7495
8377
9145
9783
10146
10047
9662
9234
8525
7549
6611
5699
4823
3919
2972
2229
1593
879
196
-404
-998
-1669
-2392
-2982
-3381
-3730
-4030
-4167
-4072
-3883
-3636
-3209
-2643
-2121
-1709
-1323
-898
-549
-376
-237
-39
88
145
300
622
1050
1422
1805
2346
2863
3160
3302
3368
3296
2963
2380
1794
1318
798
180
-341
-672
-845
-1053
-1214
-1200
-1158
-1225
-1428
-1621
-1730
-1762
-1866
-1911
-1717
-1465
-1245
-1127
-1184
-1238
-1545
-2326
-3249
-4234
-5259
-6286
-7483
-8480
-8948
-9157
-9126
-8721
-7888
-6661
-5388
-4294
-3071
-1760
-680
104
784
1525
2341
3027
3645
4535
5547
6398
7178
7996
8788
9430
9652
9645
9585
9156
8406
7542
6579
5595
4502
3359
2470
1769
1070
466
29
-333
-757
-1290
-1781
-2202
-2668
-3258
-3735
-3970
-4117
-4209
-4123
-3801
-3341
-2948
-2599
-2047
-1557
-1280
-1093
-929
-782
-715
-665
-429
-4
441
882
1483
2211
2850
3328
3645
3836
3818
3492
3008
2553
2017
1392
764
283
-19
-288
-549
-663
-692
-769
-912
-1054
-1156
-1290
-1448
-1586
-1627
-1573
-1509
-1399
-1289
-1376
-1586
-1935
-2525
-3279
-4218
-5206
-6094
-7106
-8057
-8580
-8750
-8637
-8272
-7628
-6573
-5366
-4307
-3195
-1991
-940
-136
484
1123
1836
2470
3044
3836
4832
5778
6681
7563
8402
9122
9484
9531
9449
9054
8337
7471
6462
5442
4405
3352
2484
1809
1193
666
229
-209
-642
-1111
-1606
-2074
-2576
-3132
-3568
-3857
-4091
-4172
-4055
-3809
-3445
-3053
-2673
-2205
-1795
-1525
-1225
-960
-772
-597
-447
-200
137
489
937
1518
2158
2736
3217
3644
3933
4017
3908
3639
3284
2792
2189
1629
1097
580
108
-284
-582
-883
-1198
-1441
-1620
-1802
-2083
-2342
-2357
-2276
-2263
-2133
-1796
-1364
-1105
-1211
-1312
-1342
-1811
-2709
-3693
-4568
-5360
-6423
-7517
-7973
-8044
-8159
-8121
-7643
-6609
-5516
-4749
-3858
-2615
-1513
-817
-225
569
1492
2169
2631
3402
4475
5365
6092
6895
7775
8530
8869
8940
9034
8842
8194
7370
6477
5558
4568
3500
2645
2038
1414
889
573
334
75
-299
-734
-1125
-1584
-2205
-2798
-3236
-3606
-3900
-4071
-4029
-3718
-3302
-2883
-2396
-1888
-1438
-1080
-841
-636
-441
-347
-275
-149
50
386
799
1272
1863
2494
3088
3599
3931
4075
4033
3724
3207
2533
1794
1064
322
-382
-954
-1323
-1564
-1673
-1712
-1703
-1597
-1540
-1599
-1644
-1612
-1516
-1456
-1398
-1185
-840
-533
-430
-429
-436
-695
-1349
-2254
-3225
-4125
-5198
-6451
-7339
-7820
-8105
-8202
-8036
-7384
-6381
-5502
-4608
-3431
-2238
-1289
-589
105
957
1688
2179
2775
3629
4480
5177
5882
6716
7549
8112
8373
8578
8650
8344
7767
7045
6226
5315
4279
3318
2603
1958
1349
936
659
401
86
-273
-599
-970
-1551
-2206
-2725
-3183
-3674
-4035
-4134
-4005
-3734
-3427
-2944
-2291
-1758
-1385
-1016
-702
-512
-450
-460
-369
-204
-74
177
624
1141
1706
2291
2871
3400
3719
3823
3798
3538
3006
2339
1603
840
60
-680
-1223
-1579
-1863
-2021
-2000
-1856
-1698
-1598
-1517
-1413
-1317
-1234
-1140
-985
-759
-496
-219
-63
-44
-53
-240
-765
-1575
-2553
-3531
-4556
-5795
-6918
-7606
-8009
-8194
-8096
-7568
-6564
-5491
-4571
-3495
-2262
-1216
-435
183
852
1546
2012
2391
3039
3870
4636
5376
6208
7135
7953
8478
8745
8845
8647
8062
7250
6332
5348
4329
3325
2479
1860
1337
927
653
420
166
-177
-595
-1021
-1569
-2224
-2827
-3364
-3828
-4151
-4268
-4090
-3735
-3333
-2781
-2104
-1472
-981
-622
-351
-185
-232
-394
-470
-487
-484
-363
-11
492
1058
1673
2329
2935
3322
3475
3485
3292
2784
2088
1363
632
-121
-833
-1347
-1608
-1760
-1865
-1784
-1561
-1350
-1234
-1123
-945
-838
-854
-822
-678
-457
-253
-70
238
502
463
286
67
-387
-1161
-2214
-3323
-4297
-5398
-6615
-7411
-7774
-7962
-7959
-7673
-6898
-5841
-4999
-4182
-3108
-2036
-1246
-696
-45
766
1455
1922
2534
3474
4399
5116
5821
6638
7434
7919
8051
8147
8098
7715
7070
6323
5584
4803
3930
3144
2585
2086
1653
1338
1052
788
511
176
-155
-569
-1097
-1547
-1959
-2405
-2802
-3009
-3028
-2961
-2861
-2623
-2187
-1752
-1483
-1213
-935
-805
-818
-943
-988
-904
-944
-923
-580
-161
281
778
1400
2073
2544
2789
2998
3099
2857
2353
1780
1219
586
-127
-712
-1028
-1253
-1466
-1512
-1383
-1175
-1059
-1003
-835
-667
-683
-791
-775
-653
-564
-525
-355
-31
224
269
200
151
-70
-688
-1582
-2515
-3431
-4458
-5654
-6682
-7267
-7630
-7904
-7869
-7352
-6477
-5574
-4770
-3765
-2581
-1604
-900
-241
503
1184
1601
1982
2640
3368
3955
4548
5316
6161
6807
7201
7547
7818
7767
7367
6874
6342
5689
4898
4128
3573
3136
2705
2356
2212
2137
1933
1609
1252
849
284
-429
-1156
-1851
-2545
-3177
-3632
-3842
-3872
-3793
-3551
-3187
-2809
-2461
-2170
-1924
-1776
-1763
-1793
-1767
-1729
-1664
-1461
-1107
-656
-109
537
1222
1901
2434
2786
3042
3099
2905
2593
2185
1669
1108
548
84
-225
-493
-688
-711
-677
-631
-576
-554
-532
-534
-642
-762
-804
-816
-780
-681
-507
-227
89
341
467
488
402
34
-645
-1478
-2419
-3458
-4558
-5644
-6487
-7039
-7434
-7546
-7279
-6697
-5907
-5097
-4224
-3207
-2284
-1563
-954
-425
59
448
777
1228
1828
2470
3173
4001
4921
5803
6580
7253
7789
8098
8113
7923
7571
7010
6323
5615
4912
4237
3584
3022
2628
2278
1867
1483
1145
740
162
-559
-1278
-1952
-2712
-3522
-4137
-4508
-4750
-4913
-4906
-4600
-4124
-3720
-3293
-2749
-2234
-1869
-1668
-1471
-1218
-1058
-988
-809
-467
-59
356
837
1458
2059
2528
2919
3228
3359
3267
3010
2657
2230
1689
1138
681
282
-66
-292
-416
-429
-389
-354
-267
-220
-276
-325
-400
-520
-608
-681
-659
-547
-435
-244
35
279
392
327
153
-191
-872
-1785
-2789
-3824
-4879
-5992
-6924
-7463
-7793
-7946
-7788
-7274
-6473
-5651
-4866
-3945
-2981
-2177
-1559
-986
-312
354
905
1509
2321
3242
4104
4921
5799
6689
7394
7837
8132
8310
8237
7904
7413
6848
6236
5537
4828
4220
3682
3187
2727
2306
1917
1501
1046
534
-44
-674
-1330
-1992
-2614
-3199
-3686
-4012
-4223
-4319
-4278
-4106
-3837
-3538
-3219
-2859
-2507
-2212
-1963
-1748
-1540
-1326
-1120
-882
-576
-212
207
678
1168
1670
2163
2600
2946
3195
3335
3376
3302
3083
2805
2473
2077
1649
1225
844
506
183
-117
-342
-539
-747
-948
-1146
-1332
-1519
-1729
-1878
-1961
-1997
-1954
-1868
-1704
-1467
-1259
-1098
-977
-984
-1127
-1447
-1988
-2625
-3357
-4224
-5067
-5862
-6527
-6962
-7225
-7247
-6971
-6467
-5786
-4972
-4057
-3045
-2068
-1207
-420
344
1028
1620
2191
2788
3427
4054
4653
5328
6034
6651
7184
7595
7897
8055
7960
7707
7365
6865
6258
5596
4920
4310
3719
3153
2671
2234
1805
1387
951
471
-58
-650
-1277
-1920
-2575
-3194
-3733
-4202
-4581
-4814
-4901
-4860
-4730
-4523
-4225
-3879
-3536
-3177
-2777
-2355
-1950
-1542
-1090
-577
-25
542
1142
1777
2406
2992
3520
3968
4312
4514
4575
4495
4268
3931
3490
2957
2356
1708
1051
415
-204
-795
-1326
-1792
-2213
-2585
-2893
-3125
-3294
-3416
-3461
-3427
-3342
-3189
-2961
-2674
-2345
-1997
-1625
-1235
-875
-598
-391
-258
-250
-428
-763
-1174
-1688
-2322
-3035
-3717
-4306
-4812
-5209
-5408
-5330
-5059
-4661
-4110
-3367
-2515
-1702
-934
-171
537
1104
1560
1996
2433
2846
3202
3593
4099
4636
5157
5691
6232
6718
7075
7280
7377
7317
7043
6613
6059
5422
4733
4003
3286
2629
2009
1434
899
409
-66
-554
-1053
-1614
-2223
-2825
-3432
-4019
-4546
-4968
-5239
-5356
-5302
-5041
-4590
-4011
-3325
-2572
-1763
-967
-248
403
979
1460
1835
2161
2446
2711
2941
3163
3408
3625
3796
3926
3985
3914
3701
3336
2865
2261
1512
696
-150
-990
-1802
-2526
-3121
-3574
-3920
-4145
-4202
-4159
-4085
-3961
-3793
-3606
-3443
-3308
-3122
-2885
-2651
-2395
-2059
-1640
-1172
-674
-148
401
883
1232
1444
1493
1327
957
407
-277
-1054
-1909
-2727
-3416
-3975
-4353
-4503
-4431
-4167
-3745
-3203
-2569
-1934
-1349
-794
-315
79
413
735
1071
1445
1848
2340
2931
3548
4196
4841
5444
5963
6351
6578
6654
6568
6297
5888
5363
4772
4158
3530
2934
2383
1880
1444
1038
653
307
-40
-413
-809
-1213
-1615
-2004
-2375
-2669
-2857
-2975
-2990
-2871
-2647
-2331
-1944
-1519
-1033
-559
-142
265
635
926
1148
1318
1455
1554
1613
1675
1753
1828
1875
1911
1938
1936
1837
1654
1390
1039
568
23
-555
-1189
-1847
-2470
-3008
-3469
-3837
-4085
-4205
-4224
-4159
-4015
-3799
-3548
-3294
-3035
-2758
-2469
-2201
-1941
-1653
-1353
-1020
-642
-259
136
536
918
1263
1507
1666
1776
1750
1523
1169
750
259
-347
-1033
-1664
-2227
-2804
-3317
-3625
-3761
-3801
-3745
-3521
-3103
-2625
-2161
-1604
-971
-399
98
579
1077
1547
1918
2264
2682
3081
3433
3827
4249
4651
4970
5224
5466
5616
5579
5431
5222
4887
4421
3887
3383
2902
2371
1855
1464
1142
814
507
290
119
-97
-354
-572
-750
-964
-1200
-1366
-1443
-1479
-1500
-1440
-1247
-1014
-800
-560
-294
-46
130
220
305
363
336
259
188
134
47
-68
-162
-237
-332
-465
-623
-777
-958
-1198
-1463
-1719
-1969
-2221
-2464
-2669
-2806
-2892
-2938
-2934
-2861
-2737
-2583
-2404
-2200
-1975
-1753
-1552
-1348
-1137
-940
-745
-541
-337
-128
84
313
555
786
1006
1229
1439
1618
1761
1856
1899
1851
1702
1479
1179
783
303
-234
-806
-1378
-1923
-2402
-2782
-3057
-3223
-3276
-3207
-3033
-2789
-2490
-2141
-1785
-1449
-1113
-780
-446
-103
251
640
1068
1522
2028
2567
3096
3620
4110
4529
4856
5063
5177
5193
5081
4863
4582
4255
3875
3464
3078
2725
2367
2005
1674
1369
1050
714
381
61
-272
-619
-952
-1228
-1455
-1657
-1792
-1835
-1811
-1736
-1609
-1417
-1188
-960
-736
-526
-342
-196
-101
-45
-25
-53
-108
-182
-257
-335
-418
-484
-560
-647
-744
-839
-953
-1091
-1245
-1406
-1585
-1779
-1970
-2148
-2307
-2442
-2533
-2554
-2525
-2454
-2332
-2168
-1977
-1780
-1564
-1320
-1076
-872
-665
-443
-234
-45
137
337
533
684
817
967
1106
1186
1219
1238
1222
1129
978
813
627
380
87
-185
-427
-688
-953
-1167
-1334
-1492
-1631
-1693
-1669
-1616
-1547
-1406
-1182
-930
-678
-387
-36
311
625
939
1282
1613
1885
2130
2397
2649
2843
2997
3160
3311
3401
3434
3442
3426
3353
3204
3013
2807
2545
2239
1918
1587
1261
937
633
362
118
-100
-294
-471
-636
-782
-921
-1064
-1198
-1303
-1385
-1428
-1426
-1366
-1256
-1111
-919
-694
-453
-227
-30
139
260
313
313
278
188
69
-59
-192
-313
-429
-531
-615
-697
-787
-880
-986
-1119
-1287
-1482
-1673
-1862
-2059
-2245
-2374
-2459
-2491
-2462
-2372
-2214
-2017
-1802
-1558
-1301
-1049
-809
-580
-366
-166
14
186
357
523
693
854
1001
1124
1215
1274
1286
1241
1155
1026
847
635
402
158
-92
-342
-562
-743
-886
-995
-1063
-1085
-1082
-1059
-1010
-945
-861
-773
-668
-521
-349
-161
60
324
612
906
1204
1514
1820
2079
2292
2474
2613
2687
2700
2668
2605
2495
2335
2163
1994
1805
1608
1416
1223
1018
795
571
353
119
-113
-328
-530
-709
-857
-959
-1008
-1011
-969
-880
-761
-621
-467
-299
-137
-2
96
180
255
306
337
359
378
394
406
413
402
372
320
229
93
-73
-256
-451
-655
-858
-1048
-1213
-1343
-1439
-1500
-1520
-1514
-1501
-1480
-1461
-1455
-1442
-1432
-1417
-1384
-1316
-1211
-1066
-882
-666
-421
-159
93
319
518
673
762
782
772
721
624
517
414
332
262
201
171
156
127
77
-18
-136
-283
-477
-693
-907
-1092
-1241
-1330
-1346
-1288
-1164
-979
-751
-499
-258
-22
177
330
439
512
578
633
685
774
908
1054
1220
1400
1578
1710
1789
1814
1781
1657
1458
1203
914
603
285
1
-201
-339
-430
-448
-406
-335
-271
-216
-169
-148
-172
-229
-277
-307
-337
-329
-255
-123
49
251
491
748
960
1116
1223
1276
1243
1139
1000
837
657
473
322
222
156
106
87
93
88
55
2
-65
-167
-312
-467
-614
-749
-870
-962
-1005
-1005
-959
-882
-785
-664
-550
-458
-389
-346
-331
-327
-334
-347
-352
-354
-339
-315
-279
-231
-184
-140
-108
-91
-101
-143
-206
-296
-402
-516
-626
-714
-769
-804
-818
-794
-757
-709
-657
-602
-551
-511
-478
-454
-419
-366
-309
-233
-115
34
187
354
543
729
888
1011
1098
1144
1149
1102
1020
925
823
712
611
531
467
418
372
340
308
263
206
120
13
-104
-225
-350
-463
-544
-598
-619
-593
-523
-420
-301
-181
-57
54
148
206
237
255
259
256
260
280
315
379
460
559
668
772
857
915
933
916
867
787
685
564
458
358
257
180
132
108
84
66
57
40
3
-62
-144
-230
-327
-430
-515
-566
-598
-614
-588
-516
-432
-337
-229
-114
-14
59
103
127
125
88
33
-20
-78
-145
-211
-263
-293
-329
-357
-373
-384
-404
-438
-474
-512
-563
-615
-653
-688
-718
-735
-733
-714
-678
-617
-536
-441
-349
-255
-164
-91
-27
21
54
68
71
71
64
61
60
89
130
170
214
258
288
300
292
266
231
158
71
-16
-94
-167
-230
-265
-281
-279
-262
-231
-185
-140
-98
-57
-11
27
40
65
95
116
147
189
250
327
409
507
610
707
778
836
884
903
894
867
834
786
711
638
576
516
445
366
306
246
170
79
-19
-104
-200
-307
-399
-468
-509
-538
-532
-493
-432
-354
-271
-174
-71
21
95
167
235
294
346
400
463
530
596
661
722
780
808
806
770
711
630
518
388
243
100
-40
-176
-298
-414
-510
-576
-641
-699
-751
-796
-849
-904
-944
-970
-989
-992
-975
-931
-870
-807
-735
-648
-561
-479
-401
-325
-255
-211
-165
-114
-79
-54
-31
-16
-13
-28
-57
-88
-127
-178
-224
-261
-290
-321
-346
-363
-377
-386
-387
-377
-356
-322
-287
-249
-198
-134
-65
17
117
215
306
402
489
560
614
649
684
719
746
765
787
809
825
818
812
807
769
707
637
557
461
349
237
131
28
-65
-143
-197
-234
-262
-268
-264
-259
-247
-221
-195
-173
-147
-108
-53
13
86
182
289
393
495
595
684
753
796
817
822
795
739
675
606
523
422
316
223
130
28
-59
-131
-203
-275
-346
-418
-484
-559
-637
-697
-749
-804
-842
-857
-851
-834
-796
-735
-662
-583
-500
-414
-332
-263
-202
-153
-112
-80
-54
-30
-14
-6
1
11
13
3
-3
-16
-34
-58
-83
-110
-146
-191
-239
-290
-349
-417
-477
-521
-559
-585
-587
-561
-526
-484
-413
-318
-225
-133
-36
60
148
216
272
324
368
400
430
467
500
521
544
579
600
610
599
575
547
496
423
343
258
167
73
-14
-84
-136
-180
-200
-195
-176
-143
-96
-37
24
86
141
182
224
263
300
334
373
418
460
509
556
601
645
680
699
715
715
687
642
571
481
382
268
154
44
-48
-138
-218
-281
-327
-372
-410
-436
-468
-492
-517
-535
-551
-569
-583
-587
-585
-573
-546
-505
-449
-387
-314
-241
-164
-90
-19
41
99
141
169
188
191
179
159
132
98
77
53
25
-1
-28
-61
-98
-141
-193
-250
-308
-376
-445
-497
-540
-579
-601
-597
-585
-557
-511
-451
-382
-312
-248
-180
-112
-53
-7
43
94
137
176
224
275
314
352
374
388
394
391
374
353
330
298
257
221
181
140
107
84
69
50
41
46
51
54
64
77
97
114
133
162
194
233
266
302
336
367
397
414
430
429
430
432
418
404
392
372
349
317
280
237
182
123
68
5
-60
-127
-187
-247
-310
-364
-398
-417
-432
-430
-421
-401
-383
-354
-324
-287
-259
-231
-192
-151
-111
-73
-32
12
51
80
114
145
164
173
177
170
151
122
90
46
-7
-63
-115
-165
-223
-272
-316
-357
-398
-441
-473
-496
-515
-523
-527
-521
-507
-481
-446
-406
-361
-302
-239
-180
-119
-55
7
76
141
199
258
315
355
382
392
390
370
347
321
291
269
243
220
192
163
136
105
77
42
2
-40
-73
-103
-119
-119
-116
-90
-60
-20
24
74
122
164
203
243
278
307
331
354
371
389
410
422
428
431
424
407
386
356
320
271
215
157
95
31
-35
-88
-137
-175
-216
-247
-264
-279
-282
-275
-263
-246
-228
-205
-181
-158
-137
-109
-77
-47
-15
18
47
72
89
107
124
129
128
121
108
79
46
10
-32
-79
-123
-160
-198
-231
-261
-289
-305
-316
-326
-324
-316
-309
-299
-286
-271
-253
-224
-191
-154
-122
-83
-38
-2
40
76
106
134
152
161
167
167
160
151
142
127
96
67
38
10
-22
-47
-69
-95
-129
-157
-188
-211
-232
-257
-267
-267
-269
-275
-260
-236
-210
-174
-125
-68
-13
40
88
135
167
194
219
237
253
267
285
309
334
351
366
383
388
382
366
340
313
273
232
191
149
112
77
48
24
1
-14
-20
-25
-20
-12
-7
-9
-19
-28
-39
-48
-62
-68
-67
-64
-60
-55
-47
-41
-35
-31
-24
-13
-1
8
15
20
26
36
45
50
53
47
43
37
31
17
2
-4
-19
-30
-36
-44
-54
-67
-74
-79
-82
-92
-105
-117
-124
-130
-130
-133
-128
-120
-107
-95
-85
-70
-51
-32
-19
-12
-10
-6
-6
-6
-8
-13
-23
-35
-49
-58
-74
-97
-107
-122
-138
-152
-156
-161
-165
-165
-165
-162
-160
-157
-147
-128
-107
-92
-74
-52
-33
-11
11
39
62
89
120
142
162
176
181
185
179
172
162
151
147
138
132
125
126
123
125
131
125
115
106
97
82
76
57
43
32
19
17
19
27
40
53
63
77
88
102
109
105
104
106
102
91
75
68
60
55
58
64
68
69
68
59
47
30
6
-17
-47
-73
-96
-119
-138
-142
-142
-142
-137
-124
-112
-101
-96
-101
-105
-114
-131
-143
-153
-155
-149
-144
-128
-104
-86
-72
-49
-32
-17
-5
2
-1
0
-3
-9
-9
-7
-5
0
7
14
23
29
41
49
51
48
40
30
15
4
-11
-21
-28
-33
-35
-31
-26
-21
-17
-17
-16
-13
-8
-5
-1
2
-1
-3
0
4
10
22
35
44
51
55
55
55
54
55
49
47
53
51
51
48
47
49
46
41
38
33
32
29
21
11
3
-7
-14
-17
-24
-15
-4
0
6
7
9
16
19
20
25
31
40
50
60
70
79
90
92
92
84
75
68
54
39
24
10
0
-9
-14
-21
-22
-21
-23
-24
-32
-45
-65
-83
-102
-123
-136
-143
-146
-145
-147
-140
-126
-114
-101
-90
-78
-68
-65
-65
-65
-70
-72
-74
-70
-69
-59
-41
-27
-8
6
17
26
28
27
20
7
-3
-19
-32
-45
-55
-54
-55
-48
-42
-34
-22
-12
0
12
22
27
23
25
23
22
27
34
49
60
80
101
120
135
143
149
149
143
129
114
100
86
72
63
60
59
70
80
85
89
94
94
86
77
61
48
46
41
36
33
36
38
38
41
44
42
37
31
29
25
15
10
10
10
-1
-7
-15
-23
-27
-33
-39
-45
-50
-57
-58
-60
-60
-67
-67
-68
-74
-72
-71
-76
-82
-85
-86
-84
-81
-76
-71
-64
-61
-56
-51
-45
-38
-37
-37
-39
-41
-41
-41
-43
-47
-44
-40
-39
-38
-34
-32
-26
-27
-25
-22
-22
-25
-32
-37
-44
-48
-49
-50
-49
-53
-52
-45
-40
-31
-22
-17
-11
-11
-10
-7
-10
-6
-3
3
17
30
40
51
62
67
73
79
80
81
81
78
78
76
74
76
74
77
78
78
75
72
64
59
57
45
36
36
33
42
43
49
59
66
68
70
72
68
61
53
45
38
34
26
18
10
9
11
17
23
28
32
32
30
20
13
2
-12
-21
-25
-26
-28
-27
-24
-22
-25
-27
-18
-19
-19
-25
-28
-33
-41
-44
-45
-41
-37
-33
-24
-15
-16
-12
-17
-24
-36
-51
-62
-74
-81
-81
-87
-89
-81
-79
-79
-80
-74
-75
-79
-80
-86
-92
-96
-98
-99
-94
-73
-59
-43
-32
-24
-19
-19
-20
-23
-28
-37
-41
-44
-43
-34
-27
-21
-16
-12
-3
7
15
17
24
31
32
33
30
27
25
26
27
34
43
52
65
77
89
92
97
103
108
109
107
102
97
94
89
86
86
85
86
85
80
76
72
64
56
38
28
23
11
6
3
2
0
-1
-5
-7
-8
-12
-9
-12
-8
-10
-9
-2
2
-1
4
10
6
8
3
5
0
-1
0
-1
5
7
6
-3
-3
-6
-13
-17
-21
-27
-32
-38
-43
-46
-52
-54
-58
-62
-62
-64
-62
-61
-59
-56
-56
-54
-51
-52
-49
-46
-36
-25
-21
-19
-14
-9
-3
1
13
20
28
38
46
50
51
49
45
41
37
31
29
30
27
24
24
24
19
19
19
13
6
3
-4
-16
-23
-28
-33
-36
-40
-43
-44
-40
-30
-16
-1
14
21
26
27
22
14
7
-1
-8
-14
-13
-8
0
7
12
20
28
27
26
20
12
4
-7
-13
-16
-13
-14
-10
-9
-8
-4
-4
-8
-9
-17
-22
-18
-15
-11
-5
-2
2
7
12
16
17
18
11
11
13
12
6
5
6
5
0
-3
-9
-12
-16
-22
-20
-24
-32
-39
-45
-46
-47
-50
-48
-44
-38
-30
-27
-22
-15
-13
-11
-11
-9
-4
-2
5
12
18
19
24
32
42
50
55
55
53
51
43
35
33
27
23
20
11
-1
-11
-21
-29
-33
-39
-44
-43
-39
-37
-30
-19
-15
-16
-16
-13
-11
-15
-21
-23
-24
-22
-19
-10
2
18
33
46
60
67
70
73
76
72
71
77
80
82
83
84
80
74
67
59
49
37
30
23
14
7
1
-5
-8
-14
-18
-20
-26
-24
-22
-23
-20
-16
-19
-13
-9
-9
-6
-9
-8
-9
-12
-12
-14
-19
-22
-19
-22
-27
-31
-33
-34
-32
-35
-38
-38
-44
-46
-47
-47
-48
-48
-47
-49
-52
-53
-54
-54
-53
-52
-50
-46
-42
-35
-27
-23
-19
-18
-14
-13
-9
-9
-5
-8
-13
-13
-15
-12
-7
4
16
27
35
47
51
55
57
51
39
23
6
-4
-8
-9
-9
0
16
24
32
38
43
39
35
27
23
22
21
26
29
33
42
49
53
54
47
47
50
45
41
38
31
25
20
14
6
2
2
-1
-3
-1
-3
-5
-10
-14
-18
-16
-13
-6
1
2
3
3
1
-2
-5
-9
-11
-15
-13
-10
-6
1
8
12
12
10
7
3
-4
-14
-21
-25
-25
-27
-30
-35
-36
-35
-31
-29
-29
-26
-25
-25
-30
-34
-36
-37
-41
-43
-46
-44
-39
-39
-38
-34
-25
-18
-12
-3
3
12
16
17
14
10
13
10
10
14
14
17
21
22
24
23
23
23
21
21
17
15
10
8
-1
-5
-7
-14
-18
-18
-20
-19
-13
-8
1
5
8
5
6
5
3
5
7
8
7
7
6
2
2
10
13
17
19
18
19
16
11
7
2
-2
-5
-5
-3
0
-1
-1
2
1
-1
2
8
8
9
9
4
0
-2
-3
-8
-7
-6
3
13
23
31
35
41
48
47
43
43
35
26
21
14
7
2
-4
-11
-15
-16
-18
-16
-16
-15
-13
-6
-3
-3
-2
-1
-3
-2
-3
-6
-8
-10
-14
-20
-21
-26
-27
-23
-14
-13
-10
-8
-13
-14
-10
-13
-16
-15
-16
-14
-9
-8
-8
-4
-1
-5
-4
-5
-4
-9
-9
-4
-6
-4
0
-1
0
2
6
7
9
11
12
15
19
19
20
21
17
7
3
3
-5
-8
-14
-18
-15
-11
-4
2
8
12
14
14
14
13
12
13
13
9
9
7
-1
-5
-10
-14
-16
-12
-10
-7
-2
5
9
6
6
6
5
4
4
1
1
5
2
1
-3
-7
-14
-17
-16
-15
-14
-9
-6
-5
-1
-1
-2
-2
-4
-9
-12
-12
-13
-10
-6
-7
-6
-8
-9
-7
-4
-1
1
3
5
8
7
8
11
8
9
14
15
17
19
17
16
19
22
21
23
28
26
24
19
8
-2
-8
-13
-23
-25
-23
-25
-20
-19
-16
-12
-5
-1
1
6
10
9
4
0
-5
-5
-5
-6
-3
-2
2
4
2
1
-3
-7
-11
-10
-8
-5
-6
-7
-4
-6
-7
-12
-13
-12
-15
-12
-9
-7
-5
-3
1
5
8
7
8
8
8
10
10
9
11
14
10
6
2
2
1
-3
-5
-6
-9
-12
-15
-14
-12
-8
-1
2
9
10
12
17
18
22
22
20
22
18
16
12
12
12
10
10
6
7
4
2
-2
-10
-14
-19
-18
-16
-11
-6
3
8
13
21
21
22
17
15
11
5
0
-6
-9
-15
-18
-15
-12
-9
-9
-6
-4
-6
-11
-15
-15
-16
-18
-17
-17
-15
-15
-15
-13
-12
-15
-20
-15
-12
-10
-9
-5
0
4
9
12
12
10
8
6
3
4
6
8
10
9
9
10
9
5
7
11
12
12
12
11
8
5
2
0
-3
-4
0
0
1
4
7
9
11
10
10
11
7
4
2
0
-6
-7
-7
-4
-3
0
0
3
6
4
4
6
4
-1
0
2
0
-3
-8
-11
-12
-14
-13
-13
-10
-7
-8
-6
-8
-12
-15
-16
-19
-22
-21
-16
-9
-5
1
2
5
6
6
3
2
1
1
-2
2
3
4
8
9
11
15
24
30
35
35
34
31
21
16
10
7
2
-3
-7
-8
-8
-10
-10
-13
-16
-17
-15
-12
-7
0
5
4
4
1
-3
-4
-5
-1
1
3
3
3
4
2
-3
-5
-4
-6
-9
-16
-19
-19
-22
-21
-19
-16
-11
-8
-3
1
1
1
2
3
-1
-2
-2
-2
-2
-2
-3
-2
-1
-2
0
1
3
6
9
9
13
13
8
6
0
1
5
7
7
6
6
4
5
4
5
8
12
13
15
19
18
13
10
3
-7
-12
-13
-14
-14
-13
-10
-7
-3
1
2
4
7
10
13
15
12
10
7
6
1
3
9
11
11
11
10
4
-4
-9
-17
-21
-24
-26
-29
-29
-26
-23
-20
-19
-20
-21
-19
-15
-11
-5
2
6
6
10
12
15
18
17
15
12
7
4
1
-1
-6
-7
