-1
0
1
0
0
0
0
1
0
1
0
0
-1
0
0
0
-1
-1
-1
0
0
-1
-1
-1
0
-1
0
0
1
0
0
0
1
0
0
1
0
-1
1
0
0
0
0
1
0
0
1
0
0
-1
0
1
1
0
0
1
0
1
0
0
-1
1
0
0
1
1
1
-1
1
0
0
0
0
-1
0
-1
-1
0
0
0
0
0
-1
0
-1
0
0
-1
0
0
0
0
0
0
1
0
0
0
0
-1
0
0
0
0
-1
-1
1
0
0
0
0
0
0
1
-1
0
0
0
0
1
0
0
1
0
0
0
0
1
-1
0
0
0
0
0
-1
0
1
0
0
0
-1
1
-1
1
1
-1
0
0
0
0
1
0
0
0
1
0
-1
0
0
0
0
0
0
0
0
0
-1
-1
0
-1
0
0
0
0
1
0
1
1
0
0
0
1
0
0
1
0
1
0
0
0
1
0
0
0
0
0
1
0
0
0
0
0
-1
1
0
0
0
1
1
0
0
-1
0
-1
-1
0
0
0
0
0
0
0
0
0
-1
-1
0
-1
0
-1
0
0
0
0
-1
0
1
1
1
1
-1
0
0
0
-1
0
1
0
0
1
0
0
1
0
0
-1
0
-1
0
-1
0
0
0
0
1
0
0
0
0
1
1
0
0
0
1
0
0
0
1
0
0
0
0
0
0
1
-1
-1
0
0
0
0
0
-1
0
0
0
0
-1
0
1
0
-1
0
-1
0
0
0
0
-1
0
0
0
0
0
0
0
0
-1
0
-1
0
-1
1
1
0
1
0
1
1
0
0
-1
-1
0
0
0
1
-1
0
1
0
0
0
1
0
0
1
0
0
0
0
0
0
0
0
-1
0
0
0
1
0
1
1
0
0
1
1
0
0
-1
-1
0
-2
0
-1
0
-1
-1
-1
0
0
0
0
0
0
-1
0
0
0
0
0
0
0
0
1
0
0
0
-1
-1
0
0
0
-1
1
-1
0
0
0
0
0
1
0
0
1
0
1
0
0
0
1
-1
0
-1
0
0
0
0
-1
1
1
1
0
0
0
0
0
0
0
0
1
1
1
1
1
0
0
0
1
0
-1
-1
-1
0
-1
0
-1
0
0
0
-1
-1
0
0
0
-1
0
0
-1
0
0
-1
0
0
0
-1
0
0
0
0
1
-1
-1
0
0
0
-1
0
0
0
0
-1
1
0
0
2
1
1
1
-1
0
-1
0
0
0
-1
0
-1
0
1
0
0
1
0
1
-1
1
0
0
1
0
0
0
0
0
2
1
1
0
0
0
0
0
-1
0
0
0
0
0
0
0
0
0
0
1
0
0
0
0
0
0
1
1
-1
0
0
1
0
0
0
0
0
1
-1
0
-1
0
0
0
0
0
-1
0
1
0
1
-1
0
-1
0
-1
-1
0
0
0
0
0
-1
-1
0
1
0
-1
0
1
0
0
0
0
1
0
0
0
0
-1
-1
0
-1
0
-1
0
0
0
0
0
1
1
0
0
0
0
0
0
0
0
0
0
-1
1
-1
0
0
0
1
0
0
1
1
0
0
-1
1
-1
0
0
0
0
0
0
0
0
0
1
0
0
1
0
0
0
0
0
0
0
0
1
0
0
1
0
0
0
0
-1
0
-1
0
0
1
1
0
0
0
0
1
0
1
1
1
0
0
1
0
1
0
0
-1
0
0
-1
1
0
0
-1
0
0
0
0
0
0
0
0
0
-1
0
-1
-1
0
0
-1
0
0
1
0
0
1
0
1
-1
0
0
-1
0
0
0
0
0
0
0
0
-1
-1
-1
-1
0
0
0
0
1
1
-1
1
0
0
0
-1
-1
0
0
-1
-1
1
0
0
0
-1
0
1
0
0
0
1
0
0
0
0
0
-1
0
0
0
1
-1
-1
0
1
0
1
0
-1
1
0
0
1
0
0
0
0
1
0
-1
0
1
1
1
0
0
1
1
0
0
-1
-1
0
0
-1
-1
-1
1
0
0
1
0
0
0
-1
0
-1
0
0
0
-1
0
2
1
1
0
0
0
-1
0
0
0
0
0
0
0
0
0
0
0
0
0
0
-1
0
0
0
0
0
0
0
-1
0
-1
0
0
0
0
0
-1
0
0
0
0
-1
1
0
0
0
0
0
0
0
-1
-1
0
1
0
0
0
1
1
1
0
-1
-1
-1
0
0
0
0
0
0
1
-1
0
1
1
-1
0
1
0
0
0
0
0
0
0
0
0
1
1
1
-1
0
0
0
0
0
0
1
0
0
1
-1
-1
0
0
0
-1
0
1
0
1
0
0
0
1
1
1
-1
0
0
-1
0
0
-1
0
0
-1
0
-1
0
0
0
1
1
0
0
0
1
0
-1
0
-1
0
-1
0
0
0
0
-1
0
0
0
0
0
0
-1
0
0
-1
-1
0
0
0
-1
0
1
0
-1
-1
-1
0
-1
-1
0
1
1
-1
-1
0
0
0
0
0
0
0
0
0
0
1
0
-1
0
0
-1
0
-1
0
0
-1
0
1
0
1
1
0
0
1
0
0
0
-1
1
0
0
0
-1
0
1
0
0
1
1
0
0
0
0
0
0
0
0
0
0
0
0
0
0
0
0
0
0
0
-1
0
1
0
0
0
0
0
0
-1
0
0
0
1
-1
-1
0
0
-1
0
0
0
1
0
0
0
-1
0
0
-1
-1
0
0
1
1
0
0
1
-1
-1
0
0
0
-1
-1
0
0
0
-1
0
0
1
0
0
-1
-1
0
0
0
0
1
1
1
0
-1
-1
0
0
-1
0
0
-1
0
0
1
0
0
0
0
-1
0
-1
-1
0
0
0
1
-1
0
1
0
1
0
1
0
0
-1
-1
1
0
0
1
0
0
1
0
0
0
0
0
-1
1
0
-1
-1
0
0
-1
0
0
0
0
0
-2
0
-1
0
0
0
0
0
0
0
-1
-1
0
1
0
0
-2
1
0
-1
0
0
1
0
0
1
0
0
1
-1
0
0
0
0
0
0
0
0
-1
0
0
1
-1
0
0
-1
0
0
1
0
0
0
0
0
0
1
-1
-1
0
0
0
0
-1
0
-1
1
1
0
-1
0
0
0
0
1
0
0
1
0
0
1
1
0
0
0
0
-1
1
0
0
0
0
0
0
1
1
0
1
0
1
-1
-1
0
-1
-1
1
0
1
0
0
1
1
0
0
0
-1
1
-1
1
0
0
1
0
1
0
0
1
1
0
1
1
0
0
-1
0
0
0
-1
0
0
1
1
0
0
-1
0
0
0
0
0
0
0
-1
-1
0
-1
0
-1
-1
0
0
0
1
0
0
0
-1
-1
0
0
0
0
-1
0
0
-1
-1
0
-1
-1
0
0
0
0
0
0
0
0
0
0
0
-1
0
0
0
1
0
0
1
2
-1
1
-1
0
1
0
0
0
0
1
1
0
0
0
0
1
1
1
1
0
0
0
0
0
1
0
1
1
0
0
1
1
0
2
0
-1
1
0
0
-1
0
0
-1
1
-1
-1
0
0
0
0
0
-1
0
1
1
0
-1
-1
0
-1
0
0
-2
-1
-1
0
-1
0
-1
-1
-1
0
1
0
0
-1
0
0
1
-1
-1
-1
0
-1
0
-1
1
0
0
0
-1
0
-1
0
0
-1
-1
-1
0
-1
-1
-1
-1
0
0
0
0
0
0
0
0
0
1
1
1
1
2
2
2
2
2
3
2
1
2
1
1
1
0
0
0
-1
0
-1
-1
-1
-1
-1
-1
-1
-1
0
0
-1
1
0
0
0
2
1
1
1
1
1
1
1
1
1
1
1
2
1
1
1
1
2
0
0
0
0
0
-1
-2
-1
-1
-2
-1
-2
-1
-1
-1
-2
0
-2
-2
-1
-1
-2
-1
-1
-2
-1
-1
-2
0
-1
-1
-1
-1
-1
-1
0
-1
-2
-1
-1
-1
-1
-2
-2
-2
-1
-3
-2
-3
-2
-2
-1
0
0
0
2
1
1
2
2
2
2
2
0
1
1
1
2
3
3
2
1
0
0
-1
-2
-1
-2
-2
-2
-3
-3
-5
-5
-6
-7
-8
-9
-7
-5
-3
-1
2
3
8
13
15
19
21
22
23
21
20
21
20
20
18
16
14
9
4
-1
-7
-12
-17
-25
-29
-33
-36
-38
-41
-40
-39
-38
-36
-31
-26
-20
-12
-1
9
19
30
39
47
56
61
66
67
65
63
58
52
47
42
35
25
13
0
-12
-25
-37
-47
-54
-62
-71
-76
-78
-74
-68
-61
-51
-42
-33
-27
-20
-9
0
9
17
21
23
22
19
20
23
26
26
23
13
3
-8
-20
-28
-35
-46
-59
-70
-80
-84
-83
-75
-63
-47
-38
-30
-19
-8
6
24
43
61
75
83
91
99
109
116
123
124
113
99
81
64
46
28
9
-10
-31
-52
-72
-86
-91
-93
-90
-85
-80
-73
-64
-48
-22
10
44
75
105
132
155
179
203
225
244
257
257
248
232
211
186
155
121
77
21
-42
-108
-170
-228
-282
-330
-373
-410
-438
-455
-455
-440
-411
-370
-323
-267
-206
-135
-52
40
140
236
323
404
470
524
566
596
606
595
552
485
397
297
193
86
-21
-131
-242
-354
-458
-541
-600
-634
-650
-654
-644
-624
-593
-537
-454
-351
-243
-139
-42
48
128
200
270
342
405
442
442
426
403
368
326
282
236
180
109
22
-58
-125
-181
-225
-256
-280
-297
-306
-301
-274
-231
-174
-115
-67
-28
10
42
69
96
119
137
145
140
135
132
131
127
111
91
65
39
15
2
-6
-4
5
11
23
45
71
104
144
192
244
293
343
397
455
508
554
590
615
626
624
611
584
542
481
402
308
204
96
-19
-133
-254
-375
-487
-589
-675
-742
-785
-808
-816
-819
-801
-756
-692
-607
-506
-393
-278
-170
-65
38
144
254
354
435
493
524
531
522
502
474
431
362
266
148
23
-103
-222
-325
-415
-500
-584
-657
-711
-744
-749
-723
-671
-603
-535
-463
-378
-279
-157
-18
127
261
361
426
469
492
502
512
520
512
465
377
259
132
8
-106
-205
-296
-396
-510
-630
-726
-776
-773
-732
-670
-600
-546
-514
-480
-413
-306
-180
-56
46
116
164
203
254
337
442
545
613
645
653
655
670
704
758
819
858
859
842
829
840
871
914
962
979
955
905
852
818
802
787
758
696
606
496
381
273
177
85
-21
-150
-293
-418
-511
-576
-611
-624
-635
-653
-669
-664
-625
-558
-473
-393
-326
-276
-238
-201
-150
-90
-42
-17
-20
-57
-109
-158
-198
-235
-291
-373
-488
-618
-738
-842
-917
-980
-1041
-1107
-1174
-1226
-1245
-1217
-1139
-1028
-902
-774
-659
-540
-389
-212
-13
184
355
493
596
675
758
842
920
970
948
868
742
581
421
276
146
12
-169
-407
-661
-905
-1115
-1278
-1391
-1457
-1508
-1580
-1650
-1658
-1576
-1402
-1163
-883
-578
-270
25
335
697
1114
1546
1931
2244
2488
2655
2761
2846
2929
2999
2999
2894
2709
2462
2164
1851
1550
1247
916
531
107
-327
-730
-1063
-1330
-1534
-1695
-1832
-1939
-1980
-1931
-1787
-1560
-1276
-950
-612
-267
80
443
820
1189
1523
1810
2034
2176
2253
2271
2242
2163
2019
1805
1511
1152
751
331
-80
-477
-863
-1217
-1524
-1795
-2049
-2267
-2396
-2428
-2395
-2293
-2106
-1878
-1691
-1563
-1433
-1249
-1003
-717
-428
-201
-89
-73
-132
-246
-339
-343
-295
-336
-573
-927
-1278
-1581
-1795
-1885
-1884
-1920
-2189
-2710
-3245
-3537
-3526
-3348
-3125
-2859
-2620
-2552
-2559
-2310
-1618
-693
157
878
1536
2057
2403
2807
3518
4407
5119
5462
5505
5364
5114
4894
4837
4878
4798
4431
3758
2922
2118
1501
1087
761
400
-77
-699
-1394
-1992
-2312
-2328
-2187
-2044
-2014
-2104
-2158
-2018
-1638
-1079
-431
196
643
843
983
1270
1681
2084
2404
2625
2663
2436
2052
1754
1624
1535
1338
981
492
-98
-710
-1184
-1434
-1551
-1704
-1954
-2250
-2522
-2712
-2740
-2558
-2222
-1882
-1638
-1477
-1331
-1150
-876
-479
-14
372
549
559
507
443
368
299
263
220
43
-319
-779
-1217
-1552
-1798
-2008
-2176
-2286
-2421
-2670
-2978
-3136
-3044
-2838
-2684
-2553
-2378
-2317
-2564
-2974
-3150
-2917
-2523
-2289
-2196
-2081
-1976
-1983
-1948
-1511
-611
317
920
1335
1832
2360
2791
3308
4133
5025
5487
5403
5167
5078
5053
5017
5055
5147
5023
4453
3593
2814
2292
1927
1575
1201
804
267
-428
-1039
-1365
-1466
-1508
-1534
-1531
-1639
-1888
-1971
-1652
-1081
-549
-147
197
442
524
625
986
1522
1921
2070
2123
2151
2109
2005
1971
2068
2105
1871
1349
771
291
-62
-330
-508
-667
-1006
-1536
-2036
-2332
-2409
-2380
-2304
-2171
-2066
-2027
-1937
-1679
-1266
-838
-524
-365
-370
-523
-732
-834
-748
-589
-649
-1149
-1893
-2462
-2726
-2801
-2838
-2827
-2748
-2903
-3323
-3506
-3163
-2526
-2036
-1837
-1665
-1718
-2508
-3649
-4122
-3544
-2760
-2793
-3355
-3586
-3572
-3776
-3887
-3073
-1396
-71
283
461
1195
2113
2756
3546
4976
6410
6798
6270
5899
6096
6360
6421
6592
6869
6626
5520
4178
3406
3171
2911
2405
1828
1198
264
-950
-1865
-2072
-1892
-1866
-2161
-2538
-2815
-3020
-3018
-2533
-1602
-713
-286
-209
-49
366
875
1462
2234
2934
3156
2989
2861
2971
3126
3176
3243
3173
2623
1751
992
531
210
-155
-524
-937
-1576
-2317
-2845
-3060
-3114
-3087
-2923
-2686
-2539
-2484
-2280
-1812
-1299
-934
-699
-596
-546
-538
-670
-685
-487
-414
-739
-1482
-2215
-2526
-2693
-2978
-3274
-3479
-3453
-3340
-3336
-3125
-2319
-1316
-1355
-3064
-5053
-5425
-4509
-4111
-4613
-4706
-4055
-4163
-5538
-6144
-4431
-1931
-807
-637
260
1739
2330
2295
3522
6138
7994
7900
7124
7131
7461
7142
6783
7393
8285
7934
6217
4626
4079
3837
3123
2330
2011
1670
408
-1471
-2617
-2617
-2392
-2671
-3071
-3095
-3191
-3856
-4366
-3732
-2408
-1528
-1305
-975
-236
310
594
1397
2800
3883
4127
4000
4167
4418
4277
4106
4336
4464
3839
2614
1495
780
202
-354
-697
-1036
-1850
-2994
-3722
-3712
-3504
-3432
-3315
-3123
-2960
-2896
-2679
-2049
-1454
-1177
-885
-631
-638
-921
-1226
-928
-397
-598
-1213
-1681
-2019
-2409
-3041
-3276
-2782
-2550
-2957
-3179
-2569
-1852
-2807
-5435
-7166
-6500
-5190
-5449
-6663
-6615
-5511
-5737
-7295
-7210
-4379
-1602
-1107
-1239
318
2483
3032
3003
4990
8330
9789
8646
7624
8372
9205
8718
8260
9082
9795
8501
6046
4781
4893
4573
3171
1950
1716
1241
-674
-2896
-3535
-2845
-2794
-3984
-4883
-4594
-4304
-4977
-5413
-4134
-2131
-1417
-1725
-1319
150
1380
1767
2450
3972
5090
5026
4761
5217
5864
5692
5034
4920
4947
4024
2450
1250
645
-26
-1065
-1811
-2222
-3150
-4392
-5063
-4840
-4168
-3843
-3675
-3271
-3143
-3191
-2864
-2262
-1525
-1097
-891
-372
-140
-274
-223
-10
332
131
-931
-1876
-2553
-3027
-2847
-2403
-2156
-2343
-2580
-2000
-1942
-4332
-7687
-8879
-7294
-5986
-7304
-8861
-8107
-6837
-7625
-9060
-7651
-3716
-1321
-1573
-1368
1028
3455
3930
4438
7161
10415
10992
9128
8161
9311
10379
9927
9351
10023
10500
8645
5578
4239
4847
4782
2880
1094
836
279
-2200
-4654
-4608
-3300
-3622
-5416
-6152
-5415
-5363
-6341
-5928
-3407
-1231
-1120
-1699
-787
1193
2388
2952
4237
6085
6911
6138
5407
5987
6810
6676
5947
5525
5207
3943
1882
316
-368
-934
-1791
-2696
-3413
-4181
-5228
-5878
-5456
-4498
-3883
-3841
-4064
-3990
-3618
-3121
-2157
-883
65
503
545
477
323
-132
-491
-604
-976
-1794
-2685
-3003
-2803
-2831
-3065
-2758
-1953
-2323
-5184
-8744
-9811
-8173
-6890
-7725
-8730
-8006
-7343
-8657
-9898
-8009
-3996
-1689
-1812
-1183
1353
3364
3685
4569
7819
11144
11520
9937
9508
10651
11227
10501
10242
11217
11457
9280
6127
4591
4704
4424
2948
1566
944
-186
-2683
-5151
-5758
-5015
-4800
-5515
-6089
-6030
-5955
-5864
-4726
-2471
-518
119
176
862
2037
2997
3754
4944
6341
6640
5865
5382
5891
6376
5921
5204
4958
4557
2946
716
-795
-1436
-2026
-2883
-3549
-4082
-5054
-6150
-6357
-5671
-4953
-4595
-4204
-3620
-3265
-3017
-2282
-916
454
1353
1829
1690
734
-449
-1080
-955
-772
-1268
-1978
-2262
-2390
-2552
-2544
-2020
-1290
-2136
-5388
-8912
-10146
-9044
-8079
-8885
-9683
-9037
-8741
-10105
-11075
-8939
-4732
-2339
-2496
-1981
594
3036
3855
4893
7960
11201
11812
10500
10158
11313
11950
11347
11161
12182
12452
10200
6966
5466
5661
5356
3739
2201
1514
170
-2751
-5372
-5775
-4808
-4771
-5996
-6670
-6390
-6476
-6864
-5867
-3160
-705
-202
-552
279
2034
3310
4120
5388
7044
7755
6898
6081
6555
7317
7131
6159
5426
4861
3291
871
-822
-1390
-1788
-2757
-4111
-5221
-6212
-7153
-7465
-6984
-6226
-5747
-5562
-5242
-4584
-3854
-3067
-1897
-595
421
1045
1228
1075
668
-7
-470
-596
-819
-1293
-1921
-2260
-2024
-1713
-1460
-945
-1110
-3460
-7558
-10337
-9550
-7406
-7568
-9535
-10088
-9294
-9840
-11578
-10994
-6840
-3081
-2755
-3249
-1322
1744
3340
4156
6716
10501
12187
11081
9986
10666
11932
12190
11858
12262
12802
11567
8558
5947
5409
5925
5286
3371
1732
586
-1511
-4583
-6405
-5754
-4460
-4825
-6259
-6875
-6654
-6488
-5913
-3938
-1329
-15
-334
-490
808
2781
4360
5566
6875
7916
7656
6698
6575
7372
7900
7395
6511
5696
4113
1664
-330
-1047
-1201
-1965
-3442
-4789
-5840
-6853
-7291
-6826
-5968
-5438
-5609
-5843
-5515
-4823
-3651
-1954
-458
348
589
477
297
-124
-762
-689
-262
-523
-1123
-1596
-1613
-1303
-1138
-379
425
-1326
-5853
-9868
-10289
-8165
-7592
-9294
-9980
-9157
-9695
-12032
-12520
-8764
-4207
-3233
-4266
-3173
-88
1881
2480
4636
8879
11755
11124
9571
10051
11784
12491
12021
12129
13075
12607
9705
6724
5970
6770
6460
4275
2284
1378
-193
-3286
-5859
-5812
-4422
-4610
-6383
-7288
-6790
-6464
-6644
-5639
-2866
-533
-454
-1179
-296
1981
3808
4831
6095
7748
8166
7009
6233
6980
8173
8338
7587
6614
5225
2937
588
-500
-653
-1179
-2443
-3809
-4915
-6079
-6972
-6725
-5614
-4931
-5233
-5779
-5735
-5264
-4624
-3370
-1409
121
286
-249
-497
-608
-1300
-1992
-1539
-711
-813
-1664
-2162
-1863
-1379
-571
338
-914
-5160
-9398
-10146
-8287
-7895
-9581
-10017
-8871
-9504
-12108
-12457
-8384
-3901
-3295
-4225
-2600
529
2101
2580
4972
9236
11654
10970
9932
10586
11817
12079
11886
12461
13206
12251
9529
7003
6178
6385
5708
3832
2094
885
-995
-4137
-6568
-6288
-4735
-4767
-6392
-7250
-6620
-6145
-6411
-5342
-2095
493
403
-643
4
2346
4106
4908
6248
7892
8269
7209
6486
7308
8427
8271
7319
6481
5236
2973
413
-1000
-1161
-1453
-2664
-4034
-4927
-5705
-6527
-6904
-6212
-5173
-5103
-5578
-5404
-4596
-3633
-2628
-1429
-53
751
419
-377
-1241
-1960
-1941
-1705
-1518
-1410
-1637
-1769
-1810
-1514
-840
-1785
-5307
-8891
-9665
-8205
-7911
-9826
-10662
-9402
-9438
-11718
-12394
-8660
-3900
-3006
-4227
-2980
250
2187
2737
4960
8978
11230
10529
9628
10634
12114
12403
12187
12621
13260
12378
9807
7300
6318
6452
6072
4315
2086
396
-1402
-3816
-5845
-6111
-4866
-4596
-6102
-7389
-7217
-6266
-5827
-5360
-3356
-868
43
-265
109
1905
3821
4920
6058
7602
8258
7498
6718
7287
8395
8392
7384
6449
5503
3552
893
-908
-1278
-1310
-2053
-3337
-4557
-5736
-6707
-6874
-6240
-5547
-5592
-6078
-5887
-5015
-4328
-3522
-2138
-663
42
-333
-698
-550
-831
-1467
-1382
-621
-219
-804
-1573
-1156
-165
-697
-3642
-7581
-9819
-9313
-8304
-9086
-10525
-10482
-9793
-10880
-12711
-11449
-6830
-3441
-3638
-4031
-1678
1360
2506
3406
6729
10757
11733
10250
9889
11376
12494
12285
12307
13393
13643
11627
8758
7031
6719
6564
5461
3800
2123
44
-2509
-4767
-5794
-5489
-5223
-6067
-7347
-8042
-7709
-6740
-5886
-4785
-3113
-1817
-1336
-977
229
2330
3968
4659
5667
6968
7499
7123
6934
7887
8868
8416
7187
6452
5570
3719
1473
15
-513
-1341
-2847
-3938
-4471
-5356
-6454
-6712
-5904
-5235
-5508
-5657
-4792
-3781
-3277
-2767
-1805
-1011
-1389
-2180
-2100
-1562
-1457
-1681
-1475
-784
-586
-994
-902
-108
-367
-3170
-7232
-9685
-9361
-8275
-8817
-10271
-10708
-10586
-11377
-12449
-11245
-7288
-4067
-3746
-3951
-2197
609
2523
3970
6756
10086
11268
10407
10079
11219
12470
12781
12865
13447
13428
11722
9314
7809
7388
6985
5786
3973
2175
397
-1855
-4189
-5584
-5722
-5471
-6212
-7685
-8254
-7776
-7062
-6241
-5070
-3385
-2071
-1785
-1310
137
2068
3750
4676
5337
6285
6951
7047
7195
7908
8775
8710
7528
6324
5579
4449
2740
1325
553
-294
-1788
-3349
-4402
-5119
-5602
-5457
-4940
-5022
-5837
-6400
-5924
-4727
-3456
-2322
-1433
-1273
-1710
-2051
-1893
-1443
-1358
-1541
-1336
-1028
-1136
-1517
-1638
-975
-643
-2793
-6862
-9847
-9931
-8526
-8757
-10393
-10604
-9993
-11064
-12909
-11999
-7503
-3563
-3457
-4163
-2200
658
2031
3241
6522
10398
11355
9841
9476
11034
12311
12518
12885
13746
13659
11760
9373
8178
7970
7656
6663
4885
2780
846
-1212
-3330
-4707
-5088
-5080
-5949
-7771
-8599
-7867
-7126
-6728
-5807
-4117
-2576
-2071
-1748
-285
1730
3237
4437
5567
6485
6769
6453
6633
7670
8606
8593
7616
6355
5248
3916
2367
1276
648
-248
-1798
-3422
-4353
-4792
-5363
-5687
-5226
-4768
-5131
-5734
-5525
-4396
-3186
-2553
-2019
-1239
-1036
-1693
-2199
-1985
-1487
-1312
-1367
-968
-438
-765
-1389
-979
-442
-2130
-6162
-9492
-9589
-8043
-8278
-10129
-10667
-9973
-10711
-12706
-12463
-8564
-4668
-4282
-5019
-3335
-396
1363
2647
5574
9379
10796
9639
9272
10765
12217
12600
12848
13635
13757
12076
9723
8450
8306
8181
7200
5324
3231
1409
-317
-2138
-3699
-4564
-4970
-5848
-7387
-8472
-8333
-7391
-6551
-6007
-5074
-3767
-2855
-2252
-1157
814
2949
4172
4750
5578
6507
6938
7078
7789
8894
9188
8175
6791
5819
4728
3174
1901
1366
676
-908
-2754
-3811
-4268
-4812
-5278
-5232
-5043
-5448
-6167
-6042
-4993
-3911
-3036
-2142
-1199
-897
-1583
-2194
-1925
-1367
-1022
-752
-460
-386
-868
-1246
-510
47
-1935
-5931
-8954
-9059
-7837
-8277
-9905
-10191
-9853
-11126
-12993
-12209
-8183
-4791
-4747
-5168
-3244
-782
382
1783
5154
8855
9816
8740
8984
10854
12085
12266
12746
13776
13863
12116
9902
8793
8619
8400
7468
5681
3547
1619
-133
-1909
-3366
-4055
-4373
-5332
-6999
-8081
-7748
-6840
-6349
-6034
-5274
-4230
-3472
-2837
-1507
586
2297
3067
3649
4605
5541
5928
6227
7277
8526
8632
7619
6703
6242
5336
3563
1923
1199
540
-966
-2628
-3507
-3900
-4411
-4923
-4976
-4846
-5390
-6282
-6187
-4987
-3792
-3083
-2595
-2069
-1757
-2107
-2408
-1816
-990
-756
-956
-1035
-684
-460
-705
-397
274
-904
-4771
-8836
-9823
-8025
-7197
-8681
-9758
-9370
-9971
-12337
-12962
-9245
-4577
-3673
-5041
-4227
-1586
-18
1000
4043
8279
9848
8360
7695
9499
11358
11825
12275
13485
13955
12452
10223
9025
8761
8611
8060
6665
4394
2095
472
-785
-2186
-3395
-3838
-4329
-6003
-7815
-8091
-6933
-5784
-5436
-5044
-4069
-3410
-3315
-2566
-492
1943
3347
3663
4167
5192
5726
5903
6758
8252
8904
7748
6196
5655
5361
4144
2518
1691
1317
98
-1849
-3240
-3763
-4279
-4870
-4847
-4419
-4643
-5764
-6410
-5618
-4257
-3296
-2613
-1913
-1552
-1870
-2276
-1981
-1324
-1054
-1000
-616
-264
-503
-946
-620
172
-914
-4641
-8349
-9263
-8030
-7706
-9037
-9788
-9386
-10024
-12096
-12486
-9356
-5527
-4437
-5100
-4370
-2209
-604
848
3865
7521
9030
8208
7854
9299
10871
11468
12106
13242
13523
12137
10192
9121
8854
8522
7898
6754
4869
2765
1086
-295
-1636
-2700
-3281
-4038
-5633
-7218
-7557
-6959
-6382
-5888
-5149
-4284
-3741
-3418
-2510
-789
1064
2435
3221
3749
4405
5068
5582
6350
7476
8170
7666
6342
5425
5124
4343
2886
1887
1593
825
-860
-2360
-2837
-3107
-3955
-4582
-4387
-4372
-5322
-6250
-5703
-4070
-3021
-2748
-2209
-1509
-1548
-2229
-2447
-1733
-1173
-1384
-1406
-796
-391
-737
-965
-192
-62
-2861
-7244
-9414
-8245
-6768
-7692
-9329
-9231
-9063
-10922
-12577
-10596
-6133
-3854
-4764
-5023
-2955
-904
250
2488
6295
8782
8197
7085
8161
10149
10985
11386
12533
13416
12507
10431
9003
8671
8607
8343
7577
5742
3318
1614
682
-422
-1805
-2760
-3270
-4422
-6282
-7109
-6389
-5620
-5510
-5397
-4716
-3861
-3474
-2932
-1348
631
1950
2418
2627
3436
4638
5294
5518
6122
7040
7167
5985
4777
4672
4611
3358
1829
1391
1325
81
-1916
-2826
-2600
-2940
-3991
-4284
-3881
-4357
-5681
-5929
-4460
-3112
-2987
-2863
-1989
-1538
-2172
-2622
-1899
-1140
-1442
-1836
-1328
-799
-1185
-1551
-664
294
-1227
-5164
-8541
-9183
-8048
-7473
-8085
-8688
-8992
-10091
-11744
-11704
-8682
-4847
-3387
-4093
-4144
-2545
-583
1299
4049
7197
8683
8050
7505
8592
10109
10920
11674
12744
12958
11560
9688
8745
8556
8272
7783
7015
5534
3523
1804
600
-449
-1365
-1997
-2799
-4394
-6055
-6316
-5456
-5063
-5317
-5138
-4270
-3523
-3261
-2494
-665
1050
1779
2025
2424
3149
4032
4722
5282
5812
6122
6015
5310
4493
4199
3898
2858
1630
1039
711
-275
-1639
-2225
-2184
-2614
-3435
-3626
-3416
-3971
-4929
-4821
-3499
-2545
-2643
-2663
-2100
-2042
-2701
-2797
-1975
-1420
-1801
-2151
-1717
-1354
-1712
-1458
-20
445
-2079
-6402
-9095
-8681
-7201
-6986
-7834
-8465
-9059
-10556
-12045
-11000
-7148
-3787
-3423
-4370
-3864
-2011
-363
1396
4571
7928
8777
7433
6944
8402
9918
10477
11247
12560
12722
10914
8895
8187
8160
7914
7529
6962
5535
3330
1443
231
-921
-1982
-2315
-2484
-3738
-5544
-6124
-5357
-4938
-5266
-4788
-3216
-2304
-2688
-2709
-1136
814
1588
1743
2535
3600
3913
3793
4297
5348
5828
5367
4821
4710
4356
3281
2018
1384
1227
765
-251
-1283
-1937
-2559
-3144
-3224
-2939
-3071
-3849
-4457
-4072
-3166
-2628
-2363
-1954
-1656
-1995
-2648
-2726
-2097
-1727
-1980
-1961
-1523
-1571
-2134
-1920
-330
700
-1285
-5476
-8626
-8971
-7627
-6821
-7188
-7778
-8534
-10066
-11466
-10788
-7554
-4150
-3189
-3846
-3548
-1921
-217
1422
3960
7003
8516
8042
7550
8304
9463
10159
10898
11941
12367
11457
9817
8576
7898
7480
7315
6966
5789
3986
2204
726
-687
-2024
-2583
-2512
-3022
-4308
-5345
-5451
-5173
-5198
-4900
-3616
-2292
-2078
-2435
-1923
-301
1040
1420
1919
3186
4203
4058
3561
3936
4851
5089
4641
4449
4423
3526
1824
698
773
1043
503
-527
-1350
-2099
-2943
-3366
-3135
-2938
-3385
-3937
-3833
-3357
-3099
-2862
-2336
-1915
-2001
-2238
-2123
-2018
-2427
-2811
-2451
-1744
-1539
-1775
-1599
-768
-199
-1086
-3734
-6946
-8720
-8191
-6751
-6394
-7306
-8342
-9250
-10343
-10664
-8671
-5096
-2920
-3171
-3658
-2603
-772
748
2686
5568
7746
7796
7057
7440
8687
9475
9811
10625
11535
11363
10082
8744
7909
7405
7161
7083
6540
5116
3346
1845
491
-912
-1757
-1715
-1699
-2584
-3809
-4348
-4316
-4507
-4651
-3813
-2321
-1515
-1824
-2100
-1406
-312
339
900
2000
3087
3190
2576
2532
3433
4283
4368
4216
4255
3826
2426
933
566
1101
1188
295
-882
-1724
-2347
-2899
-3036
-2652
-2326
-2607
-3160
-3275
-2928
-2634
-2541
-2335
-1993
-1871
-2084
-2369
-2543
-2756
-2980
-2851
-2272
-1694
-1508
-1482
-1106
-634
-1285
-3658
-6526
-7887
-7216
-5861
-5369
-5857
-6668
-7734
-8919
-9105
-7277
-4366
-2619
-2729
-3019
-2124
-631
657
2199
4421
6255
6559
6141
6472
7405
7866
7967
8666
9823
10201
9413
8362
7660
7062
6465
6239
6293
5944
4887
3459
2038
736
-241
-602
-614
-918
-1620
-2339
-2870
-3245
-3286
-2725
-1899
-1593
-1852
-1902
-1359
-673
-272
27
479
857
974
1224
1935
2691
2928
2746
2659
2718
2452
1679
914
581
446
52
-610
-1166
-1559
-2042
-2519
-2519
-2069
-1796
-2073
-2490
-2478
-2226
-2231
-2337
-2106
-1676
-1601
-2007
-2379
-2467
-2582
-2854
-2998
-2861
-2663
-2589
-2431
-1971
-1378
-794
-252
-128
-979
-2642
-4008
-4133
-3357
-2648
-2343
-2367
-2921
-4024
-4882
-4589
-3353
-2300
-1875
-1506
-874
-356
-113
280
1088
1890
2237
2445
2956
3530
3684
3495
3493
3957
4575
4940
5029
4932
4621
4140
3741
3691
3980
4268
4258
3977
3599
3235
2927
2617
2299
2061
1943
1950
1973
1845
1592
1284
920
578
394
442
585
495
107
-303
-581
-746
-822
-804
-728
-782
-1024
-1203
-1196
-1185
-1338
-1531
-1505
-1299
-1164
-1165
-1189
-1203
-1317
-1518
-1528
-1207
-825
-801
-1173
-1557
-1656
-1545
-1375
-1141
-848
-771
-1097
-1466
-1444
-1154
-1022
-1166
-1352
-1496
-1783
-2051
-1882
-1333
-945
-970
-1062
-890
-637
-622
-814
-1029
-1244
-1475
-1603
-1535
-1403
-1416
-1618
-1896
-2103
-2141
-2040
-1927
-1872
-1805
-1717
-1653
-1546
-1284
-874
-564
-498
-513
-417
-196
149
660
1223
1537
1487
1361
1514
1961
2452
2851
3163
3342
3371
3381
3542
3835
4067
4082
3900
3666
3568
3672
3837
3809
3501
3100
2827
2721
2694
2649
2488
2154
1768
1584
1714
1974
2041
1757
1243
710
375
345
484
541
328
-144
-658
-1023
-1157
-1110
-1060
-1102
-1223
-1446
-1800
-2193
-2403
-2363
-2313
-2420
-2542
-2551
-2582
-2772
-2963
-2922
-2757
-2688
-2664
-2488
-2274
-2287
-2432
-2358
-1937
-1407
-1040
-929
-1068
-1396
-1724
-1854
-1788
-1702
-1751
-1940
-2172
-2366
-2438
-2376
-2273
-2216
-2210
-2142
-1998
-1865
-1797
-1729
-1549
-1257
-924
-573
-222
48
192
330
664
1178
1616
1836
1968
2138
2296
2400
2611
3086
3601
3814
3731
3635
3700
3822
3910
4011
4029
3810
3469
3304
3362
3339
3046
2659
2401
2266
2155
2058
1935
1704
1396
1175
1117
1086
956
760
576
420
303
219
152
17
-177
-359
-565
-824
-1085
-1243
-1351
-1466
-1574
-1662
-1812
-2140
-2530
-2716
-2648
-2474
-2300
-2170
-2111
-2187
-2319
-2311
-2138
-1930
-1747
-1557
-1398
-1329
-1339
-1317
-1205
-1039
-807
-542
-375
-387
-498
-561
-549
-540
-547
-548
-599
-768
-981
-1100
-1170
-1324
-1533
-1635
-1600
-1620
-1791
-1943
-1914
-1714
-1436
-1126
-841
-699
-687
-596
-311
32
269
456
708
987
1185
1318
1501
1704
1827
1911
2050
2232
2359
2440
2581
2733
2744
2606
2504
2547
2632
2646
2621
2628
2612
2489
2326
2193
2075
1936
1846
1890
1984
1937
1694
1403
1245
1263
1326
1282
1064
721
395
212
150
88
-42
-254
-522
-786
-1012
-1187
-1336
-1490
-1654
-1776
-1841
-1924
-2069
-2228
-2296
-2216
-2056
-1940
-1931
-1991
-2034
-2018
-1924
-1754
-1567
-1458
-1456
-1469
-1380
-1217
-1106
-1067
-1019
-916
-780
-653
-557
-543
-688
-937
-1078
-1015
-886
-854
-972
-1200
-1459
-1632
-1625
-1463
-1305
-1246
-1215
-1160
-1109
-1031
-806
-464
-219
-152
-83
126
376
540
672
886
1127
1255
1303
1410
1563
1619
1575
1625
1858
2115
2228
2231
2248
2290
2301
2324
2452
2622
2674
2557
2425
2408
2449
2443
2380
2315
2221
2040
1847
1778
1833
1863
1735
1495
1255
1029
806
629
535
435
230
-38
-269
-465
-668
-894
-1091
-1229
-1350
-1485
-1602
-1694
-1802
-1933
-2023
-2018
-1950
-1889
-1884
-1925
-1942
-1892
-1770
-1623
-1524
-1511
-1543
-1538
-1464
-1376
-1322
-1312
-1303
-1243
-1131
-1010
-923
-901
-907
-889
-836
-764
-674
-562
-472
-501
-652
-801
-820
-729
-634
-607
-643
-734
-856
-912
-805
-571
-419
-440
-495
-434
-287
-186
-124
-11
150
280
348
396
416
377
346
448
679
897
1011
1046
1054
1078
1183
1386
1619
1784
1854
1880
1900
1946
2028
2167
2337
2423
2365
2214
2138
2180
2260
2259
2149
1983
1823
1722
1683
1638
1492
1236
965
806
737
663
516
254
-83
-366
-451
