162
-155
38
84
-190
181
-120
-1
99
-173
161
-75
-59
142
-133
57
40
-110
150
-138
67
29
-93
81
-46
-6
52
-81
63
1
-44
44
1
-41
85
-99
95
-48
-28
105
-160
152
-98
22
54
-82
81
-29
-7
56
-52
24
32
-60
32
35
-103
165
-171
125
-20
-99
175
-173
118
-10
-97
169
-154
51
90
-220
275
-240
132
24
-184
290
-296
167
22
-230
307
-298
132
77
-291
388
-336
140
102
-292
336
-228
24
163
-262
235
-120
-67
223
-300
225
-62
-154
311
-332
218
21
-241
390
-381
277
-63
-144
358
-423
343
-138
-87
235
-280
244
-108
-51
191
-206
129
14
-127
186
-169
95
-5
-76
94
-71
8
49
-117
104
-24
-61
94
-61
85
-83
70
5
12
-37
78
-11
-48
79
-43
43
-14
-35
127
-167
103
-21
-69
50
-29
-72
102
-149
103
-85
-36
98
-147
50
10
-30
-18
45
-84
139
-94
-37
190
-238
180
-92
-48
165
-260
211
-121
2
38
-77
95
-63
20
-2
51
-81
53
-23
-21
44
-84
67
-14
-61
91
-60
37
31
-36
15
99
-151
156
-77
34
6
8
-11
76
-82
52
98
-232
295
-210
26
146
-225
158
4
-250
399
-416
147
155
-357
350
-213
18
200
-306
237
27
-277
393
-315
144
42
-160
172
-98
-14
52
8
-133
236
-239
135
36
-162
264
-222
147
21
-67
38
110
-176
196
-57
-108
262
-248
154
-7
-34
80
3
-85
152
-84
-83
200
-263
194
-43
-128
239
-209
81
95
-233
230
-151
-51
127
-194
46
77
-270
267
-168
-66
247
-342
236
-43
-140
201
-136
-15
137
-197
71
117
-316
346
-287
100
95
-305
360
-237
8
196
-222
153
31
-185
333
-277
93
134
-266
219
-107
-101
234
-263
103
120
-237
206
-28
-135
269
-262
141
17
-146
117
-75
-16
56
-62
-60
136
-96
-42
154
-144
89
39
-171
289
-268
119
89
-185
146
-55
-41
105
-152
118
45
-157
139
-64
34
-48
5
4
41
-59
-12
120
-118
111
-1
-79
174
-119
22
81
-113
75
50
-179
197
-148
50
54
-166
236
-173
49
116
-146
143
-55
38
85
-157
188
-144
101
-103
-28
151
-184
111
5
-30
143
-143
86
127
-205
214
-144
27
98
-233
220
-179
24
32
-143
157
-136
113
-46
19
85
-100
151
-107
93
-76
18
-62
-64
52
-118
117
-78
100
16
-19
90
-25
18
38
-57
57
-66
-74
53
-96
-55
39
-176
152
-110
-150
275
-307
203
-153
40
74
-116
24
87
-52
-17
64
-46
69
-105
75
-45
25
-35
-11
54
-48
41
42
-50
158
-98
70
63
-75
119
-75
28
68
-83
7
34
-74
30
-36
-3
77
-76
66
21
27
-34
38
-9
35
-41
1
87
-146
62
1
-103
103
-100
77
-20
-58
75
-95
55
-24
-15
36
-44
-7
-9
-43
12
25
-67
94
-100
34
-3
-63
14
-22
65
-66
103
-111
88
-30
-82
137
-140
148
-45
-63
166
-231
137
-30
-65
176
-133
132
-16
-37
57
-36
61
-14
26
17
22
-57
35
-12
-23
51
-56
74
-54
-5
7
17
-29
25
34
-32
80
-111
122
-23
-53
116
-124
141
-76
-1
92
-74
75
-24
-10
37
-77
-5
53
-81
45
-21
20
22
-45
46
-38
37
-38
16
27
-13
17
3
-34
25
-50
5
44
-76
77
-7
13
-23
-26
25
-43
10
-22
36
-62
-3
10
-63
19
-62
2
-10
-83
-15
10
-62
29
-35
23
15
-65
21
-59
1
-40
2
-35
19
-34
-46
50
-61
-2
27
43
9
20
36
62
7
-56
140
-15
-33
59
-13
86
-81
35
55
18
-45
28
55
-19
3
-8
86
-54
20
10
45
1
-11
8
9
18
-51
33
-10
14
26
-23
61
17
-20
29
12
3
-33
16
-6
-52
-4
-5
23
-36
5
25
-19
-12
-10
32
-4
-1
39
8
14
-44
23
-46
5
-41
-7
5
-81
17
-72
21
-24
5
-23
40
16
-19
24
-19
56
-35
21
13
38
-12
-28
43
-35
54
-53
66
1
-41
21
-44
-4
-61
4
-25
-41
-31
-39
-25
-61
9
-5
2
56
-38
5
12
-26
-24
32
-34
49
-34
-55
58
-94
-10
-12
-8
24
-20
15
18
-33
-1
8
8
13
21
46
2
-7
35
-25
27
5
21
67
-34
86
-13
42
80
-2
74
25
49
24
29
38
32
21
23
39
25
80
7
83
53
24
63
-15
8
-32
-41
-18
-63
-61
-60
-74
-44
-90
-41
-14
-57
-2
-21
-7
20
-41
13
-34
13
23
20
55
35
27
44
23
57
46
41
64
35
44
30
28
11
11
-3
-47
-54
-82
-103
-109
-136
-126
-137
-155
-158
-189
-159
-163
-140
-117
-108
-104
-111
-85
-90
-71
-62
-29
15
-32
14
17
-9
16
9
39
58
39
48
47
30
38
32
80
78
113
136
164
187
168
197
208
235
231
247
251
234
192
188
214
174
210
179
186
215
166
194
205
204
173
185
159
151
103
83
89
40
17
5
12
-35
-58
-70
-40
-71
-96
-56
-61
-85
-110
-117
-85
-144
-208
-200
-193
-243
-323
-286
-321
-363
-387
-428
-401
-503
-563
-538
-609
-590
-649
-651
-617
-716
-671
-662
-675
-615
-614
-565
-560
-558
-555
-548
-529
-541
-480
-427
-411
-381
-297
-270
-207
-141
-33
148
261
435
635
762
939
1101
1256
1438
1538
1678
1795
1856
1914
1921
1952
1900
1851
1835
1733
1644
1535
1413
1284
1132
1007
869
712
507
422
298
205
178
45
13
-81
-220
-239
-327
-392
-404
-443
-460
-530
-587
-541
-583
-547
-433
-352
-283
-311
-341
-389
-550
-725
-911
-1045
-1177
-1504
-2019
-2660
-3355
-4030
-4662
-5187
-5523
-5702
-5822
-5934
-5919
-5757
-5500
-5112
-4499
-3566
-2428
-1228
14
1176
2242
3162
4066
5011
5871
6639
7332
7952
8341
8373
8211
7868
7334
6683
5950
5338
4661
3761
2776
1661
550
-606
-1789
-2801
-3727
-4549
-5205
-5745
-6190
-6535
-6789
-6768
-6448
-5938
-5119
-4142
-3050
-1916
-818
395
1593
2724
3788
4803
5728
6441
6931
7214
7261
7018
6598
6108
5544
4831
3993
3125
2180
1163
104
-868
-1723
-2552
-3253
-3787
-4173
-4468
-4614
-4597
-4402
-4087
-3704
-3168
-2720
-2336
-2016
-1787
-1556
-1459
-1478
-1644
-2034
-2677
-3562
-4693
-5772
-6691
-7433
-7979
-8430
-8566
-8613
-8617
-8465
-8105
-7338
-6365
-5125
-3591
-1949
-312
1168
2570
3875
5085
6293
7485
8639
9594
10357
10945
11188
11112
10781
10286
9695
8920
8068
7162
6109
4883
3495
2057
660
-684
-1906
-2959
-3851
-4598
-5241
-5815
-6276
-6552
-6547
-6280
-5849
-5146
-4231
-3259
-2312
-1446
-468
553
1515
2562
3663
4696
5472
5988
6336
6481
6330
6077
5827
5457
4937
4201
3443
2479
1284
162
-801
-1549
-2292
-2903
-3308
-3647
-3977
-4269
-4373
-4360
-4281
-4077
-3652
-3154
-2595
-2031
-1479
-970
-610
-206
145
374
570
752
898
894
622
144
-800
-2340
-4058
-5747
-7115
-8345
-9400
-10048
-10619
-11100
-11536
-11665
-11382
-10852
-9799
-8189
-6140
-3959
-1885
122
1877
3394
4909
6497
8205
9806
11198
12397
13180
13517
13399
12923
12257
11374
10411
9400
8266
6914
5261
3366
1369
-572
-2339
-3875
-5236
-6384
-7273
-8019
-8638
-9031
-9090
-8784
-8174
-7143
-5625
-3962
-2464
-1053
368
1753
2966
4146
5507
6780
7717
8364
8773
8858
8439
7739
7112
6480
5628
4591
3531
2360
890
-732
-2149
-3311
-4380
-5323
-5937
-6261
-6505
-6679
-6613
-6224
-5664
-4916
-3916
-2839
-1814
-979
-198
588
1277
2058
2791
3330
3645
3597
3374
2963
2394
1892
1380
774
11
-1089
-2644
-4645
-6859
-8773
-10291
-11400
-12016
-12293
-12310
-12348
-12295
-11907
-11160
-9954
-8288
-6046
-3468
-908
1441
3459
5181
6654
8064
9565
11069
12419
13459
14079
14188
13755
12925
11870
10685
9443
8177
6876
5416
3704
1742
-385
-2466
-4330
-5810
-6936
-7782
-8393
-8833
-9100
-9162
-8939
-8287
-7257
-5819
-4051
-2210
-388
1171
2544
3752
4759
5804
6838
7840
8585
8907
8871
8401
7599
6593
5565
4550
3408
2199
925
-461
-2009
-3554
-4854
-5867
-6576
-6946
-6994
-6841
-6638
-6337
-5708
-4824
-3694
-2427
-1090
284
1391
2290
3039
3624
4108
4383
4495
4488
4266
3829
3247
2538
1857
1123
166
-1053
-2691
-4629
-6828
-8995
-10728
-12019
-12816
-13353
-13576
-13474
-13288
-12805
-11955
-10555
-8665
-6437
-3824
-1097
1519
3764
5686
7444
9057
10616
12050
13320
14265
14700
14671
14196
13318
12153
10735
9218
7686
6053
4296
2354
287
-1823
-3900
-5771
-7300
-8436
-9256
-9832
-10103
-10024
-9600
-8917
-7882
-6470
-4793
-2949
-1072
852
2705
4374
5874
7194
8329
9194
9717
9965
9919
9555
8920
8014
6932
5656
4179
2619
965
-691
-2330
-3886
-5257
-6450
-7322
-7909
-8242
-8324
-8176
-7706
-6983
-6020
-4777
-3332
-1794
-314
1051
2340
3390
4179
4819
5321
5686
5779
5652
5367
4727
3821
2887
2052
1353
583
-343
-1425
-2941
-4856
-6973
-9087
-10888
-12312
-13197
-13535
-13610
-13536
-13334
-12878
-12127
-10891
-9030
-6625
-3879
-1217
1355
3736
5725
7475
9069
10647
12166
13386
14344
14872
14755
14123
13078
11825
10441
8916
7387
5706
3772
1655
-523
-2652
-4678
-6435
-7798
-8768
-9479
-9954
-10153
-10091
-9677
-8854
-7542
-5801
-3855
-1840
113
1975
3734
5381
6973
8426
9572
10289
10614
10641
10285
9583
8666
7618
6409
4961
3340
1679
-84
-1968
-3725
-5224
-6387
-7301
-8031
-8452
-8655
-8687
-8434
-7787
-6742
-5501
-4162
-2629
-1035
435
1729
2864
3881
4612
5152
5621
5816
5690
5243
4681
3950
3016
2092
1266
567
-289
-1174
-2097
-3472
-5256
-7385
-9385
-11025
-12357
-13015
-13161
-13105
-13060
-12883
-12251
-11307
-10001
-8101
-5598
-2850
-280
2230
4674
6677
8229
9648
11187
12642
13639
14286
14543
14198
13279
12044
10828
9432
7753
5958
4112
2173
29
-2076
-3990
-5756
-7250
-8418
-9122
-9566
-9920
-9907
-9535
-8727
-7420
-5721
-3691
-1756
-16
1747
3500
5223
6837
8361
9648
10393
10634
10628
10366
9646
8565
7455
6275
4882
3295
1639
-42
-1923
-3777
-5306
-6448
-7367
-8148
-8616
-8724
-8605
-8242
-7525
-6468
-5240
-3920
-2442
-868
692
2125
3409
4487
5271
5840
6168
6238
5957
5339
4601
3757
2916
2125
1262
368
-498
-1395
-2388
-3755
-5445
-7246
-9236
-11078
-12417
-13013
-13128
-13268
-13286
-12939
-12173
-11258
-9955
-7924
-5516
-3039
-653
1877
4404
6369
7967
9545
11141
12509
13443
14137
14436
14022
13072
11990
10926
9637
8036
6365
4590
2573
348
-1751
-3618
-5390
-6967
-8190
-8960
-9536
-10014
-10170
-9936
-9231
-8038
-6377
-4395
-2489
-708
1063
2832
4638
6403
8078
9427
10254
10711
10889
10767
10232
9379
8397
7211
5815
4214
2532
728
-1219
-3006
-4464
-5574
-6542
-7395
-8033
-8429
-8547
-8262
-7553
-6613
-5465
-4175
-2738
-1307
-19
1324
2578
3646
4509
5209
5680
5711
5322
4764
4225
3502
2688
1908
1089
330
-502
-1335
-2275
-3720
-5444
-7362
-9358
-11070
-12283
-12732
-12885
-13114
-13158
-12854
-12185
-11368
-9970
-7789
-5287
-2789
-415
2136
4514
6339
7962
9631
11317
12630
13514
14161
14271
13690
12716
11778
10786
9427
7812
6125
4323
2164
-171
-2199
-3959
-5597
-7058
-8134
-8817
-9415
-9881
-9973
-9560
-8623
-7269
-5508
-3634
-1926
-276
1411
3220
5056
6794
8352
9495
10220
10581
10668
10505
10032
9329
8357
7146
5730
4096
2299
398
-1397
-2945
-4295
-5435
-6397
-7207
-7923
-8434
-8460
-7979
-7269
-6432
-5331
-3953
-2537
-1258
98
1480
2674
3589
4386
5143
5439
5314
4938
4446
3867
2959
2152
1442
700
-20
-877
-1690
-2927
-4670
-6637
-8760
-10598
-11993
-12626
-12735
-12900
-13014
-12981
-12565
-11852
-10650
-8548
-6026
-3509
-1159
1220
3617
5524
7131
8845
10640
12190
13239
14006
14340
13946
13084
12146
11323
10227
8743
7103
5237
3080
732
-1401
-3162
-4828
-6412
-7722
-8654
-9421
-10046
-10294
-10015
-9170
-7952
-6408
-4697
-3024
-1336
434
2360
4363
6291
7929
9125
9947
10471
10798
10835
10520
9891
8867
7528
6105
4597
2905
1016
-812
-2432
-3905
-5238
-6313
-7122
-7804
-8249
-8231
-7750
-7044
-6290
-5386
-4220
-2934
-1607
-111
1387
2635
3561
4262
4955
5358
5323
5048
4684
4180
3402
2592
1754
890
-121
-1304
-2293
-3536
-5231
-7290
-9526
-11289
-12550
-13162
-13276
-13269
-13227
-13162
-12703
-11770
-10161
-7959
-5513
-2959
-627
1683
3958
5963
7867
9613
11293
12769
13802
14462
14628
14240
13493
12631
11713
10535
9037
7228
5179
2931
639
-1315
-3061
-4773
-6444
-7905
-8972
-9844
-10416
-10511
-10093
-9264
-8169
-6793
-5292
-3777
-2192
-376
1723
3842
5772
7309
8433
9235
9811
10425
10853
10851
10296
9284
8120
6810
5324
3734
2105
406
-1375
-3098
-4576
-5796
-6829
-7680
-8112
-8111
-7884
-7410
-6726
-5827
-4765
-3577
-2143
-597
744
1837
2810
3645
4328
4758
4913
4870
4493
3824
3169
2517
1900
1323
421
-657
-2082
-3889
-5926
-8363
-10397
-11732
-12402
-12737
-13145
-13308
-13457
-13424
-12962
-11611
-9284
-6836
-4447
-2234
-8
2252
4337
6558
8804
10761
12260
13345
14154
14509
14395
14013
13550
12936
11905
10523
8791
6690
4387
2115
201
-1454
-3107
-4816
-6515
-8048
-9322
-10174
-10490
-10312
-9737
-8930
-7934
-6734
-5341
-3741
-1930
64
2121
4009
5576
6898
8011
8959
9816
10488
10822
10538
9720
8694
7598
6438
5171
3872
2337
451
-1529
-3223
-4466
-5544
-6476
-7031
-7253
-7382
-7457
-7196
-6489
-5577
-4562
-3283
-1769
-476
416
1191
2113
3078
3784
4266
4619
4597
4078
3340
2825
2518
2108
1446
538
-647
-2397
-4578
-6918
-8990
-10444
-11377
-11832
-12229
-12746
-13296
-13697
-13459
-12420
-10504
-8135
-5802
-3658
-1701
383
2553
4877
7305
9489
11275
12526
13428
14043
14269
14219
14001
13590
12797
11604
10105
8270
6173
4010
2098
455
-1242
-3036
-4827
-6473
-7849
-8909
-9441
-9523
-9404
-9163
-8771
-8036
-6908
-5436
-3654
-1747
95
1733
3183
4596
6022
7419
8721
9798
10434
10430
9841
9019
8231
7462
6555
5471
4122
2379
349
-1565
-2970
-3931
-4680
-5288
-5808
-6287
-6709
-6885
-6569
-5890
-5046
-4070
-3032
-2016
-1146
-293
674
1599
2356
2932
3448
3781
3717
3429
3136
2872
2430
1770
1090
178
-1410
-3619
-6009
-8052
-9553
-10636
-11255
-11717
-12355
-13166
-13807
-13679
-12707
-11028
-8998
-6981
-5125
-3405
-1404
856
3322
5754
7869
9698
11063
12125
13004
13702
14152
14193
13872
13214
12315
11125
9632
7960
6202
4549
2919
1189
-632
-2498
-4261
-5837
-7026
-7669
-8011
-8263
-8560
-8713
-8494
-7881
-6763
-5243
-3565
-2076
-848
393
1789
3297
4857
6415
7768
8611
8872
8836
8773
8587
8232
7741
7062
6004
4392
2675
1203
-67
-1261
-2316
-3101
-3856
-4775
-5553
-5799
-5683
-5489
-5182
-4665
-4044
-3489
-2871
-1954
-994
-268
246
678
1193
1653
1899
1968
2018
2065
1939
1556
1069
468
-949
-3229
-5473
-7010
-7906
-8845
-9673
-10259
-11141
-12420
-13278
-12771
-11441
-10075
-8741
-7217
-5677
-4468
-2818
-335
2311
4445
6130
7843
9310
10261
11095
12202
13151
13374
13092
12695
12212
11307
10083
8988
7890
6557
4989
3384
1868
283
-1279
-2675
-3831
-4736
-5493
-6168
-6775
-7098
-7069
-6796
-6285
-5507
-4624
-3937
-3313
-2317
-870
525
1691
2886
4025
4777
5119
5645
6483
6999
6985
6817
6650
6050
5006
4115
3541
2786
1598
540
-182
-1023
-2089
-2881
-3130
-3348
-3839
-4179
-4129
-3983
-3915
-3620
-2981
-2410
-2152
-1964
-1590
-1142
-673
-130
343
606
637
637
634
576
515
-76
-1650
-3866
-5750
-6676
-7249
-7846
-8268
-8826
-10056
-11625
-12085
-11044
-9487
-8209
-7074
-5833
-4958
-4097
-2325
274
2629
4107
5339
6595
7548
8372
9627
11109
11767
11577
11277
11178
10951
10419
9950
9393
8352
6913
5529
4447
3433
2316
1103
-121
-1243
-2221
-3028
-3676
-4135
-4441
-4710
-4834
-4684
-4348
-4149
-4101
-3834
-3245
-2575
-1929
-1134
-352
91
307
731
1537
2302
2830
3269
3627
3720
3555
3500
3563
3522
3211
2816
2492
2025
1485
1010
667
277
-352
-959
-1368
-1578
-1728
-1852
-1927
-2055
-2306
-2612
-2752
-2706
-2555
-2381
-2222
-2042
-1894
-1905
-1981
-1833
-1418
-985
-726
-671
-1153
-2429
-4007
-5030
-5224
-5263
-5543
-5960
-6620
-7608
-8446
-8306
-7250
-6077
-5320
-4842
-4400
-3874
-2791
-1038
834
2162
2829
3288
3804
4585
5805
7252
8284
8482
8179
7873
7846
8058
8315
8375
7956
7088
6079
5289
4814
4482
4015
3253
2373
1523
820
325
-14
-243
-551
-935
-1211
-1330
-1406
-1522
-1652
-1827
-2018
-2114
-2022
-1884
-1943
-2096
-2155
-2054
-1783
-1448
-1099
-825
-645
-452
-122
398
966
1375
1547
1668
1874
2067
2203
2313
2318
2022
1462
912
550
259
-157
-654
-1199
-1795
-2342
-2719
-2895
-3032
-3193
-3260
-3172
-3043
-2963
-2797
-2511
-2252
-2064
-1767
-1279
-805
-526
-328
-137
-230
-727
-1342
-1742
-1915
-2062
-2209
-2388
-2791
-3455
-4033
-4209
-4061
-3760
-3411
-3075
-2899
-2859
-2627
-2100
-1446
-821
-224
334
739
1081
1558
2221
2878
3342
3641
3850
4057
4324
4633
4971
5256
5347
5207
4971
4895
5019
5129
5073
4867
4554
4154
3786
3590
3484
3239
2735
2101
1475
903
433
74
-253
-693
-1229
-1698
-1976
-2094
-2173
-2238
-2270
-2287
-2278
-2164
-1848
-1422
-1097
-885
-662
-423
-217
-41
123
196
98
-47
-104
-132
-240
-437
-661
-869
-1020
-1069
-1040
-1033
-1125
-1309
-1493
-1568
-1560
-1564
-1632
-1720
-1809
-1895
-1901
-1764
-1549
-1435
-1456
-1480
-1383
-1179
-901
-563
-304
-270
-454
-715
-870
-916
-911
-924
-1074
-1398
-1825
-2200
-2402
-2447
-2437
-2432
-2415
-2363
-2259
-2065
-1747
-1359
-1027
-754
-391
73
538
950
1333
1698
2017
2328
2684
3024
3256
3405
3519
3607
3680
3760
3818
3810
3728
3621
3522
3432
3371
3290
3167
3031
2913
2798
2652
2491
2314
2120
1909
1731
1574
1394
1186
961
735
511
322
177
30
-115
-238
-363
-488
-622
-771
-951
-1146
-1302
-1418
-1547
-1725
-1913
-2113
-2316
-2497
-2631
-2680
-2698
-2702
-2684
-2656
-2631
-2619
-2593
-2516
-2364
-2174
-1963
-1752
-1590
-1486
-1425
-1354
-1243
-1129
-1014
-879
-749
-694
-725
-790
-858
-919
-989
-1029
-1054
-1145
-1305
-1506
-1682
-1799
-1838
-1796
-1697
-1560
-1415
-1250
-1080
-912
-715
-498
-220
99
404
652
856
1061
1313
1614
1952
2325
2669
2944
3184
3445
3762
4096
4378
4591
4715
4761
4767
4760
4737
4654
4488
4233
3917
3544
3147
2763
2397
2023
1625
1221
805
400
7
-337
-609
-858
-1103
-1358
-1589
-1763
-1883
-1941
-1959
-1984
-2063
-2166
-2223
-2216
-2160
-2129
-2144
-2184
-2246
-2289
-2299
-2276
-2243
-2230
-2217
-2157
-2032
-1896
-1784
-1719
-1677
-1630
-1552
-1404
-1207
-1020
-909
-873
-887
-910
-898
-815
-650
-475
-359
-315
-324
-356
-385
-364
-274
-152
-72
-69
-120
-193
-253
-263
-206
-121
-62
-40
-21
16
66
127
210
308
400
489
595
709
823
931
1054
1190
1315
1431
1529
1624
1734
1854
1971
2067
2140
2183
2217
2254
2299
2317
2254
2134
2003
1867
1727
1591
1456
1288
1041
770
550
389
250
109
-41
-217
-405
-570
-671
-727
-794
-873
-953
-1033
-1074
-1067
-1013
-944
-912
-920
-938
-934
-902
-839
-768
-730
-743
-808
-871
-901
-902
-881
-848
-841
-891
-984
-1066
-1106
-1112
-1091
-1053
-1005
-976
-984
-1014
-1040
-1020
-949
-842
-720
-620
-555
-532
-510
-432
-308
-160
-13
98
163
189
226
318
467
625
748
814
822
817
853
953
1072
1150
1154
1083
982
908
902
918
908
840
709
561
452
405
392
366
312
222
130
78
78
111
136
129
90
51
35
47
80
110
108
77
39
20
33
62
91
89
60
24
13
34
71
93
83
51
17
-7
-23
-25
-33
-49
-67
-83
-83
-90
-120
-159
-197
-231
-262
-294
-332
-378
-432
-469
-469
-457
-464
-506
-559
-589
-572
-510
-440
-392
-399
-444
-481
-480
-439
-387
-351
-340
-338
-323
-291
-253
-210
-163
-112
-55
14
96
175
234
283
346
420
504
590
663
705
712
712
735
783
825
846
833
777
698
637
610
603
562
472
346
219
119
59
22
-35
-141
-281
-398
-465
-475
-453
-443
-486
-572
-652
-678
-639
-574
-523
-508
-527
-554
-547
-484
-381
-290
-242
-224
-213
-177
-97
16
126
205
236
244
250
264
288
319
340
345
333
304
265
215
151
97
65
55
54
32
-7
-49
-85
-98
-91
-79
-85
-106
-115
-98
-57
-21
-17
-54
-126
-188
-197
-154
-90
-58
-74
-132
-199
-231
-207
-148
-91
-61
-48
-32
-4
35
84
140
190
233
284
351
422
468
490
507
525
544
567
596
620
617
591
555
517
480
444
401
346
276
202
125
61
4
-57
-134
-226
-319
-398
-447
-470
-480
-500
-546
-619
-682
-716
-722
-703
-663
-627
-610
-606
-590
-556
-513
-459
-400
-339
-281
-234
-193
-149
-110
-78
-38
12
64
101
132
156
179
201
219
232
250
269
287
316
343
354
344
330
323
327
330
323
300
261
227
202
192
192
180
146
95
45
10
-13
-33
-53
-76
-103
-135
-159
-173
-180
-179
-167
-146
-129
-126
-131
-135
-125
-92
-40
13
37
36
34
60
111
163
207
231
223
203
201
238
289
321
322
288
235
185
164
178
196
189
147
78
-1
-65
-92
-83
-75
-96
-140
-195
-249
-287
-303
-307
-314
-330
-334
-332
-329
-337
-349
-354
-349
-329
-293
-257
-237
-230
-217
-178
-130
-79
-33
5
30
56
107
178
240
266
265
255
247
253
289
336
353
325
270
225
210
217
236
240
215
162
106
68
50
40
23
5
-13
-40
-66
-87
-101
-118
-136
-139
-127
-119
-120
-125
-130
-133
-140
-140
-129
-119
-111
-101
-82
-62
-53
-52
-45
-30
-11
12
22
17
10
9
36
81
126
147
130
94
64
60
86
125
152
142
106
65
48
66
97
116
111
82
46
24
20
24
14
-17
-58
-95
-124
-141
-151
-166
-196
-232
-270
-290
-296
-301
-300
-293
-280
-264
-244
-220
-198
-169
-132
-74
-6
55
91
109
123
144
187
246
301
334
341
327
313
316
324
334
327
306
271
232
195
165
142
112
75
29
-9
-42
-67
-79
-83
-95
-116
-134
-147
-154
-156
-141
-116
-105
-114
-135
-158
-175
-175
-151
-99
-64
-74
-112
-154
-179
-169
-124
-72
-44
-60
-91
-103
-80
-29
25
58
57
35
23
51
105
154
178
171
144
121
135
185
227
237
214
175
140
118
121
134
128
84
22
-28
-61
-85
