-1
0
1
2
0
0
0
0
-2
-2
-2
-3
-4
-6
-8
-8
-8
-7
-6
-6
-2
0
3
5
9
13
13
14
13
14
14
10
10
8
8
5
3
1
0
-3
-2
-5
-5
-5
-7
-8
-11
-8
-10
-8
-6
-4
-1
1
0
1
1
3
4
3
4
4
4
3
2
3
2
2
0
0
-1
-1
-1
0
0
1
-1
-1
-2
-3
-3
-3
-2
-4
-4
-2
1
3
5
7
7
6
5
4
1
-1
-3
-5
-5
-2
-1
-1
-1
1
4
5
5
5
5
5
5
3
2
2
0
-3
-5
-6
-7
-9
-9
-9
-9
-10
-9
-9
-8
-7
-7
-7
-8
-6
-3
1
3
4
6
6
6
6
6
6
4
4
3
2
3
3
3
4
2
5
3
3
4
6
6
8
9
8
8
8
5
3
2
-1
-3
-4
-3
-3
0
0
0
1
0
-1
-2
-4
-4
-8
-8
-9
-9
-9
-11
-13
-12
-8
-6
-4
0
3
5
5
6
7
8
6
4
1
-2
-3
-3
-4
-5
-7
-9
-8
-8
-8
-6
-6
-5
-4
-1
1
2
3
3
3
2
2
2
5
4
3
3
5
6
5
8
8
8
4
1
0
-1
-1
-2
-5
-3
-3
-1
3
4
5
8
10
11
12
13
15
16
15
12
10
5
-1
-6
-9
-8
-9
-9
-8
-5
-3
-4
-2
-2
-3
-3
-3
-4
-5
-5
-4
-4
-4
-2
-2
-3
-3
-4
-2
1
-2
-1
1
2
2
0
0
1
2
1
0
0
0
0
-2
-4
-4
-7
-7
-5
-5
-2
2
3
5
6
6
4
4
-1
-2
-3
-6
-8
-10
-9
-9
-9
-10
-11
-12
-13
-13
-12
-9
-6
-5
-3
-1
3
4
7
10
10
12
11
11
10
9
8
4
4
4
2
0
-1
-2
-3
-4
-3
-2
1
4
7
9
10
9
10
11
10
8
8
7
4
4
4
3
3
2
2
2
2
5
5
8
8
7
6
8
9
6
6
7
6
5
5
5
4
3
1
-1
-1
-4
-2
-4
-4
-3
-4
-5
-7
-10
-12
-12
-15
-13
-13
-14
-14
-12
-12
-10
-8
-5
-4
-2
0
1
2
3
1
-1
-1
-2
-6
-8
-8
-10
-12
-13
-12
-9
-6
-5
-3
-1
1
1
1
2
0
-2
-3
-3
-6
-7
-7
-7
-5
-3
0
2
6
9
11
12
12
11
11
7
7
4
3
2
-2
-3
-4
-7
-7
-3
-2
0
2
0
1
1
1
1
0
-1
-1
-3
-2
0
1
2
3
3
3
4
3
2
4
5
8
10
11
12
14
17
16
14
16
16
14
12
11
12
11
10
9
10
11
12
14
14
12
13
12
10
8
6
7
5
4
2
0
-2
-4
-3
-4
-3
-1
0
-2
-3
-6
-10
-13
-16
-18
-24
-26
-27
-27
-29
-32
-32
-31
-30
-27
-24
-22
-18
-15
-13
-13
-12
-13
-14
-15
-18
-19
-21
-22
-20
-19
-16
-14
-13
-9
-6
-5
-2
1
3
3
3
4
5
3
4
5
8
9
12
12
12
10
11
11
11
12
12
10
12
15
14
15
14
15
16
17
16
16
17
15
14
15
16
16
18
18
21
23
23
27
28
28
27
26
27
30
30
29
29
29
26
24
22
19
15
12
11
9
9
8
7
5
8
7
7
7
6
6
4
1
-3
-4
-5
-9
-12
-14
-17
-21
-24
-28
-30
-32
-32
-31
-32
-33
-35
-31
-29
-30
-28
-31
-30
-32
-32
-31
-31
-29
-27
-26
-23
-21
-19
-18
-18
-14
-13
-12
-11
-11
-10
-12
-14
-15
-15
-17
-17
-16
-19
-23
-25
-28
-32
-37
-40
-40
-45
-49
-56
-56
-59
-62
-65
-71
-79
-86
-93
-99
-103
-100
-91
-85
-75
-64
-52
-38
-27
-17
-8
-1
5
12
20
30
45
59
79
97
112
125
135
147
158
171
186
202
216
228
242
254
268
277
288
299
302
301
295
291
282
271
261
253
245
231
218
207
192
172
156
137
111
88
64
39
13
-10
-34
-58
-81
-104
-130
-154
-180
-210
-233
-254
-276
-293
-308
-321
-333
-343
-354
-360
-366
-375
-383
-390
-398
-406
-409
-410
-407
-402
-392
-379
-365
-356
-345
-328
-312
-297
-278
-258
-237
-215
-193
-171
-146
-119
-95
-72
-53
-36
-19
-2
15
32
52
69
81
95
104
114
128
141
152
168
180
194
209
223
240
252
269
285
296
304
314
319
325
333
344
356
366
374
382
387
389
387
382
375
369
360
357
356
353
349
338
328
313
300
284
267
252
235
222
210
196
184
174
162
150
134
121
106
91
79
68
54
42
29
18
7
-5
-21
-36
-55
-76
-97
-122
-148
-174
-201
-225
-248
-270
-294
-311
-328
-343
-356
-371
-383
-391
-401
-411
-420
-427
-433
-439
-447
-454
-461
-464
-466
-472
-470
-467
-459
-444
-431
-412
-389
-361
-328
-297
-268
-242
-218
-194
-175
-157
-145
-128
-113
-102
-92
-79
-67
-50
-33
-16
3
25
47
65
81
92
102
108
110
107
105
102
102
97
94
96
94
89
80
72
69
66
64
64
69
77
82
89
101
107
117
134
144
156
170
179
188
198
204
207
214
225
246
261
279
303
323
347
372
394
413
438
459
477
496
516
531
545
558
570
579
587
594
594
594
592
587
583
574
558
544
528
506
480
453
426
393
358
325
289
251
214
168
126
82
32
-15
-63
-113
-165
-213
-255
-303
-348
-394
-439
-483
-539
-596
-645
-689
-725
-756
-785
-807
-826
-845
-862
-874
-882
-891
-890
-886
-879
-867
-851
-841
-824
-806
-783
-759
-731
-702
-675
-643
-615
-582
-551
-516
-484
-449
-412
-376
-341
-312
-279
-252
-226
-201
-170
-146
-120
-90
-63
-37
-13
13
38
60
76
99
125
143
165
185
206
230
253
279
301
324
349
374
397
418
442
474
506
542
582
627
672
716
759
806
848
886
918
947
973
1000
1025
1045
1065
1083
1096
1105
1113
1112
1106
1096
1090
1068
1044
1018
979
936
889
834
777
709
632
556
473
389
304
213
122
30
-66
-158
-244
-333
-420
-505
-587
-664
-738
-805
-868
-932
-994
-1052
-1107
-1160
-1209
-1251
-1291
-1319
-1342
-1353
-1348
-1343
-1329
-1311
-1286
-1257
-1217
-1174
-1127
-1074
-1012
-949
-882
-816
-747
-673
-604
-526
-459
-387
-308
-235
-156
-75
3
81
157
227
299
367
431
492
548
594
644
681
715
750
771
784
795
794
788
777
755
734
706
676
602
576
564
486
490
449
397
406
341
304
259
195
159
91
40
-17
-82
-133
-191
-239
-293
-334
-365
-408
-427
-459
-475
-493
-510
-507
-531
-524
-511
-520
-490
-479
-464
-422
-407
-361
-313
-282
-221
-172
-134
-70
-27
28
90
126
193
235
296
372
412
479
545
586
638
694
716
769
808
834
875
911
953
958
1029
1027
1019
1092
1038
1048
1053
944
976
918
829
890
737
747
738
561
659
486
427
457
206
281
134
-19
64
-199
-186
-236
-467
-365
-551
-648
-582
-811
-807
-804
-1044
-934
-1028
-1194
-1019
-1231
-1232
-1106
-1344
-1180
-1208
-1334
-1137
-1282
-1234
-1146
-1250
-1119
-1135
-1123
-1038
-1081
-982
-982
-973
-869
-931
-833
-779
-835
-682
-698
-685
-539
-588
-508
-427
-455
-366
-340
-339
-282
-260
-246
-191
-163
-150
-68
-44
-8
110
113
202
304
308
457
507
564
710
728
863
958
1002
1152
1209
1280
1397
1444
1521
1603
1654
1701
1793
1782
1839
1906
1890
1948
1962
1984
1955
2009
1918
1886
1935
1656
1796
1606
1401
1584
1133
1204
1112
700
884
524
330
421
-56
-67
-134
-599
-457
-704
-1006
-840
-1215
-1292
-1276
-1594
-1554
-1662
-1826
-1822
-1893
-2019
-1974
-2032
-2100
-2008
-2118
-2005
-2031
-1993
-1875
-1942
-1735
-1767
-1630
-1549
-1483
-1315
-1340
-1097
-1071
-962
-762
-752
-548
-439
-366
-184
-39
-39
258
329
255
791
495
738
1081
635
1300
996
1072
1474
987
1460
1356
1156
1506
1286
1197
1446
1192
1088
1414
826
1151
1041
607
1076
466
594
602
102
403
29
-109
-9
-388
-394
-437
-715
-697
-803
-974
-972
-1068
-1207
-1168
-1269
-1351
-1278
-1405
-1344
-1329
-1379
-1273
-1273
-1219
-1134
-1076
-970
-853
-776
-610
-503
-374
-212
-65
41
244
382
495
696
812
946
1110
1204
1363
1474
1550
1723
1756
1849
1948
1949
2019
2006
2094
1918
2052
2024
1702
2106
1621
1692
1824
1256
1631
1273
1058
1261
842
773
776
485
328
367
-30
-56
-135
-484
-404
-709
-704
-885
-1062
-912
-1395
-1117
-1282
-1641
-1082
-1725
-1497
-1287
-1835
-1304
-1540
-1646
-1230
-1571
-1391
-1153
-1430
-1131
-1007
-1257
-821
-920
-966
-542
-885
-499
-480
-623
-167
-449
-190
-106
-140
20
-17
217
11
169
328
3
303
297
36
330
289
24
374
142
85
284
-97
146
-1
-195
31
-276
-259
-242
-425
-498
-470
-594
-783
-625
-877
-924
-875
-1135
-1030
-1191
-1178
-1178
-1295
-1138
-1215
-1242
-1088
-1127
-1034
-943
-836
-699
-577
-403
-257
-91
83
304
403
667
904
1003
1328
1404
1670
1787
1926
2185
2148
2470
2533
2520
2801
2766
2776
2918
2857
2840
2902
2810
2730
2768
2620
2479
2443
2292
2017
2035
1722
1564
1423
1101
1050
631
584
228
12
-75
-498
-563
-786
-1063
-1237
-1335
-1659
-1842
-1845
-2188
-2245
-2288
-2516
-2482
-2599
-2645
-2633
-2753
-2581
-2630
-2642
-2366
-2499
-2350
-2029
-2264
-1945
-1680
-1844
-1418
-1273
-1302
-818
-791
-754
-247
-382
-113
167
32
616
345
680
952
631
1162
1060
1086
1272
1384
1222
1443
1631
1074
1708
1454
996
1757
1015
1060
1386
624
972
771
354
582
195
89
63
-241
-342
-416
-677
-794
-870
-1199
-1143
-1353
-1592
-1512
-1762
-1849
-1943
-2073
-2034
-2195
-2124
-2169
-2197
-2052
-2138
-1981
-1906
-1757
-1559
-1482
-1145
-986
-763
-428
-254
43
303
572
821
1121
1452
1627
1888
2162
2308
2494
2718
2914
2959
3224
3296
3292
3490
3419
3447
3452
3416
3373
3279
3190
3147
2959
2800
2656
2398
2206
2001
1780
1492
1338
1047
693
560
156
-41
-321
-654
-805
-1089
-1326
-1566
-1719
-2019
-2237
-2389
-2623
-2757
-2771
-2955
-2999
-2937
-3163
-3022
-2981
-3047
-2782
-2673
-2685
-2329
-2263
-2104
-1743
-1812
-1434
-1154
-1246
-745
-564
-521
-229
-29
13
190
318
511
628
532
1082
734
945
1219
858
1249
1194
1059
1321
1225
1182
1261
1284
1114
1085
1227
943
880
1035
747
705
680
415
405
218
82
26
-195
-266
-401
-640
-779
-936
-1185
-1276
-1491
-1643
-1772
-2046
-2181
-2415
-2581
-2590
-2810
-2848
-2806
-2865
-2867
-2834
-2714
-2566
-2382
-2203
-1927
-1590
-1289
-950
-604
-260
128
485
841
1291
1699
2063
2431
2756
3080
3296
3637
3865
4040
4308
4379
4468
4561
4530
4528
4438
4372
4199
4063
3934
3643
3495
3176
2849
2655
2212
1942
1732
1220
1069
698
196
130
-318
-692
-752
-1189
-1433
-1526
-1947
-2042
-2192
-2531
-2584
-2809
-2993
-3028
-3183
-3242
-3300
-3350
-3393
-3435
-3323
-3301
-3183
-3028
-2882
-2749
-2547
-2241
-2225
-1854
-1464
-1451
-1065
-714
-576
-247
-45
186
256
652
711
765
1090
1252
1103
1359
1434
1185
1626
1353
1355
1573
1448
1376
1284
1380
1255
1046
1276
963
887
1106
589
688
684
292
425
134
123
57
-251
-192
-379
-691
-686
-1026
-1221
-1187
-1513
-1832
-1753
-2120
-2572
-2594
-2959
-3132
-3145
-3316
-3463
-3496
-3416
-3652
-3552
-3330
-3193
-2812
-2585
-2152
-1862
-1320
-985
-679
-33
356
828
1383
1850
2334
2836
3197
3460
3815
4203
4457
4728
4999
5189
5329
5339
5350
5310
5284
5184
4960
4810
4614
4347
4089
3720
3341
2970
2581
2102
1698
1446
1003
570
185
-259
-658
-936
-1298
-1686
-1795
-2068
-2440
-2617
-2762
-3005
-3112
-3288
-3526
-3483
-3589
-3744
-3679
-3734
-3795
-3762
-3767
-3643
-3449
-3282
-3058
-2857
-2612
-2371
-2130
-1799
-1478
-1161
-840
-552
-253
89
243
536
854
794
1253
1295
1356
1688
1583
1689
1777
1632
1771
1813
1510
1803
1714
1428
1571
1618
1170
1244
1424
938
878
1146
621
602
630
280
213
82
-184
-261
-452
-618
-640
-1059
-1222
-1265
-1602
-1781
-1938
-2135
-2392
-2770
-3017
-3394
-3506
-3622
-3929
-4046
-4068
-4233
-4350
-4222
-4167
-3889
-3555
-3406
-3014
-2475
-2049
-1578
-1040
-505
64
716
1193
1837
2526
2959
3458
3887
4296
4813
5225
5545
5875
6146
6285
6368
6410
6447
6523
6364
6152
5919
5684
5298
4903
4484
4021
3541
3031
2414
1943
1519
847
343
-185
-779
-1102
-1539
-1982
-2207
-2557
-2947
-3241
-3516
-3604
-3747
-3938
-4013
-4137
-4233
-4329
-4333
-4304
-4270
-4249
-4214
-4124
-3889
-3713
-3515
-3211
-2962
-2721
-2364
-1996
-1605
-1179
-885
-497
-151
139
511
805
1055
1327
1455
1571
1797
1856
1872
2048
2054
1809
1910
1925
1687
1863
1725
1393
1729
1337
1098
1418
1060
907
1099
699
684
683
446
475
125
234
90
-442
-165
-245
-750
-781
-1026
-1459
-1599
-1796
-2138
-2363
-2486
-2927
-3575
-3868
-4043
-4319
-4505
-4714
-4871
-4935
-5059
-5244
-5139
-4732
-4420
-4121
-3749
-3161
-2535
-2012
-1425
-794
-14
766
1371
2105
2903
3618
4110
4546
5112
5662
6173
6537
6860
7197
7347
7347
7343
7380
7424
7346
7070
6757
6461
6055
5546
5020
4593
4097
3468
2835
2204
1608
1000
296
-381
-967
-1486
-1994
-2500
-2964
-3304
-3755
-4230
-4497
-4720
-4765
-4871
-5053
-5066
-5166
-5300
-5300
-5175
-5088
-5005
-4766
-4546
-4370
-4102
-3845
-3524
-3095
-2739
-2329
-1730
-1203
-762
-365
98
601
1043
1466
1940
2340
2531
2697
2848
3032
3097
3049
3061
2974
2803
2597
2395
2137
1951
1743
1291
1135
1050
732
566
355
210
15
-127
-142
-246
-158
-69
-510
-602
-382
-658
-691
-719
-1018
-1122
-1295
-1768
-2166
-2236
-2469
-3168
-3674
-4057
-4373
-4635
-5064
-5616
-5723
-5775
-6191
-6396
-6097
-5651
-5392
-5275
-4936
-4173
-3377
-2790
-2074
-1075
-86
630
1254
2198
3302
4196
4777
5385
6138
6841
7304
7663
8142
8621
8759
8674
8687
8830
8827
8531
8113
7771
7495
7003
6357
5814
5329
4689
3822
2988
2375
1765
1016
93
-752
-1428
-2181
-2961
-3598
-4065
-4513
-5116
-5738
-6095
-6328
-6560
-6805
-6901
-6844
-6816
-6844
-6748
-6557
-6357
-6119
-5807
-5315
-4764
-4307
-3829
-3299
-2821
-2302
-1685
-969
-206
445
943
1494
2085
2540
2943
3432
3919
4184
4330
4460
4507
4568
4546
4327
4194
4015
3636
3319
2994
2629
2280
1820
1409
1086
686
240
-165
-461
-674
-889
-1080
-1284
-1464
-1617
-1816
-1928
-1943
-1972
-2001
-2124
-2369
-2734
-3049
-3160
-3328
-3812
-4336
-4721
-5049
-5357
-5828
-6289
-6238
-6236
-6686
-6883
-6561
-6022
-5566
-5380
-4924
-3945
-3061
-2444
-1662
-514
662
1417
2038
3004
4154
5051
5573
6184
7016
7664
7954
8240
8726
9198
9302
9088
9061
9161
9048
8698
8250
7945
7616
6931
6217
5697
5205
4515
3576
2645
1945
1282
401
-482
-1197
-1905
-2714
-3595
-4201
-4569
-5019
-5562
-6067
-6372
-6530
-6819
-6989
-6910
-6880
-6832
-6852
-6770
-6396
-6160
-6092
-5722
-5220
-4784
-4315
-3812
-3278
-2671
-2198
-1753
-953
-133
437
989
1590
2139
2551
2953
3479
4002
4334
4440
4497
4673
4763
4714
4669
4640
4483
4129
3783
3525
3276
2868
2493
2143
1748
1352
861
415
176
-51
-434
-810
-1153
-1384
-1535
-1764
-2084
-2304
-2512
-2840
-3285
-3712
-4016
-4157
-4660
-5430
-5983
-6304
-6601
-6942
-7396
-7596
-7450
-7637
-7980
-7785
-7186
-6490
-5944
-5583
-4737
-3581
-2721
-2067
-990
374
1564
2366
3135
4295
5488
6194
6682
7449
8391
8945
9173
9441
9911
10288
10085
9795
9899
9998
9620
8992
8436
8102
7616
6731
5922
5487
4892
3878
2706
1844
1254
439
-644
-1528
-2108
-2838
-3842
-4698
-5154
-5432
-5883
-6511
-6823
-6832
-6996
-7297
-7351
-7135
-6945
-6907
-6768
-6415
-6010
-5782
-5647
-5295
-4721
-4243
-3809
-3223
-2582
-2117
-1776
-1326
-694
-2
583
1062
1525
1937
2186
2477
2904
3336
3572
3661
3766
3923
3967
3937
3954
4064
4097
3861
3570
3493
3422
3165
2961
2802
2594
2237
1858
1570
1489
1220
706
255
-3
-274
-556
-892
-1272
-1592
-2098
-2853
-3451
-3844
-4158
-4554
-5398
-6310
-6917
-7324
-7693
-8029
-8372
-8405
-8475
-8762
-8869
-8388
-7529
-6714
-6291
-5722
-4688
-3567
-2711
-1790
-458
1019
2051
2746
3694
4976
6098
6707
7336
8318
9212
9628
9888
10273
10820
10966
10676
10556
10714
10579
10018
9274
8733
8311
7517
6523
5790
5224
4339
3063
1807
1048
362
-665
-1825
-2689
-3363
-4218
-5253
-5903
-6098
-6384
-6923
-7364
-7430
-7370
-7461
-7517
-7221
-6846
-6669
-6538
-6153
-5667
-5367
-5184
-4807
-4247
-3765
-3461
-3024
-2351
-1819
-1525
-1135
-500
204
695
1012
1527
2046
2343
2551
2857
3220
3444
3391
3316
3397
3408
3283
3220
3275
3222
2939
2669
2575
2497
2365
2138
2034
1983
1754
1447
1278
1269
1191
963
556
290
97
-170
-503
-748
-1086
-1624
-2402
-3140
-3642
-3763
-4189
-5194
-6217
-6902
-7302
-7686
-8222
-8548
-8408
-8534
-8989
-9123
-8572
-7612
-6834
-6500
-5770
-4595
-3548
-2800
-1755
-321
1141
2097
2768
3848
5240
6282
6847
7561
8581
9427
9778
10023
10542
11132
11130
10792
10728
10907
10732
10087
9318
8864
8466
7549
6451
5789
5249
4262
2870
1644
940
202
-995
-2196
-2964
-3655
-4660
-5778
-6407
-6591
-6913
-7534
-7969
-7963
-7871
-8005
-8028
-7628
-7106
-6829
-6658
-6218
-5616
-5138
-4787
-4316
-3620
-2953
-2550
-2055
-1313
-701
-317
106
689
1367
1807
2040
2398
2766
2918
2925
2999
3246
3343
3125
2959
2965
2964
2778
2606
2582
2542
2328
2048
1876
1893
1851
1609
1486
1488
1355
1091
939
971
1007
701
308
156
111
-82
-439
-846
-1154
-1655
-2509
-3286
-3559
-3802
-4631
-5751
-6618
-7027
-7431
-8087
-8628
-8474
-8323
-8787
-9258
-8881
-7884
-7016
-6749
-6250
-4973
-3711
-3015
-2278
-889
774
1924
2466
3364
4857
6076
6634
7193
8228
9324
9785
9865
10231
10925
11141
10726
10463
10688
10729
10084
9139
8667
8452
7725
6539
5676
5224
4520
3140
1690
952
430
-639
-2038
-3042
-3623
-4367
-5532
-6401
-6608
-6657
-7174
-7763
-7862
-7586
-7572
-7728
-7465
-6861
-6353
-6163
-5968
-5427
-4839
-4587
-4140
-3222
-2374
-1880
-1517
-1055
-296
324
718
1346
2112
2521
2587
2573
2798
3126
3174
3125
3179
3057
2691
2364
2276
2299
2165
1863
1620
1561
1420
1072
896
1045
1110
982
778
738
869
823
598
570
586
489
298
58
-122
-225
-678
-1322
-1906
-2578
-3216
-3540
-4051
-4992
-6024
-6893
-7343
-7588
-8131
-8594
-8508
-8523
-8887
-9093
-8600
-7462
-6516
-6241
-5659
-4385
-3153
-2291
-1300
183
1836
2860
3359
4309
5847
6999
7467
7980
8920
9815
10072
10031
10408
10984
10894
10267
9942
10071
9989
9246
8237
7684
7243
6299
5145
4382
3843
2945
1490
77
-736
-1374
-2393
-3548
-4304
-4853
-5604
-6473
-6933
-6845
-6695
-6957
-7227
-7028
-6598
-6351
-6139
-5654
-4963
-4494
-4262
-3940
-3364
-2717
-2363
-2097
-1488
-843
-422
-25
336
746
1093
1262
1592
2120
2354
2331
2256
2212
2181
2017
1858
1853
1766
1437
997
751
711
642
473
335
331
320
163
86
242
450
579
589
604
845
1053
1025
1008
914
798
750
584
404
317
-62
-785
-1619
-2519
-3116
-3341
-3951
-5041
-6126
-6965
-7495
-8011
-8660
-8839
-8574
-8718
-9230
-9292
-8570
-7399
-6604
-6130
-5147
-3760
-2664
-1834
-659
1065
2653
3532
4158
5332
6816
7793
8256
8824
9717
10415
10550
10510
10862
11210
10852
10113
9737
9664
9338
8401
7384
6737
6107
5011
3779
2947
2349
1412
5
-1316
-2165
-2854
-3780
-4726
-5310
-5727
-6381
-7121
-7452
-7226
-6949
-7004
-6996
-6554
-5917
-5484
-5147
-4522
-3626
-2873
-2407
-1973
-1353
-778
-421
53
744
1292
1626
1871
2060
2250
2268
2225
2424
2595
2450
2132
1784
1446
1064
665
439
300
-9
-444
-859
-1072
-1091
-1104
-1155
-1083
-948
-922
-922
-689
-353
-36
266
437
768
1137
1220
1272
1379
1342
1405
1360
1096
996
683
-42
-866
-1836
-2621
-2950
-3667
-4845
-5958
-6893
-7521
-8074
-8828
-9117
-8852
-8910
-9314
-9420
-8775
-7582
-6681
-6178
-5226
-3774
-2553
-1679
-551
1128
2783
3844
4560
5699
7225
8273
8746
9379
10285
10981
11116
10990
11247
11618
11253
10400
9802
9523
9100
8104
6950
6174
5385
4082
2643
1674
1001
10
-1503
-2910
-3724
-4383
-5328
-6249
-6696
-6861
-7280
-7851
-7907
-7404
-6914
-6762
-6586
-5898
-4981
-4380
-3846
-2983
-2017
-1297
-910
-454
407
1144
1463
1847
2432
2924
3138
3121
3319
3614
3454
3066
2837
2708
2479
1965
1370
936
387
-317
-853
-1155
-1383
-1754
-2169
-2356
-2391
-2421
-2376
-2154
-1845
-1606
-1423
-1127
-605
-85
265
672
1204
1597
1733
1697
1721
1913
1910
1574
1318
1167
742
-81
-1204
-2195
-2749
-3439
-4724
-6007
-6877
-7497
-8175
-9179
-9859
-9684
-9550
-9926
-10043
-9425
-8243
-7244
-6714
-5793
-4147
-2625
-1581
-403
1332
3174
4418
5198
6350
8024
9320
9865
10347
11179
11943
12076
11730
11720
12043
11759
10740
9743
9108
8469
7297
5833
4758
3911
2611
923
-458
-1282
-2184
-3608
-5043
-5890
-6366
-7098
-7987
-8314
-8069
-7927
-8046
-7893
-7056
-5980
-5297
-4748
-3806
-2597
-1523
-700
223
1422
2401
2805
3083
3541
4043
4371
4451
4535
4663
4460
3944
3495
3147
2743
2159
1441
822
209
-561
-1351
-1960
-2468
-3001
-3553
-3926
-4071
-4117
-4178
-4124
-3834
-3444
-3062
-2611
-2033
-1332
-716
-212
487
1280
1959
2496
2864
3257
3517
3429
3272
3123
2925
2577
1966
1436
949
48
-1113
-2314
-3280
-4158
-5578
-7121
-8108
-8768
-9406
-10350
-11186
-11176
-10958
-11089
-10975
-10194
-8729
-7367
-6585
-5491
-3687
-1803
-312
1001
2790
4851
6334
7283
8360
9865
11214
11791
12105
12685
13230
13245
12645
12086
11902
11334
10114
8784
7781
6924
5568
3711
2156
1043
-221
-1901
-3530
-4580
-5408
-6602
-7921
-8708
-8805
-8857
-9166
-9185
-8615
-7842
-7237
-6638
-5527
-3988
-2675
-1753
-717
681
2132
3209
4016
4939
5771
6127
6187
6313
6489
6371
5803
5110
4544
3862
2901
1953
1104
219
-848
-1990
-2925
-3599
-4278
-5030
-5614
-5993
-6245
-6383
-6351
-6039
-5546
-5045
-4526
-3832
-2855
-1817
-856
127
1067
1952
2781
3571
4411
5102
5489
5671
5680
5532
5156
4546
4025
3517
2688
1667
690
-188
-1056
-2259
-3686
-4765
-5850
-7476
-9173
-10293
-10696
-10898
-11636
-12324
-12107
-11613
-11427
-11135
-10043
-8058
-6230
-5151
-3830
-1636
663
2291
3564
5357
7599
9294
10178
11110
12543
13669
13795
13452
13489
13814
13537
12381
11191
10412
9405
7680
5691
4311
3410
1933
-243
-2181
-3395
-4507
-6139
-7702
-8339
-8475
-9053
-9944
-10136
-9359
-8550
-8214
-7661
-6339
-4671
-3358
-2322
-862
992
2543
3612
4657
5998
7264
7919
8075
8094
8108
7907
7263
6490
5802
4989
3824
2348
922
-199
-1252
-2435
-3591
-4581
-5394
-6208
-7031
-7564
-7660
-7561
-7570
-7536
-7079
-6295
-5518
-4813
-3936
-2781
-1659
-669
430
1674
2866
3779
4469
5199
5836
6206
6459
6606
6589
6284
5642
4839
3993
3071
2128
1165
139
-907
-1930
-2885
-3780
-4816
-5968
-7111
-8407
-9875
-11278
-12105
-12117
-11988
-12154
-12191
-11704
-10821
-10094
-9410
-7878
-5569
-3448
-1913
-373
1854
4255
5877
6938
8292
10044
11455
12150
12711
13604
14330
14113
13146
12308
11870
11257
10002
8433
7139
5959
4260
2115
283
-898
-2059
-3816
-5676
-6800
-7324
-8055
-9069
-9594
-9326
-8934
-8876
-8579
-7452
-5890
-4665
-3785
-2584
-891
754
2009
3096
4365
5729
6790
7471
7969
8421
8667
8386
7589
6650
5906
5273
4350
3068
1757
566
-674
-2110
-3504
-4479
-5150
-5928
-6778
-7337
-7497
-7502
-7559
-7535
-7164
-6564
-5913
-5127
-4129
-2994
-1959
-1074
-175
800
1780
2696
3532
4312
4901
5217
5391
5503
5513
5335
4940
4360
3724
3037
2201
1285
358
-508
-1297
-2162
-3071
-3791
-4298
-4802
-5513
-6372
-7218
-8089
-9104
-10097
-10591
-10412
-9949
-9587
-9268
-8687
-7827
-6956
-6141
-5109
-3678
-2020
-417
1133
2772
4428
5893
7022
7884
8666
9398
10051
10683
11240
11545
11434
10877
10065
9161
8191
7167
6128
5123
4138
3128
2129
1167
248
-648
-1517
-2259
-2810
-3149
-3277
-3275
-3187
-3072
-2978
-2830
-2583
-2220
-1736
-1234
-743
-260
188
653
1109
1478
1727
1831
1841
1823
1736
1587
1385
1106
706
166
-405
-847
-1167
-1493
-1840
-2164
-2383
-2547
-2716
-2811
-2807
-2771
-2749
-2706
-2570
-2363
-2168
-2003
-1825
-1639
-1437
-1199
-919
-558
-191
111
357
584
823
1053
1283
1520
1735
1926
2024
2061
2077
2044
1952
1791
1573
1323
1036
738
450
121
-300
-757
-1171
-1486
-1713
-1941
-2195
-2413
-2586
-2752
-2932
-3103
-3163
-3079
-2985
-3001
-3174
-3407
-3570
-3663
-3699
-3662
-3560
-3394
-3246
-3146
-3040
-2871
-2639
-2441
-2275
-2051
-1725
-1286
-789
-267
266
738
1102
1421
1802
2281
2786
3261
3710
4171
4628
5061
5421
5654
5766
5734
5592
5419
5282
5216
5180
5093
4924
4684
4405
4102
3779
3513
3315
3112
2858
2585
2368
2190
1969
1645
1270
864
414
-68
-518
-882
-1204
-1563
-1987
-2414
-2776
-3109
-3444
-3743
-3956
-4058
-4096
-4038
-3839
-3562
-3294
-3075
-2866
-2562
-2166
-1724
-1289
-851
-391
21
319
507
632
814
998
1059
1095
1086
1094
1146
1101
978
748
458
292
203
97
-136
-545
-867
-1011
-1090
-1160
-1314
-1431
-1401
-1400
-1456
-1482
-1424
-1203
-912
-701
-539
-387
-225
-29
134
245
331
368
301
146
-26
-211
-584
-1245
-2019
-2662
-3101
-3472
-3866
-4188
-4391
-4590
-4863
-5129
-5231
-5141
-4974
-4752
-4370
-3775
-3040
-2250
-1411
-497
429
1251
1985
2749
3614
4527
5372
6114
6795
7425
7902
8130
8145
8059
7882
7557
7081
6592
6194
5770
5204
4491
3750
3019
2229
1382
596
-23
-494
-913
-1307
-1624
-1862
-2100
-2389
-2660
-2802
-2818
-2748
-2579
-2280
-1867
-1511
-1342
-1267
-1151
-982
-811
-710
-597
-389
-159
35
195
377
565
674
698
692
714
746
715
690
746
837
869
769
575
378
174
-97
-380
-593
-760
-886
-1037
-1223
-1361
-1506
-1647
-1739
-1853
-1953
-2060
-2165
-2132
-1974
-1675
-1288
-932
-577
-245
32
223
295
370
535
695
757
727
664
613
429
-42
-727
-1554
-2527
-3678
-4995
-6223
-7142
-7751
-8094
-8277
-8322
-8214
-8019
-7715
-7238
-6563
-5686
-4666
-3466
-2015
-350
1381
2986
4376
5595
6658
7546
8264
8883
9453
9929
10217
10302
10231
9976
9459
8667
7701
6643
5518
4338
3203
2224
1347
435
-512
-1417
-2227
-2983
-3744
-4388
-4777
-4947
-4926
-4716
-4287
-3670
-3050
-2494
-1912
-1240
-524
171
862
1593
2301
2870
3309
3700
4014
4135
3973
3636
3280
2897
2439
1931
1436
979
515
0
-519
-1022
-1525
-2046
-2533
-2901
-3139
-3263
-3301
-3269
-3199
-3121
-3033
-2904
-2695
-2393
-2019
-1619
-1215
-776
-320
100
503
873
1167
1340
1387
1416
1481
1537
1554
1552
1562
1536
1413
1176
836
400
-120
-700
-1270
-1781
-2237
-2632
-3018
-3472
-4024
-4766
-5797
-7113
-8541
-9723
-10422
-10665
-10563
-10165
-9435
-8442
-7353
-6227
-5049
-3791
-2491
-1179
262
1911
3725
5605
7446
9137
10535
11506
12032
12217
12168
11928
11496
10897
10175
9394
8566
7610
6438
5067
3518
1843
110
-1566
-3011
-4177
-5089
-5759
-6162
-6317
-6332
-6258
-6045
-5647
-5087
-4416
-3570
-2465
-1127
336
1795
3175
4419
5450
6222
6713
6927
6903
6660
6222
5644
4987
4268
3437
2440
1309
152
-965
-2021
-2986
-3791
-4376
-4746
-4948
-4992
-4882
-4656
-4370
-4058
-3729
-3388
-3041
-2666
-2216
-1693
-1132
-573
-54
422
852
1192
1382
1401
1307
1187
1090
1042
1032
1098
1209
1288
1268
1126
868
458
-102
-690
-1178
-1534
-1807
-2064
-2297
-2516
-2824
-3328
-4088
-5137
-6518
-8168
-9787
-10976
-11578
-11686
-11393
-10638
-9372
-7806
-6211
-4680
-3149
-1599
-139
1213
2629
4242
6026
7859
9620
11205
12454
13207
13440
13205
12565
11569
10284
8871
7500
6248
5068
3873
2634
1359
2
-1514
-3155
-4755
-6126
-7189
-7902
-8171
-7913
-7167
-6067
-4734
-3298
-1910
-689
376
1399
2421
3417
4398
5390
6371
7250
7918
8327
8366
7940
7085
5901
4496
2951
1369
-73
-1330
-2478
-3522
-4394
-5027
-5461
-5811
-6040
-6080
-5934
-5623
-5158
-4466
-3556
-2554
-1562
-626
245
1023
1664
2146
2461
2587
2543
2393
2184
1958
1700
1402
1069
709
398
136
-95
-323
-548
-726
-867
-974
-1027
-1027
-994
-983
-1012
-1078
-1186
-1344
-1571
-1900
-2388
-3095
-4135
-5585
-7344
-9067
-10392
-11287
-11911
-12247
-12028
-11089
-9667
-8079
-6374
-4460
-2433
-585
995
2507
4154
5894
7573
9138
10589
11885
12887
13488
13668
13364
12556
11267
9647
7907
6182
4538
2995
1595
330
-896
-2147
-3364
-4444
-5409
-6359
-7253
-7835
-7897
-7466
-6637
-5437
-3868
-2082
-325
1300
2806
4162
5295
6150
6758
7172
7454
7645
7746
7687
7375
6795
5947
4816
3418
1826
129
-1607
-3298
-4803
-5986
-6818
-7328
-7499
-7331
-6898
-6280
-5505
-4590
-3616
-2682
-1786
-881
-1
791
1499
2147
2694
3056
3212
3197
3050
2753
2323
1768
1175
587
46
-373
-672
-828
-844
-728
-535
-299
-30
241
423
448
319
82
-193
-477
-766
-1027
-1298
-1650
-2138
-2775
-3602
-4777
-6363
-8153
-9766
-11028
-12041
-12784
-12973
-12329
-10978
-9295
-7402
-5214
-2793
-525
1306
2856
4394
5982
7426
8659
9838
11064
12229
13073
13486
13511
13167
12361
11007
9249
7332
5396
3456
1552
-157
-1596
-2807
-3829
-4651
-5290
-5879
-6454
-6890
-7056
-6972
-6688
-6084
-5037
-3623
-2053
-400
1415
3318
5031
6322
7208
7792
8041
7890
7429
6868
6326
5723
4976
4126
3267
2378
1336
61
-1389
-2876
-4303
-5632
-6791
-7636
-8003
-7853
-7302
-6465
-5392
-4114
-2760
-1531
-521
285
918
1386
1699
1921
2107
2262
2422
2601
2724
2694
2480
2122
1649
1047
374
-244
-735
-1084
-1250
-1179
-870
-422
64
539
930
1166
1231
1145
914
505
-56
-648
-1188
-1723
-2305
-2892
-3474
-4248
-5462
-7029
-8557
-9815
-10943
-12071
-12877
-12882
-12059
-10773
-9177
-7023
-4294
-1463
948
2931
4799
6589
8015
8909
9563
10312
11142
11817
12258
12602
12859
12760
12050
10805
9265
7504
5434
3090
754
-1323
-3100
-4585
-5719
-6427
-6785
-6925
-6878
-6633
-6242
-5790
-5276
-4631
-3846
-2952
-1905
-578
1038
2757
4384
5862
7199
8263
8867
8961
8661
8040
7068
5781
4372
3055
1885
761
-353
-1404
-2340
-3219
-4134
-5080
-5954
-6655
-7164
-7455
-7419
-6949
-6052
-4881
-3573
-2177
-731
635
1751
2546
3055
3290
3263
3056
2756
2465
2193
1934
1711
1535
1382
1224
1038
789
466
90
-274
-579
-772
-817
-709
-478
-197
84
345
581
725
681
432
37
-484
-1204
-2112
-3075
-4067
-5290
-6846
-8455
-9739
-10717
-11641
-12436
-12664
-12105
-11052
-9798
-8182
-5942
-3297
-806
1321
3367
5540
7554
9022
10018
10935
11878
12536
12711
12651
12631
12489
11861
10736
9446
8135
6560
4549
2328
249
-1620
-3422
-5138
-6522
-7418
-7928
-8202
-8197
-7800
-7052
-6156
-5220
-4186
-3035
-1811
-565
729
2074
3431
4746
5999
7143
8058
8647
8883
8767
8271
7404
6256
4920
3456
1895
316
-1186
-2548
-3749
-4791
-5694
-6456
-7039
-7400
-7524
-7437
-7131
-6578
-5797
-4828
-3710
-2470
-1158
109
1248
2232
3047
3658
4044
4210
4192
4015
3703
3313
2886
2438
1991
1561
1160
783
431
157
-18
-127
-189
-196
-116
33
191
329
440
507
522
439
233
-63
-402
-832
-1474
-2355
-3327
-4333
-5571
-7173
-8845
-10170
-11156
-12075
-12879
-13066
-12371
-11124
-9729
-8014
-5653
-2862
-272
1901
4011
6286
8352
9748
10613
11444
12348
12925
12955
12762
12705
12568
11900
10693
9376
8117
6567
4442
2040
-160
-2108
-4073
-6026
-7554
-8423
-8869
-9141
-9089
-8473
-7421
-6310
-5270
-4141
-2842
-1527
-316
886
2211
3609
4936
6134
7239
8238
9005
9424
9460
9133
8445
7380
5971
4319
2537
686
-1198
-3032
-4682
-6053
-7135
-7953
-8489
-8697
-8577
-8215
-7675
-6980
-6094
-5104
-4053
-2931
-1778
-579
622
1765
2781
3638
4319
4806
5034
4998
4778
4450
4014
3435
2779
2171
1647
1174
749
457
330
273
219
186
230
310
321
244
93
-112
-329
-561
-827
-1157
-1475
-1724
-2056
-2606
-3308
-3980
-4739
-5910
-7429
-8830
-9854
-10761
-11772
-12471
-12324
-11419
-10234
-8846
-6816
-4059
-1168
1317
3548
5938
8307
10023
10926
11508
12166
12610
12417
11827
11413
11239
10762
9712
8529
7610
6653
5101
3019
1008
-746
-2575
-4696
-6667
-7964
-8720
-9299
-9617
-9266
-8185
-6815
-5480
-4045
-2343
-553
959
2151
3244
4335
5277
5941
6472
7077
7702
8121
8216
8116
7917
7468
6568
5208
3586
1818
-135
-2254
-4345
-6153
-7599
-8755
-9606
-10015
-9877
-9295
-8475
-7486
-6296
-4928
-3545
-2268
-1064
124
1244
2160
2866
3484
4080
4580
4877
5008
5072
5052
4878
4508
4054
3573
3016
2340
1610
966
440
-30
-454
-765
-888
-895
-898
-912
-891
-829
-836
-975
-1233
-1535
-1881
-2307
-2724
-3087
-3476
-3947
-4442
-4893
-5452
-6321
-7344
-8191
-8791
-9416
-10156
-10542
-10224
-9383
-8371
-7124
-5237
-2803
-377
1767
3860
6149
8290
9757
10571
11157
11686
11832
11370
10617
9971
9366
8446
7226
6127
5280
4390
3145
1701
404
-806
-2167
-3682
-5058
-6060
-6839
-7466
-7725
-7416
-6595
-5533
-4310
-2848
-1222
393
1862
3185
4363
5316
5989
6411
6675
6822
6836
6672
6306
5804
5226
4545
3691
2637
1464
247
-1054
-2481
-3940
-5273
-6389
-7344
-8144
-8642
-8719
-8405
-7834
-7015
-5882
-4477
-2982
-1579
-278
957
2069
2936
3512
3901
4234
4479
4575
4564
4548
4571
4515
4306
4018
3690
3278
2743
2097
1427
752
60
-604
-1203
-1697
-2103
-2424
-2604
-2663
-2622
-2533
-2438
-2288
-2113
-1993
-1984
-2057
-2114
-2216
-2504
-2962
-3422
-3777
-4273
-5133
-6112
-6859
-7341
-7901
-8643
-9078
-8868
-8281
-7667
-6859
-5394
-3358
-1334
429
2274
4448
6539
8005
8943
9768
10521
10806
10451
9857
9392
8894
8029
6927
6046
5482
4859
3899
2812
1937
1141
76
-1230
-2421
-3309
-4106
-4944
-5551
-5640
-5294
-4800
-4207
-3297
-2046
-704
506
1602
2711
3751
4511
4929
5147
5307
5325
5050
4562
4066
3647
3149
2430
1620
876
154
-706
-1730
-2725
-3575
-4379
-5214
-5970
-6445
-6621
-6633
-6511
-6139
-5429
-4471
-3428
-2331
-1123
149
1337
2329
3150
3853
4395
4687
4737
4655
4502
4234
3841
3390
2975
2571
2138
1653
1128
623
87
-503
-1129
-1732
-2256
-2714
-3098
-3359
-3432
-3310
-3085
-2803
-2463
-2053
-1590
-1211
-948
-761
-622
-537
-634
-886
-1165
-1439
-1830
-2559
-3518
-4409
-5197
-6052
-7112
-8115
-8689
-8867
-8828
-8549
-7740
-6285
-4549
-2816
-992
1127
3391
5300
6688
7793
8805
9572
9849
9773
9692
9652
9413
8872
8306
7944
7604
6984
6074
5138
4250
3190
1858
433
-881
-2101
-3353
-4539
-5385
-5806
-5910
-5827
-5476
-4727
-3676
-2519
-1378
-223
986
2087
2915
3483
3890
4186
4267
4087
3774
3461
3172
2818
2394
1998
1675
1347
908
349
-267
-923
-1683
-2565
-3456
-4214
-4802
-5253
-5535
-5494
-5075
-4389
-3545
-2570
-1426
-202
910
1804
2491
3012
3315
3320
3090
2750
2362
1902
1363
842
432
122
-156
-427
-647
-806
-956
-1149
-1367
-1555
-1721
-1902
-2100
-2229
-2230
-2137
-1983
-1777
-1509
-1205
-915
-628
-354
-135
8
82
111
30
-212
-537
-892
-1337
-2045
-3028
-4058
-4991
-5876
-6833
-7751
-8378
-8628
-8593
-8305
-7616
-6424
-4903
-3286
-1584
302
2327
4210
5756
7033
8158
9090
9681
9928
9996
9964
9750
9302
8744
8222
7703
7041
6202
5315
4459
3547
2490
1316
137
-1008
-2165
-3283
-4226
-4887
-5298
-5525
-5519
-5174
-4491
-3615
-2683
-1684
-607
444
1346
2053
2656
3171
3488
3599
3597
3614
3647
3574
3396
3193
3009
2771
2366
1820
1205
537
-238
-1120
-1989
-2748
-3406
-3979
-4419
-4623
-4549
-4283
-3897
-3406
-2791
-2119
-1493
-958
-520
-164
56
113
67
-2
-52
-130
-223
-247
-189
-51
105
262
447
608
714
711
606
455
244
-42
-384
-719
-963
-1143
-1293
-1377
-1365
-1260
-1156
-1111
-1093
-1088
-1119
-1237
-1448
-1672
-1857
-2005
-2119
-2183
-2141
-2002
-1874
-1845
-1931
-2105
-2379
-2825
-3453
-4199
-4969
-5659
-6179
-6424
-6303
-5791
-4881
-3591
-1974
-107
1873
3835
5638
7161
8339
9145
9572
9635
9370
8848
8174
7436
6717
6060
5496
5042
4667
4334
4011
3659
3241
2701
1987
1114
129
-911
-1964
-2992
-3924
-4664
-5146
-5319
-5173
-4695
-3911
-2896
-1713
-429
894
2155
3242
4106
4721
5076
5156
4966
4562
4006
3345
2623
1878
1161
507
-87
-632
-1134
-1603
-2052
-2500
-2960
-3422
-3873
-4275
-4610
-4851
-4958
-4897
-4648
-4239
-3699
-3035
-2273
-1466
-684
21
635
1133
1504
1735
1840
1849
1784
1656
1486
1299
1117
931
717
472
192
-117
-457
-836
-1238
-1645
-2040
-2395
-2691
-2894
-2997
-2993
-2894
-2716
-2462
-2159
-1813
-1441
-1076
-732
-427
-157
76
276
453
605
713
765
803
820
750
513
106
-378
-955
-1683
-2554
-3471
-4320
-5079
-5726
-6144
-6225
-5927
-5317
-4441
-3275
-1852
-272
1295
2736
4039
5169
6067
6663
6981
7133
7160
7074
6896
6695
6570
6503
6426
6312
6156
5966
5665
5160
4456
3614
2689
1692
629
-413
-1328
-2040
-2534
-2803
-2808
-2530
-2016
-1378
-674
90
862
1548
2045
2357
2531
2556
2396
2066
1660
1258
841
388
-61
-441
-751
-1078
-1456
-1844
-2199
-2556
-2972
-3413
-3793
-4061
-4246
-4353
-4319
-4090
-3688
-3183
-2619
-1985
-1303
-646
-87
333
622
788
812
690
450
155
-162
-485
-803
-1087
-1302
-1454
-1572
-1682
-1792
-1888
-1981
-2096
-2233
-2361
-2435
-2450
-2423
-2326
-2117
-1809
-1423
-994
-529
-40
430
844
1180
1439
1627
1711
1691
1601
1485
1354
1200
1050
935
872
842
805
741
646
491
241
-120
-592
-1150
-1777
-2463
-3168
-3816
-4335
-4688
-4873
-4826
-4511
-3961
-3201
-2286
-1235
-86
1070
2161
3135
3987
4719
5289
5694
5963
6146
6270
6317
6295
6237
6182
6100
5938
5689
5362
4967
4454
3814
3097
2347
1585
802
44
-611
-1141
-1534
-1804
-1933
-1892
-1720
-1450
-1126
-748
-323
85
429
696
918
1090
1169
1149
1064
935
759
523
262
8
-259
-561
-893
-1214
-1530
-1854
-2193
-2523
-2824
-3092
-3336
-3540
-3682
-3755
-3754
-3688
-3539
-3300
-2975
-2597
-2197
-1789
-1393
-1043
-762
-566
-445
-404
-461
-589
-758
-939
-1102
-1237
-1330
-1378
-1374
-1318
-1224
-1127
-1046
-971
-905
-846
-809
-783
-741
-677
-589
-477
-322
-120
104
332
550
772
980
1150
1281
1362
1400
1393
1337
1261
1151
1002
817
609
403
188
-39
-269
-478
-653
-805
-924
-1004
-1028
-1008
-951
-856
-719
-547
-344
-119
115
353
609
873
1134
1391
1648
1923
2195
2460
2709
2937
3149
3329
3454
3509
3501
3436
3305
3094
2816
2500
2168
1831
1492
1177
911
697
527
406
342
335
367
410
472
557
638
698
745
777
793
782
744
682
601
496
360
202
30
-152
-355
-578
-821
-1074
-1328
-1585
-1842
-2081
-2292
-2479
-2630
-2731
-2784
-2785
-2724
-2610
-2439
-2225
-1972
-1695
-1410
-1137
-894
-685
-513
-382
-306
-298
-344
-428
-545
-685
-833
-972
-1117
-1265
-1406
-1530
-1640
-1759
-1899
-2043
-2179
-2290
-2389
-2462
-2478
-2420
-2288
-2093
-1820
-1461
-1039
-592
-133
325
765
1161
1485
1732
1918
2035
2073
2050
1996
1926
1826
1692
1543
1403
1270
1128
978
837
716
600
476
359
265
197
145
104
90
106
144
194
256
348
471
601
733
875
1029
1187
1325
1431
1520
1598
1651
1660
1631
1571
1486
1381
1246
1098
947
807
684
567
469
412
387
386
410
470
565
672
780
887
994
1084
1134
1143
1115
1051
939
781
604
414
221
34
-144
-298
-431
-536
-606
-651
-681
-702
-719
-740
-755
-771
-796
-832
-878
-921
-967
-1011
-1048
-1084
-1116
-1131
-1130
-1119
-1100
-1073
-1043
-1010
-984
-966
-961
-976
-1012
-1074
-1154
-1241
-1337
-1445
-1554
-1653
-1735
-1794
-1824
-1811
-1765
-1701
-1614
-1502
-1367
-1224
-1088
-956
-824
-696
-586
-477
-354
-225
-91
53
210
382
558
724
875
1015
1136
1209
1238
1230
1189
1110
987
830
653
480
320
166
34
-52
-88
-77
-22
83
233
416
609
800
988
1162
1303
1403
1469
1516
1546
1566
1581
1589
1598
1608
1605
1581
1542
1489
1401
1270
1104
921
728
526
320
133
-24
-146
-238
-300
-323
-319
-305
-284
-251
-211
-177
-152
-142
-139
-140
-144
-146
-148
-145
-141
-130
-115
-96
-67
-31
4
21
21
14
-3
-41
-105
-191
-283
-382
-492
-600
-696
-761
-799
-810
-792
-743
-665
-565
-457
-345
-230
-133
-61
-9
21
28
4
-44
-105
-178
-259
-345
-427
-498
-561
-623
-672
-707
-726
-736
-742
-747
-755
-762
-773
-790
-818
-842
-852
-851
-842
-813
-749
-657
-550
-430
-289
-134
15
136
225
288
314
296
243
177
106
28
-41
-80
-83
-49
11
100
222
349
464
568
658
733
774
777
762
734
706
668
632
609
595
582
572
574
584
592
585
565
550
531
499
456
404
361
329
305
287
289
310
340
375
410
446
477
495
493
462
411
350
283
198
110
33
-25
-72
-102
-113
-103
-82
-64
-51
-46
-49
-67
-112
-185
-273
-368
-469
-575
-670
-737
-785
-812
-809
-775
-712
-632
-544
-454
-371
-300
-249
-219
-204
-211
-227
-252
-262
-247
-209
-148
-66
39
162
298
432
557
661
739
782
785
753
685
582
457
306
146
-15
-162
-292
-402
-484
-542
-563
-553
-525
-474
-406
-330
-251
-177
-105
-36
22
66
100
129
154
167
168
162
150
130
98
63
23
-31
-93
-161
-223
-281
-343
-392
-426
-446
-459
-458
-436
-406
-375
-341
-304
-266
-234
-209
-197
-183
-168
-153
-141
-112
-72
-17
50
130
219
308
387
458
512
552
580
581
568
537
498
448
392
344
307
281
255
238
228
220
213
205
198
188
173
155
128
102
76
44
4
-39
-76
-110
-146
-179
-207
-234
-256
-272
-280
-281
-272
-254
-230
-201
-175
-150
-125
-106
-96
-92
-88
-90
-91
-97
-103
-111
-113
-115
-118
-118
-108
-96
-89
-86
-80
-66
-58
-49
-32
-5
24
56
96
141
199
263
325
387
447
506
554
593
624
642
647
634
613
586
552
513
473
438
408
375
343
313
279
239
189
128
65
-6
-85
-172
-262
-353
-443
-526
-601
-655
-689
-700
-691
-656
-604
-539
-470
-399
-334
-279
-233
-203
-187
-193
-218
-249
-284
-316
-349
-371
-383
-382
-369
-346
-310
-265
-217
-168
-132
-100
-67
-51
-47
-53
-67
-79
-95
-108
-113
-112
-103
-86
-58
-23
15
56
102
148
183
215
249
276
297
305
311
314
308
290
259
219
175
119
54
-11
-71
-123
-172
-209
-226
-223
-203
-166
-115
-51
15
75
128
169
200
216
218
206
186
163
134
112
90
76
66
60
64
67
75
86
99
115
139
170
207
249
294
344
393
432
460
476
481
458
412
353
281
194
94
-6
-98
-178
-248
-307
-343
-356
-351
-332
-292
-231
-157
-77
10
100
188
271
348
416
476
520
549
565
565
551
528
495
454
410
359
303
244
186
126
61
-4
-78
-161
-252
-344
-439
-533
-627
-715
-789
-850
-893
-920
-925
-911
-880
-830
-760
-681
-598
-512
-420
-333
-252
-186
-129
-80
-45
-18
-9
-9
-18
-36
-64
-99
-139
-181
-220
-255
-284
-311
-323
-324
-314
-290
-250
-201
-146
-84
-23
40
102
159
206
244
272
293
309
319
328
333
334
336
334
332
333
330
325
319
316
313
305
296
285
270
251
227
206
189
166
137
105
76
48
22
2
-15
-26
-32
-27
-17
-5
10
31
50
68
89
115
149
183
210
240
271
303
332
354
373
387
395
394
386
373
357
330
299
265
229
191
147
102
53
9
-34
-76
-112
-143
-168
-190
-206
-213
-210
-201
-184
-167
-144
-122
-100
-82
-63
-49
-41
-39
-36
-35
-32
-26
-19
-16
-16
-18
-25
-35
-53
-73
-100
-137
-178
-219
-260
-305
-349
-386
-416
-442
-466
-484
-493
-495
-501
-504
-503
-502
-495
-486
-477
-468
-459
-443
-426
-404
-378
-345
-312
-277
-245
-210
-174
-145
-116
-85
-51
-15
26
72
120
169
216
265
312
354
391
424
448
463
467
465
451
430
405
373
340
309
283
262
251
243
237
235
235
233
232
232
229
225
227
234
239
247
261
283
308
339
369
397
425
445
455
457
445
417
375
321
258
177
87
-11
-114
-221
-332
-435
-531
-617
-688
-752
-797
-820
-821
-803
-759
-695
-613
-511
-393
-268
-136
-4
128
253
369
472
557
633
693
733
758
761
743
709
656
586
498
404
296
180
59
-63
-181
-294
-399
-494
-576
-643
-690
-720
-735
-729
-706
-668
-618
-561
-494
-422
-350
-279
-202
-127
-59
3
65
120
165
204
234
255
268
271
266
252
231
199
165
126
81
32
-16
-57
-99
-139
-170
-199
-222
-237
-251
-256
-254
-245
-228
-204
-170
-132
-86
-36
14
59
102
137
167
191
208
221
232
238
243
245
248
250
256
267
276
292
310
330
351
366
376
376
365
346
317
281
237
194
145
96
48
-2
-52
-96
-145
-193
-239
-283
-327
-369
-401
-430
-460
-477
-485
-480
-465
-440
-404
-357
-298
-230
-155
-77
0
77
151
225
287
338
382
419
441
450
449
431
399
358
303
240
170
95
19
-60
-138
-218
-289
-350
-403
-448
-485
-505
-514
-508
-488
-453
-404
-346
-279
-201
-125
-42
45
126
204
277
340
399
450
489
517
535
541
529
505
471
428
375
314
245
174
105
35
-35
-97
-158
-215
-259
-303
-337
-363
-380
-386
-387
-377
-360
-338
-307
-266
-219
-170
-117
-66
-12
40
86
127
167
201
232
260
283
301
312
318
316
309
296
277
252
220
185
148
108
70
27
-8
-36
-66
-87
-104
-118
-127
-136
-145
-151
-158
-168
-182
-194
-204
-209
-218
-228
-231
-229
-222
-210
-201
-185
-165
-144
-127
-107
-90
-72
-58
-47
-39
-33
-28
-22
-16
-8
0
7
14
19
24
26
27
18
9
-1
-13
-26
-37
-47
-51
-54
-56
-55
-52
-44
-32
-18
-1
19
42
65
85
103
122
141
160
174
190
204
215
224
231
234
234
236
234
225
217
212
204
195
179
162
143
116
90
61
30
4
-20
-38
-55
-66
-70
-71
-64
-59
-47
-29
-14
4
20
33
44
46
44
37
25
9
-10
-33
-53
-78
-98
-119
-141
-163
-176
-183
-192
-192
-191
-184
-177
-164
-152
-136
-119
-102
-80
-66
-51
-35
-16
5
24
