1
1
-3
2
-1
-1
0
-1
0
-1
1
0
1
0
-2
1
-1
2
-1
1
0
-1
1
-1
0
0
-1
0
0
-2
2
0
-2
3
-2
2
-1
-2
2
-2
0
1
1
1
-2
1
1
1
-1
-1
4
-1
-1
0
-1
4
-3
1
1
0
0
-3
4
-2
1
1
-1
3
-2
1
0
1
-1
0
0
-2
3
-2
2
-1
-1
0
0
0
-1
-1
1
-1
0
4
-4
3
1
-4
1
0
-2
2
-1
0
1
-3
3
0
-1
0
0
3
-3
-2
3
-2
0
2
-4
3
0
-3
5
-2
-1
4
-3
2
-2
0
-2
0
0
-2
1
0
0
2
2
-1
2
2
0
3
-3
0
2
-2
-2
0
-2
2
0
-1
1
0
0
-1
3
-4
0
1
0
2
-2
-1
2
1
-1
0
0
0
3
-4
1
-1
-1
3
-4
2
-1
1
0
-2
2
-4
1
0
0
0
-1
0
3
-1
0
-1
-2
3
-2
2
-2
1
1
-1
1
0
-2
-1
2
-3
3
-4
3
2
-1
-2
2
2
-1
2
-5
5
-1
-2
2
2
0
-3
3
-1
1
-3
1
1
0
-3
-1
4
-4
4
-5
1
1
-3
3
-2
0
1
-1
2
-1
1
2
-4
7
0
-5
7
-2
2
2
-5
4
1
-2
1
-1
-1
-2
3
-3
0
-1
-2
7
-4
-2
2
-3
4
-1
-2
1
1
0
-3
2
-3
0
0
2
-2
-1
-3
1
7
-9
1
2
3
-1
-6
8
-2
-3
3
1
1
-5
4
2
-2
-2
-3
8
-5
-1
-2
1
2
-3
-2
0
1
-3
4
-5
3
3
-5
0
5
-6
-2
2
1
5
-9
4
7
-2
1
-5
6
-1
-1
0
-3
4
-4
1
-1
-3
0
-2
4
-2
2
0
-2
10
-3
-2
-1
6
-3
3
-4
2
9
-11
5
0
-3
2
0
1
1
-1
-6
10
-5
-2
2
-6
8
-4
-3
-1
2
1
2
0
-4
3
1
6
-2
-3
3
2
0
-1
-1
-4
6
-2
-3
0
0
-1
-2
1
-1
0
0
2
-2
-5
2
2
-2
5
-3
-1
5
-1
-1
2
-3
1
7
-5
1
2
-7
7
2
-7
4
0
-2
2
-3
-6
6
-4
2
-1
0
0
-2
5
-2
-1
-3
6
-2
3
-4
-1
4
-1
2
-6
1
1
3
-4
-2
1
4
0
-6
4
-2
1
-5
4
-2
-1
-2
1
9
-16
6
-3
4
-4
-7
7
-3
2
-4
1
-2
4
0
2
5
-4
8
2
3
3
-2
9
1
7
2
0
13
5
-3
8
6
-5
9
-2
-1
5
-6
1
2
-6
-3
1
-7
1
-5
-8
-7
0
-4
-12
-3
-8
-5
-4
-14
-6
-7
-5
-10
-12
-10
-9
-4
-12
-11
-4
-5
-12
-2
-7
-6
-5
-6
6
-8
-2
0
4
10
-2
4
8
11
10
6
9
14
16
15
8
22
12
13
22
11
20
11
17
24
17
13
13
23
18
11
13
17
11
15
9
9
6
2
10
2
2
-7
1
-2
-8
-5
-16
-10
-8
-13
-20
-19
-15
-16
-20
-26
-25
-18
-22
-27
-19
-24
-25
-17
-21
-19
-21
-20
-11
-12
-14
-11
-15
-6
-2
-7
-7
-3
6
3
6
0
9
16
6
17
10
14
21
16
21
18
14
18
24
20
16
15
19
20
18
5
11
12
8
10
-7
1
3
-7
-12
-8
-17
-15
-12
-23
-20
-24
-27
-24
-25
-31
-34
-26
-28
-27
-32
-36
-26
-23
-31
-24
-23
-26
-15
-14
-18
-14
-9
-5
3
1
3
13
16
23
26
21
32
41
42
42
42
51
55
57
57
58
61
63
65
60
59
58
59
64
55
50
51
51
49
42
36
33
36
29
20
18
7
8
4
-5
-10
-20
-21
-26
-33
-43
-49
-50
-51
-59
-71
-71
-69
-76
-78
-85
-83
-84
-85
-80
-84
-85
-83
-77
-73
-77
-77
-69
-60
-57
-59
-55
-46
-35
-33
-31
-24
-16
-9
-4
1
6
13
20
29
35
36
40
48
59
58
55
60
72
74
68
67
72
76
76
68
66
68
66
63
58
51
46
45
43
37
30
22
21
20
13
2
-3
-5
-7
-13
-22
-25
-27
-29
-33
-41
-41
-41
-42
-44
-46
-42
-45
-40
-35
-39
-39
-32
-23
-17
-16
-13
-2
7
14
17
21
31
42
47
52
58
63
71
78
80
82
86
90
96
96
91
92
93
95
89
83
81
82
77
65
57
49
44
38
30
19
5
-2
-5
-21
-41
-52
-66
-70
-77
-102
-126
-125
-129
-144
-165
-188
-187
-180
-192
-212
-231
-230
-218
-222
-244
-256
-231
-220
-228
-223
-226
-209
-207
-212
-207
-216
-212
-198
-176
-175
-186
-182
-153
-134
-140
-144
-123
-68
-35
-25
-13
18
61
95
122
148
188
251
309
352
376
411
472
525
571
591
621
668
715
744
724
716
736
764
772
735
707
721
733
713
685
638
634
633
613
591
548
519
491
457
394
306
224
170
130
41
-84
-177
-238
-313
-437
-605
-724
-809
-887
-1013
-1165
-1310
-1428
-1503
-1625
-1772
-1940
-2046
-2074
-2123
-2255
-2428
-2531
-2503
-2453
-2488
-2507
-2347
-2007
-1752
-1649
-1480
-1060
-538
-219
10
423
1036
1561
1851
2080
2439
2831
3033
3129
3221
3350
3419
3339
3149
2931
2707
2459
2131
1766
1419
1083
760
419
68
-251
-518
-758
-945
-1025
-1054
-1073
-1051
-986
-773
-596
-506
-341
-53
303
514
556
700
999
1169
1055
909
943
1038
933
610
384
282
88
-260
-627
-872
-1050
-1306
-1529
-1623
-1737
-1873
-1881
-1789
-1668
-1631
-1547
-1230
-855
-679
-564
-361
5
310
406
515
740
1007
1139
1154
1129
1114
1124
1112
1055
945
811
763
766
707
458
233
238
354
332
89
45
207
258
126
-124
-192
-117
-170
-360
-564
-797
-1034
-1338
-1649
-2009
-2526
-2991
-3199
-3251
-3633
-4366
-4872
-4764
-4515
-4740
-4977
-4454
-3435
-2811
-2650
-2091
-870
265
881
1478
2639
3945
4747
5221
5784
6333
6461
6212
6147
6297
6075
5401
4648
4162
3612
2616
1473
536
-108
-762
-1558
-2235
-2619
-2847
-3118
-3516
-3745
-3489
-2916
-2361
-2003
-1531
-717
182
865
1320
1810
2505
3174
3531
3649
3770
3952
3861
3334
2726
2299
1844
1189
412
-294
-955
-1791
-2576
-3120
-3572
-4011
-4355
-4393
-4152
-3948
-3847
-3563
-3022
-2423
-1959
-1532
-813
50
706
1060
1342
1790
2196
2366
2379
2386
2445
2440
2294
2079
1783
1466
1226
995
766
488
211
67
0
-99
-255
-335
-244
-113
-138
-258
-287
-224
-251
-510
-894
-1226
-1553
-1891
-2234
-2789
-3469
-4038
-4240
-4314
-4920
-5844
-6290
-5971
-5634
-5821
-5833
-4953
-3657
-2932
-2648
-1813
-253
1094
1770
2489
3799
5248
6040
6294
6699
7146
7146
6773
6492
6420
6019
5063
4078
3392
2691
1595
354
-557
-1103
-1638
-2304
-2808
-2940
-2832
-2792
-2901
-2790
-2228
-1344
-503
113
770
1648
2623
3359
3688
3938
4395
4832
4916
4714
4586
4528
4078
3188
2222
1394
560
-390
-1326
-2170
-2982
-3832
-4523
-4972
-5366
-5878
-6266
-6036
-5248
-4537
-4066
-3374
-2241
-1142
-524
-1
893
1952
2611
2895
3278
3775
3936
3588
3024
2463
1927
1397
927
530
-53
-752
-1238
-1443
-1544
-1774
-1965
-1741
-1306
-935
-693
-372
145
529
687
812
1180
1639
1781
1467
921
340
-342
-1096
-1790
-2391
-3061
-3917
-4664
-4920
-5124
-5952
-7270
-8109
-7872
-7277
-7046
-6623
-5216
-3474
-2535
-2259
-1306
699
2454
3236
3974
5677
7729
8820
8798
8569
8586
8358
7517
6607
6132
5792
4907
3333
1764
603
-403
-1709
-3107
-4002
-4247
-4192
-4204
-4093
-3739
-3342
-3002
-2445
-1321
215
1584
2578
3529
4600
5609
6144
6246
6340
6520
6540
6095
5374
4765
4127
2989
1340
-230
-1238
-1948
-2975
-4326
-5290
-5681
-6013
-6586
-7100
-6948
-6354
-5896
-5431
-4584
-3452
-2544
-1865
-910
338
1396
2134
2914
3777
4221
4050
3754
3723
3567
2873
1920
1202
814
290
-661
-1599
-2108
-2318
-2482
-2637
-2485
-1978
-1346
-703
-76
513
1131
1865
2544
2853
2820
2718
2796
2914
2723
2279
1747
1169
432
-586
-1783
-2862
-3588
-4118
-4778
-5663
-6376
-6462
-6271
-6650
-7877
-9024
-8959
-7835
-6739
-6030
-4884
-2931
-1140
-346
185
1634
3667
4963
5490
6539
8378
9709
9555
8631
7971
7290
5989
4543
3837
3675
2955
1218
-589
-1523
-2144
-3333
-4834
-5511
-4932
-4042
-3595
-3107
-2027
-757
-51
251
1141
2977
4904
5983
6351
6744
7391
7644
7055
6169
5583
5155
4397
3312
2309
1440
280
-1389
-3106
-4324
-4994
-5422
-5798
-6021
-6001
-5874
-5785
-5567
-4972
-4150
-3439
-2695
-1544
-133
885
1207
1469
2111
2719
2809
2591
2734
3080
2947
2099
1000
182
-581
-1627
-2762
-3471
-3539
-3386
-3483
-3646
-3520
-3114
-2602
-1958
-1014
115
1124
1989
2919
3771
4234
4359
4404
4396
4089
3449
2827
2425
2014
1328
414
-414
-1144
-2018
-3195
-4417
-5293
-5725
-5963
-6368
-6868
-6920
-6181
-5499
-5971
-7320
-7864
-6651
-4894
-3887
-3049
-1132
1193
2240
2066
2379
3924
5244
5373
5462
6734
8379
8652
7434
6159
5351
4156
2344
1105
1254
1674
771
-1163
-2298
-2182
-2326
-3467
-4333
-3564
-1852
-789
-356
563
2067
2982
2703
2359
3308
5127
6300
6285
5870
5743
5550
4688
3384
2296
1589
926
118
-611
-1093
-1718
-2805
-4129
-5002
-5108
-4876
-4492
-3917
-3137
-2500
-2348
-2273
-1654
-636
133
381
527
1125
1724
1662
1176
792
623
397
-5
-178
-1
27
-352
-1107
-1925
-2410
-2597
-2610
-2602
-2611
-2457
-2093
-1701
-1392
-1109
-719
5
967
1950
2851
3592
4181
4505
4453
4170
3849
3636
3361
2683
1672
698
37
-478
-1353
-2518
-3314
-3423
-3319
-3663
-4376
-4919
-5106
-5206
-5504
-5898
-5877
-5090
-3999
-3850
-5173
-6531
-6262
-4861
-4057
-4030
-3071
-693
1211
1310
868
1641
3143
3682
3400
4105
6176
7765
7407
6045
5295
4974
3952
2462
1971
2758
3127
1976
540
252
415
-572
-2338
-2796
-1436
17
300
314
1237
2340
2230
1302
1287
2626
4021
4433
4333
4575
4921
4614
3559
2387
1657
1330
1012
487
-21
-387
-883
-1789
-2805
-3398
-3318
-2897
-2568
-2278
-1895
-1388
-1138
-1166
-1057
-784
-644
-546
-134
330
156
-753
-1463
-1431
-1155
-1160
-1303
-1146
-737
-579
-898
-1320
-1504
-1529
-1726
-1966
-1826
-1341
-877
-735
-751
-631
-337
247
1089
1861
2416
2797
3229
3680
3787
3500
3046
2640
2195
1540
742
43
-580
-1294
-2038
-2637
-2904
-2973
-3034
-3122
-3321
-3741
-4339
-4795
-4943
-5018
-5135
-4691
-3592
-3042
-4227
-6323
-7030
-5881
-4684
-4486
-3899
-1683
751
1364
719
1033
2573
3575
3499
3991
6065
8206
8405
6957
5639
4978
4082
2740
2115
2743
3323
2527
947
77
-16
-625
-2059
-2918
-2155
-559
405
597
982
1753
1994
1406
1070
1987
3672
4734
4824
4750
4968
4986
4185
2816
1768
1442
1385
1063
467
-49
-544
-1509
-2939
-3967
-3968
-3375
-2993
-2862
-2434
-1699
-1351
-1669
-2001
-1780
-1310
-1157
-1208
-952
-450
-339
-783
-1135
-949
-607
-598
-723
-469
40
111
-392
-905
-1046
-1048
-1236
-1443
-1340
-910
-541
-455
-389
-17
680
1320
1748
2203
2831
3448
3677
3438
2982
2487
1920
1195
418
-185
-594
-981
-1413
-1864
-2306
-2697
-3064
-3408
-3801
-4176
-4263
-4143
-4190
-4583
-4792
-4148
-3210
-3463
-5319
-7114
-7053
-5689
-4897
-4776
-3672
-1280
465
372
-8
1151
3022
3658
3349
4280
6874
8751
8175
6391
5452
5148
3973
2213
1735
2841
3422
2034
18
-631
-283
-899
-2623
-3357
-2005
-95
583
531
1194
2338
2492
1641
1524
3026
4908
5586
5259
5182
5563
5407
4216
2841
2175
2039
1653
915
413
202
-437
-1953
-3640
-4425
-4165
-3667
-3408
-2996
-2187
-1515
-1604
-2150
-2281
-1827
-1453
-1474
-1303
-520
339
450
-113
-548
-577
-618
-872
-895
-448
-34
-236
-866
-1325
-1571
-2001
-2579
-2701
-2169
-1496
-1155
-922
-363
384
896
1171
1669
2566
3325
3538
3488
3561
3489
2790
1681
855
445
-106
-947
-1678
-2053
-2262
-2557
-2905
-3191
-3481
-3843
-4174
-4325
-4179
-3913
-3951
-4138
-3776
-2989
-3128
-5029
-7221
-7448
-5933
-4871
-4744
-3701
-1059
1031
793
-136
779
2956
3973
3672
4343
6824
8870
8454
6614
5431
4912
3706
1966
1504
2813
3825
2726
530
-528
-314
-702
-2261
-3122
-1897
106
905
785
1337
2524
2763
1763
1321
2667
4683
5620
5465
5338
5481
5088
3846
2563
1990
1806
1339
632
236
161
-360
-1805
-3527
-4459
-4350
-3847
-3506
-3109
-2370
-1680
-1600
-2057
-2379
-2157
-1748
-1570
-1348
-538
639
1212
845
270
49
-110
-453
-537
-48
390
85
-753
-1442
-1811
-2267
-2874
-3121
-2710
-1973
-1388
-983
-458
190
700
1020
1434
2168
2996
3570
3812
3729
3262
2424
1477
655
-134
-975
-1700
-2062
-2046
-1945
-2043
-2399
-2941
-3600
-4276
-4697
-4693
-4550
-4614
-4600
-3924
-2937
-3115
-5171
-7554
-8095
-6779
-5521
-5019
-3779
-1094
1187
1298
410
967
2971
4226
4079
4535
6915
9379
9365
7276
5627
5171
4238
2148
854
1874
3447
2838
399
-1111
-816
-798
-2450
-4004
-3182
-760
707
716
1095
2552
3318
2298
1323
2492
4980
6354
6061
5735
6184
6174
4702
2728
1778
1770
1414
402
-257
-114
-175
-1480
-3537
-4898
-4966
-4434
-4012
-3564
-2643
-1637
-1383
-1890
-2111
-1526
-1056
-1415
-1812
-1091
346
1124
880
531
599
494
-174
-656
-299
265
-25
-1036
-1650
-1555
-1668
-2480
-3187
-2959
-2219
-1847
-1650
-796
553
1333
1247
1313
2295
3472
3781
3402
3250
3380
2948
1736
567
-17
-486
-1318
-2093
-2234
-2015
-2166
-2872
-3707
-4347
-4855
-5313
-5587
-5561
-5349
-4965
-4191
-3232
-3172
-4855
-7269
-8243
-7113
-5450
-4488
-3346
-994
1431
2090
1360
1359
2746
3997
4157
4552
6561
9098
9818
8281
6288
5104
4009
2246
935
1499
3058
3236
1505
-155
-381
-435
-1883
-3702
-3584
-1413
568
1158
1620
2980
3951
3090
1573
1763
3792
5541
5796
5537
5811
5992
4983
3115
1725
1270
908
47
-695
-596
-204
-781
-2575
-4433
-5216
-4983
-4455
-3841
-2894
-1878
-1597
-2186
-2743
-2593
-2197
-2132
-1967
-970
579
1690
1979
1853
1605
1103
409
67
431
1037
1031
189
-853
-1514
-1966
-2599
-3174
-3127
-2495
-1872
-1494
-941
-12
875
1194
1161
1533
2474
3361
3648
3472
3121
2509
1527
475
-249
-622
-912
-1301
-1779
-2220
-2612
-3206
-4210
-5283
-5755
-5503
-5160
-5211
-5270
-4696
-3715
-3563
-5029
-7199
-8208
-7451
-6219
-5528
-4554
-2220
414
1357
700
621
2141
3745
4045
4071
5652
8308
9682
8775
7130
6277
5585
3861
1829
1406
2655
3408
2256
444
-158
86
-642
-2567
-3652
-2591
-690
191
431
1626
3529
4137
2838
1685
2509
4467
5489
5310
5388
6185
6359
4923
2964
2030
1896
1185
-209
-942
-429
83
-821
-2786
-4357
-4846
-4854
-4879
-4530
-3480
-2424
-2313
-2859
-2899
-2161
-1738
-2251
-2763
-2114
-646
419
820
1221
1775
1754
975
377
720
1415
1347
432
-430
-675
-740
-1206
-1914
-2288
-2219
-2114
-2091
-1692
-674
389
772
655
915
1840
2736
2986
2797
2626
2379
1743
873
245
-84
-524
-1202
-1666
-1615
-1539
-2147
-3390
-4568
-5303
-5759
-6008
-5835
-5161
-4245
-3515
-3608
-4974
-7065
-8398
-8147
-7134
-6274
-5047
-2604
224
1640
1378
1117
2047
3345
3798
3959
5402
8070
9917
9507
7871
6772
6115
4559
2253
1142
2072
3283
2804
1236
563
877
226
-2055
-3881
-3343
-1410
-259
77
1251
3339
4330
3266
1834
1926
3212
4069
4213
4714
5855
6445
5574
3934
2755
2167
1326
119
-614
-414
-44
-541
-1890
-3253
-4097
-4606
-4972
-5002
-4508
-3836
-3515
-3695
-4054
-4189
-4057
-3813
-3393
-2494
-962
763
2058
2681
2927
3010
2816
2457
2237
2303
2321
1936
1131
160
-717
-1456
-2227
-2947
-3346
-3242
-2750
-2116
-1397
-673
-158
23
93
389
987
1596
1909
1896
1741
1580
1292
794
235
-224
-602
-986
-1366
-1714
-2168
-2888
-3798
-4636
-5193
-5426
-5332
-4831
-4082
-3836
-4931
-7028
-8564
-8531
-7642
-6935
-6011
-3928
-1201
574
995
1304
2405
3647
4129
4358
5627
7997
9891
10024
8977
8079
7344
5828
3670
2356
2520
2893
2145
846
326
495
-158
-2152
-3927
-4077
-3166
-2584
-2245
-959
1258
2755
2598
1901
2129
3147
3827
3961
4437
5643
6724
6721
5808
4870
4182
3265
1884
649
224
364
199
-698
-1941
-3014
-3842
-4586
-5191
-5510
-5585
-5556
-5447
-5208
-4859
-4446
-3981
-3457
-2797
-1816
-453
1018
2228
3078
3632
3854
3722
3435
3194
2884
2277
1407
532
-164
-738
-1358
-2085
-2766
-3199
-3314
-3139
-2661
-1906
-1120
-606
-358
-78
420
976
1266
1252
1199
1332
1444
1297
1012
752
548
221
-303
-944
-1632
-2401
-3248
-4036
-4620
-5025
-5311
-5288
-4774
-4242
-4733
-6547
-8481
-9114
-8569
-7969
-7422
-5861
-3100
-646
268
432
1388
3094
4143
4154
4573
6544
9047
10203
9787
9172
8967
8128
5990
3785
3093
3551
3416
2172
1149
1255
1374
45
-2243
-3699
-3746
-3504
-3634
-3202
-1386
829
1794
1446
1234
1935
2759
2907
2943
3839
5341
6289
6270
5966
5835
5375
4092
2505
1554
1364
1185
515
-318
-949
-1664
-2801
-4091
-5018
-5569
-6132
-6734
-6967
-6552
-5666
-4697
-3865
-3161
-2467
-1671
-701
458
1676
2714
3428
3868
4119
4143
3883
3370
2654
1735
753
12
-367
-641
-1156
-1921
-2624
-3016
-3093
-2935
-2613
-2217
-1847
-1512
-1129
-636
-136
200
308
292
307
420
626
840
916
745
343
-217
-910
-1680
-2402
-3012
-3626
-4271
-4649
-4425
-3827
-3722
-4805
-6730
-8374
-9040
-9016
-8744
-7919
-6067
-3670
-1878
-1035
-270
1128
2605
3272
3453
4397
6549
8805
9947
10113
10171
10118
9100
7064
5269
4680
4661
3990
2707
1942
2074
2024
745
-1295
-2839
-3519
-3998
-4508
-4243
-2647
-590
533
542
525
1166
1901
2037
1968
2590
3926
5118
5674
5972
6346
6368
5488
3974
2724
2176
1929
1415
622
-103
-676
-1391
-2456
-3711
-4896
-5941
-6853
-7434
-7354
-6587
-5552
-4719
-4156
-3595
-2870
-2060
-1228
-266
873
1981
2806
3333
3714
3932
3752
3092
2193
1441
989
755
536
178
-337
-982
-1613
-2096
-2385
-2495
-2402
-2119
-1779
-1516
-1273
-926
-557
-400
-492
-590
-463
-123
267
554
619
382
-116
-741
-1386
-1974
-2433
-2756
-3016
-3204
-3146
-2937
-3215
-4526
-6440
-7857
-8317
-8363
-8340
-7650
-5838
-3704
-2457
-2027
-1229
350
1746
2204
2458
3717
5871
7650
8398
8739
9288
9531
8667
7045
5903
5730
5682
4914
3818
3316
3366
2964
1599
-77
-1251
-2019
-2888
-3668
-3581
-2449
-1155
-568
-574
-411
128
504
441
418
1022
2110
3060
3652
4225
4905
5227
4768
3822
3067
2723
2473
2058
1616
1282
871
125
-894
-1904
-2826
-3766
-4710
-5386
-5567
-5320
-4892
-4475
-4118
-3778
-3366
-2844
-2258
-1641
-910
-23
842
1460
1851
2233
2598
2648
2260
1763
1558
1591
1498
1133
693
336
-69
-641
-1210
-1518
-1575
-1654
-1876
-2035
-1929
-1655
-1506
-1592
-1737
-1737
-1581
-1353
-1080
-765
-526
-564
-942
-1489
-1956
-2219
-2377
-2586
-2790
-2728
-2379
-2279
-3034
-4546
-6042
-6961
-7451
-7757
-7578
-6459
-4705
-3249
-2555
-2107
-1239
-84
731
1151
1884
3433
5318
6682
7408
8060
8822
9078
8368
7244
6645
6652
6485
5730
4952
4755
4752
4070
2622
1186
229
-661
-1859
-2830
-2832
-2077
-1463
-1393
-1419
-1079
-653
-599
-754
-577
107
940
1591
2190
2953
3676
3975
3750
3284
2916
2671
2388
2054
1783
1597
1344
841
98
-760
-1704
-2695
-3555
-4152
-4424
-4418
-4199
-3942
-3767
-3600
-3385
-3077
-2711
-2250
-1652
-966
-301
289
823
1276
1532
1550
1419
1287
1222
1182
1099
946
731
466
159
-173
-502
-792
-1006
-1147
-1288
-1460
-1558
-1488
-1348
-1332
-1400
-1302
-983
-684
-579
-554
-484
-540
-943
-1573
-2047
-2215
-2300
-2476
-2523
-2216
-1877
-2200
-3483
-5170
-6441
-7087
-7466
-7676
-7247
-5914
-4288
-3229
-2763
-2185
-1192
-263
209
678
1892
3823
5622
6706
7397
8173
8757
8527
7607
6897
6834
6859
6344
5566
5218
5237
4853
3690
2285
1228
345
-830
-2063
-2573
-2133
-1430
-1160
-1238
-1143
-783
-574
-719
-875
-584
149
939
1572
2223
3008
3657
3787
3370
2786
2392
2216
2064
1825
1575
1385
1127
586
-261
-1228
-2138
-2951
-3655
-4114
-4151
-3818
-3375
-3027
-2817
-2691
-2598
-2477
-2223
-1786
-1249
-733
-218
370
952
1301
1348
1265
1196
1107
948
782
700
657
491
121
-322
-681
-903
-1054
-1242
-1488
-1685
-1707
-1531
-1295
-1173
-1168
-1168
-1062
-861
-699
-643
-597
-571
-769
-1280
-1908
-2368
-2611
-2810
-3002
-2970
-2657
-2512
-3151
-4626
-6221
-7215
-7600
-7748
-7574
-6624
-5001
-3558
-2828
-2334
-1402
-180
687
1146
1943
3611
5677
7227
8022
8558
9064
9070
8276
7280
6872
6939
6726
5995
5316
5040
4668
3558
1883
389
-669
-1698
-2842
-3515
-3210
-2367
-1858
-1888
-1886
-1467
-947
-718
-584
-37
1004
2088
2885
3557
4324
4961
5030
4502
3871
3517
3313
2962
2401
1843
1337
707
-154
-1115
-2037
-2943
-3838
-4539
-4823
-4681
-4296
-3832
-3378
-2994
-2719
-2523
-2288
-1892
-1339
-707
-62
592
1235
1767
2073
2108
1933
1660
1391
1178
1012
854
659
365
-99
-714
-1316
-1739
-2013
-2283
-2565
-2674
-2481
-2089
-1740
-1518
-1291
-979
-752
-807
-1018
-1052
-853
-750
-978
-1375
-1646
-1832
-2187
-2688
-2965
-2884
-2985
-3963
-5709
-7270
-7964
-8085
-8171
-8008
-7003
-5334
-3948
-3263
-2650
-1448
22
1021
1660
2821
4871
7032
8379
8963
9421
9809
9545
8515
7496
7131
7026
6434
5406
4647
4306
3638
2108
191
-1296
-2261
-3179
-4035
-4177
-3410
-2496
-2189
-2266
-1974
-1196
-494
-89
488
1676
3206
4475
5290
5924
6478
6649
6168
5269
4494
4055
3658
3008
2181
1368
472
-774
-2304
-3736
-4827
-5648
-6291
-6604
-6382
-5751
-5059
-4494
-3978
-3393
-2794
-2230
-1524
-495
719
1728
2335
2705
3018
3165
2979
2526
2113
1848
1633
1290
809
407
37
-504
-1272
-1993
-2397
-2553
-2697
-2899
-2974
-2771
-2378
-1997
-1735
-1499
-1134
-656
-242
12
167
296
283
-68
-716
-1358
-1780
-2101
-2542
-3001
-3208
-3354
-4138
-5884
-7876
-9088
-9363
-9290
-9015
-7948
-5954
-3996
-2978
-2489
-1457
221
1623
2417
3513
5666
8186
9775
10220
10382
10639
10311
8942
7356
6636
6617
6177
4946
3769
3242
2652
1017
-1320
-3093
-3878
-4449
-5229
-5423
-4337
-2755
-2025
-2219
-2132
-1138
32
690
1330
2740
4666
6095
6665
6984
7452
7581
6809
5461
4409
3926
3479
2584
1422
379
-626
-1986
-3681
-5181
-6166
-6879
-7546
-7835
-7302
-6122
-4940
-4076
-3287
-2308
-1273
-405
415
1500
2786
3799
4267
4410
4517
4454
3927
3011
2081
1340
700
54
-590
-1187
-1767
-2391
-3030
-3514
-3671
-3537
-3333
-3159
-2882
-2395
-1814
-1299
-868
-441
24
511
1000
1441
1747
1789
1459
741
-192
-1070
-1774
-2399
-3013
-3478
-3617
-3779
-4628
-6510
-8839
-10435
-10921
-10776
-10267
-8929
-6600
-4208
-2810
-2126
-1020
765
2343
3291
4476
6738
9445
11215
11682
11632
11476
10644
8792
6836
5922
5782
5152
3634
2184
1500
785
-1011
-3411
-4987
-5372
-5565
-6038
-5772
-4035
-1929
-1046
-1217
-849
616
2069
2804
3650
5407
7366
8265
8156
8102
8314
7883
6416
4787
3891
3404
2381
756
-720
-1759
-2965
-4769
-6546
-7430
-7574
-7814
-8327
-8315
-7248
-5720
-4561
-3662
-2393
-698
775
1813
2832
4184
5447
5828
5496
5175
5084
4647
3546
2254
1279
483
-564
-1816
-2800
-3371
-3855
-4422
-4784
-4560
-3882
-3260
-2859
-2393
-1687
-992
-544
-71
764
1752
2458
2822
3090
3200
2770
1772
698
-115
-824
-1707
-2682
-3525
-4169
-4604
-4825
-5134
-6209
-8282
-10520
-11721
-11630
-10924
-9922
-8204
-5743
-3509
-2276
-1435
126
2302
4003
4989
6359
8804
11317
12421
12042
11250
10474
9125
7080
5403
4907
4768
3572
1363
-431
-1195
-1996
-3799
-5679
-6213
-5608
-5081
-4819
-3684
-1463
345
663
600
1811
4051
5725
6415
7240
8653
9506
8899
7660
6971
6527
5222
3172
1687
1244
757
-759
-2807
-4348
-5358
-6505
-7701
-8008
-7191
-6279
-6147
-6232
-5404
-3695
-2164
-1236
-154
1647
3551
4684
5149
5606
5987
5555
4203
2864
2215
1759
691
-836
-2056
-2809
-3620
-4614
-5177
-4992
-4600
-4511
-4346
-3469
-2062
-931
-363
162
1044
1969
2479
2720
3128
3628
3653
3065
2410
2100
1701
633
-926
-2234
-2985
-3674
-4630
-5551
-6067
-6287
-6439
-6493
-6611
-7368
-8932
-10366
-10525
-9450
-7997
-6397
-4158
-1476
507
1334
2078
3716
5591
6524
6803
7744
9461
10462
9734
8012
6444
4977
3012
956
-48
81
25
-1098
-2445
-2772
-2335
-2349
-2879
-2584
-882
1051
2158
3144
5017
6956
7353
6474
6257
7353
8239
7752
6810
6559
6286
4639
2040
179
-556
-1431
-3070
-4322
-4161
-3431
-3603
-4606
-5102
-4582
-3907
-3642
-3059
-1524
233
909
566
497
1146
1686
1429
976
1194
1799
1765
923
93
-335
-947
-2097
-3032
-2951
-2305
-2180
-2677
-2885
-2393
-1856
-1766
-1568
-649
561
1204
1347
1784
2663
3211
2948
2453
2406
2576
2323
1642
1122
898
480
-430
-1357
-1720
-1722
-2010
-2790
-3535
-3843
-3986
-4381
-4896
-5081
-4941
-4764
-4453
-3738
-3231
-4142
-6446
-8401
-8577
-7631
-6866
-6040
-4156
-1759
-613
-890
-748
825
2473
2828
2877
4339
6743
7894
6966
5404
4433
3533
1922
483
630
1874
2261
1136
90
460
1347
1199
462
972
2958
4646
5017
5295
6560
7626
6927
5283
4947
6130
6761
5763
4490
4198
3877
2127
-262
-1406
-1228
-1384
-2370
-2744
-1680
-560
-1004
-2395
-2915
-2243
-1645
-1648
-1232
93
1046
377
-1193
-1991
-1856
-2004
-2790
-3102
-2293
-1372
-1431
-2072
-2237
-1972
-2126
-2632
-2416
-1057
371
750
414
398
834
960
643
750
1663
2524
2466
1942
1843
1992
1570
633
118
321
530
225
-182
-189
-134
-581
-1334
-1683
-1408
-1054
-1082
-1337
-1466
-1529
-1907
-2610
-3215
-3391
-3357
-3446
-3399
-2810
-2217
-3042
-5678
-8439
-9457
-8961
-8507
-8215
-6736
-4071
-2231
-2278
-2551
-1256
781
1723
1948
3433
6333
8382
8041
6441
5325
4605
3254
1623
1194
2158
2823
1997
705
554
1259
1261
437
520
2359
4432
5126
5132
5969
7151
6895
5312
4614
5709
6743
6045
4646
4275
4337
3014
514
-1050
-958
-818
-1715
-2429
-1685
-520
-756
-2189
-2977
-2452
-1778
-1749
-1570
-537
392
-120
-1694
-2742
-2786
-2817
-3347
-3515
-2655
-1594
-1425
-1896
-2019
-1657
-1509
-1612
-1104
308
1637
1839
1242
880
919
689
97
29
872
1720
1665
1055
776
754
323
-435
-688
-166
398
472
417
655
849
458
-249
-557
-352
-158
-250
-325
-300
-570
-1360
-2322
-3001
-3462
-3914
-4267
-4204
-3590
-2882
-2997
-4613
-7229
-9266
-9717
-9113
-8388
-7263
-5031
-2406
-1056
-1137
-942
412
1801
2283
2896
4910
7413
8310
7183
5477
4175
2802
1056
-73
280
1369
1656
910
369
786
1388
1252
1026
2063
4236
5967
6482
6814
7739
8228
7178
5587
5309
6142
6173
4846
3645
3339
2618
469
-1821
-2582
-2296
-2521
-3196
-2955
-1768
-1236
-2051
-2897
-2578
-1717
-1367
-1189
-296
850
852
-517
-1956
-2521
-2717
-3217
-3575
-3039
-1997
-1556
-1940
-2285
-2049
-1680
-1601
-1313
-207
1269
2030
1769
1245
1045
893
437
147
646
1557
1885
1419
944
910
824
317
-53
327
1087
1427
1294
1264
1445
1268
475
-346
-552
-289
-205
-533
-981
-1389
-1964
-2787
-3544
-3925
-4036
-4179
-4380
-4327
-3758
-3013
-3103
-4788
-7390
-9142
-9155
-8325
-7681
-6748
-4722
-2434
-1473
-1674
-1250
409
1903
2338
2894
4775
6959
7475
6155
4608
3721
2787
1316
290
705
1791
1946
1054
578
1251
2055
2062
2076
3327
5350
6606
6806
7132
7973
8163
6957
5619
5524
5968
5420
3925
2936
2674
1754
-344
-2129
-2362
-1933
-2227
-2891
-2669
-1715
-1425
-2104
-2506
-1861
-1004
-812
-765
-54
813
602
-693
-1908
-2442
-2877
-3540
-3731
-3006
-2193
-2281
-2911
-3015
-2402
-1838
-1575
-997
215
1376
1724
1465
1241
1186
923
495
460
1038
1618
1533
942
462
283
61
-201
-9
782
1546
1706
1501
1377
1224
695
80
-49
216
233
-161
-481
-553
-839
-1646
-2552
-3088
-3392
-3783
-4172
-4230
-3983
-3622
-3212
-3143
-4232
-6594
-8830
-9379
-8453
-7510
-6824
-5320
-2914
-1292
-1337
-1595
-505
1219
2052
2433
3895
6211
7298
6225
4418
3351
2620
1325
135
380
1766
2454
1698
888
1306
2179
2197
1918
2958
5220
6781
6806
6690
7483
8009
6939
5249
4868
5638
5646
4353
3246
3048
2441
433
-1730
-2353
-1822
-1738
-2297
-2302
-1479
-981
-1449
-1993
-1724
-1120
-1002
-1010
-340
683
849
-238
-1695
-2688
-3344
-3898
-4014
-3396
-2666
-2524
-2731
-2657
-2147
-1693
-1413
-881
103
1095
1609
1688
1604
1336
794
271
164
454
749
794
667
476
199
-51
6
443
979
1328
1542
1846
2166
2115
1574
964
739
809
682
210
-272
-573
-946
-1626
-2389
-2918
-3318
-3870
-4473
-4742
-4674
-4629
-4612
-4150
-3342
-3385
-5160
-7644
-8830
-8268
-7398
-7049
-6157
-3934
-1771
-1374
-2017
-1624
23
1253
1596
2642
5153
7360
7344
5705
4350
3663
2579
1075
637
1867
3179
2963
1904
1742
2523
2717
2025
2128
3990
6139
6863
6710
7178
7875
7208
5350
4334
4934
5514
4775
3628
3256
2905
1297
-929
-2047
-1853
-1766
-2370
-2618
-1902
-1214
-1578
-2465
-2700
-2265
-1961
-1826
-1138
87
721
14
-1425
-2480
-2890
-3117
-3265
-3046
-2482
-2106
-2207
-2389
-2250
-1940
-1757
-1490
-702
502
1466
1695
1377
935
494
71
-146
87
622
967
903
674
542
466
381
489
947
1597
2086
2275
2265
2090
1679
1084
568
305
200
55
-194
-509
-910
-1413
-1947
-2520
-3140
-3707
-3995
-3982
-4018
-4293
-4566
-4476
-3947
-3346
-3377
-4584
-6532
-7874
-7766
-6861
-6201
-5570
-4194
-2546
-1899
-2169
-1819
-274
1236
1917
2783
4707
6526
6583
5201
4035
3534
2719
1424
936
1941
3178
3139
2156
1686
2041
2199
1851
2159
3872
5833
6493
6151
6258
6961
6897
5640
4631
4950
5625
5250
4161
3534
3137
1761
-420
-1779
-1669
-1313
-1747
-2361
-2278
-1920
-2206
-2928
-3060
-2363
-1609
-1276
-962
-275
356
199
-733
-1697
-2150
-2268
-2390
-2427
-2171
-1862
-1971
-2485
-2866
-2747
-2290
-1799
-1286
-646
35
491
562
340
81
-2
97
308
638
1080
1435
1406
1061
779
836
1145
1444
1732
2069
2351
2340
1956
1461
1015
530
-43
-424
-344
-194
-524
-1256
-1756
-1842
-2108
-2815
-3449
-3544
-3477
-3852
-4401
-4454
-4021
-3689
-3525
-3010
-2487
-3155
-5183
-6859
-6776
-5873
-5685
-5725
-4523
-2543
-1841
-2678
-2929
-1457
232
742
1184
3043
5344
5936
4750
3770
3809
3560
2300
1542
2721
4575
4809
3491
2743
3298
3633
2935
2637
3965
5703
6080
5498
5599
6336
6041
4434
3287
3722
4495
4162
3305
3063
2912
1573
-458
-1446
-1111
-949
-1740
-2370
-1908
-1168
-1342
-2107
-2285
-1813
-1605
-1816
-1476
-249
738
401
-792
-1616
-1843
-2120
-2635
-2819
-2497
-2292
-2583
-2932
-2829
-2549
-2522
-2538
-2033
-1024
-89
427
731
922
839
513
279
524
1142
1650
1784
1664
1485
1241
915
709
759
949
1045
1064
1126
1154
927
393
-182
-539
-634
-646
-708
-824
-1019
-1362
-1759
-1899
-1766
-1795
-2280
-2835
-3014
-3111
-3569
-4054
-3917
-3295
-2794
-2394
-1853
-1889
-3402
-5646
-6770
-6381
-5837
-5733
-4993
-3234
-2018
-2459
-3262
-2689
-1181
-210
406
2029
4540
6149
5969
5090
4650
4328
3525
2929
3659
5286
6058
5196
3875
3380
3279
2533
1608
1955
3506
4579
4411
4167
4697
4910
3836
2636
2929
4200
4753
4408
4302
4402
3416
1277
-324
-421
-84
-459
-1001
-809
-457
-1094
-2499
-3369
-3255
-2892
-2679
-2086
-846
198
98
-958
-2018
-2565
-2841
-3051
-2939
-2336
-1700
-1641
-2106
-2506
-2577
-2572
-2527
-1973
-774
398
872
788
606
332
-143
-421
-36
769
1321
1377
1181
885
431
-64
-277
-43
489
1054
1493
1746
1720
1323
648
47
-200
-177
-122
-104
-114
-327
-944
-1699
-2154
-2343
-2598
-2969
-3114
-2955
-2879
-3152
-3541
-3681
-3529
-3271
-2930
-2361
-1769
-1900
-3219
-4924
-5676
-5405
-5260
-5506
-4989
-3404
-2326
-2704
-3082
-2010
-474
21
316
2113
4754
6041
5617
5109
5178
4821
3712
3157
4083
5525
5967
5248
4379
3936
3424
2439
1677
2155
3550
4448
4363
4303
4814
4843
3647
2453
2749
3951
4427
4096
4036
4157
3300
1541
368
341
382
-215
-710
-518
-399
-1182
-2388
-3063
-3165
-3249
-3308
-2902
-2106
-1604
-1797
-2354
-2772
-2944
-3015
-2996
-2728
-2231
-1829
-1785
-1960
-2058
-2064
-2119
-2086
-1649
-862
-181
154
332
472
381
-11
-379
-400
-144
113
277
425
570
620
548
491
620
974
1388
1689
1851
1922
1884
1671
1318
965
678
395
57
-291
-588
-901
-1337
-1831
-2143
-2199
-2174
-2187
-2125
-1927
-1841
-2073
-2435
-2613
-2632
-2676
-2658
-2318
-1735
-1403
-1754
-2748
-3890
-4631
-4871
-4935
-4948
-4540
-3549
-2640
-2519
-2755
-2346
-1301
-551
-281
442
1925
3088
3166
2929
3291
3772
3495
2891
3087
4042
4654
4471
4183
4300
4390
3967
3390
3352
3864
4264
4172
4032
4334
4752
4584
3824
3242
3262
3397
3217
3093
3394
3657
3235
2333
1694
1511
1246
650
176
139
203
-104
-653
-1056
-1367
-1926
-2680
-3055
-2816
-2495
-2554
-2861
-3052
-3138
-3359
-3570
-3462
-3083
-2776
-2687
-2618
-2440
-2257
-2200
-2273
-2366
-2333
-2059
-1686
-1416
-1272
-1137
-1050
-1124
-1237
-1131
-730
-346
-144
42
393
767
939
963
1024
1146
1216
1272
1446
1697
1795
1618
1288
1008
866
805
763
749
761
734
609
421
247
89
-102
-317
-478
-578
-726
-1010
-1379
-1749
-2079
-2324
-2433
-2423
-2383
-2369
-2398
-2537
-2867
-3320
-3714
-3934
-3967
-3802
-3477
-3199
-3140
-3176
-3073
-2850
-2681
-2503
-2100
-1476
-830
-232
412
998
1308
1395
1607
2167
2940
3682
4263
4653
4860
4965
5081
5253
5429
5555
5624
5665
5757
5894
5923
5700
5293
4917
4670
4518
4449
4460
4392
4068
3568
3143
2872
2586
2176
1736
1355
991
585
198
-146
-564
-1145
-1763
-2206
-2431
-2587
-2805
-3038
-3229
-3453
-3785
-4116
-4286
-4353
-4539
-4891
-5208
-5357
-5411
-5427
-5317
-5038
-4749
-4580
-4418
-4077
-3532
-2926
-2368
-1855
-1342
-827
-340
62
340
517
676
897
1208
1553
1827
1943
1883
1744
1676
1780
2015
2211
2237
2139
2079
2155
2284
2338
2251
2082
1960
1900
1860
1815
1696
1385
883
414
171
49
-205
-627
-1032
-1340
-1608
-1884
-2122
-2332
-2559
-2768
-2890
-2990
-3246
-3722
-4309
-4762
-4929
-4808
-4557
-4380
-4325
-4237
-3953
-3546
-3158
-2835
-2477
-1998
-1334
-469
512
1354
1784
1894
2014
2401
3016
3682
4239
4612
4836
5006
5220
5418
5514
5487
5435
5495
5749
6138
6443
6418
6033
5571
5257
5138
5111
5056
4865
4468
3907
3319
2825
2389
1921
1439
997
659
394
94
-311
-853
-1472
-2022
-2392
-2587
-2716
-2916
-3245
-3681
-4172
-4628
-4955
-5157
-5315
-5495
-5685
-5790
-5779
-5730
-5697
-5638
-5501
-5254
-4869
-4348
-3753
-3198
-2754
-2381
-1998
-1576
-1138
-726
-375
-105
107
322
580
878
1165
1380
1508
1632
1864
2205
2545
2772
2889
2952
2995
3045
3139
3246
3250
3088
2859
2701
2586
2398
2111
1819
1563
1289
986
733
553
335
-18
-444
-822
-1120
-1419
-1768
-2138
-2414
-2608
-2779
-2973
-3151
-3217
-3330
-3646
-4066
-4334
-4380
-4331
-4215
-3988
-3741
-3638
-3584
-3328
-2868
-2433
-2111
-1733
-1198
-603
-40
513
1043
1448
1743
2099
2643
3304
3890
4297
4571
4826
5135
5479
5784
5994
6097
6093
6018
5977
6005
5990
5796
5442
5116
4894
4682
4415
4132
3859
3531
3130
2739
2406
2045
1562
1012
516
129
-213
-618
-1097
-1591
-2060
-2539
-3058
-3549
-3921
-4185
-4434
-4681
-4858
-4980
-5120
-5309
-5437
-5423
-5345
-5324
-5333
-5248
-5063
-4871
-4736
-4582
-4339
-4061
-3797
-3478
-3045
-2562
-2161
-1832
-1415
-897
-402
-15
324
694
1050
1347
1633
1949
2218
2396
2561
2822
3163
3429
3517
3495
3470
3471
3490
3512
3537
3507
3367
3167
2986
2805
2563
2233
1899
1661
1480
1222
853
427
6
-398
-762
-1040
-1256
-1498
-1781
-2033
-2222
-2397
-2645
-2957
-3188
-3247
-3230
-3300
-3541
-3925
-4341
-4652
-4756
-4651
-4472
-4340
-4212
-3941
-3452
-2885
-2410
-2043
-1645
-1094
-362
527
1418
2098
2471
2660
2936
3431
4017
4487
4755
4896
5020
5161
5317
5433
5409
5247
5069
5042
5222
5457
5527
5379
5102
4799
4522
4317
4181
4025
3723
3279
2828
2435
2016
1460
798
198
-267
-653
-990
-1285
-1579
-1939
-2404
-2920
-3371
-3692
-3923
-4126
-4324
-4505
-4719
-5008
-5300
-5489
-5592
-5686
-5783
-5816
-5709
-5487
-5251
-5048
-4880
-4702
-4435
-4028
-3507
-2942
-2417
-1964
-1541
-1087
-573
-92
280
541
817
1184
1553
1908
2228
2481
2620
2709
2892
3209
3537
3762
3895
4003
4093
4126
4115
4087
4022
3879
3698
3542
3426
3271
2983
2604
2254
1944
1631
1289
945
603
222
-184
-564
-888
-1205
-1564
-1937
-2270
-2549
-2786
-2996
-3193
-3402
-3570
-3651
-3672
-3684
-3733
-3829
-3980
-4136
-4183
-4083
-3903
-3742
-3610
-3427
-3144
-2788
-2449
-2160
-1878
-1555
-1146
-635
-37
583
1101
1489
1842
2295
2854
3389
3833
4223
4596
4952
5253
5506
5688
5729
5642
5509
5449
5471
5479
5365
5114
4815
4525
4266
4034
3804
3544
3215
2822
2419
2053
1693
1243
701
146
-347
-751
-1128
-1540
-2023
-2562
-3087
-3540
-3883
-4121
-4311
-4536
-4826
-5116
-5312
-5388
-5445
-5544
-5623
-5612
-5522
-5375
-5174
-4947
-4764
-4651
-4506
-4190
-3705
-3183
-2741
-2388
-2049
-1663
-1196
-654
-97
388
784
1152
1558
2025
2467
2786
2992
3159
3357
3606
3862
4065
4183
4220
4231
4278
4366
4424
4391
4297
4186
4071
3923
3723
3451
3097
2709
2349
2026
1711
1356
947
516
89
-327
-708
-1053
-1390
-1705
-1963
-2154
-2339
-2597
-2910
-3196
-3405
-3553
-3664
-3752
-3843
-3961
-4090
-4204
-4315
-4455
-4581
-4619
-4531
-4347
-4124
-3897
-3656
-3360
-2972
-2511
-2021
-1521
-1008
-476
80
685
1296
1821
2212
2543
2934
3391
3819
4154
4414
4654
4883
5091
5260
5374
5392
5322
5229
5187
5191
5154
5011
4772
4496
4207
3895
3545
3208
2896
2572
2253
1944
1604
1184
681
165
-282
-642
-969
-1322
-1703
-2074
-2411
-2736
-3079
-3438
-3779
-4079
-4329
-4507
-4599
-4662
-4787
-4940
-5020
-4949
-4783
-4605
-4447
-4280
-4076
-3825
-3512
-3164
-2819
-2518
-2234
-1912
-1526
-1121
-767
-484
-231
69
436
820
1175
1487
1755
1996
2261
2556
2848
3083
3241
3367
3499
3631
3716
3756
3753
3717
3651
3596
3553
3467
3286
3025
2749
2462
2153
1796
1422
1047
667
297
-48
-363
-704
-1081
-1434
-1726
-1983
-2232
-2475
-2680
-2834
-2933
-3006
-3096
-3194
-3280
-3312
-3269
-3166
-3050
-2954
-2881
-2830
-2771
-2707
-2685
-2734
-2807
-2833
-2764
-2615
-2433
-2238
-2034
-1796
-1504
-1128
-662
-185
237
622
1042
1518
2005
2456
2842
3167
3455
3716
3979
4251
4479
4608
4631
4614
4610
4611
4584
4492
4343
4171
3981
3789
3625
3474
3273
2987
2689
2447
2247
2030
1758
1450
1118
748
371
20
-306
-665
-1062
-1446
-1754
-1996
-2240
-2512
-2807
-3098
-3366
-3579
-3728
-3815
-3881
-3966
-4047
-4074
-4002
-3860
-3705
-3561
-3415
-3252
-3053
-2816
-2531
-2229
-1958
-1723
-1483
-1193
-879
-597
-359
-137
87
309
528
762
994
1184
1311
1412
1525
1655
1785
1915
2037
2132
2191
2243
2313
2388
2441
2460
2453
2422
2363
2276
2165
2009
1794
1544
1297
1072
853
614
347
53
-238
-503
-725
-906
-1070
-1236
-1406
-1565
-1695
-1805
-1923
-2054
-2153
-2198
-2191
-2162
-2135
-2086
-2020
-1957
-1899
-1819
-1722
-1635
-1572
-1513
-1451
-1429
-1483
-1594
-1687
-1711
-1673
-1597
-1486
-1333
-1143
-918
-654
-367
-74
204
479
806
1209
1640
2021
2312
2549
2764
2964
3163
3367
3558
3688
3740
3743
3738
3711
3616
3461
3287
3127
2993
2863
2734
2600
2435
2235
2016
1815
1638
1483
1341
1190
1012
789
540
281
8
-275
-569
-861
-1103
-1285
-1431
-1591
-1792
-2022
-2274
-2506
-2682
-2785
-2837
-2891
-2947
-2976
-2959
-2900
-2846
-2791
-2728
-2639
-2497
-2301
-2056
-1806
-1596
-1436
-1282
-1090
-878
-682
-514
-356
-207
-76
54
186
291
340
333
325
363
454
542
608
664
710
739
757
802
868
932
972
1003
1043
1094
1119
1085
1014
936
850
749
662
590
511
394
242
81
-75
-233
-400
-535
-620
-669
-727
-785
-835
-893
-961
-1030
-1050
-1031
-991
-960
-908
-814
-715
-647
-610
-566
-510
-455
-380
-289
-232
-243
-329
-444
-543
-621
-689
-747
-765
-738
-668
-564
-431
-290
-141
24
223
476
769
1057
1299
1499
1678
1841
1979
2097
2196
2271
2330
2370
2389
2395
2365
2280
2174
2076
2006
1955
1914
1859
1794
1727
1656
1589
1530
1487
1440
1379
1300
1213
1116
990
832
636
421
202
-9
-197
-368
-545
-751
-979
-1209
-1425
-1607
-1756
-1888
-2017
-2135
-2219
-2258
-2260
-2240
-2223
-2216
-2195
-2135
-2023
-1877
-1752
-1664
-1598
-1515
-1405
-1282
-1175
-1119
-1101
-1086
-1046
-980
-913
-889
-922
-984
-1023
-1013
-962
-907
-877
-857
-789
-663
-508
-369
-256
-162
-57
85
258
450
605
696
735
769
821
867
894
881
852
820
792
783
758
715
661
603
576
585
625
655
676
687
704
735
769
812
837
847
841
826
812
798
771
727
678
617
543
467
377
283
190
100
17
-56
-112
-163
-222
-294
-378
-473
-559
-619
-662
-688
-716
-759
-800
-824
-815
-795
-759
-699
-627
-544
-449
-348
-247
-155
-87
-30
52
166
285
407
519
621
710
789
874
977
1097
1200
1293
1383
1469
1542
1590
1612
1613
1601
1597
1604
1610
1602
1562
1493
1399
1293
1175
1050
925
799
670
530
389
241
80
-83
-231
-366
-487
-591
-699
-802
-906
-1012
-1131
-1247
-1360
-1480
-1589
-1672
-1729
-1784
-1849
-1920
-1977
-2011
-2032
-2058
-2067
-2059
-2052
-2033
-1993
-1927
-1858
-1797
-1735
-1640
-1517
-1395
-1276
-1151
-1021
-892
-772
-643
-490
-349
-233
-126
-6
134
278
396
496
592
683
762
832
907
977
1027
1055
1092
1148
1196
1215
1209
1207
1206
1193
1183
1193
1207
1203
1176
1148
1138
1123
1089
1032
979
935
887
821
735
637
515
380
249
141
65
-9
-102
-197
-283
-361
-424
-462
-483
-496
-507
-510
-503
-496
-499
-506
-518
-502
-453
-376
-295
-227
-189
-176
-163
-151
-114
-61
-6
49
102
160
214
262
297
332
381
457
550
641
723
791
828
838
837
848
872
890
912
922
924
911
877
837
788
737
672
612
565
519
459
383
290
175
55
-59
-155
-225
-290
-371
-464
-568
-668
-757
-826
-887
-960
-1023
-1072
-1106
-1129
-1155
-1189
-1227
-1261
-1278
-1265
-1223
-1175
-1143
-1132
-1125
-1104
-1064
-1021
-983
-938
-896
-862
-819
-768
-715
-675
-643
-593
-523
-443
-368
-302
-236
-180
-130
-77
-18
54
121
177
235
304
363
411
458
515
583
648
711
769
820
860
888
907
934
960
979
999
1013
1020
1013
990
952
907
861
809
761
717
662
596
507
407
305
216
143
78
14
-46
-110
-188
-274
-350
-417
-476
-531
-582
-619
-644
-668
-693
-715
-731
-734
-724
-690
-625
-546
-475
-410
-348
-270
-181
-93
0
96
187
265
338
410
475
525
563
599
643
695
751
805
857
898
921
943
976
1012
1034
1054
1055
1048
1022
988
944
895
821
729
637
550
468
378
298
224
148
70
-6
-77
-154
-235
-311
-385
-448
-513
-594
-679
-750
-818
-893
-969
-1037
-1097
-1152
-1197
-1239
-1266
-1288
-1315
-1334
-1338
-1322
-1305
-1284
-1249
-1222
-1191
-1147
-1100
-1039
-979
-919
-853
-775
-699
-630
-566
-490
-417
-340
-249
-152
-55
33
116
198
284
363
438
517
600
679
741
786
818
842
861
874
886
895
891
880
865
843
814
778
740
697
656
617
575
526
467
401
326
249
180
131
80
31
-16
-67
-116
-165
-209
-244
-268
-296
-316
-336
-342
-348
-360
-367
-377
-384
-376
-348
-317
-279
-242
-208
-173
-131
-72
-7
55
113
174
234
284
334
375
410
427
430
440
462
490
516
536
550
564
583
608
634
661
679
691
705
723
741
748
744
729
698
665
642
609
572
533
478
417
362
308
253
193
131
68
7
-43
-96
-148
-208
-285
-364
-435
-502
-562
-623
-686
-755
-832
-900
-953
-997
-1044
-1088
-1127
-1145
-1156
-1152
-1142
-1133
-1119
-1113
-1089
-1055
-1018
-978
-941
-903
-864
-811
-755
-690
-622
-559
-506
-447
-378
-312
-242
-166
-94
-24
45
114
185
259
328
383
432
477
525
572
607
637
656
669
682
690
695
699
689
667
655
635
618
594
566
533
490
451
414
379
350
307
261
215
171
130
88
50
7
-48
-99
-144
-184
-214
-246
-273
-291
-298
-294
-280
-269
-257
-242
-233
-211
-187
-162
-139
-110
-90
-58
-26
7
48
81
117
150
188
227
262
298
332
373
408
445
472
500
525
548
568
583
597
595
591
581
572
558
544
524
498
473
451
429
412
386
356
321
288
266
239
211
174
140
102
64
36
5
-34
-81
-135
-178
-222
-263
-300
-344
-382
-424
-455
-482
-504
-523
-540
-566
-587
-600
-611
-620
-634
-648
-669
-691
-705
-715
-722
-729
-736
-743
-746
-743
-736
-721
-696
-672
-645
-615
-586
-552
-520
-489
-457
-427
-395
-365
-330
-289
-248
-208
-169
-130
-91
-50
-6
39
79
123
162
193
227
263
299
328
359
384
410
437
456
473
483
490
496
503
515
526
527
527
522
515
509
499
492
481
467
450
434
416
399
383
369
359
339
323
308
291
279
266
255
237
222
216
211
208
204
202
192
181
169
154
139
118
87
62
40
13
-11
-33
-52
-76
-100
-125
-141
-155
-171
-188
-205
-219
-232
-235
-242
-249
-259
-271
-272
-272
-268
-258
-247
-238
-227
-205
-177
-146
-116
-91
-65
-38
-12
15
43
67
86
104
132
151
176
195
211
220
228
239
254
265
276
281
280
275
263
243
220
196
161
136
106
74
38
2
-43
-84
-124
-167
-207
-244
-280
-322
-362
-399
-439
-474
-509
-535
-561
-585
-594
-605
-617
-626
-626
-628
-626
-617
-607
-587
-565
-539
-514
-480
-441
-399
-351
-304
-264
-224
-172
-128
-89
-47
-7
30
70
109
152
190
233
269
301
332
365
401
435
472
494
511
530
548
567
581
588
591
587
581
577
567
554
536
520
499
479
459
432
411
379
352
330
295
265
233
203
167
132
98
65
32
0
-24
-52
-78
-104
-132
-158
-177
-204
-227
-246
-267
-280
-288
-290
-289
-286
-282
-279
-270
-257
-247
-234
-225
-220
-214
-204
-188
-181
-166
-153
-143
-128
-109
-93
-80
-69
-51
-31
-15
2
23
42
61
85
102
118
134
146
156
172
171
170
165
159
156
151
154
156
155
154
151
147
139
127
115
103
91
74
60
51
38
22
3
-16
-34
-50
-66
-80
-96
-116
-136
-156
-172
-187
-199
-218
-236
-258
-275
-281
-289
-290
-291
-291
-290
-280
-273
-263
-257
-251
-249
-239
-222
-208
-190
-173
-155
-133
-114
-95
-75
-56
-34
-15
9
30
51
64
78
95
110
130
148
164
179
191
201
204
208
211
207
203
204
201
196
189
184
175
160
148
137
127
124
116
104
92
74
52
36
17
-5
-24
-41
-52
-58
-60
-62
-64
-69
-70
-75
-76
-75
-76
-78
-77
-75
-78
-69
-52
-44
-35
-29
-24
-17
-15
-6
5
16
29
49
69
89
109
130
146
158
165
174
186
187
193
199
199
204
211
217
224
231
239
244
246
243
235
226
212
193
171
151
135
123
108
98
82
62
44
25
5
-15
-39
-62
-84
-108
-132
-159
-180
-201
-226
-240
-254
-266
