0
0
-1
0
1
0
0
1
-1
0
0
0
0
0
1
0
0
-1
0
0
1
0
0
0
-1
0
0
0
1
-1
1
0
0
0
0
-1
0
1
0
0
0
0
0
0
0
0
-1
-1
0
0
0
0
0
1
-1
1
0
0
0
0
1
0
-1
1
-1
0
0
-1
0
0
0
0
1
0
0
1
0
0
0
-1
0
-1
0
0
0
1
-1
1
1
-1
0
1
0
0
0
0
0
0
1
0
0
0
1
-1
1
0
0
0
0
0
0
0
-1
0
-1
-1
0
-1
0
1
0
0
-1
0
0
-1
0
-1
0
0
0
1
0
0
-1
-1
-1
1
0
0
0
0
0
0
1
0
0
1
0
0
0
-1
0
0
1
0
-1
0
-1
1
-1
0
1
0
0
0
1
0
0
0
0
0
0
0
0
1
-1
0
0
1
0
0
-1
1
0
0
0
-1
0
0
0
0
0
-1
-1
-1
0
0
0
0
0
0
0
-1
1
0
0
0
0
0
-1
0
0
0
0
0
0
0
0
0
1
0
1
-1
0
0
0
0
0
1
0
0
0
0
-1
0
0
0
1
-1
0
0
1
0
1
0
-1
1
0
1
0
0
1
-1
0
0
0
0
0
-1
0
0
0
1
0
0
0
0
1
-1
1
-1
-1
1
-1
1
-2
0
-1
-1
0
0
0
0
0
-1
1
-1
0
-1
-1
1
-1
0
1
-1
1
1
1
0
0
1
0
0
0
-1
1
0
-1
0
0
-1
1
0
0
0
1
0
0
0
0
0
1
-1
0
0
0
0
0
1
-1
0
0
-1
-1
1
0
0
0
1
0
0
1
1
0
1
1
-1
0
-1
0
0
-1
0
-1
0
0
-1
1
0
-1
1
-1
0
1
-2
0
0
-1
1
-1
0
1
-1
0
1
0
0
-2
2
-2
0
1
-1
1
0
1
0
1
0
0
1
1
-2
1
0
0
0
1
1
2
-1
-1
1
-1
1
-1
0
0
1
-2
1
1
-3
3
-3
2
1
-2
1
0
2
-1
0
0
-2
1
0
1
0
0
0
0
2
-1
-1
3
-4
3
-3
2
-1
0
-1
1
-1
1
1
-4
4
-3
2
0
-1
5
-8
11
-11
10
-3
-4
16
-21
22
-15
9
-3
-8
19
-21
13
-3
-5
10
-18
26
-20
10
0
-4
7
-7
0
1
8
-20
19
-1
-15
12
-7
4
-8
1
7
-16
13
-3
-14
23
-25
17
-8
-6
25
-33
29
-11
3
-5
-3
4
-5
1
-10
17
-12
6
3
-1
15
-16
11
2
-11
21
-34
29
-12
-8
16
-15
17
-11
13
-7
9
-5
2
-4
3
-10
4
-3
-5
6
5
-9
6
19
-28
26
-18
7
-1
-16
18
-8
-2
-14
34
-26
-4
23
-16
12
-21
33
-38
24
1
-35
50
-30
-10
28
-20
8
6
-13
22
-11
-3
7
-8
11
-15
6
3
1
-4
-2
12
-5
-3
-3
28
-43
42
-13
-20
40
-32
24
-20
13
0
-8
4
2
-6
3
5
-1
-12
22
-15
2
-1
-6
15
-22
10
-3
3
7
-27
27
1
-26
22
-16
10
-2
-16
10
3
-4
-18
25
3
-42
52
-35
12
11
-37
50
-41
14
-10
4
13
-44
43
-15
-10
25
-30
37
-23
20
-22
1
41
-68
57
-41
35
1
-59
87
-71
59
-56
16
56
-99
67
-26
21
-22
-1
40
-39
-1
33
-20
-12
16
9
-15
-4
21
-2
-2
-9
15
-5
-4
-8
21
-27
40
-35
35
-36
49
-23
-17
26
-8
1
-19
-7
22
12
-63
43
25
-17
-23
11
54
-43
-47
111
-93
62
-67
39
37
-127
128
-63
12
-13
18
22
-38
15
15
-13
-30
50
-60
50
-30
-26
79
-82
46
-10
5
29
-61
67
-34
-4
8
-19
31
-48
12
70
-97
32
62
-77
19
7
14
-41
13
21
-25
-19
35
-9
-44
83
-98
88
-27
-42
65
3
-65
51
-12
26
-50
12
47
-53
34
-23
-8
44
-44
-15
61
-64
20
19
-30
36
-41
45
0
-71
79
-35
6
-27
31
37
-64
6
54
-28
-33
35
-2
9
-35
21
26
-58
58
-27
-4
32
-18
28
-56
80
-38
-17
25
3
18
-61
59
-6
-44
42
-12
-36
87
-122
122
-45
-35
85
-101
112
-114
64
18
-72
90
-96
88
-41
-15
17
-1
25
-88
86
-54
30
-40
-27
137
-127
52
-7
37
19
-150
194
-121
35
-70
51
17
-113
167
-184
190
-91
-29
119
-161
201
-206
71
69
-94
79
-109
74
7
-60
10
91
-76
24
23
-51
52
-46
25
19
-31
59
-50
35
25
-115
78
6
-41
45
-31
0
4
-73
131
-140
42
88
-139
60
-10
18
-38
-44
108
-29
-58
73
-18
-15
16
-55
45
2
-29
-44
9
112
-68
-12
42
13
-9
18
-86
116
13
-80
-21
67
35
-215
144
-23
61
-129
56
109
-150
153
-146
158
17
-128
162
-92
12
17
-63
48
4
4
-22
87
-18
-71
58
32
-102
54
18
-28
-51
72
-111
30
57
-159
130
-36
44
-99
10
146
-174
26
115
-117
64
-45
50
-50
-21
57
-72
122
-172
102
56
-99
37
-29
131
-198
178
-86
-96
291
-247
100
-35
127
-178
0
191
-248
151
-27
5
-69
119
-61
-30
109
-34
-12
-16
-19
73
-100
-65
143
-1
-72
55
49
-45
-37
41
23
-78
62
52
-112
150
-104
53
60
-82
85
-42
-18
3
-35
-36
-57
5
43
-152
152
-49
-70
174
-55
-63
84
19
-87
16
-37
74
-80
-46
0
109
-111
25
43
41
-25
-39
94
-42
29
-78
124
-159
86
-16
37
18
-22
72
-62
38
-32
40
-21
25
-14
-77
136
-32
-139
161
-21
-1
-31
64
-3
-139
63
27
83
-148
39
129
-86
-74
-94
134
-33
-108
21
105
25
-142
35
103
-39
-92
89
29
-38
-128
41
-18
55
4
-43
180
-12
-20
-55
-32
125
-120
-13
45
83
-124
-126
129
-41
-30
-18
158
-29
-94
37
-27
22
-37
44
33
-8
1
-94
15
14
-73
-5
111
43
-46
37
-7
15
-54
29
114
-64
32
-33
21
-5
-37
26
-32
120
-8
13
-28
69
-49
-110
46
21
56
-81
49
2
27
6
-111
88
56
-81
-14
74
30
-54
-50
8
39
-18
22
-65
28
55
-142
33
133
-84
-35
-47
84
-44
-88
79
-21
39
-32
-21
99
-69
-77
91
-99
115
-95
32
-29
-53
17
-54
59
-31
44
-98
104
-51
-51
45
-20
5
-68
59
22
-23
-71
-47
62
37
-96
39
109
-29
-70
45
82
-80
-44
62
20
-61
78
24
-33
-13
51
75
-45
43
76
-81
-19
25
14
-31
39
40
-89
116
20
-73
64
106
-34
-97
129
13
-12
-69
59
23
-21
62
-33
136
14
-99
-3
156
42
-110
32
89
-63
-68
28
36
13
-119
-15
81
7
-64
-80
8
31
-75
-8
105
40
-92
-104
68
42
-72
-26
85
-8
-28
-69
53
-48
-148
-57
66
15
-75
17
-64
46
-167
-77
101
-4
-43
-46
81
-21
-88
-59
-2
-20
-73
-8
107
-19
-101
-74
10
7
-49
88
37
29
-32
-46
5
-13
-16
29
39
82
23
-23
47
-57
-12
35
94
78
-3
37
13
-2
-13
22
56
42
52
26
-1
31
-26
33
43
55
41
43
32
-2
-5
1
-8
41
40
39
25
1
11
-22
32
11
27
30
30
-4
7
2
19
6
18
-28
-11
33
-61
14
-48
-27
21
-58
-17
-16
-38
-72
-19
28
4
-23
-47
5
-15
-15
13
13
12
-16
2
10
0
-83
-37
6
-29
5
-19
-17
-66
-93
-30
-19
-31
-33
-33
4
-5
-23
-21
8
-34
-56
21
28
-23
-20
-6
-51
-36
0
-8
12
-27
-50
-41
-31
-55
-86
-20
-57
-40
-28
-17
13
-30
-21
27
57
38
47
41
55
20
29
43
54
68
-5
56
71
68
76
20
114
128
102
119
102
95
68
29
44
84
73
21
48
63
19
-13
10
69
70
22
63
85
55
-10
4
85
92
88
100
142
123
25
51
78
19
29
12
57
-27
-122
-105
-160
-165
-169
-166
-126
-161
-222
-225
-197
-227
-277
-207
-128
-179
-200
-117
-162
-280
-278
-238
-114
-161
-168
-126
-175
-198
-297
-266
-241
-299
-286
-198
-142
-124
-115
-77
-1
60
177
287
324
297
322
360
341
353
371
482
572
544
661
789
776
750
865
1009
1087
1054
1089
1125
1072
993
882
902
816
611
452
311
180
-3
-175
-262
-341
-361
-356
-403
-529
-632
-623
-596
-551
-524
-346
-256
-502
-748
-725
-975
-1627
-2194
-2503
-2803
-3485
-4081
-4217
-4396
-4861
-5159
-4789
-4326
-4197
-3907
-3111
-2189
-1540
-789
349
1420
2100
2800
3769
4683
5239
5673
6191
6563
6604
6567
6622
6450
5980
5432
4903
4241
3400
2579
1772
704
-287
-1080
-1742
-2458
-3250
-3854
-4302
-4657
-4823
-4520
-4176
-3932
-3652
-3072
-2271
-1578
-802
135
1058
1762
2491
3245
3869
4223
4408
4665
4856
4772
4472
4110
3634
2991
2365
1849
1387
789
24
-630
-1325
-1992
-2467
-2689
-2709
-2755
-2889
-3083
-3175
-3190
-3129
-2862
-2566
-2323
-2033
-1793
-1785
-1930
-1936
-1764
-1728
-1878
-1667
-1470
-2491
-4539
-6104
-6477
-6894
-7738
-7726
-6704
-6437
-7701
-8329
-7040
-5842
-5812
-5220
-2699
15
962
1527
3072
4546
4910
5268
7144
9393
10140
9865
9858
10012
9439
8495
8123
7970
7411
6449
5409
4399
3095
1540
-59
-1457
-2136
-2097
-2168
-2960
-3790
-4258
-4894
-5530
-5256
-3930
-2820
-2451
-1665
-177
763
680
1004
2494
3765
4309
5315
6870
7296
5983
4937
5158
5072
3901
2987
3174
2843
1007
-838
-1562
-2165
-3634
-4782
-4699
-4420
-4949
-5712
-5653
-5206
-5131
-4688
-3284
-1901
-1287
-867
3
851
1084
1357
2067
2516
2428
2610
2953
2319
940
115
51
-268
-871
-717
-236
-658
-1519
-1688
-2086
-4723
-8440
-10343
-10480
-11037
-11961
-11217
-9642
-10110
-11852
-11434
-8758
-6968
-6534
-4595
-691
2320
3314
4543
6922
8499
8684
9484
11836
13713
13486
12202
11311
10581
9501
8619
8104
7264
5760
4048
2410
583
-1340
-3221
-5100
-6420
-6515
-5741
-5513
-6230
-6852
-6990
-6988
-6286
-4224
-1700
-95
908
2487
4272
5185
5633
6938
8546
9061
9101
9762
10046
8400
5883
4695
4438
3170
1116
-189
-1043
-2966
-5488
-6837
-7064
-7571
-8581
-8788
-7946
-7249
-7205
-7034
-6129
-4807
-3414
-1785
152
1769
2626
3019
3525
4124
4619
4984
4906
4480
3822
3013
1971
464
-988
-1848
-2127
-2454
-3074
-3317
-3209
-3372
-3942
-4230
-3901
-4723
-7385
-9931
-10650
-10358
-10893
-11187
-9728
-8041
-8214
-9000
-7463
-4469
-3015
-2638
-538
3310
5823
6273
7157
9107
10218
9829
10073
11932
13033
11846
9896
8909
8447
7254
5814
4986
4148
2633
814
-530
-1675
-3161
-4614
-5601
-5733
-5185
-4475
-4246
-4646
-4660
-4114
-3252
-1783
313
2339
3374
4116
5461
6638
6914
6979
7793
8477
8074
7370
7169
6467
4214
1712
613
177
-1193
-3184
-4400
-5091
-6664
-8632
-9111
-8242
-7858
-8214
-7881
-6381
-5146
-4687
-3752
-1819
227
1759
3339
5164
6319
6268
5798
5877
6297
6307
5697
4645
3241
1550
-305
-1902
-2989
-3732
-4347
-5036
-5496
-5581
-5558
-5391
-4935
-4092
-3089
-2321
-2521
-4612
-7757
-9880
-10092
-9679
-9568
-8717
-7185
-6752
-7867
-8128
-5996
-3705
-2809
-1542
1669
4977
5977
6046
7174
8511
8656
8637
10194
11853
11335
9285
7779
7214
6419
5414
4958
4686
3779
2225
671
-675
-1970
-2970
-3566
-3978
-3925
-3250
-2779
-3272
-3863
-3307
-2032
-932
271
2033
3502
3808
3869
4732
5774
6134
6278
6914
7271
6621
5736
5061
3827
1859
506
300
-210
-1735
-3227
-4069
-5147
-6927
-7968
-7502
-6888
-7099
-7230
-6285
-5021
-4312
-3552
-1902
168
1592
2792
4354
5526
5633
5168
5235
5666
5428
4676
3954
3044
1572
-63
-1201
-1928
-2618
-3497
-4250
-4698
-5123
-5560
-5917
-5597
-4299
-2809
-1773
-1023
-470
-1523
-4968
-8451
-9263
-8267
-8341
-9105
-8170
-6709
-7692
-9919
-9214
-5843
-4101
-4270
-2532
1584
3981
3383
3542
6067
8133
8245
8756
11012
12228
10553
8299
7764
8176
7851
7104
6866
6418
4845
2636
826
-225
-831
-1359
-2068
-2707
-2816
-2821
-3500
-4436
-4127
-2579
-1499
-1157
-298
1115
1704
1436
1998
3771
5207
5635
6100
6775
6527
5390
4656
4685
4290
3071
2128
1562
222
-1981
-3641
-4228
-4847
-5912
-6458
-6230
-6366
-7280
-7530
-6551
-5384
-4606
-3595
-1882
-351
496
1372
2673
3822
4413
4911
5615
6023
5604
4709
3967
3282
2258
1060
90
-672
-1689
-2774
-3174
-3143
-3714
-4936
-5478
-4725
-3595
-2881
-2116
-816
-35
-1128
-3986
-6967
-8518
-8890
-9194
-9501
-8945
-7963
-8376
-10097
-10528
-8435
-5966
-4857
-3485
-446
2384
3077
3113
4801
7243
8402
8800
10218
12016
11909
9946
8496
8612
8953
8382
7476
6753
5526
3294
955
-182
-318
-660
-1701
-2764
-3210
-3350
-3851
-4493
-4275
-3192
-2276
-1752
-987
185
972
1123
1725
3190
4759
5720
6144
6313
5954
5377
5251
5443
5137
4095
3097
2255
891
-833
-1969
-2405
-3134
-4503
-5581
-5986
-6469
-7394
-7939
-7319
-6079
-5113
-4242
-2903
-1356
-321
481
1828
3535
4819
5352
5533
5667
5652
5374
4839
4190
3411
2252
789
-603
-1601
-2406
-3112
-3527
-3913
-4508
-5145
-5335
-5044
-4529
-3453
-1907
-689
-442
-1512
-3937
-7003
-8939
-8840
-8173
-8157
-8159
-7756
-8319
-10107
-10438
-7975
-5153
-3964
-2874
-327
1933
2296
2665
4895
7456
8354
8708
10270
11686
10974
9113
8453
9085
9381
8936
8325
7305
5229
2691
1099
692
655
292
-723
-2204
-3521
-4101
-4169
-4181
-3725
-2592
-1728
-1856
-2071
-1238
-59
576
1435
3275
5108
5649
5274
5001
4910
4808
5016
5602
5707
4669
3009
1479
162
-1072
-1866
-2171
-2806
-4136
-5381
-5933
-6240
-6711
-6765
-5887
-4668
-3913
-3398
-2450
-1210
-189
771
2222
4017
5108
5252
5174
5260
5206
4726
4116
3489
2521
1067
-469
-1581
-2365
-3104
-3829
-4517
-5284
-5970
-6126
-5835
-5200
-4024
-2580
-1588
-1239
-1142
-2037
-4961
-8184
-8736
-7187
-6878
-7977
-7801
-6919
-8337
-10781
-9715
-5635
-3561
-4107
-3152
39
1809
1488
2738
6338
8692
8452
8524
10396
11608
10583
9266
9543
10368
10165
9244
8330
7079
5152
3172
2018
1815
1822
1077
-827
-2865
-3636
-3363
-3309
-3461
-2890
-2321
-3122
-4267
-3490
-1125
392
777
1850
3330
3566
2925
3246
4558
5191
5118
5491
5925
5148
3579
2538
1833
785
-123
-308
-671
-2306
-4336
-5392
-5624
-5858
-6005
-5537
-5010
-5209
-5513
-4816
-3232
-1869
-856
488
1991
2867
3047
3482
4359
4664
4044
3280
2956
2503
1338
1
-736
-1124
-1879
-2872
-3522
-3984
-4870
-5846
-5934
-5109
-4107
-3278
-2501
-1786
-1227
-1038
-2217
-5021
-7422
-7530
-6625
-7016
-7810
-7120
-6641
-8649
-10753
-9139
-5401
-4084
-4701
-3396
-355
980
886
2831
6542
8347
7782
8017
10063
11378
10805
10223
10715
11143
10494
9403
8654
7856
6461
4631
3208
2786
2684
1568
-777
-2731
-3152
-3056
-3463
-3596
-2864
-2799
-4447
-5645
-4346
-2078
-1162
-1027
-141
663
401
548
2320
4205
4538
4352
4920
5278
4537
3708
3691
3499
2364
1358
1142
624
-949
-2409
-2576
-2343
-2838
-3534
-3539
-3453
-4207
-4908
-4242
-2743
-1879
-1675
-1060
-54
555
1022
2054
3181
3347
2619
2029
1940
1726
1087
558
224
-492
-1718
-2703
-3065
-3559
-4536
-5117
-4792
-4316
-4019
-3241
-2138
-1626
-1571
-1492
-2370
-4959
-7269
-7290
-6563
-7287
-8152
-7293
-6810
-9004
-10954
-8985
-5449
-4679
-5341
-3687
-905
-284
-274
2463
6274
7336
6505
7312
9607
10621
10228
10496
11485
11492
10353
9448
9189
8746
7568
5970
4731
4288
3919
2443
182
-1220
-1448
-1915
-2942
-3230
-2835
-3672
-5795
-6593
-5139
-3631
-3377
-3033
-1997
-1738
-2359
-1813
319
2048
2475
2816
3496
3577
3333
3872
4706
4484
3580
3322
3487
2956
2049
1878
1964
1064
-384
-899
-663
-1088
-2172
-2504
-1962
-1885
-2576
-2812
-2124
-1616
-1715
-1426
-334
347
-183
-932
-872
-591
-902
-1238
-891
-637
-1542
-2960
-3524
-3324
-3317
-3504
-3310
-2933
-2767
-2423
-1639
-921
-437
38
-405
-2840
-5774
-6558
-5634
-5634
-6523
-6308
-5965
-8014
-10687
-9896
-6557
-5238
-6173
-5654
-3465
-2658
-2826
-792
2861
4571
4213
4814
6885
8331
8797
9709
10982
11389
10898
10484
10472
10516
10277
9450
8261
7493
7103
5982
4031
2690
2368
1631
32
-988
-1129
-2129
-4389
-5829
-5442
-4873
-5217
-5405
-4935
-5002
-5813
-5780
-4353
-2917
-2248
-1631
-830
-462
-265
687
2069
2728
2756
3111
3693
3721
3579
4142
4829
4350
3038
2363
2438
2129
1347
1023
1028
258
-1132
-1751
-1343
-1102
-1529
-1818
-1599
-1613
-2258
-2895
-2995
-2866
-2934
-3035
-2853
-2547
-2609
-3141
-3615
-3562
-3234
-3085
-3027
-2755
-2367
-2018
-1461
-635
176
761
677
-781
-3106
-4381
-4024
-3764
-4452
-4743
-4508
-5746
-8306
-9024
-7072
-5563
-5974
-6073
-4888
-4387
-4768
-3528
-475
1525
1598
1913
3340
4597
5480
6982
8682
9309
9069
9005
9254
9581
10075
10356
9821
8914
8442
8024
7068
6228
6024
5482
3996
2686
2229
1480
-196
-1579
-1960
-2389
-3366
-3940
-3942
-4495
-5684
-6269
-5993
-5739
-5635
-5110
-4462
-4327
-4271
-3558
-2487
-1743
-1247
-639
-21
480
1142
2101
3012
3403
3382
3304
3401
3705
4053
4304
4267
3744
2843
2096
1818
1733
1483
1088
626
-20
-827
-1509
-1953
-2330
-2765
-3199
-3595
-3944
-4204
-4403
-4595
-4703
-4666
-4599
-4569
-4421
-4135
-3912
-3723
-3255
-2450
-1588
-844
-191
409
959
1223
739
-335
-1044
-1022
-1106
-1638
-1857
-1845
-2889
-4825
-5676
-4984
-4490
-4778
-4608
-4057
-4496
-5301
-4475
-2369
-1092
-807
-225
498
636
1087
2751
4520
5143
5161
5341
5463
5658
6641
8037
8627
8388
8109
7880
7497
7437
7877
7908
7072
6139
5552
4795
3866
3377
3046
1989
534
-285
-612
-1262
-2034
-2395
-2837
-3788
-4419
-4099
-3658
-3860
-4132
-3915
-3673
-3693
-3385
-2577
-1966
-1866
-1736
-1243
-710
-298
193
677
881
928
1157
1532
1812
2039
2297
2409
2270
2085
1931
1525
779
27
-514
-1035
-1639
-2113
-2418
-2873
-3525
-3966
-3958
-3759
-3643
-3603
-3639
-3829
-4047
-3982
-3512
-2800
-2098
-1646
-1536
-1591
-1521
-1196
-658
60
723
1032
1030
1081
1373
1669
1680
1310
612
-209
-819
-1079
-1209
-1532
-2170
-3040
-3872
-4274
-4090
-3633
-3311
-3235
-3293
-3325
-3094
-2403
-1466
-706
-232
137
539
1042
1773
2688
3422
3768
3908
4138
4500
4864
5186
5451
5587
5502
5305
5261
5403
5491
5380
5205
5032
4671
4105
3624
3346
3043
2556
2135
1950
1727
1222
645
345
242
68
-129
-180
-199
-433
-814
-1028
-970
-824
-776
-862
-1033
-1285
-1572
-1721
-1602
-1268
-1019
-1037
-1224
-1353
-1337
-1263
-1171
-1067
-1022
-1182
-1491
-1666
-1583
-1452
-1520
-1750
-1970
-2129
-2248
-2322
-2362
-2449
-2663
-2890
-2920
-2704
-2421
-2253
-2210
-2189
-2097
-1855
-1465
-1020
-686
-548
-534
-526
-452
-308
-111
24
-12
-149
-175
-16
218
430
560
520
293
50
-37
21
91
63
-122
-430
-756
-1025
-1196
-1238
-1178
-1141
-1189
-1213
-1116
-994
-943
-867
-641
-340
-131
-28
34
60
71
198
518
897
1147
1228
1245
1317
1516
1856
2282
2678
2921
2960
2932
3046
3348
3672
3877
3952
3936
3859
3798
3849
3988
4069
3965
3689
3392
3193
3090
3034
2950
2758
2353
1806
1383
1264
1342
1332
1088
643
63
-557
-1015
-1161
-1111
-1189
-1540
-2041
-2473
-2743
-2857
-2831
-2780
-2884
-3224
-3620
-3823
-3778
-3612
-3444
-3330
-3300
-3338
-3303
-3097
-2794
-2510
-2268
-2045
-1870
-1719
-1508
-1241
-1022
-900
-809
-745
-810
-1015
-1226
-1321
-1357
-1431
-1502
-1564
-1674
-1815
-1814
-1542
-1147
-843
-677
-573
-509
-417
-129
370
790
885
757
650
642
690
831
1023
1078
890
643
534
506
455
408
390
314
213
221
321
360
325
311
290
221
243
459
668
684
664
824
1106
1363
1646
1997
2298
2500
2758
3147
3543
3801
3914
3935
3913
3930
4008
4108
4164
4116
3912
3583
3287
3124
3030
2855
2546
2114
1584
1027
563
217
-102
-489
-990
-1557
-2083
-2455
-2660
-2780
-2900
-3074
-3337
-3642
-3836
-3812
-3659
-3539
-3454
-3328
-3139
-2908
-2588
-2156
-1740
-1452
-1235
-971
-686
-474
-336
-232
-223
-326
-443
-500
-575
-782
-1081
-1375
-1638
-1858
-2004
-2100
-2244
-2414
-2478
-2373
-2205
-2048
-1894
-1758
-1673
-1543
-1225
-770
-356
-59
197
436
679
1019
1510
1982
2234
2276
2242
2218
2238
2328
2402
2320
2062
1756
1458
1154
906
747
589
325
46
-123
-223
-345
-476
-547
-584
-592
-525
-366
-217
-141
-88
14
174
375
603
822
998
1138
1299
1509
1773
2031
2181
2198
2173
2213
2318
2435
2529
2551
2427
2186
1970
1856
1749
1530
1204
796
346
-71
-334
-440
-541
-765
-1111
-1462
-1689
-1751
-1701
-1651
-1660
-1720
-1802
-1846
-1766
-1535
-1237
-975
-744
-516
-297
-94
122
349
511
577
578
543
466
345
213
65
-138
-397
-688
-974
-1230
-1438
-1585
-1704
-1811
-1910
-1990
-2031
-2014
-1919
-1770
-1591
-1386
-1204
-1078
-974
-802
-548
-309
-134
13
131
176
182
275
467
611
631
604
608
581
500
466
511
530
453
373
362
330
243
172
148
96
-23
-88
-61
-25
-41
-56
-7
48
55
63
125
216
278
325
419
560
673
719
776
891
1012
1098
1198
1347
1456
1441
1404
1455
1544
1562
1528
1488
1388
1173
920
753
639
471
218
-113
-482
-831
-1115
-1275
-1340
-1390
-1485
-1617
-1695
-1641
-1473
-1262
-1029
-794
-610
-429
-182
149
489
741
895
973
997
1008
1035
1049
1014
912
765
621
503
387
255
89
-108
-293
-447
-562
-651
-748
-871
-996
-1079
-1092
-1054
-1015
-992
-971
-922
-823
-660
-480
-332
-261
-245
-205
-94
56
197
302
341
316
274
281
349
448
536
565
520
436
370
333
324
333
309
226
123
55
8
-66
-147
-210
-287
-426
-561
-636
-663
-712
-775
-765
-694
-640
-607
-515
-380
-279
-216
-82
131
313
425
546
722
878
942
971
1021
1029
931
820
777
722
580
367
164
-39
-249
-413
-505
-598
-748
-908
-1003
-1003
-955
-888
-794
-712
-667
-592
-432
-210
8
163
264
325
386
482
600
692
719
691
638
588
562
565
569
538
458
367
282
204
137
81
32
-28
-68
-95
-121
-152
-187
-211
-233
-249
-248
-247
-263
-293
-333
-354
-360
-343
-286
-202
-131
-101
-66
-16
59
163
289
405
473
514
550
578
618
682
728
712
623
535
481
422
354
305
254
160
21
-93
-144
-197
-307
-423
-498
-566
-640
-685
-678
-671
-722
-780
-756
-652
-536
-437
-331
-221
-136
-60
62
244
396
444
434
413
401
375
340
297
211
72
-85
-219
-329
-432
-524
-576
-590
-579
-553
-535
-521
-496
-449
-375
-258
-133
-38
-1
-8
-6
31
88
145
194
225
236
234
250
300
387
442
445
428
401
367
337
340
384
413
385
317
223
113
14
-44
-70
-90
-138
-213
-304
-366
-380
-347
-314
-301
-311
-351
-392
-380
-295
-194
-113
-61
3
76
170
290
414
506
565
625
682
719
733
755
760
718
653
605
535
405
261
165
109
21
-98
-199
-289
-406
-510
-540
-509
-505
-559
-592
-561
-488
-401
-280
-147
-55
-44
-47
23
151
254
308
327
316
248
164
139
159
154
94
-5
-100
-183
-253
-290
-294
-278
-294
-347
-399
-427
-433
-412
-380
-337
-306
-312
-343
-372
-343
-271
-206
-152
-107
-75
-63
-38
14
84
131
141
132
136
153
168
182
198
218
222
222
224
220
204
168
134
127
144
156
142
100
56
3
-42
-61
-65
-72
-99
-122
-117
-101
-94
-84
-64
-27
7
43
80
102
108
122
166
233
296
335
352
349
349
381
453
525
539
492
422
349
279
241
248
240
173
50
-72
-158
-210
-242
-239
-222
-228
-274
-328
-320
-274
-231
-178
-108
-54
-50
-73
-69
-23
26
48
67
82
59
-6
-70
-93
-101
-124
-127
-112
-113
-138
-189
-231
-257
-261
-243
-222
-233
-277
-338
-385
-400
-363
-299
-258
-267
-308
-314
-286
-238
-164
-87
-40
-43
-53
-26
16
39
47
60
82
84
84
100
136
164
160
165
191
224
254
263
255
244
222
197
186
178
147
90
40
23
19
2
-22
-30
-32
-17
14
49
74
67
60
81
136
210
257
248
209
170
168
209
268
303
292
221
128
92
126
190
225
215
161
90
34
20
55
110
116
60
-22
-85
-101
-97
-79
-47
-37
-57
-87
-96
-67
-34
-12
-9
-16
-31
-53
-72
-76
-80
-88
-99
-113
-132
-150
-162
-194
-218
-223
-217
-196
-188
-195
-213
-241
-260
-258
-229
-189
-176
-183
-197
-210
-205
-178
-140
-117
-109
-119
-133
-135
-121
-99
-70
-48
-41
-43
-45
-42
-28
2
27
53
66
67
58
40
40
63
87
115
134
140
129
110
103
111
128
133
127
119
110
99
101
111
116
111
113
117
117
115
109
103
95
86
92
105
114
114
94
77
67
76
109
149
163
141
106
74
60
69
100
123
120
94
65
57
62
74
93
111
117
100
77
58
42
20
18
15
0
-23
-60
-107
-149
-166
-158
-132
-123
-129
-156
-193
-208
-185
-129
-71
-47
-55
-71
-85
-84
-56
-14
3
-17
-46
-76
-91
-91
-82
-77
-85
-115
-148
-162
-167
-153
-142
-129
-117
-107
-96
-83
-74
-69
-49
-31
-11
0
0
-11
-27
-33
-19
16
40
45
27
17
12
7
21
47
66
57
25
-5
-19
-18
-7
6
15
6
-7
-8
16
38
52
61
57
49
48
62
73
75
62
38
23
36
67
95
104
101
84
72
82
103
122
138
142
133
123
128
131
142
145
145
148
140
127
103
72
47
29
17
14
6
-31
-67
-87
-76
-45
-23
-17
-38
-74
-108
-115
-93
-56
-29
-29
-47
-64
-64
-38
-1
20
22
4
-29
-43
-33
-23
-15
-13
-22
-35
-53
-64
-61
-55
-54
-59
-67
-80
-99
-107
-93
-73
-64
-61
-66
-67
-53
-35
-14
0
-9
-35
-46
-40
-14
7
6
-13
-46
-70
-72
-49
-25
-17
-35
-61
-75
-71
-37
4
36
48
42
33
20
20
21
20
16
-4
-21
-38
-45
-38
-18
0
8
4
-9
-23
-34
-33
-29
-17
-2
8
12
22
43
67
94
118
128
126
122
119
118
128
144
154
154
150
142
134
118
99
82
77
66
50
39
28
9
-11
-19
-22
-27
-31
-41
-44
-49
-47
-33
-11
7
25
39
36
29
19
16
20
19
20
15
5
-9
-16
-22
-28
-22
-23
-31
-42
-61
-74
-74
-76
-78
-78
-71
-68
-69
-68
-67
-75
-88
-99
-107
-106
-98
-94
-91
-92
-90
-81
-64
-50
-43
-44
-52
-60
-58
-49
-28
-1
21
36
42
41
44
55
76
88
84
71
54
45
43
48
66
76
64
40
20
12
7
4
-4
-20
-47
-69
-68
-43
-9
16
26
20
17
13
24
44
55
52
38
26
27
42
59
61
49
29
12
1
-1
9
10
9
4
1
6
19
30
34
32
24
9
-3
-10
-10
-2
0
1
-6
-18
-21
-11
7
17
25
24
12
-9
-22
-11
-1
5
2
-5
-7
-10
2
28
40
42
36
33
35
42
46
50
55
42
30
23
27
33
25
11
-16
-52
-86
-113
-123
-132
-142
-148
-152
-146
-139
-116
-83
-61
-40
-26
-15
-2
7
17
26
33
42
43
48
54
60
63
56
50
41
30
18
7
-2
-9
-27
-38
-37
-37
-37
-38
-36
-34
-32
-22
-7
1
9
15
8
11
20
29
30
25
21
15
11
3
-1
-9
-24
-31
-33
-26
-22
-15
-7
2
3
9
25
36
40
42
45
60
76
82
81
76
65
52
43
37
25
2
-19
-40
-55
-56
-48
-43
-39
-27
-15
5
26
44
53
59
65
76
92
101
102
89
68
44
29
31
35
32
18
-7
-35
-47
-47
-36
-25
-19
-35
-78
-105
-112
-106
-80
-46
-30
-36
-44
-59
-70
-66
-32
-7
-3
0
-8
-25
-45
-35
-23
-17
-1
29
51
40
6
-29
-38
-34
-29
-19
-8
-34
-97
-152
-145
-89
2
132
252
307
256
152
63
-5
-25
12
57
33
-36
-105
-187
-231
-131
60
83
-38
-170
-276
-450
-508
-269
29
168
213
260
185
16
-13
129
244
292
339
290
104
-52
-57
25
102
193
213
80
-133
-292
-353
-334
-206
-34
84
81
19
-69
-119
-77
33
162
257
283
203
72
-18
-53
-68
-29
69
154
120
14
-60
-100
-105
-72
-13
18
-62
-236
-416
-445
-307
-42
249
493
644
580
380
184
88
40
6
-26
-93
-209
-338
-397
-325
-162
45
189
224
170
52
-70
-120
-51
89
225
266
205
96
-3
-85
-118
-65
15
-2
-123
-236
-281
-312
-276
-150
-23
-14
-49
-57
-89
-112
-61
38
10
-84
-132
-177
-258
-267
-138
-55
-93
-120
-68
-62
-88
3
182
301
303
310
307
230
146
124
164
207
244
192
54
-85
-160
-165
-115
47
195
178
40
-113
-216
-260
-159
58
220
243
153
4
-162
-224
-168
-39
87
159
132
26
-78
-125
-82
37
167
204
163
92
-7
-84
-48
86
179
179
173
124
-12
-125
-117
-36
-12
14
52
56
-1
-90
-151
-184
-168
-190
-233
-214
-136
-108
-127
-53
90
116
52
65
109
52
0
87
227
257
236
257
236
131
60
95
117
50
-45
-132
-228
-284
-248
-145
-28
7
-54
-157
-243
-306
-308
-179
-43
32
40
20
-87
-168
-142
-91
-29
41
95
4
-96
-112
-118
-113
-48
62
71
59
52
46
97
214
297
260
257
199
79
-27
-4
118
161
144
91
22
-86
-108
22
168
231
174
30
-145
-248
-261
-237
-112
70
90
-36
-74
-34
-140
-152
55
184
81
31
79
-96
-256
-77
210
244
211
312
185
-137
-224
-51
48
71
209
194
10
-168
-231
-214
-206
-136
-71
-47
-105
-177
-142
-108
-98
-4
171
191
55
39
110
18
-39
169
314
166
-10
17
-73
-294
-226
51
169
72
98
104
-24
-152
-74
75
59
72
42
-134
-397
-446
-299
-181
-50
167
316
125
-169
-229
-147
-124
-27
259
405
216
-2
-102
-137
-130
47
321
424
332
143
-84
-230
-202
-52
169
218
219
233
62
-180
-253
-22
61
-1
65
123
-60
-360
-359
-244
-211
-242
-78
115
82
57
3
57
5
26
32
-63
90
104
62
-54
46
154
-42
-24
131
228
39
-62
67
86
-38
-93
63
166
63
44
125
13
-159
-185
-89
-104
38
250
136
-52
-114
-178
-325
-163
246
311
341
347
122
-281
-364
-258
-308
-10
382
409
55
4
-72
-423
-446
44
355
332
380
266
-158
-535
-463
-288
-145
110
410
308
58
-235
-487
-494
-350
-91
64
475
485
17
-154
-169
-228
-401
88
514
340
166
-40
-199
-466
-318
-17
161
377
288
140
-25
-140
-236
-150
220
271
265
293
197
-185
-283
-131
-135
-152
59
253
-14
5
69
-33
-164
-22
97
-121
-28
88
10
-170
-108
24
-126
-25
140
89
-44
72
80
-126
48
199
218
110
193
188
-61
-8
66
79
0
57
45
-40
-134
-125
-10
42
105
-47
-40
-175
-242
-276
-165
90
-1
40
-3
-20
-46
-94
114
71
158
114
17
175
108
126
-42
78
108
-181
-51
-41
29
-108
-56
33
-137
55
-31
-106
-195
-73
-41
-240
78
29
-8
-22
68
51
-101
211
-42
-125
-57
53
-69
-195
95
93
-77
-46
39
113
-70
190
33
75
101
-14
-37
-113
149
-304
-88
87
-38
62
-17
66
-182
-29
-30
25
289
229
10
-43
15
-156
-105
-19
119
-36
-16
44
-235
-179
-43
-5
-116
166
376
-21
-116
110
130
-233
129
343
295
-64
70
28
-359
-111
-46
173
91
126
223
-104
-143
23
-226
-237
26
248
24
-191
100
-71
-284
-174
13
176
-95
198
266
-96
-164
-27
158
-25
-2
223
256
157
-104
-24
45
-45
-25
-76
246
9
-86
-246
-174
-5
-241
-123
-29
158
108
-114
47
-118
-39
-46
11
95
142
318
-70
86
-75
51
-170
49
185
-90
223
-160
-76
-328
-194
-100
-280
181
52
32
-20
47
55
-201
-3
100
148
40
-8
184
-19
-166
-103
90
-22
-206
282
259
-32
-189
175
49
-342
-44
131
5
-39
-7
76
-113
-117
2
-28
282
-118
20
47
70
-64
-40
289
-103
-35
72
118
-6
-27
247
-67
-175
78
-24
-178
-63
110
38
-370
181
80
-129
-10
-47
305
-185
29
56
-23
129
-146
149
-76
13
93
88
121
-25
87
-137
-62
-57
121
-41
71
117
-101
44
-222
-9
-150
21
77
-53
51
-43
62
-169
-158
-23
108
110
78
140
64
-22
-6
-100
112
139
-6
-149
69
-8
-195
-144
-6
-4
-116
-4
16
27
-124
-52
59
-165
86
50
32
-29
20
69
-92
212
-66
-6
-5
-7
-110
132
161
-104
49
-22
-21
-149
3
65
-4
240
-41
109
-59
34
-236
-71
123
-7
57
43
250
-209
-123
34
4
5
103
85
81
-71
42
-99
-257
42
-13
164
-106
141
145
-118
-38
-113
24
-59
97
18
46
75
-146
-117
-37
13
-131
32
49
-31
-45
-58
63
-88
139
9
85
46
23
121
-58
-48
-99
149
-77
-85
45
49
-110
-55
71
-57
3
93
63
-201
78
165
-74
-57
36
54
-108
-11
122
-131
122
34
28
-24
24
134
-270
150
151
26
-37
-61
192
-145
-80
-43
74
148
-236
50
-41
6
-145
47
85
-51
156
-18
80
-59
98
63
-62
25
111
67
-106
-84
26
-47
-129
-7
-11
49
-45
-122
-33
33
-44
-117
45
0
84
89
-47
42
-7
34
-169
-34
171
-55
7
-68
-65
-24
-74
-45
42
51
129
-93
-30
92
-138
7
4
203
22
-37
93
2
-47
-41
-41
72
19
58
-44
-38
112
-82
-83
-66
32
14
-112
38
43
75
-58
-54
28
-58
43
-129
182
107
80
-18
-7
59
-155
129
-85
27
58
43
38
-156
-2
-42
-97
-48
61
109
118
-80
-52
-24
-57
-54
-125
185
84
-43
12
61
-63
-77
-5
100
25
106
105
-75
7
-120
-68
-6
-24
102
79
-25
-65
-125
-7
-83
-28
40
-30
66
44
-56
-2
-29
46
104
15
-10
36
59
-136
-49
181
58
-34
59
64
-203
34
-72
14
94
-68
91
-36
18
-24
-90
-18
38
61
-36
43
106
-53
4
-137
84
49
33
-5
57
84
-219
159
-80
0
64
-140
31
-93
-20
-111
-3
115
-260
169
23
4
79
22
11
-71
109
-112
-36
129
-64
-76
31
-1
38
-146
123
-25
15
-41
-136
72
-28
-31
93
3
143
-92
-63
73
76
69
-43
68
84
-11
-93
21
-10
81
-131
-2
121
-139
-55
5
-46
8
15
102
-37
-28
56
-123
100
-120
138
94
-20
47
-65
91
-168
25
-133
16
138
-76
-14
16
44
-156
27
-67
-29
129
57
-41
31
66
-172
60
-25
-17
101
105
-60
24
36
-117
-36
17
-79
33
80
-75
-11
31
-101
2
-90
-45
152
66
-88
-28
145
-156
-114
34
23
-68
147
-11
-31
163
-51
-1
-32
141
-136
114
60
-113
126
-62
44
-88
-2
60
-123
55
29
43
-33
-72
131
-92
-73
72
66
6
88
43
-10
91
-74
-59
49
61
-8
-3
97
-40
6
-87
-63
25
45
-45
-62
154
-37
-97
-62
49
31
-93
-41
121
99
-160
24
86
-77
-121
151
-1
-89
118
-34
-19
-101
67
-15
-31
57
10
-26
75
-14
6
-92
-26
80
-174
-23
32
48
-161
42
19
1
-73
99
44
-31
54
32
55
-40
-66
73
17
-118
60
66
-49
-104
72
-56
-147
92
0
-88
49
-7
17
-84
30
31
-14
137
-103
156
-59
22
-55
-72
198
-184
123
-14
65
5
-130
56
-25
-49
21
23
25
-70
39
-2
-45
7
105
78
-69
13
100
26
-169
49
70
40
10
47
-15
-60
-19
-51
-87
78
92
-3
-17
-39
74
-104
-34
-12
78
34
4
66
-94
53
53
-116
26
78
72
-30
-57
90
-142
48
-95
21
36
14
32
15
-28
-70
133
-76
-36
101
65
-85
-35
102
-14
-33
-62
54
60
-82
13
48
84
-197
48
83
-128
10
66
0
-102
53
-6
-49
31
-2
16
-5
73
-80
-12
18
-72
39
-75
32
-31
-24
13
-34
8
-20
-78
3
66
-51
-84
117
13
-111
-57
51
98
-171
5
129
-51
3
-38
-42
59
-22
-29
-88
207
6
-134
73
47
-1
-64
53
63
-27
27
32
-53
49
-13
96
-31
10
36
21
9
-160
78
86
-144
-24
109
9
-68
64
2
62
-73
76
23
-59
68
-84
71
22
-42
32
60
83
-164
38
123
-49
-103
69
128
-154
-36
-50
199
-136
-102
142
76
-113
-126
220
-137
-66
-5
43
12
-147
146
-91
-54
0
14
-11
-52
63
-47
4
11
-30
-1
61
-39
40
12
28
39
-48
80
-40
43
-31
-80
149
-74
-39
44
34
-37
-84
148
-182
20
77
-81
20
18
77
-24
27
-49
112
54
-120
64
130
-100
-101
96
34
-187
75
75
-84
-33
80
6
-127
147
10
-60
-48
183
-43
-142
161
-29
4
-38
124
-70
-22
61
-52
-16
-36
68
-152
0
24
-44
-32
-59
85
-16
-72
99
-11
13
-61
44
-7
-54
117
-35
-21
-23
106
-115
-87
13
45
-76
2
43
-58
88
-46
-41
-64
48
49
-71
39
30
66
-18
-130
163
21
-87
-8
54
38
-79
100
-53
-53
59
37
-117
15
241
-20
-108
74
126
-101
-81
74
35
41
-23
30
-33
41
22
-130
-12
83
10
-66
-35
102
-80
17
17
-65
171
-26
5
-103
120
147
-232
50
70
-8
-91
-51
31
-28
-20
-33
-13
12
44
-142
-40
27
21
-12
-44
112
23
-38
-44
18
46
1
-14
8
96
-7
-88
-8
5
-12
-19
8
23
-10
48
-30
-68
59
83
-100
-16
60
59
-18
-45
76
-13
36
-2
-74
86
85
-71
-22
72
34
-68
-81
50
-29
-49
6
-11
-12
63
-90
-40
-13
23
-29
-71
120
23
-70
-45
69
-30
-34
-17
102
-20
-52
53
-87
17
13
-72
5
29
4
-49
22
15
-50
51
73
-24
-53
117
54
-198
44
93
-28
-23
22
50
-74
41
-48
-32
36
7
-9
-35
67
26
-56
21
49
11
2
1
29
14
6
-32
-13
34
31
-120
44
13
12
42
-72
130
15
-4
-30
-17
71
-23
-38
-5
35
29
-112
24
13
10
-10
-14
48
-9
10
-45
22
-43
-44
35
-7
8
-35
37
59
-51
32
39
19
5
4
-4
-38
64
-29
-49
-7
46
-67
-40
73
-73
-22
-17
82
-79
-13
68
-42
-4
-95
72
18
-24
23
-22
93
-74
16
-16
-40
42
-65
36
-11
28
-10
-81
63
-18
-26
54
37
52
-58
3
32
-56
-17
25
43
42
-33
16
6
-33
-77
-42
103
28
-11
5
3
-5
-144
30
6
5
35
10
47
-37
13
-1
21
22
53
2
23
-22
-67
18
-53
-51
44
26
-24
-65
10
31
-73
-23
84
28
-9
38
-25
44
22
-36
27
8
91
-38
-54
42
-46
-8
-76
108
10
-14
45
-106
52
-87
13
-56
7
89
-51
-44
-18
52
-24
-34
69
46
71
-13
-46
31
-16
-6
-31
26
49
5
-53
17
12
-50
-31
60
-12
27
41
-39
7
6
-27
-1
29
5
51
-15
13
-4
-34
22
-31
-6
30
14
-5
-21
23
4
-57
36
-18
-9
19
-6
33
-66
32
-44
-60
91
-53
-26
68
72
-54
-54
66
16
-120
-45
72
19
-51
-48
57
-86
8
-60
-37
64
54
16
-102
122
39
-116
-15
126
60
-69
107
20
-44
45
8
-27
-22
56
-5
-62
1
13
-20
-36
40
20
44
-13
-38
4
-3
-6
-64
66
17
-38
-40
-49
54
-87
-47
14
-17
57
-27
-19
-2
-13
6
-61
56
46
22
16
-11
36
-12
0
-1
24
67
-31
-46
39
-4
-113
-14
45
-6
14
24
20
21
11
-24
-64
9
52
-16
-21
7
88
16
-69
15
51
91
-67
-55
115
6
-35
-73
4
61
-59
-44
3
-9
9
-33
-39
28
52
-18
-28
40
56
-23
-44
84
37
23
-2
14
8
-10
-26
-57
-6
-4
-37
-74
6
-2
-62
-10
29
14
-4
49
23
-17
48
14
-57
-14
61
-31
-35
38
10
-53
17
-8
-61
19
63
-38
-15
95
22
-24
-3
66
-6
-17
57
21
27
13
8
10
-25
-2
2
-70
40
-14
-59
24
-25
-7
-65
35
-6
-54
34
0
12
-20
13
38
-4
24
-6
18
-6
-18
-14
-71
50
-19
-30
18
18
3
-29
-3
16
-5
-10
19
1
34
-57
-12
30
-19
8
-6
48
-22
-36
2
-48
8
-38
-40
9
13
-27
-50
17
-21
-15
-17
63
-1
10
58
-34
6
-8
39
-49
6
44
-25
40
-8
20
14
9
15
-47
59
-20
-15
24
-17
58
14
28
29
42
9
5
47
-38
23
11
8
-49
-21
53
-69
-9
-36
28
-21
-30
-13
-20
32
-26
1
-17
63
-15
-13
30
36
56
-11
15
41
11
-11
-16
3
2
-22
-40
-43
-36
-42
3
-33
6
34
14
-15
-4
4
-11
-22
2
16
0
27
-28
8
28
-20
-51
18
24
-65
-28
49
-3
-42
12
-1
17
-21
-18
44
3
34
18
17
23
-2
34
-14
5
2
43
26
-32
21
28
-7
-52
-19
7
-25
-27
0
-22
4
-19
-2
18
-1
39
-13
7
33
-53
0
7
-19
-22
12
17
-80
49
0
-77
24
20
8
-51
24
9
-42
42
-29
-4
60
-19
-18
1
16
6
-52
24
6
2
-1
-22
29
-27
-33
-1
10
-13
2
23
7
13
-18
4
45
-12
-12
10
50
-4
0
15
32
44
-17
35
7
37
-21
-19
36
-17
14
-6
10
10
-29
2
-1
0
22
-7
27
14
-19
-18
-5
4
-58
-5
26
-29
-37
22
-4
-46
20
2
24
19
22
-2
-6
-7
-58
-41
11
9
-39
5
31
7
-55
1
19
-17
0
12
27
13
-15
-30
15
3
-19
4
28
43
-7
-10
10
19
-15
-22
-12
13
-8
-19
-9
12
38
-20
-20
20
19
-48
-17
20
6
-5
13
21
20
-13
26
17
-35
-2
18
14
-33
14
34
-16
10
10
-9
15
10
-18
-17
18
-12
-48
-17
23
-17
-35
19
11
-12
-43
19
-6
-24
33
10
3
28
36
-12
-10
48
11
-5
1
12
-2
-39
-12
-38
-11
1
-21
-2
-21
-6
-7
-26
-3
0
29
14
-15
25
21
-6
-18
5
5
-22
15
19
-40
12
31
-18
-15
34
18
-24
13
15
8
-23
4
24
5
13
-11
34
21
-22
-10
17
8
-34
-19
29
-19
-25
8
-3
-1
-4
30
2
-4
23
-1
-3
-20
32
26
-37
14
9
1
-39
-8
28
-14
8
19
2
-1
5
-2
-11
16
30
-5
13
10
