0
0
0
0
0
0
1
1
1
2
1
1
0
-2
-3
-3
-2
-2
-1
-2
-2
-2
-3
-2
-2
-1
0
2
2
2
1
1
1
1
0
1
1
1
1
1
0
0
1
1
1
0
1
1
0
0
0
0
2
1
1
1
1
2
1
1
1
2
1
0
-1
-1
-2
-2
-2
-2
-3
-4
-3
-3
-3
-3
-3
-1
-1
0
0
2
3
3
5
6
6
5
5
5
3
3
2
3
1
0
0
-2
-1
-4
-4
-4
-4
-3
-4
-2
-2
-1
0
1
2
2
3
2
2
0
0
0
0
-1
-2
-2
-2
-2
-3
-2
-3
-4
-4
-4
-3
-2
-1
1
1
2
4
4
4
3
3
3
4
4
3
3
2
2
2
1
2
1
0
1
0
-1
-1
-1
-1
-1
-1
-1
-2
-3
-2
-3
-2
-2
-2
-2
-1
-1
1
2
2
2
2
1
1
-1
-2
-3
-3
-3
-3
-3
-2
-2
-2
-1
-3
-2
-3
-1
-1
-1
-1
-1
-1
0
-1
0
1
1
2
2
2
2
3
2
2
1
1
1
0
0
0
-1
-1
-2
-2
0
1
1
1
3
3
3
2
3
2
1
1
2
2
2
1
0
0
2
2
3
3
3
3
1
1
-1
0
0
0
-1
-3
-3
-2
-2
-2
-3
-2
-1
-1
1
1
1
-1
0
1
0
0
0
0
1
0
0
-1
1
2
1
1
1
0
-1
0
-1
-2
-1
-1
-1
-1
0
0
0
0
1
1
2
2
2
3
4
3
3
2
1
0
0
-1
-2
-3
-3
-4
-3
-3
-2
-2
-2
-2
-2
-1
-1
0
1
1
1
2
2
1
1
1
1
1
-1
0
0
1
0
-1
0
-2
-3
-2
-2
-2
-1
-2
0
-1
0
0
1
2
0
0
0
1
2
3
2
3
2
2
1
1
0
1
1
-1
-1
-2
-3
-3
-3
-3
-1
-1
0
1
0
1
1
1
0
0
1
1
0
0
0
0
-1
-1
0
1
1
1
0
0
-2
-1
-1
-1
-1
-1
0
1
2
3
3
2
2
2
2
3
3
2
2
2
1
3
3
3
2
0
-1
-2
-3
-4
-4
-4
-5
-4
-3
-4
-3
-2
-2
-1
0
1
0
0
0
1
0
1
1
0
1
1
-1
0
0
-1
0
-1
-1
-1
-1
0
-1
-1
-1
-2
-2
-3
-3
-2
-2
-1
1
0
2
2
3
3
4
4
3
3
3
2
3
2
1
1
0
0
-1
-3
-3
-3
-4
-4
-4
-2
-3
-2
-2
-2
-1
0
2
2
3
2
3
2
1
1
0
0
-1
-1
-1
-2
-2
-2
-3
-5
-4
-4
-3
-3
-1
0
1
2
3
5
5
7
5
7
7
6
5
4
5
3
3
3
0
1
-1
-2
-4
-6
-5
-6
-7
-7
-6
-5
-5
-3
-2
0
1
2
2
3
3
4
5
6
5
5
5
3
4
3
1
-1
-2
-4
-4
-3
-6
-5
-3
-3
-4
-4
-3
-1
-1
0
2
2
2
2
3
4
4
4
4
3
2
2
0
1
-1
-1
-2
-2
-2
-4
-3
-4
-4
-4
-6
-5
-4
-2
-1
-2
-1
0
1
2
2
2
3
3
3
3
4
4
3
2
1
0
-1
-1
-2
-3
-3
-4
-3
-3
-2
-1
1
1
1
0
2
3
3
3
3
3
4
4
4
4
3
4
3
2
1
-1
-1
-3
-3
-4
-5
-4
-5
-3
-2
-2
-2
-2
-2
0
1
0
0
1
1
2
1
2
2
1
2
2
2
1
1
1
1
-1
-1
-1
-2
-2
-2
-2
-4
-5
-4
-4
-3
-3
-3
-2
-1
1
0
1
2
2
2
3
2
2
2
2
2
1
0
-1
-2
-3
-4
-5
-5
-6
-6
-6
-5
-5
-3
-2
-1
1
2
3
3
4
6
7
7
7
8
7
6
4
3
3
2
1
0
-1
-1
-2
-1
-2
-1
-2
-2
-1
-1
-3
-2
-2
-3
-2
-1
-1
0
1
0
1
1
0
1
2
2
1
0
0
0
0
0
0
0
-2
0
0
-1
2
1
1
1
1
2
1
1
2
2
2
2
3
3
3
3
4
4
3
2
1
0
-1
-3
-3
-3
-3
-5
-6
-5
-7
-6
-6
-6
-6
-7
-7
-7
-6
-9
-7
-7
-5
-4
-3
-3
-2
-2
-2
-2
-1
-2
-1
0
1
-1
2
2
2
4
5
5
6
7
8
9
9
9
10
11
11
11
10
11
10
12
11
11
9
9
9
8
7
7
5
4
3
2
-2
-3
-3
-5
-6
-7
-8
-8
-8
-8
-9
-9
-10
-10
-10
-11
-11
-10
-10
-10
-11
-10
-9
-9
-10
-11
-10
-9
-8
-7
-7
-5
-5
-4
-2
-2
0
0
1
3
4
6
7
10
12
12
14
15
15
17
17
18
18
17
16
15
15
14
12
11
9
8
7
7
5
4
2
-1
-2
-3
-3
-3
-6
-6
-7
-9
-8
-10
-10
-10
-11
-12
-14
-14
-17
-18
-21
-22
-23
-25
-25
-27
-27
-28
-29
-28
-28
-28
-28
-28
-26
-24
-23
-22
-19
-15
-11
-7
-6
-5
-1
1
4
7
9
10
13
14
16
18
18
22
26
32
36
40
44
47
50
52
55
58
61
64
63
65
67
68
70
71
73
73
73
74
71
67
63
56
48
41
35
31
26
23
20
16
13
11
7
4
2
-1
-3
-4
-5
-7
-10
-13
-17
-22
-24
-29
-32
-37
-42
-48
-56
-66
-76
-86
-97
-111
-129
-149
-170
-195
-223
-255
-290
-326
-364
-400
-436
-470
-502
-528
-547
-557
-556
-547
-529
-506
-475
-435
-382
-321
-251
-174
-93
-4
89
188
289
389
487
581
667
750
828
903
967
1022
1065
1099
1123
1138
1142
1135
1120
1095
1062
1023
978
923
855
781
694
603
506
404
298
187
73
-42
-157
-276
-397
-517
-634
-748
-857
-964
-1067
-1164
-1255
-1336
-1405
-1462
-1503
-1527
-1535
-1525
-1499
-1455
-1393
-1317
-1224
-1121
-1008
-880
-739
-590
-434
-277
-114
51
218
385
548
706
855
993
1123
1245
1354
1447
1525
1587
1635
1669
1686
1684
1667
1635
1589
1530
1459
1372
1269
1150
1020
878
724
561
389
209
22
-171
-369
-564
-763
-963
-1163
-1360
-1553
-1736
-1911
-2077
-2233
-2382
-2519
-2643
-2744
-2822
-2873
-2892
-2885
-2849
-2776
-2664
-2518
-2343
-2142
-1922
-1680
-1413
-1124
-813
-494
-169
158
482
802
1118
1421
1709
1975
2218
2445
2657
2853
3030
3188
3322
3431
3514
3578
3619
3636
3629
3596
3540
3467
3371
3251
3108
2939
2752
2548
2330
2098
1852
1594
1322
1038
747
451
154
-144
-443
-740
-1032
-1315
-1591
-1857
-2109
-2350
-2585
-2808
-3015
-3203
-3372
-3522
-3646
-3745
-3818
-3858
-3870
-3849
-3787
-3683
-3541
-3363
-3156
-2917
-2642
-2328
-1989
-1631
-1261
-887
-504
-111
285
670
1035
1374
1699
2011
2304
2569
2794
2978
3133
3259
3360
3432
3464
3458
3420
3351
3249
3119
2964
2783
2583
2363
2128
1878
1613
1338
1055
765
469
161
-154
-475
-803
-1130
-1456
-1781
-2105
-2435
-2765
-3084
-3384
-3664
-3931
-4189
-4437
-4669
-4870
-5022
-5121
-5170
-5170
-5122
-5018
-4839
-4574
-4233
-3843
-3421
-2966
-2467
-1917
-1319
-695
-72
530
1115
1687
2258
2816
3338
3804
4213
4579
4916
5229
5505
5721
5868
5955
5998
6008
5982
5916
5805
5652
5467
5267
5053
4818
4551
4251
3926
3586
3233
2871
2497
2104
1699
1277
848
417
-20
-452
-880
-1306
-1723
-2133
-2524
-2902
-3258
-3592
-3902
-4195
-4468
-4708
-4908
-5066
-5175
-5241
-5272
-5258
-5205
-5096
-4928
-4705
-4446
-4159
-3847
-3502
-3119
-2700
-2260
-1823
-1394
-969
-531
-89
348
760
1127
1456
1764
2061
2350
2618
2846
3023
3158
3269
3358
3429
3471
3466
3428
3366
3286
3191
3076
2922
2731
2506
2262
2005
1736
1446
1135
819
506
194
-124
-457
-810
-1157
-1480
-1793
-2119
-2462
-2815
-3149
-3444
-3709
-3982
-4286
-4620
-4941
-5190
-5348
-5438
-5495
-5530
-5512
-5376
-5095
-4702
-4257
-3814
-3360
-2845
-2231
-1524
-767
-21
677
1344
2012
2694
3367
3979
4493
4913
5283
5631
5970
6272
6493
6613
6653
6647
6613
6547
6433
6251
6008
5732
5452
5180
4897
4576
4214
3817
3403
2988
2576
2168
1758
1353
956
559
164
-234
-640
-1052
-1469
-1885
-2293
-2692
-3083
-3448
-3784
-4105
-4418
-4735
-5046
-5324
-5557
-5740
-5878
-5969
-6014
-5998
-5895
-5697
-5412
-5061
-4680
-4276
-3824
-3316
-2752
-2160
-1576
-1031
-516
0
533
1061
1542
1950
2278
2560
2827
3083
3312
3483
3591
3634
3640
3634
3619
3583
3505
3390
3249
3105
2981
2855
2725
2578
2398
2189
1949
1689
1420
1150
857
536
182
-192
-554
-893
-1206
-1533
-1909
-2335
-2792
-3222
-3605
-3957
-4322
-4722
-5137
-5529
-5836
-6024
-6089
-6076
-6024
-5937
-5748
-5374
-4831
-4230
-3670
-3165
-2638
-2028
-1319
-546
232
960
1604
2198
2814
3476
4112
4601
4905
5129
5408
5783
6172
6483
6691
6814
6852
6799
6663
6480
6248
5950
5608
5321
5171
5117
5034
4842
4560
4218
3820
3371
2894
2421
1966
1532
1128
765
418
20
-532
-1263
-2098
-2901
-3601
-4229
-4800
-5284
-5652
-5937
-6174
-6403
-6675
-7009
-7328
-7483
-7354
-6926
-6231
-5328
-4301
-3248
-2253
-1369
-658
-147
215
518
828
1167
1542
1938
2280
2470
2484
2375
2191
1945
1685
1518
1528
1726
2077
2533
2988
3300
3388
3292
3101
2871
2649
2469
2330
2196
2057
1944
1834
1629
1251
714
81
-584
-1187
-1634
-1927
-2175
-2469
-2825
-3216
-3644
-4103
-4578
-5123
-5845
-6732
-7541
-7995
-8053
-7878
-7516
-6870
-5955
-4945
-3968
-2941
-1778
-599
438
1379
2380
3471
4520
5388
5993
6265
6178
5781
5154
4410
3726
3243
2925
2661
2519
2673
3085
3453
3599
3661
3820
4086
4436
4949
5633
6292
6711
6886
6898
6708
6213
5396
4337
3194
2162
1365
754
173
-456
-1081
-1682
-2291
-2869
-3315
-3600
-3758
-3751
-3488
-2973
-2401
-1996
-1829
-1854
-2028
-2342
-2772
-3260
-3786
-4381
-5007
-5503
-5781
-5906
-5902
-5615
-4932
-3981
-2960
-1880
-732
337
1197
1937
2656
3127
3160
2898
2542
2054
1383
704
144
-369
-795
-871
-509
30
528
1058
1692
2295
2774
3195
3546
3698
3648
3528
3356
2979
2314
1455
545
-323
-1069
-1628
-1995
-2192
-2261
-2314
-2468
-2763
-3138
-3496
-3730
-3764
-3650
-3468
-3232
-3064
-3420
-4692
-6535
-8056
-8772
-8912
-8617
-7483
-5315
-2735
-572
1006
2283
3305
3882
4110
4380
4930
5646
6228
6405
6053
5233
4022
2402
526
-1002
-1509
-948
140
1403
2943
4730
6221
6918
6998
6978
7037
7032
6991
7137
7413
7370
6658
5338
3681
1881
59
-1590
-2807
-3341
-3116
-2373
-1579
-1047
-727
-465
-316
-351
-340
8
602
1067
1254
1268
1038
260
-1128
-2742
-4151
-5220
-5998
-6552
-7010
-7527
-8003
-8074
-7513
-6410
-4884
-2923
-653
1552
3370
4685
5392
5331
4577
3499
2363
1143
-166
-1361
-2300
-3058
-3690
-4062
-4008
-3493
-2517
-1088
643
2377
3884
5073
5862
6138
5902
5288
4420
3374
2341
1513
873
149
-835
-1860
-2594
-2950
-3075
-3099
-3014
-2739
-2227
-1589
-1101
-940
-1029
-1256
-1679
-2216
-2499
-2476
-2932
-4686
-7329
-9512
-10484
-10665
-10472
-9465
-7157
-4040
-1131
1136
3013
4624
5714
6202
6467
6918
7513
7842
7494
6346
4593
2504
159
-2305
-4245
-4749
-3608
-1611
447
2563
4899
6973
8078
8236
8129
8180
8309
8443
8662
8792
8308
6865
4632
2071
-407
-2489
-3932
-4576
-4358
-3305
-1696
-112
920
1352
1475
1465
1345
1358
1767
2414
2804
2626
1989
953
-644
-2794
-5003
-6675
-7566
-7817
-7738
-7683
-7858
-8069
-7848
-6898
-5276
-3137
-600
2057
4350
5869
6435
5982
4563
2520
407
-1412
-2908
-4091
-4825
-5053
-4942
-4649
-4131
-3268
-2025
-409
1547
3616
5407
6613
7130
6956
6141
4836
3296
1721
255
-916
-1621
-1932
-2156
-2511
-2888
-3000
-2730
-2232
-1710
-1232
-774
-368
-109
-26
-59
-209
-575
-1110
-1510
-1647
-2102
-3773
-6714
-9742
-11545
-11910
-11393
-10136
-7764
-4360
-836
1936
3898
5400
6488
6979
7011
7058
7402
7779
7633
6609
4779
2442
-200
-2978
-5322
-6273
-5269
-2803
97
2881
5561
7928
9368
9600
9110
8565
8158
7803
7551
7423
7041
5860
3734
1053
-1627
-3895
-5455
-6076
-5623
-4124
-1856
586
2529
3626
3981
3834
3360
2802
2483
2467
2403
1914
991
-205
-1718
-3703
-5934
-7736
-8560
-8556
-8331
-8175
-7842
-7055
-5859
-4324
-2294
213
2709
4692
6069
6826
6616
5226
3083
810
-1301
-3278
-4865
-5699
-5866
-5675
-5186
-4292
-3102
-1808
-350
1407
3272
4842
5896
6407
6304
5519
4239
2807
1359
-120
-1487
-2401
-2740
-2806
-2918
-3053
-3017
-2810
-2538
-2126
-1463
-685
-174
-96
-277
-432
-474
-543
-666
-680
-738
-1487
-3563
-6775
-9942
-11897
-12404
-11848
-10287
-7514
-3771
12
2960
4956
6295
7071
7254
7051
6931
7207
7593
7425
6312
4392
2031
-614
-3430
-5814
-6747
-5675
-3070
95
3283
6371
9015
10522
10609
9842
8917
8112
7321
6630
6173
5676
4576
2582
15
-2562
-4722
-6193
-6649
-5897
-3946
-1148
1758
4031
5313
5698
5420
4660
3585
2579
1917
1417
717
-334
-1627
-3113
-4885
-6855
-8439
-9097
-8990
-8780
-8633
-7965
-6434
-4318
-2006
461
2998
5151
6496
7114
7037
5955
3863
1304
-1078
-3100
-4791
-5968
-6375
-6181
-5660
-4796
-3557
-2124
-660
1023
2994
4852
6103
6647
6663
6093
4792
2972
1106
-539
-1904
-2857
-3114
-2778
-2317
-1998
-1680
-1254
-1041
-1240
-1604
-1713
-1682
-1719
-1642
-1259
-711
-447
-509
-535
-662
-1799
-4493
-8084
-11130
-12657
-12757
-11669
-9307
-5861
-2120
1079
3438
5083
6120
6564
6632
6600
6643
6865
7139
6935
5683
3449
800
-1874
-4474
-6482
-6828
-5027
-1877
1492
4673
7690
10134
11296
11030
10021
8935
7896
6956
6290
5878
5278
3924
1718
-926
-3512
-5560
-6627
-6462
-5105
-2750
196
3025
5023
5932
6032
5611
4657
3345
2217
1563
1051
182
-1087
-2474
-4022
-5984
-8096
-9589
-9988
-9459
-8368
-6764
-4679
-2501
-602
1023
2528
3765
4466
4716
4790
4503
3531
1865
-172
-2297
-4373
-6041
-6903
-6838
-6096
-4708
-2774
-642
1227
2643
3824
4720
5155
5148
5007
4807
4285
3355
2232
970
-516
-1971
-2979
-3301
-3134
-2692
-1905
-975
-398
-320
-549
-813
-1087
-1528
-1939
-2002
-1628
-1053
-632
-543
-701
-1453
-3581
-7121
-10935
-13309
-13684
-12698
-10730
-7571
-3437
543
3408
5146
6295
6897
6904
6725
6778
7096
7294
7099
6087
3935
952
-2043
-4540
-6495
-7383
-6298
-3136
862
4438
7389
9924
11641
11864
10903
9747
8824
7828
6652
5647
4901
3825
1888
-706
-3359
-5574
-6882
-6863
-5490
-3139
-193
2904
5454
6832
6979
6363
5316
3929
2418
1303
721
111
-996
-2574
-4327
-6190
-8148
-9759
-10370
-9925
-8810
-7187
-5034
-2385
291
2538
4247
5274
5458
4961
4192
3291
2071
344
-1618
-3422
-5057
-6371
-7054
-6906
-6020
-4582
-2654
-404
1857
3650
4922
5685
5760
5016
3744
2555
1714
1052
361
-200
-549
-895
-1335
-1686
-1688
-1368
-992
-626
-201
104
91
-230
-837
-1601
-2305
-2732
-2628
-2071
-1373
-708
-572
-1942
-5071
-9007
-12101
-13306
-13014
-11668
-8971
-4959
-565
3000
5128
6266
6705
6259
5364
4825
5075
5836
6327
6059
4895
2748
-71
-2985
-5493
-6975
-6720
-4397
-650
3305
6759
9591
11512
11940
10840
9159
7831
6915
6142
5562
5210
4598
2996
431
-2299
-4574
-6037
-6439
-5494
-3203
-133
2994
5599
7175
7417
6541
5089
3588
2315
1430
928
434
-495
-1977
-3835
-5829
-7871
-9676
-10624
-10343
-9058
-7135
-4685
-1835
1019
3269
4694
5397
5418
4828
3966
3147
2226
921
-811
-2683
-4403
-5917
-7014
-7267
-6593
-5115
-3183
-1069
1038
2834
4090
4755
4845
4374
3399
2234
1322
790
372
35
-259
-414
-607
-914
-982
-769
-528
-557
-613
-500
-414
-716
-1537
-2535
-3409
-3999
-4062
-3337
-2009
-655
-184
-1555
-4694
-8660
-11816
-13084
-12665
-10967
-8022
-4036
141
3400
5248
6089
6276
5737
4813
4150
4373
5299
6028
5760
4366
2062
-684
-3354
-5430
-6217
-5210
-2536
1016
4542
7606
10039
11509
11603
10501
9057
7913
7060
6337
5767
5251
4324
2511
-53
-2676
-4771
-5933
-5919
-4649
-2344
411
3020
5006
6073
6132
5386
4217
3097
2361
1981
1712
1132
-53
-1824
-4037
-6337
-8280
-9639
-10357
-10323
-9468
-7650
-4980
-1949
956
3389
5147
6160
6423
6009
5064
3799
2321
683
-1198
-3175
-4944
-6268
-6940
-6853
-5943
-4315
-2255
-134
1818
3469
4663
5188
4932
4104
2979
1866
806
-190
-980
-1526
-1810
-1886
-1784
-1441
-992
-723
-411
-125
-189
-669
-1558
-2446
-3093
-3686
-4009
-3640
-2892
-2062
-1740
-2876
-5569
-9198
-12116
-12867
-11793
-9711
-6684
-2883
846
3521
4825
5509
5895
5632
5028
4780
5215
5829
5912
5159
3426
815
-2117
-4498
-5750
-5663
-4101
-1086
2530
5612
7841
9546
10793
11110
10416
9452
8865
8400
7631
6558
5331
3649
1079
-1970
-4460
-5716
-5770
-4799
-2914
-391
2144
4059
5206
5565
5182
4384
3584
3020
2700
2412
1901
919
-785
-3168
-5693
-7785
-9029
-9285
-8828
-7922
-6768
-5456
-3901
-2057
-9
1996
3672
4777
5381
5535
5052
3838
1973
-193
-2325
-4133
-5371
-5825
-5510
-4698
-3489
-2026
-560
675
1565
2321
3066
3617
3728
3430
2986
2429
1719
795
-283
-1338
-2149
-2493
-2283
-1577
-811
-104
519
802
721
176
-890
-2215
-3446
-4264
-4304
-3707
-2935
-2364
-2849
-5039
-8483
-11906
-13626
-13055
-10993
-8084
-4529
-796
2401
4420
5254
5605
5640
5356
5154
5396
6068
6515
5970
4123
1269
-1953
-4685
-6304
-6533
-5197
-2446
1053
4158
6295
7788
9097
10192
10654
10668
10762
10970
10707
9622
7840
5444
2359
-1200
-4231
-5859
-6036
-5145
-3591
-1669
206
1753
2936
3786
4311
4625
5020
5500
5769
5501
4539
2773
76
-3208
-6266
-8262
-8976
-8713
-8138
-7959
-8367
-8953
-8844
-7447
-4708
-998
2957
6351
8713
9758
9428
7778
4925
1516
-1688
-4164
-5613
-6100
-5961
-5546
-5148
-4675
-3871
-2695
-1137
949
3534
6073
7734
8131
7432
5999
4123
2042
159
-1297
-2463
-3273
-3454
-3058
-2419
-1996
-1893
-1953
-2091
-2206
-2130
-1825
-1481
-1336
-1300
-1190
-953
-984
-2262
-5338
-9440
-12939
-14269
-13287
-11084
-8307
-5155
-2137
261
1749
2797
4143
5618
6758
7646
8387
8895
8653
7031
4111
589
-2659
-5013
-6356
-6593
-5452
-2992
-110
2131
3510
4664
6038
7509
8797
10068
11475
12437
12230
10804
8588
5932
2802
-607
-3476
-5074
-5296
-4564
-3437
-2271
-1327
-697
-150
665
1963
3747
5685
7193
7870
7443
5999
3729
711
-2596
-5581
-7728
-8853
-9348
-9630
-9539
-9005
-8034
-6564
-4613
-1993
1004
3752
6005
7604
8324
7992
6706
4802
2584
119
-2388
-4411
-5671
-6304
-6460
-6081
-5110
-3718
-2174
-487
1452
3344
4801
5549
5664
5282
4488
3548
2613
1529
154
-1205
-2188
-2696
-2847
-2885
-2837
-2836
-3142
-3488
-3511
-3227
-2780
-2357
-1999
-1359
-465
272
261
-1683
-5620
-10012
-12919
-13407
-12113
-10164
-7751
-5075
-2935
-1638
-729
646
2589
4525
6218
7992
9690
10605
10074
7962
4808
1444
-1390
-3317
-4251
-4152
-3086
-1574
-454
47
637
2099
4333
6661
8715
10565
12084
12558
11749
10170
8227
5868
3101
444
-1396
-2357
-2897
-3286
-3650
-3983
-4118
-3776
-2680
-886
1272
3385
5079
5991
6099
5659
4713
3352
1623
-235
-1872
-3179
-4571
-6403
-8879
-11412
-12786
-12354
-9972
-6258
-2091
1715
4549
6163
6998
7378
7418
7230
6711
5743
4168
1834
-988
-3806
-6282
-7981
-8465
-7687
-6004
-3893
-1675
474
2249
3528
4514
5410
6133
6502
6522
5988
4647
2656
557
-1054
-2112
-2899
-3449
-3848
-4275
-4831
-5361
-5589
-5346
-4702
-3766
-2532
-1262
-427
-1197
-4100
-8231
-11516
-12378
-11130
-9160
-7187
-5280
-3738
-2908
-2678
-2046
-283
2155
4533
6586
8192
9052
8629
6812
4357
2185
882
289
-13
-245
-217
7
31
-362
-690
-42
1768
4272
6789
9123
10838
11408
10737
9441
8215
7098
5812
4346
2963
1620
122
-1554
-3060
-4072
-4449
-4191
-3298
-1907
-329
1083
2080
2591
2841
3130
3473
3657
3422
2687
1330
-854
-3612
-5984
-7305
-7714
-7743
-7594
-6988
-5947
-4792
-3518
-1873
20
1721
3040
4241
5320
5754
5134
3688
2051
694
-189
-569
-644
-844
-1393
-2243
-3032
-3408
-3148
-2199
-817
551
1631
2355
2769
2940
2888
2743
2564
2420
2344
2197
1888
1264
114
-1297
-2800
-4150
-4886
-5119
-4963
-4634
-4374
-3855
-2900
-2245
-3047
-5816
-9604
-12073
-11956
-9967
-7393
-5236
-3628
-2682
-2641
-2837
-2110
22
2748
4990
6473
7375
7627
6739
4775
2621
1270
959
1141
1236
1130
1047
882
225
-701
-988
212
2664
5340
7484
8886
9442
9040
8068
7411
7483
7735
7360
6194
4617
2892
1008
-874
-2391
-3213
-3318
-2920
-2306
-1801
-1513
-1382
-1208
-728
99
1245
2536
3523
3687
2929
1507
-113
-1579
-2997
-4372
-5570
-6532
-7077
-7144
-6751
-5912
-4716
-3305
-1580
434
2483
4302
5519
6002
5643
4582
3311
2334
1687
1131
529
-103
-796
-1707
-2499
-2744
-2335
-1578
-804
-55
632
998
1176
1614
2363
3073
3268
3142
2942
2381
1217
-164
-1374
-2188
-2762
-3379
-3824
-4202
-4584
-4796
-4564
-3814
-2936
-3150
-5412
-8935
-11681
-11909
-10154
-8195
-6772
-5585
-4689
-4490
-4542
-3535
-725
2774
5278
6491
7028
7098
6345
4728
3143
2553
2842
3071
2691
1825
975
267
-605
-1456
-1423
1
2245
4383
5966
7207
8071
8221
7935
8159
9153
10015
9733
8205
6156
4027
1834
-118
-1283
-1641
-1670
-1916
-2471
-2931
-3089
-2961
-2655
-2155
-1199
205
1474
2088
1971
1436
634
-616
-1967
-2649
-2580
-2443
-2932
-3994
-4956
-5476
-5402
-4523
-3061
-1638
-764
-367
48
695
1427
2112
2592
2740
2588
2411
2287
2005
1516
946
514
188
-64
-76
118
90
-231
-633
-967
-873
-300
584
1513
2069
2228
2190
1915
1501
1247
1088
869
266
-908
-2303
-3575
-4408
-4620
-4130
-3152
-2355
-3191
-6361
-10390
-12698
-12019
-9781
-7897
-6735
-5785
-5201
-5338
-5363
-3789
-392
3186
5582
6788
7379
7261
6001
4173
3049
3326
4263
4447
3235
1314
-286
-1256
-1740
-1514
-102
2032
3571
3988
4035
4625
5582
6291
7022
8405
10048
10741
9934
8283
6663
5087
3407
2100
1483
1147
151
-1745
-3738
-4930
-5154
-4697
-3820
-2727
-1649
-1005
-1047
-1340
-1220
-465
439
761
462
87
-194
-605
-1397
-2394
-3174
-3581
-3592
-3209
-2680
-2531
-2822
-3178
-2924
-1756
-148
1221
1892
1934
1661
1551
1856
2392
2854
2945
2564
1823
959
160
-242
-346
-491
-612
-721
-695
-546
-445
-344
78
629
1070
1508
1712
1789
1495
624
-368
-1118
-1549
-1667
-1435
-1098
-1132
-2872
-6746
-10927
-13045
-11975
-9326
-7454
-6990
-7179
-7542
-7933
-7517
-5353
-1377
2655
5013
5902
6328
6666
6431
5638
5188
5695
6355
5875
4000
1514
-561
-1889
-2448
-1971
-306
1780
2783
2176
1093
1148
2755
4986
7114
8975
10193
10018
8460
6718
5899
5988
6129
5856
5192
4036
2137
-318
-2537
-3863
-4173
-3924
-3646
-3482
-3441
-3506
-3719
-3892
-3531
-2396
-901
200
596
464
180
-81
-201
0
299
389
98
-521
-1381
-2337
-3161
-3654
-3674
-3289
-2612
-1856
-1288
-938
-627
-167
566
1518
2496
3306
3756
3540
2822
2068
1640
1457
1084
482
-190
-648
-923
-1035
-795
-252
191
153
-251
-694
-488
5
223
-4
-540
-671
-508
-227
136
419
-693
-4175
-8761
-11828
-11347
-8950
-7398
-7605
-8633
-9430
-9882
-9430
-7308
-3385
545
2661
3270
3631
4635
5785
6451
6847
7416
7981
7483
5708
3396
1698
912
378
20
244
1003
1132
154
-796
-180
2026
4243
5686
6687
7398
7308
6474
6031
6777
7984
8328
7538
6206
4707
3053
1370
129
-466
-902
-1731
-3088
-4565
-5555
-5852
-5721
-5521
-5209
-4658
-3904
-3127
-2450
-1644
-697
109
644
1035
1301
1408
1365
1268
1127
753
17
-844
-1546
-2065
-2403
-2654
-2757
-2679
-2372
-1742
-848
140
1019
1699
2034
2055
1951
1927
2106
2281
2333
2146
1597
824
-14
-485
-402
62
584
843
636
-16
-664
-1139
-1258
-1139
-1017
-871
-693
-249
83
-832
-3925
-8040
-10540
-10132
-8318
-7694
-8728
-10020
-10637
-10670
-9877
-7370
-3397
70
1413
1294
1590
2972
4815
6379
7653
8618
8674
7296
4929
3076
2763
3520
3799
2920
1532
392
-460
-1045
-762
823
2970
4370
4851
5116
5440
5554
5602
6320
7826
8982
8780
7427
5743
4280
3168
2494
2162
1703
636
-1047
-2950
-4624
-5611
-5801
-5474
-5216
-5339
-5576
-5564
-5055
-4087
-2764
-1379
-320
193
285
310
569
1160
1749
1851
1201
117
-816
-1282
-1418
-1506
-1637
-1855
-2208
-2560
-2583
-2090
-1217
-216
668
1273
1480
1213
924
1051
1655
2357
2524
2164
1509
975
797
904
1157
1274
1091
421
-358
-982
-1332
-1260
-1027
-708
-538
-510
-324
-206
-1267
-4149
-7296
-8417
-7055
-5584
-6329
-8646
-10505
-10968
-10529
-9177
-6395
-2865
-455
-246
-851
-323
1771
4382
6399
7673
8231
7787
6173
4255
3543
4346
5348
5019
3413
1867
942
229
-226
259
1661
2790
2819
2557
3077
4017
4564
5018
6095
7454
7940
7277
6397
6032
5868
5368
4487
3387
2075
480
-1091
-2272
-2968
-3344
-3732
-4305
-5165
-6036
-6452
-6176
-5213
-4000
-3020
-2549
-2407
-2091
-1332
-401
245
546
637
515
173
-206
-245
4
64
-375
-1126
-1773
-2101
-2160
-2024
-1691
-1298
-1011
-850
-701
-374
93
686
1223
1570
1681
1457
1133
920
1132
1733
2291
2407
2009
1430
867
402
-11
-284
-289
-235
-374
-614
-473
82
-91
-2225
-5613
-7813
-7317
-5599
-5394
-7264
-9377
-10244
-10310
-10052
-8649
-5676
-2663
-1602
-2086
-1970
-148
2409
4470
6068
7491
8197
7477
5893
5049
5663
6670
6423
4735
2858
1742
1130
611
612
1353
1931
1540
813
1036
2324
3599
4343
5125
6199
6900
6792
6456
6637
7069
6931
6008
4745
3493
2215
897
-218
-1068
-1919
-3038
-4346
-5510
-6319
-6661
-6560
-6176
-5655
-5079
-4522
-4050
-3555
-2857
-1853
-671
308
829
855
583
363
475
959
1383
1224
340
-876
-1739
-1874
-1353
-701
-449
-716
-1182
-1470
-1348
-870
-351
61
218
288
449
615
776
963
1367
1744
1827
1670
1595
1792
1901
1652
1004
368
40
-67
-120
-201
-169
-363
-1598
-4279
-7004
-7693
-6323
-5130
-6087
-8362
-9790
-9769
-9178
-8350
-6755
-4596
-3189
-3168
-3259
-1917
669
3096
4553
5393
6049
6340
6049
5843
6520
7699
8041
6709
4620
3278
2979
2966
2811
2751
2627
1799
405
-261
580
2088
3054
3359
3623
3958
4177
4609
5694
7105
7785
7227
5912
4502
3426
2820
2525
2020
723
-1251
-3114
-4327
-5024
-5565
-6034
-6350
-6536
-6589
-6316
-5644
-4719
-3756
-2820
-1951
-1248
-690
-115
498
925
1107
1204
1266
1158
716
82
-501
-905
-1069
-1054
-967
-916
-863
-860
-934
-1029
-971
-709
-478
-402
-363
-275
-189
-132
114
746
1502
1890
1860
1687
1680
1724
1579
1332
1167
1149
975
582
322
306
-147
-1962
-4619
-6340
-6184
-5440
-6059
-8011
-9619
-9858
-9291
-8635
-7475
-5529
-3764
-3228
-3332
-2483
-327
1968
3460
4441
5304
5724
5355
4878
5400
6783
7656
6951
5199
3789
3323
3367
3488
3752
3909
3217
1686
585
888
2032
2748
2812
2918
3216
3270
3229
3795
5018
5933
5757
4933
4271
3904
3626
3366
3071
2339
824
-1088
-2559
-3256
-3603
-4068
-4778
-5630
-6442
-6968
-6830
-5997
-4927
-4088
-3614
-3289
-2769
-1895
-823
136
752
1037
1222
1436
1602
1582
1365
1016
522
-28
-501
-776
-853
-849
-955
-1297
-1674
-1774
-1500
-1105
-804
-668
-654
-643
-455
150
1046
1818
2197
2243
2156
1998
1763
1561
1498
1497
1347
1003
616
383
123
-832
-2862
-5072
-5950
-5353
-4957
-6243
-8399
-9601
-9425
-8812
-8283
-7259
-5746
-4718
-4520
-4106
-2420
25
1999
3164
4094
4949
5283
5122
5274
6337
7627
7829
6569
4887
3946
3879
4047
4119
4157
3846
2831
1631
1296
2036
2840
2996
2923
3137
3376
3307
3433
4309
5469
5840
5146
4158
3523
3249
3187
3219
2981
1965
285
-1231
-2087
-2574
-3167
-3981
-4799
-5509
-6053
-6287
-6153
-5813
-5397
-4912
-4407
-3959
-3434
-2672
-1812
-1115
-569
109
898
1405
1429
1153
924
790
775
833
881
812
535
124
-433
-985
-1284
-1218
-953
-856
-928
-999
-1057
-1071
-797
-47
901
1572
1691
1608
1622
1639
1693
1775
1815
1717
1377
953
654
501
245
-560
-2305
-4433
-5685
-5666
-5418
-6302
-8088
-9214
-9102
-8577
-8213
-7445
-5992
-4762
-4385
-3950
-2356
-102
1614
2611
3581
4595
4996
4833
4944
5827
6854
7049
6211
4983
4188
4033
4160
4257
4254
3985
3240
2313
1995
2618
3412
3529
3182
3067
3202
3209
3290
3926
4801
5022
4423
3785
3579
3528
3417
3387
3245
2365
706
-810
-1480
-1684
-2146
-3009
-3995
-4976
-5836
-6254
-6089
-5707
-5477
-5330
-4960
-4351
-3667
-2981
-2294
-1668
-1147
-525
263
879
1003
805
668
638
555
493
562
601
360
-68
-434
-644
-693
-567
-322
-246
-439
-720
-886
-930
-756
-200
644
1300
1406
1209
1115
1220
1393
1576
1755
1748
1463
1061
795
727
584
-95
-1740
-3881
-5313
-5398
-5102
-5914
-7710
-9054
-9258
-8958
-8647
-7810
-6336
-5099
-4706
-4305
-2823
-719
930
1888
2845
4029
4837
5098
5368
6122
6985
7197
6545
5584
4995
4838
4788
4638
4420
4050
3293
2497
2343
2949
3527
3426
3027
3001
3285
3423
3541
4042
4662
4714
4116
3548
3385
3342
3142
2870
2493
1661
369
-777
-1324
-1555
-1975
-2680
-3561
-4489
-5271
-5581
-5338
-4951
-4823
-4912
-4911
-4609
-4017
-3238
-2463
-1889
-1564
-1198
-579
78
477
568
516
461
448
491
614
740
649
301
-185
-563
-696
-652
-577
-620
-716
-795
-893
-988
-873
-412
170
545
743
1063
1467
1652
1650
1651
1621
1431
1098
890
829
743
536
7
-1307
-3255
-4672
-4802
-4424
-5002
-6690
-8171
-8692
-8648
-8394
-7609
-6290
-5220
-4876
-4562
-3374
-1562
12
1122
2174
3312
4111
4491
4894
5689
6581
6987
6651
5951
5436
5251
5203
5133
5061
4857
4237
3399
3035
3393
3783
3560
3050
2944
3200
3376
3577
4109
4605
4411
3703
3245
3250
3260
3020
2694
2207
1259
75
-699
-959
-1251
-1925
-2799
-3696
-4618
-5376
-5568
-5271
-5076
-5204
-5328
-5198
-4849
-4305
-3525
-2706
-2193
-1924
-1510
-824
-154
248
490
612
572
484
595
903
1054
883
553
247
19
-111
-143
-181
-325
-549
-752
-960
-1082
-815
-214
273
346
337
643
1089
1295
1284
1346
1348
1077
770
745
938
971
768
274
-940
-2812
-4342
-4612
-4199
-4535
-5908
-7304
-7957
-8120
-8034
-7338
-6082
-5074
-4857
-4759
-3832
-2222
-704
459
1537
2570
3266
3628
4042
4818
5740
6313
6304
5873
5468
5321
5237
5073
4939
4841
4520
3878
3389
3441
3648
3488
3185
3258
3615
3807
3851
4167
4645
4672
4184
3838
3929
4009
3646
2974
2252
1433
505
-268
-769
-1251
-1936
-2746
-3522
-4229
-4840
-5143
-5116
-5040
-5107
-5166
-5001
-4668
-4310
-3855
-3187
-2525
-2112
-1763
-1201
-542
-128
1
30
10
-80
-60
248
578
598
381
214
174
121
21
-102
-301
-560
-716
-715
-643
-528
-339
-85
106
249
523
914
1155
1153
1084
1022
819
512
410
644
838
717
389
-216
-1406
-3018
-4072
-3964
-3567
-4236
-5915
-7279
-7706
-7652
-7396
-6573
-5367
-4743
-4902
-4748
-3503
-1748
-333
718
1708
2483
2841
3174
3880
4830
5677
6216
6284
5839
5266
5050
5142
5159
5067
4995
4705
4040
3506
3566
3863
3763
3404
3338
3497
3521
3575
3994
4388
4154
3547
3315
3462
3339
2864
2473
2125
1397
408
-296
-694
-1285
-2152
-2877
-3345
-3855
-4386
-4625
-4591
-4646
-4788
-4632
-4162
-3752
-3456
-3002
-2447
-2153
-2073
-1726
-1082
-603
-484
-411
-235
-168
-225
-102
182
210
-69
-238
-107
-35
-217
-423
-477
-533
-695
-750
-620
-484
-418
-272
-10
226
473
820
1106
1064
811
724
766
660
470
491
568
306
-171
-399
-486
-1139
-2417
-3453
-3700
-3717
-4295
-5293
-6043
-6414
-6743
-6946
-6493
-5416
-4487
-4184
-4010
-3254
-1994
-752
317
1410
2448
3053
3201
3335
3835
4575
5164
5375
5290
5177
5134
5054
4892
4809
4911
4946
4651
4216
4049
4104
4019
3767
3692
3905
4079
4015
3903
3864
3728
3421
3140
2972
2678
2105
1482
1047
664
157
-373
-814
-1315
-2019
-2731
-3154
-3331
-3505
-3718
-3874
-4012
-4207
-4360
-4283
-3958
-3541
-3107
-2688
-2362
-2141
-1898
-1507
-1071
-739
-487
-277
-144
-133
-146
-87
-21
6
52
79
-90
-506
-901
-985
-810
-663
-650
-689
-712
-679
-510
-118
405
789
901
847
806
864
988
1102
1142
1061
839
537
234
27
-30
-46
-170
-499
-1010
-1683
-2457
-3172
-3673
-3934
-4116
-4348
-4583
-4755
-4839
-4807
-4582
-4170
-3687
-3218
-2718
-2124
-1498
-892
-270
344
872
1292
1705
2230
2826
3395
3906
4317
4585
4703
4714
4707
4765
4864
4925
4880
4752
4627
4532
4457
4439
4495
4529
4412
4150
3876
3667
3457
3150
2763
2368
1992
1611
1222
852
497
104
-341
-775
-1122
-1387
-1631
-1860
-2053
-2232
-2430
-2620
-2747
-2763
-2710
-2651
-2634
-2651
-2670
-2632
-2519
-2404
-2344
-2344
-2304
-2156
-1987
-1870
-1800
-1717
-1538
-1247
-910
-645
-583
-719
-850
-756
-440
-107
30
-72
-292
-464
-460
-246
59
269
288
194
136
182
305
429
496
498
444
337
218
154
192
273
245
26
-343
-815
-1375
-1948
-2428
-2802
-3168
-3566
-3913
-4122
-4208
-4219
-4160
-4036
-3897
-3738
-3456
-2980
-2350
-1692
-1103
-607
-178
245
753
1407
2153
2822
3307
3681
4090
4595
5091
5430
5587
5604
5530
5440
5403
5421
5405
5251
4984
4748
4622
4577
4523
4364
4075
3674
3210
2789
2498
2299
2060
1672
1180
705
283
-116
-503
-860
-1221
-1617
-1980
-2215
-2364
-2549
-2785
-2965
-3050
-3113
-3199
-3266
-3289
-3285
-3249
-3151
-3011
-2908
-2843
-2746
-2617
-2515
-2446
-2325
-2067
-1701
-1315
-995
-822
-812
-856
-779
-509
-175
32
63
-14
-96
-109
-23
139
273
285
198
97
63
146
309
458
521
515
504
523
552
615
733
836
838
728
574
343
-88
-725
-1420
-2049
-2590
-3052
-3424
-3739
-4047
-4294
-4375
-4298
-4180
-4054
-3824
-3428
-2916
-2340
-1701
-1033
-431
72
589
1202
1834
2371
2800
3203
3653
4131
4571
4902
5097
5148
5090
5017
5023
5132
5240
5204
4997
4738
4544
4429
4330
4162
3857
3405
2887
2451
2194
2051
1853
1518
1103
705
358
61
-189
-404
-650
-970
-1312
-1618
-1895
-2165
-2406
-2598
-2808
-3092
-3375
-3556
-3580
-3486
-3326
-3130
-2955
-2815
-2671
-2495
-2333
-2218
-2106
-1928
-1664
-1373
-1136
-992
-937
-929
-875
-718
-506
-344
-285
-300
-318
-282
-173
-23
87
100
45
17
67
179
305
387
396
354
349
452
620
740
752
711
695
717
715
596
268
-293
-986
-1638
-2148
-2546
-2914
-3307
-3700
-4012
-4149
-4119
-4036
-3984
-3930
-3765
-3421
-2897
-2234
-1517
-866
-323
191
783
1457
2113
2660
3099
3492
3904
4337
4739
5040
5181
5139
4978
4821
4765
4798
4805
4721
4584
4499
4477
4429
4263
3955
3557
3141
2796
2583
2459
2273
1899
1401
937
582
305
37
-267
-622
-985
-1295
-1548
-1782
-2031
-2253
-2411
-2527
-2632
-2752
-2895
-3027
-3078
-2992
-2805
-2611
-2495
-2461
-2473
-2492
-2462
-2334
-2120
-1894
-1701
-1521
-1346
-1192
-1071
-959
-838
-750
-732
-753
-752
-718
-679
-638
-596
-576
-602
-622
-556
-402
-225
-82
7
48
75
147
321
535
676
688
628
606
673
759
749
540
98
-488
-1066
-1533
-1891
-2212
-2572
-2994
-3392
-3640
-3676
-3580
-3463
-3356
-3202
-2942
-2545
-2005
-1374
-784
-311
112
617
1223
1848
2419
2919
3340
3685
4001
4326
4621
4803
4833
4754
4644
4539
4447
4377
4329
4297
4281
4266
4198
4035
3769
3441
3135
2909
2765
2628
2400
2067
1708
1405
1166
900
534
75
-410
-821
-1096
-1290
-1519
-1845
-2227
-2575
-2846
-3020
-3110
-3167
-3239
-3305
-3285
-3137
-2918
-2730
-2610
-2545
-2514
-2476
-2360
-2146
-1877
-1635
-1459
-1318
-1160
-984
-841
-785
-822
-890
-924
-897
-826
-751
-701
-702
-769
-837
-822
-714
-567
-424
-287
-174
-100
-35
82
272
485
651
738
779
851
995
1163
1254
1178
893
417
-148
-679
-1130
-1544
-1984
-2441
-2854
-3150
-3275
-3237
-3115
-3014
-2961
-2880
-2653
-2224
-1633
-997
-434
5
373
758
1225
1757
2301
2791
3182
3480
3722
3940
4130
4268
4330
4313
4233
4124
4023
3950
3899
3856
3786
3662
3471
3239
3011
2817
2682
2584
2471
2314
2118
1917
1740
1587
1420
1175
825
393
-60
-474
-830
-1158
-1501
-1866
-2221
-2528
-2761
-2901
-2945
-2933
-2935
-2957
-2932
-2828
-2678
-2538
-2432
-2376
-2358
-2323
-2210
-2014
-1804
-1661
-1579
-1505
-1403
-1285
-1170
-1075
-1032
-1046
-1081
-1087
-1042
-973
-911
-867
-845
-851
-848
-791
-674
-543
-428
-329
-259
-183
-35
193
439
643
811
964
1108
1227
1312
1322
1184
873
453
-15
-516
-1038
-1547
-2011
-2419
-2737
-2934
-3012
-3010
-2955
-2841
-2652
-2382
-2010
-1539
-1029
-553
-99
373
847
1289
1699
2102
2492
2840
3150
3432
3674
3839
3936
3993
4011
3965
3846
3694
3543
3424
3359
3341
3342
3333
3297
3220
3112
3008
2932
2874
2778
2602
2360
2081
1803
1550
1310
1021
628
172
-239
-546
-799
-1076
-1418
-1818
-2215
-2527
-2701
-2761
-2799
-2893
-3021
-3097
-3076
-2970
-2834
-2720
-2656
-2650
-2664
-2637
-2540
-2395
-2251
-2124
-2001
-1889
-1803
-1735
-1669
-1619
-1601
-1621
-1646
-1633
-1571
-1476
-1373
-1280
-1189
-1083
-946
-769
-577
-395
-231
-95
34
178
353
551
754
949
1132
1291
1418
1521
1601
1640
1613
1511
1330
1058
674
187
-336
-837
-1275
-1623
-1871
-2037
-2156
-2239
-2241
-2123
-1898
-1602
-1271
-930
-591
-247
131
553
984
1380
1728
2041
2321
2558
2753
2919
3074
3198
3256
3236
3143
3024
2928
2880
2878
2907
2933
2942
2949
2985
3069
3133
3103
2958
2740
2496
2258
2035
1804
1535
1207
844
485
174
-94
-338
-578
-813
-1045
-1274
-1495
-1705
-1894
-2065
-2224
-2382
-2537
-2677
-2789
-2855
-2867
-2817
-2731
-2654
-2611
-2589
-2558
-2496
-2387
-2239
-2066
-1900
-1774
-1686
-1609
-1521
-1441
-1399
-1391
-1391
-1382
-1371
-1345
-1281
-1169
-1052
-950
-858
-764
-663
-551
-422
-286
-146
-12
120
261
424
615
819
1011
1167
1295
1400
1487
1552
1597
1617
1560
1389
1115
797
493
219
-33
-282
-542
-805
-1043
-1196
-1245
-1217
-1154
-1086
-999
-882
-712
-490
-239
13
252
476
685
868
1027
1175
1303
1408
1494
1562
1607
1645
1692
1773
1882
1989
2073
2114
2114
2103
2129
2205
2295
2336
2316
2265
2213
2189
2180
2146
2035
1826
1547
1267
1041
851
655
437
202
-25
-235
-415
-560
-685
-813
-960
-1091
-1176
-1228
-1288
-1373
-1455
-1517
-1561
-1604
-1648
-1692
-1728
-1756
-1760
-1736
-1698
-1691
-1720
-1770
-1818
-1847
-1865
-1869
-1850
-1803
-1736
-1674
-1615
-1546
-1475
-1414
-1368
-1335
-1296
-1247
-1178
-1093
-987
-871
-742
-594
-429
-249
-62
129
323
517
712
897
1028
1092
1098
1038
919
739
520
303
100
-94
-295
-485
-637
-735
-776
-772
-737
-705
-693
-676
-614
-499
-353
-227
-138
-58
49
208
411
627
839
1023
1174
1300
1420
1551
1667
1753
1819
1895
1983
2071
2165
2282
2427
2581
2707
2798
2852
2865
2847
2807
2758
2686
2577
2420
2224
1992
1745
1496
1253
1011
760
489
195
-97
-358
-567
-758
-964
-1181
-1376
-1528
-1613
-1653
-1668
-1691
-1743
-1807
-1850
-1854
-1839
-1836
-1842
-1832
-1807
-1782
-1763
-1739
-1714
-1702
-1712
-1726
-1728
-1732
-1738
-1731
-1686
-1612
-1528
-1446
-1363
-1284
-1227
-1184
-1134
-1065
-982
-897
-813
-718
-602
-469
-326
-176
-22
144
329
526
736
938
1128
1285
1384
1419
1381
1265
1089
898
726
570
384
140
-127
-361
-524
-627
-703
-782
-882
-971
-994
-919
-777
-634
-535
-465
-373
-233
-62
105
243
344
422
504
611
744
880
1006
1126
1252
1391
1536
1686
1849
2015
2152
2254
2329
2400
2461
2500
2504
2478
2426
2350
2247
2120
1972
1791
1583
1384
1217
1071
914
737
556
390
238
74
-110
-308
-511
-694
-837
-938
-1011
-1080
-1151
-1212
-1243
-1260
-1293
-1366
-1457
-1534
-1590
-1633
-1673
-1721
-1780
-1838
-1878
-1879
-1841
-1794
-1762
-1736
-1677
-1581
-1472
-1376
-1305
-1266
-1252
-1250
-1232
-1183
-1115
-1051
-987
-906
-802
-685
-553
-404
-244
-84
78
241
402
559
705
837
940
982
952
870
757
634
508
368
221
66
-90
-218
-300
-343
-374
-419
-474
-519
-535
-520
-485
-452
-429
-419
-405
-351
-252
-117
30
161
272
377
495
633
782
920
1041
1149
1258
1382
1527
1691
1854
1997
2113
2209
2293
2360
2401
2407
2381
2320
2223
2097
1962
1834
1714
1589
1445
1274
1089
904
732
589
457
304
112
-104
-302
-454
-569
-667
-768
-878
-982
-1064
-1114
-1132
-1144
-1178
-1234
-1296
-1349
-1382
-1397
-1409
-1419
-1438
-1471
-1509
-1542
-1558
-1559
-1563
-1572
-1576
-1556
-1492
-1395
-1287
-1192
-1118
-1060
-1001
-925
-836
-765
-727
-712
-683
-613
-508
-397
-292
-192
-98
6
138
294
440
552
625
670
704
726
721
678
595
487
364
245
136
25
-96
-216
-333
-436
-521
-580
-611
-616
-610
-602
-581
-542
-484
-408
-327
-263
-213
-171
-103
4
143
284
401
501
593
693
809
935
1057
1164
1254
1336
1427
1532
1641
1747
1834
1894
1920
1923
1920
1926
1922
1887
1807
1685
1545
1393
1249
1121
1002
876
746
617
505
407
317
229
149
64
-36
-150
-272
-380
-468
-529
-579
-639
-720
-810
-885
-936
-981
-1035
-1112
-1212
-1309
-1378
-1412
-1427
-1443
-1468
-1495
-1509
-1496
-1466
-1428
-1386
-1337
-1280
-1215
-1130
-1027
-916
-814
-737
-672
-616
-563
-512
-451
-384
-319
-257
-191
-113
-27
64
154
247
353
459
548
611
657
691
700
678
618
526
409
291
185
96
16
-66
-161
-244
-310
-363
-419
-473
-520
-541
-529
-490
-438
-388
-342
-304
-262
-203
-138
-78
-33
19
91
180
272
349
406
454
511
574
655
743
825
899
973
1045
1108
1164
1203
1220
1217
1194
1167
1144
1120
1098
1064
1020
961
901
846
797
758
727
697
659
631
616
592
563
526
482
429
364
288
207
134
66
2
-68
-160
-272
-404
-525
-618
-698
-778
-871
-961
-1034
-1076
-1091
-1094
-1098
-1112
-1135
-1154
-1167
-1167
-1171
-1175
-1173
-1168
-1161
-1152
-1130
-1084
-1009
-931
-855
-778
-698
-610
-511
-398
-285
-167
-66
20
91
152
202
246
285
316
328
333
340
346
347
339
322
291
252
208
169
134
95
56
25
2
-25
-64
-111
-149
-180
-204
-218
-224
-223
-209
-181
-140
-88
-52
-35
-31
-12
31
92
163
225
274
304
326
347
389
448
502
537
558
584
631
694
755
805
828
820
792
764
755
752
741
708
666
636
629
652
687
718
730
727
721
730
744
742
713
652
573
484
391
302
215
128
41
-44
-126
-204
-281
-358
-427
-486
-537
-575
-615
-653
-685
-712
-728
-745
-763
-793
-832
-864
-888
-896
-887
-869
-856
-850
-842
-826
-801
-768
-733
-696
-655
-611
-568
-529
-489
-447
-398
-344
-288
-239
-188
-136
-80
-10
70
139
177
190
187
177
169
164
155
148
140
135
135
144
160
175
186
192
191
182
166
148
129
103
70
26
-20
-64
-107
-140
-159
-166
-172
-180
-186
-181
-158
-124
-92
-70
-62
-67
-71
-65
-47
-28
-15
-10
-17
-17
1
41
98
164
219
268
313
370
451
549
643
714
759
790
819
860
904
941
953
933
905
881
864
851
830
797
757
712
662
619
588
563
528
481
420
360
302
242
190
135
70
-2
-79
-145
-201
-249
-290
-325
-366
-406
-444
-478
-510
-546
-582
-621
-651
-674
-692
-707
-725
-736
-743
-747
-748
-744
-742
-736
-722
-695
-653
-607
-574
-550
-531
-510
-480
-445
-403
-372
-354
-346
-336
-325
-306
-278
-244
-217
-203
-194
-182
-157
-127
-92
-66
-56
-53
-53
-50
-47
-52
-63
-76
-82
-76
-70
-63
-57
-51
-45
-37
-26
-12
-3
5
14
28
38
46
55
70
90
115
137
158
175
202
232
269
302
326
337
339
345
352
366
380
385
386
384
384
393
419
447
472
488
504
519
534
547
554
554
543
525
497
472
450
434
419
415
419
432
448
467
481
490
505
520
532
533
518
497
474
449
422
388
354
317
281
247
219
195
162
120
68
15
-36
-86
-137
-189
-244
-305
-368
-425
-476
-523
-566
-605
-640
-681
-727
-772
-813
-844
-866
-884
-892
-897
-905
-904
-899
-885
-863
-842
-820
-798
-775
-752
-725
-703
-683
-662
-642
-621
-601
-587
-571
-553
-523
-481
-433
-387
-353
-321
-289
-250
-202
-156
-119
-93
-74
-53
-23
22
74
118
168
216
271
330
388
442
489
524
551
570
592
614
634
641
639
636
633
640
656
677
691
695
683
669
651
628
598
558
512
456
400
354
321
300
285
267
246
225
206
193
193
191
181
168
158
157
164
171
181
187
185
183
185
190
202
221
245
272
289
301
316
331
348
369
381
385
385
378
365
349
325
289
244
190
135
83
29
-23
-71
-120
-172
-226
-280
-332
-381
-429
-473
-521
-570
-622
-667
-701
-731
-760
-794
-824
-857
-884
-898
-903
-897
-885
-872
-851
-825
-801
-778
-752
-727
-702
-679
-657
-627
-592
-552
-502
-449
-401
-350
-303
-251
-192
-129
-66
-11
34
71
104
142
182
222
258
287
305
325
351
385
424
455
470
476
471
456
444
432
421
414
402
387
368
353
343
337
335
331
320
307
297
291
290
298
304
303
301
300
301
308
313
317
315
309
299
293
287
281
277
268
252
230
211
207
214
222
235
245
251
258
260
266
269
265
252
233
206
176
143
109
79
50
30
22
18
16
13
8
7
7
4
-9
-28
-58
-93
-134
-174
-206
-243
-276
-305
-331
-349
-358
-365
-368
-368
-376
-388
-397
-407
-416
-423
-433
-445
-452
-462
-471
-486
-499
-513
-528
-533
-523
-506
-492
-479
-469
-454
-432
-406
-380
-349
-321
-294
-260
-226
-188
-150
-119
-90
-68
-50
-34
-18
-2
22
44
63
83
101
123
150
178
205
229
242
259
275
287
294
299
305
314
320
320
318
320
327
340
353
363
373
375
384
394
406
415
414
406
395
387
379
372
357
335
308
282
257
232
205
186
170
160
153
146
138
129
122
117
114
102
88
77
66
58
50
42
32
24
21
15
11
2
-6
-15
-18
-20
-24
-34
-52
-71
-92
-105
-120
-134
-151
-169
-185
-201
-217
-230
-249
-266
-285
-302
-317
-326
-332
-337
-338
-346
-349
-345
-339
-327
-313
-299
-287
-269
-249
-225
-199
-180
-167
-158
-149
-138
-128
-122
-118
-116
-116
-108
-95
-82
-72
-65
-64
-65
-69
-74
-82
-92
-100
-106
-103
-94
-82
-71
-59
-50
-41
-29
-19
-10
0
11
21
33
47
64
85
113
138
162
186
211
237
265
292
310
323
332
336
336
338
337
330
323
315
306
298
288
283
275
262
249
236
229
219
207
192
174
154
130
104
80
56
35
21
15
10
5
4
4
9
16
26
33
34
37
43
49
51
45
33
17
1
-17
-35
-48
-62
-77
-99
-120
-137
-153
-162
-164
-165
-171
-173
-174
-172
-169
-167
-172
-181
-196
-210
-218
-226
-233
-241
-250
-254
-258
-259
-259
-261
-259
-256
-246
-232
-218
-205
-192
-179
-167
-154
-141
-132
-121
-110
-98
-88
-76
-65
-50
-35
-21
-4
17
37
54
73
88
102
116
129
138
145
151
156
162
164
162
152
145
141
137
140
145
150
153
153
159
170
182
194
200
204
205
204
201
193
188
185
179
173
163
156
154
150
149
144
137
124
107
92
85
81
77
72
61
54
49
50
54
50
39
25
13
4
-3
-13
-27
-46
-62
-72
-80
-88
-97
-106
-118
-125
-129
-132
-133
-139
-150
-159
-163
-168
-169
-176
-184
-191
-197
-204
-209
-211
-211
-204
-198
-195
-192
-183
-165
-143
-120
-101
-90
-82
-70
-45
-19
6
20
22
24
28
34
40
36
21
2
-16
-24
-20
-19
-13
-5
1
5
9
13
17
27
38
53
62
62
58
49
43
34
28
28
27
22
21
28
42
60
71
75
74
71
68
71
80
87
92
96
97
98
92
79
72
62
52
46
42
41
43
47
49
47
39
35
34
38
46
57
74
87
94
95
94
92
91
84
78
77
73
69
70
70
67
63
60
57
56
61
68
77
87
95
100
96
89
74
55
38
22
8
-9
-23
-35
-48
-60
-74
-89
-106
-122
-134
-142
-148
-152
-157
-160
-167
-180
-194
-205
-215
-225
-231
-238
-242
-247
-247
-243
-240
-237
-232
-223
-210
-190
-166
-139
-115
-94
-73
-57
-45
-37
-28
-24
-21
-12
-1
13
27
45
58
66
73
78
84
94
103
106
108
108
108
113
119
119
117
111
106
104
109
114
117
118
114
111
106
106
108
109
112
117
117
119
122
126
132
134
135
136
133
132
132
130
122
104
87
67
54
44
37
38
33
26
19
12
3
-5
-9
-4
-1
6
12
16
16
13
4
-3
-11
-21
-32
-37
-41
-45
-47
-53
-56
-58
-58
-56
-51
-50
-48
-44
-40
-39
-48
-56
-66
-75
-84
-92
-103
-111
-121
-129
-131
-133
-137
-141
-148
-152
-154
-152
-146
-141
-135
-124
-117
-111
-107
-106
-106
-102
-95
-87
-75
-64
-52
-39
-25
-12
-5
2
7
14
25
45
69
87
103
118
131
138
140
139
132
122
113
107
107
104
101
98
92
85
78
79
82
84
85
83
80
75
68
59
46
28
10
-3
-13
-17
-19
-16
-11
-9
-9
-10
-10
-12
-12
-12
-11
-9
-5
-1
2
0
-5
-11
-14
-18
-16
-9
-1
5
7
7
1
-8
-13
-15
-22
-24
-22
-13
-5
10
24
28
31
28
25
27
30
31
33
37
36
34
34
31
26
18
16
17
24
31
34
38
39
34
28
18
4
-17
-35
-44
-51
-57
-65
-72
-81
-88
-93
-98
-100
-104
-108
-110
-108
-105
-103
-98
-96
-97
-98
-94
-90
-88
-82
-71
-60
-52
-43
-34
-25
-13
-4
7
14
21
22
25
30
39
49
64
72
73
75
74
72
74
81
85
84
80
73
68
65
61
54
48
39
32
26
25
28
30
33
34
39
40
38
38
37
44
48
51
52
52
47
45
39
31
28
27
29
33
41
47
48
44
39
32
23
12
1
-11
-18
-22
-22
-18
-15
-19
-25
-30
-39
-47
-53
-58
-60
-65
-67
-67
-71
-77
-82
-87
-91
-90
-86
-83
-76
-70
-64
-56
-52
-55
-58
-59
-59
-53
-45
-40
-36
-34
-33
-31
-29
-27
-23
-21
-17
-13
-3
12
23
31
33
35
30
29
30
33
38
45
52
60
65
66
68
66
62
55
49
45
39
37
34
30
24
17
12
5
3
0
-1
2
7
9
6
3
-3
-14
-24
-29
-28
-25
-17
-9
-5
2
8
17
24
27
27
26
24
21
22
28
35
39
44
44
37
31
27
26
27
29
30
26
24
22
21
19
13
3
-7
-14
-17
-21
-24
-25
-27
-32
-33
-34
-35
-34
-33
-29
-24
-22
-20
-21
-23
-27
-27
-25
-20
-19
-16
-12
-8
-6
-6
-7
-12
-16
-18
-18
-14
-12
-8
-6
-4
-3
-3
-3
-5
-10
-13
-15
-16
-13
-10
-9
-4
1
4
10
9
7
6
6
7
10
10
11
8
3
-1
0
2
3
7
7
9
6
2
0
-4
-4
-5
-6
-7
-11
-16
-20
-21
-27
-27
-26
-27
-25
-24
-19
-14
-8
-6
-2
-1
-1
-2
0
3
-1
-3
-5
-6
-4
-1
8
12
16
18
21
25
28
35
38
37
35
29
21
15
15
19
23
31
31
31
30
32
31
