0
1
1
0
1
1
-1
-2
-3
-4
-4
-5
-4
-3
-2
-2
-4
-7
-10
-12
-16
-18
-22
-22
-23
-22
-20
-18
-16
-15
-13
-11
-9
-8
-9
-9
-9
-8
-8
-6
-5
-2
1
3
6
8
10
10
12
11
10
10
10
8
8
9
10
11
13
17
19
20
22
23
23
24
24
23
23
23
22
23
21
20
19
18
18
17
17
17
17
17
19
20
21
21
21
21
21
18
17
14
10
7
7
5
6
7
8
8
8
7
4
3
-1
-3
-6
-10
-12
-12
-15
-15
-16
-19
-16
-16
-15
-14
-14
-16
-19
-23
-26
-27
-29
-30
-30
-29
-26
-25
-23
-22
-22
-24
-24
-23
-22
-22
-22
-24
-25
-27
-28
-26
-26
-24
-22
-19
-16
-14
-12
-9
-9
-9
-10
-10
-12
-10
-7
-6
-5
-2
1
4
8
10
13
15
18
19
21
24
24
26
26
24
23
21
19
17
15
15
15
17
17
18
17
16
14
15
17
18
20
18
19
19
18
16
14
13
11
7
4
2
-1
-4
-7
-10
-13
-13
-15
-14
-16
-16
-17
-18
-19
-18
-17
-14
-13
-10
-6
-3
0
3
2
1
-1
-3
-6
-6
-10
-13
-12
-12
-9
-9
-8
-8
-7
-5
-4
-2
1
3
7
9
12
15
17
20
21
22
23
23
22
21
21
18
16
15
13
10
8
6
4
4
3
3
3
4
2
1
2
2
0
1
1
2
2
2
2
1
1
0
-1
-2
-5
-7
-7
-6
-9
-9
-6
-5
-6
-5
-5
-5
-6
-6
-8
-9
-10
-14
-14
-14
-14
-12
-11
-7
-4
1
5
9
10
9
8
6
6
4
1
-2
-4
-8
-11
-14
-17
-16
-16
-12
-10
-7
-6
-4
-5
-5
-5
-6
-5
-5
-4
-2
-1
0
1
2
2
1
0
-1
-4
-7
-7
-7
-7
-6
-5
-3
0
3
3
5
6
7
7
7
5
5
3
2
-1
-3
-6
-7
-7
-8
-8
-6
-2
-1
2
4
5
7
8
9
10
9
11
12
11
11
11
11
10
9
10
10
11
12
15
15
17
16
16
16
15
13
12
9
5
1
-1
-3
-4
-5
-6
-4
-6
-4
-3
0
1
1
1
0
-1
-2
-4
-8
-12
-14
-15
-15
-13
-10
-9
-7
-6
-5
-4
-4
-6
-8
-9
-10
-11
-11
-11
-10
-11
-9
-8
-6
-5
-5
-5
-7
-8
-11
-11
-13
-12
-11
-11
-9
-6
-5
-3
-2
0
2
5
8
12
15
18
21
20
22
20
20
18
16
14
14
13
13
11
12
10
12
14
15
16
16
14
14
13
12
11
9
8
8
7
7
6
6
6
5
4
2
0
-3
-6
-7
-11
-13
-15
-16
-17
-18
-20
-20
-22
-23
-24
-25
-25
-25
-24
-23
-21
-21
-19
-17
-16
-15
-14
-12
-11
-9
-7
-8
-6
-4
-3
-2
-3
-2
-4
-3
-2
-3
-2
-1
-1
0
2
2
4
7
8
8
9
8
7
6
7
7
8
8
9
10
11
12
14
16
15
17
17
16
15
13
13
12
11
10
9
9
9
12
14
15
18
18
17
17
15
14
14
13
12
10
7
7
6
4
3
2
0
-2
-5
-8
-10
-11
-11
-9
-7
-7
-6
-6
-6
-8
-9
-11
-13
-15
-15
-15
-14
-12
-10
-9
-6
-5
-5
-4
-6
-7
-7
-8
-10
-12
-13
-13
-14
-15
-15
-14
-14
-13
-14
-13
-12
-9
-7
-3
-1
0
4
4
5
6
6
6
7
6
5
6
6
7
5
4
4
3
2
1
0
1
-1
0
0
1
1
3
6
8
11
12
13
13
12
10
6
3
1
-3
-5
-6
-6
-4
-2
2
3
5
6
8
8
7
7
8
11
10
11
11
10
9
7
6
4
2
1
2
2
3
3
2
0
-4
-5
-6
-8
-10
-12
-13
-15
-16
-17
-15
-14
-13
-10
-8
-7
-6
-4
-5
-7
-7
-7
-7
-7
-6
-4
-3
0
1
2
3
3
3
2
1
1
1
-1
2
1
0
1
2
2
3
6
8
8
9
10
9
9
7
6
5
7
7
8
8
7
6
7
8
8
7
9
9
9
10
9
9
8
7
6
7
5
5
5
4
3
1
-1
-2
-3
-4
-6
-6
-8
-11
-11
-13
-16
-17
-17
-16
-15
-13
-12
-11
-10
-10
-8
-8
-8
-11
-11
-12
-14
-15
-16
-15
-15
-14
-13
-11
-9
-6
-3
-1
1
2
0
1
2
3
4
3
5
7
10
10
11
10
9
7
7
6
6
6
7
7
8
9
9
8
9
9
8
8
7
10
12
11
12
14
15
16
15
14
11
9
8
6
2
1
-1
-2
0
1
3
5
6
6
4
3
1
-1
-3
-3
-4
-4
-5
-5
-5
-3
-1
1
0
-1
-2
-3
-5
-7
-7
-8
-8
-9
-9
-10
-10
-12
-12
-12
-11
-10
-10
-10
-10
-10
-11
-12
-12
-10
-8
-7
-4
-4
-1
-1
-1
-2
-4
-4
-6
-6
-5
-4
-1
3
5
9
11
13
16
18
19
18
17
15
13
11
9
7
6
4
3
4
2
2
3
3
3
3
3
3
3
3
2
2
1
-1
-1
-1
-1
1
2
2
3
4
4
2
3
3
4
4
4
4
3
2
0
-3
-5
-8
-8
-9
-8
-9
-9
-8
-8
-8
-9
-9
-10
-10
-10
-10
-9
-9
-9
-8
-8
-7
-5
-3
-3
-1
1
2
5
7
8
10
10
8
8
8
7
6
6
5
7
8
9
9
9
8
8
6
5
4
4
3
3
2
2
2
1
1
0
-1
-2
-1
-1
0
0
2
2
3
3
3
3
2
2
2
2
2
0
-1
-3
-4
-6
-9
-11
-12
-14
-12
-13
-14
-14
-14
-13
-12
-11
-10
-8
-8
-6
-5
-4
-5
-3
-3
-2
0
-1
0
-1
-1
-2
-1
-1
0
0
1
1
1
2
2
2
2
2
2
3
4
6
7
6
7
6
6
5
4
4
3
3
1
0
-1
-2
-2
-2
-1
-2
-1
-1
-3
-2
-3
-2
-3
-2
-1
-1
-2
-1
0
1
1
2
2
4
5
5
4
4
2
2
2
1
-2
-3
-5
-6
-6
-4
-3
-1
1
1
2
2
2
3
6
7
8
9
8
9
7
6
6
5
4
2
2
1
1
0
0
0
0
1
1
2
2
1
-1
-3
-4
-7
-5
-5
-5
-3
-2
0
2
2
2
1
2
1
2
2
1
0
0
1
0
0
1
0
-1
-2
-3
-2
0
3
4
7
8
9
9
8
9
8
8
6
5
3
2
1
0
0
2
3
4
4
4
4
1
0
-2
-4
-5
-5
-5
-4
-3
-2
-3
-2
-3
-3
-4
-5
-6
-7
-6
-4
-3
-3
-2
-2
-1
0
0
0
0
-1
-2
-2
-3
-3
-2
-3
-3
-5
-5
-6
-6
-6
-5
-4
-4
-3
-1
0
1
3
3
4
4
4
1
1
-1
-3
-6
-6
-8
-9
-9
-9
-8
-9
-8
-9
-8
-7
-7
-6
-5
-5
-5
-6
-5
-6
-5
-2
-1
1
3
3
3
5
5
4
4
3
4
3
2
1
1
2
3
3
4
2
3
3
4
5
8
9
10
11
10
9
9
8
6
5
4
3
4
5
5
6
8
7
7
8
8
8
8
7
6
5
3
3
3
2
3
3
2
3
1
0
-2
-4
-5
-7
-8
-8
-9
-10
-10
-10
-10
-11
-11
-10
-10
-10
-8
-7
-6
-4
-4
-2
-2
-2
-3
-3
-2
-4
-4
-4
-4
-3
-4
-3
-1
1
0
0
0
2
2
4
6
7
8
8
8
9
8
8
7
6
3
3
1
0
2
0
1
0
2
1
3
4
3
3
4
4
4
4
5
3
4
3
3
2
3
4
4
5
4
3
3
2
1
-1
-2
-2
-5
-6
-7
-8
-8
-7
-6
-5
-4
-5
-4
-3
-4
-5
-3
-3
-2
-1
0
0
2
2
1
1
0
-2
-4
-6
-8
-11
-13
-13
-13
-11
-11
-11
-9
-9
-9
-10
-10
-10
-12
-11
-11
-10
-9
-9
-7
-8
-6
-6
-5
-5
-4
-3
-3
-2
1
1
3
4
4
6
5
6
5
7
6
5
8
10
10
13
15
15
16
15
15
13
11
12
13
14
15
17
17
18
17
17
18
16
15
15
14
13
11
11
11
11
9
8
6
5
5
4
3
3
1
0
2
2
3
2
1
0
0
-3
-4
-6
-6
-8
-8
-8
-8
-6
-6
-5
-6
-7
-6
-8
-8
-9
-9
-9
-9
-9
-9
-9
-7
-9
-9
-9
-10
-12
-13
-14
-15
-15
-13
-11
-9
-9
-6
-6
-7
-6
-5
-5
-5
-5
-4
-3
-2
0
0
1
2
2
2
2
2
2
2
3
3
4
5
4
5
4
4
3
2
2
2
4
5
6
7
7
5
5
6
4
3
3
2
2
0
0
0
-1
-1
-3
-3
-4
-3
-5
-4
-2
-2
-2
0
0
2
1
0
-2
-3
-5
-7
-8
-9
-10
-10
-11
-11
-12
-11
-11
-8
-7
-6
-6
-6
-5
-4
-3
-2
0
-1
-1
-2
-3
-3
-3
-3
-3
0
2
4
7
9
11
12
12
12
12
10
9
8
7
7
7
7
7
6
6
5
5
6
8
9
10
10
11
9
8
9
9
8
8
7
7
6
4
2
1
0
-1
0
1
1
1
1
1
1
-1
-1
-2
-3
-4
-3
-3
-1
-1
-1
-2
0
1
1
2
1
2
1
2
1
0
-2
-3
-3
-3
-3
-4
-3
-3
-4
-4
-4
-3
-3
-3
-1
0
0
0
-1
-3
-3
-2
0
1
1
4
6
6
5
4
4
1
0
-1
-2
-2
-3
-4
-6
-5
-8
-9
-8
-7
-7
-5
-3
-1
0
1
0
0
-1
-1
-1
-1
-1
-2
-2
-3
-3
-2
-3
-3
-2
-2
-3
-3
-3
-3
-3
-1
-1
0
2
2
2
5
3
3
3
3
2
2
2
0
1
0
-1
-3
-3
-5
-5
-6
-6
-4
-3
-1
0
0
0
-1
-2
-1
-2
-3
-1
0
0
1
1
0
1
0
-1
-1
-3
-3
-4
-6
-7
-8
-9
-9
-10
-10
-10
-10
-8
-7
-5
-4
-2
1
2
4
4
6
7
8
9
8
9
8
8
8
8
7
6
6
6
5
6
6
6
6
5
5
5
4
4
5
5
4
5
5
4
4
2
2
3
2
3
2
3
4
5
6
5
5
5
3
2
1
-2
-3
-3
-4
-4
-3
-2
-1
0
-1
0
0
0
0
-1
-1
-1
-1
-1
-2
-1
-1
0
1
2
3
3
2
2
1
0
-2
-3
-3
-3
-2
-2
-2
-1
-1
-1
-2
-3
-3
-3
-3
-2
-2
-3
-3
-4
-4
-5
-5
-5
-4
-2
-1
0
1
1
2
2
3
2
3
3
4
4
5
5
5
6
5
5
6
5
4
3
3
2
1
0
0
-1
-2
-1
-1
-2
-1
0
1
1
1
2
2
3
4
4
3
1
0
-2
-4
-7
-7
-7
-8
-7
-8
-8
-7
-8
-7
-8
-8
-8
-10
-10
-11
-11
-10
-9
-7
-6
-6
-4
-3
-3
-4
-4
-4
-6
-6
-5
-5
-3
-2
-1
1
1
0
0
-3
-3
-5
-5
-5
-5
-4
-3
-2
0
2
4
4
5
5
5
6
5
5
5
6
5
6
6
6
8
9
8
9
11
9
10
9
10
9
8
8
8
7
8
8
7
8
7
7
7
7
7
6
8
6
6
4
4
2
2
2
2
2
3
1
0
-2
-4
-5
-6
-8
-9
-9
-8
-9
-9
-10
-10
-9
-9
-8
-8
-6
-5
-5
-5
-4
-3
-4
-3
-2
-1
0
1
1
2
2
3
2
2
2
2
2
2
2
1
1
1
1
-1
1
3
3
5
5
6
7
6
6
7
7
7
8
8
7
6
5
2
2
0
-2
-4
-3
-1
-1
0
1
1
1
-1
-1
-1
-2
-3
-2
-3
-3
-2
-3
-2
-3
-3
-4
-5
-6
-5
-6
-6
-6
-6
-6
-6
-6
-6
-7
-7
-7
-5
-5
-6
-6
-4
-3
-1
1
0
0
-1
0
1
0
0
0
1
-1
-2
-1
-2
-3
-4
-4
-3
-3
-1
0
2
3
5
6
7
7
6
4
5
4
4
5
5
5
4
3
3
0
1
0
0
-1
-1
-1
-2
-2
-2
-1
-2
-1
-2
-1
0
1
1
2
3
3
3
3
4
3
3
3
1
0
-2
-3
-3
-3
-3
-1
-2
-1
-2
-3
-4
-5
-6
-6
-5
-4
-3
-3
-2
-1
-2
-2
-2
-2
-2
-2
-1
-1
-2
-2
-2
-1
-1
0
1
2
4
5
6
7
6
7
7
6
7
7
7
8
7
7
6
6
4
5
4
3
3
2
1
-2
-3
-4
-4
-6
-6
-5
-4
-2
0
2
3
4
5
6
6
7
7
7
7
7
6
5
4
2
1
1
0
0
0
-1
0
0
-1
-1
0
0
0
0
1
1
0
1
1
-1
-2
-2
-2
-2
-2
-2
-2
-1
-2
-2
-3
-3
-2
-2
-3
-3
-4
-1
-2
-2
-3
-1
-2
-2
-2
-1
0
-1
0
-1
0
-1
0
-1
0
1
-1
-1
-2
-5
-6
-7
-9
-10
-10
-9
-8
-6
-5
-5
-6
-6
-6
-7
-6
-6
-5
-4
-4
-4
-4
-4
-4
-4
-3
-3
-2
-2
-2
-1
-2
-3
-3
-2
-1
-1
0
0
1
0
-1
-1
-1
-1
0
0
1
3
3
2
3
1
1
3
2
4
7
10
11
12
13
13
11
9
8
8
7
7
7
7
7
7
6
6
6
6
7
7
6
6
6
6
6
6
5
5
4
4
3
4
2
2
0
-2
-2
-2
-1
-1
0
-1
2
4
3
4
4
4
4
4
4
4
6
7
6
5
3
2
-1
-4
-5
-7
-8
-9
-9
-8
-8
-8
-7
-8
-7
-7
-6
-8
-8
-10
-10
-9
-9
-8
-6
-4
-4
-3
-3
-4
-6
-8
-10
-13
-14
-15
-16
-17
-18
-19
-20
-22
-24
-27
-29
-30
-30
-28
-27
-24
-22
-21
-18
-14
-13
-9
-6
-3
-2
-1
2
2
3
3
6
6
8
11
13
16
17
20
22
24
28
32
34
38
40
44
48
49
52
54
55
57
58
60
61
62
65
65
65
65
64
62
59
57
53
49
44
42
37
33
29
25
20
18
15
11
8
4
1
-2
-6
-10
-14
-21
-27
-33
-38
-44
-50
-55
-62
-67
-71
-75
-79
-83
-87
-91
-94
-98
-102
-105
-109
-110
-112
-110
-108
-105
-103
-99
-98
-97
-96
-95
-96
-99
-103
-106
-111
-114
-117
-117
-116
-113
-107
-101
-91
-78
-67
-54
-40
-27
-12
5
21
35
49
63
75
87
100
114
127
141
153
166
178
186
193
197
197
194
190
187
184
185
185
186
186
185
184
181
178
175
169
165
158
148
139
129
119
106
97
86
76
65
54
42
29
15
1
-10
-21
-33
-43
-53
-61
-69
-73
-75
-76
-77
-75
-72
-68
-65
-63
-59
-57
-54
-49
-45
-41
-36
-35
-32
-28
-26
-21
-16
-9
-3
7
14
21
28
35
41
45
47
48
47
45
42
34
24
13
0
-16
-34
-56
-82
-112
-145
-179
-215
-251
-287
-324
-357
-390
-422
-454
-486
-516
-546
-574
-600
-624
-646
-664
-681
-693
-701
-704
-699
-683
-659
-627
-586
-538
-481
-416
-345
-269
-189
-105
-17
73
163
257
349
443
537
626
711
790
859
920
972
1013
1046
1067
1081
1088
1088
1081
1069
1051
1028
1000
967
933
895
855
810
760
707
651
590
527
466
401
338
277
216
157
101
47
-7
-60
-113
-163
-215
-264
-314
-359
-404
-445
-480
-509
-532
-547
-555
-558
-556
-547
-537
-523
-509
-493
-480
-466
-451
-435
-420
-404
-385
-365
-341
-315
-286
-260
-234
-211
-192
-176
-163
-153
-146
-141
-134
-123
-111
-98
-84
-71
-59
-50
-42
-38
-37
-42
-51
-66
-89
-118
-154
-194
-238
-283
-330
-375
-420
-469
-521
-575
-637
-703
-772
-843
-916
-987
-1057
-1122
-1182
-1230
-1264
-1278
-1270
-1239
-1185
-1106
-1002
-878
-733
-574
-399
-214
-18
184
393
609
828
1050
1267
1478
1678
1862
2026
2166
2278
2359
2405
2413
2387
2332
2253
2150
2030
1897
1758
1617
1476
1336
1199
1067
936
806
673
539
403
271
144
18
-100
-208
-304
-392
-470
-539
-602
-659
-715
-771
-826
-876
-926
-974
-1019
-1057
-1086
-1105
-1111
-1101
-1076
-1035
-982
-922
-858
-794
-730
-670
-618
-571
-530
-493
-463
-435
-409
-382
-353
-318
-278
-231
-179
-127
-75
-26
25
71
113
153
193
232
274
315
359
404
449
489
523
547
560
555
533
490
426
338
227
99
-46
-202
-364
-526
-688
-843
-990
-1132
-1268
-1403
-1539
-1677
-1809
-1939
-2063
-2176
-2274
-2349
-2399
-2415
-2384
-2302
-2167
-1980
-1745
-1471
-1161
-829
-482
-128
228
584
932
1265
1586
1897
2187
2460
2712
2935
3128
3287
3407
3484
3515
3493
3418
3297
3132
2934
2709
2469
2221
1972
1733
1501
1281
1078
886
702
524
351
180
12
-152
-310
-460
-598
-716
-814
-893
-947
-983
-1006
-1020
-1038
-1062
-1095
-1138
-1192
-1255
-1321
-1386
-1443
-1486
-1509
-1505
-1473
-1415
-1334
-1243
-1139
-1037
-946
-867
-801
-750
-709
-676
-642
-603
-554
-495
-425
-340
-243
-132
-12
110
229
337
433
516
587
649
704
757
814
875
946
1023
1111
1199
1280
1345
1381
1386
1350
1266
1132
953
737
491
225
-51
-329
-604
-866
-1113
-1346
-1569
-1786
-2005
-2232
-2476
-2734
-2998
-3261
-3509
-3735
-3925
-4059
-4124
-4109
-4000
-3791
-3491
-3110
-2665
-2168
-1636
-1086
-531
19
558
1082
1588
2073
2539
2987
3418
3824
4195
4520
4787
4981
5087
5093
4998
4804
4520
4161
3751
3312
2861
2419
2003
1622
1290
1007
765
562
382
223
66
-86
-238
-382
-513
-623
-705
-755
-767
-743
-689
-608
-520
-436
-372
-345
-362
-428
-538
-692
-873
-1065
-1256
-1426
-1562
-1651
-1687
-1670
-1613
-1529
-1424
-1319
-1220
-1140
-1080
-1042
-1020
-1012
-1009
-998
-968
-907
-816
-696
-546
-376
-197
-26
130
262
368
441
484
504
504
497
493
505
542
611
705
816
935
1047
1137
1189
1191
1131
1008
824
586
314
15
-297
-608
-908
-1192
-1460
-1713
-1959
-2208
-2483
-2792
-3135
-3502
-3877
-4248
-4592
-4870
-5047
-5105
-5027
-4797
-4404
-3859
-3194
-2441
-1624
-775
70
879
1631
2320
2947
3514
4022
4484
4910
5295
5622
5884
6068
6167
6166
6043
5792
5418
4926
4330
3654
2939
2221
1534
901
339
-136
-515
-803
-1012
-1152
-1235
-1278
-1300
-1311
-1300
-1262
-1187
-1066
-896
-668
-379
-48
298
635
934
1169
1311
1330
1231
1022
703
287
-205
-729
-1242
-1714
-2126
-2457
-2687
-2824
-2885
-2886
-2834
-2736
-2618
-2498
-2381
-2258
-2116
-1948
-1745
-1492
-1175
-799
-386
51
500
939
1338
1665
1899
2036
2070
2011
1875
1694
1501
1317
1156
1042
985
983
1018
1062
1103
1122
1097
1001
823
575
264
-106
-526
-971
-1409
-1829
-2242
-2649
-3049
-3440
-3840
-4285
-4774
-5270
-5728
-6141
-6497
-6731
-6763
-6566
-6157
-5522
-4633
-3509
-2222
-863
505
1863
3159
4308
5263
6050
6689
7163
7455
7601
7648
7603
7439
7130
6689
6128
5436
4587
3592
2508
1392
262
-846
-1861
-2691
-3288
-3667
-3833
-3763
-3458
-2976
-2389
-1746
-1056
-349
326
951
1565
2194
2835
3455
4011
4486
4873
5128
5171
4974
4561
3947
3127
2113
970
-218
-1385
-2507
-3562
-4505
-5287
-5892
-6342
-6643
-6769
-6703
-6462
-6073
-5522
-4782
-3870
-2848
-1778
-690
393
1417
2317
3055
3630
4037
4248
4258
4117
3881
3567
3173
2717
2232
1732
1208
674
179
-225
-549
-809
-949
-893
-664
-352
4
415
827
1078
1079
908
700
431
-19
-632
-1226
-1704
-2192
-2812
-3460
-3987
-4499
-5272
-6319
-7329
-8071
-8655
-9203
-9494
-9181
-8267
-7035
-5582
-3702
-1372
1015
3056
4759
6355
7790
8764
9210
9411
9589
9620
9315
8785
8289
7804
7017
5769
4258
2714
1083
-762
-2663
-4285
-5477
-6344
-6895
-6941
-6351
-5307
-4091
-2795
-1372
138
1565
2806
3917
4984
5970
6781
7399
7875
8210
8286
7973
7237
6176
4841
3232
1421
-444
-2191
-3740
-5069
-6118
-6805
-7130
-7195
-7115
-6939
-6652
-6242
-5731
-5133
-4415
-3519
-2415
-1163
162
1531
2870
4037
4855
5225
5186
4789
4032
2954
1692
437
-674
-1593
-2291
-2697
-2788
-2626
-2306
-1882
-1409
-898
-329
294
921
1521
2116
2765
3430
3975
4357
4614
4651
4306
3562
2541
1415
227
-1084
-2471
-3723
-4725
-5576
-6433
-7256
-7817
-8179
-8809
-9875
-10887
-11331
-11271
-11067
-10549
-9078
-6632
-3939
-1350
1501
4784
7832
9804
10787
11478
11993
11831
10916
9831
9013
8207
6952
5346
3909
2702
1198
-901
-3215
-5126
-6510
-7661
-8498
-8497
-7512
-6021
-4404
-2485
-78
2436
4441
5835
7004
8091
8845
9168
9330
9516
9489
8998
8140
7102
5842
4216
2186
-88
-2366
-4472
-6273
-7620
-8399
-8582
-8247
-7543
-6530
-5225
-3785
-2419
-1242
-276
476
983
1339
1740
2172
2465
2604
2688
2724
2581
2179
1540
692
-395
-1688
-2989
-4066
-4803
-5232
-5390
-5206
-4685
-3883
-2809
-1525
-177
1106
2288
3349
4266
5040
5650
6045
6178
6035
5649
5079
4346
3490
2519
1382
76
-1369
-2818
-4104
-5257
-6332
-7243
-7851
-8119
-8249
-8334
-8186
-7708
-7262
-7436
-8148
-8604
-8439
-8079
-7816
-7078
-5223
-2713
-409
1728
4270
7069
9110
9813
9804
9788
9581
8687
7344
6323
5766
5080
3963
2804
2047
1407
219
-1470
-2965
-3819
-4305
-4722
-4670
-3693
-2134
-647
675
2214
3968
5318
5944
6228
6568
6833
6800
6671
6708
6685
6249
5378
4310
3165
1812
223
-1420
-2909
-4099
-4919
-5348
-5374
-4983
-4273
-3482
-2757
-1993
-1113
-243
374
702
948
1020
680
119
-417
-1024
-1793
-2529
-2973
-3094
-3045
-2822
-2403
-1997
-1806
-1727
-1593
-1481
-1420
-1314
-1050
-551
80
887
1922
2913
3661
4175
4417
4342
4065
3822
3545
3037
2477
2126
1981
1792
1477
1166
766
-10
-1215
-2636
-3877
-4818
-5650
-6362
-6730
-6600
-6189
-5879
-5647
-5183
-4606
-4860
-6565
-8530
-9302
-9214
-9319
-9368
-7970
-5014
-2152
-49
2282
5304
7905
8786
8449
8475
9012
9038
8346
7822
7938
7852
6739
5002
3483
2222
520
-1785
-3824
-4789
-4788
-4553
-4196
-3112
-1458
-144
512
1151
2308
3496
4096
4485
5316
6437
7238
7622
7916
7925
7176
5733
4093
2551
1042
-421
-1634
-2507
-3133
-3600
-3913
-4077
-4200
-4290
-4296
-4177
-3725
-2811
-1572
-329
679
1455
1786
1384
463
-575
-1703
-2877
-3744
-3988
-3661
-3064
-2262
-1332
-588
-344
-548
-849
-1046
-1187
-1239
-936
-176
830
1842
2789
3533
3870
3801
3522
3096
2690
2624
2834
2997
3132
3282
3280
3084
2527
1570
559
-613
-1970
-3020
-3771
-4289
-4690
-5226
-5305
-4948
-4966
-5184
-5415
-5512
-5482
-6451
-8436
-9904
-10249
-10012
-9949
-9603
-7566
-4420
-1817
173
2513
5386
7574
8219
8252
8866
9774
9879
9216
8805
8571
7681
5841
3554
1687
75
-1872
-3796
-5058
-5292
-4915
-4677
-4236
-3160
-1952
-1100
-402
676
2211
3659
4864
6209
7659
8755
9181
9168
8836
7915
6386
4688
3223
1912
561
-597
-1466
-2231
-3081
-4040
-4858
-5412
-5751
-5754
-5347
-4412
-2919
-1203
473
1795
2645
2984
2463
1249
48
-888
-1703
-2394
-2589
-2094
-1486
-1181
-1071
-1125
-1443
-2072
-2782
-3097
-2786
-2164
-1442
-375
919
1895
2441
2762
2844
2639
2357
2277
2489
2899
3424
3960
4203
4124
3800
3143
2235
1175
151
-765
-1809
-2695
-3151
-3397
-3662
-4327
-5103
-5405
-5697
-6298
-6807
-6720
-6014
-6349
-8407
-10042
-10106
-9693
-9862
-9964
-8155
-4884
-2288
-366
2225
5585
8137
8725
8664
9430
10371
10314
9448
8912
8721
7758
5684
3273
1415
-140
-2293
-4561
-5760
-5696
-5227
-5056
-4516
-3045
-1551
-729
-53
1350
3293
4693
5534
6823
8562
9569
9412
8992
8676
7628
5625
3625
2282
1184
-240
-1618
-2384
-2884
-3717
-4805
-5544
-5743
-5786
-5688
-4944
-3453
-1548
236
1610
2700
3444
3469
2540
1179
181
-495
-1279
-1940
-2059
-1676
-1463
-1801
-2181
-2309
-2617
-3296
-3746
-3378
-2473
-1647
-776
508
1777
2437
2568
2549
2554
2590
2622
2776
3236
3907
4418
4433
4270
4040
3251
2160
1207
355
-229
-768
-1587
-2404
-3296
-4231
-5015
-6089
-7067
-7330
-7439
-7428
-7056
-6407
-5171
-4512
-6019
-8242
-9198
-9142
-9164
-9444
-8364
-5106
-1862
82
2065
4857
7301
7867
7117
7185
8411
9123
8762
8551
8814
8320
6476
4002
1921
355
-1604
-3803
-4922
-4528
-3413
-2739
-2380
-1356
-180
120
39
805
2666
4392
5349
6524
8286
9474
9195
8191
7343
6157
4093
1944
804
456
-198
-1207
-1718
-1922
-2703
-4091
-5297
-5751
-5738
-5544
-4659
-2781
-457
1480
2578
3069
3234
2745
1364
-313
-1402
-1883
-2325
-2732
-2653
-2106
-1856
-2391
-3202
-3613
-3717
-3916
-3911
-3048
-1557
-312
495
1385
2335
2719
2460
2186
2286
2613
2973
3445
4157
4762
4915
4677
4091
3315
2505
1610
1056
840
452
66
-458
-1478
-2736
-4223
-5599
-6471
-7303
-7616
-6851
-5621
-4346
-3505
-3078
-2637
-3505
-6302
-8918
-9852
-9701
-9575
-9157
-6905
-3381
-850
432
1873
3777
4912
4683
4521
5815
7884
9117
9389
9663
9620
8213
5561
2818
961
-350
-1817
-2849
-2614
-1599
-1048
-1366
-1716
-1712
-2010
-2630
-2371
-518
1983
3954
5575
7422
8923
8955
7666
6424
5640
4493
2990
2286
2672
2911
2146
915
-155
-1538
-3705
-5776
-6716
-6569
-5931
-4957
-3240
-919
885
1568
1618
1433
891
-186
-1445
-2082
-1809
-1287
-990
-822
-693
-654
-1011
-1715
-2121
-2120
-2087
-1812
-1041
-37
616
717
633
629
657
542
516
1034
1902
2678
3312
3842
4261
4268
3714
3152
2791
2358
1971
1870
1946
1706
863
-180
-1135
-2270
-3661
-4788
-5437
-5982
-6143
-5787
-5448
-5264
-5077
-4695
-4679
-6383
-9000
-10254
-10082
-9801
-9620
-8241
-5185
-2415
-1115
225
2651
4793
5273
5207
6340
8294
9535
9676
9574
9532
8457
5939
3288
1489
268
-1091
-2478
-2895
-2207
-1659
-1971
-2472
-2418
-2220
-2564
-2733
-1357
1297
3595
4973
6400
8181
8975
8109
6889
6413
5920
4553
3299
3275
3591
2825
1219
41
-819
-2434
-4508
-5751
-5773
-5394
-5016
-3994
-2219
-606
140
345
561
601
99
-660
-1019
-850
-569
-517
-586
-635
-829
-1292
-1943
-2437
-2450
-2131
-1803
-1468
-837
-133
139
78
85
237
385
568
1006
1772
2594
3225
3655
3867
3883
3697
3430
3290
3153
2911
2623
2375
2026
1334
483
-486
-1650
-2858
-3967
-4771
-5351
-5763
-5784
-5562
-5375
-5356
-5216
-4601
-4612
-6513
-9027
-9952
-9480
-9422
-9605
-8133
-5106
-2811
-1915
-498
2134
4151
4456
4450
5891
8054
9062
9001
9271
9673
8593
6070
3790
2416
1211
-339
-1580
-1682
-1118
-984
-1497
-1887
-1700
-1597
-2026
-2046
-646
1618
3340
4421
5867
7508
7881
6801
5707
5259
4596
3303
2451
2620
2614
1514
150
-614
-1308
-2665
-4051
-4349
-3761
-3185
-2504
-1105
568
1553
1744
1725
1617
1030
97
-700
-1167
-1461
-1760
-2100
-2595
-3228
-3764
-4132
-4416
-4476
-4024
-3093
-2034
-1028
-12
935
1482
1572
1570
1708
1787
1831
2111
2634
3101
3268
3287
3266
3083
2737
2378
2111
1925
1793
1742
1743
1625
1288
741
-39
-996
-2166
-3311
-4100
-4599
-4950
-4949
-4509
-3959
-3721
-3649
-3383
-3626
-5361
-7688
-8851
-8706
-8590
-8735
-7731
-5309
-3277
-2572
-1853
-270
953
931
907
2250
4232
5421
5885
6419
6759
6011
4328
2672
1509
650
55
45
732
1810
2685
2998
2823
2540
2316
1948
1661
2089
3346
4666
5529
6261
6963
6921
5762
4366
3610
3077
2262
1706
1943
2358
2065
1264
687
85
-1137
-2508
-3153
-3052
-2738
-2249
-1275
-112
513
491
233
-292
-1252
-2335
-3061
-3426
-3724
-3851
-3666
-3537
-3745
-4010
-4010
-3916
-3879
-3518
-2618
-1529
-604
235
1114
1720
1758
1534
1422
1385
1341
1386
1645
1994
2257
2419
2457
2331
2078
1815
1567
1362
1278
1369
1528
1534
1344
1079
692
128
-529
-1071
-1439
-1818
-2248
-2478
-2422
-2250
-2118
-2045
-2007
-2042
-2061
-2063
-2102
-2258
-2414
-2432
-2363
-2304
-2300
-2305
-2461
-2847
-3317
-3540
-3388
-3126
-2952
-2793
-2605
-2457
-2394
-2336
-2216
-2144
-2002
-1500
-520
722
1850
2726
3389
3737
3809
3837
3862
3798
3624
3534
3690
3979
4261
4382
4242
3824
3325
3029
2999
3174
3459
3803
4093
4278
4349
4292
4034
3554
2996
2514
2101
1812
1711
1667
1448
998
526
86
-472
-1170
-1831
-2334
-2728
-3105
-3394
-3553
-3775
-4199
-4640
-4891
-4958
-4923
-4739
-4277
-3657
-3113
-2677
-2238
-1835
-1603
-1561
-1538
-1370
-1078
-718
-354
34
430
735
930
1079
1263
1468
1681
1895
2134
2463
2809
3074
3227
3230
3078
2829
2571
2360
2225
2136
2034
1857
1587
1332
1108
853
489
20
-472
-900
-1214
-1418
-1532
-1673
-1990
-2550
-3213
-3810
-4285
-4739
-5269
-5806
-6208
-6346
-6233
-5998
-5723
-5557
-5557
-5589
-5451
-4974
-4287
-3596
-2902
-2068
-1086
-133
710
1437
1979
2278
2448
2759
3280
3815
4210
4508
4832
5176
5452
5645
5772
5827
5811
5834
6049
6411
6701
6755
6585
6294
5915
5430
4865
4312
3767
3176
2602
2189
1910
1529
937
267
-333
-856
-1380
-1819
-2064
-2214
-2409
-2605
-2727
-2888
-3256
-3805
-4294
-4611
-4822
-4933
-4873
-4677
-4423
-4161
-3932
-3768
-3693
-3693
-3701
-3599
-3325
-2899
-2394
-1843
-1263
-682
-162
233
551
849
1145
1469
1851
2282
2692
3017
3229
3341
3420
3439
3325
3107
2895
2799
2818
2903
2964
2921
2766
2565
2263
1864
1499
1160
775
291
-99
-286
-455
-826
-1380
-2067
-2873
-3790
-4684
-5347
-5824
-6286
-6769
-7105
-7191
-7083
-6959
-6884
-6759
-6502
-6129
-5571
-4706
-3645
-2652
-1887
-1239
-515
253
899
1385
1771
2134
2522
3001
3609
4252
4717
4958
5140
5405
5723
6020
6259
6425
6562
6679
6807
6893
6880
6648
6167
5578
5094
4732
4331
3841
3326
2861
2389
1911
1484
1067
546
-79
-620
-943
-1155
-1375
-1593
-1819
-2118
-2513
-2911
-3281
-3664
-4027
-4274
-4366
-4362
-4290
-4180
-4071
-4017
-4037
-4065
-4059
-4016
-3900
-3638
-3216
-2734
-2287
-1848
-1404
-1008
-688
-400
-83
270
621
991
1417
1884
2284
2499
2595
2673
2754
2806
2825
2885
3011
3191
3342
3437
3479
3396
3112
2656
2215
1857
1490
1092
771
596
434
136
-257
-688
-1187
-1811
-2519
-3222
-3891
-4525
-5053
-5459
-5789
-6119
-6482
-6788
-6955
-6946
-6766
-6481
-6100
-5611
-4996
-4232
-3400
-2636
-1991
-1403
-828
-227
382
990
1590
2100
2566
3071
3637
4177
4598
4912
5182
5481
5813
6122
6387
6539
6570
6522
6429
6332
6169
5891
5516
5106
4684
4265
3849
3426
2989
2528
2072
1655
1286
929
536
127
-232
-521
-810
-1139
-1444
-1692
-1959
-2301
-2647
-2939
-3204
-3519
-3835
-4031
-4148
-4275
-4403
-4410
-4293
-4171
-4064
-3862
-3541
-3214
-2971
-2747
-2471
-2186
-1929
-1640
-1261
-818
-397
-29
322
669
977
1196
1338
1447
1583
1754
1980
2289
2620
2899
3072
3196
3332
3436
3482
3456
3411
3365
3258
3107
2921
2664
2281
1729
1131
570
5
-576
-1159
-1688
-2150
-2605
-3021
-3465
-4013
-4628
-5234
-5704
-6062
-6350
-6540
-6660
-6657
-6484
-6127
-5674
-5270
-4899
-4470
-3949
-3345
-2688
-2008
-1347
-735
-135
484
1076
1587
2007
2417
2894
3437
4007
4566
5082
5496
5796
5987
6092
6124
6070
5949
5802
5715
5694
5629
5448
5154
4810
4420
3981
3573
3236
2932
2627
2345
2125
1929
1636
1230
800
366
-83
-523
-889
-1143
-1357
-1584
-1828
-2090
-2386
-2771
-3235
-3693
-4054
-4308
-4504
-4617
-4577
-4440
-4332
-4281
-4202
-4053
-3914
-3794
-3581
-3227
-2793
-2365
-1910
-1400
-928
-574
-342
-153
46
258
496
804
1196
1641
2075
2487
2899
3288
3572
3710
3787
3858
3937
4000
4025
4016
3944
3757
3447
3056
2606
2046
1384
716
127
-360
-810
-1245
-1669
-2116
-2588
-3038
-3457
-3936
-4526
-5093
-5487
-5701
-5821
-5901
-5937
-5962
-5965
-5857
-5612
-5308
-5044
-4795
-4452
-3986
-3417
-2818
-2257
-1741
-1251
-705
-81
582
1232
1824
2399
3011
3644
4226
4665
4992
5273
5514
5709
5859
5974
5997
5879
5713
5575
5453
5249
4936
4634
4375
4133
3914
3757
3644
3463
3184
2895
2652
2420
2118
1748
1363
985
598
209
-156
-494
-872
-1317
-1774
-2171
-2487
-2809
-3156
-3481
-3734
-3952
-4173
-4340
-4452
-4542
-4660
-4742
-4686
-4525
-4330
-4115
-3845
-3500
-3133
-2755
-2350
-1912
-1465
-1046
-621
-137
390
912
1412
1890
2362
2782
3157
3457
3699
3885
3978
4023
4026
3972
3850
3641
3389
3114
2797
2434
2030
1637
1268
906
539
167
-217
-604
-985
-1335
-1666
-2010
-2393
-2760
-3043
-3276
-3509
-3840
-4262
-4707
-5099
-5372
-5578
-5739
-5869
-5963
-5952
-5819
-5584
-5278
-5002
-4748
-4429
-3954
-3271
-2500
-1734
-991
-264
469
1169
1834
2467
3001
3441
3845
4316
4844
5285
5588
5764
5864
5865
5778
5687
5633
5595
5520
5450
5427
5415
5324
5113
4839
4552
4226
3876
3546
3301
3100
2852
2547
2203
1840
1403
883
338
-173
-638
-1074
-1453
-1734
-1947
-2189
-2531
-2938
-3337
-3717
-4082
-4415
-4652
-4800
-4899
-4926
-4850
-4687
-4527
-4427
-4320
-4134
-3854
-3482
-3061
-2571
-2039
-1500
-944
-411
92
504
801
1058
1321
1605
1880
2108
2336
2539
2692
2771
2790
2834
2852
2820
2748
2685
2638
2546
2452
2395
2315
2151
1868
1563
1299
1051
790
466
90
-327
-745
-1121
-1477
-1835
-2220
-2627
-3014
-3328
-3540
-3761
-4086
-4478
-4832
-5082
-5263
-5402
-5511
-5585
-5573
-5428
-5162
-4840
-4538
-4256
-3931
-3499
-2920
-2231
-1544
-901
-270
410
1119
1763
2312
2767
3167
3542
3948
4419
4877
5257
5535
5738
5887
5962
5975
5919
5835
5762
5720
5716
5680
5574
5388
5142
4846
4488
4097
3687
3280
2905
2581
2306
2004
1632
1196
713
218
-284
-778
-1225
-1632
-1961
-2198
-2384
-2587
-2850
-3140
-3414
-3673
-3932
-4163
-4342
-4463
-4520
-4496
-4391
-4262
-4154
-4074
-3960
-3752
-3475
-3158
-2827
-2454
-2008
-1546
-1122
-751
-430
-160
79
335
669
1046
1398
1690
1974
2291
2559
2737
2832
2879
2900
2884
2874
2903
2926
2887
2749
2556
2348
2100
1808
1498
1197
930
686
439
172
-127
-449
-790
-1172
-1587
-1987
-2359
-2697
-2984
-3200
-3397
-3687
-4070
-4435
-4715
-4939
-5139
-5300
-5396
-5400
-5288
-5066
-4781
-4513
-4270
-4002
-3649
-3170
-2594
-2005
-1451
-893
-259
433
1077
1631
2133
2612
3073
3554
4087
4605
5023
5337
5608
5865
6062
6167
6188
6144
6079
6014
5919
5784
5591
5324
5013
4674
4340
4010
3651
3284
2943
2639
2338
2008
1653
1289
920
549
187
-147
-464
-788
-1097
-1366
-1620
-1912
-2270
-2647
-2991
-3301
-3569
-3802
-4000
-4163
-4307
-4392
-4416
-4421
-4426
-4417
-4339
-4186
-3976
-3699
-3347
-2946
-2522
-2096
-1673
-1279
-932
-613
-319
-13
309
627
953
1283
1622
1923
2148
2319
2449
2553
2637
2705
2789
2869
2909
2902
2847
2748
2562
2289
1968
1635
1328
1051
797
555
309
51
-244
-580
-922
-1283
-1648
-1985
-2289
-2550
-2763
-2948
-3121
-3312
-3527
-3792
-4121
-4460
-4745
-4939
-5067
-5139
-5158
-5112
-4986
-4767
-4470
-4132
-3779
-3397
-2957
-2430
-1802
-1119
-434
213
839
1463
2063
2622
3136
3595
4012
4409
4819
5232
5593
5871
6065
6197
6268
6286
6263
6191
6081
5950
5824
5708
5569
5379
5123
4809
4467
4116
3765
3395
3012
2636
2267
1897
1521
1124
693
217
-252
-675
-1057
-1423
-1783
-2105
-2392
-2683
-2996
-3324
-3642
-3962
-4276
-4524
-4679
-4776
-4862
-4928
-4936
-4916
-4891
-4855
-4762
-4579
-4328
-4009
-3620
-3170
-2683
-2215
-1781
-1374
-993
-633
-298
57
444
833
1207
1562
1906
2212
2425
2538
2590
2619
2650
2683
2716
2742
2734
2677
2577
2443
2265
2024
1735
1454
1214
1006
811
616
417
189
-99
-438
-810
-1191
-1560
-1888
-2155
-2371
-2547
-2697
-2826
-2942
-3076
-3258
-3499
-3773
-4022
-4213
-4331
-4384
-4394
-4371
-4308
-4189
-4008
-3793
-3551
-3254
-2888
-2434
-1890
-1266
-611
27
652
1269
1856
2390
2882
3366
3846
4320
4790
5241
5637
5952
6186
6352
6458
6497
6467
6379
6275
6179
6064
5911
5706
5446
5130
4758
4368
3988
3595
3185
2776
2405
2067
1688
1267
817
344
-146
-639
-1095
-1496
-1873
-2241
-2580
-2887
-3192
-3524
-3869
-4201
-4493
-4750
-4963
-5110
-5194
-5228
-5230
-5215
-5180
-5110
-4990
-4811
-4553
-4214
-3819
-3398
-2959
-2485
-2007
-1564
-1174
-822
-486
-141
221
594
960
1280
1557
1801
2039
2249
2406
2515
2595
2679
2761
2810
2831
2804
2719
2588
2429
2272
2091
1882
1657
1437
1233
1023
805
587
368
140
-99
-346
-605
-878
-1141
-1382
-1609
-1841
-2071
-2289
-2494
-2679
-2851
-3026
-3229
-3469
-3715
-3933
-4095
-4219
-4321
-4376
-4365
-4268
-4086
-3819
-3481
-3109
-2708
-2260
-1746
-1166
-554
52
633
1205
1790
2373
2932
3447
3910
4316
4683
5035
5374
5666
5874
6005
6094
6142
6139
6075
5965
5809
5603
5375
5140
4901
4644
4342
4006
3657
3300
2933
2549
2179
1820
1446
1068
691
315
-64
-451
-837
-1217
-1595
-1962
-2324
-2658
-2961
-3264
-3572
-3870
-4138
-4368
-4572
-4736
-4861
-4952
-5012
-5027
-4988
-4905
-4797
-4657
-4471
-4229
-3933
-3596
-3218
-2807
-2373
-1929
-1470
-997
-547
-137
232
579
912
1216
1495
1745
1969
2162
2325
2460
2556
2596
2580
2515
2427
2336
2235
2117
1983
1857
1734
1602
1445
1256
1047
815
584
374
186
2
-189
-377
-559
-750
-971
-1228
-1499
-1745
-1939
-2092
-2214
-2316
-2404
-2484
-2554
-2611
-2682
-2811
-2985
-3137
-3222
-3233
-3189
-3101
-2974
-2814
-2605
-2338
-2029
-1717
-1406
-1056
-635
-132
426
1007
1573
2106
2606
3091
3548
3947
4271
4544
4805
5061
5305
5511
5656
5711
5686
5607
5493
5351
5165
4949
4722
4507
4294
4060
3793
3488
3146
2774
2384
1990
1600
1212
831
468
128
-210
-580
-991
-1409
-1809
-2201
-2575
-2918
-3216
-3472
-3692
-3871
-4024
-4166
-4324
-4487
-4624
-4718
-4775
-4787
-4741
-4635
-4490
-4318
-4113
-3877
-3624
-3362
-3077
-2750
-2387
-2008
-1618
-1221
-838
-483
-179
94
348
568
764
945
1131
1316
1489
1642
1788
1916
1999
2045
2066
2074
2059
2020
1970
1929
1881
1807
1708
1593
1469
1318
1148
981
822
670
510
364
231
89
-68
-242
-408
-574
-748
-926
-1080
-1188
-1265
-1331
-1393
-1461
-1543
-1645
-1758
-1887
-2044
-2219
-2386
-2510
-2576
-2606
-2612
-2592
-2528
-2398
-2199
-1940
-1638
-1298
-908
-463
38
572
1090
1559
1993
2415
2836
3229
3579
3892
4170
4424
4657
4863
5016
5089
5080
5012
4915
4774
4586
4362
4120
3866
3599
3319
3018
2697
2357
2023
1695
1364
1025
690
379
88
-193
-485
-792
-1107
-1426
-1719
-1990
-2257
-2522
-2776
-2993
-3171
-3328
-3485
-3649
-3826
-3990
-4114
-4193
-4243
-4282
-4297
-4262
-4151
-3977
-3768
-3544
-3326
-3094
-2828
-2525
-2198
-1877
-1568
-1256
-941
-622
-318
-42
198
400
580
767
959
1140
1313
1483
1652
1808
1945
2061
2150
2221
2275
2323
2351
2351
2333
2299
2250
2164
2029
1864
1679
1488
1301
1120
927
712
480
249
29
-200
-443
-693
-937
-1141
-1294
-1390
-1452
-1511
-1567
-1599
-1588
-1553
-1507
-1470
-1443
-1416
-1377
-1331
-1295
-1298
-1353
-1427
-1489
-1515
-1511
-1492
-1447
-1368
-1238
-1057
-838
-597
-346
-83
204
525
865
1202
1523
1824
2104
2363
2589
2783
2954
3101
3227
3340
3438
3517
3563
3562
3525
3448
3331
3178
3006
2828
2646
2455
2250
2039
1817
1581
1336
1089
839
576
315
71
-161
-390
-625
-872
-1124
-1379
-1628
-1859
-2080
-2289
-2482
-2645
-2779
-2888
-2984
-3064
-3126
-3172
-3187
-3166
-3114
-3035
-2929
-2795
-2625
-2435
-2229
-2016
-1810
-1604
-1392
-1170
-944
-721
-513
-319
-143
13
157
282
391
474
545
621
708
800
887
962
1027
1086
1128
1154
1162
1153
1132
1102
1073
1036
992
940
874
803
729
651
571
486
408
326
239
150
52
-50
-160
-271
-380
-486
-583
-662
-711
-725
-716
-697
-666
-631
-583
-529
-471
-423
-400
-392
-394
-400
-418
-452
-501
-564
-618
-653
-657
-635
-590
-516
-413
-274
-110
69
249
427
610
795
981
1160
1324
1470
1601
1721
1821
1902
1964
2013
2053
2082
2098
2098
2073
2027
1959
1875
1778
1664
1536
1403
1266
1134
1003
873
737
580
422
267
114
-37
-191
-336
-474
-611
-742
-870
-997
-1130
-1257
-1373
-1474
-1557
-1624
-1677
-1714
-1740
-1757
-1761
-1756
-1740
-1722
-1689
-1640
-1584
-1518
-1447
-1370
-1284
-1196
-1105
-1010
-911
-809
-705
-597
-486
-379
-280
-194
-116
-42
25
88
148
203
259
318
385
462
539
604
656
699
738
779
802
807
794
760
716
663
601
523
429
325
223
134
52
-24
-101
-167
-219
-258
-288
-315
-344
-372
-391
-397
-391
-382
-374
-366
-352
-337
-327
-324
-329
-333
-335
-338
-340
-345
-349
-343
-331
-307
-280
-253
-217
-163
-92
-16
66
144
219
294
371
444
507
556
606
661
725
798
874
944
1012
1066
1112
1153
1182
1199
1205
1200
1188
1168
1142
1113
1073
1027
972
907
848
793
746
703
663
620
580
541
498
448
386
318
247
181
121
53
-25
-114
-207
-308
-407
-509
-608
-701
-784
-855
-915
-961
-1004
-1039
-1067
-1084
-1092
-1092
-1083
-1061
-1031
-990
-941
-897
-854
-813
-776
-739
-703
-669
-637
-606
-572
-537
-504
-471
-448
-434
-422
-407
-389
-367
-341
-316
-290
-263
-239
-212
-191
-178
-167
-161
-150
-138
-123
-106
-90
-82
-74
-68
-61
-52
-47
-45
-41
-30
-16
6
30
57
83
111
148
190
235
271
302
327
350
372
387
397
400
398
397
395
388
382
369
353
343
336
328
320
305
288
267
248
234
219
200
183
174
170
169
174
177
180
187
196
212
235
266
305
349
397
453
509
559
607
647
685
711
734
751
758
756
744
724
691
653
610
561
509
454
405
360
322
288
257
224
188
150
111
78
43
0
-47
-93
-146
-197
-248
-306
-369
-434
-498
-552
-591
-623
-647
-671
-692
-708
-721
-733
-741
-747
-751
-748
-742
-732
-718
-714
-713
-714
-716
-717
-713
-709
-701
-694
-681
-665
-644
-621
-601
-582
-554
-521
-486
-452
-422
-390
-360
-329
-292
-257
-222
-191
-156
-114
-74
-38
-7
27
64
99
137
172
199
226
250
273
291
310
328
344
360
373
383
387
382
378
373
373
372
367
363
361
354
344
335
317
292
267
246
226
209
191
174
162
154
148
151
158
164
172
187
208
233
257
278
302
328
359
389
413
432
447
459
470
477
487
494
497
499
497
497
498
492
478
462
446
430
415
393
366
334
297
260
224
185
145
102
64
24
-23
-68
-113
-162
-204
-240
-271
-301
-328
-354
-379
-396
-408
-421
-432
-440
-443
-440
-428
-416
-405
-397
-395
-395
-395
-393
-394
-397
-402
-409
-419
-429
-439
-454
-470
-480
-490
-492
-489
-490
-488
-480
-467
-450
-429
-408
-390
-367
-344
-318
-292
-270
-245
-222
-196
-172
-153
-138
-124
-109
-96
-75
-52
-30
-9
14
34
58
78
93
106
118
128
139
149
157
163
169
174
175
176
177
176
175
175
173
172
166
161
158
157
159
162
162
164
168
177
187
199
210
220
233
251
276
299
319
334
348
360
371
374
373
368
360
355
348
343
337
331
324
319
316
312
308
304
298
293
291
293
293
294
293
294
296
299
300
299
294
292
288
282
280
273
267
256
239
220
199
178
157
132
104
69
30
-12
-55
-96
-136
-177
-219
-262
-303
-347
-389
-428
-468
-506
-540
-567
-593
-613
-629
-645
-659
-667
-674
-678
-681
-683
-686
-688
-683
-677
-666
-653
-639
-618
-595
-568
-540
-510
-480
-452
-425
-397
-369
-337
-305
-275
-243
-211
-177
-143
-110
-75
-40
-5
32
68
98
129
159
193
228
264
294
317
339
361
380
395
407
418
422
426
428
431
430
425
417
408
398
388
373
356
338
319
304
291
278
265
258
252
248
244
235
229
220
211
205
200
196
192
189
188
191
194
193
190
181
172
163
155
146
138
128
116
103
88
75
62
54
48
44
39
31
27
26
28
28
29
30
28
24
22
22
24
30
32
31
28
26
23
18
10
3
-10
-22
-34
-51
-68
-82
-101
-121
-144
-164
-184
-204
-219
-235
-249
-263
-276
-290
-307
-321
-333
-344
-352
-356
-357
-351
-346
-341
-340
-340
-336
-331
-322
-313
-302
-290
-279
-268
-258
-247
-239
-229
-220
-211
-200
-187
-168
-148
-127
-107
-86
-66
-50
-37
-25
-11
5
21
40
62
82
98
114
128
140
152
161
167
175
181
185
188
191
192
193
190
190
192
193
195
193
195
193
188
186
185
180
173
167
162
162
162
162
162
161
163
161
158
151
144
135
129
125
120
114
110
105
100
93
87
82
78
73
71
71
70
71
72
72
73
75
80
82
82
85
88
89
91
90
89
91
96
102
105
106
107
105
102
99
99
96
90
83
72
59
45
27
6
-11
-28
-46
-61
-73
-84
-92
-97
-106
-117
-131
-146
-159
-173
-186
-199
-208
-215
-220
-228
-234
-237
-242
-246
-250
-254
-260
-264
-263
-266
-270
-273
-277
-283
-287
-289
-287
-281
-277
-267
-256
-246
-236
-223
-210
-195
-179
-164
-145
-127
-104
-82
-60
-40
-21
-9
6
22
34
53
71
85
97
107
113
117
125
129
131
134
135
135
135
135
137
138
136
135
134
130
132
133
137
140
142
143
146
147
152
155
157
156
157
165
173
176
176
178
177
175
174
171
167
164
159
157
152
144
136
129
126
118
114
113
112
105
97
93
83
78
77
72
66
63
60
57
56
53
51
49
53
58
59
59
59
51
43
37
32
26
17
6
-10
-21
-34
-47
-59
-72
-80
-87
-92
-97
-104
-110
-118
-128
-136
-142
-151
-159
-163
-168
-176
-185
-192
-200
-208
-213
-220
-222
-220
-218
-218
-218
-218
-222
-218
-209
-201
-196
-190
-184
-175
-166
-160
-152
-145
-134
-125
-114
-101
-92
-86
-79
-71
-63
-51
-38
-28
-11
4
20
37
50
66
78
88
100
107
112
113
114
116
115
118
120
125
131
137
139
144
146
145
143
138
135
129
124
120
114
104
94
86
81
78
74
72
74
72
69
62
54
46
36
30
28
26
23
20
17
16
18
22
25
31
29
32
34
37
42
47
51
54
57
56
57
57
57
56
57
56
56
57
57
57
55
52
50
48
43
42
38
32
28
23
19
14
10
7
2
-3
-4
-3
2
4
4
2
2
3
3
0
-1
-3
-6
-10
-11
-13
-19
-25
-29
-40
-50
-60
-67
-73
-83
-93
-100
-105
-108
-112
-114
-119
-123
-125
-125
-125
-128
-131
-136
-135
-133
-130
-127
-125
-126
-126
-121
-120
-118
-119
-120
-119
-117
-109
-101
-94
-83
-76
-68
-61
-58
-57
-54
-54
-53
-51
-51
-53
-56
-57
-55
-51
-45
-40
-31
-21
-11
2
18
28
35
44
48
50
47
43
45
49
57
65
75
85
96
107
118
129
142
152
162
171
180
182
183
182
177
175
172
169
164
165
167
170
174
177
176
175
173
166
158
149
139
129
118
109
95
82
73
63
51
44
38
32
26
19
12
2
-9
-19
-31
-45
-58
-69
-82
-96
-107
-112
-112
-113
-111
-108
-103
-102
-99
-97
-96
-100
-103
-105
-104
-102
-99
-95
-89
-86
-79
-69
-58
-48
-38
-28
-22
-16
-13
-11
-11
-12
-11
-13
-13
-12
-14
-13
-10
-8
-8
-6
-4
-8
-15
-23
-30
-40
-48
-53
-58
-61
-64
-66
-70
-74
-80
-82
-85
-90
-95
-95
-91
-91
-91
-94
-97
-102
-104
-100
-99
-95
-91
-85
-77
-68
-58
-47
-39
-29
-22
-14
-4
6
16
25
34
42
50
59
73
86
100
109
120
130
132
133
134
135
137
137
138
138
137
133
130
129
128
123
117
113
107
101
93
87
80
70
59
50
36
24
12
1
-4
-9
-13
-17
-19
-17
-18
-19
-24
-26
-27
-27
-28
-29
-31
-36
-41
-42
-42
-42
-41
-36
-32
-27
-21
-15
-6
-6
-2
-2
1
6
9
14
19
28
36
47
56
63
70
77
86
97
107
114
116
115
113
110
108
105
102
97
90
80
70
61
50
33
20
2
-18
-37
-58
-79
-102
-120
-137
-152
-168
-180
-190
-200
-207
-216
-224
-227
-230
-231
-235
-236
-234
-231
-229
-225
-217
-210
-201
-190
-176
-161
-143
-125
-103
-81
-57
-35
-11
4
19
32
43
52
60
68
77
87
96
108
120
132
146
157
163
167
171
175
174
172
166
159
151
143
138
130
123
113
109
103
97
90
83
72
61
48
34
24
11
1
-5
-10
-15
-19
-22
-24
-24
-22
-21
-20
-18
-15
-13
-8
-3
0
3
4
6
11
17
23
26
32
40
47
54
59
60
63
67
70
73
76
74
67
62
61
57
55
47
45
43
39
39
36
30
19
10
-2
-15
-33
-50
-63
-80
-95
-107
-118
-126
-137
-146
-152
-153
-154
-156
-155
-158
-160
-162
-163
-164
-164
-160
-154
-145
-136
-128
-115
-102
-85
-69
-52
-40
-30
-17
-8
3
13
23
31
38
45
49
53
58
64
71
85
97
107
115
120
121
121
121
118
113
108
104
102
101
99
96
94
97
95
96
100
103
100
94
84
73
62
49
35
23
15
6
1
-4
-7
-9
-13
-18
-24
-32
-39
-44
-47
-48
-49
-52
-57
-61
-66
-69
-75
-80
-84
-84
-85
-87
-89
-89
-88
-87
-86
-85
-86
-85
-82
-80
-76
-71
-66
-62
-55
-47
-38
-27
-15
-1
7
17
23
27
33
37
39
42
47
48
53
56
60
64
67
74
78
84
91
99
104
105
104
101
99
93
87
82
75
71
66
61
56
49
42
40
36
29
23
17
10
1
-7
-14
-23
-31
-36
-40
-43
-44
-42
-43
-44
-40
-40
-42
-44
-45
-49
-53
-55
-58
-61
-61
-61
-64
-64
-61
-59
-58
-56
-55
-53
-47
-42
-41
-39
-39
-37
-36
-33
-31
-30
-31
-31
-30
-26
-18
-10
-2
7
11
14
14
13
10
6
5
4
3
2
1
1
5
11
17
22
28
32
36
38
40
39
37
35
30
24
19
16
15
15
14
16
19
23
25
26
25
23
17
11
8
7
3
2
2
2
-2
-4
-6
-7
-8
-11
-9
-6
-1
3
4
6
9
13
15
17
16
16
16
15
14
14
16
19
20
19
21
26
28
28
28
27
27
27
26
26
24
23
23
23
21
18
15
10
8
5
3
1
0
0
-3
-5
-6
-6
-6
-3
-1
-1
-1
-3
-5
-9
-14
-19
-23
-27
-30
-32
-35
-39
-42
-43
-45
-47
-47
-46
-44
-42
-40
-38
-36
-33
-30
-28
-23
-20
-17
-13
-9
-5
-3
0
0
3
4
5
5
4
4
3
4
3
2
2
-1
-3
-8
-11
-16
-20
-20
-20
-20
-17
-15
-12
-8
-7
-2
-1
1
2
3
3
0
-3
-4
-1
2
3
6
11
13
17
18
19
19
21
23
23
22
20
17
16
16
14
16
19
22
25
27
32
34
35
35
36
37
36
35
35
34
33
31
29
26
23
18
15
11
9
7
6
3
1
-3
-7
-10
-14
-16
-19
-24
-27
-30
-35
-38
-42
-43
-43
-43
-42
-42
-42
-40
-36
-32
-29
-25
-22
-20
-18
-14
-11
-7
-3
1
1
3
8
10
13
16
19
20
24
28
32
34
35
37
37
38
40
40
43
45
42
41
37
32
27
22
17
16
14
13
11
10
5
-2
-7
-13
-21
-25
-34
-38
-43
-45
-46
-51
-51
-52
-55
-58
-59
-60
-61
-61
-58
-56
-53
-50
-46
-42
-37
-33
-30
-25
-19
-13
-7
0
6
10
12
14
14
16
19
25
31
39
44
48
50
52
52
53
52
49
46
40
36
35
29
23
19
15
16
17
17
18
18
15
13
8
5
4
3
3
1
-1
-7
-11
-15
-21
-24
-26
-26
-24
-22
-18
-14
-9
-3
1
3
6
9
10
13
15
15
12
10
10
12
15
17
18
19
18
16
17
19
19
18
20
19
17
17
13
10
9
5
1
-3
-7
-10
-15
-19
-22
-26
-30
-31
-32
-36
-36
-35
-37
-37
-38
-39
-41
-40
-39
-39
-38
-37
-37
-38
-33
-30
-26
-21
-18
-14
-9
-4
-3
-1
1
1
3
5
5
6
6
9
8
9
11
11
13
15
18
19
20
22
22
25
27
27
27
28
33
36
40
43
44
44
44
43
39
35
30
23
22
21
18
16
11
7
2
-2
-5
-4
-4
-4
-5
-6
-7
-9
-11
-12
-15
-19
-21
-20
-19
-19
-18
-17
-17
-16
-18
-19
-20
-21
-21
-23
-23
-22
-21
-18
-16
-17
-14
-12
-11
-11
-10
-11
-10
-11
