1
-1
-1
0
-1
-2
0
0
1
0
0
0
0
0
-1
0
-1
0
-1
-1
0
1
0
0
-1
0
0
0
0
0
-1
-1
0
1
0
1
1
1
1
0
0
1
-1
0
0
-1
-1
0
0
0
1
0
0
0
0
0
0
0
-1
0
1
0
0
0
1
1
0
1
1
1
1
-1
0
0
0
0
0
0
1
0
0
0
0
0
1
0
1
0
-1
0
0
-1
0
0
0
-1
-1
-1
-1
-1
0
1
1
0
0
-1
0
0
-1
1
0
0
0
0
0
1
0
0
0
0
0
0
0
-1
0
0
0
0
1
0
-1
1
1
0
0
0
0
-1
0
1
0
0
0
0
0
-1
1
0
-1
0
0
1
1
0
0
0
0
1
0
0
-1
0
0
0
0
0
0
-1
2
0
0
0
0
0
1
0
0
0
0
-1
0
0
-1
-1
0
0
0
0
1
1
0
1
0
1
0
-1
0
1
0
0
0
-1
0
0
0
-1
0
0
0
1
0
1
0
0
-1
0
-1
-1
-1
1
0
0
0
-1
0
0
0
0
0
1
0
-1
1
0
-1
0
1
1
1
1
0
0
-1
0
0
-1
0
0
0
0
0
0
1
-1
1
-1
-1
0
1
0
0
-1
0
0
0
0
-1
0
0
1
1
1
0
0
0
0
1
0
0
-1
-1
0
1
1
1
-1
0
0
0
0
0
0
-1
0
0
0
0
1
0
1
-1
0
0
1
0
1
0
0
-1
0
0
-1
0
-1
0
1
1
0
1
1
1
0
0
0
0
-1
0
-1
0
0
0
1
0
0
-2
0
0
1
0
1
-1
0
0
0
0
0
1
1
1
0
0
0
0
1
0
-1
0
-1
0
0
1
1
1
0
1
0
0
0
0
0
-1
-1
0
-1
0
0
0
-1
1
0
0
-1
-1
-1
-1
-1
-1
-1
-1
0
-1
0
0
-1
-1
-1
0
0
0
1
0
-1
-1
0
0
-1
0
1
1
0
0
0
-1
-1
0
0
1
1
-1
1
0
0
0
1
0
0
0
-1
0
1
-1
0
-1
-1
0
0
1
1
-1
1
1
1
0
-1
1
0
0
1
1
1
0
1
0
0
1
0
-1
1
0
0
0
0
0
1
0
0
1
1
0
0
-1
-1
0
-1
0
-1
-1
0
0
0
0
0
0
0
0
0
-1
-1
-1
0
0
-1
0
0
0
0
0
0
0
0
0
0
0
0
-1
1
0
-1
-1
0
0
0
0
0
-1
1
0
1
0
-1
0
1
0
0
0
0
0
0
-1
-1
0
-1
0
0
0
0
0
0
1
0
0
1
0
0
0
1
-1
1
0
1
0
0
0
-1
-1
-1
-1
-1
0
0
0
-1
0
0
0
0
0
-1
1
0
0
1
0
-1
1
0
-1
-1
0
0
1
1
1
0
1
2
0
1
1
1
1
-1
0
2
0
0
1
1
0
1
0
0
0
0
0
0
-1
1
0
0
0
-1
-1
0
-1
-1
-2
0
-1
-1
1
-1
-1
-1
-2
-2
-1
-1
-1
-2
-1
-1
-1
-1
-2
-2
-2
-2
-1
-1
-2
-2
-1
0
0
-1
-1
-1
-1
-1
0
-1
0
0
-1
0
0
1
0
0
0
0
0
0
-1
1
1
2
3
4
4
4
4
5
6
5
6
4
5
3
3
3
3
4
4
3
3
3
1
0
-1
-2
-3
-3
-2
-1
-3
-3
-4
-5
-4
-5
-5
-6
-8
-10
-10
-10
-10
-9
-8
-6
-5
-5
-6
-8
-8
-9
-8
-7
-6
-5
-5
-6
-6
-8
-3
0
0
2
0
-1
-2
-2
-2
-4
-6
-6
-7
-6
-4
-3
-2
-2
-3
-5
-2
1
3
5
7
8
10
13
14
15
17
17
16
14
15
15
15
17
17
14
15
15
15
15
13
11
10
11
12
14
16
16
17
17
17
17
18
18
18
15
13
11
9
8
8
9
8
8
8
8
5
4
3
3
2
1
0
-2
-2
-4
-3
-2
-4
-3
-3
-4
-2
-2
0
-3
-4
-5
-4
-3
0
1
1
-1
-4
-8
-14
-17
-22
-23
-25
-26
-23
-22
-21
-21
-21
-19
-16
-14
-14
-15
-17
-19
-22
-26
-26
-26
-26
-25
-25
-24
-24
-23
-22
-20
-17
-15
-15
-16
-18
-20
-22
-22
-22
-25
-22
-20
-19
-18
-21
-21
-20
-18
-16
-12
-10
-8
-5
-4
-3
-2
-4
-4
-6
-10
-8
-5
-2
1
6
9
12
13
13
13
11
13
17
19
22
25
28
30
32
31
35
37
40
37
33
31
29
28
28
26
27
26
23
21
20
18
17
16
13
9
12
11
10
7
6
7
6
7
7
7
8
9
11
14
16
17
15
12
8
4
-1
-3
-5
-8
-8
-9
-9
-10
-12
-11
-12
-13
-13
-11
-8
-6
-2
1
-3
-2
-1
0
4
7
11
15
18
17
18
16
16
16
17
18
18
16
14
15
11
9
9
11
9
7
4
1
-1
-1
-1
-3
-2
-4
-6
-8
-10
-10
-11
-11
-14
-20
-21
-25
-27
-31
-30
-30
-31
-30
-31
-30
-32
-33
-31
-30
-26
-22
-18
-12
-9
-10
-3
-3
-1
-2
-2
-1
-2
2
5
9
12
16
18
19
17
14
15
16
18
16
20
21
21
18
17
17
18
19
21
22
22
20
18
18
17
15
15
18
16
14
17
22
22
26
26
26
24
19
16
10
7
4
0
-3
-5
-10
-14
-15
-20
-25
-26
-27
-29
-34
-35
-38
-40
-41
-41
-40
-42
-40
-37
-31
-29
-28
-25
-23
-22
-26
-22
-20
-18
-18
-19
-21
-21
-23
-27
-30
-30
-28
-27
-26
-23
-19
-16
-13
-15
-18
-15
-15
-14
-12
-9
-8
-7
-5
-3
-2
2
5
8
11
14
15
14
16
15
13
12
11
10
10
12
14
12
11
7
4
-1
-4
-6
-7
-8
-9
-8
-6
-6
-6
-4
-4
-6
-7
-7
-6
-6
-6
-5
-5
-7
-5
-2
5
10
15
21
24
21
16
11
10
8
8
10
12
11
13
15
18
21
23
23
23
21
19
19
19
19
17
20
22
24
24
23
24
27
30
34
38
41
42
42
45
44
44
43
41
42
40
40
40
39
39
39
38
38
36
33
31
27
25
22
20
20
23
24
23
20
14
13
15
16
14
11
8
4
1
-2
-1
-3
-4
-8
-12
-16
-20
-25
-27
-31
-38
-39
-41
-41
-43
-47
-52
-52
-52
-52
-50
-47
-45
-43
-38
-37
-35
-34
-31
-30
-35
-36
-39
-42
-44
-44
-42
-42
-41
-39
-38
-38
-39
-38
-34
-33
-30
-28
-25
-24
-26
-25
-25
-26
-26
-25
-23
-24
-25
-25
-24
-23
-26
-27
-27
-24
-22
-20
-16
-14
-14
-7
-4
0
6
14
19
25
28
32
32
29
30
29
33
37
34
34
32
29
27
29
31
33
37
39
40
40
41
40
39
38
37
37
36
35
35
36
38
38
38
38
36
38
40
38
39
36
35
33
32
29
22
16
8
3
0
0
1
2
-2
-4
-4
-7
-5
-5
-5
-3
-4
-6
-10
-10
-11
-9
-7
-8
-9
-10
-10
-9
-12
-12
-10
-10
-11
-13
-15
-18
-16
-15
-10
-6
-3
0
-2
-4
-4
-5
-6
-11
-19
-21
-22
-22
-19
-19
-19
-25
-31
-38
-43
-45
-42
-41
-39
-39
-40
-40
-38
-36
-35
-31
-27
-25
-22
-23
-24
-25
-25
-23
-21
-15
-10
-8
-4
-4
-4
-6
-8
-9
-12
-10
-9
-6
-8
-6
-5
-5
-4
-5
-7
-5
-4
-1
4
8
11
11
11
10
9
11
17
21
25
30
33
38
44
46
50
54
54
57
56
53
50
47
44
39
31
26
22
20
21
25
27
32
31
30
28
23
20
17
17
16
16
14
14
10
6
9
13
17
19
19
19
15
15
13
13
11
8
6
2
1
-1
-3
-2
-4
-7
-10
-13
-15
-20
-20
-23
-29
-35
-38
-40
-42
-40
-39
-36
-31
-29
-24
-19
-19
-20
-18
-20
-23
-28
-33
-36
-34
-31
-28
-22
-19
-14
-12
-10
-8
-9
-8
-4
-6
-12
-13
-12
-12
-10
-5
3
5
10
8
9
7
4
-1
-3
-3
-5
-3
-2
-5
-8
-4
0
4
9
12
13
12
12
13
13
16
17
20
22
22
23
25
24
22
19
16
14
8
5
2
-1
-1
-3
-3
-3
-6
-6
-4
-1
3
7
8
9
5
1
0
2
6
11
17
20
22
26
24
23
24
24
22
18
15
10
6
1
-2
-6
-8
-9
-16
-24
-30
-33
-34
-31
-30
-27
-27
-28
-33
-32
-30
-27
-22
-19
-21
-24
-23
-18
-12
-7
-2
2
0
0
-2
0
1
3
7
9
10
13
11
10
9
6
9
14
16
13
12
8
4
0
-3
-5
-9
-10
-10
-12
-15
-17
-21
-22
-22
-23
-17
-15
-11
-6
-4
-1
1
5
6
6
7
7
11
18
22
24
22
19
13
9
8
7
8
8
8
7
7
6
4
1
0
-3
-3
-5
-5
-4
-2
3
8
13
16
17
15
14
15
13
11
11
10
9
12
15
18
23
24
23
20
13
10
2
-2
-3
-2
-2
-3
-6
-8
-5
-5
-3
-3
-4
-6
-5
-5
-6
-2
2
2
0
2
5
8
9
11
11
14
13
15
13
9
8
5
7
8
7
5
0
-7
-15
-17
-15
-14
-12
-11
-10
-8
-10
-11
-13
-20
-26
-30
-34
-36
-33
-32
-29
-28
-31
-29
-25
-23
-19
-15
-14
-11
-7
-6
-1
3
9
14
18
23
23
20
18
15
11
12
12
13
16
16
14
10
8
8
8
10
9
9
7
8
8
9
11
12
10
12
11
9
8
5
2
0
1
3
2
0
-1
-2
-2
-1
1
2
4
4
2
1
1
2
5
5
5
4
1
0
-1
-3
-9
-12
-15
-16
-16
-14
-8
-5
-7
-3
-1
-3
-5
-8
-13
-16
-19
-20
-19
-20
-17
-19
-17
-14
-12
-9
-5
-6
-10
-13
-17
-21
-20
-14
-9
-4
1
6
10
11
8
3
-4
-8
-11
-13
-16
-19
-21
-19
-12
-4
2
3
4
-3
-6
-8
-10
-11
-10
-11
-14
-14
-12
-11
-8
-5
-4
-3
-2
-4
-7
-8
-8
-4
-1
3
7
7
5
5
5
4
4
5
5
10
10
15
15
18
20
22
26
27
30
34
34
34
31
33
37
43
49
52
51
46
39
36
31
30
31
34
35
30
28
28
30
35
36
35
29
20
13
8
9
9
5
4
5
1
-1
-2
-5
-7
-9
-8
-12
-12
-13
-15
-16
-16
-14
-14
-14
-17
-18
-16
-19
-17
-22
-24
-23
-26
-28
-27
-27
-25
-17
-11
-7
-7
-11
-12
-16
-21
-24
-23
-25
-27
-22
-19
-11
-7
-7
-7
-7
-8
-10
-9
-6
-9
-9
-11
-13
-14
-13
-7
-4
1
3
4
4
3
1
-4
-4
-7
-8
-11
-17
-20
-18
-19
-19
-20
-24
-22
-21
-21
-18
-16
-10
-4
4
6
4
2
2
6
7
9
11
11
13
8
4
-1
-3
-1
0
3
2
1
1
0
1
0
0
3
3
2
1
1
2
4
6
5
8
7
1
-2
-1
-3
1
8
11
15
18
16
14
19
18
18
17
8
-1
-6
-5
-2
6
11
13
14
7
1
-2
-7
-3
1
4
8
12
12
8
7
3
4
9
9
8
6
9
8
8
12
7
6
5
1
8
10
16
17
18
17
14
13
9
5
6
2
1
1
0
-3
-5
-5
-5
-4
-3
-1
2
6
7
9
6
6
8
4
3
-6
-14
-18
-22
-26
-24
-20
-19
-11
-7
-1
0
2
0
-5
-9
-15
-17
-18
-20
-19
-16
-15
-5
4
5
6
-1
-8
-6
-9
-5
-3
0
-2
-7
0
-1
3
7
7
10
9
4
5
7
12
18
18
15
13
7
3
2
3
3
0
4
3
1
7
10
14
13
12
7
2
3
-1
-2
-1
-5
-11
-16
-24
-33
-27
-24
-18
-8
-5
-5
-6
-9
-2
0
4
8
-2
-2
-6
-6
2
8
17
10
5
1
-5
1
7
19
25
29
25
9
0
-17
-20
-17
-17
-13
-19
-18
-20
-23
-12
-7
-1
4
2
-10
-13
-15
-23
-10
-6
7
14
22
28
26
25
12
0
-9
-10
-7
-4
0
2
6
9
8
6
-1
-7
-17
-22
-22
-14
-7
0
5
1
3
5
13
24
31
23
14
3
-16
-14
-16
-7
8
15
24
26
23
20
14
9
4
-5
-8
-16
-20
-25
-16
-6
-1
8
6
4
-6
-6
-8
-8
11
7
7
12
-6
0
6
7
17
15
12
4
-6
-9
-12
-9
-8
-14
-6
-3
-9
1
-6
-1
-4
-9
-1
-16
-8
-4
-3
16
13
23
18
15
18
0
6
-1
2
10
10
18
9
16
10
-1
0
-18
-12
-6
-2
11
10
7
-7
-7
-11
-13
-1
-2
4
7
0
0
-5
-8
-12
-4
-2
-6
7
2
7
15
9
5
-1
-7
-7
-3
-6
-12
-17
-25
-25
-17
-16
-11
-9
-16
-22
-42
-43
-43
-49
-34
-25
-27
-15
1
-4
18
15
19
22
20
17
-2
15
2
4
15
10
20
23
26
27
20
17
7
12
17
25
26
44
24
12
14
-13
-6
6
-9
24
17
10
21
0
1
4
5
28
27
19
24
5
2
16
15
7
1
-29
-27
-29
-13
-2
-6
19
1
1
12
-20
-15
-33
-23
-32
-26
-20
-31
-5
-15
-16
-26
-27
-20
-12
8
7
-12
-5
-14
-20
-12
-13
-20
-16
6
-14
7
4
-14
28
-18
22
-15
-10
8
-7
43
15
20
12
0
17
-9
6
-19
-21
4
-24
26
3
4
59
21
39
11
7
-4
-10
35
6
14
32
7
21
33
14
22
20
11
-29
-27
-54
-31
-28
25
55
0
69
-17
-24
-8
-13
16
19
43
-18
-5
-39
-32
-8
-8
44
3
30
1
-22
-18
-32
-19
-31
-56
-20
-80
-42
-30
-37
41
-17
64
-13
-42
1
-115
-15
-23
1
59
30
55
-21
-6
-35
-30
11
19
5
34
30
0
64
-1
33
6
-26
-11
-70
-16
-59
-11
4
-1
35
15
-11
25
10
29
51
20
25
-25
29
-14
13
5
20
3
61
33
42
-8
32
-22
-19
40
-81
16
-47
10
-1
-39
-5
-22
-6
64
48
12
23
-22
-16
-48
52
-3
61
106
21
0
-25
-24
-52
71
-27
5
-59
-81
-9
-61
71
50
9
65
-54
-54
-92
-42
20
25
117
36
5
-23
-33
42
-42
103
63
-126
166
-177
-64
20
-143
61
40
27
64
1
1
55
-28
66
-18
-42
-31
-58
-60
-18
-1
51
87
-19
93
-77
-48
65
-61
63
14
15
-50
15
-8
-69
55
-2
-5
46
-39
-80
2
-53
-1
49
-18
40
-39
-58
-48
-63
-36
-18
5
-29
9
-49
-32
46
-43
28
65
-3
45
-47
53
5
-33
73
-25
-49
41
-79
-15
36
-8
125
-38
71
13
-85
108
-97
-56
30
-94
46
-46
51
-26
-54
54
18
42
1
78
-17
-1
92
-79
65
5
-34
78
49
43
22
11
-1
-17
2
57
-7
51
12
8
-24
-77
-26
43
-36
86
-45
-109
-97
-105
-47
-1
50
19
118
28
-17
-6
-58
12
12
-17
35
-26
6
20
61
19
13
67
-63
-50
-67
-144
-66
2
-1
94
-6
-25
-22
-88
17
36
7
99
85
-87
74
-98
-64
91
7
119
72
28
41
-51
55
-19
-14
-23
-56
-5
-93
63
28
0
101
66
-97
-47
-35
-81
62
68
43
20
-70
-48
-75
-57
60
27
19
59
-15
-52
9
34
-6
42
3
-45
-46
1
31
-4
52
-18
-99
-34
-79
-1
82
-6
133
-23
-35
21
-80
31
32
62
17
25
2
-57
3
-24
22
23
19
124
-39
27
77
-48
78
4
-19
-63
-63
-8
2
-17
30
-28
-46
33
-50
-8
31
4
37
31
-39
-26
-72
48
24
-10
49
-116
-32
19
7
96
33
13
-42
-50
1
-93
36
30
27
83
-34
-53
-143
-115
-31
21
68
-1
-30
-69
-102
-21
7
83
122
41
62
-59
-37
-82
-58
122
50
77
126
10
22
6
54
-48
63
50
-102
8
-93
-87
18
22
13
13
-59
-99
-64
-62
-28
61
44
26
92
-13
-53
20
-12
17
118
91
10
-7
-22
-110
-26
-2
3
87
71
5
-69
-38
-103
-71
-67
-9
-41
-18
77
23
29
-27
4
-98
-11
13
-31
67
9
76
50
9
81
-41
71
94
21
92
34
-80
-58
-72
-84
-6
44
34
42
7
-39
-3
-21
23
-2
53
-41
-79
38
-61
75
145
46
112
-83
-108
-55
-49
46
113
81
-10
-69
-158
-117
-99
-30
102
52
-2
-101
-154
-220
-147
24
15
60
94
50
64
63
117
49
-21
31
-79
-32
-21
32
43
148
191
22
104
-60
-94
-19
6
51
74
18
-1
-34
-94
-75
-42
59
-23
91
54
-24
48
-44
-34
28
9
0
93
111
69
97
25
6
26
-48
16
-28
-40
-23
-24
10
-6
-4
-23
-51
-85
-91
-50
-88
-55
-21
13
-1
-63
-9
-66
-35
-46
-92
4
82
83
146
127
39
-52
-84
23
16
74
104
22
-53
-38
-114
-98
11
59
139
56
11
-48
-119
-94
-98
-58
47
-15
1
-17
-66
-39
-19
79
123
114
55
4
-50
7
49
76
115
81
40
-81
-103
-87
-55
16
23
-35
-62
-157
-192
-109
-62
-2
46
30
-12
-39
-72
-77
-13
-16
31
96
53
52
60
35
60
106
73
90
67
12
-5
-57
-32
-21
-59
-34
-61
-56
-72
-12
17
-34
1
-58
-72
-32
-48
3
53
80
126
103
77
86
74
84
74
106
87
36
62
28
43
61
18
-31
-43
-22
-32
-19
-4
-69
-85
-102
-135
-78
-37
-66
35
61
54
44
16
15
6
22
41
24
16
1
5
24
25
48
17
-28
-58
-110
-142
-95
-75
-16
-26
-93
-111
-138
-108
-91
-71
-7
-29
-25
-33
-9
-5
1
91
59
114
144
63
104
115
97
147
152
158
149
103
52
19
-2
-10
-40
-39
-78
-135
-172
-214
-177
-157
-150
-132
-139
-132
-130
-91
-50
20
68
89
132
112
131
166
201
219
211
207
168
95
61
86
74
72
30
-18
-70
-126
-117
-112
-71
-46
-93
-100
-80
-95
-100
-77
-48
-13
42
96
107
144
145
140
200
202
202
186
154
152
110
105
81
43
36
37
21
17
6
-7
-53
-80
-91
-154
-167
-163
-115
-86
-83
-45
-38
-38
-13
-15
-24
1
11
-7
-12
7
-24
-51
-72
-80
-122
-182
-244
-293
-323
-316
-322
-347
-347
-413
-472
-510
-499
-476
-438
-398
-333
-289
-278
-283
-290
-233
-202
-173
-147
-126
-95
-61
12
120
198
303
394
433
517
580
637
680
703
698
616
496
396
327
281
238
231
247
299
365
434
594
755
835
867
871
851
778
708
662
569
503
412
328
269
212
243
220
186
186
119
53
-1
-70
-86
-133
-158
-185
-233
-278
-354
-378
-330
-251
-168
-106
-120
-139
-211
-301
-349
-356
-349
-411
-484
-595
-729
-876
-1045
-1224
-1462
-1779
-2143
-2519
-2883
-3263
-3596
-3826
-3940
-3910
-3750
-3397
-2862
-2206
-1429
-561
359
1258
2106
2819
3358
3761
3987
4069
4041
3937
3745
3491
3198
2920
2669
2469
2312
2176
2052
1893
1696
1452
1169
824
441
39
-379
-794
-1173
-1481
-1686
-1780
-1714
-1536
-1260
-836
-396
33
424
731
949
1034
946
754
449
48
-401
-827
-1190
-1465
-1649
-1694
-1552
-1316
-988
-565
-92
386
810
1132
1359
1432
1376
1221
999
765
510
278
73
-72
-114
-122
-46
81
180
304
350
319
259
144
-20
-227
-480
-741
-1012
-1279
-1475
-1553
-1527
-1443
-1301
-1134
-920
-733
-584
-440
-410
-473
-662
-966
-1362
-1895
-2525
-3173
-3800
-4381
-4914
-5288
-5461
-5449
-5182
-4691
-3968
-3064
-2031
-877
292
1435
2532
3526
4306
4872
5228
5389
5355
5163
4879
4550
4219
3899
3645
3447
3321
3215
3094
2992
2826
2583
2283
1898
1434
898
304
-295
-866
-1360
-1721
-1921
-1922
-1747
-1396
-931
-361
256
874
1482
1980
2383
2615
2630
2413
2018
1480
832
124
-586
-1234
-1784
-2193
-2416
-2415
-2219
-1862
-1432
-933
-401
89
499
769
894
886
759
524
226
-86
-345
-563
-728
-773
-676
-491
-296
-75
122
241
280
193
-23
-351
-789
-1259
-1673
-2028
-2303
-2451
-2475
-2350
-2082
-1701
-1243
-773
-362
-52
53
-65
-345
-840
-1601
-2572
-3670
-4815
-5938
-6977
-7808
-8308
-8444
-8188
-7520
-6452
-5008
-3295
-1443
464
2326
4055
5569
6761
7600
8102
8268
8124
7749
7235
6651
6057
5499
5028
4658
4382
4191
4051
3914
3719
3411
2969
2373
1602
663
-382
-1459
-2497
-3424
-4149
-4598
-4744
-4599
-4159
-3394
-2348
-1140
112
1322
2426
3331
3939
4254
4302
4071
3531
2715
1765
780
-190
-1098
-1867
-2399
-2716
-2818
-2686
-2344
-1827
-1252
-682
-121
350
716
934
990
931
761
531
305
103
-34
-118
-162
-141
-49
60
155
226
260
198
-32
-374
-723
-1109
-1558
-2035
-2405
-2640
-2789
-2818
-2657
-2324
-1929
-1521
-1115
-746
-511
-506
-703
-1076
-1698
-2567
-3618
-4765
-5880
-6918
-7809
-8447
-8771
-8684
-8178
-7303
-6036
-4415
-2557
-580
1391
3277
5004
6460
7553
8276
8657
8703
8443
7953
7330
6625
5897
5229
4666
4216
3879
3650
3494
3323
3093
2796
2408
1883
1171
321
-575
-1514
-2461
-3298
-3923
-4279
-4338
-4111
-3579
-2758
-1707
-486
799
2054
3217
4182
4859
5220
5276
5025
4430
3525
2480
1390
290
-791
-1738
-2452
-2976
-3263
-3259
-2977
-2493
-1906
-1276
-613
7
522
931
1221
1376
1380
1259
1104
941
789
657
536
459
458
442
356
240
79
-195
-612
-1111
-1609
-2133
-2687
-3178
-3536
-3762
-3860
-3767
-3443
-2984
-2510
-2023
-1528
-1119
-933
-1001
-1266
-1751
-2531
-3573
-4752
-5940
-7087
-8164
-9020
-9505
-9549
-9131
-8274
-6976
-5246
-3204
-994
1259
3432
5450
7171
8473
9363
9833
9892
9594
9021
8276
7430
6528
5706
4999
4411
3973
3670
3500
3346
3109
2821
2499
2011
1299
444
-463
-1395
-2365
-3261
-3908
-4246
-4314
-4098
-3568
-2709
-1601
-353
969
2310
3581
4650
5422
5867
6006
5778
5134
4127
2910
1564
131
-1292
-2570
-3590
-4360
-4870
-5014
-4792
-4323
-3671
-2882
-1982
-1081
-319
328
868
1247
1434
1440
1380
1325
1243
1137
1050
1028
1054
1029
913
772
583
261
-248
-880
-1537
-2253
-2984
-3646
-4140
-4428
-4572
-4481
-4121
-3623
-3045
-2396
-1750
-1194
-890
-844
-963
-1353
-2087
-3115
-4285
-5435
-6567
-7645
-8480
-8946
-8973
-8558
-7713
-6355
-4537
-2443
-200
2074
4279
6316
8001
9248
10058
10406
10309
9810
9035
8097
7031
5926
4940
4117
3440
2916
2595
2417
2261
2037
1800
1523
1093
427
-403
-1224
-2117
-3058
-3909
-4486
-4711
-4682
-4371
-3677
-2634
-1361
38
1470
2942
4338
5453
6250
6698
6777
6461
5688
4588
3279
1739
64
-1588
-3052
-4295
-5288
-5879
-5976
-5714
-5098
-4194
-3043
-1693
-397
799
1878
2788
3400
3658
3627
3433
3099
2614
2032
1502
1114
778
401
97
-120
-361
-679
-1098
-1552
-2109
-2777
-3433
-4033
-4551
-4965
-5160
-5039
-4745
-4367
-3819
-3107
-2384
-1887
-1678
-1606
-1722
-2223
-3148
-4336
-5531
-6676
-7852
-8864
-9461
-9547
-9152
-8360
-7072
-5236
-3048
-683
1743
4127
6366
8262
9718
10723
11235
11256
10852
10092
9090
7919
6674
5509
4471
3564
2815
2280
1983
1765
1519
1271
1080
790
261
-451
-1213
-1967
-2828
-3688
-4317
-4575
-4545
-4299
-3695
-2681
-1393
25
1492
3031
4559
5825
6719
7222
7356
7090
6313
5079
3576
1903
143
-1646
-3323
-4726
-5828
-6572
-6855
-6644
-6001
-5046
-3852
-2436
-940
474
1734
2821
3678
4200
4343
4228
3954
3517
2914
2212
1539
966
431
-81
-527
-901
-1243
-1658
-2159
-2662
-3184
-3730
-4237
-4666
-4963
-5111
-5035
-4679
-4164
-3586
-2889
-2098
-1390
-982
-886
-952
-1258
-2011
-3182
-4551
-5885
-7196
-8525
-9589
-10142
-10139
-9624
-8618
-7054
-4957
-2535
31
2608
5085
7354
9231
10597
11440
11754
11575
10966
10009
8845
7578
6302
5143
4141
3309
2667
2228
2001
1858
1664
1476
1285
947
352
-455
-1305
-2175
-3138
-4032
-4628
-4851
-4761
-4430
-3723
-2562
-1135
373
1918
3510
5019
6163
6912
7343
7366
6852
5774
4324
2694
873
-1105
-3015
-4647
-5908
-6826
-7303
-7174
-6561
-5654
-4486
-3021
-1341
290
1664
2835
3777
4382
4503
4284
3926
3409
2706
1852
1081
488
1
-495
-885
-1061
-1198
-1455
-1819
-2186
-2552
-3072
-3702
-4205
-4549
-4814
-4989
-4884
-4437
-3893
-3319
-2582
-1706
-975
-669
-660
-777
-1232
-2190
-3542
-4944
-6220
-7577
-8928
-9860
-10237
-10068
-9440
-8322
-6509
-4241
-1769
839
3443
5967
8203
9964
11272
12033
12191
11841
11054
9951
8610
7114
5715
4511
3442
2525
1848
1499
1360
1215
1085
1048
974
654
5
-786
-1586
-2460
-3419
-4251
-4733
-4810
-4677
-4267
-3332
-1972
-399
1216
2887
4576
6059
7127
7797
8071
7854
7076
5823
4292
2446
285
-1932
-3960
-5682
-7087
-8103
-8485
-8236
-7558
-6444
-4917
-3016
-963
973
2751
4314
5495
6172
6337
6095
5555
4694
3555
2365
1253
248
-633
-1373
-1855
-2150
-2385
-2601
-2799
-3013
-3349
-3832
-4331
-4771
-5161
-5465
-5614
-5456
-5055
-4566
-3872
-2974
-1974
-1121
-675
-431
-357
-727
-1602
-2875
-4267
-5673
-7261
-8767
-9847
-10393
-10409
-9912
-8811
-6985
-4660
-2097
654
3417
6036
8360
10252
11633
12415
12559
12172
11355
10183
8777
7271
5834
4558
3407
2469
1825
1478
1306
1150
1032
1018
919
560
-35
-772
-1555
-2473
-3453
-4271
-4749
-4864
-4701
-4231
-3268
-1866
-285
1383
3135
4897
6428
7553
8234
8534
8305
7444
6051
4312
2349
96
-2311
-4493
-6305
-7806
-8888
-9358
-9056
-8212
-6999
-5318
-3232
-994
1132
3047
4777
6181
6999
7265
7071
6502
5619
4372
2974
1624
406
-741
-1816
-2684
-3280
-3688
-4108
-4440
-4575
-4657
-4880
-5170
-5274
-5257
-5238
-5158
-4824
-4157
-3425
-2725
-1926
-976
-115
384
470
381
49
-727
-1976
-3533
-5148
-6752
-8378
-9811
-10786
-11189
-10970
-10153
-8734
-6707
-4216
-1438
1445
4234
6844
9136
10932
12165
12780
12814
12364
11484
10253
8817
7343
5978
4757
3650
2753
2147
1782
1495
1201
954
754
410
-200
-985
-1760
-2545
-3456
-4300
-4841
-5013
-4872
-4468
-3642
-2372
-849
852
2620
4401
6077
7402
8288
8736
8646
8002
6790
5081
3105
855
-1580
-3891
-5892
-7509
-8672
-9302
-9135
-8303
-7078
-5412
-3383
-1115
1129
2991
4592
5888
6610
6796
6360
5514
4490
3193
1752
326
-959
-1865
-2601
-3230
-3532
-3595
-3551
-3585
-3726
-3785
-3906
-4239
-4541
-4788
-4962
-5004
-4958
-4582
-3879
-3105
-2213
-1207
-207
731
1283
1396
1254
691
-322
-1764
-3589
-5391
-7148
-8882
-10294
-11253
-11549
-11142
-10153
-8540
-6322
-3637
-664
2307
5126
7781
10011
11687
12732
13115
12981
12330
11221
9826
8243
6638
5181
3866
2768
1928
1364
1088
905
728
629
499
188
-329
-1036
-1796
-2670
-3650
-4475
-5014
-5227
-5080
-4537
-3500
-2084
-440
1380
3274
5149
6812
8089
8903
9214
8941
8013
6514
4662
2565
161
-2372
-4660
-6497
-7939
-8960
-9307
-8894
-7939
-6599
-4813
-2604
-299
1785
3601
5149
6299
6867
6863
6362
5493
4369
3000
1473
55
-1068
-1939
-2690
-3242
-3407
-3369
-3401
-3454
-3452
-3502
-3742
-4166
-4503
-4778
-5112
-5281
-5225
-4884
-4276
-3586
-2659
-1545
-518
384
945
1150
1074
506
-559
-2043
-3826
-5615
-7411
-9153
-10487
-11286
-11454
-10953
-9905
-8176
-5837
-3140
-169
2802
5630
8274
10438
12007
12936
13178
12908
12137
10911
9438
7833
6278
4883
3572
2501
1815
1436
1234
1023
869
863
704
212
-480
-1266
-2109
-3141
-4232
-5027
-5456
-5558
-5308
-4609
-3392
-1797
9
1972
3967
5862
7485
8705
9434
9573
9108
8061
6437
4388
2062
-395
-2809
-5056
-6906
-8261
-9083
-9258
-8772
-7712
-6234
-4428
-2308
-90
1894
3554
4913
5896
6350
6166
5571
4746
3654
2312
866
-387
-1302
-2054
-2706
-3133
-3275
-3211
-3230
-3336
-3357
-3340
-3429
-3798
-4204
-4370
-4456
-4558
-4557
-4206
-3428
-2580
-1772
-822
208
1128
1589
1559
1323
761
-317
-1868
-3724
-5552
-7314
-9059
-10486
-11383
-11619
-11181
-10207
-8596
-6322
-3616
-648
2334
5180
7843
10071
11729
12800
13228
13075
12415
11262
9800
8175
6524
5036
3687
2548
1737
1222
946
733
530
381
150
-295
-944
-1774
-2683
-3655
-4659
-5466
-5956
-6041
-5691
-4939
-3731
-2123
-269
1749
3768
5710
7449
8725
9510
9739
9375
8440
6866
4869
2633
218
-2154
-4318
-6134
-7471
-8338
-8562
-8051
-7066
-5670
-3927
-1971
5
1682
3039
4161
4861
5047
4757
4125
3353
2408
1342
319
-542
-1128
-1510
-1792
-1904
-1879
-1825
-1860
-2056
-2296
-2621
-3139
-3759
-4369
-4837
-5082
-5206
-5050
-4527
-3738
-2720
-1660
-508
648
1555
2116
2221
1934
1324
191
-1417
-3292
-5286
-7216
-9082
-10734
-11826
-12301
-12082
-11169
-9692
-7531
-4815
-1838
1263
4240
7040
9530
11419
12679
13315
13344
12852
11844
10484
8983
7426
5952
4607
3466
2656
2082
1698
1432
1174
932
607
81
-633
-1538
-2564
-3615
-4686
-5595
-6186
-6406
-6174
-5515
-4370
-2737
-822
1238
3322
5330
7171
8619
9582
10008
9865
9197
7887
6068
3992
1726
-606
-2931
-5032
-6611
-7782
-8529
-8680
-8280
-7355
-6130
-4631
-2794
-938
737
2216
3430
4330
4766
4766
4507
3966
3128
2141
1142
263
-506
-1246
-1872
-2306
-2556
-2749
-3025
-3288
-3427
-3605
-3943
-4333
-4544
-4587
-4654
-4662
-4375
-3822
-3118
-2342
-1473
-494
380
1089
1526
1581
1314
652
-465
-2003
-3882
-5786
-7590
-9313
-10706
-11580
-11789
-11276
-10175
-8415
-6026
-3257
-246
2778
5670
8364
10611
12268
13304
13674
13470
12749
11534
10036
8400
6753
5196
3808
2691
1865
1261
837
553
318
128
-217
-732
-1374
-2185
-3073
-4025
-4930
-5590
-5964
-5998
-5666
-4943
-3717
-2087
-199
1862
3940
5940
7705
9027
9861
10155
9838
8992
7606
5724
3562
1243
-1077
-3340
-5483
-7144
-8292
-8993
-9147
-8800
-7895
-6603
-5126
-3336
-1432
332
1922
3207
4174
4754
4887
4763
4321
3519
2597
1602
643
-262
-1094
-1699
-2157
-2496
-2668
-2774
-2841
-2866
-2895
-2946
-3094
-3224
-3237
-3241
-3248
-3136
-2836
-2316
-1750
-1171
-466
209
742
1043
996
692
120
-859
-2200
-3861
-5614
-7252
-8854
-10249
-11175
-11542
-11267
-10449
-9073
-7011
-4502
-1732
1181
4054
6827
9295
11217
12583
13328
13473
13065
12122
10832
9318
7661
6023
4537
3279
2278
1516
1041
774
544
291
8
-302
-782
-1534
-2434
-3349
-4276
-5198
-5952
-6318
-6246
-5832
-5029
-3751
-2074
-147
1889
3941
5918
7612
8914
9808
10165
9949
9176
7884
6212
4219
1987
-284
-2552
-4649
-6446
-7885
-8814
-9211
-9113
-8575
-7655
-6301
-4600
-2830
-1048
647
2169
3426
4270
4734
4887
4679
4150
3325
2311
1260
225
-761
-1608
-2247
-2662
-2883
-2951
-2892
-2777
-2651
-2567
-2508
-2506
-2525
-2510
-2459
-2397
-2298
-2014
-1558
-1089
-635
-160
293
577
451
65
-467
-1334
-2576
-4134
-5744
-7195
-8647
-9969
-10825
-11125
-10807
-9976
-8652
-6658
-4216
-1564
1216
3981
6629
9002
10889
12249
13037
13199
12858
12067
10870
9424
7852
6330
4914
3591
2465
1684
1184
806
445
117
-133
-507
-1094
-1924
-2797
-3619
-4528
-5448
-6117
-6371
-6218
-5759
-4894
-3484
-1667
343
2414
4482
6501
8237
9508
10311
10602
10334
9495
8114
6322
4208
1848
-551
-2848
-4959
-6773
-8171
-9033
-9384
-9265
-8653
-7614
-6232
-4656
-2985
-1296
271
1621
2703
3449
3914
4084
3920
3523
2918
2210
1466
685
9
-546
-1023
-1421
-1736
-1920
-2059
-2250
-2433
-2575
-2701
-2870
-3039
-3056
-2957
-2823
-2596
-2203
-1585
-923
-430
0
436
751
743
293
-340
-1078
-2166
-3646
-5312
-6835
-8098
-9319
-10337
-10814
-10728
-10101
-9035
-7483
-5340
-2865
-280
2346
4858
7219
9296
10906
11994
12494
12487
12071
11231
10033
8643
7248
5932
4660
3495
2553
1897
1428
973
528
204
-91
-518
-1178
-2011
-2813
-3642
-4555
-5354
-5857
-5962
-5706
-5142
-4135
-2627
-793
1175
3192
5170
6991
8470
9463
9972
10035
9565
8579
7207
5508
3583
1508
-614
-2572
-4408
-6055
-7274
-8039
-8477
-8616
-8383
-7678
-6602
-5426
-4078
-2575
-1070
299
1420
2352
3151
3624
3769
3663
3370
2969
2444
1836
1208
624
51
-514
-1030
-1472
-1875
-2268
-2652
-2927
-3093
-3213
-3250
-3181
-2997
-2728
-2378
-1955
-1484
-992
-564
-176
183
407
482
273
-200
-778
-1613
-2743
-4086
-5516
-6809
-8049
-9237
-10012
-10310
-10153
-9532
-8445
-6760
-4615
-2244
274
2813
5281
7565
9447
10841
11739
12152
12088
11531
10566
9423
8212
6977
5744
4589
3608
2857
2252
1673
1113
601
123
-479
-1209
-2049
-2903
-3720
-4577
-5372
-5895
-6032
-5825
-5333
-4482
-3160
-1484
350
2238
4162
6057
7662
8826
9559
9879
9738
8984
7713
6111
4208
2079
-181
-2356
-4258
-5932
-7262
-8141
-8587
-8520
-8080
-7365
-6303
-4997
-3568
-2159
-873
363
1448
2249
2801
3098
3224
3178
2927
2609
2274
1918
1542
1145
780
421
18
-397
-846
-1339
-1883
-2445
-2941
-3369
-3752
-4017
-4086
-3926
-3598
-3146
-2517
-1700
-857
-81
604
1149
1564
1669
1400
835
51
-997
-2405
-4035
-5654
-7128
-8445
-9547
-10284
-10510
-10200
-9391
-8086
-6300
-4085
-1639
851
3258
5506
7547
9234
10419
11116
11384
11274
10813
10009
8996
7941
6909
5902
4915
4068
3415
2854
2235
1514
812
136
-652
-1625
-2674
-3614
-4440
-5256
-5930
-6211
-6030
-5496
-4642
-3408
-1750
156
2044
3926
5748
7361
8562
9225
9479
9281
8518
7267
5666
3902
1981
-121
-2086
-3772
-5201
-6395
-7315
-7794
-7812
-7551
-7060
-6297
-5289
-4147
-3035
-1920
-747
389
1356
2095
2654
3097
3384
3453
3315
3047
2688
2202
1603
972
332
-321
-981
-1625
-2174
-2670
-3123
-3427
-3638
-3748
-3741
-3580
-3181
-2632
-2022
-1339
-661
11
674
1236
1645
1837
1811
1597
1138
385
-531
-1532
-2738
-4184
-5730
-7088
-8122
-9015
-9717
-9995
-9756
-9031
-7957
-6522
-4621
-2465
-285
1848
3922
5918
7662
8974
9878
10440
10661
10515
10036
9370
8626
7805
6887
5968
5124
4379
3652
2897
2141
1391
659
-188
-1144
-2108
-3034
-3887
-4677
-5305
-5569
-5446
-5018
-4321
-3294
-1864
-180
1573
3279
4909
6317
7343
7915
8059
7847
7238
6181
4783
3202
1602
55
-1460
-2815
-3952
-4882
-5628
-6219
-6533
-6587
-6569
-6445
-6111
-5520
-4726
-3856
-2797
-1479
-87
1223
2466
3698
4799
5487
5712
5601
5188
4419
3254
1894
525
-840
-2179
-3376
-4276
-4783
-4998
-5025
-4787
-4266
-3591
-2853
-2146
-1409
-631
20
467
822
1130
1394
1563
1564
1527
1436
1218
857
279
-439
-1178
-2115
-3332
-4713
-6077
-7211
-8243
-9271
-9968
-10143
-9827
-9100
-7997
-6355
-4230
-1943
383
2726
5065
7247
8950
10119
10875
11237
11199
10725
9981
9111
8074
6935
5802
4809
4006
3267
2594
1994
1379
731
16
-764
-1564
-2445
-3356
-4151
-4803
-5248
-5409
-5243
-4675
-3787
-2625
-1175
453
2135
3718
5082
6186
6924
7228
7113
6570
5714
4577
3164
1656
154
-1224
-2372
-3381
-4192
-4792
-5267
-5500
-5563
-5529
-5325
-5020
-4582
-4021
-3422
-2646
-1673
-636
458
1521
2556
3523
4173
4486
4517
4262
3736
2864
1785
674
-481
-1644
-2738
-3556
-4006
-4253
-4282
-4017
-3451
-2705
-1956
-1197
-390
367
941
1399
1764
1970
2031
1960
1860
1690
1341
1003
705
308
-273
-1022
-1737
-2543
-3710
-5103
-6464
-7598
-8596
-9611
-10325
-10506
-10188
-9451
-8326
-6647
-4428
-2053
287
2617
4933
7108
8840
10028
10854
11292
11287
10852
10105
9277
8330
7252
6166
5169
4330
3601
2881
2185
1455
692
-95
-991
-1935
-2905
-3876
-4739
-5486
-5971
-6058
-5782
-5149
-4197
-2927
-1339
374
2074
3664
5054
6122
6743
6916
6723
6214
5386
4318
3126
1968
931
30
-728
-1367
-1918
-2374
-2781
-3159
-3590
-4126
-4662
-5193
-5643
-5896
-5890
-5519
-4774
-3765
-2477
-958
648
2237
3593
4594
5181
5260
4849
4020
2828
1447
22
-1341
-2496
-3350
-3790
-3792
-3480
-2901
-2123
-1247
-366
382
970
1365
1512
1468
1279
1022
726
431
249
200
203
186
269
432
483
235
-318
-956
-1747
-2968
-4574
-6267
-7769
-9061
-10309
-11255
-11560
-11228
-10342
-9033
-7152
-4661
-1957
681
3152
5487
7680
9389
10448
11005
11166
11032
10534
9704
8878
8135
7401
6651
5899
5334
4895
4334
3607
2738
1742
605
-750
-2228
-3683
-5050
-6216
-7118
-7692
-7766
-7292
-6328
-4985
-3394
-1532
516
2495
4216
5593
6650
7338
7537
7311
6753
5997
5112
4098
3154
2369
1732
1197
653
137
-408
-1091
-1954
-3055
-4290
-5544
-6760
-7766
-8486
-8843
-8700
-8023
-6731
-4911
-2822
-604
1544
3459
5007
5941
6270
6054
5310
4114
2552
924
-483
-1636
-2508
-3002
-3038
-2623
-1979
-1213
-395
362
944
1221
1243
1122
850
463
34
-352
-561
-596
-444
-82
354
753
1044
1200
1168
809
44
-975
-2131
-3556
-5307
-7188
-8847
-10046
-10914
-11506
-11569
-10990
-9808
-8219
-6328
-3979
-1347
1174
3412
5370
7202
8783
9763
10244
10467
10511
10328
9809
9230
8830
8430
7879
7172
6493
5899
5083
3902
2484
956
-618
-2367
-4188
-5733
-6922
-7780
-8358
-8563
-8121
-7107
-5776
-4215
-2463
-508
1469
3189
4673
5930
6853
7404
7517
7343
7047
6578
5952
5232
4482
3796
3123
2382
1616
747
-274
-1477
-2875
-4346
-5803
-7268
-8640
-9758
-10386
-10465
-10050
-9027
-7426
-5367
-3075
-717
1620
3827
5584
6700
7181
7094
6559
5518
4158
2691
1279
43
-993
-1636
-1804
-1599
-1207
-732
-227
282
643
723
603
367
35
-362
-730
-952
-904
-660
-332
76
562
1113
1523
1590
1423
1065
426
-535
-1800
-3069
-4185
-5453
-6965
-8455
-9562
-10153
-10545
-10791
-10543
-9708
-8462
-7008
-5322
-3149
-675
1604
3558
5333
7104
8639
9634
10204
10582
10828
10737
10248
9665
9152
8564
7722
6635
5550
4489
3225
1753
176
-1362
-2854
-4391
-5775
-6780
-7381
-7662
-7685
-7331
-6492
-5251
-3757
-2110
-342
1462
3124
4600
5910
7022
7849
8263
8329
8158
7746
7087
6210
5215
4155
2954
1620
318
-874
-2011
-3180
-4323
-5299
-6184
-7085
-7973
-8703
-9165
-9452
-9563
-9293
-8503
-7222
-5671
-3884
-1739
622
2941
4952
6605
7916
8701
8766
8169
7153
5926
4443
2714
1062
-212
-1092
-1715
-2075
-2003
-1531
-982
-547
-165
223
460
371
58
-276
-574
-875
-1141
-1240
-1113
-903
-639
-278
145
497
573
438
161
-379
-1228
-2353
-3436
-4429
-5711
-7215
-8601
-9513
-9944
-10242
-10317
-9830
-8799
-7476
-6047
-4321
-2102
247
2276
3993
5631
7276
8671
9545
10092
10534
10787
10653
10169
9633
9133
8384
7215
5851
4574
3343
1886
237
-1338
-2729
-4024
-5283
-6276
-6743
-6795
-6651
-6294
-5553
-4333
-2852
-1338
204
1804
3348
4621
5598
6440
7178
7655
7738
7514
7168
6706
6032
5143
4132
3051
1865
554
-771
-2020
-3203
-4362
-5489
-6509
-7388
-8128
-8692
-9060
-9207
-9141
-8856
-8322
-7423
-6101
-4468
-2640
-717
1325
3386
5289
6895
8083
8773
8916
8468
7535
6285
4794
3123
1414
-125
-1332
-2167
-2648
-2774
-2559
-2130
-1645
-1163
-734
-463
-409
-577
-863
-1141
-1372
-1488
-1415
-1129
-690
-178
400
1031
1635
2016
2015
1686
1141
325
-803
-2131
-3400
-4436
-5556
-6946
-8295
-9200
-9555
-9700
-9813
-9573
-8809
-7738
-6581
-5212
-3277
-941
1251
3098
4834
6706
8452
9605
10242
10648
10846
10583
9715
8699
7901
7079
5922
4525
3340
2515
1608
412
-732
-1586
-2348
-3376
-4523
-5288
-5567
-5686
-5800
-5605
-4833
-3668
-2438
-1131
476
2306
3913
5047
5905
6729
7399
7614
7349
6914
6461
5818
4851
3771
2822
1903
769
-568
-1796
-2803
-3818
-4919
-5872
-6451
-6763
-7068
-7276
-7123
-6623
-6024
-5450
-4756
-3810
-2791
-1884
-936
264
1682
3018
4080
5041
6046
6878
7261
7167
6778
6141
5034
3431
1725
234
-1116
-2477
-3706
-4422
-4544
-4362
-4044
-3462
-2635
-1760
-1109
-720
-323
42
182
108
59
203
473
739
1034
1394
1706
1843
1785
1555
1074
256
-834
-2068
-3407
-4781
-5956
-6704
-7163
-7719
-8423
-8921
-8961
-8733
-8560
-8344
-7760
-6821
-5809
-4736
-3234
-1107
1234
3242
4940
6667
8409
9751
10439
10756
10977
10876
10156
9045
8079
7394
6578
5379
4134
3203
2403
1338
12
-1165
-2070
-3033
-4212
-5262
-5759
-5747
-5566
-5240
-4451
-3091
-1497
-22
1332
2739
4092
5025
5421
5516
5552
5434
4983
4335
3801
3472
3127
2603
1995
1470
908
49
-1089
-2245
-3262
-4242
-5257
-6093
-6450
-6359
-6084
-5664
-4906
-3808
-2773
-2134
-1713
-1225
-768
-573
-568
-374
183
840
1414
2098
3085
4154
4812
4937
4799
4454
3655
2284
690
-667
-1766
-2806
-3659
-3932
-3505
-2751
-1979
-1088
-5
1024
1653
1820
1809
1758
1494
957
427
276
453
634
789
1065
1409
1513
1144
468
-297
-1237
-2519
-4023
-5344
-6270
-6985
-7474
-7464
-6869
-6183
-6003
-6183
-6228
-6050
-6036
-6366
-6613
-6305
-5592
-4738
-3539
-1593
1005
3543
5550
7228
8862
10185
10667
10356
9848
9299
8343
6951
5719
5164
4934
4451
3742
3264
3071
2597
1546
323
-723
-1809
-3233
-4693
-5487
-5475
-5121
-4687
-3909
-2553
-926
476
1620
2772
3862
4445
4383
4096
4014
4063
3936
3711
3669
3827
3908
3772
3588
3363
2813
1814
558
-643
-1769
-2956
-4068
-4893
-5375
-5610
-5683
-5446
-4879
-4211
-3680
-3334
-2988
-2530
-2096
-1871
-1857
-1892
-1852
-1785
-1609
-1153
-416
359
951
1420
1986
2620
3046
3093
2861
2486
1957
1249
562
131
-74
-235
-377
-310
90
597
950
1188
1398
1510
1382
1009
636
370
45
-411
-788
-852
-644
-398
-197
47
275
242
-178
-783
-1380
-2105
-3082
-4064
-4768
-5240
-5682
-5980
-5745
-5068
-4701
-5040
-5601
-5795
-5755
-6024
-6516
-6517
-5773
-4787
-3882
-2553
-293
2383
4503
5857
6996
8227
9047
9027
8560
8287
8143
7555
6553
5831
5789
5891
5470
4610
3808
3094
2002
424
-1133
-2263
-3150
-4107
-4937
-5072
-4398
-3411
-2452
-1403
-113
1217
2224
2886
3483
4103
4535
4678
4742
4975
5349
5662
5792
5760
5567
5089
4226
3064
1766
412
-1018
-2461
-3754
-4765
-5479
-5941
-6180
-6203
-6048
-5835
-5632
-5381
-5023
-4583
-4113
-3605
-2966
-2197
-1477
-941
-530
-122
280
584
769
894
947
905
812
750
765
819
811
709
529
273
-68
-425
-719
-944
-1106
-1200
-1174
-959
-553
-4
620
1266
1866
2355
2709
2904
2892
2702
2441
2130
1712
1238
875
713
646
498
293
142
-84
-685
-1651
-2663
-3594
-4577
-5618
-6423
-6744
-6678
-6401
-5822
-4820
-3750
-3226
-3350
-3660
-3809
-3937
-4277
-4630
-4529
-3843
-2858
-1664
20
2242
4433
5950
6757
7259
7597
7494
6881
6164
5655
5217
4708
4353
4415
4755
4969
4851
4484
3933
3131
2091
956
-163
-1208
-2027
-2479
-2507
-2180
-1577
-712
241
1041
1608
2067
2465
2641
2517
2282
2198
2270
2345
2443
2702
3091
3295
3106
2696
2300
1819
990
-114
-1094
-1767
-2346
-2965
-3423
-3544
-3525
-3728
-4144
-4457
-4550
-4657
-4906
-5064
-4878
-4457
-3985
-3388
-2524
-1541
-845
-657
-769
-908
-1030
-1174
-1270
-1190
-902
-429
210
982
1814
2526
2884
2842
2514
1994
1351
685
116
-263
-410
-315
12
528
1151
1717
2085
2231
2143
1875
1497
1067
610
199
-88
-212
-155
9
223
423
507
336
-70
-588
-1227
-2034
-2904
-3639
-4143
-4452
-4613
-4591
-4411
-4172
-3885
-3452
-2930
-2661
-2949
-3631
-4255
-4562
-4644
-4619
-4331
-3580
-2468
-1251
48
1587
3321
4817
5660
5909
6016
6225
6349
6247
6133
6234
6434
6499
6407
6318
6245
5901
5020
3767
2550
1521
545
-430
-1262
-1788
-1983
-1947
-1774
-1449
-968
-522
-311
-298
-230
86
600
1110
1516
1945
2519
3153
3669
4008
4176
4090
3599
2707
1694
803
11
-845
-1742
-2469
-2904
-3157
-3386
-3630
-3865
-4134
-4540
-5066
-5546
-5796
-5786
-5610
-5325
-4861
-4117
-3098
-1990
-1024
-281
227
432
245
-197
-565
-731
-763
-677
-457
-25
674
1463
2028
2283
2339
2151
1629
919
269
-145
-315
-381
-359
-76
509
1131
1597
1946
2223
2373
2389
2259
2076
2005
2018
1980
1839
1707
1646
1545
1258
746
162
-361
-944
-1671
-2361
-2832
-3144
-3469
-3810
-4066
-4224
-4307
-4360
-4415
-4401
-4308
-4139
-3807
-3252
-2690
-2444
-2481
-2505
-2402
-2257
-2134
-1934
-1499
-878
-230
496
1522
2802
3920
4645
5149
5642
6041
6174
6116
6078
6018
5719
5208
4817
4718
4602
4196
3663
3230
2797
2174
1426
795
330
-194
-848
-1317
-1353
-1178
-1101
-1057
-868
-565
-330
-193
60
477
824
932
964
1191
1580
1845
1889
1858
1811
1578
1080
452
-129
-690
-1372
-2161
-2829
-3197
-3384
-3555
-3699
-3781
-3858
-3969
-4131
-4275
-4300
-4214
-4099
-3934
-3617
-3132
-2517
-1883
-1393
-1075
-875
-789
-793
-782
-675
-460
-144
199
540
1004
1592
2091
2422
2585
2519
2285
2052
1820
1549
1371
1344
1393
1542
1778
1988
2189
2406
2492
2406
2310
2233
2108
1982
1833
1617
1426
1266
974
530
56
-403
-877
-1336
-1774
-2224
-2605
-2851
-3001
-3097
-3228
-3476
-3803
-4093
-4307
-4422
-4439
-4371
-4178
-3776
-3140
-2285
-1374
-754
-615
-772
-1015
-1314
-1634
-1872
-1893
-1601
-1003
-195
840
2102
3347
4290
4888
5206
5252
5106
4868
4606
4367
4133
3929
3911
4140
4340
4246
3900
3436
2884
2212
1470
782
267
-85
-383
-573
-470
-62
419
733
843
832
760
614
373
112
-59
-93
-49
21
127
317
539
655
549
207
-192
-533
-939
-1473
-2025
-2451
-2678
-2763
-2793
-2780
-2705
-2654
-2770
-3025
-3260
-3381
-3445
-3480
-3433
-3201
-2800
-2391
-2048
-1693
-1302
-1036
-1066
-1310
-1563
-1648
-1468
-1085
-528
239
1167
2093
2902
3496
3790
3761
3478
3030
2518
2095
1792
1556
1482
1627
1910
2177
2332
2362
2290
2114
1761
1254
836
610
427
190
-3
-75
-108
-271
-649
-1110
-1494
-1834
-2208
-2526
-2654
-2555
-2331
-2078
-1817
-1591
-1464
-1506
-1712
-2046
-2459
-2832
-3100
-3222
-3127
-2786
-2252
-1635
-1136
-980
-1194
-1637
-2183
-2724
-3116
-3232
-3012
-2451
-1546
-352
1007
2336
3412
4194
4754
5083
5085
4840
4645
4646
4764
4897
5065
5319
5579
5594
5193
4487
3653
2704
1630
534
-446
-1188
-1655
-1877
-1868
-1652
-1305
-977
-732
-580
-529
-529
-520
-503
-443
-243
126
565
972
1317
1601
1812
1881
1732
1391
990
595
126
-429
-948
-1310
-1562
-1837
-2168
-2499
-2795
-3105
-3439
-3719
-3860
-3908
-3937
-3899
-3710
-3402
-3080
-2772
-2435
-2014
-1505
-958
-375
285
995
1674
2277
2783
3157
3380
3461
3408
3261
3044
2746
2356
1952
1592
1229
883
590
361
177
13
-150
-303
-402
-443
-462
-455
-377
-245
-119
-25
38
45
-20
-159
-376
-633
-849
-990
-1044
-999
-890
-781
-709
-677
-696
-784
-958
-1258
-1674
-2120
-2531
-2838
-2978
-2939
-2780
-2521
-2121
-1604
-1096
-769
-764
-1097
-1657
-2329
-3004
-3481
-3556
-3215
-2576
-1718
-687
415
1431
2189
2622
2809
2884
2920
2977
3131
3410
3799
4281
4822
5335
5740
5970
5937
5591
4948
4088
3151
2289
1584
1049
718
608
648
696
657
494
193
-250
-845
-1502
-2040
-2348
-2464
-2430
-2213
-1791
-1259
-761
-365
-47
227
399
419
356
347
442
555
628
681
725
715
607
383
98
-223
-637
-1176
-1729
-2155
-2429
-2593
-2677
-2651
-2503
-2326
-2216
-2171
-2095
-1943
-1785
-1645
-1437
-1112
-699
-284
69
433
842
1191
1367
1376
1310
1217
1059
823
582
420
307
172
41
1
77
147
123
40
-39
-126
-249
-353
-386
-349
-298
-264
-241
-187
-117
-73
-57
-58
-71
-87
-109
-184
-337
-530
-710
-850
-919
-916
-846
-750
-691
-697
-772
-873
-969
-1059
-1119
-1078
-900
-606
-251
111
437
694
819
727
440
67
-342
-760
-1107
-1286
-1250
-1016
-644
-214
239
634
885
964
948
898
833
787
811
955
1229
1613
2047
2483
2874
3153
3262
3200
3009
2747
2473
2231
2046
1916
1859
1865
1893
1902
1842
1673
1395
1062
696
340
20
-237
-422
-528
-558
-534
-454
-381
-380
-466
-592
-754
-945
-1151
-1350
-1504
-1584
-1600
-1582
-1523
-1427
-1352
-1352
-1412
-1475
-1505
-1503
-1478
-1402
-1257
-1044
-839
-677
-528
-387
-304
-326
-414
-511
-608
-746
-924
-1082
-1162
-1178
-1175
-1154
-1098
-1033
-1006
-1003
-1014
-1002
-948
-895
-844
-758
-621
-464
-304
-103
172
488
783
1024
1221
1383
1476
1462
1375
1300
1238
1179
1137
1135
1176
1198
1157
1024
825
585
312
10
-296
-568
-791
-940
-1001
-981
-889
-734
-577
-466
-408
-396
-399
-397
-364
-325
-273
-182
-67
65
211
364
500
593
639
612
518
395
259
153
119
126
135
133
130
107
52
-6
-57
-67
-40
-14
7
45
76
77
61
83
129
166
234
350
525
705
833
913
974
1014
1000
928
865
857
892
922
967
1070
1231
1403
1536
1626
1668
1636
1490
1291
1128
1019
920
813
717
658
620
549
426
267
66
-216
-550
-853
-1089
-1266
-1394
-1484
-1526
-1539
-1552
-1606
-1684
-1754
-1815
-1876
-1952
-1999
-1990
-1929
-1833
-1723
-1570
-1353
-1118
-918
-751
-622
-524
-463
-435
-418
-384
-342
-303
-261
-201
-115
-35
5
10
4
-23
-62
-125
-212
-282
-323
-340
-324
-265
-179
-73
35
138
228
319
393
438
454
455
465
495
567
681
813
937
1032
1067
1063
1034
983
916
854
811
778
740
684
602
501
396
258
103
-38
-170
-299
-419
-513
-576
-595
-590
-587
-572
-538
-509
-485
-454
-411
-364
-310
-251
-190
-113
-11
87
161
207
230
245
253
250
259
289
336
393
456
530
601
663
707
726
719
675
618
542
476
433
407
409
439
496
560
631
677
685
661
605
522
429
353
299
277
288
340
410
457
471
445
388
318
222
98
-54
-208
-320
-394
-437
-479
-539
-608
-681
-777
-878
-943
-991
-1042
-1086
-1103
-1086
-1033
-962
-887
-808
-732
-672
-640
-599
-532
-469
-414
-373
-364
-386
-434
-511
-591
-656
-708
-741
-740
-700
-637
-566
-490
-391
-302
-241
-207
-176
-133
-71
1
88
220
362
477
545
572
564
540
524
518
540
567
572
555
533
523
518
513
490
455
399
334
269
194
127
87
72
76
83
78
58
44
33
25
41
91
166
241
306
340
319
275
205
127
69
39
31
35
43
38
12
-48
-148
-265
-368
-436
-477
-478
-423
-327
-210
-92
14
116
202
249
263
275
313
372
451
546
655
771
864
903
879
806
700
580
463
396
364
344
333
336
361
391
398
363
298
214
121
32
-26
-36
-8
28
55
63
44
7
-66
-170
-265
-331
-361
-367
-353
-327
-289
-248
-223
-220
-226
-238
-276
-346
-419
-468
-487
-460
-432
-417
-396
-410
-488
-590
-685
-765
-838
-928
-1008
-1047
-1042
-1026
-1027
-1009
-950
-885
-834
-776
-700
-592
-463
-359
-291
-244
-219
-216
-199
-139
-43
55
145
219
278
322
349
346
331
311
279
256
258
292
359
453
565
659
720
723
668
572
465
374
310
286
307
361
428
483
519
527
508
451
357
267
199
171
185
236
315
396
449
451
408
328
229
125
25
-37
-66
-66
-37
15
75
132
163
142
89
24
-18
-26
-1
40
77
102
113
115
102
110
112
93
58
11
-45
-86
-93
-59
8
96
175
215
215
198
185
189
212
245
283
323
351
361
369
387
404
390
337
255
147
30
-76
-144
-165
-160
-154
-162
-172
-207
-285
-377
-464
-536
-582
-602
-595
-556
-501
-456
-440
-441
-424
-412
-421
-438
-461
-489
-506
-510
-474
-370
-265
-201
-192
-217
-272
-343
-407
-451
-446
-427
-417
-413
-390
-350
-308
-282
-276
-304
-357
-419
-461
-444
-364
-230
-93
18
98
127
114
101
100
124
169
236
295
361
423
462
499
542
576
564
487
352
200
76
22
38
107
188
249
273
253
182
79
-35
-133
-189
-205
-165
-94
0
107
220
305
344
333
260
164
79
27
38
130
282
442
573
642
648
594
513
405
293
217
191
208
246
304
364
412
425
369
242
78
-98
-226
-261
-200
-77
73
219
311
325
265
159
51
-16
-24
20
97
182
256
326
370
378
350
273
143
-4
-122
-170
-162
-123
-54
19
75
69
-4
-130
-282
-407
-484
-489
-441
-374
-319
-300
-301
-314
-361
-426
-484
-515
-510
-483
-457
-429
-395
-365
-346
-331
-321
-327
-355
-392
-428
-426
-378
-311
-265
-240
-248
-285
-317
-338
-317
-257
-186
-132
-111
-101
-111
-123
-116
-83
-12
53
89
91
74
63
65
79
107
124
130
110
68
46
45
79
139
204
244
229
171
82
16
16
78
206
342
439
477
444
372
290
235
217
235
271
312
330
331
317
302
284
267
241
195
141
66
-18
-92
-126
-106
-48
23
80
87
46
-20
-94
-155
-174
-145
-72
7
37
26
13
18
50
90
111
113
98
79
72
83
109
141
159
165
162
140
105
83
90
107
100
36
-70
-160
-199
-197
-169
-116
-43
30
80
100
83
44
14
21
60
112
144
149
185
270
369
441
447
388
288
169
47
-63
-121
-121
-95
-80
-129
-237
-362
-447
-481
-503
-533
-595
-676
-722
-706
-617
-470
-316
-183
-100
-91
-161
-271
-357
-341
-219
-61
87
170
190
184
136
76
2
-85
-161
-214
-233
-231
-211
-171
-103
-29
9
-31
-143
-286
-398
-451
-408
-287
-131
27
173
296
371
376
315
234
166
132
139
196
310
465
614
708
712
623
469
322
218
150
123
114
125
158
185
189
167
127
68
2
-77
-149
-186
-183
-128
-59
1
40
46
39
47
63
74
91
122
158
170
125
41
-27
-51
-18
37
76
78
34
-8
-20
-35
-78
-145
-214
-264
-290
-294
-256
-159
-38
65
86
30
-91
-227
-316
-337
-291
-215
-120
-17
76
142
163
116
49
-13
-77
-147
-196
-167
-47
125
280
364
366
291
165
4
-116
-180
-194
-157
-72
31
120
181
217
224
184
79
-72
-216
-325
-358
-313
-173
24
213
345
374
297
131
-72
-253
-374
-385
-287
-134
43
183
239
213
125
10
-106
-224
-322
-382
-371
-278
-135
43
212
329
329
203
0
-222
-354
-343
-211
1
220
365
402
334
183
12
-99
-137
-112
-42
33
97
157
231
307
353
347
250
61
-154
-322
-360
-241
-7
251
427
461
328
88
-168
-342
-387
-300
-150
-21
53
73
80
96
117
111
55
-50
-204
-344
-427
-398
-229
10
228
339
274
64
-187
-380
-459
-417
-300
-159
-33
49
77
59
25
2
-17
-52
-115
-196
-240
-210
-91
99
287
417
439
356
223
75
-38
-107
-128
-90
-12
67
140
225
299
331
308
217
78
-76
-217
-277
-224
-82
75
184
211
182
118
46
-6
-39
-58
-88
-149
-221
-265
-252
-157
15
197
302
279
112
-108
-285
-365
-333
-226
-86
52
162
232
251
237
200
170
138
71
-43
-196
-296
-271
-119
97
276
354
302
167
-26
-229
-391
-460
-370
-167
61
228
293
280
237
176
77
-54
-188
-258
-209
-53
153
335
440
448
363
228
61
-115
-251
-293
-223
-84
67
187
259
270
207
80
-83
-242
-350
-368
-292
-156
-4
111
172
176
127
29
-101
-221
-315
-356
-335
-286
-206
-98
9
84
98
54
-40
-141
-212
-248
-226
-158
-68
26
108
165
164
140
115
97
82
48
-2
-57
-91
-88
-43
42
111
141
140
97
37
-46
-124
-158
-145
-91
-18
57
109
145
169
171
153
114
43
-17
-47
-36
29
110
186
239
255
215
126
14
-98
-171
-189
-164
-112
-48
19
75
112
95
24
-72
-146
-192
-209
-182
-113
-10
99
176
213
203
143
45
-56
-104
-98
-40
38
112
163
160
120
59
-14
-66
-98
-108
-101
-87
-74
-62
-40
-18
1
2
-20
-54
-76
-89
-85
-58
-7
38
59
59
33
2
-14
-10
13
23
5
-34
-80
-100
-85
-46
12
61
66
20
-55
-137
-196
-205
-145
-56
32
93
108
85
56
28
21
17
10
3
-4
-14
-15
18
86
155
200
207
168
104
30
-28
-65
-67
-22
47
114
154
159
142
111
60
-6
-82
-139
-169
-168
-131
-82
-40
-1
26
24
2
-22
-56
-82
-86
-87
-73
-53
-26
16
61
108
123
100
49
-11
-54
-79
-88
-78
-48
-5
34
52
43
18
-9
-53
-94
-116
-124
-85
-21
36
76
86
60
14
-36
-64
-58
-13
47
94
115
106
68
25
-17
-49
-62
-31
25
71
98
89
51
11
-16
-34
-36
-35
-30
-20
-7
7
18
31
44
57
49
26
-23
-77
-112
-100
-40
34
109
149
150
104
11
-91
-163
-182
-145
-78
2
71
108
116
82
22
-44
-121
-172
-204
-192
-125
-34
78
190
239
220
131
-6
-132
-198
-184
-102
23
137
212
242
220
144
40
-70
-161
-210
-205
-154
-70
39
142
216
224
157
14
-169
-304
-346
-274
-118
42
173
254
256
192
74
-70
-176
-208
-171
-103
-28
38
104
166
202
188
106
-18
-127
-192
-197
-152
-79
20
122
183
167
88
-31
-117
-134
-104
-56
-27
-10
26
66
109
117
77
21
-18
-45
-68
-78
-63
-10
81
161
174
111
-3
-106
-151
-138
-87
-34
16
66
103
104
53
-8
-52
-56
-33
-9
4
15
41
70
78
53
-4
-74
-100
-85
-50
-7
28
54
57
45
7
-54
-110
-123
-93
-44
1
22
27
26
16
-10
-37
-64
-82
-71
-33
16
42
55
60
60
64
43
0
-48
-66
-37
12
68
94
84
76
54
11
-42
-93
-119
-101
-40
30
77
88
77
64
65
54
9
-50
-97
-98
-40
56
136
166
162
123
66
-5
-75
-119
-110
-50
30
92
109
78
24
-20
-47
-70
-99
-122
-134
-109
-50
25
87
112
103
45
-26
-89
-126
-119
-70
4
79
125
124
90
33
-14
-43
-54
-65
-84
-94
-95
-67
-3
57
86
75
32
-8
-43
-62
-69
-64
-51
-38
-19
1
17
38
64
87
94
65
4
-67
-103
-86
-30
48
112
132
109
52
-9
-46
-53
-37
-20
-4
2
-18
-48
-67
-65
-25
33
73
72
22
-42
-86
-100
-72
-40
-24
-7
8
21
34
37
36
47
67
64
25
-41
-97
-105
-54
27
93
115
101
59
-6
-69
-115
-119
-72
1
58
78
64
42
31
31
24
2
-30
-58
-67
-61
-25
20
66
115
134
109
39
-53
-123
-135
-93
-25
44
98
124
125
97
42
-29
-100
-146
-158
-142
-93
-28
32
87
113
98
44
-28
-93
-124
-114
-71
-14
47
96
114
109
81
32
-26
-64
-71
-62
-40
-19
-9
8
34
58
65
54
23
-14
-42
-61
-72
-67
-39
5
58
105
124
109
70
28
-9
-38
-59
-60
-30
21
69
102
113
106
90
72
33
-24
-95
-135
-124
-73
3
70
118
137
119
58
-39
-150
-214
-215
-150
-57
23
76
95
93
58
0
-67
-119
-138
-115
-78
-42
-11
26
70
104
122
100
40
-35
-93
-127
-129
-98
-53
17
88
128
132
100
49
-2
-53
-91
-117
-115
-79
-21
43
87
103
96
70
26
-25
-68
-93
-96
-65
-18
28
61
80
77
68
51
25
-5
-37
-59
-64
-46
-10
26
51
77
83
69
44
9
-26
-48
-54
-51
-32
-13
4
20
40
50
41
11
-28
-64
-86
-80
-57
-27
12
45
66
61
30
-16
-63
-93
-107
-104
-78
-34
19
62
87
83
52
17
-13
-36
-45
-40
-26
-1
25
50
63
70
66
54
35
4
-29
-62
-73
-59
-25
23
63
84
90
76
46
8
-32
-56
-58
-40
-10
25
58
81
92
85
56
12
-38
-65
-66
-44
-12
13
29
36
37
26
10
-8
-25
-37
-47
-57
-67
-69
-57
-26
13
43
48
31
2
-19
-29
-29
-17
-12
-7
1
7
18
23
29
35
35
26
3
-38
-74
-84
-64
-26
16
45
55
50
29
2
-27
-52
-68
-71
-62
-35
-6
30
62
87
101
90
45
-13
-67
-100
-103
-67
-13
42
84
99
87
45
2
-39
-68
-78
-73
-61
-36
-5
24
53
72
73
55
21
-25
-61
-81
-72
-42
5
44
70
76
62
39
6
-21
-28
-24
-9
6
9
7
5
10
17
17
6
-4
-12
-26
-40
-48
-49
-42
-27
-6
7
3
-8
-24
-32
-29
-22
-10
4
9
11
2
-11
-20
-14
2
31
49
52
39
22
9
4
9
5
8
5
6
12
15
17
18
21
19
9
-4
-19
-29
-33
-18
5
23
35
38
33
21
4
-14
-22
-21
-10
2
9
14
19
25
29
27
14
3
-6
-20
-28
-29
-14
6
30
45
51
43
22
-6
-31
-44
-50
-45
-35
-29
-28
-26
-20
-16
-3
5
2
-13
-39
-58
-64
-53
-26
6
31
40
31
14
-5
-25
-31
-18
6
27
36
31
21
10
9
13
20
27
26
17
6
0
0
11
29
43
45
38
24
0
-18
-25
-16
-6
9
19
27
27
18
7
-1
-7
-14
-19
-18
-18
-17
-8
-1
-1
-4
-12
-27
-39
-42
-38
-29
-19
-8
1
4
2
-7
-14
-15
-16
-17
-14
-12
-11
-8
-8
-8
-9
-7
-6
-1
1
-1
-6
-5
-1
11
25
34
36
22
10
-1
0
15
32
44
48
41
22
4
-8
-12
-3
9
17
14
5
-4
-11
-13
-2
14
22
22
12
-2
-15
-17
-9
4
11
16
9
-4
-21
-32
-28
-13
-1
0
-2
-13
-32
-49
-55
-46
-26
-5
2
-1
-12
-19
-15
-5
8
16
13
4
-13
-31
-36
-31
-18
2
21
32
28
14
1
-3
5
16
26
27
20
10
-3
-11
-11
-3
17
31
36
26
9
-9
-23
-19
-11
-1
0
-5
-7
-12
-11
2
21
39
50
44
29
17
2
-1
7
21
33
39
33
21
13
11
15
19
14
4
-8
-21
-33
-40
-30
-14
-1
7
6
-7
-22
-31
-32
-19
-2
8
11
5
-4
-5
-2
4
7
-2
-13
-28
-44
-48
-39
-26
-6
10
15
11
3
-7
-14
-8
0
6
11
6
0
-7
-11
-3
8
22
30
22
6
-10
-21
-23
-18
-10
-2
3
7
9
12
16
23
25
26
24
17
3
-7
-8
-2
7
17
23
21
17
9
-1
-8
-9
-14
-19
-19
-19
-11
1
6
10
5
-5
-14
-19
-21
-20
-16
-12
-5
-7
-8
-9
-8
-2
1
4
7
2
-8
-12
-16
-11
-4
0
3
-1
-8
-10
-8
1
8
8
7
4
-4
-11
-10
-1
4
8
14
12
12
7
6
4
1
2
4
4
5
1
-10
-14
-18
-20
-12
-6
-6
-10
-17
-14
-12
-4
4
14
23
25
27
25
27
31
30
34
36
28
24
14
1
-3
-7
-11
-14
-13
-17
-18
-19
-16
-12
-5
-2
-5
-13
-19
-17
-15
-1
10
17
19
16
10
7
7
6
5
3
1
-5
-8
-13
-9
-4
6
13
9
8
4
-3
-2
5
12
20
17
10
6
0
-3
-2
4
8
6
-3
-11
-18
-23
-20
-14
-9
-8
-12
-16
-19
-19
-17
-14
-9
-2
3
5
4
6
4
10
16
13
9
4
-6
-16
-18
-17
-12
-10
-11
-18
-19
-21
-17
-14
-10
-5
-1
-2
-6
-8
-8
0
7
11
14
19
26
31
33
37
42
43
40
33
25
14
5
0
-1
0
3
7
6
1
-1
-8
-11
-14
-16
-18
-21
-22
-24
-19
-13
-1
9
16
18
12
10
6
3
3
4
7
6
4
5
3
4
7
10
10
2
-9
-19
-23
-23
-22
-16
-8
0
5
0
-9
-18
-23
-21
-19
-17
-14
-15
-19
-20
-16
-8
1
4
-3
-3
-2
-2
6
16
28
34
34
32
29
25
23
21
19
18
15
10
0
-9
-18
-18
-16
-13
-10
-9
-6
-10
-12
-7
-2
5
13
12
5
-7
-14
-18
-16
-10
-9
-3
3
0
-3
-5
-3
1
3
6
5
-1
-7
-11
-9
-4
7
21
27
24
15
5
-4
-8
-4
5
8
4
0
-6
-4
1
4
5
-2
-10
-17
-24
-21
-17
-11
-1
4
1
-5
-11
-16
-14
-5
7
18
25
27
19
9
5
7
16
25
28
20
10
-4
-13
-11
-2
5
7
4
-5
-14
-20
-20
-16
-8
0
3
-2
-10
-17
-22
-13
-5
2
5
0
-7
-16
-21
-21
-13
-1
3
3
1
-2
-7
-7
-1
6
10
13
14
14
13
13
18
25
32
36
34
31
23
15
14
15
15
18
14
7
-4
-9
-10
-7
-8
-10
-11
-12
-14
-19
-17
-10
-1
7
11
11
8
5
3
1
-1
-2
-2
-5
-4
0
2
-1
1
2
2
2
-2
-5
-4
-8
-11
-11
-11
-15
-22
-20
-21
-24
-25
-27
-29
-27
-24
-23
-20
-18
-15
-13
-10
-2
3
8
10
8
5
6
8
9
10
9
7
6
3
1
-3
-6
-5
-7
-7
-4
-2
0
3
5
8
16
24
27
29
30
30
25
28
29
26
26
22
14
5
-2
-2
0
1
3
1
2
-1
-5
-8
-13
-15
-15
-11
-10
-12
-14
-14
-14
-8
-1
5
9
11
10
8
4
2
0
0
-1
1
3
3
-6
-15
-23
-25
-19
-15
-10
-13
-18
-26
-30
-32
-25
-18
-15
-9
-9
-8
-7
-7
4
18
27
36
42
43
42
40
44
47
45
37
36
28
17
10
5
2
-2
-8
-16
-27
-30
-34
-33
-25
-17
-4
8
12
11
6
3
2
4
9
12
7
-2
-13
-22
-23
-16
-12
-6
-3
-5
-9
-13
-12
-13
-15
-19
-21
-22
-29
-35
-37
-33
-27
-17
-11
-8
-5
-7
-8
-9
-1
8
16
18
14
13
11
13
23
36
49
56
56
49
40
35
35
38
39
34
24
10
-4
-16
-20
-15
-11
-7
-10
-18
-25
-29
-25
-19
-11
-8
-11
-22
-25
-21
-13
-6
-3
3
4
2
-1
-6
-8
-6
-2
0
-1
-5
-13
-20
-19
-13
-5
0
-2
-6
-10
-12
-12
1
13
19
18
7
-6
-16
-17
-17
-13
-8
-6
-7
-14
-21
-21
-17
-5
4
10
13
14
8
2
4
12
17
16
13
11
5
0
-1
5
15
23
24
14
5
-5
-7
-1
12
22
26
20
8
0
-3
3
9
17
24
25
16
4
-1
3
16
27
34
33
22
7
-7
-13
-8
2
9
14
11
6
-2
-5
-6
1
13
17
12
-6
-18
-23
-24
-14
-1
6
4
-2
-12
-19
-20
-18
-11
-1
1
-7
-19
-27
-31
-33
-26
-20
-19
-22
-28
-31
-32
-28
-22
-12
-6
-4
-10
-13
-13
-9
-1
9
12
5
-6
-24
-37
-34
-13
9
15
12
7
6
5
9
16
25
32
33
26
12
-2
-5
3
16
21
19
19
14
9
9
15
24
29
30
26
17
11
8
7
5
5
2
10
11
5
1
0
9
19
20
5
-10
-17
-24
-23
-24
-24
-19
-7
0
-3
-9
-9
3
11
16
13
11
12
14
12
5
2
5
5
0
-9
-14
-10
-4
-7
-17
-21
-21
-22
-26
-30
-29
-24
-17
-18
-21
-22
-21
-13
-6
-6
-7
-5
2
0
-5
-11
-9
0
7
6
1
0
4
6
6
2
0
7
15
20
13
3
1
9
16
18
16
13
15
17
14
2
-12
-17
-13
-9
-6
-1
7
17
21
21
23
23
22
17
10
8
16
26
27
15
2
-2
-2
-6
-15
-25
-25
-20
-20
-29
-40
-38
-25
-14
-10
-19
-26
-13
1
4
-7
-24
-20
-3
13
12
-1
-12
-5
9
14
9
1
5
14
14
7
0
-3
4
14
19
27
33
33
31
27
34
47
52
43
22
8
15
27
24
13
8
15
30
28
5
-20
-27
-10
6
8
-7
-18
-13
-1
-1
-19
-32
-31
-21
-10
-20
-39
-51
-46
-28
-17
-19
-30
-35
-30
-19
-11
-12
-12
-14
-12
-5
-7
-15
-21
-18
-2
12
22
14
-1
-9
-2
15
29
23
9
5
13
25
21
8
-3
6
30
48
38
10
-11
-3
26
43
34
11
-2
2
11
5
-15
-30
-25
-2
9
-8
-36
-46
-31
-7
2
-7
-25
-33
-35
-32
-34
-37
-35
-29
-19
-14
-14
-18
-18
-13
4
23
31
19
2
-5
9
32
40
27
7
5
19
31
24
2
-4
17
42
45
22
-4
-2
22
37
23
-4
-12
1
16
6
-17
-30
-21
-3
1
-11
-25
-26
-23
-25
-32
-36
-30
-22
-23
-27
-24
-13
-4
-10
-16
-8
19
38
26
-3
-12
4
28
31
8
-6
12
44
57
33
3
9
41
62
51
25
17
35
52
39
14
4
20
41
35
5
-15
-6
13
13
-8
-27
-28
-12
-11
-23
-26
-8
10
3
-25
-45
-32
-3
2
-29
-60
-55
-18
-4
-35
-82
-87
-41
11
12
-39
-75
-60
-14
11
-12
-48
-41
3
40
38
5
-12
3
33
50
46
36
34
33
29
28
32
37
32
21
18
36
53
44
6
-23
-11
32
59
23
-35
-48
-1
60
63
3
-47
-33
30
60
14
-59
-73
-11
56
55
-16
-76
-66
-8
28
6
-44
-63
-35
-1
-5
-46
-72
-55
-12
16
8
-18
-37
-35
-15
9
24
23
9
-4
-1
12
21
9
-14
-21
6
39
34
-12
-52
-35
27
71
49
-14
-47
-9
48
58
12
-30
-4
70
104
53
-31
-58
-3
74
87
25
-34
-31
24
49
6
-60
-76
-25
30
26
-29
-77
-69
-20
18
7
-30
-55
-43
-14
-2
-10
-21
-18
-5
6
6
1
-15
-34
-36
-13
25
35
1
-51
-57
2
64
66
5
-35
0
68
78
6
-60
-33
66
126
70
-43
-88
-20
79
89
3
-73
-49
40
80
23
-66
-71
16
95
74
-19
-79
-49
22
47
14
-25
-17
22
36
4
-42
-50
-17
20
29
9
-10
-25
-37
-37
-20
12
25
-3
-48
-58
-10
45
46
-2
-36
-4
55
55
-20
-90
-66
41
111
66
-41
-87
-25
69
93
25
-37
-16
59
88
25
-62
-70
13
101
100
17
-56
-46
16
50
27
-15
-26
-2
9
-10
-41
-49
-28
-12
-17
-31
-36
-31
-35
-51
-58
-38
-6
-7
-49
-90
-80
-24
15
5
-32
-41
1
40
23
-40
-74
-34
44
79
44
-13
-21
20
56
45
11
7
46
79
62
13
-4
25
62
55
24
18
43
58
20
-36
-40
13
65
46
-28
-79
-56
12
36
-9
-63
-65
-11
23
-15
-81
-92
-29
48
58
0
-58
-52
9
56
50
16
-7
4
24
32
24
12
4
12
39
63
58
18
-25
-22
32
80
65
-18
-80
-63
21
71
23
-66
-89
-16
59
35
-74
-137
-82
30
71
-4
-110
-131
-57
22
24
-42
-82
-59
1
36
20
-18
-40
-23
10
37
41
21
-10
-16
21
79
99
54
-24
-49
20
100
93
-6
-82
-38
73
117
37
-65
-63
47
132
85
-44
-110
-42
71
94
11
-66
-55
19
64
31
-30
-53
-23
17
15
-26
-58
-58
-30
-6
-2
-8
-19
-31
-36
-21
4
15
-5
-31
-26
3
24
2
-43
-57
-22
30
39
-7
-57
-54
-3
39
22
-26
-49
-16
40
62
31
-3
4
45
75
60
19
-2
20
62
81
61
26
12
20
31
24
-5
-19
-5
19
23
-2
-34
-38
-19
-6
-18
-38
-34
-7
1
-27
-65
-62
-18
20
-1
-55
-72
-31
15
7
-46
-69
-18
49
53
-18
-78
-51
32
75
24
-67
-87
-30
36
35
-24
-65
-44
16
46
21
-22
-32
-7
19
30
29
22
11
-9
-6
41
93
90
23
-37
-11
75
121
60
-39
-54
33
111
73
-48
-110
-34
98
134
33
-80
-75
38
122
85
-29
-94
-39
60
92
21
-67
-80
-13
53
50
-17
-84
-90
-38
26
38
-11
-77
-95
-45
29
49
-6
-77
-92
-26
49
46
-32
-96
-69
19
67
20
-69
-92
-22
67
81
10
-66
-67
-4
49
40
-8
-39
-20
31
59
45
0
-36
-19
39
85
66
-7
-53
-18
72
122
63
-48
-91
-21
81
87
-8
-90
-64
37
80
5
-95
-108
-20
58
32
-62
-123
-87
-4
36
12
-28
-33
-9
6
1
-6
3
26
41
46
41
28
6
-10
-4
38
87
94
42
-20
-19
43
87
51
-23
-39
28
91
65
-24
-73
-21
61
63
-24
-98
-80
-3
25
-32
-101
-96
-34
-2
-39
-97
-104
-53
-5
0
-38
-64
-51
-25
-9
-8
1
27
47
44
24
9
18
45
56
50
42
45
54
52
41
26
18
19
26
43
57
41
-8
-53
-41
17
60
30
-47
-94
-64
5
19
-45
-109
-100
-22
34
-5
-95
-137
-75
29
68
14
-65
-78
-11
67
83
44
6
9
53
92
90
50
4
-2
46
116
128
51
-54
-78
14
124
121
-13
-139
-116
29
121
52
-101
-155
-40
107
103
-52
-184
-143
21
124
52
-105
-178
-91
49
90
1
-105
-122
-39
46
53
-4
-56
-45
21
82
80
2
-81
-83
14
129
143
44
-68
-62
50
140
104
-20
-88
-19
113
150
42
-89
-99
22
140
119
-19
-127
-86
54
131
63
-77
-141
-51
89
125
37
-76
-91
-9
79
65
-31
-112
-98
-5
72
62
-22
-96
-95
-26
31
15
-57
-111
-83
-2
43
9
-73
-110
-65
15
54
20
-44
-58
-3
62
63
-19
-95
-81
19
98
76
-13
-65
-22
58
84
35
-19
-23
32
80
62
13
-13
19
81
111
80
7
-40
-25
27
59
44
1
-29
-22
-6
-2
-22
-43
-39
-17
-4
-19
-52
-73
-57
-15
15
8
-17
-34
-23
-9
-10
-26
-29
-5
18
14
-8
-29
-27
3
26
20
0
-12
-9
3
17
23
9
-16
-26
-2
34
44
8
-35
-23
45
97
68
-20
-70
-17
78
104
29
-59
-49
44
97
49
-50
-80
-8
71
62
-26
-87
-54
21
47
2
-35
-14
31
38
-7
-41
-16
31
39
-1
-23
6
43
23
-45
-79
-43
15
19
-34
-71
-42
2
-1
-45
-68
-27
26
16
-57
-92
-37
49
56
-28
-95
-47
65
105
21
-83
-71
54
144
92
-42
-96
-3
126
138
28
-65
-36
73
121
55
-37
-43
38
109
96
24
-32
-26
11
40
43
24
-9
-34
-28
7
33
8
-52
-81
-41
28
36
-45
-130
-124
-25
65
44
-63
-137
-91
9
49
-10
-90
-83
9
83
66
-15
-74
-59
4
49
51
24
3
5
37
69
68
25
-32
-34
29
95
83
-3
-64
-26
70
103
27
-67
-71
12
82
52
-39
-83
-36
35
41
-22
-77
-69
-12
31
17
-33
-67
-69
-54
-35
-18
-16
-27
-50
-58
-37
-10
-8
-37
-47
-3
66
85
26
-48
-50
38
118
103
11
-48
-1
98
134
69
-16
-19
43
81
39
-42
-69
-25
34
53
24
-9
-27
-35
-25
5
31
24
-15
-38
-9
46
57
1
-61
-56
21
68
22
-61
-88
-26
52
45
-37
-100
-82
-6
37
6
-51
-61
-11
38
32
-19
-53
-29
27
67
60
28
-12
-39
-32
2
34
40
6
-38
-43
3
42
8
-71
-99
-27
76
92
-2
-95
-79
23
90
60
-23
-58
3
97
127
69
-16
-41
8
82
102
48
-29
-54
-5
61
69
2
-78
-83
-10
55
40
-43
-96
-57
30
73
17
-82
-110
-36
63
75
-9
-96
-91
-3
68
43
-49
-100
-49
48
87
33
-64
-114
-80
1
57
39
-30
-76
-47
44
102
49
-72
-115
-10
145
177
39
-124
-118
58
203
148
-56
-176
-77
126
197
61
-129
-158
-6
140
111
-59
-176
-113
58
149
80
-56
-120
-64
47
106
68
-18
-79
-67
11
84
79
-11
-97
-73
47
133
68
-105
-203
-107
93
171
36
-166
-208
-39
140
124
-66
-202
-108
114
215
86
-127
-177
-18
163
170
8
-131
-97
53
139
88
-26
-77
-33
44
75
48
-18
-64
-55
10
85
92
6
-103
-105
13
127
102
-47
-147
-81
77
139
30
-133
-161
-31
109
86
-88
-221
-169
13
121
49
-110
-169
-66
71
93
-12
-106
-76
53
144
109
-5
-68
-19
99
170
131
28
-46
-24
68
138
119
33
-30
-2
83
124
58
-48
-87
-22
80
111
42
-55
-89
-30
64
90
25
-64
-92
-30
53
56
-28
-106
-92
-5
54
13
-81
-127
-77
10
38
-19
-102
-122
-59
20
30
-33
-90
-68
18
69
28
-54
-85
-25
60
76
12
-61
-65
-3
51
50
-5
-55
-53
4
57
44
-23
-76
-55
20
68
43
-17
-45
-15
39
58
25
-29
-44
-3
62
91
49
-28
-71
-29
59
97
45
-34
-44
33
105
90
4
-63
-38
50
110
76
-20
-75
-29
71
125
67
-44
-98
-37
58
77
8
-77
-78
-5
52
29
-47
-94
-63
3
40
14
-50
-87
-71
-12
32
25
-23
-63
-53
-9
13
-6
-41
-47
-10
36
48
13
-44
-65
-22
51
79
29
-49
-68
-2
71
73
1
-58
-22
66
96
32
-47
-52
14
70
60
6
-24
-16
10
25
29
23
8
-3
-9
3
27
34
7
-23
-15
21
48
28
-29
-56
-23
45
75
33
-42
-76
-51
3
18
-19
-58
-50
-8
15
-6
-55
-83
-65
-25
-2
-9
-33
-47
-33
4
40
30
-21
-75
-82
-17
67
86
28
-40
-37
30
70
27
-46
-51
32
114
101
7
-71
-47
43
98
69
1
-16
26
67
61
10
-29
-17
25
53
44
6
-26
-27
1
32
27
-15
-67
-75
-22
45
57
-3
-68
-63
7
51
-4
-101
-122
-26
88
97
-8
-107
-96
8
77
38
-44
-64
-1
61
49
-13
-47
-15
33
44
19
-10
-15
-1
5
4
3
4
-4
-12
3
38
54
22
-32
-48
-3
50
48
-8
-43
-11
57
72
5
-76
-79
13
93
75
-14
-66
-22
56
69
-6
-76
-63
17
74
45
-24
-55
-21
28
33
-11
-49
-42
-7
18
16
-6
-27
-36
-40
-25
-4
5
-12
-45
-53
-21
14
13
-21
-49
-16
46
66
14
-51
-54
5
61
48
-15
-47
-1
73
85
18
-52
-48
21
75
53
-4
-29
9
68
74
23
-38
-51
-5
51
68
40
-9
-34
-16
15
19
-12
-45
-48
-11
24
9
-50
-95
-79
-17
31
16
-44
-85
-58
5
24
-20
-78
-76
-9
50
49
-8
-53
-38
18
51
37
-4
-22
-1
35
54
44
17
-7
-6
16
36
39
26
15
21
39
42
19
-12
-26
-5
41
65
47
2
-28
-17
19
33
13
-15
-9
23
45
21
-32
-59
-36
11
30
0
-41
-53
-28
1
-2
-26
-42
-31
-5
5
-8
-32
-38
-16
5
-2
-20
-30
-21
2
14
13
9
13
15
3
-15
-18
1
26
26
2
-15
1
28
30
11
-2
13
41
42
11
-19
-8
28
45
24
-12
-23
-8
10
8
-2
6
25
22
-6
-39
-44
-18
9
6
-11
-13
6
17
-11
-43
-46
-5
43
44
-1
-37
-34
-5
10
-3
-12
-6
14
16
1
-12
-9
1
4
6
20
35
29
0
-21
-4
31
34
-7
-48
-45
7
52
44
-9
-39
-16
19
9
-40
-56
-15
46
51
-6
-63
-69
-31
-2
-1
-5
6
20
8
-20
-36
-23
3
10
-2
-4
8
6
-25
-53
-37
12
43
32
-4
-13
20
52
38
-14
-44
-10
48
62
15
-35
-27
30
63
25
-42
-59
-11
52
58
4
-40
-32
17
40
15
-24
-33
-4
28
39
29
12
-3
-11
1
17
25
20
2
-2
17
36
20
-23
-50
-17
46
70
19
-57
-73
-13
53
45
-18
-61
-38
18
32
-17
-81
-87
-25
39
43
-12
-68
-65
-14
31
23
-22
-52
-38
7
39
28
-8
-30
-12
24
42
19
-23
-37
-2
52
73
41
-17
-40
-6
41
51
13
-23
-22
25
69
53
-2
-46
-40
5
37
20
-30
-54
-26
26
47
12
-38
-54
-17
28
32
-6
-43
-39
-5
19
12
-15
-27
-10
17
31
15
-15
-31
-17
9
20
13
-3
-13
-1
16
15
-1
-16
-7
11
22
16
2
-8
-5
7
8
-4
-19
-24
-6
15
16
-2
-23
-30
-25
-17
-9
-14
-18
-17
-7
4
1
-15
-25
-14
5
18
11
-10
-21
-9
16
27
14
-1
1
18
29
20
7
2
8
21
24
19
11
7
17
27
30
16
0
-9
-5
8
25
28
17
2
1
7
4
-16
-34
-25
3
25
18
-10
-34
-21
9
21
4
-18
-11
9
22
6
-13
-16
0
16
11
-1
-8
-8
0
0
-7
-12
-13
-8
4
12
14
7
-12
-34
-38
-20
0
4
-7
-12
-4
6
-3
-29
-42
-19
19
38
19
-16
-28
-10
12
15
1
-9
2
22
30
13
-9
-20
-6
20
32
24
3
-11
-9
6
18
11
-6
-13
-5
13
18
1
-18
-19
-2
13
5
-20
-36
-20
10
27
14
-8
-12
10
29
25
4
-11
-3
15
22
9
-14
-24
-13
6
19
18
-1
-20
-27
-12
9
9
-16
-37
-28
-3
10
-11
-43
-46
-11
25
33
-1
-45
-49
-20
10
7
-20
-33
-16
19
33
16
-12
-21
-4
20
25
4
-21
-20
5
29
37
23
1
-6
5
23
26
8
-9
-4
21
36
22
-5
-23
-3
29
40
16
-16
-18
12
36
27
-1
-16
3
27
25
2
-20
-19
3
20
14
-6
-22
-10
14
24
11
-11
-24
-16
2
13
10
1
-4
1
2
-7
-20
-23
-15
-4
0
-8
-19
-29
-27
-14
-1
3
-3
-10
-11
-8
-3
-6
-12
-11
3
17
16
-1
-22
-22
0
11
1
-15
-18
-5
14
24
11
-7
-12
3
16
15
6
-5
4
13
15
10
2
2
9
12
6
0
-2
3
11
11
10
8
6
5
9
11
13
12
4
4
6
6
-2
-13
-12
-5
6
6
-6
-16
-21
-18
-15
-15
-14
-8
-1
4
-5
-16
-18
-17
-6
2
4
-1
-5
-4
-1
0
0
-4
-5
-5
0
2
3
3
0
-1
1
3
1
-3
-8
0
16
28
20
-1
-16
-9
7
13
3
-7
-2
13
14
1
-13
-14
3
20
18
5
-1
-1
3
6
8
11
15
22
23
12
1
-3
-4
0
6
4
4
-2
-10
-16
-14
-3
4
3
-3
-4
2
6
6
2
-2
-1
4
6
2
-6
-7
-2
2
-2
-12
-23
-26
-19
-15
-14
-14
-11
-10
-13
-17
-16
-4
12
22
20
12
5
-4
-15
-22
-15
8
31
34
14
-5
-11
-3
1
-5
-13
-7
14
28
16
-7
-19
-13
5
10
-2
-16
-15
-5
-3
-13
-25
-22
-5
4
-2
-13
-8
4
9
3
-6
-7
0
10
9
5
6
13
14
7
-7
-8
3
21
24
13
2
-2
-2
-3
-5
-1
13
20
14
-1
-6
3
14
10
-2
-5
10
24
14
-13
-31
-21
1
12
4
-15
-23
-11
3
3
0
-5
3
18
23
13
-1
-5
2
15
23
21
9
3
6
11
8
2
-7
-5
5
12
14
6
-10
-19
-11
2
9
-4
-20
-22
-9
6
4
-12
-24
-20
-4
14
14
-1
-19
-17
-1
9
1
-17
-28
-15
13
27
15
-6
-11
2
18
19
8
-7
-6
7
13
9
-4
-17
-14
3
17
12
-5
-25
-32
-19
0
7
-4
-13
-10
8
16
6
-14
-25
-12
15
33
21
-16
-39
-28
3
23
10
-13
-14
12
36
27
-9
-33
-21
13
32
20
-5
-17
-1
18
14
2
-10
-7
4
10
12
4
-3
-12
-17
-15
-5
-2
-5
-14
-15
3
25
24
-1
-24
-20
11
35
27
-12
-30
-14
15
18
-13
-40
-31
8
31
14
-22
-33
-15
5
5
-11
-14
8
25
17
-13
-30
-9
27
36
14
-11
-9
14
21
3
-26
-26
5
35
25
-9
-32
-23
-2
2
-11
-17
-1
18
19
0
-13
-4
13
15
7
3
16
34
21
-12
-30
-7
32
41
8
-25
-21
16
33
2
-40
-46
0
52
45
-12
-53
-27
32
55
15
-38
-39
12
55
33
-24
-51
-24
20
27
-2
-31
-22
12
30
18
-6
-19
-17
-8
2
12
16
12
-5
-19
-14
6
15
-2
-28
-23
16
50
25
-42
-77
-41
35
69
25
-44
-56
-1
54
44
-22
-60
-23
50
80
31
-41
-62
-17
40
48
9
-32
-29
5
29
21
-8
-25
-12
17
30
19
-5
-23
-22
-3
21
25
4
-24
-33
-14
17
26
-3
-41
-45
-7
32
25
-20
-55
-36
15
48
27
-18
-33
-2
49
53
8
-37
-36
11
48
38
-7
-38
-23
14
29
6
-25
-32
-6
20
22
-2
-27
-33
-23
0
13
9
-10
-28
-27
-4
20
22
-5
-33
-28
11
38
25
-20
-45
-20
28
46
13
-34
-40
1
44
39
-10
-46
-30
17
40
15
-25
-35
-4
31
28
-2
-27
-20
12
38
32
7
-12
-11
7
23
24
12
-2
-2
12
26
25
4
-23
-23
2
29
28
-4
-34
-35
-2
24
13
-18
-37
-22
15
29
5
-31
-41
-17
16
29
9
-21
-25
-7
19
20
-7
-31
-32
-4
30
35
4
-30
-40
-17
20
29
3
-23
-21
8
31
16
-24
-46
-25
19
42
28
-6
-27
-18
7
19
12
7
2
2
12
21
15
1
-10
-7
19
48
51
16
-21
-24
12
48
36
-13
-49
-28
31
56
20
-40
-59
-14
44
50
-5
-54
-42
13
50
27
-30
-58
-29
26
49
25
-15
-36
-23
2
6
-10
-27
-31
-12
14
20
1
-34
-53
-33
13
44
28
-23
-50
-20
34
53
7
-57
-58
7
71
58
-23
-81
-52
33
75
27
-54
-76
-12
61
70
5
-60
-54
6
56
50
6
-28
-22
9
30
23
-6
-32
-32
1
45
54
15
-44
-62
-18
48
64
12
-53
-54
12
68
47
-36
-81
-35
57
89
23
-64
-80
-6
66
56
-24
-78
-48
29
63
21
-41
-56
-11
42
45
5
-24
-19
11
30
26
8
-4
-6
-11
-6
7
19
14
-7
-20
-10
10
13
-12
-37
-29
10
39
26
-15
-40
-22
15
29
13
-11
-13
4
14
