-1
0
-1
-1
0
0
0
0
-1
0
0
0
0
0
0
-1
0
-1
-1
1
-1
-1
1
-1
1
0
-1
1
1
0
0
1
-1
0
0
1
0
0
1
1
1
0
0
1
1
0
0
1
1
0
0
1
0
0
0
0
0
1
1
0
0
0
1
0
0
1
-1
0
0
0
0
-1
0
0
0
-1
-1
0
-1
0
0
1
0
-1
0
0
1
0
0
-1
1
-1
0
0
1
-1
0
0
0
0
0
0
0
0
0
0
-1
0
-1
0
0
-1
0
0
1
-1
0
-1
0
-1
-1
-1
-1
0
0
-1
0
0
0
0
0
-1
1
-1
0
0
0
0
0
0
0
1
0
0
1
0
0
1
0
0
1
0
-1
0
0
0
-1
0
0
-1
1
0
-1
0
1
1
0
1
1
1
1
1
0
0
0
0
1
1
0
-1
1
0
0
0
-1
0
0
-2
0
1
0
0
0
0
0
1
-1
0
-1
-1
0
0
-1
0
0
0
0
0
0
0
1
1
0
0
0
1
-1
-1
-1
-1
-1
-1
0
0
0
-1
0
0
0
0
1
0
-1
0
0
0
0
0
1
0
0
0
0
0
0
-1
0
1
-1
1
-1
0
0
-1
0
0
0
0
0
0
0
0
-1
0
-1
1
0
-1
0
-1
0
-1
0
0
-1
-1
0
0
0
0
0
1
1
1
0
1
1
0
0
0
0
0
0
0
1
1
1
0
0
2
0
0
0
0
0
0
0
0
1
0
-1
1
0
0
-1
0
0
0
0
0
0
0
0
0
0
0
0
0
0
-1
0
-1
0
0
-1
-1
0
0
1
0
-1
0
0
0
1
0
-1
-1
-1
-1
-1
0
0
0
0
-1
-1
-1
-1
0
0
-1
0
0
1
0
-1
-1
1
0
-1
0
1
0
0
0
0
0
1
0
1
0
0
1
0
0
-1
0
0
-1
0
0
0
0
0
-1
1
0
-1
0
0
0
1
0
1
1
0
-1
2
0
0
-1
-1
0
0
0
0
0
1
1
1
0
0
0
0
0
1
1
1
0
-1
0
1
0
0
0
0
0
-1
0
0
0
0
0
0
0
0
0
-1
-1
0
0
0
0
0
1
0
-1
0
1
0
1
0
0
0
0
0
1
0
0
1
-1
0
1
-1
0
0
0
0
0
0
0
0
0
0
0
0
0
-1
0
0
-1
0
-1
0
-1
1
1
0
1
0
-1
0
1
0
0
0
0
0
-1
0
-1
0
0
0
0
-1
1
1
0
0
0
0
0
0
0
0
0
0
0
0
-1
0
0
0
0
0
0
-1
-1
0
0
0
0
1
0
0
0
0
0
1
0
1
0
-1
0
-2
1
0
0
1
0
0
0
-1
0
0
0
0
-1
0
0
0
0
0
0
0
0
1
1
0
-1
0
0
1
0
0
0
0
0
-1
0
0
0
0
1
0
0
0
-1
1
0
0
0
1
0
1
1
-1
0
-1
-1
0
0
0
1
0
0
0
0
-1
0
0
0
0
-1
1
0
1
0
0
0
0
0
1
0
0
-1
0
0
0
0
0
0
0
0
0
0
0
0
0
1
0
1
0
1
0
0
0
-1
0
0
-1
0
0
0
0
0
0
1
0
1
-1
-1
1
0
0
0
0
0
0
0
0
0
0
0
0
1
1
0
0
0
0
0
-1
-1
1
0
-1
0
0
0
1
0
0
0
0
0
0
0
0
0
0
0
0
0
-1
1
0
0
0
-1
0
0
0
0
0
-1
0
-1
0
0
-1
0
-1
1
0
1
1
-1
0
1
0
1
1
1
0
1
1
0
0
0
1
0
0
0
0
1
0
-1
0
0
0
0
0
1
0
-1
1
0
0
-1
-1
0
0
0
0
-1
-1
0
-1
-1
-1
0
-1
-1
-1
-1
0
0
-1
0
-1
1
0
0
0
0
1
-1
0
0
-1
0
1
1
0
1
1
1
0
1
1
1
1
1
2
2
1
1
0
2
1
0
1
0
1
1
0
1
0
0
1
0
0
0
0
1
-1
1
-1
0
0
-1
0
-1
0
-1
-1
0
-2
-1
-1
0
-1
-1
-1
-2
-1
-1
-2
0
-1
-1
0
0
-1
-1
0
1
0
0
1
0
1
1
1
-1
1
2
1
1
1
0
1
0
1
2
2
1
1
0
1
1
1
2
1
1
0
2
1
0
1
1
1
-1
0
-1
0
0
-1
1
-1
-1
-1
-1
-1
-1
-1
-2
-1
-1
-2
-2
-1
-1
-2
-1
0
-2
-1
-1
-1
0
0
-1
0
-1
0
0
1
0
0
0
1
0
0
1
1
1
1
1
2
1
1
1
1
2
2
1
1
1
1
2
2
1
1
0
2
2
1
1
1
0
1
0
0
0
0
0
0
0
-1
0
-1
0
0
-1
-1
0
-2
-2
-2
-1
-2
-2
-1
0
-1
-1
-1
-1
-1
-2
-2
-2
-1
-1
-1
-1
-1
-1
0
-1
0
0
0
-1
0
0
0
1
0
1
1
1
1
0
2
1
1
1
2
1
2
1
1
2
0
1
1
2
0
1
0
1
-1
0
1
1
0
1
1
0
-1
-1
-1
1
0
0
-1
-2
-1
-1
-1
-2
-2
-2
-3
-2
-2
-3
-2
-2
-3
-2
-2
-3
-2
-1
0
-1
-1
0
0
1
1
1
1
1
1
1
1
1
2
2
2
4
3
3
4
3
3
4
4
4
5
4
4
4
4
3
4
2
2
1
1
1
1
-1
-2
-2
-2
-2
-3
-3
-3
-2
-4
-3
-2
-4
-3
-3
-3
-5
-5
-5
-4
-4
-5
-5
-5
-5
-4
-4
-5
-3
-2
-2
-2
-1
-1
-1
-1
1
2
3
2
3
4
4
3
3
5
6
5
7
5
6
6
6
7
7
8
10
10
11
12
15
14
15
17
19
16
11
11
11
11
10
10
10
7
-1
-10
-14
-15
-15
-19
-26
-28
-31
-42
-54
-60
-59
-63
-70
-72
-68
-68
-76
-80
-74
-62
-53
-40
-26
-10
4
15
29
51
74
91
98
104
113
118
115
112
110
106
98
87
76
59
34
3
-21
-41
-61
-85
-110
-131
-143
-153
-160
-166
-170
-176
-165
-138
-97
-56
-23
7
36
69
110
160
209
247
268
283
297
315
336
352
365
379
394
401
394
383
357
317
277
251
233
207
172
128
69
-4
-74
-130
-176
-231
-295
-365
-433
-507
-602
-712
-793
-823
-813
-805
-807
-824
-896
-1040
-1168
-1169
-1044
-923
-864
-803
-726
-682
-658
-532
-245
71
272
402
571
760
879
939
1077
1333
1561
1621
1562
1505
1449
1314
1140
1077
1129
1092
853
549
344
201
18
-167
-240
-263
-393
-625
-807
-854
-873
-924
-913
-776
-616
-550
-542
-485
-335
-155
38
269
521
690
744
765
828
918
988
1019
1002
920
750
523
288
74
-127
-349
-600
-847
-1061
-1253
-1464
-1703
-1896
-1927
-1787
-1609
-1511
-1461
-1356
-1198
-1004
-699
-252
210
536
725
920
1169
1426
1657
1877
2099
2273
2343
2317
2263
2247
2232
2180
2121
2056
1892
1553
1154
880
707
485
206
-63
-343
-752
-1225
-1550
-1724
-1904
-2136
-2320
-2483
-2754
-3079
-3254
-3243
-3168
-3024
-2800
-2773
-3202
-3741
-3760
-3218
-2685
-2442
-2173
-1790
-1683
-1878
-1744
-879
202
800
1059
1522
2149
2455
2446
2702
3469
4226
4429
4268
4214
4225
3910
3367
3183
3495
3601
2938
1996
1484
1244
699
11
-170
15
-283
-1154
-1729
-1643
-1571
-1920
-2079
-1569
-952
-934
-1205
-1031
-461
-74
50
381
1014
1440
1359
1127
1233
1537
1605
1391
1221
1218
1089
689
333
318
391
150
-371
-701
-725
-817
-1149
-1429
-1462
-1488
-1747
-2020
-1967
-1698
-1599
-1669
-1562
-1192
-834
-645
-398
93
638
1006
1261
1544
1801
1873
1811
1831
1944
1962
1736
1341
996
728
403
-13
-427
-784
-1168
-1619
-1973
-2208
-2559
-3092
-3543
-3658
-3555
-3450
-3323
-3372
-4074
-5223
-5747
-4978
-3781
-3383
-3596
-3503
-3125
-3112
-3191
-2306
-497
844
1075
1205
2176
3408
3863
3848
4475
5777
6619
6417
5952
5966
5979
5314
4530
4619
5140
4583
2729
1126
757
697
-108
-1040
-1120
-947
-1729
-3065
-3468
-2798
-2369
-2632
-2544
-1574
-716
-799
-1074
-511
582
1301
1652
2257
3028
3231
2786
2471
2764
3213
3181
2732
2356
2179
1875
1313
856
755
658
110
-695
-1191
-1323
-1588
-2157
-2604
-2654
-2600
-2768
-2996
-2983
-2777
-2607
-2421
-1962
-1236
-609
-312
-69
497
1263
1725
1736
1695
1867
1955
1655
1213
1055
1113
951
411
-219
-691
-1097
-1639
-2202
-2468
-2486
-2636
-3229
-3907
-4107
-3915
-3771
-3713
-3627
-4051
-5489
-7069
-7209
-5888
-4819
-4928
-5256
-4888
-4430
-4516
-4250
-2588
-349
852
1079
1758
3322
4636
4976
5268
6512
8081
8650
8143
7728
7967
7999
7178
6374
6502
6717
5547
3351
1976
1904
1600
173
-1154
-1264
-1162
-2240
-3803
-4198
-3524
-3311
-3853
-3776
-2576
-1640
-1901
-2264
-1420
147
1091
1352
1939
2910
3341
3072
2977
3494
3990
3841
3403
3345
3490
3234
2471
1711
1340
981
287
-582
-1134
-1397
-1903
-2781
-3484
-3622
-3637
-3941
-4190
-3928
-3435
-3179
-2995
-2429
-1564
-891
-460
85
766
1265
1457
1573
1783
1947
1951
1759
1407
974
494
43
-382
-844
-1263
-1629
-1932
-2188
-2516
-2774
-2859
-2923
-3187
-3669
-4135
-4753
-6028
-7588
-8294
-7754
-7025
-7183
-7699
-7556
-6925
-6515
-6060
-4616
-2321
-497
313
1078
2671
4588
5846
6583
7687
9225
10191
10034
9548
9605
9867
9447
8465
7897
7763
6903
4874
2862
2038
1803
809
-833
-1975
-2459
-3292
-4753
-5633
-5284
-4766
-5028
-5371
-4690
-3430
-2883
-2926
-2228
-493
1110
1851
2390
3397
4318
4506
4477
4974
5587
5406
4541
3968
4052
4091
3521
2650
1928
1255
334
-731
-1431
-1619
-1841
-2591
-3615
-4215
-4292
-4456
-4879
-4991
-4452
-3848
-3700
-3545
-2796
-1754
-1075
-644
177
1237
1749
1636
1555
1931
2355
2303
2062
1878
1622
1187
539
-118
-728
-1429
-2069
-2504
-2642
-2615
-2884
-3411
-3713
-3562
-3236
-3224
-3621
-4245
-5421
-7176
-8477
-8371
-7249
-6643
-7221
-7863
-7657
-7079
-6646
-5835
-3930
-1589
-119
537
1605
3507
5303
6268
7005
8304
9793
10486
10213
9896
10100
10330
9969
9306
8918
8451
7082
5001
3503
3062
2604
1236
-437
-1421
-1997
-3141
-4678
-5322
-4818
-4376
-4753
-5086
-4372
-3330
-3110
-3108
-1956
109
1174
808
986
2611
4243
4428
3911
4289
4961
4411
3114
2806
3808
4372
3590
2506
1939
1465
412
-685
-1058
-916
-1173
-2212
-3475
-4154
-4389
-4659
-4843
-4652
-4102
-3763
-3958
-4042
-3200
-1860
-851
-208
499
1164
1050
346
297
1176
1993
1966
1417
968
334
-679
-1531
-1800
-1821
-2138
-2608
-2825
-2898
-2971
-2812
-2140
-1352
-1425
-2633
-4710
-6958
-8345
-8415
-7681
-7328
-7925
-8676
-9002
-9119
-8934
-7774
-5391
-2860
-1339
-481
724
2410
4019
5408
7071
9063
10552
10959
10604
10313
10548
10961
11170
11124
10796
9909
8019
5643
4032
3519
3166
1952
171
-1183
-2247
-3761
-5389
-5977
-5433
-5111
-5637
-6082
-5723
-5091
-4823
-4294
-2675
-390
1364
2063
2504
3366
4336
4636
3932
3445
4000
4743
5006
4790
4707
4791
3974
2876
2733
2885
2256
848
-157
-271
-615
-1794
-2941
-3395
-3627
-4112
-4649
-4897
-4722
-4275
-3736
-3171
-2504
-1715
-1007
-492
-136
331
886
1154
1179
1150
1059
628
-84
-603
-964
-1201
-1745
-2792
-3428
-3634
-3535
-3094
-2898
-2549
-2083
-1802
-1376
-1997
-4526
-7625
-9064
-7967
-6571
-7257
-9001
-9661
-9406
-9712
-10068
-8555
-5241
-2648
-2222
-2146
-481
2078
3918
4961
6512
8903
10674
10726
10038
10319
11506
12045
11416
10913
11273
10949
8617
5800
4846
5397
4931
2672
504
-378
-1340
-3585
-5513
-5371
-4360
-4836
-6708
-7373
-6198
-5376
-5749
-5712
-3831
-1310
-211
-31
800
2279
3248
3473
4133
5578
6658
6456
5613
5534
6140
6427
6056
5373
4875
4079
2499
915
205
217
-313
-2000
-3779
-4682
-5090
-5795
-6411
-6165
-5503
-5320
-5461
-5115
-4166
-3219
-2446
-1442
-161
711
689
350
583
1432
2075
1876
1254
781
202
-739
-1600
-1910
-1905
-2281
-3054
-3546
-3491
-3083
-2570
-1965
-1145
-826
-2339
-5808
-9160
-9756
-7840
-6639
-7810
-9417
-9486
-9068
-9848
-10394
-8124
-4044
-1657
-1771
-1582
750
3485
4632
5263
7430
10535
12072
11268
10253
10885
12225
12419
11671
11635
12212
11216
7996
5093
4712
5467
4497
1785
-204
-788
-1955
-4519
-6335
-5818
-4845
-5809
-7661
-7695
-6106
-5603
-6653
-6589
-4069
-1280
-549
-1023
-393
1421
2783
3429
4460
5940
6586
5778
4935
5589
7012
7435
6403
5014
4157
3382
1949
583
334
591
-199
-2391
-4395
-4989
-4990
-5527
-5845
-5065
-4020
-3963
-4708
-4587
-3093
-1530
-768
-262
451
963
801
432
800
1630
1825
1085
-65
-1075
-1774
-2357
-2768
-2726
-2326
-2029
-2221
-2563
-2355
-2103
-3602
-7165
-10177
-10126
-8102
-7529
-9319
-10875
-10749
-10433
-10986
-10669
-7710
-4000
-2575
-3103
-2563
336
3643
5276
5982
7683
10218
11567
11159
10762
11830
13323
13335
12169
11781
12182
11184
8194
5626
5514
6247
4885
1708
-552
-1193
-2239
-4706
-6634
-6403
-5663
-6608
-8507
-9054
-7954
-7156
-7239
-6722
-4761
-2575
-1715
-1564
-527
1583
3534
4529
5342
6703
7843
7916
7466
7758
8703
8865
7728
6202
5159
4202
2671
1091
241
-214
-1378
-3422
-5192
-6010
-6265
-6622
-6950
-6658
-6079
-5904
-5941
-5250
-3835
-2784
-2326
-1607
-322
875
1017
824
1304
1956
2132
1503
607
112
-402
-1265
-1906
-1960
-1606
-1526
-1949
-1987
-1479
-2104
-5169
-9116
-10910
-9523
-7717
-8461
-10602
-11523
-11233
-11399
-11969
-10478
-6432
-3172
-2774
-3198
-1567
1873
4422
5293
6541
9221
11543
11793
10944
11264
13021
14028
13278
12362
12506
12412
10293
7201
5942
6724
6762
4354
1369
73
-413
-2210
-4926
-6093
-5460
-5653
-7655
-9253
-8809
-7760
-7863
-8214
-7041
-4716
-3212
-2797
-2025
-243
1768
2972
3701
4843
6286
7221
7427
7542
8147
8590
7967
6733
5891
5509
4583
2845
1350
575
-260
-1979
-4036
-5155
-5295
-5425
-5880
-6059
-5710
-5515
-5896
-6018
-5039
-3363
-2171
-1734
-1223
-491
41
294
737
1735
2431
1769
132
-1245
-1753
-1726
-1642
-1451
-1160
-1199
-1588
-1783
-2206
-4264
-7849
-10492
-10055
-7966
-7739
-9944
-11811
-11785
-11308
-11802
-11703
-8880
-4875
-3082
-3691
-3493
-490
3362
5257
5757
7316
9950
11250
10431
9890
11601
13895
14030
12538
12102
12775
11941
8882
6476
6929
7960
6314
2791
634
488
-276
-2878
-4838
-4453
-3883
-5661
-8445
-8927
-7125
-6147
-7175
-7837
-6232
-3910
-3038
-3050
-1807
925
2873
3103
3390
4943
6500
6399
5545
6042
7578
7925
6527
5035
4468
3980
2697
1369
999
880
-452
-2931
-4839
-5036
-4420
-4435
-5126
-5384
-4911
-4678
-4910
-4684
-3461
-2055
-1616
-1766
-1375
-460
83
169
593
1493
1978
1162
-433
-1346
-1530
-1717
-1914
-1737
-1101
-1037
-1802
-2332
-2893
-5026
-8619
-11123
-10469
-8393
-8358
-10413
-11801
-11588
-11345
-11712
-10802
-7295
-3517
-2479
-3241
-2518
734
4214
5686
6282
8130
10546
11273
10306
10167
12147
14060
13580
11896
11517
11995
10715
7563
5650
6460
7285
5414
2198
581
377
-996
-3718
-5128
-4341
-3845
-5627
-8078
-8569
-7327
-6503
-6757
-6586
-4986
-3157
-2485
-2410
-1279
1069
2957
3599
4201
5668
6980
6902
6310
6798
7909
7876
6461
5223
4717
3741
1789
216
-21
-177
-1687
-4031
-5467
-5388
-4906
-4991
-5217
-4929
-4429
-4379
-4638
-4236
-2909
-1627
-1111
-802
-66
824
1212
970
1033
1898
2417
1592
-203
-1653
-1930
-1912
-2270
-2345
-2005
-1848
-2183
-3019
-4720
-7632
-10620
-11435
-9793
-8540
-9497
-11185
-11857
-11783
-12079
-11890
-9276
-5222
-2804
-2841
-2970
-974
2378
4872
6172
7792
10034
11354
10991
10341
11251
13224
14022
13117
12146
12037
11424
9039
6420
5866
6839
6495
3855
1157
123
-533
-2471
-4539
-4651
-3618
-4221
-6607
-7942
-6890
-5557
-5782
-6245
-5048
-3004
-2139
-2284
-1586
397
2185
3014
3849
5299
6423
6342
5610
5519
6414
7158
6610
5140
3990
3471
2628
1048
-104
-212
-624
-2559
-4859
-5652
-5136
-4913
-5359
-5366
-4520
-3917
-4192
-4257
-3082
-1305
-298
-327
-255
691
1653
1870
1858
2317
2864
2550
1363
151
-612
-1180
-1650
-1878
-2013
-2329
-2576
-2747
-4063
-7304
-11052
-12616
-11277
-9674
-10182
-11755
-12387
-12193
-12411
-12747
-11076
-7007
-3434
-2684
-3203
-2020
1416
4680
6081
7103
9364
11717
12019
10795
10888
13108
14763
13867
12146
11971
12293
10457
7020
5277
6133
6610
4367
1139
-319
-643
-2221
-4873
-6105
-5303
-5004
-6870
-8857
-8483
-6563
-5727
-6393
-6257
-4175
-1898
-1118
-813
774
3250
4699
4695
5073
6822
8388
8244
7266
7255
8089
7907
6254
4732
4168
3371
1369
-803
-1740
-1921
-3076
-5387
-7075
-7160
-6584
-6591
-7050
-6924
-6062
-5471
-5392
-4773
-3146
-1361
-521
-458
179
1610
2744
2966
2928
3365
3850
3449
2128
894
454
382
90
-324
-698
-1108
-1515
-2259
-4202
-7677
-11057
-11882
-10341
-9476
-10785
-12360
-12559
-12387
-13108
-13240
-10584
-6261
-3619
-3574
-3643
-1548
1971
4651
6063
7718
10139
11784
11480
10659
11641
13991
14935
13627
12274
12369
12234
9903
6865
5958
6787
6314
3491
683
-296
-952
-3114
-5593
-6143
-5317
-5772
-7924
-9247
-8258
-6617
-6406
-6962
-6098
-3716
-1942
-1596
-1066
1030
3617
4815
4925
5669
7422
8520
8086
7395
7746
8326
7499
5659
4379
3984
3168
1238
-629
-1298
-1680
-3257
-5526
-6753
-6416
-5947
-6404
-7025
-6743
-5839
-5405
-5234
-4355
-2683
-1317
-960
-704
382
1773
2430
2351
2485
3154
3325
2503
1371
678
552
462
170
-23
-67
-171
-1068
-3757
-7716
-10730
-11051
-9591
-9109
-10465
-11885
-12320
-12764
-13740
-13566
-10612
-6480
-4294
-4477
-4547
-2531
777
3484
5311
7289
9609
11001
10763
10294
11403
13666
14832
14120
13195
13138
12600
10293
7697
7051
7705
6960
4197
1536
332
-686
-2778
-4792
-5198
-4889
-5943
-8207
-9365
-8441
-7142
-7049
-7341
-6397
-4373
-2802
-2179
-1471
292
2521
3915
4505
5423
7043
8354
8353
7810
8127
8844
8432
6732
5066
4277
3518
1900
178
-754
-1474
-3034
-5218
-6556
-6352
-5741
-5875
-6369
-6358
-5748
-5170
-4892
-4290
-3013
-1688
-925
-642
-239
704
1594
1940
2127
2376
2457
1902
663
-220
-75
505
805
594
294
149
-1129
-4621
-8696
-10541
-9408
-7852
-8548
-10549
-11435
-11438
-12384
-13768
-12843
-8897
-5094
-4285
-5035
-4157
-1254
1593
3281
4959
7699
10198
10641
9659
9671
11797
14134
14284
12968
12534
12910
11831
8840
6683
7104
7779
5999
2835
1061
649
-732
-3335
-4883
-4407
-4112
-5936
-8312
-8622
-7116
-6136
-6523
-6687
-5314
-3457
-2540
-2083
-828
1310
3175
3874
4129
5136
6739
7686
7485
7139
7600
8077
7153
5288
4123
3841
3142
1450
-163
-917
-1783
-3650
-5601
-6346
-6001
-5650
-5935
-6315
-6174
-5620
-5095
-4630
-3676
-2194
-969
-458
-359
41
961
1815
2277
2533
2721
2613
1815
612
-42
191
721
834
408
108
-103
-1696
-5361
-9305
-10800
-9502
-8272
-9245
-10871
-11262
-11334
-12533
-13583
-11830
-7575
-4357
-3923
-4195
-2895
-216
2245
3922
5890
8649
10843
11142
10202
10253
12232
14117
13831
12465
12153
12425
11058
8116
6333
6769
6945
4852
2059
812
392
-1305
-3931
-5197
-4676
-4642
-6437
-8305
-8223
-6837
-6184
-6569
-6530
-5203
-3481
-2402
-1647
-388
1441
3032
3774
4308
5611
7265
8021
7590
7107
7436
7714
6717
4989
3870
3369
2410
716
-707
-1461
-2452
-4124
-5578
-5960
-5697
-5633
-5883
-6050
-5954
-5666
-5150
-4361
-3374
-2228
-1162
-472
-58
522
1452
2358
2846
2994
2937
2534
1750
842
313
295
492
626
576
389
-463
-3180
-7452
-10649
-10590
-8545
-8011
-9786
-11286
-11341
-11697
-13162
-13414
-10341
-5979
-3924
-4251
-4072
-1891
913
2807
4224
6473
9342
11119
10866
10016
10719
12812
13997
13167
12113
12354
12305
10045
6985
5996
6814
6450
3984
1730
1057
269
-2005
-4254
-4644
-4058
-4663
-6445
-7353
-6628
-5668
-5668
-6006
-5373
-3812
-2496
-1856
-1093
505
2369
3401
3612
4145
5586
7031
7352
6893
6826
7234
6971
5614
4272
3784
3394
2157
506
-605
-1378
-2773
-4615
-5696
-5670
-5462
-5821
-6366
-6440
-6121
-5830
-5455
-4621
-3322
-2056
-1319
-932
-430
359
1262
2010
2579
2983
3001
2467
1578
728
344
434
662
792
778
601
-333
-3042
-7115
-10114
-10094
-8249
-7703
-9243
-10703
-11019
-11663
-13207
-13356
-10225
-5909
-3892
-4223
-4083
-1958
874
2844
4351
6583
9335
11039
10900
10243
10955
12836
13794
12995
12106
12359
12257
10066
7160
6127
6644
6033
3660
1664
1117
370
-1820
-3984
-4537
-4415
-5233
-6593
-6947
-6242
-5771
-6019
-6127
-5372
-4067
-2913
-2032
-1008
501
2178
3315
3756
4242
5385
6596
6893
6522
6575
6879
6453
4950
3580
3211
2993
1937
437
-567
-1374
-2792
-4538
-5435
-5277
-5083
-5486
-6035
-6141
-5922
-5641
-5197
-4341
-3146
-1996
-1224
-822
-296
703
1820
2477
2687
2890
3101
2912
2151
1291
756
546
527
574
650
762
607
-777
-4025
-8026
-10317
-9768
-8225
-8142
-9534
-10740
-11301
-12217
-13311
-12554
-9103
-5238
-3626
-3888
-3451
-1176
1542
3338
4881
7313
9981
11151
10567
10113
11283
13048
13472
12603
12100
12310
11590
9192
6913
6392
6482
5191
2835
1274
782
-238
-2376
-4212
-4748
-4833
-5461
-6206
-6253
-5854
-5786
-6025
-5860
-5021
-3868
-2707
-1589
-470
728
1961
2982
3690
4328
5193
6101
6534
6539
6541
6448
5783
4665
3744
3154
2399
1324
318
-618
-1912
-3418
-4394
-4613
-4720
-5153
-5583
-5683
-5578
-5448
-5115
-4339
-3311
-2405
-1689
-1060
-376
406
1136
1725
2189
2577
2876
2913
2466
1631
717
69
-67
197
501
543
337
-107
-1415
-4386
-8237
-10503
-9846
-8072
-7962
-9614
-10930
-11207
-11783
-12882
-12342
-8933
-4870
-3109
-3481
-3327
-1290
1376
3273
4901
7230
9747
10916
10379
9871
10928
12788
13512
12779
12008
11862
11123
9058
7072
6525
6575
5452
3258
1597
856
-194
-2104
-3876
-4665
-4922
-5312
-5639
-5557
-5427
-5659
-5953
-5736
-4955
-3945
-2827
-1649
-571
385
1475
2737
3725
4249
4796
5666
6383
6501
6295
6149
5828
4947
3794
2885
2217
1441
456
-601
-1754
-2984
-3937
-4410
-4655
-4999
-5339
-5359
-5389
-5520
-5299
-4471
-3422
-2691
-2213
-1537
-630
146
714
1300
1982
2478
2703
2681
2232
1427
692
392
394
367
257
126
-18
-314
-1234
-3532
-7066
-9908
-10182
-8649
-7991
-9226
-10655
-10988
-11252
-12276
-12436
-9829
-5687
-3202
-3198
-3397
-1914
626
2800
4538
6623
8868
10174
10157
9830
10443
11952
13064
12930
12136
11550
10991
9775
8182
7213
6839
5926
4143
2519
1643
701
-1055
-2945
-3945
-4275
-4679
-5082
-5131
-5199
-5786
-6383
-6056
-4960
-4024
-3466
-2773
-1774
-721
352
1574
2711
3382
3805
4452
5181
5567
5674
5758
5639
4989
4033
3266
2622
1810
1017
452
-256
-1504
-2845
-3529
-3687
-4010
-4547
-4745
-4533
-4403
-4371
-3986
-3212
-2507
-2032
-1436
-654
-141
56
446
1237
2042
2349
2101
1561
911
358
98
69
90
62
-62
-319
-598
-844
-1683
-4015
-7424
-9788
-9563
-8004
-7616
-8857
-10165
-10683
-11141
-11762
-11087
-8268
-4985
-3364
-3304
-2979
-1339
940
3004
4766
6462
7906
8770
9188
9696
10587
11483
11795
11522
11173
10927
10464
9551
8509
7683
6709
5257
3862
3070
2482
1258
-589
-2073
-2681
-2977
-3447
-3870
-4013
-4217
-4800
-5351
-5303
-4717
-4058
-3450
-2710
-1900
-1267
-712
75
1034
1858
2565
3412
4248
4541
4254
3993
4145
4340
4055
3328
2569
1990
1486
874
81
-749
-1362
-1750
-2226
-2842
-3188
-3014
-2720
-2790
-3000
-2769
-2170
-1761
-1574
-1159
-503
-86
-4
256
908
1387
1264
847
631
488
38
-612
-1083
-1248
-1328
-1490
-1670
-1699
-1490
-1225
-1596
-3333
-6130
-8495
-9086
-8140
-7096
-6955
-7525
-8277
-9054
-9667
-9459
-7942
-5631
-3588
-2332
-1592
-924
-92
1023
2453
4036
5515
6796
7857
8555
8742
8601
8561
8944
9634
10150
10021
9205
8083
7033
6118
5284
4672
4387
4111
3313
1972
666
-113
-492
-820
-1095
-1134
-1119
-1511
-2367
-3155
-3381
-3146
-2828
-2558
-2230
-1950
-1945
-2130
-2104
-1683
-1099
-590
-115
464
975
1203
1221
1241
1302
1296
1251
1302
1483
1601
1419
885
243
-80
71
369
398
116
-210
-404
-557
-679
-577
-202
170
247
0
-323
-535
-660
-722
-684
-561
-503
-714
-1212
-1781
-2201
-2402
-2479
-2603
-2801
-2902
-2805
-2605
-2439
-2241
-1823
-1237
-884
-1113
-1935
-2989
-3764
-3947
-3618
-3106
-2733
-2658
-2921
-3493
-4101
-4287
-3840
-3008
-2192
-1585
-1115
-768
-613
-559
-349
165
920
1745
2540
3209
3627
3814
3892
4112
4561
5092
5467
5557
5474
5400
5395
5351
5179
4943
4791
4779
4813
4687
4262
3613
2992
2557
2205
1815
1466
1216
883
229
-639
-1317
-1667
-1954
-2365
-2745
-2916
-2963
-3086
-3308
-3473
-3461
-3323
-3164
-2946
-2591
-2131
-1780
-1687
-1615
-1115
-146
831
1412
1627
1693
1682
1593
1590
1842
2225
2429
2349
2118
1871
1608
1304
1011
823
729
581
257
-244
-837
-1430
-1951
-2333
-2525
-2556
-2570
-2697
-2952
-3216
-3305
-3195
-2921
-2548
-2158
-1877
-1773
-1709
-1503
-1113
-634
-80
569
1153
1357
1052
461
-81
-426
-566
-581
-628
-853
-1310
-1957
-2636
-3126
-3249
-3093
-2970
-2982
-2908
-2542
-2050
-1707
-1471
-1158
-862
-764
-709
-279
606
1482
1967
2127
2258
2462
2661
2886
3273
3849
4441
4778
4698
4346
4020
3921
3980
4026
3976
3788
3421
2881
2339
2000
1861
1779
1669
1446
1048
521
42
-167
-147
-144
-270
-453
-681
-952
-1161
-1107
-768
-362
-113
-34
-15
-74
-212
-334
-316
-120
140
288
221
7
-217
-345
-429
-527
-600
-611
-678
-956
-1376
-1687
-1765
-1740
-1751
-1812
-1891
-2008
-2189
-2328
-2277
-2001
-1612
-1292
-1188
-1255
-1315
-1234
-1039
-798
-430
108
596
676
323
-37
10
419
838
1078
1152
1074
779
369
153
301
585
612
231
-350
-834
-1144
-1352
-1485
-1501
-1445
-1518
-1846
-2261
-2469
-2388
-2173
-1987
-1795
-1570
-1418
-1414
-1415
-1255
-945
-623
-377
-185
-76
-54
-13
182
495
744
836
869
962
1084
1182
1272
1431
1669
1884
1998
2016
2023
2095
2220
2333
2438
2590
2792
2958
3008
2974
2986
3058
3102
3111
3130
3187
3202
3105
2953
2817
2670
2441
2136
1810
1505
1235
971
652
218
-300
-772
-1127
-1406
-1660
-1874
-2087
-2393
-2766
-3049
-3163
-3217
-3313
-3361
-3246
-3057
-2945
-2886
-2753
-2554
-2390
-2314
-2201
-1924
-1536
-1181
-980
-907
-832
-628
-353
-114
80
248
311
209
85
171
461
669
621
465
394
381
321
265
353
549
659
598
462
355
297
255
254
330
413
384
181
-103
-329
-454
-546
-640
-734
-853
-1061
-1355
-1596
-1661
-1622
-1636
-1736
-1804
-1776
-1752
-1799
-1817
-1691
-1482
-1332
-1263
-1150
-901
-572
-286
-99
43
245
548
898
1235
1562
1900
2213
2430
2548
2662
2855
3109
3320
3401
3376
3344
3340
3314
3223
3093
3003
2950
2833
2594
2303
2062
1869
1629
1312
1009
750
466
145
-118
-254
-309
-393
-534
-690
-842
-959
-1039
-1096
-1159
-1238
-1307
-1331
-1322
-1328
-1396
-1530
-1659
-1682
-1608
-1551
-1584
-1654
-1664
-1643
-1674
-1703
-1628
-1471
-1372
-1362
-1306
-1152
-1007
-981
-973
-825
-564
-342
-247
-200
-123
-43
16
97
271
501
650
634
507
426
467
548
562
505
457
439
373
241
102
-22
-179
-387
-567
-692
-822
-998
-1194
-1350
-1496
-1636
-1709
-1678
-1600
-1562
-1539
-1485
-1394
-1262
-1058
-749
-412
-148
28
162
288
400
530
736
1002
1239
1364
1384
1374
1402
1499
1647
1804
1929
2002
2014
1978
1915
1868
1877
1921
1957
1948
1863
1696
1492
1339
1299
1340
1355
1309
1200
1037
867
719
632
602
562
480
363
239
104
-44
-192
-306
-352
-356
-382
-492
-676
-850
-950
-974
-957
-953
-988
-1027
-1036
-1009
-981
-990
-1050
-1117
-1110
-1010
-885
-801
-783
-832
-904
-940
-911
-839
-765
-727
-720
-726
-722
-700
-705
-710
-670
-566
-415
-283
-225
-259
-347
-398
-359
-214
-6
135
148
30
-128
-208
-177
-74
16
42
-17
-142
-293
-399
-436
-423
-391
-381
-423
-503
-573
-604
-621
-645
-630
-538
-410
-349
-359
-353
-283
-185
-99
-6
121
280
413
489
525
587
703
842
994
1131
1226
1244
1210
1215
1302
1431
1508
1500
1448
1380
1303
1243
1209
1212
1202
1142
1028
853
686
585
560
567
561
526
444
330
219
165
197
275
323
294
230
205
217
248
278
291
276
219
129
67
85
131
128
28
-157
-367
-529
-609
-622
-634
-692
-824
-1035
-1254
-1383
-1414
-1396
-1385
-1396
-1410
-1460
-1551
-1632
-1615
-1483
-1306
-1165
-1076
-1012
-958
-908
-825
-663
-422
-190
-68
-12
47
125
165
159
167
233
300
284
181
69
-16
-119
-249
-334
-320
-301
-387
-555
-677
-686
-654
-641
-610
-505
-373
-307
-312
-305
-213
-44
156
364
568
737
821
839
920
1135
1410
1596
1643
1628
1638
1681
1702
1694
1703
1721
1675
1535
1361
1231
1138
1040
901
732
589
