-118
101
-39
161
-112
26
-129
-132
34
94
-144
206
-163
47
-52
-96
132
-76
-11
61
-127
204
-121
-94
221
-272
217
-85
36
107
-140
-17
-42
48
-57
63
-82
92
-6
-121
234
-188
146
-104
-121
331
-251
171
-79
10
54
-40
25
48
113
-207
149
-94
57
134
-117
137
45
-163
218
-109
-49
217
-287
282
-127
47
33
51
-197
111
-23
-7
160
-216
83
51
-350
233
-123
-93
289
-518
539
-273
52
95
-201
150
-53
-148
169
-21
-82
22
-135
187
-75
5
108
-59
122
-86
5
94
-74
42
61
32
122
-122
26
45
-41
-40
113
-67
92
-76
-170
219
-322
192
-206
99
106
-234
161
-12
-30
5
-34
-17
113
-101
63
40
-104
74
-137
81
-74
-53
61
-35
24
-108
50
-57
-1
-72
68
-131
144
-96
-43
171
-207
178
-55
91
-46
82
-163
214
-154
125
54
-145
249
-222
163
15
-141
188
-60
-8
157
-82
114
-47
11
136
-161
67
-60
118
-105
100
-57
4
-16
-114
63
-101
194
-315
305
-229
35
54
-139
303
-197
69
-16
-19
11
-64
-112
14
-153
87
-58
-16
29
-118
-7
-66
151
-217
87
-161
37
50
-14
86
-110
159
-191
136
27
8
21
-13
17
85
-86
84
-60
85
2
23
107
48
-26
106
-71
156
-17
135
-9
40
96
-172
300
-208
100
71
-208
173
-71
70
-44
3
-24
86
-112
114
11
-62
17
-19
-136
159
-112
-10
165
-259
230
-203
-15
151
-330
223
-237
85
-1
21
-77
-4
-100
-15
117
-320
294
-310
108
-10
-78
119
-92
-16
56
-159
205
-123
-10
113
-163
156
-42
43
40
36
-128
243
-228
287
-52
-70
308
-297
166
-3
-148
250
-219
75
161
-171
121
11
-176
296
-257
66
78
-198
162
-183
-13
98
-228
175
-110
-73
87
-138
21
-75
-108
-43
-31
-101
182
-188
21
-1
-171
190
-50
8
104
-128
82
31
-66
52
-67
-11
86
-120
279
-119
131
32
1
121
-34
101
-54
129
-55
102
-11
123
-73
29
-16
13
89
31
132
-12
2
19
-74
19
58
8
83
38
-63
109
-96
86
-94
55
-2
21
41
28
80
-24
64
-57
56
-44
-73
47
-167
117
-203
28
-111
-107
-87
-82
-95
-102
6
-122
-24
-87
32
-95
-55
-16
-86
34
-93
-15
24
10
-97
91
-122
156
-55
-5
151
-33
161
12
58
-38
100
-50
96
80
38
129
-2
94
-1
143
-103
109
6
-33
166
-108
79
43
-98
53
-45
-43
164
-196
112
-70
-84
57
-122
16
-32
-77
2
0
-39
-6
-142
-2
-18
-98
63
-169
12
-116
-119
-3
-44
-47
-33
-60
-19
-42
-25
-36
-22
11
-34
60
68
23
38
41
111
4
197
23
72
67
-40
184
42
84
112
8
179
64
49
186
45
96
154
26
187
137
54
142
117
31
164
13
176
105
59
124
86
159
98
50
93
95
33
78
1
-5
-156
-52
-232
-101
-190
-233
-116
-304
-239
-297
-320
-277
-396
-376
-267
-391
-399
-335
-475
-356
-496
-533
-419
-589
-628
-547
-674
-577
-609
-715
-506
-607
-531
-405
-412
-191
-169
-69
117
221
276
387
487
545
705
721
927
863
991
967
997
1106
1040
1178
1079
1207
1190
1191
1198
1093
1047
938
1070
883
1142
1070
924
1107
591
987
591
615
599
247
508
214
240
65
64
-232
-110
-294
-307
-303
-588
-531
-766
-783
-836
-1036
-950
-1132
-1266
-1273
-1527
-1505
-1778
-1977
-2136
-2365
-2445
-2611
-2695
-2754
-2830
-2871
-2820
-2698
-2601
-2466
-2313
-2075
-1787
-1432
-1072
-672
-341
60
430
801
1131
1491
1794
2045
2330
2513
2759
2842
2881
2869
2872
2853
2764
2684
2589
2426
2249
2115
1862
1702
1442
1179
1010
788
682
518
349
193
61
-107
-133
-265
-288
-316
-384
-364
-333
-252
-178
-69
-11
107
206
264
403
454
499
582
574
677
668
683
689
604
637
450
392
271
96
-117
-207
-406
-371
-464
-466
-448
-607
-557
-680
-585
-523
-482
-386
-350
-375
-354
-413
-462
-628
-678
-822
-1012
-1334
-1784
-2230
-2760
-3229
-3670
-3984
-4212
-4493
-4641
-4796
-4844
-4845
-4681
-4422
-4047
-3464
-2863
-2038
-1265
-528
200
893
1591
2263
2933
3608
4227
4761
5179
5492
5645
5641
5491
5276
5078
4830
4512
4173
3711
3222
2630
1967
1407
768
235
-249
-708
-1065
-1415
-1729
-1934
-2130
-2314
-2322
-2252
-2115
-1915
-1754
-1386
-1040
-662
-122
263
797
1327
1699
2204
2565
2850
3129
3253
3393
3467
3416
3348
3111
2770
2392
1853
1330
818
245
-166
-609
-955
-1258
-1684
-1823
-2185
-2242
-2236
-2263
-2096
-2034
-1933
-1852
-1863
-1840
-1829
-1897
-1916
-2047
-2207
-2503
-3085
-3679
-4331
-4940
-5428
-5859
-6099
-6247
-6374
-6355
-6303
-6169
-5876
-5607
-4962
-4235
-3369
-2266
-1262
-186
772
1563
2480
3263
3986
4834
5430
6109
6607
6862
7115
7048
6814
6592
6254
6011
5717
5281
4898
4283
3652
2979
2272
1643
1041
490
31
-359
-777
-1112
-1461
-1759
-1945
-2017
-1906
-1699
-1435
-1135
-856
-537
-126
317
832
1409
1965
2512
2999
3383
3625
3757
3816
3780
3737
3620
3392
3059
2544
1906
1177
404
-283
-1001
-1606
-2082
-2558
-2909
-3267
-3578
-3773
-3931
-3927
-3786
-3578
-3236
-2932
-2644
-2319
-2101
-1851
-1657
-1514
-1387
-1483
-1844
-2468
-3300
-4115
-4928
-5660
-6189
-6558
-6775
-6927
-7067
-7150
-7120
-6977
-6592
-5867
-4897
-3625
-2300
-969
241
1266
2247
3160
4076
5041
5992
6932
7780
8304
8641
8657
8428
7987
7438
6976
6551
6073
5486
4724
3865
2867
1795
832
-66
-823
-1423
-1926
-2328
-2663
-3019
-3253
-3418
-3366
-3080
-2569
-1927
-1300
-737
-118
507
1211
1996
2732
3544
4177
4707
5144
5326
5325
5125
4811
4463
4044
3536
2929
2191
1271
224
-766
-1675
-2480
-3140
-3653
-4016
-4252
-4406
-4423
-4370
-4228
-3981
-3601
-3030
-2503
-2009
-1613
-1310
-1116
-956
-874
-760
-753
-1069
-1599
-2515
-3564
-4646
-5710
-6601
-7261
-7651
-7791
-7911
-7984
-8011
-7934
-7617
-7068
-6129
-4806
-3245
-1610
-57
1285
2460
3550
4536
5566
6561
7567
8533
9241
9617
9616
9318
8754
8042
7259
6577
5920
5238
4395
3430
2310
1092
-130
-1238
-2132
-2836
-3308
-3636
-3904
-4085
-4217
-4221
-3951
-3516
-2747
-1839
-895
75
888
1703
2459
3271
4110
4869
5591
6181
6603
6827
6691
6306
5794
5133
4460
3706
2907
2006
931
-245
-1445
-2581
-3570
-4341
-4886
-5200
-5370
-5324
-5179
-4961
-4688
-4334
-3797
-3082
-2334
-1540
-892
-423
-48
90
253
353
292
31
-737
-1853
-3138
-4574
-5859
-7097
-8030
-8500
-8865
-9026
-9107
-9209
-9051
-8812
-8205
-7006
-5477
-3591
-1626
132
1749
3045
4212
5396
6397
7466
8526
9501
10320
10653
10566
10140
9289
8316
7304
6400
5652
4720
3633
2402
944
-540
-2035
-3355
-4339
-5069
-5409
-5521
-5517
-5421
-5301
-4950
-4321
-3428
-2174
-846
511
1816
2957
4014
4965
5842
6707
7398
7934
8333
8491
8384
7876
7099
6205
5091
3903
2723
1521
292
-1116
-2515
-3749
-4833
-5692
-6286
-6576
-6570
-6409
-6055
-5456
-4780
-4115
-3423
-2679
-1865
-1089
-464
140
582
771
898
927
914
566
-454
-1779
-3310
-4914
-6416
-7875
-8892
-9489
-10036
-10319
-10483
-10498
-10220
-9843
-9046
-7699
-5938
-3818
-1662
304
2098
3607
4991
6396
7660
8893
10084
11018
11693
11856
11575
11079
10126
8988
7863
6748
5770
4577
3092
1519
-243
-1979
-3544
-4879
-5714
-6258
-6571
-6587
-6469
-6136
-5672
-5114
-4180
-2897
-1358
329
1889
3379
4737
5799
6768
7697
8466
9039
9231
9240
9090
8480
7551
6459
5209
3822
2287
811
-492
-1913
-3413
-4798
-5953
-6827
-7458
-7698
-7513
-7185
-6680
-5887
-4869
-3808
-2859
-1925
-900
26
759
1390
1969
2348
2358
2190
2036
1810
1120
-126
-1672
-3414
-5278
-7142
-8785
-9855
-10470
-10948
-11252
-11398
-11322
-10975
-10404
-9345
-7696
-5637
-3279
-902
1277
3217
4832
6298
7696
8944
10190
11320
12116
12502
12256
11573
10691
9441
8072
6715
5372
4163
2715
1012
-699
-2510
-4265
-5832
-7023
-7545
-7632
-7476
-6979
-6314
-5488
-4558
-3589
-2202
-551
1125
2939
4652
6222
7474
8252
8949
9545
9857
9911
9697
9265
8491
7272
5860
4404
2822
1117
-540
-2018
-3366
-4712
-5961
-6947
-7734
-8269
-8434
-8129
-7410
-6534
-5501
-4259
-2917
-1707
-607
464
1347
2071
2542
2820
3105
3063
2747
2375
1812
1180
248
-1168
-2785
-4793
-7114
-9209
-10928
-11807
-12015
-12209
-12143
-11961
-11679
-11002
-10146
-8687
-6466
-4029
-1282
1448
3814
5922
7421
8556
9726
10698
11726
12654
13032
12906
12084
10799
9424
7758
6020
4484
2961
1521
-50
-1825
-3413
-5077
-6747
-7917
-8475
-8263
-7569
-6770
-5671
-4461
-3352
-2037
-496
1311
3255
5009
6739
8327
9459
10201
10581
10680
10541
10069
9424
8647
7540
6064
4421
2758
1084
-587
-2250
-3737
-5099
-6443
-7413
-8002
-8333
-8431
-8418
-7969
-7102
-6122
-4782
-3311
-1921
-542
623
1742
2672
3006
3215
3323
3084
2759
2182
1586
1112
301
-522
-1396
-2851
-4705
-7038
-9550
-11444
-12667
-12895
-12456
-12161
-11775
-11323
-10826
-9890
-8624
-6578
-3705
-816
2053
4762
6966
8669
9697
10385
11272
12050
12783
13202
12791
11762
10120
8191
6359
4466
2762
1364
-70
-1505
-3034
-4640
-6077
-7539
-8657
-8830
-8169
-6842
-5239
-3686
-2133
-762
508
2097
3858
5619
7291
8730
9931
10654
10868
10765
10304
9541
8580
7594
6601
5320
3729
2055
454
-1068
-2507
-3828
-5033
-6214
-7286
-7932
-8084
-7932
-7584
-6998
-6143
-5186
-4065
-2716
-1257
122
1204
2181
3085
3567
3600
3256
2750
2144
1423
835
188
-580
-1436
-2398
-3271
-4315
-5703
-7275
-9263
-11333
-12786
-13262
-12663
-11805
-11170
-10411
-9580
-8687
-7304
-5423
-2839
152
2958
5765
8209
9924
11028
11449
11723
12081
12296
12560
12241
10965
9198
7011
4837
2865
952
-406
-1492
-2782
-4010
-5198
-6243
-7041
-7764
-7831
-6939
-5436
-3432
-1421
334
1905
3156
4434
6035
7595
8986
10002
10477
10648
10327
9616
8753
7668
6517
5329
4151
3021
1747
356
-1089
-2453
-3575
-4461
-5249
-6046
-6681
-6966
-6795
-6194
-5386
-4484
-3619
-2935
-2138
-1101
30
1182
2159
2872
3256
3126
2626
2043
1236
426
-352
-1088
-1645
-2437
-3339
-3936
-4495
-4956
-5389
-6172
-7285
-9249
-11566
-12854
-12926
-11978
-10671
-9592
-8384
-7339
-6559
-5238
-3347
-929
1941
4600
7236
9540
10793
11445
11413
10981
10893
10835
10871
10552
9080
7095
4823
2436
572
-914
-1866
-2404
-3289
-4217
-4906
-5602
-5969
-6067
-5612
-4065
-2088
12
2039
3462
4570
5422
6211
7405
8583
9450
9891
9754
9257
8440
7330
6188
5132
4107
3080
2018
900
-253
-1485
-2643
-3430
-3853
-4183
-4550
-5028
-5445
-5493
-5129
-4271
-3139
-2181
-1362
-748
-244
443
1056
1789
2465
2721
2810
2409
1597
645
-577
-1428
-1868
-2285
-2526
-3169
-4046
-4789
-5465
-5584
-5587
-6102
-7152
-9173
-11446
-12636
-12512
-11270
-9821
-8825
-7671
-6621
-5822
-4504
-2662
-149
2679
5106
7651
9792
10730
10985
10563
10065
10045
9990
10084
9671
7959
5745
3383
1234
-251
-1412
-2102
-2439
-3124
-3813
-4289
-4710
-4828
-4760
-4056
-2217
-63
2006
3755
4886
5763
6346
6905
7858
8790
9305
9295
8812
8054
7030
5745
4647
3838
2943
2042
1222
362
-606
-1763
-2636
-2918
-3029
-3286
-3756
-4272
-4563
-4560
-4148
-3230
-2216
-1432
-793
-283
206
603
862
1406
2010
2233
2113
1543
651
-431
-1591
-2156
-2170
-2340
-2807
-3673
-4688
-5301
-5485
-5017
-4230
-4223
-5069
-6695
-9061
-11237
-12507
-12186
-10409
-8813
-7726
-6762
-6224
-5679
-4792
-3192
-315
2769
5614
8419
10034
10443
10255
9805
9875
9958
9883
10221
9669
7772
5369
2976
1320
105
-1021
-1356
-1491
-2206
-3097
-4079
-4482
-4205
-3862
-2801
-1008
820
2592
3830
4730
5753
6381
6939
7800
8469
8910
8724
7953
7252
6185
4922
4072
3456
2947
2125
884
-76
-1007
-2134
-2882
-3158
-3137
-3224
-3802
-4274
-4388
-4493
-4204
-3446
-2548
-1683
-1288
-1089
-630
-318
61
856
1695
2340
2296
1443
345
-902
-1894
-2147
-1928
-1593
-1830
-2774
-3920
-5020
-5579
-5349
-4586
-3699
-3664
-4701
-6571
-9263
-11691
-12774
-12060
-10039
-8310
-7175
-6201
-5757
-5266
-4203
-2308
694
3787
6577
9099
10409
10631
10409
9963
9915
9968
10057
10292
9392
7267
4858
2551
912
-332
-1337
-1555
-1807
-2618
-3401
-4022
-4161
-3880
-3508
-2397
-593
1255
3111
4602
5695
6606
6975
7300
8003
8613
8921
8634
7888
6998
5615
4173
3280
2642
1929
816
-420
-1304
-2175
-3036
-3357
-3387
-3460
-3713
-4239
-4514
-4558
-4505
-3795
-2671
-1672
-815
-400
-179
192
543
1301
2355
3081
3433
2973
1772
419
-917
-1748
-1933
-1846
-1735
-2237
-3500
-4946
-6070
-6278
-5649
-4723
-4021
-4166
-5235
-7211
-9876
-12066
-12794
-11695
-9590
-7841
-6606
-5764
-5272
-4777
-3763
-1646
1575
4916
7774
9963
10934
10951
10555
9955
9636
9398
9250
9227
8206
6038
3486
1077
-666
-1967
-2861
-2953
-2891
-3303
-3885
-4321
-4265
-3723
-3025
-1706
223
2175
4122
5614
6571
7376
7851
8322
8844
8978
8915
8450
7573
6479
5009
3587
2526
1645
802
-170
-1252
-1920
-2325
-2753
-3021
-3212
-3318
-3337
-3576
-3691
-3443
-3038
-2284
-1499
-905
-391
-303
-345
44
640
1582
2498
2753
2618
1886
685
-337
-1291
-1912
-1969
-2011
-2215
-2870
-4051
-5168
-5936
-5965
-5104
-4095
-3583
-3884
-5073
-7115
-9861
-12133
-12650
-11388
-9379
-7815
-6743
-5907
-5546
-5144
-3967
-1768
1388
4645
7557
9930
10933
10850
10511
10074
9789
9581
9493
9556
8535
6064
3288
879
-910
-2185
-2939
-2877
-2743
-3303
-4047
-4397
-4272
-3736
-2895
-1451
554
2545
4390
6001
7004
7495
7834
8333
8971
9206
8938
8411
7495
6143
4602
3087
1877
942
58
-800
-1710
-2581
-3177
-3640
-3954
-3929
-3675
-3301
-3214
-3399
-3316
-2938
-2292
-1519
-861
-198
302
537
856
1433
2170
2774
2917
2768
2420
1444
184
-854
-1612
-2024
-2261
-2226
-2316
-3323
-4803
-5923
-6132
-5506
-4632
-3787
-3812
-5025
-6773
-8913
-11005
-12461
-12457
-10565
-8498
-7317
-6349
-5424
-4531
-3662
-2229
803
4491
7446
9731
11025
11194
10741
10001
9687
9568
8999
8577
7886
6089
3634
1007
-961
-2231
-3348
-3655
-3327
-3310
-3638
-4245
-4520
-3939
-2920
-1362
602
2486
4348
5937
6924
7637
8247
8819
9338
9402
9033
8381
7384
6083
4554
3015
1694
679
-159
-1032
-1865
-2727
-3314
-3386
-3357
-3262
-3200
-3071
-2817
-2997
-3214
-2919
-2203
-1340
-813
-330
322
669
918
1393
2032
2676
3006
2991
2774
2009
755
-570
-1692
-2279
-2479
-2625
-2961
-3826
-5059
-6082
-6540
-6032
-4928
-3878
-3354
-4034
-5369
-7119
-9576
-11733
-12694
-11738
-9440
-7811
-6862
-5950
-5435
-4981
-3958
-1551
2237
5716
8256
10206
10991
10714
10195
9799
9718
9289
8658
8511
7592
5300
2418
-90
-1476
-2486
-3216
-3041
-2786
-3132
-4001
-4763
-4479
-3354
-1895
87
2190
3900
5352
6468
7367
8158
8630
9280
10089
10191
9522
8357
6965
5381
3467
1860
976
296
-707
-1801
-2615
-3344
-4009
-4388
-4262
-3929
-3849
-3723
-3440
-3277
-3163
-2804
-1971
-1056
-500
-3
594
1107
1610
2203
3000
3753
3812
3273
2520
1579
378
-1032
-2061
-2512
-2977
-3402
-3789
-4547
-5690
-7053
-7574
-6573
-5002
-3462
-2773
-3863
-5636
-7666
-10023
-11636
-12171
-10781
-8154
-6930
-6533
-5899
-5417
-4720
-3730
-1392
2710
6267
8609
10306
10653
10054
9368
9104
9752
10012
9443
8960
7478
4699
1687
-782
-1804
-2248
-2739
-2483
-2319
-2999
-4224
-5279
-4889
-3310
-1408
910
3185
4747
5623
6022
6608
7635
8519
9507
10454
10300
9092
7297
5481
4104
2523
1138
613
34
-951
-2232
-3490
-4085
-4459
-4670
-4034
-3150
-2737
-2647
-2802
-2956
-2936
-2587
-1418
-61
677
1112
1373
1635
1920
2139
2710
3382
3596
3297
2407
1181
-187
-1733
-2725
-2990
-3112
-3306
-3751
-4404
-5334
-6570
-7297
-6846
-5581
-4016
-2682
-2831
-4347
-6111
-8211
-10288
-11791
-11489
-8768
-6657
-6333
-6098
-5647
-5118
-4554
-3020
657
4687
7210
8968
9897
9535
8830
8370
8861
9688
9427
9075
8383
6137
3069
121
-1438
-1756
-2256
-2493
-2403
-2886
-3981
-5175
-5158
-3525
-1528
469
2688
4537
5633
6076
6402
7472
8817
9617
10318
10440
9395
7631
5370
3726
2798
1523
558
-54
-1105
-2503
-4139
-5040
-4862
-4626
-3995
-2788
-2011
-2021
-2685
-3187
-2882
-2226
-1054
698
1963
2381
2134
1615
1625
1889
2369
3356
4011
4016
3072
1194
-390
-1802
-3191
-3640
-3545
-3447
-3586
-4484
-5640
-6704
-7765
-7784
-6430
-4781
-3013
-1911
-2744
-4509
-6469
-8532
-10116
-11359
-10750
-7949
-6365
-6349
-6257
-6101
-5448
-4569
-2637
1485
5134
7047
8463
9110
9231
9120
8909
9724
10334
9652
8952
7747
5452
2596
-200
-1318
-1415
-2088
-2464
-2716
-3398
-4164
-4988
-4551
-2594
-600
1372
3376
4885
5989
6582
7044
8334
9494
9922
10300
10025
8947
7211
4963
3692
2786
1204
37
-926
-2032
-3248
-4595
-4978
-4563
-4375
-3948
-3265
-2870
-2776
-3057
-3029
-2062
-1131
-187
1186
1989
2165
1889
1592
2071
2523
2750
3372
3608
3017
1599
-301
-1455
-2302
-3449
-3944
-3841
-3750
-4138
-5240
-6181
-6793
-7640
-7773
-6428
-4535
-2694
-1713
-2531
-4002
-5655
-7957
-9939
-11116
-10419
-7753
-6365
-6429
-6071
-5676
-5070
-4196
-2476
1295
4943
6989
8522
9260
9306
9225
8868
9211
9793
9247
8577
7581
5463
2901
249
-1262
-1606
-2266
-2649
-2704
-3058
-3643
-4419
-4074
-2264
-383
1334
3299
5468
7008
7128
6953
7854
9174
9653
9660
9696
9075
7170
4648
3112
2176
534
-1135
-1943
-2470
-3573
-4921
-5207
-4695
-4517
-4260
-3219
-2015
-1645
-2035
-2208
-1521
-489
670
2191
3207
3236
2590
1744
1692
2085
2265
2816
3176
2690
1512
-414
-2075
-3049
-4109
-4509
-4056
-3849
-4251
-5386
-6507
-6875
-7246
-7432
-6242
-4293
-2663
-1668
-1990
-3228
-4581
-6556
-8484
-9789
-10433
-9145
-7354
-7195
-7391
-7254
-6615
-5319
-3958
-1060
3036
5711
7324
8620
9406
9897
9725
9756
10543
10470
9675
8745
7011
4499
1452
-1030
-1743
-2029
-2537
-2771
-3190
-3739
-4597
-4944
-3435
-1301
555
2655
4991
7225
8102
7557
7635
8628
9450
9888
10055
10020
8982
6275
3406
1612
-26
-1779
-3018
-3523
-3724
-4808
-5999
-5841
-5353
-5003
-4169
-2780
-1276
-788
-969
-455
489
1391
2425
3425
3926
3507
2518
1992
2143
2173
1993
2033
2055
1518
93
-1593
-2719
-3743
-4844
-5332
-5067
-4737
-5068
-5492
-5644
-6166
-6939
-7226
-6259
-4327
-2755
-1290
-288
-983
-2488
-4463
-6881
-8944
-10459
-10019
-7940
-7193
-7338
-7132
-6914
-6247
-5198
-2876
1302
4758
6796
8642
9639
9904
9873
9799
10602
10966
10057
9148
7596
4906
1860
-824
-1868
-2003
-2494
-2710
-2873
-3423
-4156
-4635
-3719
-1573
541
2608
4848
6838
7902
7694
7413
8177
9016
9325
9764
9995
9185
6695
3373
1066
-763
-2937
-4372
-4581
-4409
-5137
-6523
-6808
-6040
-5370
-4405
-2621
-561
679
630
752
1740
2477
3095
3927
4516
4596
3496
2119
1695
1271
975
1236
1370
1098
-118
-2041
-3590
-4918
-6007
-6228
-5723
-5051
-4824
-4978
-5321
-5900
-6569
-6714
-5467
-3395
-1561
-55
1112
1151
-480
-2836
-5155
-7465
-9553
-10480
-9262
-7755
-7794
-8266
-8237
-7529
-6544
-4969
-1642
2281
4997
6848
8612
10003
10546
10607
10981
11409
10839
9542
8237
6350
3633
695
-1353
-2076
-2661
-3349
-3687
-4013
-4359
-4718
-4357
-2514
-257
1671
3594
5483
7184
8108
8098
8348
9068
9584
9887
10054
9668
8102
5226
2191
98
-1547
-3159
-4433
-5388
-6172
-7138
-7834
-7342
-6017
-4535
-3068
-1341
494
1414
1465
1816
2991
4431
5315
5827
5948
4990
3077
1280
497
334
171
78
-9
-723
-2479
-4449
-5779
-6466
-6549
-6154
-5110
-3930
-3837
-4374
-4673
-5007
-5451
-5438
-4039
-1369
820
1729
2355
2267
347
-2272
-4752
-6954
-8942
-10892
-10916
-9432
-9301
-9799
-9733
-9091
-7721
-6245
-3552
744
4266
6752
9092
10687
11605
11901
11850
12055
11390
9795
8538
6973
4635
1910
-811
-2382
-3249
-4149
-4461
-4547
-4698
-4858
-4806
-3526
-1408
640
2759
4913
7043
8724
9335
9476
9677
9823
10067
10273
9889
8584
6222
3138
313
-2036
-3961
-5475
-7023
-8066
-8401
-8387
-7617
-6296
-4868
-3224
-1772
-140
1787
2973
3705
4750
5819
6681
6738
5896
4991
3472
1501
288
-353
-450
-557
-1454
-2379
-3578
-5072
-6036
-6626
-6555
-5872
-5326
-4690
-4030
-3686
-3455
-3367
-3182
-2823
-2310
-1315
25
1341
2027
2041
1598
409
-1207
-3397
-6382
-9325
-11493
-12026
-10895
-10013
-9726
-9292
-8922
-8077
-6462
-3833
197
4202
7165
9669
11397
12249
12497
12031
11457
10810
9716
8720
7351
4868
1836
-1305
-3579
-4715
-5275
-5146
-4930
-5086
-5194
-4947
-3631
-1413
845
3335
5960
8185
9781
10494
10484
10112
9552
9317
9457
9061
7655
5385
2409
-904
-3845
-5813
-6939
-7899
-8919
-9322
-8906
-8103
-6770
-4841
-2557
-357
1398
3260
5070
6023
6521
7003
7525
7671
6856
5540
3932
1601
-868
-2537
-3242
-3297
-3656
-4397
-4880
-5620
-6471
-6677
-6220
-5084
-3966
-3213
-2346
-1888
-1796
-1482
-972
-304
-97
-267
91
638
1047
1205
1104
982
-12
-1985
-4383
-7466
-10599
-12843
-13356
-11889
-10384
-9628
-8704
-7729
-6679
-5204
-2735
1304
5463
8437
10821
12609
13186
12755
11632
10624
9970
8785
7552
6216
3789
712
-2432
-4698
-5618
-6092
-5971
-5162
-4365
-3770
-3163
-1849
190
2220
4102
6235
8590
10332
10990
10810
10191
9365
8349
7339
6321
4833
2765
244
-2467
-4838
-6469
-7320
-7889
-8545
-8851
-8267
-6823
-4871
-2568
-110
2062
3662
4881
6024
6834
7179
7247
7274
7099
5971
3877
1445
-1182
-3671
-5478
-6146
-5594
-5134
-5422
-5721
-5917
-5902
-5485
-4578
-2852
-1040
-81
431
648
520
243
-70
76
443
366
328
464
417
203
-317
-760
-1488
-3207
-5341
-7902
-10732
-12907
-13803
-12711
-10908
-9785
-8522
-7022
-5485
-3662
-1457
2002
6084
9085
11390
13076
13583
13116
11660
10126
9099
7632
6060
4597
2444
-258
-3297
-5732
-6729
-7190
-7082
-6036
-4726
-3499
-2628
-1467
642
2828
4651
6611
8792
10693
11501
11240
10682
9669
7907
6172
4975
3895
2232
56
-1944
-3890
-6107
-7884
-8393
-8028
-7646
-7147
-5714
-3574
-1641
79
2233
4505
5922
6497
7026
7542
7382
6530
5557
4504
2761
77
-2557
-4380
-5847
-6944
-7046
-6135
-5034
-4684
-4737
-4120
-3314
-2724
-1562
312
2124
2659
1948
1510
1297
511
-94
59
465
68
-1274
-2177
-2323
-2593
-2819
-2432
-1961
-2506
-4300
-6687
-9260
-11955
-13874
-13356
-10720
-8342
-6841
-5546
-4180
-2800
-1514
781
4707
8466
10971
12728
13528
13163
11639
9444
7790
6474
4904
3673
2309
157
-2537
-5343
-7060
-7476
-7318
-6187
-4334
-2547
-1127
-166
1059
2711
4167
5881
8112
10205
11560
11648
10859
9730
7866
5647
3999
2875
1879
477
-1213
-2787
-4649
-6633
-7952
-8094
-7168
-6013
-4962
-3663
-2367
-1096
340
2133
4235
5632
6109
6304
6361
6017
5010
3527
2051
391
-1641
-3405
-4544
-5449
-6119
-6303
-5730
-4459
-3273
-2361
-1485
-790
-226
455
1331
2197
2527
2023
1005
-101
-1011
-1544
-1715
-1687
-1941
-2533
-2944
-2962
-2500
-1897
-1541
-1241
-1523
-2755
-4474
-6808
-9536
-11862
-12937
-11791
-9409
-7562
-6008
-4568
-3406
-2046
-247
2684
6506
9495
11422
12631
12737
11964
10371
8284
6490
4698
2989
1706
82
-1977
-4155
-6104
-7034
-7015
-6299
-4710
-2834
-1171
274
1589
3154
4800
6241
7807
9362
10493
11135
11089
10450
9059
6820
4490
2632
1331
372
-747
-2091
-3504
-5049
-6328
-7101
-7278
-6743
-5905
-4793
-3355
-2076
-955
312
1735
3245
4323
4999
5690
6025
5648
4691
3313
1918
522
-945
-2076
-2937
-3582
-3806
-3844
-3632
-3181
-2863
-2414
-1974
-1689
-1232
-771
-298
157
96
-231
-588
-1039
-1226
-1332
-1261
-875
-750
-854
-951
-985
-820
-633
-448
-126
-68
-784
-2303
-4440
-7126
-10243
-12822
-13493
-12125
-9902
-8082
-6488
-4670
-3073
-1844
-392
2026
5195
7822
9678
11225
11989
11385
9488
7222
5420
3890
2545
1668
810
-664
-2716
-4676
-5763
-5972
-5439
-4081
-2218
-326
1285
2656
4045
5250
6138
7057
8269
9719
10746
10796
10054
8615
6478
4177
2281
1030
103
-1051
-2325
-3458
-4702
-5946
-6685
-6676
-6097
-5457
-4741
-3586
-2296
-1285
-444
526
1775
3029
4108
5108
5818
5794
4984
3897
2897
1891
616
-698
-1792
-2778
-3694
-4350
-4534
-4453
-4319
-4150
-3751
-3021
-2229
-1456
-597
147
649
985
1103
1196
1320
1322
1574
2244
2808
2895
2153
574
-985
-2143
-2816
-2617
-2027
-1694
-1774
-2649
-3998
-5502
-7926
-10970
-13221
-13585
-11699
-9019
-6977
-5223
-3902
-3443
-3087
-1853
929
4461
7101
9050
10746
11563
11320
10113
8383
6539
4573
3174
2653
1975
616
-1176
-2911
-4138
-4842
-4644
-3472
-2183
-1146
-121
1165
2664
3718
4428
5388
6503
7558
8349
8819
9079
8549
6972
5105
3451
2103
783
-662
-1714
-2489
-3532
-4601
-5346
-5612
-5559
-5571
-5277
-4290
-3120
-2083
-1251
-590
98
653
1272
2457
3808
4608
4686
4155
3332
2217
814
-224
-748
-1196
-1795
-2555
-3168
-3477
-3661
-3535
-2954
-2118
-1166
-350
302
954
1349
1432
1470
1333
1151
1019
965
1158
1396
1414
1127
470
-626
-1973
-2939
-3134
-2766
-2266
-2018
-1905
-1957
-2758
-4326
-6452
-9150
-11660
-13095
-12724
-10585
-8138
-6366
-4914
-3691
-2674
-1451
407
3409
6695
9107
10840
12129
12673
12079
10209
7907
5946
4234
2918
1969
981
-401
-2328
-4235
-5423
-5794
-5467
-4547
-3288
-1858
-435
1021
2607
4066
5299
6455
7565
8643
9470
9904
9926
9257
7821
5850
3681
1631
-263
-1933
-3166
-4240
-5491
-6800
-7889
-8420
-8406
-8016
-7015
-5592
-4071
-2450
-908
389
1159
1230
1471
2543
4086
5666
6687
6813
6100
4490
2690
1490
747
200
-382
-993
-1459
-2097
-2984
-3654
-4135
-4352
-4039
-3197
-1715
-314
246
140
-332
-702
-471
254
1370
2548
3128
3365
3455
3157
2502
1286
-341
-1841
-3172
-3920
-3759
-3477
-3676
-4415
-5290
-5669
-6120
-7624
-9916
-11965
-12603
-11475
-9475
-7255
-4786
-2489
-1034
-433
354
2461
5396
7748
9306
10710
11953
12462
11713
9934
7635
4940
2428
857
271
103
-424
-1586
-3039
-4489
-5449
-5454
-4729
-3480
-1769
382
2798
4823
5980
6569
6789
6717
6672
7008
7785
8251
7645
6178
4252
2001
-394
-2507
-3765
-4419
-5045
-5698
-6155
-6359
-6539
-6780
-6552
-5494
-3823
-1830
217
2076
3345
3596
3167
2875
3199
4068
5067
5894
6218
5574
3953
1865
-70
-1467
-2386
-2842
-2836
-2777
-3047
-3698
-4537
-5142
-5261
-4734
-3460
-1705
16
1241
1763
1658
1265
909
872
1336
2105
2853
3281
3144
2438
1292
-50
-1278
-2312
-3314
-4184
-4599
-4418
-3821
-3331
-3297
-3538
-3906
-4592
-5859
-7909
-10141
-11314
-10999
-9598
-7830
-5890
-3615
-1586
-458
318
1722
3992
6307
7825
9071
10514
11639
11820
10901
9302
7399
5125
2859
1248
364
-127
-754
-1635
-2523
-3480
-4502
-5180
-5143
-4158
-2315
-135
1940
3601
4672
5202
5085
4614
4557
5142
5964
6451
6390
5922
4741
2678
432
-1276
-2272
-2845
-3214
-3161
-2891
-3006
-3536
-3985
-3871
-3248
-2560
-1771
-566
800
1762
1946
1601
1211
823
529
765
1681
2792
3324
3038
2415
1672
738
-245
-974
-1251
-1356
-1625
-1975
-2257
-2646
-3316
-4141
-4576
-4207
-3297
-2183
-1158
-395
103
303
441
874
1492
2137
2699
3037
3181
3030
2452
1549
424
-649
-1450
-2202
-2969
-3578
-3947
-4092
-4286
-4590
-4645
-4314
-3750
-3398
-4036
-5811
-7816
-8914
-8617
-7442
-5892
-3779
-1327
414
940
1045
1891
3408
4519
5035
5913
7523
9057
9640
9241
8329
6918
4812
2516
946
388
342
138
-365
-854
-1315
-2018
-2918
-3590
-3577
-2893
-1998
-985
420
2031
3204
3520
3340
3426
3858
4234
4560
5116
5752
5805
4954
3726
2715
1818
706
-421
-1069
-1262
-1492
-1875
-2036
-1764
-1429
-1489
-1748
-1799
-1683
-1585
-1477
-1168
-748
-741
-1314
-1921
-2141
-2019
-1774
-1483
-887
-43
556
782
839
829
661
133
-525
-808
-754
-705
-820
-1051
-1216
-1354
-1531
-1485
-1167
-750
-371
-125
58
255
390
400
365
487
873
1348
1584
1482
1233
889
302
-404
-895
-1055
-1057
-1214
-1425
-1386
-1270
-1340
-1572
-1697
-1595
-1789
-2956
-4995
-7006
-8096
-8077
-7487
-6619
-5228
-3517
-2282
-1880
-1695
-860
504
1520
2122
3149
4939
6683
7540
7649
7579
7218
6060
4361
3006
2449
2366
2271
2110
2027
1811
1102
-137
-1478
-2393
-2740
-2749
-2446
-1654
-452
666
1222
1404
1658
2018
2201
2271
2731
3702
4661
5092
5173
5201
5004
4272
3194
2323
1726
1037
183
-481
-732
-881
-1394
-2178
-2870
-3458
-4144
-4819
-5108
-4819
-4257
-3819
-3481
-3095
-2632
-2289
-2075
-1594
-668
434
1345
1979
2448
2763
2676
2107
1425
898
391
-218
-799
-1076
-1106
-1246
-1560
-1827
-1887
-1823
-1744
-1530
-1056
-460
76
530
1003
1521
1917
2040
1883
1569
1282
1079
879
624
397
220
-148
-786
-1443
-1818
-1913
-2033
-2201
-2170
-1945
-1880
-2464
-3963
-6055
-8009
-9133
-9247
-8761
-7860
-6307
-4262
-2494
-1517
-940
27
1381
2439
3185
4358
6187
7961
8910
9105
9099
8740
7455
5418
3512
2457
2143
2057
2067
2224
2212
1551
193
-1297
-2277
-2665
-2731
-2494
-1672
-330
948
1649
1851
1985
2108
1946
1750
2082
2983
3858
4214
4268
4357
4151
3272
2028
1008
330
-399
-1290
-1903
-2014
-1969
-2110
-2345
-2473
-2655
-3204
-3969
-4413
-4241
-3695
-3169
-2796
-2502
-2290
-2218
-2145
-1783
-1021
-95
676
1265
1803
2251
2407
2201
1866
1634
1368
854
211
-272
-547
-872
-1356
-1655
-1470
-1027
-692
-452
-27
602
1052
1112
1093
1215
1283
1089
756
560
467
224
-153
-351
-296
-241
-450
-962
-1570
-2083
-2405
-2459
-2221
-1794
-1395
-1233
-1237
-1219
-1364
-2194
-3875
-5687
-6691
-6824
-6698
-6480
-5662
-4117
-2722
-2150
-1815
-797
708
1681
1971
2638
4254
6028
7004
7306
7627
7858
7264
5830
4447
3754
3457
3012
2546
2503
2712
2444
1341
-95
-1194
-1887
-2481
-2916
-2716
-1852
-988
-634
-515
-121
472
774
853
1280
2161
2976
3361
3594
4022
4351
4135
3487
2839
2218
1278
25
-1042
-1566
-1777
-2017
-2286
-2389
-2376
-2550
-2999
-3447
-3625
-3573
-3459
-3322
-3053
-2680
-2424
-2387
-2336
-1945
-1166
-220
735
1708
2619
3198
3267
2973
2577
2122
1517
866
418
184
-90
-564
-1083
-1418
-1559
-1577
-1366
-791
16
754
1244
1518
1621
1470
1067
605
282
139
71
-31
-176
-330
-487
-680
-957
-1303
-1618
-1826
-1890
-1777
-1465
-1023
-642
-513
-559
-532
-426
-697
-1826
-3653
-5346
-6330
-6733
-6869
-6592
-5606
-4347
-3657
-3606
-3351
-2420
-1351
-750
-249
967
2857
4539
5545
6232
6951
7336
6895
5934
5281
5196
5190
4892
4596
4629
4583
3757
2169
614
-359
-1013
-1712
-2215
-2060
-1443
-1067
-1105
-1024
-519
-56
-156
-444
-175
624
1334
1738
2289
3222
3953
3936
3470
3128
2877
2276
1374
774
708
699
298
-310
-777
-1252
-2100
-3196
-3974
-4150
-3989
-3771
-3466
-3039
-2758
-2974
-3543
-3855
-3525
-2627
-1461
-114
1417
2883
3850
4081
3842
3459
2932
2112
1199
581
313
26
-550
-1231
-1760
-2178
-2625
-2962
-2851
-2234
-1440
-733
-43
764
1511
1883
1874
1775
1758
1695
1445
1154
1031
954
633
121
-262
-416
-633
-1146
-1715
-2000
-2071
-2225
-2480
-2592
-2457
-2276
-2155
-1934
-1777
-2365
-4028
-6000
-7088
-7060
-6655
-6206
-5226
-3577
-2142
-1630
-1444
-585
771
1619
1820
2418
4006
5750
6638
6835
7081
7298
6727
5350
4171
3765
3551
2922
2273
2241
2468
1980
641
-658
-1323
-1693
-2217
-2590
-2236
-1365
-740
-538
-193
624
1420
1621
1477
1665
2276
2847
3160
3464
3876
4068
3767
3236
2848
2536
1984
1189
498
87
-241
-642
-988
-1200
-1478
-2018
-2708
-3204
-3299
-3088
-2726
-2293
-1859
-1572
-1664
-2196
-2856
-3226
-3125
-2577
-1625
-341
960
1777
1916
1638
1226
741
220
-110
-38
275
468
433
297
65
-389
-970
-1290
-1087
-573
-109
229
538
782
745
386
-84
-433
-627
-797
-925
-821
-449
-117
-126
-362
-537
-604
-743
-913
-821
-437
-170
-357
-782
-1021
-1084
-1338
-1740
-1700
-1108
-1034
-2579
-5217
-7184
-7646
-7498
-7555
-7099
-5239
-2854
-1663
-1689
-1252
374
1906
2297
2593
4261
6723
8112
8010
7781
8100
7866
6224
4225
3333
3261
2681
1511
971
1348
1267
-244
-2184
-3048
-2910
-2855
-2947
-2201
-524
796
996
977
1776
2910
3298
3138
3573
4769
5665
5675
5427
5395
4969
3568
1838
882
649
211
-730
-1548
-1898
-2290
-3134
-3978
-4228
-4064
-4063
-4165
-3752
-2670
-1514
-791
-298
325
947
1124
763
182
-370
-922
-1450
-1647
-1274
-610
-262
-468
-867
-1081
-1226
-1533
-1759
-1491
-907
-591
-696
-741
-482
-339
-618
-893
-630
21
554
852
1200
1633
1802
1579
1260
1089
962
684
294
-1
-201
-556
-1099
-1524
-1605
-1498
-1504
-1580
-1428
-1097
-963
-1128
-1319
-1365
-1326
-1291
-1202
-1053
-720
-48
479
-334
-3142
-6552
-8399
-8296
-7757
-7487
-6329
-3830
-1848
-1907
-2564
-1516
824
2149
2278
3576
6873
9749
10110
9048
8581
8339
6735
4320
3310
3932
4000
2455
948
873
923
-700
-3136
-4060
-3182
-2247
-1932
-979
1087
2616
2349
1566
2186
3840
4700
4496
4746
5940
6576
5625
4145
3360
2625
860
-1162
-1772
-1137
-1086
-2300
-3504
-3781
-3865
-4431
-4662
-3616
-1961
-1056
-985
-769
-150
105
-304
-566
14
984
1512
1524
1421
953
-682
-3405
-5863
-6831
-6466
-5664
-4742
-3524
-2355
-1981
-2361
-2523
-1867
-798
231
1470
3077
4341
4440
3566
2529
1641
754
170
479
1463
2024
1542
575
-99
-488
-962
-1286
-914
-20
548
388
-103
-595
-1280
-2125
-2457
-1844
-766
101
756
1420
1730
1107
-250
-1401
-1706
-1347
-783
-215
218
316
222
201
-427
-3008
-7217
-10266
-10052
-7964
-6624
-5988
-4333
-2151
-1766
-3055
-2988
-275
2684
3880
4917
7901
11309
11934
9751
7707
7063
6216
4442
3529
4330
4558
2172
-1193
-2673
-2489
-3034
-4600
-4992
-3325
-1458
-893
-595
697
2005
1838
1186
2371
5323
7450
7460
6906
7145
7042
5221
2781
1623
1409
400
-1359
-2106
-1619
-1942
-4151
-6499
-7022
-6223
-5647
-5161
-3629
-1454
-305
-541
-732
-11
698
505
200
1051
2701
3457
2605
1171
102
-1165
-3362
-5636
-6529
-6133
-5747
-5697
-5085
-3788
-2994
-3237
-3335
-2103
-10
1749
2987
4209
5182
4989
3628
2281
1644
1256
636
280
645
1037
492
-731
-1536
-1505
-1103
-605
204
1240
1899
1846
1430
1047
588
-151
-796
-694
149
901
945
565
246
-125
-795
-1360
-1274
-838
-811
-1250
-1563
-1599
-1886
-2587
-2893
-1967
-525
-687
-3523
-7164
-8677
-7682
-6447
-6123
-5175
-2643
-444
-461
-1209
-14
2732
4396
4607
5798
8856
11169
10421
7956
6410
5814
4490
2625
2059
2757
2372
-27
-2311
-2646
-2245
-3094
-4534
-4383
-2377
-435
473
1348
2740
3626
3301
3004
4195
6220
7166
6601
5865
5695
5081
3143
746
-761
-1465
-2319
-3268
-3472
-3118
-3491
-4979
-6285
-6183
-5001
-3792
-2776
-1479
22
909
760
196
50
322
498
588
1064
1775
1788
636
-1024
-2399
-3502
-4601
-5453
-5680
-5453
-5217
-5018
-4588
-3902
-3222
-2630
-1824
-493
1206
2714
3600
3867
3736
3363
2882
2468
2177
1869
1447
1026
735
566
384
109
-149
-96
451
1297
1977
2219
2081
1852
1712
1578
1356
988
595
311
144
-16
-258
-589
-969
-1329
-1509
-1316
-752
-120
191
61
-329
-818
-1389
-1956
-2399
-2833
-3259
-2988
-1419
205
-702
-4666
-8577
-9245
-7386
-5906
-5271
-3559
-735
656
-145
-430
1627
3923
4099
3724
5737
9294
10652
8665
6031
4797
3835
2001
715
1361
2219
837
-1915
-3032
-2052
-1508
-2593
-3350
-2120
-98
995
1648
3040
4430
4336
3397
3729
5616
6975
6444
5113
4431
3960
2616
800
-153
-357
-1174
-2727
-3648
-3339
-3113
-4115
-5490
-5706
-4744
-3714
-3006
-2075
-820
7
-34
-382
-313
86
275
256
579
1306
1613
772
-837
-2215
-3020
-3682
-4242
-4154
-3579
-3690
-4907
-5991
-5776
-4754
-4032
-3543
-2507
-978
217
816
1416
2281
2912
3030
3235
4023
4817
4705
3786
2965
2619
2310
1795
1442
1466
1497
1249
1037
1164
1359
1238
964
937
1158
1288
1191
1016
805
417
-129
-558
-778
-1051
-1484
-1769
-1675
-1410
-1226
-1013
-630
-249
-68
-32
-127
-587
-1469
-2312
-2658
-2731
-2873
-2572
-1284
-213
-1536
-5102
-7821
-7544
-5820
-4991
-4394
-2043
1192
2328
1067
434
1990
3705
3911
4302
6662
9131
8637
5589
3121
2336
1473
-252
-1018
179
1255
115
-2025
-2573
-1637
-1363
-2000
-1331
1561
4515
5454
5125
5256
5529
4585
2975
2675
3941
4720
3768
2257
1480
707
-1285
-3711
-4658
-3829
-2844
-2714
-2676
-2046
-1590
-2185
-3008
-2548
-878
419
644
795
1595
2142
1262
-551
-1763
-1927
-1853
-2009
-1941
-1573
-1794
-3072
-4508
-4920
-4397
-3822
-3417
-2738
-1813
-1307
-1382
-1399
-941
-413
-232
-12
714
1589
1852
1446
1017
901
875
840
1058
1493
1638
1335
1110
1288
1515
1514
1578
1969
2454
2690
2659
2528
2301
1896
1448
1259
1260
1007
349
-311
-626
-701
-746
-767
-662
-487
-452
-564
-534
-196
107
29
-266
-453
-468
-420
-295
-125
-230
-954
-2165
-3186
-3553
-3502
-3431
-3290
-2789
-1753
-273
655
-581
-3988
-6908
-6688
-4083
-1982
-1262
-367
1222
1670
247
-764
556
2707
3267
2932
3998
6027
6096
3324
429
-285
214
112
-88
874
1879
879
-1410
-2140
-557
1130
1522
1961
3777
5753
5980
4826
4143
4302
3996
2917
2479
3305
3805
2445
83
-1375
-1743
-2345
-3464
-3812
-2751
-1456
-1199
-1601
-1526
-930
-718
-1018
-820
375
1587
1657
849
265
121
-439
-1713
-2738
-2694
-2153
-2153
-2710
-3061
-3044
-3253
-3775
-3769
-2726
-1361
-586
-223
299
694
253
-801
-1405
-1012
-166
411
723
1036
1019
155
-1121
-1680
-1155
-266
341
792
1336
1706
1537
1105
1077
1542
1994
2189
2379
2642
2614
2086
1401
1049
1056
1018
721
354
107
-104
-319
-346
-51
365
685
950
1213
1279
939
379
5
46
307
450
282
-221
-1001
-1838
-2419
-2584
-2411
-2086
-1910
-2156
-2683
-3039
-3052
-2909
-2659
-2232
-1636
-872
-88
21
-1235
-3344
-4722
-4426
-3193
-2295
-1867
-1236
-559
-675
-1338
-1205
113
1471
2111
2703
3905
4944
4582
3005
1627
1151
1019
891
1186
1803
1809
883
-17
29
756
1391
1852
2618
3692
4442
4549
4405
4343
4175
3756
3386
3289
3149
2569
1672
866
219
-514
-1375
-2044
-2236
-2014
-1642
-1315
-1091
-968
-927
-909
-785
-404
199
727
891
737
488
143
-487
-1355
-2088
-2420
-2461
-2479
-2586
-2779
-3076
-3404
-3511
-3182
-2500
-1758
-1207
-983
-1097
-1347
-1383
-1076
-639
-290
-39
163
242
116
-185
-521
-725
-710
-520
-255
-7
130
142
168
386
804
1277
1653
1878
1974
1976
1958
2054
2270
2408
2286
1948
1549
1146
721
307
54
85
332
588
669
555
366
221
120
73
156
310
266
-79
-505
-875
-1310
-1822
-2130
-2048
-1801
-1712
-1809
-1972
-2197
-2437
-2421
-2027
-1559
-1264
-1000
-710
-608
-571
-92
626
353
-1497
-3570
-4097
-3275
-2739
-2909
-2603
-1501
-930
-1487
-1775
-600
1080
1805
2042
3160
4746
5018
3753
2661
2652
2735
2154
1754
2288
2795
1995
443
-246
241
800
1014
1636
2897
3780
3515
2777
2670
3153
3321
2968
2850
3255
3417
2756
1668
831
293
-277
-796
-760
-108
391
10
-992
-1707
-1699
-1318
-1023
-810
-517
-314
-558
-1092
-1400
-1451
-1774
-2490
-3000
-2912
-2565
-2516
-2852
-3223
-3335
-3220
-2944
-2454
-1840
-1399
-1290
-1334
-1296
-1122
-951
-955
-1056
-990
-695
-426
-377
-487
-664
-846
-874
-614
-159
244
462
588
766
1006
1221
1352
1483
1720
2049
2346
2461
2388
2230
2060
1944
1922
1945
1903
1743
1447
1001
514
249
295
391
310
194
239
289
93
-229
-319
-157
-84
-207
-240
-69
-20
-355
-844
-1141
-1279
-1496
-1762
-1857
-1837
-1958
-2212
-2296
-2090
-1895
-1963
-2082
-2004
-1850
-1807
-1609
-808
236
435
-643
-2079
-2716
-2539
-2343
-2317
-1881
-915
-158
-96
-159
358
1218
1798
2243
3110
4161
4429
3632
2625
2182
2067
1799
1596
1825
2106
1772
982
542
718
1039
1246
1724
2655
3465
3597
3320
3205
3253
3130
2899
2878
2975
2724
1945
1001
248
-404
-1104
-1610
-1661
-1495
-1600
-2040
-2474
-2681
-2709
-2558
-2090
-1380
-840
-718
-812
-854
-907
-1129
-1421
