0
0
-1
0
0
0
0
-1
0
0
0
-1
0
0
0
0
0
0
0
1
1
0
0
1
1
0
1
0
0
0
0
0
0
0
0
0
0
0
0
1
0
0
0
0
-1
0
-1
-1
0
0
-1
0
0
0
0
1
1
0
0
0
0
0
0
0
1
-1
-1
0
0
-1
0
0
0
-1
0
0
0
0
0
1
0
0
1
0
0
0
0
0
-1
0
0
-1
0
0
0
0
0
0
0
1
0
-1
0
0
0
0
0
1
0
0
0
1
1
0
0
0
-1
1
1
0
0
0
0
0
0
0
1
0
0
0
1
1
0
0
-1
0
-1
0
-1
0
0
1
0
0
1
0
0
0
-1
-1
0
0
0
0
-1
0
-1
0
0
0
0
0
0
0
0
0
1
0
0
0
0
0
0
1
-1
0
1
-1
0
0
0
-1
0
0
0
0
1
0
0
-1
0
0
0
0
0
-1
-1
0
0
0
0
0
0
1
0
0
0
0
0
1
0
0
0
-1
-1
1
0
-1
0
0
0
0
1
1
0
0
-1
0
0
-1
0
0
-1
-1
0
0
1
0
1
1
-1
0
-1
0
0
0
0
-1
0
0
0
0
-2
-1
-1
0
0
0
0
0
0
0
0
0
0
0
0
0
0
0
1
0
0
0
0
0
0
0
0
1
1
0
0
1
1
1
0
1
0
0
0
0
0
0
1
0
0
-1
0
0
0
0
0
0
0
0
0
0
0
-1
0
0
0
0
0
0
0
-1
0
0
0
0
-1
0
0
0
-1
1
0
0
0
0
0
0
0
0
0
-1
0
0
-1
0
0
0
0
0
1
-1
-1
0
1
0
1
0
0
0
0
0
0
0
0
-1
0
0
0
0
-1
-1
0
0
0
0
-1
0
0
0
0
0
0
1
0
0
0
1
0
-1
0
0
0
0
1
1
-1
0
0
0
-1
0
0
0
0
0
-1
0
0
-1
0
0
0
0
0
0
0
0
-1
0
0
0
0
0
0
0
1
0
0
0
0
0
0
-1
1
0
-1
0
0
0
0
0
0
0
0
0
0
0
-1
-1
0
0
0
0
0
0
0
0
0
1
0
-1
0
1
-1
-1
-1
0
0
-1
-1
1
1
0
1
0
0
0
0
0
0
0
0
0
1
0
1
0
0
-1
1
0
0
0
0
0
0
1
0
0
1
0
0
0
0
0
-1
0
0
1
0
1
-1
0
0
0
0
0
0
0
0
0
-1
0
1
0
0
1
0
0
0
1
0
0
0
-1
0
-1
-1
0
0
1
-1
0
0
1
1
0
1
1
0
1
0
0
-1
-1
-1
-1
0
0
-1
0
0
0
0
0
0
-1
1
0
0
0
-1
1
0
0
-1
0
0
0
0
0
0
0
-1
1
0
0
1
0
1
0
0
0
0
1
0
-1
0
0
0
1
0
1
0
0
0
0
-1
0
0
1
0
0
0
0
-1
-1
0
0
-1
-1
0
1
2
0
1
0
-1
0
0
0
1
0
0
0
0
0
0
0
0
0
0
0
-1
1
0
0
0
0
1
0
0
0
0
0
0
0
-1
0
0
0
0
0
0
0
-1
0
1
0
0
0
0
0
-1
0
-1
0
0
1
1
0
0
0
0
0
0
1
0
0
0
0
0
-1
0
0
0
0
0
-1
0
0
-1
-1
-1
0
0
0
0
-1
0
-1
-1
0
0
1
0
0
0
0
-1
0
1
0
1
0
1
0
0
1
0
1
0
0
0
0
0
1
0
0
0
1
0
0
0
0
-1
0
0
0
0
1
1
1
0
0
-1
0
0
0
-1
-1
0
0
0
0
0
0
0
0
0
-1
1
0
-1
0
0
-1
-1
0
0
0
-1
1
1
0
0
-1
0
0
0
0
0
0
1
0
0
0
0
0
0
0
1
0
-1
1
1
0
1
0
1
0
-1
-1
0
0
0
0
1
1
0
0
0
0
-1
1
1
1
0
0
0
1
0
0
0
0
0
0
0
0
0
0
1
0
1
0
0
0
1
1
0
1
0
0
0
1
0
0
0
0
0
0
0
0
-1
0
0
0
0
-1
-1
0
-1
0
-1
0
-1
0
0
-1
-1
0
0
-1
1
0
0
0
0
0
0
0
-1
0
0
-1
0
-1
-1
-1
-1
0
0
-1
-1
0
0
0
-1
0
1
0
0
0
0
0
0
0
0
0
0
0
1
0
0
0
0
0
0
0
0
0
-1
0
0
0
-1
0
0
0
0
0
1
1
0
1
0
0
1
0
-1
0
0
0
1
0
0
0
0
0
0
-1
0
0
0
0
0
0
0
0
1
0
0
0
1
1
1
-1
1
1
0
0
-1
0
0
0
0
0
1
0
1
0
0
0
-1
0
0
1
0
0
0
0
1
0
0
0
1
0
0
0
0
0
1
0
0
1
0
0
-1
0
0
0
0
0
0
0
0
0
0
-1
-1
0
-1
0
0
0
-1
0
-1
0
0
-1
0
-1
0
0
0
0
0
0
-1
-1
0
0
0
0
0
0
0
0
0
0
1
0
0
0
0
0
0
1
0
-1
0
0
0
0
1
0
0
0
1
-1
0
0
0
0
0
0
1
0
1
0
0
0
0
0
0
0
1
0
0
0
-1
0
1
0
0
0
0
0
0
0
0
0
-1
1
1
0
0
1
0
0
0
0
0
0
0
0
0
0
0
1
0
0
0
1
0
0
-1
0
0
0
0
-1
0
0
0
0
-1
-1
0
0
1
0
-1
0
0
1
0
-1
1
0
0
0
0
0
0
0
0
-1
-1
0
-1
0
-1
0
0
0
0
0
-1
0
0
0
-1
0
0
-1
0
-1
0
-1
0
0
0
0
0
0
0
0
0
0
-1
0
-1
0
0
0
0
0
-1
0
1
0
1
0
0
0
0
1
0
1
0
0
0
0
0
0
0
0
0
1
0
1
0
0
0
1
-1
0
0
0
0
0
0
0
1
1
1
-1
0
0
0
0
1
1
0
1
0
0
0
1
0
0
0
0
0
-1
-1
-1
-1
-1
0
0
0
-1
0
-1
0
0
0
0
0
-1
0
-1
0
0
-1
0
1
0
0
-1
0
-1
0
0
0
-1
0
1
-1
0
0
0
1
0
0
1
1
-1
0
1
0
1
-1
0
-1
0
0
0
0
0
-1
0
1
0
0
0
0
0
-1
0
0
0
1
0
-1
0
-1
0
1
0
0
0
0
0
0
0
0
0
0
-1
1
0
-1
0
0
0
0
0
-1
0
-1
-1
0
0
0
0
-1
1
0
1
0
0
0
0
0
0
0
0
-1
0
0
0
0
0
0
0
1
0
1
0
0
0
0
0
0
0
1
0
0
0
0
0
0
0
0
-1
0
1
0
0
0
0
0
-1
0
0
0
0
0
0
0
-1
-1
0
1
0
0
-1
1
1
0
1
0
0
0
0
0
0
0
0
0
0
0
0
0
-1
0
0
0
1
1
0
0
-1
0
0
0
-1
1
1
1
1
0
0
0
0
-1
0
0
-1
0
-1
1
1
0
0
0
0
0
0
1
0
0
0
0
0
0
0
0
-1
0
0
0
0
-1
0
0
0
1
1
1
0
0
1
0
0
-1
0
0
0
0
0
1
1
0
0
1
0
-1
-1
0
0
0
0
0
0
1
0
0
0
0
0
1
0
1
1
0
1
-1
1
0
0
0
-1
0
-1
0
0
0
0
0
1
0
-1
0
0
0
0
0
0
0
1
-1
0
-1
-1
0
-1
-1
0
0
0
0
0
0
0
-1
-1
0
-1
0
0
0
0
0
-1
-1
0
-1
-1
0
0
0
0
0
0
0
0
0
0
-1
0
0
-1
0
0
0
0
0
1
1
0
0
-1
1
0
0
0
0
0
0
0
0
0
0
0
0
0
-1
-1
0
0
1
0
1
0
0
-1
1
0
1
0
0
1
1
1
1
1
0
1
1
0
0
-1
0
0
0
0
0
0
0
0
0
0
0
1
-1
0
0
0
0
0
0
0
-1
0
0
0
0
1
0
0
0
1
1
0
0
0
1
0
0
0
0
0
0
0
0
0
0
0
0
0
0
0
-1
0
-1
-1
-1
-1
0
0
1
0
0
0
0
-1
0
0
1
-1
-1
0
0
0
-1
0
0
-1
0
0
0
0
0
0
0
0
0
-1
0
-1
0
-1
0
-1
0
-1
0
0
0
0
0
0
1
1
0
0
-1
-1
0
0
0
-1
1
1
0
0
0
0
0
1
0
-1
-1
0
0
0
0
1
-1
0
0
1
0
0
1
0
0
0
1
0
0
0
0
0
0
0
0
0
1
-1
0
0
-1
0
1
0
0
0
0
1
0
-1
0
0
-1
-1
0
0
0
1
0
-1
-1
-1
0
0
0
0
0
0
0
0
0
0
-1
0
1
-1
0
0
0
-1
-1
0
1
0
0
0
-1
-1
0
0
1
0
0
1
0
0
0
0
0
0
-1
0
0
0
0
0
0
0
-1
0
-1
1
0
0
1
0
-1
0
0
0
0
0
0
0
0
1
0
1
0
0
1
0
0
0
0
0
1
0
-1
0
0
-1
0
0
0
1
0
0
0
-1
0
0
-1
-2
0
0
0
0
0
0
0
0
-1
0
1
0
-1
0
0
0
0
-1
0
0
0
0
0
-1
-1
-1
0
0
0
0
1
1
0
-1
-1
0
-1
0
1
0
0
0
0
1
0
-1
1
0
-1
1
0
0
0
0
0
0
0
0
0
1
1
1
1
0
1
0
0
1
0
0
0
0
0
1
0
0
0
1
1
0
1
1
0
0
0
1
0
0
0
-1
0
0
-1
1
-1
0
0
0
0
0
0
0
0
0
-1
0
0
0
-1
1
1
0
-1
0
0
0
0
0
0
0
0
0
0
-1
0
-1
0
-1
0
-1
-1
-1
-1
0
0
0
0
-1
-1
-1
0
0
0
0
-1
-1
0
1
-1
-1
0
0
1
0
0
0
0
1
1
1
0
1
0
0
0
1
0
0
0
0
1
0
1
0
0
0
0
0
1
1
0
0
-1
0
-1
-1
0
0
0
0
0
-1
0
0
0
-1
1
0
1
1
0
1
1
1
1
1
0
0
-1
-1
-4
-5
-4
-4
-2
-2
-3
-2
-1
-1
0
1
2
3
4
5
4
4
4
4
4
5
4
2
1
0
0
0
0
0
0
-1
-1
-2
-3
-2
-2
-2
-4
-4
-3
-4
-4
-1
-1
0
1
1
3
5
5
5
6
5
6
5
5
4
5
2
2
2
1
0
0
0
-1
-1
-2
-3
-4
-5
-7
-8
-8
-11
-9
-8
-6
-4
-2
-1
1
3
5
7
9
12
12
12
12
10
6
2
-1
-3
-1
-2
0
1
0
-1
1
2
-1
2
1
-1
2
0
-3
-4
-5
-7
-6
-4
-4
-1
0
1
1
2
2
2
4
4
0
1
3
-1
-5
-8
-12
-15
-15
-12
-11
-8
-2
-1
4
11
9
7
16
13
6
12
8
-6
-4
-10
-19
-15
-12
-21
-19
-11
-20
-20
-14
-20
-22
-13
-21
-24
-20
-24
-26
-22
-18
-16
-9
5
11
16
28
40
47
59
63
60
63
53
35
29
19
13
12
8
12
12
1
-8
-16
-28
-30
-30
-31
-23
-17
-16
-11
-6
-2
4
17
26
35
47
51
56
55
51
47
41
33
22
17
8
-3
-8
-17
-26
-32
-41
-49
-54
-55
-57
-54
-46
-42
-34
-29
-30
-29
-27
-31
-32
-24
-23
-22
-14
-15
-18
-16
-17
-18
-13
-8
-3
4
8
9
5
4
3
-4
-5
-2
-3
-4
2
0
-5
-3
-7
-11
-7
-5
-3
3
10
15
22
28
31
36
43
44
46
49
48
46
47
42
38
39
31
21
16
10
2
-1
-4
1
8
10
13
22
27
30
36
36
39
42
37
32
31
23
9
5
-1
-10
-12
-17
-22
-23
-27
-33
-37
-36
-40
-43
-40
-38
-34
-29
-27
-24
-18
-10
-4
2
13
19
22
22
22
17
8
0
-12
-23
-36
-50
-63
-73
-83
-87
-88
-91
-90
-85
-81
-75
-61
-45
-31
-12
7
17
29
41
42
42
43
47
53
54
55
58
49
37
21
3
-7
-18
-29
-26
-16
-11
-6
-1
-1
2
2
1
11
26
33
44
60
63
57
50
38
29
18
9
18
30
34
42
50
47
31
14
2
-4
-2
0
10
25
26
6
-12
-18
-33
-47
-33
-10
10
19
20
12
-4
-21
-30
-20
0
9
9
10
1
-22
-39
-48
-42
-24
-11
-2
0
-14
-35
-43
-43
-36
-18
-5
-2
-12
-21
-33
-44
-35
-17
6
28
46
50
46
38
25
17
25
26
22
15
0
-17
-39
-57
-65
-68
-62
-55
-43
-32
-26
-19
-16
-11
-9
-8
-3
1
8
21
34
43
52
52
47
40
31
24
20
18
19
15
7
-6
-24
-42
-52
-49
-44
-38
-15
1
7
15
17
15
22
26
32
54
68
67
63
62
53
43
41
46
49
54
52
43
35
21
5
-7
-4
11
21
28
38
40
32
19
-3
-16
-17
-24
-27
-12
2
-5
-14
-22
-34
-55
-73
-70
-59
-51
-44
-26
-10
-10
-17
-25
-27
-21
-16
-14
-4
3
-8
-25
-44
-59
-68
-85
-87
-80
-72
-68
-74
-75
-82
-86
-92
-92
-82
-68
-41
-41
-26
6
12
19
31
56
66
67
86
92
93
73
64
54
35
30
20
24
19
16
21
4
-5
-10
-7
-7
-4
20
33
37
35
39
41
46
63
70
89
107
109
114
113
110
105
86
75
74
62
45
26
0
-20
-35
-57
-81
-83
-83
-91
-83
-66
-52
-44
-48
-44
-28
-18
-6
19
38
46
51
57
57
52
51
60
65
63
60
56
46
19
5
6
-8
-31
-44
-60
-90
-121
-132
-129
-130
-139
-132
-105
-100
-110
-87
-56
-42
-34
-13
14
24
22
33
59
63
47
43
38
24
8
8
17
24
14
-17
-66
-120
-176
-218
-243
-249
-231
-212
-218
-225
-226
-234
-236
-204
-135
-57
9
76
135
169
176
177
185
186
181
179
186
176
140
103
72
28
-22
-49
-59
-64
-47
-6
48
91
123
170
216
262
314
377
450
507
552
595
612
599
568
535
499
445
401
362
299
232
164
89
7
-67
-123
-152
-169
-187
-185
-181
-188
-200
-203
-190
-187
-173
-140
-112
-105
-118
-143
-178
-231
-291
-338
-377
-412
-449
-495
-549
-618
-683
-727
-746
-751
-736
-689
-643
-621
-605
-576
-552
-528
-458
-351
-212
-86
19
105
137
130
118
128
157
197
241
248
178
25
-195
-476
-772
-1006
-1136
-1194
-1215
-1198
-1164
-1148
-1148
-1097
-959
-756
-480
-133
251
630
943
1205
1438
1648
1862
2091
2333
2565
2741
2845
2878
2835
2721
2547
2329
2073
1785
1459
1107
755
383
-9
-383
-707
-973
-1176
-1306
-1361
-1354
-1279
-1145
-974
-778
-563
-319
-49
236
526
808
1052
1230
1354
1428
1446
1415
1334
1215
1083
919
700
437
137
-201
-554
-896
-1191
-1424
-1627
-1818
-1970
-2095
-2196
-2269
-2296
-2255
-2164
-2036
-1871
-1698
-1541
-1410
-1297
-1192
-1073
-939
-832
-745
-685
-681
-711
-734
-728
-675
-594
-502
-420
-374
-362
-391
-428
-433
-372
-226
-35
117
110
-127
-584
-1162
-1700
-2106
-2336
-2393
-2311
-2168
-2056
-2015
-2024
-1993
-1839
-1504
-941
-187
648
1445
2110
2627
3004
3318
3654
4045
4482
4902
5269
5519
5582
5442
5119
4682
4215
3770
3374
3014
2658
2262
1793
1274
740
225
-217
-559
-786
-889
-926
-951
-985
-1050
-1154
-1259
-1326
-1350
-1305
-1199
-1078
-990
-970
-1016
-1129
-1270
-1396
-1482
-1503
-1475
-1443
-1419
-1437
-1503
-1586
-1674
-1728
-1716
-1646
-1528
-1388
-1240
-1136
-1091
-1066
-1046
-1005
-942
-842
-713
-597
-515
-486
-486
-526
-590
-620
-625
-598
-536
-474
-438
-428
-440
-460
-470
-440
-352
-228
-84
64
196
299
385
467
549
636
735
825
884
903
879
807
714
609
512
437
370
298
206
95
-31
-169
-305
-425
-506
-556
-587
-612
-644
-691
-771
-866
-960
-1021
-1043
-1032
-978
-906
-828
-758
-722
-712
-710
-675
-601
-482
-314
-114
77
226
344
444
529
619
726
877
1043
1189
1312
1399
1442
1444
1441
1459
1510
1590
1675
1756
1827
1869
1877
1868
1861
1867
1896
1965
2040
2092
2107
2080
2030
1953
1880
1811
1748
1682
1591
1458
1271
1020
724
415
128
-144
-392
-618
-848
-1101
-1360
-1598
-1809
-1979
-2108
-2195
-2248
-2270
-2279
-2275
-2265
-2250
-2223
-2168
-2071
-1936
-1772
-1588
-1392
-1204
-1032
-884
-764
-677
-605
-525
-424
-313
-201
-111
-64
-52
-59
-70
-85
-103
-116
-116
-124
-159
-215
-294
-394
-493
-569
-613
-621
-598
-542
-468
-396
-331
-274
-214
-156
-101
-35
51
139
192
204
150
30
-149
-368
-584
-754
-885
-989
-1077
-1161
-1237
-1311
-1376
-1410
-1413
-1374
-1279
-1136
-965
-775
-563
-336
-83
191
470
744
1001
1227
1420
1591
1743
1886
2021
2144
2248
2333
2412
2481
2557
2640
2732
2827
2916
3003
3074
3121
3130
3105
3059
2997
2910
2802
2683
2539
2353
2140
1906
1649
1370
1087
792
498
207
-87
-394
-711
-1028
-1349
-1661
-1950
-2201
-2419
-2599
-2734
-2845
-2921
-2951
-2944
-2909
-2841
-2745
-2641
-2537
-2428
-2310
-2188
-2072
-1957
-1841
-1720
-1599
-1486
-1373
-1253
-1148
-1051
-947
-844
-752
-671
-598
-506
-400
-297
-202
-118
-37
36
95
156
221
306
398
489
565
623
657
662
653
635
626
616
623
632
635
635
617
583
545
503
468
453
445
432
392
324
216
55
-144
-358
-560
-737
-888
-1008
-1106
-1192
-1276
-1366
-1463
-1536
-1563
-1532
-1444
-1293
-1088
-835
-539
-226
84
380
653
911
1166
1413
1647
1866
2062
2222
2342
2420
2464
2479
2467
2427
2361
2282
2208
2146
2098
2045
1995
1944
1879
1777
1591
1338
1144
1079
1109
1143
1117
1045
972
895
766
587
438
383
384
351
205
-60
-408
-782
-1165
-1520
-1784
-1929
-1991
-2037
-2117
-2239
-2364
-2440
-2449
-2380
-2228
-2010
-1731
-1419
-1146
-937
-804
-757
-763
-715
-557
-311
-23
222
400
560
674
677
560
409
356
389
399
319
137
-118
-418
-738
-1010
-1189
-1256
-1226
-1156
-1110
-1102
-1111
-1089
-1019
-935
-855
-735
-561
-407
-331
-341
-388
-426
-466
-552
-691
-886
-1153
-1486
-1826
-2118
-2352
-2569
-2783
-2956
-3072
-3144
-3149
-3050
-2822
-2490
-2099
-1625
-1054
-433
176
741
1302
1898
2509
3118
3710
4256
4724
5069
5311
5506
5651
5706
5652
5520
5351
5135
4850
4492
4083
3648
3168
2628
2065
1511
972
442
-81
-584
-1050
-1454
-1799
-2111
-2410
-2686
-2875
-2931
-2893
-2812
-2694
-2528
-2322
-2122
-1944
-1746
-1477
-1153
-816
-475
-116
256
610
921
1180
1386
1544
1666
1762
1823
1824
1758
1624
1431
1179
878
533
170
-201
-584
-974
-1335
-1655
-1957
-2235
-2490
-2692
-2810
-2859
-2855
-2803
-2706
-2574
-2406
-2191
-1914
-1581
-1223
-862
-507
-164
180
504
765
922
969
936
890
844
735
528
257
-35
-373
-774
-1206
-1665
-2248
-3036
-3902
-4558
-4912
-5187
-5550
-5862
-5917
-5770
-5597
-5393
-4963
-4266
-3498
-2777
-1969
-953
147
1116
1931
2745
3645
4547
5351
6049
6652
7133
7458
7673
7865
8024
8024
7799
7438
7050
6622
6098
5476
4805
4107
3356
2565
1813
1121
408
-356
-1097
-1738
-2281
-2743
-3144
-3488
-3776
-4000
-4111
-4053
-3846
-3582
-3302
-2983
-2600
-2154
-1676
-1233
-862
-518
-110
373
827
1121
1249
1299
1356
1437
1509
1535
1503
1406
1220
948
636
332
16
-348
-745
-1100
-1382
-1649
-1945
-2248
-2519
-2727
-2847
-2866
-2795
-2668
-2517
-2350
-2154
-1907
-1602
-1258
-932
-664
-419
-134
202
514
758
951
1093
1128
1072
1088
1246
1351
1169
793
501
324
36
-425
-814
-997
-1205
-1636
-2121
-2465
-2952
-3991
-5294
-6105
-6171
-6098
-6389
-6763
-6767
-6575
-6578
-6528
-5839
-4597
-3503
-2827
-2033
-691
821
1926
2700
3654
4884
5969
6714
7430
8300
8976
9111
8985
9092
9364
9298
8722
8032
7523
6985
6198
5331
4619
3909
2906
1703
700
24
-617
-1455
-2319
-3003
-3557
-4090
-4559
-4840
-4924
-4946
-4921
-4722
-4288
-3714
-3153
-2689
-2262
-1736
-1123
-584
-157
260
763
1303
1708
1900
1973
1973
1899
1779
1681
1595
1464
1212
861
473
76
-255
-607
-1007
-1418
-1762
-2036
-2288
-2523
-2711
-2834
-2918
-2962
-2928
-2805
-2636
-2470
-2265
-1972
-1625
-1277
-975
-736
-536
-333
-73
233
539
807
1001
1135
1269
1431
1538
1450
1207
997
867
651
284
-87
-389
-776
-1385
-1998
-2365
-2743
-3638
-4938
-5880
-6097
-6150
-6667
-7331
-7421
-7044
-6899
-6960
-6494
-5315
-4186
-3628
-3058
-1759
-74
1185
1994
2991
4366
5566
6230
6796
7738
8708
9086
9008
9131
9563
9660
9085
8391
8080
7799
7041
6042
5312
4736
3796
2493
1433
846
209
-816
-1853
-2511
-2954
-3548
-4246
-4673
-4779
-4865
-4980
-4867
-4437
-3940
-3577
-3261
-2795
-2180
-1571
-982
-343
215
493
692
1120
1672
2022
2053
1992
1982
1875
1644
1497
1450
1245
805
370
144
2
-295
-731
-1198
-1623
-2015
-2347
-2534
-2630
-2781
-3014
-3209
-3193
-2968
-2754
-2658
-2546
-2267
-1829
-1362
-922
-495
-166
52
279
606
1044
1415
1579
1589
1598
1655
1628
1471
1158
799
519
269
-75
-470
-807
-1120
-1592
-2136
-2409
-2476
-3092
-4584
-6001
-6340
-5939
-5985
-6751
-7302
-7169
-7069
-7296
-7029
-5806
-4471
-4009
-3948
-3053
-1268
310
1212
2086
3364
4589
5300
5890
6962
8157
8637
8500
8624
9250
9624
9231
8611
8449
8410
7801
6842
6230
5845
5035
3785
2815
2415
1948
908
-262
-1020
-1577
-2295
-3027
-3465
-3745
-4217
-4795
-5010
-4784
-4520
-4454
-4372
-4036
-3553
-3118
-2678
-2068
-1420
-1082
-963
-663
-73
465
725
884
1130
1315
1301
1269
1410
1587
1494
1200
1015
983
850
510
150
-132
-432
-791
-1128
-1382
-1657
-2041
-2386
-2472
-2354
-2341
-2496
-2559
-2363
-2040
-1773
-1554
-1323
-1103
-902
-657
-305
68
303
368
398
579
896
1101
1136
1136
1094
986
806
549
251
-112
-539
-919
-1246
-1516
-1759
-2477
-3976
-5429
-5816
-5415
-5456
-6365
-7152
-7164
-7106
-7345
-7047
-5818
-4671
-4447
-4449
-3471
-1708
-340
401
1255
2518
3604
4166
4773
5971
7267
7802
7704
7931
8731
9203
8857
8423
8563
8761
8213
7258
6798
6656
5965
4809
4053
3807
3226
1926
642
29
-349
-1081
-1959
-2552
-2983
-3584
-4234
-4509
-4425
-4396
-4546
-4600
-4414
-4109
-3768
-3367
-2906
-2452
-2107
-1885
-1692
-1446
-1108
-699
-323
-31
161
237
328
612
994
1228
1330
1443
1531
1455
1299
1298
1365
1175
727
380
208
-26
-384
-664
-807
-1004
-1364
-1706
-1840
-1904
-1996
-2023
-1974
-1975
-2046
-2061
-1958
-1777
-1544
-1305
-1122
-1021
-879
-579
-213
28
134
203
282
374
422
344
153
-51
-225
-441
-690
-792
-946
-1938
-3745
-4944
-4473
-3516
-4045
-5825
-6829
-6415
-6116
-6576
-6440
-5088
-4130
-4673
-5143
-3661
-1170
30
-143
183
1643
2906
3236
3682
5138
6536
6593
6120
6750
8207
8685
7883
7480
8269
8784
7906
6818
6901
7305
6518
5068
4593
4957
4478
2853
1668
1695
1750
787
-530
-1178
-1424
-2101
-3012
-3370
-3208
-3327
-4043
-4741
-4782
-4354
-4171
-4315
-4301
-4018
-3888
-4011
-3874
-3154
-2437
-2329
-2381
-1939
-1216
-777
-518
104
957
1365
1302
1447
2028
2536
2625
2552
2576
2554
2308
1976
1735
1448
970
455
44
-288
-735
-1279
-1648
-1812
-1969
-2213
-2422
-2475
-2435
-2450
-2437
-2257
-1985
-1835
-1888
-1878
-1508
-1067
-942
-907
-631
-198
78
98
37
42
19
-138
-344
-417
-306
-622
-2046
-3783
-4212
-3316
-3004
-4367
-5947
-6072
-5551
-5902
-6499
-5894
-4660
-4560
-5457
-5238
-3245
-1428
-1129
-1186
-129
1495
2258
2333
3134
4803
5837
5578
5454
6600
7889
7799
7027
7352
8550
8671
7428
6732
7333
7647
6610
5455
5417
5585
4539
2910
2329
2625
2254
876
-265
-601
-902
-1759
-2605
-2861
-3031
-3717
-4526
-4765
-4516
-4378
-4554
-4650
-4397
-4103
-4076
-4062
-3622
-2896
-2482
-2477
-2250
-1530
-848
-548
-175
633
1382
1563
1677
2250
2809
2838
2621
2710
2878
2666
2193
1876
1695
1284
665
231
52
-237
-771
-1300
-1598
-1755
-2003
-2245
-2392
-2493
-2663
-2835
-2825
-2643
-2475
-2392
-2187
-1840
-1573
-1463
-1333
-1064
-733
-400
-90
69
-157
-586
-665
-433
-362
-433
-622
-1475
-3091
-4375
-4225
-3364
-3631
-5192
-6230
-6011
-5815
-6231
-6141
-5027
-4136
-4519
-5036
-3977
-1941
-844
-810
-351
1044
2297
2652
2947
4181
5645
6072
5885
6414
7619
8127
7564
7294
8104
8769
8109
7086
7060
7459
6995
5891
5395
5497
4966
3503
2342
2185
2114
1240
-45
-901
-1302
-1857
-2636
-3068
-3180
-3583
-4295
-4734
-4621
-4357
-4399
-4548
-4418
-4227
-4240
-4139
-3623
-2996
-2734
-2757
-2512
-1807
-1097
-701
-259
436
1027
1296
1571
2218
2891
2976
2640
2571
2813
2857
2569
2275
2013
1567
891
294
63
-163
-748
-1456
-1863
-2048
-2275
-2546
-2669
-2652
-2787
-3061
-3077
-2786
-2486
-2280
-1952
-1482
-1131
-1018
-882
-426
63
333
436
447
340
95
-134
-159
17
54
-581
-2089
-3640
-4104
-3604
-3573
-4731
-5953
-6168
-6068
-6534
-6795
-5945
-4862
-4895
-5527
-4965
-3064
-1558
-1198
-877
279
1613
2252
2596
3597
5025
5752
5675
5968
7096
7948
7699
7230
7672
8503
8393
7513
7145
7325
6990
6050
5492
5552
5182
3843
2571
2251
2203
1482
323
-439
-806
-1498
-2488
-2976
-2936
-3152
-3933
-4735
-4861
-4441
-4199
-4268
-4200
-3903
-3690
-3633
-3436
-2851
-2214
-2003
-1934
-1421
-583
-82
52
437
1236
1805
1832
1950
2589
3129
2955
2555
2534
2621
2290
1725
1440
1350
907
136
-420
-611
-824
-1303
-1812
-2083
-2201
-2367
-2516
-2515
-2411
-2412
-2493
-2440
-2168
-1852
-1655
-1469
-1157
-825
-637
-484
-220
173
467
339
27
-67
-61
-250
-551
-681
-596
-1036
-2574
-4167
-4483
-3876
-3874
-5078
-6286
-6322
-6026
-6452
-6726
-5882
-4842
-4947
-5685
-5197
-3188
-1597
-1404
-1148
285
1798
2199
2311
3549
5409
6155
5712
5911
7337
8311
7896
7435
8078
8889
8405
7245
7080
7616
7248
5945
5200
5305
4946
3505
2118
1865
1907
1015
-362
-1104
-1311
-1920
-2959
-3434
-3129
-3092
-3899
-4728
-4708
-4200
-4004
-4127
-3966
-3436
-3146
-3334
-3360
-2648
-1697
-1378
-1536
-1324
-625
-124
50
481
1272
1721
1552
1490
2031
2645
2708
2476
2429
2443
2175
1796
1670
1650
1258
527
-51
-307
-520
-903
-1297
-1566
-1821
-2144
-2337
-2305
-2235
-2316
-2435
-2359
-2097
-1864
-1747
-1577
-1231
-838
-575
-395
-173
172
493
488
251
95
-27
-363
-779
-796
-502
-1036
-2867
-4471
-4445
-3702
-4126
-5700
-6588
-6186
-6108
-6961
-7086
-5712
-4562
-5137
-6074
-5097
-2722
-1451
-1636
-1172
640
2102
2197
2343
4011
5970
6200
5458
6086
7896
8588
7707
7288
8376
9218
8323
7100
7273
7782
6929
5411
4960
5352
4806
2954
1594
1626
1594
393
-1056
-1594
-1741
-2644
-3873
-4034
-3398
-3438
-4392
-5006
-4636
-4127
-4146
-4126
-3495
-2827
-2839
-3105
-2762
-1926
-1402
-1274
-969
-333
204
329
463
1067
1733
1908
1796
1925
2305
2434
2245
2225
2370
2107
1438
989
1036
1040
562
-40
-321
-489
-878
-1267
-1377
-1381
-1605
-1919
-1991
-1768
-1599
-1742
-1862
-1701
-1467
-1295
-1089
-804
-510
-344
-237
-34
158
294
436
360
1
-226
-253
-465
-950
-1244
-1104
-1462
-3152
-4927
-5069
-4223
-4419
-5924
-6924
-6577
-6331
-7102
-7375
-6029
-4591
-4832
-5761
-5012
-2624
-1098
-1226
-938
800
2305
2327
2315
3928
6018
6384
5546
5972
7781
8552
7617
7142
8236
9137
8220
6852
6992
7703
6949
5313
4853
5352
4770
2837
1489
1656
1795
610
-871
-1308
-1312
-2170
-3437
-3720
-3089
-3084
-4144
-4834
-4370
-3831
-4107
-4381
-3745
-2912
-2942
-3407
-3089
-2121
-1667
-1756
-1432
-554
-24
-253
-242
677
1656
1797
1582
1854
2478
2650
2338
2347
2705
2598
1864
1344
1395
1414
856
175
-13
-64
-547
-1164
-1362
-1283
-1444
-1825
-1894
-1605
-1511
-1753
-1869
-1571
-1199
-1114
-1132
-879
-486
-391
-465
-157
510
843
509
35
5
192
30
-426
-699
-682
-899
-1945
-3541
-4571
-4372
-4007
-4768
-6237
-6923
-6727
-6889
-7535
-7294
-6004
-5321
-5961
-6246
-4744
-2669
-1782
-1638
-675
1021
1992
2123
2853
4644
6007
6053
5975
6988
8261
8316
7587
7696
8645
8789
7712
6928
7212
7344
6288
5107
4982
5120
4110
2366
1490
1638
1375
120
-1016
-1304
-1657
-2744
-3601
-3395
-3014
-3527
-4408
-4497
-3955
-3729
-3911
-3819
-3343
-3039
-3074
-2912
-2335
-1763
-1517
-1402
-988
-265
216
308
551
1197
1789
1981
2056
2400
2781
2802
2658
2739
2811
2459
1846
1491
1424
1184
592
64
-251
-585
-1041
-1408
-1524
-1675
-2017
-2268
-2187
-1951
-1850
-1841
-1734
-1431
-1144
-1026
-905
-631
-361
-271
-131
274
722
786
434
86
98
160
-143
-707
-1186
-1401
-1677
-2676
-4128
-4906
-4742
-4587
-5286
-6454
-6884
-6654
-6949
-7485
-6990
-5746
-5244
-5795
-5816
-4194
-2295
-1742
-1660
-476
1263
2054
2102
2937
4854
6186
6065
5943
7092
8353
8258
7588
7883
8841
8773
7598
7068
7612
7580
6320
5193
5167
5204
4052
2419
1824
1957
1332
-45
-879
-972
-1482
-2760
-3616
-3400
-3162
-3852
-4674
-4559
-3990
-3991
-4267
-3964
-3240
-2869
-2983
-2864
-2158
-1560
-1421
-1226
-628
55
370
413
723
1370
1698
1634
1755
2169
2430
2266
2006
2073
2157
1715
1141
991
1001
689
119
-250
-357
-624
-1097
-1329
-1285
-1433
-1824
-2020
-1906
-1836
-2032
-2136
-1845
-1437
-1282
-1224
-954
-483
-211
-123
217
723
921
701
403
449
634
492
112
-304
-752
-1099
-1504
-2500
-3792
-4496
-4556
-4716
-5590
-6565
-6702
-6510
-6997
-7432
-6666
-5398
-5078
-5577
-5231
-3422
-1725
-1313
-1071
202
1695
2249
2375
3400
5145
5998
5635
5714
7019
8088
7812
7243
7697
8482
8110
6977
6761
7329
6956
5503
4602
4755
4587
3209
1802
1547
1545
638
-569
-1061
-1185
-1873
-2931
-3310
-2966
-2992
-3725
-4195
-3923
-3642
-3783
-3814
-3322
-2676
-2523
-2822
-2768
-2113
-1504
-1224
-1007
-631
-196
59
279
936
1797
2166
2064
2061
2455
2906
3039
2990
2949
2712
2189
1752
1636
1534
1055
353
-144
-390
-703
-1134
-1380
-1452
-1671
-1949
-1961
-1716
-1553
-1680
-1787
-1509
-1026
-795
-709
-595
-524
-458
-217
181
470
287
-234
-582
-540
-444
-643
-1125
-1685
-2086
-2282
-2649
-3495
-4443
-4888
-4871
-5102
-5878
-6509
-6426
-6282
-6718
-6949
-6193
-5128
-4889
-5198
-4683
-3060
-1729
-1294
-696
631
1819
2192
2570
3883
5434
5933
5699
6183
7399
7965
7591
7445
8028
8349
7618
6751
6892
7284
6582
5331
4863
5015
4521
3171
2129
1987
1716
623
-443
-780
-999
-1855
-2913
-3240
-3012
-3189
-3873
-4227
-3976
-3741
-3812
-3707
-3125
-2591
-2589
-2755
-2487
-1811
-1280
-1045
-767
-329
42
260
548
1082
1588
1714
1636
1804
2180
2431
2466
2485
2504
2273
1859
1631
1538
1219
687
285
69
-176
-531
-815
-880
-947
-1235
-1513
-1536
-1477
-1571
-1791
-1876
-1698
-1455
-1333
-1215
-958
-707
-634
-578
-383
-77
146
53
-259
-378
-243
-271
-650
-1064
-1216
-1311
-1943
-3289
-4526
-4831
-4577
-4771
-5691
-6506
-6503
-6350
-6764
-6873
-5853
-4758
-4891
-5462
-4757
-2809
-1469
-1333
-863
595
1749
1902
2235
3675
5242
5544
5171
5777
7172
7724
7255
7156
7903
8323
7632
6882
7099
7419
6624
5361
4964
5119
4526
3080
2088
2055
1821
688
-410
-681
-872
-1824
-2874
-3043
-2719
-2972
-3794
-4171
-3849
-3647
-3843
-3798
-3272
-2900
-3085
-3324
-2893
-2060
-1632
-1547
-1246
-720
-340
-89
383
1159
1721
1779
1808
2180
2630
2780
2725
2704
2680
2377
1913
1667
1650
1395
795
295
59
-160
-549
-921
-1072
-1149
-1377
-1593
-1573
-1508
-1683
-1886
-1820
-1541
-1363
-1404
-1367
-1079
-798
-690
-527
-189
121
138
-123
-333
-302
-302
-537
-810
-1112
-1434
-1692
-1980
-2686
-3752
-4460
-4377
-4187
-4841
-5859
-6093
-5842
-6161
-6603
-6085
-5004
-4691
-5147
-4909
-3338
-1729
-1136
-714
449
1717
2217
2457
3495
5080
5822
5524
5601
6600
7360
7150
6822
7278
7842
7409
6526
6460
6939
6637
5551
4907
4962
4647
3425
2271
2047
1992
1142
28
-424
-574
-1283
-2317
-2678
-2409
-2586
-3348
-3789
-3572
-3343
-3512
-3604
-3255
-2864
-2898
-3066
-2840
-2309
-1911
-1734
-1488
-1034
-574
-327
-118
352
891
1172
1284
1537
1919
2175
2224
2306
2499
2492
2200
1942
1877
1734
1347
908
658
497
127
-364
-651
-818
-1130
-1512
-1743
-1813
-1813
-1894
-1990
-1886
-1705
-1629
-1551
-1364
-1143
-949
-784
-531
-154
7
-155
-224
-85
-106
-393
-660
-788
-1052
-1638
-2149
-2232
-2565
-3732
-4812
-4789
-4279
-4571
-5589
-6042
-5577
-5382
-5871
-5753
-4560
-3778
-4204
-4489
-3361
-1617
-869
-889
-199
1192
1980
2077
2727
4251
5397
5353
5177
6072
7295
7450
6956
7101
7714
7616
6803
6430
6799
6764
5683
4683
4604
4547
3604
2385
1897
1841
1175
44
-475
-385
-762
-1732
-2269
-2028
-1936
-2588
-3225
-3151
-2888
-3127
-3501
-3321
-2876
-2881
-3151
-2951
-2407
-2193
-2310
-2107
-1401
-838
-759
-694
-209
395
689
857
1241
1721
1888
1739
1747
2049
2141
1776
1409
1395
1385
1068
668
534
514
251
-166
-364
-416
-598
-834
-942
-929
-929
-973
-988
-985
-1089
-1220
-1209
-1119
-1096
-1143
-1124
-1013
-988
-1022
-856
-505
-380
-536
-690
-721
-775
-937
-1093
-1190
-1345
-1657
-2285
-3262
-4079
-4090
-3688
-3950
-4908
-5524
-5436
-5364
-5544
-5213
-4290
-3865
-4293
-4335
-3192
-1718
-933
-563
127
1020
1541
1907
2847
4170
4898
4800
4804
5562
6404
6533
6350
6645
7106
6911
6271
6136
6522
6426
5572
4917
4939
4865
4041
3077
2767
2687
2032
1080
562
328
-323
-1290
-1792
-1784
-2016
-2662
-3106
-3122
-3154
-3383
-3443
-3145
-2883
-2950
-3021
-2850
-2644
-2494
-2190
-1703
-1270
-1059
-895
-532
-73
310
646
993
1204
1240
1271
1463
1741
1920
1918
1820
1711
1531
1283
1098
997
800
404
-72
-370
-476
-666
-981
-1127
-1094
-1199
-1465
-1587
-1455
-1321
-1401
-1515
-1432
-1361
-1405
-1322
-1032
-826
-836
-925
-935
-928
-947
-825
-624
-712
-1085
-1301
-1169
-1041
-1160
-1321
-1344
-1714
-2720
-3573
-3481
-3032
-3383
-4368
-4852
-4633
-4629
-5005
-4832
-3994
-3566
-3958
-4078
-3066
-1670
-1058
-941
-299
832
1623
2046
2841
4030
4785
4795
4913
5824
6810
6951
6654
6821
7191
6996
6467
6411
6681
6342
5332
4709
4777
4585
3706
2902
2614
2274
1460
683
410
128
-701
-1589
-1853
-1769
-2074
-2720
-3057
-3031
-3135
-3404
-3367
-2993
-2821
-3061
-3194
-2816
-2334
-2199
-2167
-1836
-1368
-1122
-1011
-665
-88
353
549
790
1175
1470
1561
1676
1904
2049
1954
1706
1505
1408
1294
1117
938
707
326
-155
-562
-778
-900
-1161
-1538
-1829
-1978
-2065
-2050
-1930
-1808
-1767
-1819
-1846
-1698
-1451
-1236
-1069
-957
-876
-726
-511
-313
-159
-20
18
-88
-294
-443
-482
-579
-870
-1144
-1175
-1262
-1893
-2839
-3282
-3069
-3030
-3672
-4312
-4274
-4146
-4560
-4838
-4179
-3331
-3382
-3817
-3342
-2049
-1227
-1143
-692
453
1280
1388
1756
2902
3981
4215
4218
4913
5926
6252
6063
6274
6845
6915
6408
6201
6530
6550
5848
5136
5015
4952
4319
3489
3056
2738
1969
1021
516
327
-207
-1101
-1722
-1854
-2020
-2491
-2838
-2835
-2909
-3309
-3584
-3379
-2994
-2943
-3167
-3133
-2769
-2484
-2349
-2033
-1505
-1133
-1021
-806
-255
380
772
966
1226
1573
1817
1984
2121
2205
2119
1822
1461
1212
1092
860
461
55
-261
-493
-718
-934
-1091
-1263
-1540
-1825
-1935
-1898
-1871
-1893
-1911
-1870
-1772
-1678
-1582
-1417
-1247
-1184
-1165
-1041
-810
-600
-451
-326
-251
-224
-145
27
186
208
73
-233
-716
-1183
-1309
-1105
-1075
-1618
-2472
-3076
-3251
-3270
-3313
-3350
-3460
-3855
-4355
-4373
-3764
-3130
-2920
-2842
-2473
-1905
-1393
-809
6
761
1153
1467
2126
3018
3723
4152
4555
5045
5488
5787
6039
6261
6373
6354
6308
6337
6321
6087
5659
5239
4873
4433
3894
3339
2746
2028
1282
719
346
-60
-581
-1074
-1468
-1842
-2191
-2388
-2428
-2442
-2530
-2628
-2600
-2450
-2284
-2113
-1931
-1783
-1655
-1556
-1478
-1311
-1042
-781
-566
-335
-84
132
289
447
647
794
805
748
715
706
646
497
341
200
-35
-373
-687
-923
-1143
-1395
-1646
-1821
-1941
-2041
-2045
-1892
-1699
-1590
-1499
-1350
-1180
-1001
-750
-484
-334
-317
-292
-199
-115
-117
-167
-177
-207
-274
-309
-303
-347
-494
-638
-645
-574
-584
-672
-752
-820
-939
-1069
-1119
-1170
-1453
-2006
-2545
-2843
-2980
-3167
-3430
-3657
-3806
-3873
-3757
-3365
-2800
-2232
-1735
-1235
-603
147
901
1599
2271
2875
3312
3641
3995
4365
4657
4888
5085
5196
5168
5045
4950
4938
4884
4679
4390
4085
3738
3357
2994
2696
2433
2107
1694
1309
1060
889
664
390
184
64
-41
-131
-136
-37
75
139
211
321
390
358
254
110
-45
-198
-385
-620
-923
-1272
-1605
-1872
-2070
-2250
-2495
-2780
-2975
-3011
-2925
-2777
-2578
-2367
-2190
-1993
-1685
-1320
-1024
-797
-578
-354
-155
-23
69
176
283
331
314
240
134
37
-25
-49
-73
-135
-213
-271
-305
-300
-288
-294
-306
-357
-449
-502
-505
-553
-659
-779
-924
-1114
-1337
-1510
-1595
-1668
-1753
-1742
-1609
-1469
-1394
-1296
-1110
-863
-577
-297
-199
-403
-756
-1013
-1113
-1174
-1341
-1680
-2122
-2501
-2649
-2556
-2348
-2160
-2032
-1866
-1533
-1027
-445
119
623
1077
1509
1963
2495
3019
3394
3636
3827
4014
4192
4327
4379
4365
4319
4271
4250
4235
4201
4166
4084
3918
3726
3589
3463
3250
2964
2674
2403
2142
1890
1683
1510
1312
1057
790
582
415
222
14
-179
-374
-575
-764
-939
-1126
-1343
-1560
-1740
-1907
-2109
-2350
-2588
-2795
-2970
-3065
-3087
-3082
-3089
-3107
-3055
-2913
-2694
-2445
-2203
-1990
-1814
-1640
-1420
-1138
-864
-682
-599
-523
-409
-288
-194
-127
-81
-117
-222
-296
-270
-219
-254
-331
-348
-344
-371
-379
-275
-89
-7
-68
-108
-60
-22
-96
-244
-332
-405
-587
-815
-930
-955
-1041
-1213
-1298
-1205
-1084
-1044
-996
-850
-640
-405
-145
147
372
395
260
111
1
-163
-489
-911
-1287
-1609
-1906
-2087
-2089
-1971
-1820
-1623
-1316
-911
-474
-36
387
783
1175
1561
1907
2200
2470
2721
2941
3136
3332
3544
3741
3910
4030
4077
4084
4130
4205
4242
4224
4168
4057
3846
3568
3322
3123
2878
2533
2153
1813
1494
1185
943
801
672
457
187
-36
-181
-295
-430
-576
-723
-918
-1151
-1336
-1436
-1534
-1723
-1980
-2231
-2456
-2674
-2862
-2980
-3054
-3136
-3206
-3210
-3145
-3056
-2929
-2724
-2471
-2226
-2023
-1859
-1702
-1553
-1410
-1280
-1187
-1133
-1134
-1176
-1188
-1130
-1041
-989
-974
-924
-792
-637
-507
-346
-142
13
100
192
349
513
584
583
594
591
523
406
304
228
96
-121
-324
-430
-493
-588
-685
-709
-650
-589
-571
-539
-436
-300
-169
-32
121
218
174
44
-50
-79
-136
-307
-587
-853
-1053
-1192
-1247
-1192
-1088
-990
-879
-670
-324
78
438
765
1076
1348
1561
1748
1935
2119
2270
2386
2478
2557
2645
2746
2864
2995
3118
3209
3268
3286
3259
3209
3144
3050
2910
2728
2546
2373
2187
1979
1811
1695
1571
1407
1242
1110
980
849
744
669
567
381
140
-95
-324
-571
-820
-1080
-1386
-1711
-1999
-2216
-2395
-2561
-2719
-2858
-2996
-3112
-3159
-3139
-3084
-3000
-2884
-2731
-2567
-2406
-2224
-2009
-1793
-1620
-1508
-1410
-1280
-1172
-1113
-1033
-911
-818
-779
-740
-657
-568
-506
-440
-353
-263
-184
-93
19
151
272
359
417
454
438
357
250
167
60
-116
-321
-491
-630
-758
-845
-856
-824
-813
-815
-781
-693
-576
-433
-265
-107
10
76
148
230
276
273
243
194
106
-14
-100
-110
-112
-139
-171
-159
-102
-25
54
171
333
499
675
876
1095
1305
1471
1611
1733
1835
1899
1928
1957
1986
2045
2112
2163
2217
2285
2351
2378
2365
2371
2371
2319
2211
2116
2036
1912
1765
1648
1574
1485
1357
1262
1202
1130
1031
931
844
726
574
410
232
15
-236
-489
-716
-949
-1199
-1430
-1610
-1738
-1864
-1986
-2069
-2124
-2203
-2295
-2348
-2350
-2358
-2398
-2411
-2372
-2307
-2232
-2113
-1934
-1749
-1588
-1429
-1222
-1010
-848
-724
-616
-536
-516
-530
-528
-523
-549
-607
-620
-575
-533
-514
-478
-404
-317
-249
-163
-68
-26
-39
-81
-98
-99
-126
-184
-264
-354
-445
-525
-559
-540
-509
-508
-514
-474
-370
-231
-101
30
178
286
355
428
524
604
638
663
699
691
608
507
460
434
375
283
213
163
77
15
49
147
230
267
317
409
493
529
558
636
717
745
754
801
903
993
1087
1233
1402
1531
1568
1589
1665
1752
1794
1772
1750
1722
1650
1562
1502
1463
1381
1249
1124
1041
969
886
821
790
768
715
643
579
521
423
280
141
26
-102
-280
-455
-558
-636
-742
-862
-938
-1004
-1119
-1243
-1320
-1360
-1430
-1519
-1563
-1571
-1577
-1593
-1570
-1502
-1446
-1421
-1395
-1323
-1232
-1166
-1128
-1076
-1006
-949
-912
-853
-779
-727
-703
-681
-645
-607
-587
-573
-570
-578
-589
-595
-585
-569
-537
-480
-407
-325
-251
-171
-90
-30
-4
-7
-3
-13
-53
-95
-106
-77
-59
-62
-37
7
59
95
135
198
249
284
309
374
467
524
536
535
558
567
527
486
471
470
438
386
382
398
414
413
427
456
456
426
385
376
409
445
481
496
508
520
531
567
577
558
518
461
399
338
304
295
302
322
343
377
427
491
571
650
736
796
801
755
678
614
561
502
424
336
259
209
195
225
289
364
417
440
450
471
487
465
413
333
230
96
-39
-158
-271
-394
-516
-591
-648
-695
-719
-721
-677
-608
-527
-452
-392
-355
-360
-376
-392
-408
-431
-488
-564
-628
-679
-703
-695
-647
-612
-606
-608
-586
-535
-491
-445
-393
-359
-371
-420
-469
-502
-533
-582
-620
-649
-683
-736
-763
-735
-686
-648
-621
-589
-559
-547
-533
-492
-433
-366
-322
-264
-214
-175
-121
-54
14
34
26
18
22
51
94
159
213
218
203
217
288
365
412
456
508
565
595
627
684
740
756
709
661
639
605
549
510
522
555
564
582
630
686
723
752
788
812
786
705
616
567
527
476
420
376
333
283
257
263
280
273
239
180
101
18
-61
-125
-180
-262
-349
-421
-456
-461
-443
-415
-391
-368
-352
-333
-318
-306
-303
-329
-363
-384
-390
-391
-381
-356
-305
-235
-152
-58
29
98
145
188
217
231
234
207
167
114
84
94
123
184
238
278
317
360
415
439
444
437
411
369
303
254
221
190
167
148
148
132
90
62
50
60
56
32
0
-51
-118
-194
-242
-264
-308
-380
-447
-487
-520
-551
-546
-529
-542
-580
-618
-643
-664
-681
-681
-681
-697
-708
-709
-684
-656
-627
-584
-537
-507
-506
-488
-437
-390
-355
-343
-334
-312
-298
-276
-243
-188
-127
-88
-55
-12
55
126
191
248
273
278
268
263
288
330
364
384
419
472
526
573
611
652
673
662
630
581
530
480
435
411
392
350
294
240
214
206
198
177
132
93
59
35
23
17
20
2
-33
-67
-73
-43
-5
9
9
2
-15
-33
-32
-10
7
8
-4
-15
-19
-20
-5
33
72
87
83
95
129
158
192
234
273
277
249
225
216
204
176
147
123
101
72
60
81
120
144
157
177
195
211
213
219
234
244
244
226
206
188
173
160
146
132
122
107
78
45
27
11
-23
-67
-106
-146
-189
-232
-267
-296
-323
-341
-355
-367
-379
-386
-400
-418
-426
-424
-413
-408
-412
-414
-413
-414
-404
-382
-356
-344
-356
-349
-332
-309
-290
-271
-238
-234
-251
-278
-277
-263
-271
-275
-268
-261
-261
-263
-240
-200
-166
-143
-145
-152
-157
-156
-147
-138
-127
-141
-167
-193
-214
-209
-198
-177
-143
-109
-64
-11
59
139
208
263
306
338
347
344
344
344
356
374
392
421
459
506
543
576
608
629
640
633
610
573
517
460
406
363
312
255
216
191
181
181
186
185
181
171
150
127
98
63
29
-7
-28
-33
-35
-24
-8
11
29
39
43
37
21
-5
-27
-41
-49
-58
-69
-66
-59
-55
-50
-41
-35
-32
-39
-53
-56
-59
-72
-87
-96
-106
-120
-129
-138
-151
-167
-181
-187
-189
-192
-198
-196
-189
-181
-172
-142
-104
-89
-87
-81
-68
-63
-67
-72
-66
-58
-68
-74
-64
-45
-32
-36
-47
-60
-85
-120
-144
-159
-168
-180
-196
-207
-209
-209
-208
-194
-179
-170
-165
-163
-154
-133
-104
-67
-18
29
61
72
85
114
139
146
142
137
123
105
84
94
124
137
127
109
101
100
80
70
77
69
43
13
-2
-10
-20
-29
-35
-47
-61
-70
-64
-47
-32
-18
-5
8
0
-11
-7
-1
5
2
9
29
55
79
112
149
182
206
212
211
207
190
160
120
79
57
32
1
-21
-31
-42
-65
-71
-68
-59
-59
-63
-64
-65
-70
-78
-76
-71
-59
-50
-37
-8
23
54
83
111
133
142
146
155
164
171
171
163
155
143
139
139
137
132
122
113
109
110
114
109
88
73
55
41
24
2
-20
-45
-71
-89
-97
-100
-109
-130
-148
-161
-177
-187
-192
-194
-198
-205
-203
-200
-190
-174
-155
-130
-113
-107
-108
-109
-103
-92
-73
-48
-35
-22
-14
-22
-30
-37
-41
-53
-60
-72
-84
-88
-88
-69
-44
-24
-12
-11
-7
2
6
20
45
63
68
71
79
83
86
86
78
67
49
29
25
33
42
57
77
94
101
106
113
123
128
122
118
111
101
88
71
60
51
31
10
-15
-44
-75
-104
-125
-140
-159
-179
-188
-196
-197
-196
-188
-175
-163
-147
-121
-85
-51
-19
8
41
63
83
107
131
152
164
169
172
174
166
158
151
146
141
128
122
122
125
119
114
108
102
86
66
58
52
40
23
15
5
-8
-27
-48
-58
-74
-91
-106
-114
-109
-100
-95
-86
-69
-58
-59
-50
-38
-28
-17
-4
16
28
40
52
68
70
59
44
30
14
-12
-30
-37
-47
-57
-65
-69
-66
-68
-74
-82
-85
-87
-93
-92
-85
-79
-73
-70
-65
-58
-51
-40
-25
-8
8
15
16
23
34
44
49
60
71
75
70
68
76
83
84
73
72
69
60
57
54
61
66
67
69
68
67
67
63
48
32
10
-14
-36
-53
-71
-78
-86
-97
-105
-112
-114
-106
-94
-83
-69
-59
-50
-45
-38
-25
-14
-3
3
6
4
3
7
13
23
24
18
14
9
0
-7
-10
-16
-19
-16
-13
-5
2
7
12
17
18
22
20
18
20
12
2
-13
-23
-22
-23
-20
-15
-8
-5
-2
2
14
20
19
22
29
35
42
44
47
54
53
42
24
8
-5
-16
-24
-24
-17
-10
-5
2
4
11
21
21
21
16
10
2
-3
-3
3
13
15
17
14
11
4
-2
0
-6
-17
-22
-16
-10
-5
10
21
30
34
33
31
31
36
44
50
55
53
45
38
31
19
10
3
-8
-25
-43
-57
-69
-76
-85
-93
-100
-110
-117
-122
-123
-119
-116
-116
-112
-112
-108
-102
-93
-76
-61
-46
-30
-13
8
21
40
64
88
103
114
126
134
140
145
146
148
148
144
137
132
124
111
98
81
72
57
42
27
12
-1
-10
-17
-19
-21
-25
-26
-20
-20
-18
-12
-10
-7
-3
-4
-3
-7
-12
-13
-18
-23
-27
-32
-30
-36
-44
-48
-53
-51
-52
-47
-44
-49
-50
-52
-54
-54
-51
-51
-53
-56
-64
-70
-75
-78
-79
-79
-69
-61
-50
-43
-31
-22
-12
1
11
26
43
59
70
83
93
96
93
83
65
50
41
30
21
20
14
10
10
12
19
21
25
28
26
24
23
25
23
19
11
3
-1
-9
-15
-17
-17
-17
-16
-13
-8
-4
-2
0
1
6
9
9
11
14
8
5
5
0
-6
-3
2
5
6
3
-3
-11
-19
-28
-29
-34
-38
-40
-45
-50
-56
-53
-46
-43
-41
-40
-40
-38
-37
-29
-23
-16
-17
-22
-27
-25
-19
-13
-6
2
2
3
13
27
44
62
73
80
87
89
88
88
88
86
81
73
64
57
50
45
36
29
26
17
9
4
2
2
5
4
1
-6
-12
-16
-19
-19
-15
-12
-12
-12
-16
-21
-21
-24
-23
-16
-13
-12
-5
0
0
2
1
-3
-9
-20
-28
-35
-40
-41
-43
-38
-31
-27
-25
-27
-28
-30
-30
-34
-37
-36
-37
-34
-35
-30
-23
-21
-22
-15
-12
-11
-9
-8
-3
0
3
6
11
13
18
22
26
30
32
35
32
26
23
18
8
2
-6
-13
-20
-26
-27
-25
-20
-17
-8
-1
6
12
19
22
26
28
25
28
22
20
23
24
25
26
30
27
26
25
26
28
31
35
39
43
47
44
41
35
25
18
11
2
-4
-10
-13
-18
-23
-25
-28
-33
-37
-40
-41
-39
-34
-24
-24
-21
-24
-24
-17
-16
-11
-6
-5
-6
-5
-5
-6
-8
-10
-10
-15
-14
-14
-12
-8
-6
-13
-15
-13
-14
-12
-15
-15
-17
-17
-22
-27
-27
-26
-24
-21
-17
-10
-5
0
4
5
9
13
17
25
36
39
45
50
52
51
45
38
27
19
11
5
3
3
-1
-3
1
11
17
20
21
24
19
8
-2
-9
-14
-17
-17
-11
-6
-1
-1
-3
-2
-10
-14
-15
-17
-18
-16
-14
-11
-6
-2
2
8
10
8
6
6
8
5
5
4
-4
-3
4
9
11
13
13
14
15
17
22
25
26
27
29
27
25
19
15
8
-2
-7
-9
-13
-16
-16
-16
-14
-12
-8
-9
-7
-9
-9
-7
-7
-5
-6
-6
-10
-17
-24
-27
-32
-39
-38
-39
-37
-31
-29
-24
-20
-19
-21
-22
-21
-22
-23
-23
-20
-17
-17
-9
-7
-2
0
-3
-5
-7
-9
-12
-11
-7
-3
4
10
17
26
33
36
37
38
44
46
47
48
49
48
43
39
33
32
27
22
19
14
12
8
6
4
0
3
5
2
0
0
-3
-2
-2
-3
-4
-5
-8
-9
-10
-13
-14
-17
-18
-19
-21
-18
-12
-6
-2
2
5
6
5
8
7
4
-2
-5
-6
-9
-6
-9
-12
-14
-20
-23
-25
-25
-22
-16
-9
-6
2
7
9
10
8
7
3
1
-2
-4
-7
-10
-11
-12
-12
-16
-18
-19
-21
-21
-19
-14
-11
-4
1
5
9
12
13
10
8
6
0
-2
0
-2
1
6
7
7
6
6
7
13
16
18
19
20
18
19
22
20
16
12
14
12
13
18
18
18
18
17
14
11
8
4
1
-1
-3
0
3
5
7
10
11
9
8
4
-3
-7
-12
-18
-21
-22
-19
-16
-14
-13
-17
-21
-24
-29
-37
-36
-34
-33
-26
-19
-12
-11
-10
-9
-7
-8
-10
-9
-7
-6
-4
-1
4
8
14
21
26
31
32
30
29
28
23
19
13
11
10
10
12
18
21
22
28
28
23
20
20
15
10
2
-4
-11
-19
-23
-26
-25
-23
-18
-16
-14
-17
-17
-21
-29
-32
-31
-32
-32
-27
-21
-17
-12
-6
-1
1
2
1
0
-5
-7
-10
-14
-12
-9
-12
-7
-2
-2
-5
-5
-7
-7
-9
-6
-2
1
9
16
23
30
35
39
43
47
44
45
44
40
39
34
29
21
14
9
4
2
3
4
6
6
7
8
3
-2
-8
-10
-11
-12
-12
-13
-16
-20
-24
-25
-24
-25
-20
-14
-9
-8
-8
-8
-13
-15
-18
-19
-17
-19
-19
-20
-22
-18
-15
-13
-10
-6
-3
2
3
5
8
10
11
15
10
10
11
5
3
-1
0
0
6
11
13
16
13
8
4
-1
-3
-7
-7
-6
-6
-2
3
9
11
14
15
14
12
11
11
10
10
10
10
7
3
-1
-5
-10
-14
-18
-15
-11
-7
0
7
11
18
22
25
22
18
11
4
-6
-9
-7
-6
0
2
6
10
6
3
2
-2
-7
-8
-9
-10
-10
-13
-12
-12
-9
-10
-11
-11
-12
-19
-19
-16
-13
-10
-8
-3
1
-1
-1
-3
-2
0
4
9
14
19
23
25
22
14
9
5
-2
-8
-12
-13
-15
-15
-16
-15
-15
-14
-10
-9
-5
-1
1
3
6
7
12
15
16
15
11
5
0
-2
-4
-3
-2
-1
1
4
5
5
8
10
12
8
4
-1
-5
-10
-11
-11
-11
-10
-12
-10
-9
-9
-10
-10
-10
-13
-14
-14
-16
-16
-9
0
7
13
16
17
16
14
7
4
-2
-7
-10
-9
-7
-4
-3
0
3
5
7
10
13
16
21
23
22
23
22
18
16
13
9
4
-3
-7
-9
-10
-12
-17
-11
-9
-5
0
0
5
4
7
10
12
13
13
12
10
7
3
1
0
-2
-7
-5
-1
-3
-4
-6
-7
-6
-5
-4
-3
-5
-6
-5
-5
-3
0
-1
0
-3
-6
-8
-5
-4
-4
-2
-3
-1
2
3
4
6
6
5
4
5
8
8
9
9
6
4
5
3
-2
-8
-15
-18
-22
-25
-26
-26
-22
-18
-13
-7
-4
-1
0
-2
-4
-5
-5
-9
-10
-10
-7
-7
-7
-4
-1
2
9
14
20
22
26
28
27
28
24
23
20
16
15
13
10
5
-1
-4
-8
-7
-10
-9
-6
-5
-2
-2
2
2
1
4
3
5
5
6
6
4
2
-1
-5
-7
-8
-9
-9
-9
-10
-11
-15
-20
-23
-26
-26
-25
-22
-15
-8
-1
4
10
15
17
16
15
11
8
5
2
-3
-5
-10
-14
-12
-11
-8
-4
2
9
14
15
14
12
12
10
8
6
9
10
11
11
12
13
15
12
11
9
7
6
4
3
1
-1
-3
-7
-8
-10
-11
-11
-8
-8
-8
-8
-7
-7
-7
-9
-10
-10
-9
-4
2
5
11
13
13
11
9
4
-2
-6
-11
-14
-13
-13
-12
-8
-10
-8
-7
-11
-11
-11
-9
-7
-6
-1
0
3
2
5
6
8
10
11
12
11
11
9
6
2
-3
-5
-7
-9
-10
-7
-7
-8
-5
-2
-3
1
7
13
18
25
27
28
28
24
22
18
11
7
3
0
-3
-8
-10
-16
-19
-20
-18
-17
-16
-15
-14
-12
-9
-9
-6
-4
-1
3
6
9
8
8
11
8
7
8
7
6
6
6
6
4
3
1
1
-1
-3
-5
-11
-15
-16
-18
-19
-17
-13
-9
-2
3
9
13
15
18
18
18
18
17
17
15
13
9
5
1
-3
-7
-15
-17
-20
-20
-22
-22
-20
-19
-16
-11
-5
1
6
6
8
6
5
4
2
2
1
2
8
9
9
9
8
6
3
-1
-2
-4
-7
-8
-8
-8
-8
-8
-7
-6
-7
-7
-5
-5
-3
-1
-1
0
3
4
5
6
4
3
5
4
5
4
5
2
0
-1
-2
-4
-4
-6
-4
-4
-4
-3
-4
-3
-3
-3
0
3
6
8
11
10
8
9
10
9
5
6
6
5
6
7
6
3
2
4
1
4
4
2
3
1
-3
-1
2
1
2
4
3
2
0
1
2
0
1
-1
0
-1
-3
-2
-3
-5
-7
-7
-5
-4
-3
-2
-3
-2
-2
-1
-2
-2
-6
-8
-8
-8
-8
-8
-6
-1
-2
0
2
1
1
-2
-1
1
3
2
4
6
6
8
9
8
7
4
2
-1
-6
-11
-13
-14
-16
-17
-20
-18
-16
-15
-10
-5
0
6
8
13
16
16
19
22
19
19
19
18
18
17
12
8
2
-5
-10
-13
-15
-17
-18
-18
-18
-17
-14
-12
-11
-9
-6
-3
3
8
10
12
15
16
16
17
14
13
11
7
6
2
1
-3
-9
-8
-6
-6
-6
-6
-8
-12
-13
-16
-16
-15
-14
-10
-7
-5
-1
6
9
12
15
18
20
20
17
15
11
9
7
3
-1
-5
-9
-12
-14
-17
-17
-15
-12
-9
-8
-5
-1
1
6
7
11
11
10
12
11
12
10
7
5
2
2
-1
0
-5
-12
-15
-18
-18
-16
-14
-11
-8
-5
0
4
6
6
7
5
3
1
-1
-2
1
0
2
4
3
0
-4
-8
-10
-11
-13
-12
-13
-12
-12
-9
-7
-6
-3
0
3
3
9
13
15
20
22
21
19
15
11
11
9
8
8
10
8
10
8
6
3
-2
-5
-5
-5
-6
-3
-4
-3
-3
-2
-1
0
3
6
10
11
13
13
12
9
5
4
4
4
3
3
3
1
0
-1
-3
-5
-10
-13
-15
-18
-15
-14
-14
-11
-11
-10
-6
-2
-2
0
0
-1
-1
-2
-2
-4
-5
-9
-10
-9
-10
-9
-6
-5
-7
-6
-1
-2
-3
0
4
3
9
12
14
16
15
14
11
7
3
-2
-6
-7
-13
-12
-10
-13
-13
-15
-18
-18
-13
-11
-7
-3
1
4
7
12
13
14
15
15
14
13
14
13
15
16
15
10
5
3
3
5
5
5
3
2
1
-3
-5
-8
-13
-16
-16
-18
-16
-9
-2
6
13
20
23
24
21
14
6
0
-3
-6
-9
-10
-10
-9
-7
-5
-5
-7
-8
-10
-12
-12
-11
-11
-6
-6
-5
-4
-3
-3
-2
-2
-1
3
7
9
11
12
9
9
5
4
0
-2
-3
-5
-6
-4
-4
-4
-3
-3
-4
-2
0
1
-1
-1
-1
-1
0
0
4
2
1
1
1
2
2
4
5
5
0
-1
-4
-9
-11
-12
-11
-9
-4
0
7
10
13
15
15
14
13
10
8
6
3
4
4
4
4
5
1
0
-2
-5
-7
-9
-8
-7
-4
-2
-1
1
2
4
4
6
7
6
5
3
0
-2
-4
-7
-9
-10
-10
-10
-10
-10
-9
-6
-1
2
5
10
13
14
15
18
19
17
12
7
0
-5
-12
-17
-19
-18
-16
-11
-5
-2
-2
1
3
4
3
1
0
-3
-5
-6
-3
-2
0
5
8
11
12
13
14
14
14
12
11
4
-3
-10
-16
-21
-22
-23
-20
-18
-15
-10
-8
-7
-6
-7
-7
-5
-5
-3
2
3
5
8
8
8
7
3
2
0
-3
-6
-8
-9
-9
-10
-9
-7
-7
-4
-1
2
6
10
12
12
14
16
16
16
19
19
23
26
25
25
22
17
10
1
-5
-12
-19
-22
-25
-25
-22
-20
-17
-14
-10
-5
-1
1
4
6
8
11
13
13
14
12
12
12
9
4
-2
-3
-7
-11
-11
-13
-15
-14
-13
-15
-13
-11
-11
-10
-7
-5
-3
-1
3
8
9
15
18
25
28
28
28
22
15
6
-3
-11
-20
-25
-27
-26
-23
-21
-18
-17
-14
-14
-10
-5
-2
1
2
6
9
11
15
22
22
27
32
29
26
19
10
0
-8
-18
-25
-31
-36
-39
-39
-36
-31
-24
-17
-10
-4
4
9
15
20
26
33
36
40
38
36
32
26
19
14
10
4
-2
-6
-12
-19
-23
-24
-26
-26
-25
-22
-18
-16
-12
-9
-6
-1
3
9
13
17
21
25
26
21
19
14
9
5
-1
-5
-8
-10
-13
-16
-17
-15
-14
-11
-7
-5
-2
1
2
4
8
14
16
20
23
25
26
23
25
21
15
8
0
-9
-17
-24
-29
-32
-33
-33
-33
-27
-23
-18
-11
-5
0
5
11
15
18
19
21
23
21
17
10
4
-4
-11
-16
-20
-21
-22
-22
-21
-18
-19
-18
-15
-15
-11
-10
-7
-2
2
5
8
12
14
17
19
21
22
24
23
19
17
12
7
3
-3
-7
-12
-15
-17
-21
-20
-19
-19
-18
-14
-10
-6
0
9
13
21
25
30
33
33
30
27
23
18
13
6
0
-6
-11
-13
-16
-19
-20
-20
-19
-19
-16
-14
-10
-7
-3
1
4
5
8
8
10
7
10
11
10
9
7
4
-2
-5
-10
-11
-11
-7
-5
-3
-2
-4
-6
-8
-8
-9
-11
-10
-8
-4
1
7
11
16
16
16
14
12
10
8
6
4
2
-1
-5
-10
-13
-14
-15
-15
-11
-8
-4
2
6
10
13
14
13
12
12
9
8
8
7
5
5
5
5
2
0
-3
-8
-13
-13
-15
-13
-10
-7
-1
5
6
9
8
7
5
3
2
0
1
2
1
1
0
-1
-2
-5
-8
-10
-12
-13
-13
-12
-10
-9
-9
-6
-4
-4
-2
0
1
1
0
0
3
6
9
12
15
17
17
16
14
11
4
-1
-6
-9
-12
-12
-11
-12
-10
-10
-10
-9
-7
-6
-5
-2
0
3
4
8
11
11
11
10
10
9
9
8
7
7
2
-2
-7
-10
-16
-20
-19
-19
-16
-12
-7
2
10
18
24
28
32
32
30
29
23
16
9
1
-8
-16
-23
-28
-31
-33
-35
-31
-27
-22
-15
-6
1
6
11
14
18
18
20
23
23
23
22
20
16
10
5
0
-6
-12
-18
-23
-27
-29
-29
-30
-28
-23
-19
-15
-8
-2
6
12
18
24
26
27
30
30
27
24
21
16
10
7
0
-5
-12
-18
-21
-25
-25
-27
-25
-24
-21
-16
-9
-2
6
12
18
22
23
27
28
27
27
25
23
19
16
8
1
-7
-16
-23
-27
-31
-35
-36
-35
-31
-26
-21
-14
-9
-3
2
7
12
16
19
22
23
23
25
24
21
19
14
9
4
-3
-10
-15
-23
-29
-33
-36
-35
-35
-31
-23
-15
-6
4
16
24
34
39
43
46
46
46
44
41
35
27
15
4
-7
-18
-27
-35
-42
-43
-45
-44
-41
-38
-31
-24
-15
-6
2
11
18
26
31
36
40
41
42
41
36
28
17
7
-5
-17
-27
-36
-44
-51
-55
-55
-53
-51
-47
-40
-34
-24
-11
1
13
27
40
49
57
61
63
60
55
48
38
26
13
2
-11
-20
-31
-40
-48
-53
-57
-57
-51
-43
-35
-23
-11
2
13
27
36
44
51
55
59
59
56
52
44
33
20
10
-4
-17
-28
-39
-49
-56
-59
-61
-59
-55
-48
-39
-25
-12
1
14
27
37
43
48
48
46
43
39
34
30
22
15
7
-2
-12
-23
-33
-41
-47
-51
-51
-51
-49
-43
-34
-23
-10
2
17
28
40
50
56
59
59
57
51
43
32
19
7
-5
-21
-32
-41
-49
-54
-55
-55
-51
-43
-37
-25
-15
-6
3
12
21
29
36
43
48
48
49
47
40
31
20
8
-3
-15
-24
-33
-40
-44
-46
-47
-45
-40
-33
-28
-17
-10
1
11
21
30
38
43
49
52
53
51
48
41
33
25
16
4
-7
-21
-34
-46
-54
-57
-59
-57
-53
-48
-39
-30
-18
-5
5
15
27
37
44
50
55
56
50
44
34
23
9
-5
-16
-27
-39
-45
-51
-53
-51
-46
-39
-33
-22
-11
-2
9
20
28
34
40
41
39
36
30
24
17
12
6
0
-4
-9
-13
-16
-19
-19
-19
-18
-18
-14
-10
-5
0
3
6
8
10
9
9
8
9
10
11
11
13
13
11
8
2
-3
-7
-12
-17
-22
-26
-29
-29
-28
-26
-22
-17
-13
-7
-1
3
8
11
13
15
21
23
24
25
25
21
20
15
9
4
-2
-10
-12
-17
-19
-19
-19
-16
-13
-10
-5
1
7
10
12
13
14
13
12
10
9
7
8
6
6
6
4
3
1
-1
-2
-3
-4
-5
-5
-4
-4
-4
-3
-3
1
1
3
7
9
11
12
11
10
9
7
4
0
-4
-6
-11
-13
-16
-17
-20
-22
-24
-26
-24
-22
-17
-12
-6
1
7
13
17
19
19
18
15
12
9
7
5
3
0
-2
-4
-6
-9
-11
-15
-17
-18
-18
-16
-14
-11
-6
-1
4
9
14
17
20
22
23
22
22
23
20
18
15
12
6
1
-4
-8
-11
-13
-15
-18
-16
-16
-16
-14
-14
-11
-8
-5
-3
2
5
9
12
15
17
18
18
16
14
12
7
4
2
-1
-4
-9
-11
-14
-16
-18
-17
-19
-19
-17
-16
-14
-9
-4
2
7
13
16
17
19
16
12
7
3
1
-3
-5
-7
-8
-10
-12
-15
-17
-19
-20
-21
-21
-19
-16
-12
-9
-1
6
12
16
